100 1.0 0.0 0.0 0.0 0.0 0.0 0.0 0.0 0.0 0.0 0.0 0.0 0.0 0.0 0.0 1.0 0.0 0.0 0.0 0.0 0.0 0.0 0.0 0.0 0.0 0.0 0.0 0.0 0.0 0.0 0.0 0.0
105 0.0 2.0 0.0 0.0 0.0 0.0 0.0 0.0 1.0 0.0 0.0 0.0 0.0 0.0 0.0 0.0 0.0 0.0 0.0 0.0 0.0 0.0 1.0 1.0 0.0 0.0 0.0 1.0 0.0 0.0 0.0 0.0
110 1.0 0.0 0.0 0.0 0.0 0.0 0.0 0.0 1.0 0.0 0.0 0.0 0.0 0.0 0.0 0.0 0.0 0.0 1.0 0.0 0.0 0.0 0.0 0.0 0.0 1.0 0.0 1.0 0.0 1.0 1.0 1.0
115 1.0 1.0 3.0 1.0 1.0 1.0 2.0 2.0 0.0 3.0 5.0 4.0 1.0 0.0 0.0 1.0 1.0 0.0 1.0 0.0 1.0 0.0 1.0 0.0 0.0 0.0 0.0 4.0 0.0 2.0 0.0 1.0
120 4.0 12.0 2.0 2.0 1.0 0.0 5.0 8.0 2.0 2.0 6.0 7.0 3.0 3.0 4.0 5.0 8.0 0.0 7.0 4.0 11.0 2.0 3.0 5.0 7.0 0.0 1.0 9.0 3.0 5.0 1.0 3.0
125 17.0 32.0 19.0 11.0 9.0 14.0 22.0 31.0 8.0 9.0 15.0 18.0 10.0 9.0 11.0 14.0 15.0 5.0 13.0 8.0 22.0 8.0 5.0 15.0 19.0 10.0 3.0 24.0 11.0 10.0 4.0 2.0
130 141.0 198.0 140.0 131.0 50.0 98.0 170.0 237.0 63.0 117.0 98.0 152.0 77.0 59.0 85.0 127.0 119.0 37.0 144.0 110.0 166.0 69.0 60.0 104.0 173.0 70.0 62.0 196.0 67.0 86.0 67.0 63.0
135 412.0 640.0 420.0 359.0 184.0 330.0 417.0 639.0 215.0 350.0 328.0 500.0 348.0 292.0 311.0 472.0 409.0 180.0 395.0 352.0 485.0 300.0 223.0 313.0 499.0 329.0 267.0 550.0 293.0 329.0 278.0 260.0
140 4035.0 5434.0 3923.0 3082.0 1830.0 3432.0 3073.0 6125.0 1995.0 3903.0 2651.0 4492.0 2994.0 1915.0 2843.0 3188.0 3592.0 1486.0 3480.0 3085.0 5212.0 2432.0 1988.0 3103.0 4493.0 2202.0 1772.0 4771.0 2014.0 2245.0 2024.0 1648.0
145 16004.0 20754.0 16809.0 14809.0 11773.0 14614.0 13639.0 21203.0 10781.0 15792.0 13905.0 16997.0 15709.0 12907.0 14102.0 16187.0 15654.0 10754.0 14807.0 14575.0 17890.0 14060.0 11768.0 14950.0 16960.0 14425.0 11964.0 18178.0 12923.0 12248.0 13320.0 10963.0
150 13130649.0 13099626.0 13094309.0 13071316.0 13092596.0 13089353.0 13063182.0 13096239.0 13072252.0 13091008.0 13069071.0 13076230.0 13088114.0 13075410.0 13091842.0 13059097.0 13075788.0 13075630.0 13074496.0 13079849.0 13091975.0 13079137.0 13057590.0 13084664.0 13058002.0 13073418.0 13048532.0 13065396.0 13065115.0 13052833.0 13071330.0 13060530.0
155 17595878.0 17583317.0 17576028.0 17558479.0 17573220.0 17558188.0 17566492.0 17556386.0 17566180.0 17557898.0 17566526.0 17557879.0 17568519.0 17567137.0 17566594.0 17557634.0 17565911.0 17565883.0 17564577.0 17565156.0 17556946.0 17564335.0 17556514.0 17562756.0 17552772.0 17563379.0 17555028.0 17560406.0 17556915.0 17561527.0 17564998.0 17564948.0
160 18021667.0 18014990.0 18010398.0 17999538.0 18008147.0 17999519.0 18004893.0 17998922.0 18003968.0 17999438.0 18004067.0 17999510.0 18004986.0 18003697.0 18003736.0 17999124.0 18003390.0 18003499.0 18003341.0 18003369.0 17999108.0 18003093.0 17998933.0 18002163.0 17997921.0 18002998.0 17998708.0 18001976.0 17998976.0 18002263.0 18004365.0 18004775.0
165 18564961.0 18565550.0 18564155.0 18559646.0 18563232.0 18559713.0 18563079.0 18559132.0 18562637.0 18559803.0 18562657.0 18559549.0 18562946.0 18562862.0 18562726.0 18559097.0 18562800.0 18562772.0 18562575.0 18562316.0 18559190.0 18562294.0 18558951.0 18561768.0 18558435.0 18562261.0 18558761.0 18561964.0 18558983.0 18562559.0 18562547.0 18562718.0
170 18721384.0 18720668.0 18717536.0 18711940.0 18716200.0 18710919.0 18715357.0 18708334.0 18714178.0 18711059.0 18713713.0 18713030.0 18714061.0 18713085.0 18712991.0 18712053.0 18712924.0 18712918.0 18712154.0 18711759.0 18708209.0 18710815.0 18708107.0 18710158.0 18705804.0 18710334.0 18707415.0 18709732.0 18707439.0 18710155.0 18710384.0 18710743.0
175 12873272.0 12823712.0 12773563.0 12516258.0 12582469.0 12320106.0 12755189.0 12271906.0 12627562.0 12273734.0 12675675.0 12548904.0 12671177.0 12696719.0 12610947.0 12699035.0 12656686.0 12612931.0 12570255.0 12667255.0 12293853.0 12498815.0 12499534.0 12418698.0 12424109.0 12490874.0 12526234.0 12610346.0 12382134.0 12680281.0 12609168.0 12687982.0
180 10430389.0 10482683.0 10520416.0 10667819.0 10350220.0 10460674.0 10558786.0 10395704.0 10479738.0 10355220.0 10540604.0 10738215.0 10529204.0 10587538.0 10481988.0 10913101.0 10528148.0 10462319.0 10404266.0 10549307.0 10351540.0 10318527.0 10690213.0 10226216.0 10567773.0 10281867.0 10707534.0 10461534.0 10486876.0 10520608.0 10411277.0 10463866.0
185 409168.0 455300.0 456911.0 444247.0 350027.0 340839.0 436602.0 335499.0 415175.0 309942.0 406054.0 415539.0 425364.0 407556.0 372555.0 471862.0 405456.0 371289.0 359087.0 411224.0 334892.0 338975.0 379770.0 309708.0 362236.0 348121.0 400608.0 426701.0 334542.0 381085.0 376952.0 371342.0
190 145521.0 195808.0 175982.0 168252.0 143049.0 145847.0 156134.0 179410.0 146632.0 150880.0 164563.0 168401.0 172790.0 168899.0 148426.0 185737.0 169788.0 149916.0 156918.0 160106.0 157926.0 162996.0 150222.0 152266.0 168915.0 175080.0 157533.0 182503.0 162383.0 152579.0 160449.0 154831.0
195 145208.0 194412.0 175354.0 162988.0 141568.0 144771.0 154286.0 179134.0 144257.0 150226.0 164139.0 165562.0 171604.0 168612.0 147177.0 182244.0 169989.0 147446.0 156104.0 158213.0 156136.0 162543.0 147392.0 152678.0 168129.0 174939.0 154393.0 180794.0 160721.0 151118.0 157892.0 153936.0
200 143683.0 193339.0 173458.0 162767.0 139889.0 143814.0 153960.0 178812.0 142273.0 149370.0 162979.0 163534.0 170922.0 165855.0 145742.0 182210.0 168303.0 145683.0 154839.0 156523.0 155440.0 160340.0 146260.0 149530.0 166910.0 171799.0 152672.0 179472.0 157590.0 149817.0 156536.0 152120.0
205 138949.0 190858.0 169442.0 158736.0 122869.0 136648.0 153353.0 172569.0 135776.0 141407.0 158904.0 160614.0 162487.0 155073.0 137870.0 177066.0 163842.0 124728.0 151109.0 150579.0 150157.0 141820.0 138076.0 140905.0 164220.0 148260.0 146696.0 176796.0 138174.0 146301.0 143825.0 141899.0
210 103802.0 171829.0 136152.0 129533.0 49623.0 90218.0 142946.0 131975.0 86559.0 90324.0 124603.0 133460.0 104007.0 84020.0 86150.0 131403.0 128378.0 44909.0 122137.0 106387.0 106735.0 69657.0 86055.0 82538.0 142431.0 67000.0 98715.0 157615.0 63023.0 115903.0 77973.0 88660.0
215 27604.0 78406.0 43237.0 44585.0 6521.0 17563.0 79698.0 40026.0 18515.0 19010.0 37407.0 47752.0 19319.0 12826.0 18363.0 39353.0 34271.0 5980.0 37071.0 24698.0 29117.0 11471.0 15594.0 15068.0 55549.0 10437.0 19235.0 75016.0 9892.0 37987.0 12782.0 20705.0
220 4690.0 10199.0 6311.0 6307.0 3355.0 4103.0 11093.0 6584.0 4056.0 4408.0 5790.0 6496.0 4730.0 4463.0 4321.0 6679.0 5673.0 3417.0 5421.0 4826.0 5300.0 4215.0 4012.0 4423.0 7371.0 4556.0 4315.0 10459.0 4193.0 5903.0 4364.0 4486.0
225 3245.0 5344.0 4378.0 4001.0 2715.0 3179.0 4441.0 4688.0 2936.0 3476.0 4142.0 4187.0 3909.0 3472.0 3277.0 4695.0 4159.0 2555.0 3954.0 3768.0 3633.0 3309.0 3262.0 3407.0 4472.0 3462.0 3520.0 4988.0 3120.0 3798.0 3348.0 3374.0
230 2651.0 4428.0 3426.0 3288.0 2098.0 2465.0 3436.0 3751.0 2233.0 2684.0 3271.0 3451.0 3009.0 2631.0 2646.0 3821.0 3356.0 2050.0 3106.0 2783.0 2773.0 2500.0 2520.0 2650.0 3596.0 2790.0 2571.0 4036.0 2551.0 3041.0 2633.0 2792.0
235 2155.0 3451.0 2752.0 2547.0 1883.0 2079.0 2781.0 3119.0 1901.0 2256.0 2737.0 2694.0 2588.0 2430.0 2296.0 3106.0 2647.0 1915.0 2621.0 2327.0 2420.0 2356.0 2174.0 2481.0 2837.0 2497.0 2121.0 3202.0 2375.0 2528.0 2391.0 2443.0
240 2030.0 3285.0 2615.0 2449.0 1768.0 2002.0 2521.0 2813.0 1765.0 2185.0 2623.0 2489.0 2412.0 2285.0 2184.0 2999.0 2610.0 1798.0 2412.0 2328.0 2236.0 2212.0 2048.0 2340.0 2787.0 2409.0 2113.0 3000.0 2197.0 2402.0 2195.0 2357.0
245 2017.0 3178.0 2545.0 2296.0 1656.0 1904.0 2514.0 2670.0 1718.0 1936.0 2478.0 2348.0 2228.0 2083.0 2062.0 2864.0 2496.0 1579.0 2309.0 2141.0 2163.0 1971.0 1982.0 2144.0 2619.0 2237.0 2059.0 2922.0 2024.0 2254.0 2107.0 2135.0
250 1861.0 2870.0 2335.0 2182.0 1124.0 1606.0 2297.0 2497.0 1477.0 1774.0 2180.0 2186.0 2027.0 1679.0 1757.0 2489.0 2286.0 993.0 2198.0 1919.0 1915.0 1554.0 1645.0 1916.0 2402.0 1533.0 1773.0 2712.0 1412.0 2180.0 1593.0 1721.0
255 1438.0 2773.0 1903.0 1795.0 441.0 1152.0 2158.0 2071.0 948.0 1218.0 1874.0 1850.0 1429.0 823.0 1175.0 2090.0 1836.0 324.0 1792.0 1347.0 1602.0 778.0 1036.0 1182.0 2179.0 748.0 1105.0 2275.0 661.0 1732.0 878.0 1091.0
260 735.0 1873.0 1056.0 1056.0 98.0 434.0 1763.0 1179.0 324.0 549.0 932.0 1273.0 482.0 223.0 426.0 1098.0 951.0 71.0 1096.0 569.0 843.0 236.0 294.0 414.0 1483.0 213.0 386.0 1805.0 152.0 901.0 238.0 427.0
265 198.0 754.0 254.0 307.0 49.0 82.0 803.0 366.0 69.0 119.0 248.0 376.0 117.0 72.0 103.0 283.0 184.0 41.0 244.0 142.0 223.0 84.0 82.0 103.0 436.0 90.0 85.0 694.0 71.0 239.0 77.0 106.0
270 82.0 165.0 85.0 76.0 30.0 48.0 169.0 111.0 47.0 73.0 82.0 94.0 70.0 59.0 71.0 105.0 92.0 40.0 86.0 60.0 85.0 54.0 46.0 70.0 115.0 60.0 68.0 176.0 55.0 101.0 65.0 83.0
275 35.0 101.0 59.0 68.0 35.0 38.0 79.0 76.0 32.0 47.0 80.0 60.0 75.0 41.0 59.0 77.0 69.0 25.0 72.0 56.0 63.0 48.0 54.0 58.0 72.0 50.0 46.0 83.0 54.0 61.0 56.0 52.0
280 48.0 78.0 56.0 55.0 37.0 41.0 69.0 65.0 30.0 42.0 53.0 58.0 57.0 45.0 52.0 69.0 58.0 22.0 56.0 55.0 52.0 40.0 54.0 52.0 59.0 53.0 62.0 74.0 45.0 56.0 38.0 56.0
285 48.0 78.0 55.0 47.0 30.0 44.0 62.0 74.0 39.0 43.0 47.0 51.0 48.0 50.0 45.0 76.0 50.0 29.0 58.0 34.0 50.0 44.0 41.0 43.0 60.0 50.0 39.0 57.0 48.0 55.0 52.0 53.0
290 45.0 68.0 49.0 52.0 25.0 33.0 62.0 48.0 31.0 35.0 46.0 60.0 47.0 36.0 38.0 69.0 64.0 23.0 49.0 49.0 42.0 34.0 37.0 48.0 48.0 33.0 33.0 62.0 42.0 70.0 39.0 48.0
295 31.0 58.0 44.0 47.0 23.0 30.0 55.0 60.0 18.0 31.0 43.0 51.0 45.0 26.0 35.0 65.0 53.0 10.0 63.0 26.0 36.0 18.0 38.0 37.0 62.0 25.0 29.0 57.0 14.0 35.0 27.0 36.0
300 24.0 55.0 39.0 30.0 6.0 18.0 55.0 44.0 12.0 18.0 43.0 36.0 21.0 13.0 22.0 39.0 36.0 8.0 41.0 21.0 35.0 10.0 17.0 26.0 49.0 9.0 19.0 39.0 9.0 25.0 12.0 21.0
305 21.0 46.0 19.0 23.0 1.0 9.0 42.0 25.0 7.0 10.0 40.0 24.0 12.0 1.0 14.0 28.0 24.0 0.0 19.0 12.0 13.0 2.0 4.0 7.0 31.0 6.0 9.0 42.0 2.0 22.0 6.0 10.0
310 4.0 38.0 12.0 13.0 1.0 3.0 23.0 10.0 2.0 3.0 11.0 14.0 1.0 1.0 1.0 8.0 4.0 1.0 14.0 2.0 12.0 2.0 1.0 3.0 19.0 0.0 2.0 24.0 1.0 14.0 0.0 1.0
315 3.0 6.0 8.0 1.0 2.0 2.0 13.0 4.0 0.0 4.0 3.0 6.0 2.0 0.0 3.0 2.0 3.0 1.0 4.0 1.0 5.0 3.0 0.0 0.0 7.0 1.0 1.0 8.0 0.0 4.0 1.0 0.0
320 3.0 7.0 1.0 0.0 1.0 2.0 3.0 1.0 0.0 4.0 2.0 3.0 0.0 1.0 1.0 2.0 0.0 1.0 2.0 2.0 3.0 3.0 0.0 3.0 1.0 1.0 1.0 5.0 0.0 1.0 1.0 1.0
325 1.0 2.0 1.0 2.0 0.0 0.0 2.0 4.0 0.0 0.0 3.0 2.0 2.0 2.0 0.0 4.0 1.0 1.0 0.0 1.0 0.0 0.0 0.0 3.0 3.0 0.0 0.0 3.0 1.0 1.0 1.0 0.0
330 3.0 2.0 0.0 4.0 0.0 0.0 3.0 1.0 0.0 0.0 4.0 2.0 0.0 1.0 1.0 2.0 4.0 1.0 1.0 2.0 2.0 3.0 0.0 0.0 1.0 0.0 1.0 1.0 3.0 2.0 0.0 1.0
335 1.0 0.0 0.0 1.0 1.0 0.0 1.0 1.0 0.0 1.0 1.0 1.0 1.0 2.0 2.0 2.0 5.0 0.0 4.0 1.0 2.0 1.0 1.0 2.0 2.0 0.0 0.0 1.0 1.0 0.0 0.0 2.0
340 0.0 3.0 2.0 2.0 0.0 2.0 1.0 2.0 1.0 0.0 0.0 1.0 0.0 0.0 1.0 1.0 0.0 0.0 0.0 0.0 1.0 1.0 0.0 0.0 0.0 0.0 1.0 2.0 1.0 1.0 0.0 0.0
345 1.0 2.0 0.0 1.0 0.0 1.0 1.0 1.0 0.0 1.0 2.0 3.0 0.0 1.0 2.0 1.0 0.0 0.0 0.0 1.0 1.0 1.0 0.0 1.0 0.0 0.0 1.0 1.0 0.0 0.0 0.0 0.0
350 0.0 3.0 1.0 0.0 0.0 0.0 0.0 0.0 0.0 0.0 0.0 0.0 1.0 0.0 0.0 1.0 2.0 0.0 1.0 0.0 0.0 0.0 0.0 0.0 0.0 0.0 0.0 2.0 0.0 0.0 0.0 0.0
355 0.0 0.0 0.0 0.0 0.0 0.0 0.0 1.0 0.0 0.0 0.0 2.0 0.0 0.0 1.0 0.0 0.0 0.0 1.0 0.0 0.0 0.0 0.0 0.0 0.0 0.0 0.0 2.0 0.0 1.0 0.0 0.0
360 0.0 1.0 1.0 0.0 0.0 0.0 0.0 0.0 0.0 0.0 0.0 0.0 1.0 0.0 0.0 1.0 0.0 0.0 0.0 0.0 1.0 0.0 1.0 0.0 0.0 0.0 0.0 0.0 0.0 0.0 0.0 0.0
365 0.0 1.0 1.0 0.0 0.0 0.0 1.0 0.0 0.0 0.0 1.0 0.0 0.0 0.0 0.0 0.0 0.0 0.0 0.0 0.0 0.0 0.0 0.0 0.0 1.0 0.0 0.0 0.0 0.0 0.0 0.0 1.0
370 1.0 0.0 0.0 0.0 0.0 1.0 0.0 0.0 0.0 1.0 0.0 0.0 0.0 1.0 1.0 1.0 1.0 0.0 0.0 0.0 0.0 0.0 0.0 0.0 0.0 0.0 0.0 0.0 0.0 0.0 0.0 0.0
375 1.0 0.0 0.0 0.0 0.0 0.0 1.0 0.0 0.0 0.0 0.0 0.0 1.0 0.0 0.0 0.0 0.0 0.0 0.0 1.0 0.0 0.0 0.0 0.0 1.0 0.0 0.0 0.0 0.0 1.0 0.0 0.0
380 0.0 0.0 0.0 0.0 0.0 0.0 0.0 0.0 0.0 0.0 0.0 1.0 0.0 0.0 0.0 0.0 0.0 0.0 0.0 0.0 0.0 0.0 0.0 0.0 0.0 0.0 0.0 1.0 0.0 0.0 0.0 0.0
385 0.0 0.0 0.0 0.0 0.0 0.0 0.0 0.0 0.0 0.0 1.0 0.0 0.0 1.0 0.0 0.0 0.0 0.0 0.0 1.0 0.0 1.0 0.0 0.0 1.0 0.0 0.0 0.0 0.0 0.0 0.0 0.0
390 0.0 0.0 0.0 0.0 0.0 0.0 0.0 0.0 0.0 0.0 0.0 1.0 1.0 1.0 0.0 0.0 0.0 0.0 0.0 0.0 0.0 0.0 0.0 0.0 0.0 0.0 0.0 0.0 0.0 0.0 0.0 0.0
395 0.0 0.0 0.0 0.0 0.0 0.0 0.0 0.0 0.0 0.0 0.0 0.0 0.0 0.0 0.0 0.0 0.0 0.0 0.0 0.0 0.0 0.0 0.0 0.0 0.0 0.0 0.0 0.0 0.0 0.0 0.0 0.0
400 2.0 0.0 1.0 0.0 0.0 1.0 1.0 0.0 0.0 0.0 1.0 0.0 0.0 0.0 0.0 0.0 1.0 0.0 0.0 0.0 1.0 0.0 0.0 0.0 1.0 0.0 0.0 0.0 0.0 0.0 0.0 0.0
405 0.0 0.0 0.0 0.0 0.0 0.0 0.0 0.0 0.0 0.0 0.0 0.0 0.0 0.0 0.0 0.0 0.0 0.0 0.0 0.0 0.0 0.0 0.0 0.0 0.0 0.0 0.0 0.0 0.0 0.0 0.0 0.0
410 0.0 0.0 0.0 0.0 0.0 0.0 0.0 0.0 0.0 0.0 1.0 0.0 0.0 1.0 1.0 1.0 0.0 0.0 0.0 1.0 0.0 0.0 1.0 0.0 0.0 0.0 0.0 0.0 0.0 0.0 0.0 0.0
415 0.0 0.0 0.0 0.0 0.0 0.0 0.0 0.0 0.0 0.0 0.0 0.0 0.0 0.0 0.0 0.0 0.0 0.0 0.0 0.0 0.0 0.0 0.0 0.0 0.0 0.0 0.0 1.0 0.0 0.0 0.0 0.0
420 0.0 0.0 0.0 0.0 0.0 0.0 0.0 0.0 0.0 0.0 0.0 0.0 0.0 0.0 0.0 0.0 0.0 0.0 0.0 0.0 0.0 0.0 0.0 0.0 0.0 0.0 0.0 0.0 0.0 0.0 0.0 0.0
425 0.0 0.0 0.0 0.0 0.0 0.0 1.0 0.0 0.0 0.0 0.0 0.0 0.0 0.0 0.0 0.0 0.0 0.0 0.0 0.0 0.0 0.0 1.0 0.0 1.0 0.0 1.0 0.0 1.0 0.0 0.0 1.0
430 0.0 0.0 0.0 1.0 0.0 0.0 0.0 0.0 1.0 0.0 0.0 1.0 0.0 0.0 0.0 0.0 0.0 0.0 1.0 1.0 0.0 0.0 0.0 1.0 0.0 0.0 0.0 0.0 0.0 0.0 1.0 0.0
435 0.0 0.0 0.0 0.0 0.0 0.0 0.0 0.0 0.0 0.0 0.0 0.0 1.0 1.0 0.0 0.0 0.0 1.0 0.0 0.0 0.0 0.0 0.0 0.0 0.0 1.0 0.0 0.0 0.0 0.0 0.0 0.0
440 0.0 0.0 0.0 0.0 0.0 0.0 1.0 0.0 0.0 0.0 0.0 0.0 0.0 0.0 0.0 0.0 0.0 0.0 0.0 0.0 0.0 0.0 0.0 0.0 0.0 0.0 0.0 0.0 0.0 0.0 0.0 0.0
445 0.0 0.0 0.0 0.0 0.0 0.0 0.0 0.0 0.0 0.0 0.0 0.0 0.0 0.0 0.0 1.0 0.0 0.0 0.0 1.0 0.0 1.0 0.0 1.0 0.0 0.0 0.0 0.0 0.0 0.0 0.0 0.0
450 0.0 0.0 0.0 0.0 0.0 0.0 0.0 1.0 0.0 0.0 0.0 1.0 0.0 0.0 0.0 0.0 0.0 0.0 0.0 0.0 0.0 0.0 0.0 1.0 0.0 0.0 0.0 0.0 1.0 0.0 1.0 0.0
455 0.0 0.0 0.0 0.0 0.0 0.0 0.0 0.0 0.0 0.0 0.0 0.0 0.0 0.0 0.0 0.0 0.0 1.0 0.0 0.0 0.0 0.0 0.0 0.0 0.0 0.0 0.0 0.0 0.0 0.0 0.0 0.0
460 0.0 0.0 0.0 1.0 0.0 0.0 1.0 0.0 1.0 0.0 1.0 0.0 0.0 0.0 0.0 0.0 0.0 0.0 0.0 0.0 0.0 0.0 1.0 0.0 0.0 0.0 0.0 0.0 0.0 1.0 0.0 0.0
465 0.0 0.0 1.0 0.0 0.0 0.0 0.0 0.0 0.0 0.0 0.0 0.0 0.0 0.0 0.0 1.0 0.0 0.0 0.0 0.0 0.0 0.0 0.0 0.0 0.0 0.0 0.0 0.0 0.0 0.0 0.0 0.0
470 0.0 1.0 0.0 0.0 0.0 0.0 0.0 0.0 1.0 0.0 1.0 0.0 0.0 0.0 0.0 0.0 0.0 0.0 0.0 0.0 0.0 0.0 0.0 0.0 0.0 0.0 0.0 0.0 0.0 0.0 0.0 0.0
475 0.0 0.0 0.0 0.0 0.0 0.0 0.0 0.0 0.0 0.0 0.0 0.0 0.0 0.0 0.0 0.0 0.0 0.0 0.0 0.0 0.0 0.0 1.0 0.0 0.0 0.0 0.0 0.0 1.0 0.0 0.0 1.0
480 0.0 0.0 0.0 0.0 0.0 0.0 0.0 1.0 0.0 0.0 0.0 0.0 0.0 0.0 0.0 0.0 0.0 0.0 0.0 0.0 0.0 0.0 0.0 0.0 1.0 0.0 0.0 0.0 0.0 0.0 0.0 0.0
485 0.0 0.0 0.0 0.0 0.0 0.0 0.0 0.0 0.0 1.0 0.0 0.0 0.0 0.0 0.0 0.0 0.0 0.0 1.0 0.0 0.0 0.0 0.0 0.0 0.0 1.0 0.0 0.0 0.0 0.0 0.0 1.0
490 0.0 0.0 0.0 0.0 0.0 0.0 0.0 0.0 0.0 0.0 0.0 0.0 0.0 0.0 0.0 0.0 1.0 0.0 0.0 0.0 0.0 0.0 0.0 0.0 0.0 0.0 0.0 0.0 0.0 0.0 1.0 0.0
495 0.0 0.0 0.0 0.0 0.0 0.0 0.0 1.0 0.0 0.0 0.0 0.0 0.0 0.0 0.0 0.0 0.0 0.0 0.0 0.0 1.0 0.0 0.0 0.0 0.0 1.0 0.0 0.0 0.0 1.0 0.0 0.0
