100 0.0 0.0 0.0 0.0 0.0 1.0 0.0 0.0 0.0 0.0 0.0 0.0 0.0 0.0 0.0 0.0 0.0 0.0 0.0 0.0 0.0 0.0 0.0 0.0 0.0 0.0 0.0 0.0 0.0 0.0 0.0 0.0
105 0.0 0.0 0.0 0.0 1.0 0.0 0.0 0.0 0.0 0.0 0.0 0.0 0.0 0.0 1.0 0.0 0.0 1.0 1.0 0.0 0.0 0.0 0.0 0.0 0.0 0.0 0.0 0.0 0.0 0.0 0.0 0.0
110 0.0 0.0 0.0 0.0 0.0 0.0 0.0 0.0 0.0 0.0 0.0 0.0 0.0 0.0 0.0 0.0 0.0 0.0 0.0 1.0 0.0 0.0 0.0 0.0 1.0 2.0 0.0 0.0 0.0 0.0 0.0 0.0
115 0.0 1.0 0.0 0.0 0.0 0.0 0.0 0.0 0.0 0.0 0.0 1.0 0.0 0.0 0.0 0.0 0.0 0.0 0.0 2.0 0.0 0.0 0.0 1.0 0.0 0.0 0.0 1.0 0.0 1.0 0.0 0.0
120 0.0 0.0 1.0 0.0 0.0 0.0 0.0 0.0 0.0 0.0 0.0 1.0 1.0 0.0 0.0 0.0 0.0 0.0 0.0 0.0 0.0 1.0 0.0 0.0 0.0 0.0 0.0 0.0 0.0 0.0 1.0 0.0
125 0.0 0.0 1.0 2.0 0.0 0.0 0.0 0.0 1.0 1.0 1.0 0.0 0.0 0.0 2.0 0.0 0.0 0.0 0.0 0.0 0.0 0.0 1.0 1.0 0.0 0.0 1.0 0.0 2.0 1.0 0.0 0.0
130 1.0 4.0 4.0 3.0 2.0 4.0 1.0 1.0 2.0 0.0 11.0 3.0 0.0 0.0 7.0 1.0 2.0 0.0 2.0 11.0 0.0 0.0 5.0 5.0 3.0 1.0 2.0 4.0 8.0 4.0 2.0 1.0
135 2.0 7.0 22.0 15.0 19.0 15.0 11.0 12.0 5.0 15.0 38.0 9.0 2.0 4.0 25.0 10.0 6.0 8.0 7.0 29.0 3.0 15.0 30.0 8.0 9.0 7.0 10.0 13.0 36.0 36.0 3.0 10.0
140 41.0 94.0 174.0 152.0 119.0 120.0 67.0 118.0 47.0 126.0 207.0 63.0 25.0 73.0 192.0 69.0 71.0 66.0 38.0 188.0 49.0 148.0 148.0 125.0 83.0 77.0 119.0 110.0 259.0 229.0 54.0 93.0
145 295.0 422.0 725.0 539.0 397.0 443.0 257.0 532.0 232.0 561.0 877.0 311.0 137.0 295.0 778.0 304.0 359.0 319.0 270.0 713.0 224.0 624.0 520.0 478.0 361.0 422.0 476.0 541.0 961.0 895.0 290.0 406.0
150 3353.0 6022.0 9791.0 7366.0 6256.0 5843.0 3443.0 7033.0 3254.0 6985.0 8885.0 4616.0 2243.0 4903.0 9087.0 4443.0 4722.0 4221.0 4020.0 8149.0 3552.0 7585.0 6919.0 6928.0 4680.0 5879.0 6182.0 6684.0 10866.0 10802.0 4467.0 5697.0
155 10064193.0 10052549.0 10060581.0 10031283.0 10048479.0 10018795.0 10022867.0 10037586.0 10021239.0 10045701.0 10057419.0 10024405.0 10035633.0 10053220.0 10068398.0 10016560.0 10040703.0 10036819.0 10040650.0 10039771.0 10004693.0 10041861.0 10020133.0 10034481.0 10006135.0 10039178.0 10019025.0 10018233.0 10002815.0 10046901.0 10032902.0 10042450.0
160 18004214.0 18037933.0 18028344.0 17993945.0 18009984.0 17992497.0 18002093.0 17993268.0 18001182.0 17994116.0 18004408.0 17994881.0 18004467.0 18007056.0 18005196.0 17994239.0 18003655.0 18003095.0 18004399.0 18000452.0 17994313.0 18002229.0 17989805.0 18000135.0 17991955.0 18002350.0 17991026.0 17997535.0 17980523.0 18001862.0 18006960.0 18015761.0
165 18572965.0 18583633.0 18579586.0 18558942.0 18573233.0 18558132.0 18567729.0 18558606.0 18566500.0 18558890.0 18569888.0 18559692.0 18568721.0 18570663.0 18569132.0 18559306.0 18568353.0 18567435.0 18568212.0 18564587.0 18559331.0 18566021.0 18555926.0 18564600.0 18557724.0 18565189.0 18556910.0 18562522.0 18550041.0 18564796.0 18565821.0 18570362.0
170 18882716.0 18883485.0 18882936.0 18873098.0 18880056.0 18870875.0 18879695.0 18871860.0 18879707.0 18872565.0 18879931.0 18872687.0 18881950.0 18881124.0 18879489.0 18872030.0 18881410.0 18881156.0 18880179.0 18876280.0 18871603.0 18877931.0 18867199.0 18877212.0 18869531.0 18876552.0 18868735.0 18874528.0 18861556.0 18874977.0 18875799.0 18877462.0
175 18783017.0 18782622.0 18781325.0 18775886.0 18779034.0 18774312.0 18777890.0 18775864.0 18777431.0 18775979.0 18780308.0 18774932.0 18777578.0 18777168.0 18776424.0 18773690.0 18777958.0 18777105.0 18775623.0 18773690.0 18770953.0 18774070.0 18768356.0 18772823.0 18768888.0 18772471.0 18768183.0 18771622.0 18765060.0 18771653.0 18771886.0 18773470.0
180 14859413.0 15776941.0 15419900.0 14421065.0 15116913.0 14477549.0 15301435.0 14314337.0 15387135.0 14281163.0 15084623.0 14480537.0 15059289.0 14852788.0 14835445.0 14751450.0 15042409.0 15087983.0 14858564.0 14871116.0 14605447.0 14913609.0 14457346.0 14736848.0 14652201.0 14753571.0 14456459.0 14907401.0 14563147.0 14791247.0 14903507.0 15052533.0
185 10529339.0 10560879.0 10529903.0 10364633.0 10443332.0 10458312.0 10560596.0 10359173.0 10633202.0 10352508.0 10516710.0 10476278.0 10490018.0 10393913.0 10395072.0 10651702.0 10503039.0 10535373.0 10389304.0 10407096.0 10579347.0 10445242.0 10489775.0 10322263.0 10670655.0 10306501.0 10484473.0 10409279.0 10586803.0 10324058.0 10359475.0 10407376.0
190 444366.0 509757.0 604275.0 437212.0 459702.0 470048.0 516398.0 413629.0 587425.0 408537.0 516634.0 434605.0 457748.0 431164.0 456838.0 548767.0 489629.0 485250.0 427704.0 450349.0 445343.0 476777.0 421190.0 426288.0 502378.0 401233.0 432402.0 454053.0 590528.0 470335.0 406035.0 414997.0
195 180956.0 154343.0 277295.0 184763.0 178582.0 163808.0 159208.0 164283.0 171955.0 164366.0 181298.0 162514.0 147320.0 152212.0 177226.0 166355.0 175795.0 160579.0 171195.0 184442.0 150742.0 179925.0 158849.0 188968.0 171899.0 159943.0 159883.0 174931.0 288684.0 229509.0 145210.0 145655.0
200 181091.0 151838.0 272304.0 183982.0 177075.0 160879.0 155075.0 164166.0 164070.0 162564.0 177823.0 160637.0 144992.0 151335.0 176259.0 160611.0 174621.0 157951.0 170362.0 183973.0 147968.0 178968.0 156649.0 188473.0 166284.0 160126.0 157786.0 173564.0 283640.0 230247.0 143942.0 144598.0
205 179141.0 151004.0 271939.0 182878.0 176536.0 159853.0 155447.0 163158.0 163339.0 162503.0 178463.0 159329.0 143315.0 148975.0 175911.0 159559.0 173173.0 156995.0 165936.0 183516.0 147173.0 176635.0 156773.0 186545.0 165392.0 158223.0 157570.0 173145.0 282352.0 228390.0 141501.0 143467.0
210 163225.0 148056.0 255900.0 178497.0 170654.0 155942.0 150752.0 157146.0 160848.0 152570.0 176370.0 148048.0 115701.0 127343.0 170308.0 151745.0 163475.0 151810.0 131093.0 181380.0 137882.0 171536.0 154306.0 174391.0 160912.0 142255.0 152436.0 168548.0 275549.0 221478.0 120664.0 135508.0
215 76080.0 115453.0 139049.0 133296.0 117907.0 122456.0 104767.0 103730.0 130143.0 88228.0 162833.0 71446.0 34547.0 47080.0 126173.0 98135.0 94923.0 101718.0 33960.0 154077.0 72163.0 122423.0 131796.0 97588.0 120102.0 65742.0 111129.0 133175.0 225952.0 154899.0 42853.0 83580.0
220 9804.0 29248.0 19124.0 28268.0 20012.0 31257.0 18715.0 19236.0 34245.0 14384.0 83945.0 8196.0 4429.0 5983.0 34685.0 18958.0 14682.0 17545.0 4952.0 55487.0 8983.0 24130.0 44354.0 13720.0 27763.0 8315.0 25298.0 35340.0 77880.0 32154.0 5089.0 13802.0
225 4273.0 4104.0 6963.0 5072.0 4699.0 4591.0 3972.0 4179.0 4598.0 4058.0 8714.0 3570.0 2803.0 3097.0 5209.0 3992.0 4267.0 4093.0 3470.0 6459.0 3433.0 4574.0 5046.0 4763.0 4670.0 3551.0 4308.0 5131.0 10009.0 6576.0 2921.0 3552.0
230 3185.0 3198.0 5421.0 3876.0 3665.0 3582.0 3164.0 3114.0 3447.0 3160.0 4614.0 2773.0 2046.0 2328.0 3957.0 3007.0 3314.0 3022.0 2561.0 4569.0 2552.0 3500.0 3689.0 3549.0 3510.0 2703.0 3302.0 3896.0 7165.0 5149.0 2133.0 2731.0
235 2634.0 2399.0 4129.0 2936.0 2665.0 2563.0 2375.0 2294.0 2696.0 2387.0 3598.0 2120.0 1769.0 1892.0 3112.0 2309.0 2694.0 2321.0 2176.0 3560.0 2005.0 2757.0 2829.0 3096.0 2796.0 2164.0 2569.0 2893.0 5541.0 4144.0 1781.0 2235.0
240 2534.0 2094.0 3863.0 2647.0 2598.0 2272.0 2151.0 2216.0 2275.0 2140.0 2849.0 2039.0 1652.0 1769.0 2663.0 2048.0 2394.0 2105.0 2083.0 3195.0 1888.0 2482.0 2429.0 2895.0 2408.0 2046.0 2272.0 2740.0 4840.0 3686.0 1751.0 2008.0
245 2371.0 2001.0 3500.0 2504.0 2323.0 2162.0 2030.0 1994.0 2136.0 2176.0 2715.0 1879.0 1455.0 1656.0 2532.0 1930.0 2303.0 2020.0 1873.0 2907.0 1740.0 2223.0 2389.0 2677.0 2237.0 1956.0 2130.0 2552.0 4610.0 3576.0 1524.0 1900.0
250 1990.0 1822.0 3025.0 2365.0 2220.0 2101.0 1806.0 1976.0 1970.0 1868.0 2568.0 1628.0 929.0 1241.0 2416.0 1791.0 2142.0 1805.0 1234.0 2723.0 1533.0 2011.0 2110.0 2348.0 2052.0 1646.0 1920.0 2377.0 4197.0 3282.0 1247.0 1587.0
255 1105.0 1601.0 1920.0 1945.0 1707.0 1797.0 1452.0 1409.0 1715.0 1384.0 2493.0 950.0 328.0 620.0 2077.0 1287.0 1405.0 1384.0 359.0 2505.0 920.0 1787.0 1969.0 1556.0 1739.0 1066.0 1701.0 2140.0 3685.0 2775.0 521.0 1328.0
260 223.0 776.0 456.0 943.0 595.0 878.0 459.0 576.0 729.0 489.0 1934.0 168.0 49.0 87.0 1237.0 444.0 321.0 451.0 53.0 1733.0 185.0 727.0 1295.0 420.0 742.0 214.0 772.0 1109.0 2098.0 1182.0 74.0 461.0
265 65.0 182.0 115.0 210.0 103.0 210.0 87.0 106.0 142.0 80.0 1063.0 58.0 25.0 48.0 368.0 92.0 83.0 66.0 39.0 676.0 51.0 139.0 396.0 81.0 129.0 66.0 160.0 254.0 616.0 220.0 40.0 92.0
270 66.0 52.0 95.0 81.0 65.0 65.0 50.0 50.0 68.0 45.0 252.0 35.0 25.0 37.0 97.0 43.0 66.0 59.0 37.0 144.0 39.0 55.0 89.0 73.0 60.0 48.0 60.0 77.0 170.0 99.0 27.0 50.0
275 42.0 37.0 75.0 49.0 53.0 52.0 49.0 45.0 53.0 51.0 71.0 36.0 25.0 26.0 66.0 34.0 48.0 42.0 28.0 75.0 38.0 44.0 58.0 60.0 49.0 56.0 56.0 63.0 126.0 106.0 26.0 37.0
280 48.0 36.0 69.0 40.0 49.0 44.0 43.0 33.0 45.0 47.0 74.0 46.0 30.0 24.0 47.0 44.0 48.0 46.0 35.0 78.0 33.0 43.0 59.0 56.0 43.0 31.0 32.0 62.0 101.0 80.0 18.0 41.0
285 42.0 26.0 68.0 41.0 40.0 47.0 32.0 32.0 44.0 49.0 65.0 30.0 19.0 13.0 47.0 28.0 49.0 41.0 22.0 57.0 22.0 38.0 50.0 38.0 44.0 30.0 44.0 57.0 83.0 74.0 33.0 41.0
290 39.0 22.0 42.0 51.0 34.0 35.0 26.0 19.0 33.0 30.0 53.0 29.0 8.0 14.0 49.0 28.0 42.0 36.0 13.0 59.0 19.0 27.0 50.0 38.0 42.0 31.0 36.0 53.0 78.0 49.0 13.0 27.0
295 13.0 36.0 32.0 38.0 28.0 39.0 22.0 22.0 28.0 19.0 34.0 13.0 2.0 9.0 43.0 17.0 27.0 21.0 2.0 65.0 14.0 42.0 32.0 29.0 23.0 16.0 33.0 37.0 73.0 59.0 6.0 21.0
300 3.0 23.0 8.0 33.0 14.0 22.0 7.0 18.0 26.0 16.0 49.0 2.0 0.0 5.0 28.0 10.0 8.0 10.0 3.0 48.0 5.0 13.0 38.0 17.0 10.0 7.0 10.0 33.0 54.0 30.0 1.0 12.0
305 1.0 7.0 3.0 7.0 3.0 5.0 2.0 4.0 5.0 6.0 45.0 0.0 0.0 1.0 17.0 3.0 4.0 2.0 1.0 31.0 0.0 8.0 18.0 4.0 10.0 0.0 8.0 15.0 22.0 12.0 0.0 9.0
310 1.0 1.0 2.0 5.0 3.0 3.0 2.0 4.0 3.0 2.0 18.0 2.0 1.0 2.0 7.0 1.0 1.0 2.0 1.0 7.0 0.0 1.0 5.0 1.0 5.0 1.0 1.0 2.0 9.0 8.0 3.0 1.0
315 1.0 1.0 2.0 2.0 2.0 1.0 1.0 1.0 0.0 3.0 4.0 1.0 1.0 1.0 6.0 1.0 2.0 0.0 0.0 1.0 1.0 1.0 5.0 0.0 1.0 1.0 2.0 0.0 0.0 2.0 0.0 0.0
320 1.0 0.0 1.0 0.0 0.0 0.0 2.0 1.0 0.0 2.0 0.0 0.0 0.0 0.0 2.0 1.0 0.0 2.0 1.0 1.0 0.0 0.0 2.0 1.0 2.0 0.0 3.0 0.0 2.0 1.0 2.0 0.0
325 0.0 0.0 1.0 1.0 0.0 0.0 1.0 1.0 0.0 0.0 1.0 0.0 0.0 0.0 1.0 3.0 3.0 0.0 0.0 4.0 1.0 2.0 2.0 0.0 1.0 0.0 1.0 2.0 3.0 1.0 0.0 1.0
330 1.0 1.0 0.0 2.0 1.0 0.0 0.0 0.0 0.0 1.0 0.0 0.0 0.0 0.0 1.0 0.0 1.0 0.0 0.0 3.0 0.0 2.0 1.0 2.0 2.0 0.0 0.0 3.0 3.0 3.0 0.0 1.0
335 0.0 0.0 1.0 1.0 0.0 0.0 0.0 0.0 1.0 3.0 0.0 0.0 0.0 0.0 3.0 1.0 2.0 0.0 0.0 1.0 1.0 0.0 3.0 0.0 1.0 0.0 1.0 0.0 5.0 1.0 0.0 1.0
340 0.0 1.0 0.0 0.0 0.0 0.0 1.0 0.0 1.0 0.0 2.0 0.0 0.0 0.0 1.0 0.0 0.0 1.0 0.0 3.0 0.0 0.0 1.0 0.0 0.0 0.0 1.0 0.0 2.0 0.0 0.0 0.0
345 1.0 1.0 0.0 0.0 1.0 0.0 0.0 0.0 1.0 0.0 1.0 0.0 0.0 0.0 1.0 0.0 0.0 0.0 0.0 0.0 0.0 0.0 1.0 0.0 0.0 0.0 1.0 0.0 0.0 1.0 0.0 2.0
350 1.0 0.0 1.0 1.0 1.0 1.0 0.0 0.0 0.0 0.0 0.0 0.0 0.0 0.0 0.0 0.0 0.0 1.0 0.0 0.0 0.0 0.0 0.0 0.0 1.0 1.0 0.0 0.0 1.0 1.0 0.0 0.0
355 0.0 0.0 0.0 0.0 0.0 0.0 0.0 0.0 0.0 1.0 0.0 0.0 0.0 0.0 0.0 1.0 1.0 0.0 0.0 0.0 0.0 0.0 0.0 0.0 0.0 0.0 0.0 0.0 0.0 0.0 0.0 0.0
360 0.0 0.0 1.0 0.0 0.0 0.0 0.0 0.0 0.0 0.0 0.0 0.0 0.0 0.0 0.0 1.0 0.0 0.0 0.0 0.0 0.0 0.0 0.0 0.0 1.0 0.0 0.0 0.0 0.0 0.0 1.0 0.0
365 0.0 1.0 1.0 1.0 0.0 0.0 0.0 0.0 1.0 0.0 0.0 0.0 0.0 0.0 0.0 3.0 0.0 0.0 0.0 0.0 0.0 0.0 0.0 0.0 0.0 0.0 0.0 0.0 0.0 1.0 0.0 0.0
370 0.0 0.0 0.0 0.0 0.0 0.0 0.0 0.0 0.0 0.0 1.0 0.0 0.0 0.0 0.0 0.0 0.0 0.0 0.0 1.0 0.0 0.0 0.0 0.0 0.0 1.0 1.0 1.0 0.0 0.0 0.0 0.0
375 1.0 1.0 0.0 0.0 0.0 0.0 0.0 0.0 0.0 1.0 2.0 0.0 0.0 0.0 1.0 1.0 1.0 1.0 0.0 1.0 0.0 0.0 0.0 0.0 0.0 0.0 0.0 0.0 0.0 0.0 0.0 0.0
380 0.0 0.0 0.0 0.0 0.0 0.0 1.0 0.0 0.0 1.0 0.0 0.0 0.0 0.0 0.0 0.0 0.0 0.0 0.0 0.0 0.0 0.0 0.0 0.0 0.0 0.0 0.0 0.0 0.0 0.0 0.0 0.0
385 0.0 0.0 1.0 0.0 0.0 0.0 0.0 0.0 0.0 0.0 1.0 0.0 1.0 0.0 0.0 0.0 0.0 0.0 0.0 0.0 0.0 0.0 0.0 0.0 0.0 0.0 0.0 0.0 0.0 0.0 0.0 0.0
390 0.0 0.0 0.0 0.0 0.0 0.0 0.0 0.0 0.0 0.0 0.0 0.0 0.0 0.0 0.0 0.0 1.0 0.0 0.0 0.0 0.0 0.0 0.0 0.0 0.0 0.0 0.0 0.0 0.0 0.0 0.0 0.0
395 1.0 1.0 0.0 1.0 0.0 0.0 1.0 0.0 0.0 0.0 0.0 0.0 0.0 0.0 0.0 1.0 0.0 0.0 1.0 0.0 0.0 0.0 0.0 0.0 0.0 1.0 0.0 0.0 0.0 2.0 0.0 0.0
400 0.0 0.0 0.0 0.0 0.0 0.0 0.0 0.0 0.0 0.0 0.0 0.0 0.0 0.0 0.0 0.0 0.0 0.0 0.0 0.0 0.0 0.0 0.0 0.0 1.0 0.0 2.0 0.0 0.0 0.0 0.0 0.0
405 0.0 1.0 1.0 0.0 0.0 0.0 0.0 0.0 0.0 0.0 0.0 0.0 0.0 0.0 0.0 0.0 0.0 1.0 0.0 0.0 1.0 0.0 1.0 0.0 0.0 1.0 0.0 0.0 0.0 0.0 1.0 1.0
410 0.0 0.0 1.0 1.0 0.0 0.0 0.0 0.0 0.0 0.0 0.0 0.0 0.0 0.0 0.0 0.0 0.0 0.0 0.0 0.0 0.0 0.0 0.0 1.0 0.0 0.0 0.0 0.0 1.0 0.0 0.0 1.0
415 0.0 0.0 0.0 0.0 0.0 0.0 0.0 0.0 0.0 0.0 0.0 0.0 0.0 0.0 0.0 0.0 0.0 0.0 0.0 0.0 0.0 1.0 0.0 0.0 0.0 0.0 0.0 0.0 0.0 0.0 0.0 0.0
420 0.0 0.0 0.0 0.0 0.0 0.0 0.0 0.0 0.0 0.0 0.0 0.0 0.0 0.0 0.0 0.0 0.0 0.0 0.0 0.0 0.0 0.0 0.0 0.0 0.0 0.0 0.0 0.0 0.0 0.0 0.0 0.0
425 0.0 0.0 0.0 1.0 0.0 0.0 0.0 0.0 0.0 0.0 0.0 0.0 0.0 0.0 0.0 0.0 0.0 1.0 0.0 0.0 0.0 0.0 0.0 0.0 0.0 0.0 0.0 0.0 0.0 0.0 1.0 0.0
430 0.0 0.0 0.0 0.0 0.0 0.0 0.0 0.0 0.0 0.0 0.0 0.0 0.0 0.0 0.0 0.0 0.0 0.0 1.0 0.0 0.0 0.0 0.0 0.0 0.0 0.0 0.0 0.0 0.0 0.0 0.0 0.0
435 0.0 0.0 0.0 1.0 0.0 0.0 0.0 0.0 0.0 0.0 1.0 0.0 0.0 1.0 0.0 0.0 0.0 0.0 0.0 0.0 0.0 0.0 0.0 0.0 0.0 0.0 0.0 0.0 0.0 0.0 0.0 0.0
440 0.0 0.0 0.0 0.0 0.0 0.0 0.0 0.0 0.0 0.0 0.0 0.0 0.0 1.0 0.0 0.0 0.0 0.0 0.0 0.0 0.0 0.0 0.0 1.0 0.0 0.0 0.0 0.0 0.0 0.0 0.0 0.0
445 0.0 1.0 0.0 1.0 0.0 0.0 0.0 0.0 0.0 0.0 0.0 0.0 0.0 0.0 0.0 0.0 0.0 0.0 0.0 1.0 2.0 0.0 0.0 0.0 0.0 0.0 0.0 0.0 0.0 0.0 0.0 0.0
450 0.0 0.0 1.0 0.0 0.0 0.0 0.0 0.0 0.0 0.0 0.0 0.0 0.0 0.0 1.0 0.0 0.0 0.0 0.0 0.0 0.0 0.0 0.0 0.0 0.0 0.0 0.0 0.0 0.0 0.0 0.0 0.0
455 0.0 0.0 0.0 0.0 0.0 0.0 0.0 1.0 1.0 0.0 0.0 1.0 0.0 1.0 0.0 0.0 0.0 0.0 0.0 0.0 0.0 0.0 0.0 0.0 0.0 0.0 0.0 0.0 0.0 0.0 1.0 0.0
460 0.0 0.0 0.0 0.0 0.0 0.0 0.0 0.0 0.0 0.0 0.0 0.0 0.0 0.0 0.0 1.0 0.0 0.0 0.0 0.0 0.0 0.0 0.0 1.0 0.0 0.0 0.0 1.0 0.0 0.0 0.0 0.0
465 0.0 0.0 0.0 0.0 0.0 0.0 0.0 0.0 0.0 0.0 0.0 0.0 0.0 0.0 0.0 0.0 0.0 0.0 0.0 0.0 0.0 0.0 0.0 0.0 0.0 0.0 0.0 0.0 0.0 0.0 0.0 0.0
470 0.0 0.0 0.0 0.0 0.0 0.0 0.0 0.0 0.0 0.0 0.0 0.0 0.0 0.0 0.0 0.0 0.0 0.0 0.0 1.0 0.0 0.0 0.0 0.0 0.0 0.0 1.0 0.0 0.0 0.0 0.0 0.0
475 0.0 0.0 0.0 1.0 0.0 0.0 0.0 0.0 0.0 0.0 0.0 0.0 0.0 0.0 0.0 0.0 0.0 0.0 0.0 0.0 0.0 0.0 0.0 0.0 0.0 0.0 0.0 0.0 0.0 0.0 0.0 0.0
480 0.0 0.0 0.0 0.0 0.0 1.0 0.0 0.0 0.0 0.0 0.0 0.0 1.0 1.0 0.0 0.0 0.0 0.0 0.0 0.0 0.0 0.0 0.0 0.0 0.0 0.0 0.0 0.0 0.0 0.0 0.0 0.0
485 0.0 0.0 0.0 0.0 0.0 0.0 0.0 0.0 0.0 0.0 1.0 0.0 0.0 0.0 1.0 0.0 0.0 0.0 0.0 0.0 0.0 0.0 0.0 0.0 0.0 0.0 0.0 0.0 0.0 0.0 0.0 0.0
490 0.0 0.0 0.0 0.0 0.0 0.0 0.0 0.0 0.0 0.0 0.0 0.0 0.0 0.0 0.0 0.0 0.0 0.0 0.0 0.0 0.0 0.0 0.0 0.0 0.0 0.0 0.0 0.0 0.0 0.0 0.0 0.0
495 0.0 0.0 0.0 0.0 1.0 0.0 0.0 1.0 0.0 0.0 0.0 0.0 0.0 0.0 0.0 0.0 0.0 0.0 0.0 0.0 0.0 0.0 0.0 0.0 0.0 0.0 0.0 0.0 0.0 0.0 0.0 1.0
