100 0.0 0.0 0.0 0.0 0.0 1.0 1.0 0.0 0.0 0.0 0.0 0.0 0.0 0.0 0.0 0.0 0.0 0.0 0.0 0.0 0.0 0.0 0.0 1.0 0.0 0.0 0.0 0.0 0.0 0.0 1.0 0.0
105 0.0 0.0 0.0 0.0 0.0 0.0 0.0 1.0 1.0 0.0 0.0 0.0 0.0 0.0 0.0 0.0 0.0 1.0 0.0 0.0 0.0 0.0 0.0 0.0 0.0 0.0 1.0 0.0 0.0 0.0 0.0 0.0
110 0.0 0.0 0.0 0.0 0.0 0.0 0.0 1.0 3.0 0.0 0.0 1.0 0.0 1.0 0.0 0.0 1.0 0.0 0.0 0.0 0.0 0.0 0.0 0.0 0.0 0.0 1.0 0.0 1.0 1.0 0.0 0.0
115 1.0 0.0 0.0 0.0 0.0 0.0 0.0 0.0 1.0 0.0 1.0 1.0 0.0 0.0 0.0 0.0 0.0 0.0 2.0 0.0 0.0 0.0 0.0 1.0 0.0 0.0 0.0 0.0 1.0 0.0 0.0 0.0
120 0.0 0.0 0.0 0.0 0.0 0.0 0.0 1.0 1.0 0.0 0.0 2.0 0.0 2.0 0.0 0.0 1.0 0.0 0.0 0.0 0.0 1.0 0.0 3.0 0.0 0.0 2.0 0.0 3.0 2.0 0.0 1.0
125 1.0 5.0 6.0 4.0 2.0 1.0 1.0 3.0 7.0 2.0 0.0 2.0 2.0 4.0 3.0 2.0 5.0 0.0 1.0 1.0 2.0 1.0 1.0 4.0 1.0 2.0 1.0 1.0 5.0 15.0 1.0 7.0
130 11.0 3.0 30.0 8.0 12.0 8.0 8.0 17.0 20.0 5.0 8.0 4.0 11.0 27.0 17.0 17.0 40.0 5.0 15.0 11.0 25.0 1.0 4.0 19.0 5.0 1.0 4.0 4.0 27.0 28.0 27.0 15.0
135 89.0 91.0 166.0 92.0 75.0 95.0 61.0 114.0 159.0 70.0 106.0 73.0 117.0 174.0 141.0 114.0 207.0 59.0 128.0 56.0 128.0 39.0 59.0 148.0 46.0 56.0 22.0 67.0 140.0 203.0 178.0 146.0
140 345.0 349.0 741.0 296.0 318.0 401.0 226.0 477.0 697.0 307.0 426.0 375.0 460.0 601.0 616.0 441.0 843.0 299.0 468.0 319.0 546.0 198.0 218.0 549.0 223.0 275.0 167.0 326.0 577.0 765.0 720.0 549.0
145 4913.0 4922.0 7490.0 4512.0 4694.0 6089.0 2920.0 5806.0 7814.0 4173.0 5632.0 5550.0 6170.0 6365.0 7073.0 5446.0 8911.0 4056.0 6222.0 3859.0 6761.0 3357.0 3182.0 6431.0 3002.0 4756.0 2747.0 4392.0 6463.0 8177.0 8565.0 6131.0
150 171955.0 162765.0 168880.0 158398.0 161840.0 178128.0 147779.0 162701.0 166902.0 158825.0 166564.0 181384.0 168077.0 159234.0 174931.0 158273.0 186529.0 155402.0 173967.0 152498.0 174316.0 161668.0 148788.0 164230.0 149019.0 186696.0 155342.0 161269.0 164156.0 170366.0 190385.0 161848.0
155 17518891.0 17509098.0 17504301.0 17482162.0 17500729.0 17480865.0 17499701.0 17479857.0 17492920.0 17481837.0 17498193.0 17483108.0 17496222.0 17496499.0 17497846.0 17478867.0 17495548.0 17494149.0 17495519.0 17493355.0 17479582.0 17496069.0 17478277.0 17488159.0 17477605.0 17495278.0 17480250.0 17490798.0 17473078.0 17490539.0 17497616.0 17495013.0
160 18026590.0 18020201.0 18016499.0 17997339.0 18015428.0 17995946.0 18015332.0 17993350.0 18006162.0 17996952.0 18013340.0 17998390.0 18010582.0 18010549.0 18012035.0 17991983.0 18008809.0 18010279.0 18009488.0 18009312.0 17992745.0 18012992.0 17991989.0 18002071.0 17992080.0 18010740.0 17995272.0 18005973.0 17984934.0 18002647.0 18009962.0 18006707.0
165 18572969.0 18568988.0 18566456.0 18565946.0 18567779.0 18562567.0 18569690.0 18559658.0 18565597.0 18560957.0 18569897.0 18567208.0 18568517.0 18570913.0 18572402.0 18549938.0 18569970.0 18574017.0 18570203.0 18572513.0 18553297.0 18574363.0 18551070.0 18567089.0 18551698.0 18570925.0 18556324.0 18570069.0 18545428.0 18566150.0 18570058.0 18567892.0
170 18877717.0 18876043.0 18876363.0 18876752.0 18874873.0 18877385.0 18875380.0 18878853.0 18874786.0 18881007.0 18875357.0 18881657.0 18875018.0 18876792.0 18876753.0 18877629.0 18875857.0 18876546.0 18875636.0 18876478.0 18875839.0 18876384.0 18870964.0 18875523.0 18870723.0 18874978.0 18872165.0 18875090.0 18869374.0 18875599.0 18875492.0 18874810.0
175 18764668.0 18745399.0 18728634.0 18417082.0 18644273.0 18280310.0 18717394.0 18306814.0 18628796.0 18325077.0 18623892.0 18293096.0 18619151.0 18680370.0 18635276.0 18440716.0 18620795.0 18639396.0 18630636.0 18640540.0 18327837.0 18603530.0 18380418.0 18560027.0 18432703.0 18540635.0 18329622.0 18562252.0 18326902.0 18575148.0 18585601.0 18638226.0
180 10155004.0 10180476.0 10218692.0 10054653.0 10088430.0 9964341.0 10255983.0 10015810.0 10162993.0 10067442.0 10116727.0 10003789.0 10129860.0 10277059.0 10167595.0 10203531.0 10166307.0 10235230.0 10178562.0 10231136.0 10076858.0 10135987.0 10168464.0 10083396.0 10243795.0 10003270.0 10112759.0 10103920.0 10080444.0 10131961.0 10124824.0 10257945.0
185 2369041.0 2419024.0 2487598.0 2427960.0 2355122.0 2345156.0 2525985.0 2379196.0 2473299.0 2436179.0 2400140.0 2359370.0 2413532.0 2567049.0 2441329.0 2561466.0 2467333.0 2532702.0 2451436.0 2507488.0 2436059.0 2417439.0 2532798.0 2390223.0 2594616.0 2316366.0 2472184.0 2419737.0 2427423.0 2447867.0 2439563.0 2527920.0
190 141016.0 163028.0 172319.0 149923.0 146851.0 160464.0 152996.0 155673.0 194126.0 146430.0 166257.0 150249.0 152545.0 167995.0 157119.0 163542.0 189192.0 157491.0 145430.0 161553.0 165813.0 144822.0 145052.0 157292.0 155913.0 148486.0 139763.0 159014.0 160508.0 187048.0 185038.0 164222.0
195 140134.0 163413.0 171826.0 149107.0 146721.0 159410.0 153099.0 155655.0 192173.0 146884.0 166630.0 148658.0 151964.0 167527.0 157640.0 164237.0 188516.0 155817.0 145918.0 160850.0 165554.0 143807.0 144522.0 156626.0 154960.0 147836.0 139120.0 157968.0 159865.0 187084.0 186280.0 163587.0
200 139727.0 162592.0 171409.0 148920.0 145106.0 157440.0 151627.0 155164.0 193914.0 145488.0 164927.0 147927.0 152025.0 167209.0 156659.0 161882.0 187973.0 155527.0 145635.0 161006.0 164712.0 142134.0 143594.0 156412.0 154906.0 144706.0 137473.0 156420.0 159007.0 186812.0 186130.0 162994.0
205 129220.0 154147.0 169682.0 141939.0 133038.0 138275.0 147099.0 150646.0 191424.0 137590.0 157297.0 133229.0 146978.0 166364.0 153131.0 159305.0 184083.0 150332.0 141200.0 155074.0 159840.0 120223.0 137226.0 154592.0 149016.0 105836.0 119975.0 148158.0 157026.0 183693.0 179254.0 162024.0
210 57625.0 86854.0 146641.0 83365.0 55706.0 57042.0 97006.0 104830.0 166221.0 72379.0 93188.0 54203.0 109773.0 152206.0 122006.0 127249.0 148746.0 97945.0 108580.0 106390.0 106530.0 36351.0 85177.0 128178.0 94721.0 20762.0 45131.0 79428.0 135019.0 163763.0 133748.0 141333.0
215 6293.0 11598.0 51437.0 11253.0 6239.0 6786.0 15083.0 20658.0 58013.0 8909.0 14697.0 6255.0 23218.0 74022.0 31067.0 33652.0 41506.0 16455.0 25134.0 21566.0 17543.0 4534.0 12585.0 36756.0 14551.0 3741.0 5264.0 10611.0 45065.0 74337.0 29525.0 52395.0
220 3118.0 3916.0 6547.0 3701.0 3261.0 3360.0 3734.0 4206.0 7067.0 3472.0 4460.0 3406.0 4332.0 9622.0 4922.0 5104.0 6315.0 4064.0 4104.0 4276.0 4485.0 2960.0 3518.0 5190.0 3810.0 2785.0 2977.0 3828.0 5574.0 9337.0 5294.0 6460.0
225 2271.0 2888.0 3891.0 2735.0 2499.0 2575.0 2988.0 3118.0 4790.0 2385.0 3379.0 2415.0 3111.0 4341.0 3497.0 3707.0 4404.0 3127.0 2991.0 3163.0 3394.0 2133.0 2559.0 3659.0 3008.0 2054.0 2108.0 2854.0 3870.0 4795.0 3921.0 4070.0
230 1976.0 2359.0 3081.0 2183.0 2108.0 2119.0 2189.0 2395.0 3527.0 2002.0 2622.0 2022.0 2333.0 3392.0 2665.0 2885.0 3500.0 2314.0 2258.0 2568.0 2704.0 1890.0 2055.0 2908.0 2380.0 1773.0 1854.0 2274.0 2977.0 3791.0 3029.0 3154.0
235 1887.0 2238.0 2621.0 2083.0 1998.0 2023.0 2051.0 2308.0 3101.0 1915.0 2538.0 1936.0 2237.0 2816.0 2458.0 2572.0 2954.0 2121.0 2010.0 2291.0 2492.0 1679.0 1978.0 2555.0 2125.0 1815.0 1763.0 2025.0 2625.0 3147.0 2822.0 2724.0
240 1738.0 2061.0 2459.0 1940.0 1887.0 1911.0 1949.0 2176.0 3067.0 1816.0 2366.0 1751.0 2066.0 2677.0 2302.0 2359.0 2909.0 2046.0 1856.0 2230.0 2371.0 1593.0 1864.0 2427.0 2029.0 1571.0 1591.0 2000.0 2521.0 3017.0 2579.0 2517.0
245 1538.0 1874.0 2335.0 1795.0 1604.0 1653.0 1839.0 2044.0 2788.0 1607.0 2167.0 1591.0 2027.0 2559.0 2246.0 2320.0 2615.0 1899.0 1775.0 2134.0 2183.0 1239.0 1748.0 2331.0 1876.0 1044.0 1320.0 1743.0 2282.0 2766.0 2391.0 2424.0
250 952.0 1379.0 2111.0 1316.0 911.0 939.0 1378.0 1743.0 2470.0 1101.0 1691.0 946.0 1778.0 2508.0 1962.0 2042.0 2386.0 1575.0 1663.0 1683.0 1738.0 522.0 1316.0 2036.0 1405.0 272.0 604.0 1212.0 2178.0 2646.0 2140.0 2289.0
255 253.0 444.0 1674.0 462.0 207.0 252.0 563.0 991.0 1970.0 376.0 658.0 260.0 1085.0 2010.0 1370.0 1308.0 1779.0 626.0 1044.0 877.0 883.0 94.0 466.0 1585.0 507.0 70.0 132.0 384.0 1777.0 2237.0 1333.0 1800.0
260 89.0 159.0 1046.0 172.0 84.0 89.0 164.0 394.0 1194.0 121.0 271.0 92.0 493.0 1599.0 748.0 639.0 985.0 245.0 493.0 349.0 354.0 44.0 175.0 866.0 177.0 39.0 47.0 135.0 1065.0 1682.0 657.0 1176.0
265 52.0 50.0 232.0 49.0 57.0 55.0 50.0 74.0 269.0 52.0 89.0 48.0 84.0 558.0 162.0 146.0 257.0 74.0 91.0 79.0 93.0 41.0 50.0 187.0 65.0 41.0 39.0 68.0 271.0 547.0 148.0 324.0
270 39.0 40.0 62.0 61.0 39.0 41.0 52.0 52.0 95.0 41.0 54.0 33.0 56.0 114.0 67.0 56.0 94.0 38.0 50.0 67.0 61.0 35.0 37.0 81.0 52.0 23.0 38.0 44.0 103.0 130.0 71.0 77.0
275 38.0 54.0 61.0 42.0 33.0 31.0 25.0 54.0 77.0 28.0 43.0 37.0 50.0 87.0 55.0 63.0 57.0 41.0 46.0 41.0 48.0 28.0 38.0 55.0 49.0 27.0 20.0 49.0 74.0 71.0 70.0 64.0
280 40.0 35.0 46.0 43.0 29.0 45.0 36.0 30.0 68.0 21.0 61.0 32.0 60.0 77.0 65.0 45.0 76.0 46.0 34.0 50.0 31.0 33.0 25.0 65.0 46.0 22.0 28.0 45.0 79.0 64.0 54.0 54.0
285 19.0 33.0 40.0 37.0 32.0 32.0 21.0 53.0 63.0 26.0 47.0 28.0 34.0 70.0 53.0 56.0 58.0 23.0 23.0 43.0 36.0 28.0 34.0 45.0 27.0 18.0 16.0 30.0 44.0 56.0 66.0 53.0
290 25.0 18.0 40.0 19.0 19.0 24.0 29.0 33.0 79.0 23.0 38.0 25.0 30.0 52.0 36.0 42.0 48.0 24.0 33.0 31.0 36.0 16.0 22.0 52.0 30.0 11.0 11.0 30.0 52.0 57.0 42.0 52.0
295 14.0 18.0 42.0 20.0 11.0 13.0 18.0 34.0 40.0 13.0 17.0 13.0 35.0 60.0 26.0 42.0 45.0 20.0 26.0 22.0 33.0 6.0 17.0 51.0 21.0 3.0 0.0 19.0 41.0 47.0 48.0 35.0
300 2.0 6.0 32.0 5.0 6.0 2.0 2.0 12.0 30.0 4.0 6.0 5.0 16.0 38.0 30.0 26.0 35.0 10.0 16.0 7.0 12.0 1.0 6.0 30.0 6.0 0.0 4.0 6.0 47.0 45.0 25.0 38.0
305 2.0 0.0 9.0 1.0 3.0 1.0 2.0 3.0 18.0 0.0 5.0 2.0 6.0 23.0 18.0 5.0 17.0 1.0 5.0 9.0 4.0 0.0 0.0 16.0 3.0 2.0 3.0 0.0 22.0 29.0 10.0 26.0
310 1.0 0.0 3.0 0.0 2.0 1.0 1.0 3.0 7.0 0.0 0.0 0.0 2.0 12.0 1.0 5.0 3.0 0.0 2.0 3.0 2.0 2.0 2.0 1.0 0.0 0.0 0.0 0.0 7.0 12.0 4.0 6.0
315 2.0 0.0 1.0 0.0 0.0 1.0 3.0 1.0 2.0 3.0 2.0 0.0 1.0 2.0 2.0 2.0 5.0 1.0 0.0 0.0 2.0 0.0 2.0 2.0 1.0 1.0 0.0 0.0 2.0 5.0 2.0 2.0
320 0.0 3.0 1.0 4.0 1.0 1.0 0.0 1.0 3.0 1.0 1.0 0.0 1.0 3.0 0.0 1.0 5.0 0.0 0.0 0.0 1.0 0.0 0.0 2.0 0.0 0.0 1.0 0.0 3.0 8.0 2.0 1.0
325 0.0 1.0 1.0 0.0 1.0 1.0 1.0 1.0 1.0 0.0 0.0 1.0 1.0 3.0 1.0 1.0 1.0 1.0 2.0 1.0 1.0 2.0 1.0 3.0 1.0 0.0 0.0 1.0 0.0 1.0 0.0 1.0
330 0.0 1.0 3.0 4.0 1.0 1.0 0.0 1.0 1.0 0.0 0.0 0.0 2.0 2.0 3.0 1.0 0.0 0.0 0.0 1.0 2.0 1.0 0.0 0.0 1.0 0.0 1.0 1.0 2.0 2.0 0.0 0.0
335 0.0 0.0 1.0 1.0 1.0 0.0 0.0 2.0 1.0 0.0 0.0 0.0 0.0 0.0 0.0 0.0 3.0 0.0 0.0 1.0 0.0 0.0 0.0 3.0 0.0 0.0 1.0 0.0 0.0 1.0 1.0 3.0
340 0.0 0.0 1.0 0.0 0.0 0.0 0.0 2.0 0.0 0.0 2.0 0.0 1.0 2.0 1.0 1.0 1.0 0.0 1.0 1.0 2.0 0.0 0.0 2.0 0.0 1.0 0.0 0.0 0.0 1.0 1.0 1.0
345 0.0 0.0 0.0 0.0 0.0 0.0 0.0 0.0 2.0 1.0 1.0 0.0 0.0 0.0 2.0 1.0 4.0 0.0 0.0 1.0 0.0 0.0 0.0 0.0 1.0 0.0 0.0 0.0 1.0 0.0 1.0 0.0
350 0.0 0.0 0.0 0.0 1.0 0.0 1.0 0.0 0.0 1.0 0.0 0.0 1.0 1.0 1.0 1.0 0.0 1.0 0.0 0.0 0.0 0.0 0.0 0.0 1.0 1.0 0.0 0.0 1.0 0.0 0.0 2.0
355 0.0 0.0 0.0 0.0 0.0 0.0 0.0 0.0 0.0 0.0 0.0 0.0 0.0 1.0 0.0 0.0 1.0 0.0 0.0 0.0 0.0 1.0 0.0 0.0 0.0 0.0 0.0 0.0 0.0 1.0 0.0 1.0
360 0.0 0.0 0.0 0.0 0.0 0.0 0.0 0.0 1.0 0.0 0.0 1.0 0.0 1.0 0.0 1.0 0.0 0.0 0.0 0.0 0.0 0.0 0.0 0.0 0.0 0.0 1.0 0.0 0.0 0.0 0.0 0.0
365 0.0 1.0 0.0 0.0 0.0 0.0 0.0 0.0 1.0 0.0 0.0 1.0 0.0 0.0 0.0 0.0 0.0 0.0 0.0 0.0 0.0 0.0 1.0 0.0 0.0 0.0 0.0 0.0 0.0 0.0 0.0 0.0
370 0.0 0.0 0.0 0.0 0.0 0.0 0.0 0.0 0.0 1.0 0.0 0.0 0.0 0.0 0.0 0.0 0.0 0.0 0.0 0.0 0.0 0.0 0.0 0.0 0.0 0.0 0.0 0.0 0.0 0.0 0.0 0.0
375 0.0 0.0 0.0 0.0 1.0 0.0 0.0 0.0 0.0 1.0 1.0 0.0 0.0 0.0 0.0 1.0 1.0 0.0 0.0 0.0 1.0 1.0 0.0 0.0 0.0 0.0 0.0 0.0 0.0 1.0 1.0 1.0
380 0.0 0.0 0.0 0.0 0.0 0.0 0.0 0.0 0.0 0.0 0.0 0.0 0.0 0.0 0.0 0.0 0.0 0.0 0.0 0.0 0.0 0.0 0.0 0.0 0.0 0.0 0.0 0.0 0.0 0.0 0.0 0.0
385 0.0 0.0 0.0 0.0 0.0 0.0 0.0 0.0 0.0 0.0 0.0 0.0 0.0 0.0 0.0 0.0 0.0 0.0 1.0 0.0 0.0 0.0 0.0 0.0 0.0 0.0 0.0 0.0 1.0 0.0 0.0 0.0
390 0.0 0.0 1.0 0.0 0.0 0.0 0.0 0.0 0.0 0.0 0.0 0.0 0.0 0.0 0.0 0.0 0.0 0.0 0.0 0.0 1.0 0.0 0.0 0.0 0.0 0.0 0.0 0.0 0.0 0.0 0.0 0.0
395 0.0 0.0 0.0 0.0 0.0 0.0 0.0 1.0 0.0 0.0 0.0 0.0 0.0 0.0 0.0 0.0 0.0 0.0 0.0 0.0 0.0 0.0 0.0 0.0 0.0 0.0 0.0 0.0 0.0 0.0 0.0 0.0
400 0.0 0.0 1.0 0.0 0.0 1.0 0.0 0.0 1.0 0.0 0.0 0.0 0.0 0.0 0.0 0.0 1.0 1.0 0.0 0.0 0.0 0.0 0.0 0.0 0.0 0.0 0.0 0.0 0.0 0.0 1.0 0.0
405 0.0 0.0 0.0 0.0 1.0 0.0 1.0 1.0 0.0 1.0 1.0 0.0 1.0 0.0 0.0 0.0 0.0 0.0 0.0 1.0 0.0 0.0 0.0 0.0 0.0 0.0 0.0 0.0 0.0 0.0 0.0 0.0
410 0.0 0.0 0.0 0.0 0.0 0.0 0.0 0.0 0.0 0.0 0.0 0.0 0.0 0.0 0.0 0.0 0.0 0.0 0.0 0.0 0.0 0.0 0.0 0.0 0.0 0.0 0.0 1.0 0.0 0.0 0.0 0.0
415 0.0 0.0 0.0 0.0 0.0 0.0 0.0 0.0 0.0 0.0 0.0 0.0 0.0 0.0 0.0 0.0 0.0 0.0 0.0 0.0 1.0 0.0 0.0 0.0 0.0 0.0 0.0 0.0 0.0 0.0 0.0 0.0
420 1.0 2.0 0.0 0.0 0.0 2.0 1.0 1.0 0.0 0.0 0.0 0.0 0.0 0.0 0.0 0.0 0.0 0.0 0.0 0.0 0.0 0.0 0.0 0.0 0.0 0.0 0.0 0.0 0.0 0.0 0.0 0.0
425 0.0 0.0 0.0 0.0 0.0 1.0 0.0 0.0 0.0 0.0 0.0 0.0 0.0 0.0 0.0 0.0 0.0 0.0 0.0 1.0 0.0 0.0 0.0 1.0 0.0 0.0 0.0 1.0 0.0 1.0 0.0 0.0
430 1.0 1.0 0.0 0.0 0.0 0.0 0.0 0.0 0.0 0.0 1.0 0.0 1.0 0.0 0.0 0.0 0.0 0.0 0.0 0.0 0.0 0.0 0.0 0.0 0.0 0.0 0.0 0.0 0.0 0.0 0.0 1.0
435 0.0 0.0 0.0 0.0 0.0 0.0 0.0 0.0 1.0 1.0 0.0 0.0 0.0 1.0 1.0 0.0 0.0 0.0 0.0 0.0 0.0 0.0 0.0 0.0 0.0 0.0 0.0 0.0 0.0 0.0 0.0 0.0
440 0.0 0.0 0.0 0.0 0.0 0.0 0.0 0.0 1.0 0.0 0.0 0.0 0.0 0.0 0.0 0.0 0.0 0.0 0.0 0.0 0.0 0.0 0.0 0.0 0.0 0.0 0.0 0.0 0.0 0.0 0.0 0.0
445 0.0 0.0 0.0 0.0 0.0 0.0 0.0 0.0 0.0 0.0 0.0 0.0 0.0 0.0 0.0 0.0 0.0 1.0 0.0 0.0 0.0 0.0 0.0 0.0 2.0 0.0 0.0 0.0 0.0 0.0 0.0 0.0
450 0.0 0.0 0.0 0.0 0.0 0.0 0.0 0.0 0.0 0.0 0.0 0.0 0.0 0.0 0.0 0.0 0.0 0.0 0.0 0.0 0.0 0.0 0.0 0.0 1.0 0.0 0.0 1.0 0.0 0.0 0.0 0.0
455 0.0 0.0 0.0 0.0 0.0 0.0 0.0 0.0 0.0 0.0 1.0 0.0 0.0 0.0 0.0 0.0 0.0 0.0 0.0 0.0 0.0 0.0 0.0 0.0 0.0 0.0 0.0 0.0 0.0 0.0 0.0 0.0
460 0.0 1.0 0.0 0.0 0.0 0.0 0.0 0.0 0.0 0.0 0.0 0.0 0.0 0.0 0.0 0.0 0.0 0.0 0.0 0.0 0.0 0.0 0.0 0.0 0.0 0.0 0.0 0.0 0.0 0.0 0.0 0.0
465 0.0 0.0 0.0 0.0 0.0 0.0 0.0 0.0 0.0 0.0 0.0 0.0 0.0 0.0 0.0 0.0 0.0 1.0 0.0 0.0 0.0 0.0 0.0 0.0 0.0 0.0 0.0 0.0 0.0 0.0 0.0 0.0
470 0.0 0.0 0.0 0.0 0.0 0.0 0.0 0.0 0.0 0.0 0.0 0.0 0.0 1.0 1.0 0.0 0.0 0.0 0.0 0.0 0.0 0.0 0.0 0.0 0.0 0.0 0.0 0.0 0.0 0.0 0.0 0.0
475 0.0 0.0 0.0 0.0 0.0 0.0 0.0 0.0 0.0 0.0 0.0 0.0 0.0 0.0 0.0 0.0 0.0 0.0 1.0 0.0 0.0 1.0 0.0 0.0 0.0 0.0 0.0 0.0 0.0 0.0 0.0 0.0
480 0.0 0.0 0.0 0.0 0.0 0.0 0.0 0.0 0.0 0.0 0.0 0.0 0.0 0.0 0.0 0.0 0.0 0.0 0.0 0.0 0.0 0.0 0.0 0.0 0.0 0.0 0.0 0.0 0.0 0.0 0.0 0.0
485 0.0 0.0 0.0 0.0 0.0 0.0 0.0 0.0 0.0 0.0 0.0 0.0 0.0 0.0 0.0 0.0 0.0 0.0 0.0 0.0 1.0 1.0 0.0 0.0 0.0 0.0 0.0 0.0 0.0 0.0 1.0 0.0
490 0.0 0.0 0.0 0.0 0.0 0.0 0.0 0.0 0.0 0.0 0.0 0.0 0.0 0.0 0.0 0.0 0.0 0.0 0.0 0.0 0.0 0.0 0.0 0.0 0.0 0.0 0.0 0.0 0.0 0.0 0.0 0.0
495 0.0 0.0 0.0 0.0 0.0 0.0 0.0 1.0 1.0 1.0 0.0 0.0 0.0 0.0 1.0 0.0 0.0 0.0 1.0 0.0 0.0 0.0 0.0 0.0 0.0 0.0 0.0 0.0 0.0 0.0 0.0 0.0
