100 0.0 0.0 0.0 0.0 0.0 0.0 0.0 0.0 0.0 0.0 0.0 0.0 0.0 0.0 0.0 0.0 0.0 0.0 0.0 0.0 0.0 2.0 1.0 0.0 0.0 1.0 1.0 0.0 0.0 0.0 0.0 0.0
105 0.0 0.0 1.0 0.0 0.0 0.0 0.0 0.0 1.0 0.0 0.0 1.0 1.0 0.0 1.0 0.0 0.0 1.0 0.0 0.0 0.0 0.0 0.0 0.0 0.0 0.0 0.0 0.0 0.0 0.0 2.0 0.0
110 0.0 0.0 0.0 0.0 0.0 0.0 0.0 0.0 0.0 1.0 1.0 0.0 0.0 1.0 0.0 0.0 0.0 0.0 0.0 0.0 0.0 0.0 0.0 0.0 0.0 0.0 0.0 0.0 1.0 0.0 0.0 0.0
115 1.0 1.0 3.0 0.0 0.0 0.0 0.0 0.0 0.0 0.0 1.0 0.0 0.0 1.0 0.0 0.0 0.0 0.0 0.0 1.0 0.0 0.0 1.0 2.0 0.0 0.0 1.0 0.0 0.0 0.0 0.0 0.0
120 1.0 0.0 5.0 1.0 1.0 1.0 0.0 3.0 0.0 0.0 0.0 1.0 1.0 0.0 1.0 2.0 0.0 5.0 2.0 1.0 0.0 2.0 0.0 1.0 2.0 1.0 3.0 0.0 2.0 1.0 1.0 1.0
125 3.0 3.0 10.0 1.0 4.0 2.0 6.0 4.0 4.0 0.0 3.0 5.0 3.0 2.0 2.0 5.0 4.0 1.0 4.0 3.0 0.0 4.0 1.0 1.0 3.0 4.0 2.0 1.0 2.0 3.0 0.0 3.0
130 24.0 13.0 82.0 10.0 28.0 19.0 11.0 32.0 12.0 9.0 32.0 18.0 13.0 7.0 16.0 25.0 18.0 22.0 28.0 39.0 10.0 52.0 25.0 4.0 14.0 14.0 52.0 24.0 25.0 24.0 9.0 4.0
135 116.0 80.0 289.0 74.0 166.0 113.0 65.0 129.0 79.0 66.0 144.0 123.0 70.0 92.0 73.0 128.0 119.0 79.0 138.0 130.0 68.0 189.0 98.0 71.0 107.0 116.0 158.0 117.0 92.0 114.0 62.0 50.0
140 609.0 290.0 1673.0 249.0 706.0 521.0 281.0 570.0 282.0 259.0 618.0 314.0 271.0 341.0 241.0 432.0 563.0 293.0 657.0 713.0 282.0 943.0 369.0 224.0 370.0 360.0 933.0 409.0 393.0 486.0 282.0 220.0
145 4994.0 3009.0 7468.0 2431.0 5371.0 4725.0 2759.0 4873.0 2656.0 3185.0 5139.0 3419.0 2524.0 3447.0 2746.0 3658.0 4496.0 3064.0 5814.0 4783.0 3240.0 6761.0 3573.0 2586.0 3610.0 3576.0 5631.0 3976.0 4162.0 4592.0 2598.0 2386.0
150 16200.0 11302.0 20662.0 10391.0 16159.0 15133.0 10695.0 15022.0 8955.0 13031.0 15336.0 10671.0 10421.0 11902.0 10498.0 11613.0 13940.0 10310.0 18705.0 13403.0 11729.0 20699.0 10866.0 10856.0 11960.0 13184.0 16807.0 13169.0 13128.0 14576.0 10517.0 10106.0
155 17425394.0 17416761.0 17404694.0 17387673.0 17406935.0 17381768.0 17404941.0 17383502.0 17391904.0 17390426.0 17401144.0 17380791.0 17397764.0 17404549.0 17409313.0 17376112.0 17408636.0 17401582.0 17410395.0 17399666.0 17386232.0 17405027.0 17375071.0 17398756.0 17381469.0 17399731.0 17375245.0 17395603.0 17379032.0 17402320.0 17413760.0 17413140.0
160 17983172.0 17976391.0 17967300.0 17961423.0 17969309.0 17958469.0 17969761.0 17957990.0 17965032.0 17963822.0 17966477.0 17956076.0 17968348.0 17967760.0 17970447.0 17953468.0 17971131.0 17968047.0 17969547.0 17966054.0 17961724.0 17967683.0 17953662.0 17967982.0 17957803.0 17966584.0 17952213.0 17963496.0 17956297.0 17967292.0 17970652.0 17972089.0
165 18369557.0 18366631.0 18359615.0 18354992.0 18363289.0 18353130.0 18364023.0 18351434.0 18359234.0 18357320.0 18361071.0 18349811.0 18362645.0 18363475.0 18366416.0 18347230.0 18367485.0 18363123.0 18365037.0 18359822.0 18355181.0 18362539.0 18347896.0 18360919.0 18351698.0 18359468.0 18346285.0 18356956.0 18350481.0 18359950.0 18364054.0 18363577.0
170 18633694.0 18632033.0 18629953.0 18636904.0 18631130.0 18635313.0 18630608.0 18637185.0 18631405.0 18644695.0 18630523.0 18629388.0 18633652.0 18635166.0 18638267.0 18621812.0 18635658.0 18634866.0 18634180.0 18632300.0 18629878.0 18632939.0 18619287.0 18632987.0 18624558.0 18633506.0 18618305.0 18632341.0 18622548.0 18631868.0 18633923.0 18631404.0
175 18521711.0 18497869.0 18491778.0 18402316.0 18468930.0 18387253.0 18454787.0 18376491.0 18452741.0 18378613.0 18445088.0 18419307.0 18446255.0 18446408.0 18462754.0 18432815.0 18454511.0 18440313.0 18442710.0 18434467.0 18405211.0 18426560.0 18402914.0 18421438.0 18406739.0 18425288.0 18389508.0 18420647.0 18395251.0 18419233.0 18430733.0 18424714.0
180 10952236.0 10886508.0 10958282.0 10771352.0 10928931.0 10732910.0 10877068.0 10683266.0 11079954.0 10687893.0 10889978.0 10977902.0 11034429.0 10990752.0 11084943.0 11072724.0 10998687.0 10993895.0 10928061.0 10976905.0 10863304.0 10819262.0 10913185.0 10841137.0 10914845.0 10960073.0 10778071.0 10898071.0 10795220.0 10841003.0 11048934.0 10948170.0
185 8234909.0 8158915.0 8279897.0 8269081.0 8263988.0 8241809.0 8196606.0 8153255.0 8478277.0 8149971.0 8238490.0 8558520.0 8418972.0 8354267.0 8427306.0 8652798.0 8346738.0 8359379.0 8270099.0 8353692.0 8357006.0 8153020.0 8428943.0 8194871.0 8417507.0 8318098.0 8237507.0 8248568.0 8251324.0 8190172.0 8403678.0 8267056.0
190 142465.0 120786.0 160449.0 129862.0 150591.0 136515.0 128651.0 131942.0 125492.0 119039.0 137698.0 127572.0 131306.0 138320.0 129441.0 136912.0 122659.0 123302.0 150428.0 122618.0 131706.0 155624.0 122884.0 122499.0 125013.0 149115.0 130565.0 144443.0 122652.0 129959.0 125788.0 118070.0
195 142358.0 121066.0 158425.0 129484.0 149238.0 136027.0 127940.0 132182.0 120725.0 118927.0 137893.0 124593.0 130034.0 137669.0 127934.0 135186.0 122094.0 122716.0 149412.0 121646.0 130892.0 154677.0 120518.0 121944.0 125020.0 149670.0 131099.0 143293.0 122559.0 129177.0 124004.0 118079.0
200 141397.0 121254.0 159074.0 128854.0 148586.0 135306.0 128801.0 132828.0 122041.0 118955.0 137594.0 125223.0 130475.0 137815.0 128361.0 134915.0 122800.0 123285.0 150107.0 121735.0 131394.0 153196.0 121511.0 121959.0 125235.0 148908.0 130213.0 143647.0 123677.0 129191.0 123492.0 117167.0
205 140213.0 119768.0 158461.0 127620.0 150858.0 133385.0 126352.0 130267.0 121839.0 114915.0 135757.0 125063.0 129590.0 135555.0 127278.0 135132.0 121209.0 120971.0 148680.0 120987.0 128936.0 152434.0 120372.0 119470.0 124239.0 148418.0 129521.0 142636.0 121500.0 128077.0 122955.0 116064.0
210 129981.0 102391.0 158192.0 111421.0 148341.0 117694.0 108685.0 122276.0 118383.0 81424.0 133047.0 121819.0 120486.0 128034.0 118399.0 132318.0 114364.0 111582.0 140927.0 118631.0 108390.0 146242.0 117376.0 93029.0 114198.0 137865.0 125915.0 135827.0 112406.0 121874.0 113659.0 99618.0
215 62079.0 34680.0 144434.0 39960.0 102942.0 46249.0 36111.0 59838.0 89613.0 16911.0 93035.0 91181.0 61348.0 70387.0 58491.0 107370.0 64163.0 59256.0 78966.0 96431.0 35261.0 92052.0 82655.0 22701.0 58902.0 72597.0 85414.0 81379.0 53495.0 75737.0 58118.0 35854.0
220 7123.0 3996.0 69002.0 4639.0 19198.0 5265.0 4324.0 6929.0 19838.0 3045.0 16694.0 18690.0 7171.0 8700.0 6449.0 28575.0 7810.0 7972.0 9948.0 26190.0 4361.0 13319.0 15040.0 3347.0 7857.0 8417.0 14832.0 11865.0 6011.0 11896.0 6859.0 4155.0
225 3220.0 2564.0 9451.0 2821.0 4157.0 2919.0 2713.0 3140.0 3433.0 2183.0 3726.0 3351.0 3100.0 3395.0 2947.0 4349.0 2987.0 2793.0 3879.0 3894.0 2647.0 4028.0 3304.0 2449.0 2934.0 3603.0 3546.0 3639.0 2763.0 3255.0 2871.0 2491.0
230 2430.0 1851.0 4159.0 2231.0 3021.0 2180.0 1986.0 2361.0 2423.0 1787.0 2779.0 2482.0 2408.0 2565.0 2247.0 3150.0 2136.0 2027.0 2883.0 2670.0 2030.0 3094.0 2338.0 1897.0 2327.0 2610.0 2593.0 2914.0 2023.0 2446.0 2027.0 1865.0
235 2115.0 1659.0 3079.0 1990.0 2390.0 1812.0 1849.0 1963.0 1844.0 1589.0 2195.0 1938.0 1985.0 2140.0 1816.0 2426.0 1773.0 1669.0 2308.0 2007.0 1753.0 2381.0 1860.0 1608.0 1828.0 2347.0 2102.0 2347.0 1766.0 1946.0 1678.0 1638.0
240 1899.0 1672.0 2662.0 1918.0 2155.0 1755.0 1652.0 1963.0 1715.0 1529.0 2027.0 1806.0 1902.0 2048.0 1671.0 2212.0 1736.0 1558.0 2263.0 1736.0 1668.0 2244.0 1729.0 1607.0 1784.0 2176.0 1949.0 2185.0 1617.0 1938.0 1653.0 1650.0
245 1922.0 1513.0 2488.0 1772.0 2086.0 1686.0 1680.0 1817.0 1644.0 1394.0 2024.0 1733.0 1739.0 1937.0 1669.0 2129.0 1612.0 1565.0 2057.0 1717.0 1536.0 2113.0 1647.0 1450.0 1663.0 2120.0 1952.0 2039.0 1531.0 1783.0 1592.0 1481.0
250 1760.0 1418.0 2475.0 1711.0 1904.0 1427.0 1452.0 1692.0 1566.0 1158.0 1873.0 1613.0 1660.0 1822.0 1516.0 2076.0 1467.0 1453.0 1921.0 1676.0 1407.0 2053.0 1553.0 1241.0 1514.0 2009.0 1784.0 1966.0 1460.0 1659.0 1485.0 1477.0
255 1429.0 886.0 2392.0 1073.0 1755.0 1053.0 931.0 1443.0 1440.0 596.0 1680.0 1513.0 1323.0 1543.0 1270.0 1946.0 1363.0 1183.0 1805.0 1471.0 905.0 1814.0 1466.0 674.0 1321.0 1641.0 1652.0 1787.0 1211.0 1474.0 1138.0 901.0
260 627.0 256.0 2200.0 304.0 1205.0 344.0 256.0 691.0 993.0 110.0 1209.0 1127.0 613.0 793.0 517.0 1511.0 776.0 560.0 1072.0 1332.0 240.0 1241.0 986.0 136.0 667.0 713.0 1146.0 1036.0 525.0 973.0 551.0 253.0
265 125.0 52.0 1664.0 62.0 460.0 79.0 56.0 170.0 389.0 38.0 447.0 440.0 122.0 159.0 115.0 797.0 170.0 123.0 264.0 714.0 50.0 383.0 319.0 38.0 149.0 148.0 427.0 277.0 115.0 307.0 128.0 62.0
270 55.0 39.0 801.0 43.0 106.0 32.0 34.0 51.0 82.0 37.0 90.0 81.0 52.0 60.0 42.0 195.0 49.0 47.0 71.0 168.0 30.0 92.0 75.0 43.0 43.0 73.0 83.0 80.0 42.0 63.0 47.0 44.0
275 40.0 36.0 204.0 43.0 52.0 38.0 40.0 39.0 47.0 28.0 50.0 48.0 30.0 45.0 36.0 84.0 44.0 36.0 44.0 60.0 34.0 57.0 52.0 25.0 50.0 52.0 53.0 64.0 34.0 41.0 35.0 35.0
280 37.0 27.0 85.0 40.0 53.0 26.0 36.0 36.0 28.0 22.0 48.0 48.0 37.0 47.0 35.0 60.0 29.0 22.0 49.0 43.0 23.0 51.0 37.0 35.0 34.0 51.0 41.0 51.0 22.0 50.0 25.0 24.0
285 32.0 35.0 48.0 33.0 43.0 26.0 26.0 42.0 24.0 21.0 51.0 33.0 26.0 36.0 35.0 51.0 31.0 26.0 36.0 47.0 24.0 50.0 32.0 24.0 31.0 49.0 35.0 42.0 33.0 34.0 28.0 23.0
290 28.0 28.0 55.0 29.0 30.0 32.0 29.0 36.0 17.0 20.0 37.0 29.0 31.0 37.0 28.0 46.0 36.0 25.0 53.0 31.0 29.0 53.0 24.0 21.0 18.0 33.0 34.0 35.0 25.0 42.0 29.0 33.0
295 33.0 17.0 55.0 25.0 34.0 25.0 18.0 26.0 26.0 19.0 46.0 34.0 37.0 36.0 27.0 41.0 26.0 23.0 32.0 33.0 20.0 41.0 33.0 12.0 29.0 33.0 39.0 40.0 32.0 29.0 21.0 24.0
300 15.0 9.0 44.0 12.0 15.0 9.0 11.0 35.0 18.0 4.0 31.0 29.0 16.0 20.0 16.0 33.0 19.0 19.0 25.0 26.0 6.0 29.0 19.0 4.0 20.0 21.0 32.0 28.0 11.0 29.0 14.0 11.0
305 11.0 1.0 44.0 4.0 20.0 4.0 3.0 11.0 15.0 0.0 24.0 19.0 6.0 10.0 4.0 31.0 11.0 8.0 18.0 37.0 1.0 16.0 15.0 0.0 13.0 10.0 22.0 10.0 6.0 12.0 7.0 4.0
310 2.0 1.0 30.0 1.0 13.0 2.0 3.0 4.0 18.0 1.0 9.0 8.0 3.0 6.0 0.0 19.0 4.0 2.0 9.0 18.0 1.0 10.0 9.0 0.0 1.0 2.0 17.0 10.0 2.0 7.0 1.0 1.0
315 0.0 1.0 28.0 1.0 4.0 1.0 1.0 1.0 4.0 4.0 3.0 1.0 3.0 1.0 0.0 2.0 0.0 2.0 1.0 7.0 0.0 1.0 4.0 2.0 0.0 0.0 2.0 2.0 0.0 0.0 0.0 1.0
320 0.0 0.0 11.0 1.0 1.0 0.0 1.0 3.0 1.0 1.0 1.0 0.0 3.0 1.0 1.0 1.0 2.0 1.0 1.0 1.0 0.0 0.0 1.0 1.0 1.0 2.0 2.0 5.0 0.0 2.0 3.0 0.0
325 1.0 1.0 3.0 3.0 4.0 0.0 0.0 1.0 0.0 0.0 1.0 1.0 1.0 0.0 0.0 1.0 1.0 0.0 3.0 0.0 0.0 1.0 1.0 3.0 1.0 0.0 1.0 2.0 1.0 1.0 2.0 0.0
330 1.0 0.0 0.0 0.0 1.0 0.0 0.0 1.0 2.0 0.0 1.0 0.0 0.0 1.0 1.0 1.0 0.0 1.0 0.0 3.0 0.0 0.0 1.0 0.0 0.0 1.0 0.0 0.0 1.0 0.0 2.0 1.0
335 0.0 0.0 0.0 0.0 0.0 0.0 1.0 1.0 0.0 1.0 4.0 1.0 1.0 0.0 0.0 1.0 2.0 0.0 1.0 0.0 0.0 0.0 0.0 0.0 0.0 0.0 1.0 2.0 0.0 3.0 0.0 1.0
340 0.0 0.0 2.0 1.0 0.0 0.0 0.0 1.0 1.0 0.0 3.0 1.0 2.0 2.0 1.0 1.0 0.0 0.0 0.0 1.0 1.0 0.0 0.0 0.0 0.0 2.0 3.0 1.0 3.0 0.0 0.0 0.0
345 0.0 0.0 1.0 0.0 1.0 1.0 0.0 0.0 0.0 0.0 0.0 2.0 0.0 0.0 0.0 0.0 0.0 0.0 1.0 0.0 0.0 0.0 0.0 0.0 1.0 1.0 0.0 0.0 0.0 0.0 1.0 0.0
350 0.0 0.0 2.0 0.0 0.0 0.0 0.0 0.0 1.0 0.0 1.0 0.0 0.0 0.0 0.0 3.0 0.0 0.0 0.0 2.0 0.0 0.0 0.0 1.0 1.0 0.0 1.0 0.0 2.0 1.0 0.0 0.0
355 0.0 1.0 1.0 0.0 1.0 1.0 0.0 0.0 0.0 0.0 0.0 0.0 0.0 1.0 0.0 1.0 0.0 0.0 0.0 0.0 0.0 0.0 0.0 0.0 0.0 2.0 1.0 1.0 0.0 0.0 0.0 0.0
360 0.0 0.0 0.0 0.0 1.0 1.0 0.0 0.0 0.0 0.0 1.0 0.0 0.0 0.0 0.0 1.0 0.0 0.0 1.0 1.0 0.0 1.0 0.0 0.0 1.0 0.0 1.0 0.0 1.0 1.0 0.0 0.0
365 0.0 0.0 0.0 0.0 0.0 0.0 0.0 0.0 0.0 1.0 0.0 0.0 0.0 0.0 0.0 0.0 0.0 0.0 0.0 1.0 0.0 2.0 1.0 0.0 0.0 1.0 1.0 1.0 0.0 0.0 1.0 0.0
370 1.0 0.0 0.0 0.0 0.0 0.0 0.0 0.0 1.0 0.0 0.0 0.0 0.0 0.0 0.0 0.0 0.0 1.0 0.0 1.0 0.0 0.0 2.0 0.0 0.0 0.0 0.0 1.0 0.0 0.0 0.0 0.0
375 0.0 0.0 1.0 0.0 0.0 0.0 0.0 0.0 0.0 0.0 0.0 1.0 0.0 0.0 0.0 0.0 0.0 0.0 1.0 0.0 1.0 1.0 0.0 0.0 0.0 0.0 0.0 0.0 0.0 1.0 0.0 0.0
380 0.0 0.0 0.0 0.0 0.0 0.0 0.0 0.0 0.0 0.0 0.0 0.0 0.0 0.0 0.0 0.0 1.0 0.0 0.0 0.0 0.0 0.0 0.0 0.0 0.0 1.0 0.0 0.0 0.0 0.0 0.0 1.0
385 0.0 0.0 0.0 0.0 0.0 0.0 0.0 0.0 0.0 0.0 0.0 1.0 0.0 0.0 0.0 0.0 0.0 0.0 0.0 0.0 0.0 0.0 1.0 0.0 1.0 0.0 0.0 0.0 1.0 0.0 0.0 0.0
390 0.0 0.0 0.0 0.0 0.0 0.0 0.0 1.0 0.0 0.0 0.0 0.0 1.0 0.0 0.0 0.0 0.0 0.0 0.0 0.0 0.0 1.0 0.0 0.0 0.0 0.0 0.0 0.0 0.0 0.0 1.0 0.0
395 0.0 0.0 0.0 0.0 0.0 0.0 0.0 0.0 0.0 0.0 0.0 0.0 0.0 0.0 0.0 0.0 0.0 0.0 0.0 1.0 0.0 0.0 0.0 0.0 0.0 0.0 1.0 0.0 0.0 0.0 1.0 0.0
400 0.0 0.0 0.0 1.0 1.0 0.0 0.0 0.0 0.0 0.0 0.0 0.0 0.0 0.0 0.0 1.0 0.0 0.0 0.0 0.0 0.0 0.0 0.0 0.0 0.0 0.0 0.0 0.0 0.0 1.0 0.0 0.0
405 0.0 0.0 0.0 0.0 0.0 1.0 0.0 0.0 0.0 0.0 0.0 1.0 0.0 1.0 0.0 0.0 0.0 1.0 0.0 0.0 0.0 0.0 0.0 0.0 0.0 0.0 0.0 0.0 0.0 0.0 0.0 1.0
410 0.0 0.0 0.0 0.0 0.0 0.0 1.0 0.0 1.0 0.0 0.0 0.0 0.0 0.0 1.0 0.0 0.0 1.0 0.0 0.0 0.0 0.0 0.0 0.0 0.0 0.0 0.0 0.0 0.0 1.0 0.0 0.0
415 0.0 0.0 0.0 0.0 0.0 1.0 0.0 1.0 0.0 0.0 0.0 0.0 0.0 0.0 0.0 0.0 1.0 1.0 0.0 0.0 0.0 0.0 0.0 0.0 0.0 0.0 0.0 0.0 0.0 1.0 0.0 0.0
420 2.0 0.0 0.0 0.0 0.0 0.0 0.0 2.0 0.0 0.0 1.0 0.0 1.0 0.0 0.0 0.0 0.0 0.0 0.0 0.0 1.0 1.0 0.0 0.0 0.0 0.0 0.0 0.0 0.0 0.0 0.0 0.0
425 0.0 0.0 0.0 0.0 0.0 1.0 0.0 0.0 0.0 0.0 0.0 1.0 0.0 0.0 0.0 0.0 0.0 1.0 0.0 1.0 0.0 0.0 0.0 0.0 0.0 0.0 0.0 0.0 0.0 0.0 0.0 0.0
430 0.0 0.0 0.0 0.0 0.0 1.0 0.0 0.0 0.0 0.0 0.0 0.0 0.0 0.0 0.0 1.0 0.0 0.0 0.0 0.0 0.0 0.0 0.0 0.0 0.0 0.0 0.0 0.0 0.0 0.0 0.0 0.0
435 0.0 0.0 0.0 0.0 0.0 0.0 0.0 0.0 0.0 0.0 0.0 0.0 0.0 0.0 0.0 0.0 0.0 0.0 0.0 0.0 1.0 0.0 0.0 0.0 0.0 0.0 1.0 0.0 0.0 0.0 0.0 0.0
440 0.0 0.0 1.0 0.0 2.0 1.0 0.0 0.0 0.0 0.0 1.0 0.0 0.0 1.0 0.0 0.0 1.0 0.0 0.0 0.0 0.0 0.0 0.0 0.0 0.0 0.0 0.0 0.0 0.0 1.0 1.0 1.0
445 0.0 1.0 0.0 0.0 0.0 0.0 0.0 0.0 0.0 0.0 0.0 0.0 0.0 0.0 0.0 0.0 0.0 0.0 0.0 0.0 0.0 0.0 1.0 0.0 0.0 1.0 0.0 0.0 0.0 0.0 1.0 0.0
450 0.0 0.0 0.0 0.0 0.0 0.0 0.0 1.0 0.0 0.0 1.0 0.0 0.0 1.0 2.0 1.0 0.0 1.0 0.0 0.0 0.0 0.0 0.0 1.0 0.0 2.0 0.0 0.0 0.0 0.0 0.0 0.0
455 0.0 0.0 0.0 0.0 0.0 0.0 0.0 0.0 0.0 0.0 0.0 0.0 0.0 0.0 0.0 0.0 0.0 0.0 0.0 0.0 0.0 0.0 0.0 0.0 0.0 0.0 0.0 0.0 0.0 0.0 0.0 0.0
460 1.0 0.0 0.0 0.0 0.0 0.0 0.0 0.0 0.0 0.0 0.0 0.0 0.0 0.0 0.0 0.0 0.0 0.0 0.0 0.0 0.0 0.0 0.0 0.0 0.0 0.0 0.0 0.0 0.0 0.0 0.0 0.0
465 0.0 0.0 0.0 0.0 0.0 0.0 0.0 0.0 0.0 0.0 0.0 0.0 0.0 0.0 0.0 0.0 0.0 0.0 0.0 0.0 0.0 0.0 0.0 0.0 1.0 0.0 1.0 0.0 0.0 0.0 0.0 0.0
470 0.0 0.0 0.0 0.0 0.0 0.0 0.0 0.0 0.0 0.0 0.0 0.0 0.0 0.0 0.0 0.0 0.0 0.0 1.0 1.0 0.0 0.0 0.0 0.0 1.0 1.0 0.0 0.0 0.0 0.0 0.0 0.0
475 0.0 0.0 0.0 0.0 0.0 0.0 0.0 0.0 0.0 0.0 0.0 0.0 0.0 0.0 0.0 0.0 0.0 0.0 1.0 0.0 0.0 0.0 0.0 0.0 0.0 0.0 0.0 0.0 0.0 0.0 0.0 0.0
480 0.0 0.0 0.0 0.0 0.0 0.0 0.0 1.0 0.0 0.0 0.0 0.0 0.0 0.0 0.0 0.0 0.0 0.0 0.0 0.0 0.0 0.0 0.0 0.0 1.0 0.0 0.0 0.0 0.0 0.0 0.0 0.0
485 0.0 0.0 0.0 0.0 0.0 0.0 0.0 0.0 0.0 0.0 0.0 0.0 0.0 0.0 0.0 0.0 0.0 0.0 0.0 0.0 0.0 0.0 0.0 0.0 0.0 0.0 1.0 0.0 0.0 0.0 0.0 0.0
490 0.0 0.0 0.0 0.0 0.0 0.0 0.0 0.0 0.0 0.0 1.0 0.0 0.0 0.0 0.0 0.0 0.0 0.0 0.0 0.0 0.0 0.0 0.0 0.0 0.0 0.0 0.0 0.0 0.0 0.0 0.0 0.0
495 0.0 0.0 0.0 0.0 0.0 0.0 0.0 0.0 0.0 0.0 0.0 0.0 0.0 0.0 0.0 0.0 0.0 0.0 0.0 0.0 0.0 0.0 0.0 0.0 0.0 0.0 0.0 0.0 0.0 0.0 0.0 0.0
