100 0.0 0.0 0.0 0.0 0.0 0.0 0.0 0.0 0.0 0.0 0.0 0.0 0.0 0.0 0.0 0.0 0.0 0.0 0.0 0.0 0.0 0.0 0.0 0.0 0.0 0.0 0.0 0.0 0.0 0.0 0.0 0.0
105 0.0 0.0 0.0 1.0 0.0 0.0 0.0 0.0 0.0 0.0 0.0 0.0 0.0 0.0 0.0 0.0 0.0 0.0 0.0 0.0 0.0 1.0 0.0 0.0 0.0 0.0 0.0 0.0 2.0 0.0 0.0 0.0
110 0.0 0.0 0.0 0.0 0.0 0.0 0.0 0.0 0.0 0.0 1.0 0.0 0.0 1.0 0.0 0.0 1.0 0.0 0.0 0.0 0.0 0.0 0.0 0.0 0.0 0.0 0.0 0.0 0.0 0.0 0.0 0.0
115 0.0 0.0 0.0 0.0 0.0 0.0 0.0 0.0 0.0 0.0 0.0 0.0 0.0 0.0 0.0 0.0 0.0 0.0 0.0 0.0 0.0 0.0 0.0 1.0 0.0 1.0 0.0 1.0 0.0 0.0 0.0 0.0
120 0.0 0.0 0.0 0.0 0.0 0.0 0.0 0.0 0.0 0.0 1.0 0.0 2.0 0.0 0.0 0.0 0.0 0.0 0.0 0.0 0.0 2.0 1.0 2.0 0.0 0.0 0.0 0.0 0.0 0.0 0.0 1.0
125 0.0 0.0 1.0 0.0 0.0 0.0 0.0 0.0 0.0 0.0 0.0 0.0 0.0 2.0 0.0 0.0 0.0 1.0 0.0 0.0 0.0 0.0 1.0 0.0 1.0 0.0 1.0 1.0 1.0 1.0 1.0 0.0
130 2.0 2.0 3.0 0.0 0.0 0.0 1.0 0.0 0.0 4.0 2.0 4.0 2.0 2.0 3.0 1.0 1.0 2.0 1.0 4.0 0.0 2.0 3.0 2.0 2.0 4.0 1.0 10.0 4.0 8.0 4.0 1.0
135 2.0 12.0 59.0 10.0 5.0 8.0 1.0 4.0 1.0 42.0 3.0 32.0 24.0 44.0 27.0 14.0 11.0 8.0 4.0 21.0 1.0 36.0 20.0 5.0 4.0 9.0 32.0 61.0 45.0 31.0 52.0 24.0
140 55.0 89.0 258.0 70.0 83.0 61.0 41.0 109.0 37.0 183.0 36.0 157.0 116.0 247.0 173.0 134.0 119.0 82.0 38.0 107.0 33.0 191.0 135.0 97.0 45.0 99.0 172.0 239.0 258.0 170.0 265.0 127.0
145 985.0 1640.0 4097.0 598.0 1454.0 921.0 532.0 1779.0 573.0 3328.0 833.0 2839.0 1948.0 3452.0 2997.0 2184.0 2199.0 1407.0 815.0 1773.0 761.0 3177.0 2301.0 1630.0 719.0 1707.0 3374.0 3579.0 3640.0 2374.0 3825.0 1874.0
150 10481777.0 10480444.0 10484286.0 10462146.0 10476138.0 10464171.0 10466731.0 10467659.0 10465270.0 10468713.0 10469085.0 10466552.0 10470310.0 10470856.0 10478607.0 10469585.0 10478309.0 10469734.0 10469406.0 10467921.0 10464090.0 10476146.0 10464115.0 10471231.0 10460055.0 10469164.0 10469180.0 10466432.0 10463610.0 10470293.0 10486302.0 10474778.0
155 17591559.0 17588812.0 17584992.0 17575498.0 17583828.0 17574745.0 17582122.0 17574530.0 17581528.0 17574045.0 17579695.0 17574944.0 17582872.0 17582429.0 17583033.0 17575245.0 17583814.0 17580009.0 17581154.0 17578543.0 17574379.0 17582679.0 17573448.0 17580065.0 17574229.0 17580136.0 17572714.0 17579019.0 17571492.0 17580903.0 17581416.0 17581872.0
160 18001123.0 17999805.0 17997912.0 17994476.0 17997007.0 17994102.0 17996273.0 17993964.0 17996438.0 17993630.0 17995820.0 17994185.0 17997244.0 17997096.0 17997377.0 17994259.0 17997542.0 17996220.0 17996277.0 17995390.0 17993864.0 17997228.0 17993190.0 17995704.0 17993730.0 17995489.0 17992843.0 17995090.0 17992398.0 17995667.0 17996028.0 17996183.0
165 18344042.0 18344012.0 18343514.0 18342366.0 18343395.0 18342322.0 18343086.0 18342370.0 18343167.0 18342099.0 18342915.0 18342320.0 18343758.0 18343145.0 18343425.0 18343473.0 18343492.0 18343026.0 18343089.0 18342734.0 18342299.0 18343390.0 18341856.0 18342832.0 18342125.0 18342728.0 18341669.0 18342435.0 18341308.0 18342786.0 18343246.0 18343110.0
170 18338184.0 18337900.0 18337280.0 18337884.0 18337267.0 18337290.0 18337584.0 18337334.0 18338616.0 18337102.0 18337813.0 18337072.0 18339052.0 18339727.0 18339997.0 18337980.0 18339342.0 18339369.0 18340011.0 18338469.0 18336144.0 18339829.0 18335566.0 18338887.0 18335846.0 18338359.0 18335371.0 18338889.0 18335114.0 18338878.0 18337208.0 18337434.0
175 15969246.0 15510805.0 15340279.0 15048721.0 15294026.0 14862404.0 15451266.0 14826678.0 15345232.0 14801926.0 15249014.0 14947143.0 15292951.0 15381916.0 15265094.0 14975176.0 15272037.0 15265850.0 15327512.0 15254747.0 15008655.0 15261847.0 14909392.0 15233825.0 15090497.0 15257478.0 14891759.0 15273478.0 14956707.0 15277475.0 15205985.0 15411622.0
180 10528677.0 10423744.0 10442019.0 10622935.0 10418576.0 10495876.0 10562347.0 10477767.0 10556497.0 10460645.0 10503770.0 10614486.0 10533953.0 10646952.0 10552007.0 10624270.0 10538023.0 10560418.0 10589215.0 10537723.0 10681889.0 10531822.0 10580901.0 10515972.0 10783233.0 10512759.0 10561932.0 10544406.0 10624769.0 10519636.0 10422001.0 10562783.0
185 296706.0 286259.0 296462.0 304862.0 274895.0 278003.0 316410.0 274878.0 308916.0 291109.0 298327.0 320469.0 302692.0 368892.0 317288.0 323030.0 318932.0 325036.0 315906.0 317099.0 314697.0 344757.0 307841.0 308324.0 354343.0 301451.0 336750.0 342579.0 325771.0 316028.0 309076.0 324312.0
190 117760.0 128385.0 133666.0 111077.0 114608.0 111289.0 119141.0 113540.0 119303.0 131631.0 118767.0 133430.0 121370.0 134071.0 131456.0 132648.0 135807.0 117963.0 123690.0 129120.0 112501.0 143121.0 125041.0 123047.0 116318.0 125260.0 156051.0 135155.0 123331.0 123310.0 134285.0 124344.0
195 116634.0 127020.0 132996.0 110262.0 112588.0 108758.0 117736.0 112379.0 117945.0 130063.0 116133.0 133495.0 120600.0 134602.0 130675.0 132092.0 133310.0 115863.0 121777.0 127638.0 109899.0 142237.0 124611.0 122460.0 113603.0 124652.0 154519.0 135701.0 122775.0 123865.0 133224.0 124105.0
200 88614.0 98081.0 128444.0 97698.0 88208.0 70024.0 90962.0 96378.0 96180.0 125622.0 78273.0 129091.0 116925.0 133153.0 121081.0 117157.0 103204.0 98160.0 91423.0 120524.0 79376.0 136847.0 117486.0 105391.0 92152.0 113160.0 141605.0 134822.0 121061.0 120099.0 126422.0 117060.0
205 18418.0 21642.0 85607.0 32273.0 18298.0 10161.0 19062.0 27734.0 22758.0 75274.0 11903.0 84770.0 74996.0 120263.0 53872.0 42839.0 23817.0 33011.0 19943.0 67956.0 13852.0 88707.0 64986.0 34014.0 25333.0 48654.0 61035.0 120814.0 103452.0 92442.0 72058.0 67418.0
210 2591.0 3118.0 16572.0 3540.0 2640.0 2360.0 2713.0 3147.0 2963.0 11261.0 2438.0 14633.0 11811.0 56016.0 6452.0 4990.0 3432.0 3795.0 2970.0 10361.0 2389.0 16981.0 9268.0 4061.0 3156.0 5838.0 6895.0 56757.0 37761.0 23337.0 11096.0 10871.0
215 1631.0 1960.0 3040.0 1915.0 1656.0 1507.0 1842.0 1960.0 1877.0 2813.0 1654.0 2901.0 2641.0 6119.0 2556.0 2445.0 2172.0 2025.0 1861.0 2629.0 1591.0 3345.0 2556.0 2178.0 1780.0 2415.0 3056.0 6814.0 4158.0 3101.0 2763.0 2646.0
220 1159.0 1359.0 2111.0 1235.0 1149.0 1164.0 1146.0 1276.0 1325.0 1971.0 1124.0 2156.0 1886.0 2786.0 1634.0 1632.0 1391.0 1254.0 1312.0 1758.0 1064.0 2249.0 1694.0 1417.0 1144.0 1546.0 2188.0 2756.0 2244.0 2104.0 1978.0 1746.0
225 1044.0 1195.0 1594.0 1077.0 1024.0 958.0 1015.0 1137.0 1155.0 1627.0 1056.0 1516.0 1397.0 1879.0 1336.0 1421.0 1214.0 1029.0 1090.0 1361.0 868.0 1706.0 1371.0 1183.0 958.0 1236.0 1705.0 1927.0 1615.0 1593.0 1494.0 1255.0
230 892.0 1106.0 1420.0 918.0 904.0 752.0 890.0 1026.0 1000.0 1468.0 830.0 1386.0 1252.0 1585.0 1244.0 1150.0 1161.0 931.0 999.0 1238.0 794.0 1513.0 1262.0 1132.0 848.0 1189.0 1533.0 1706.0 1410.0 1340.0 1388.0 1233.0
235 639.0 804.0 1397.0 802.0 677.0 493.0 595.0 868.0 656.0 1345.0 494.0 1335.0 1236.0 1527.0 1094.0 1013.0 848.0 741.0 604.0 1143.0 483.0 1435.0 1129.0 881.0 664.0 1066.0 1379.0 1571.0 1284.0 1334.0 1238.0 1100.0
240 163.0 291.0 1110.0 335.0 239.0 107.0 122.0 413.0 200.0 1151.0 79.0 1033.0 1019.0 1354.0 727.0 561.0 277.0 386.0 185.0 857.0 98.0 1170.0 873.0 503.0 235.0 712.0 845.0 1476.0 1209.0 1178.0 963.0 832.0
245 32.0 42.0 694.0 72.0 32.0 24.0 34.0 74.0 17.0 560.0 20.0 523.0 461.0 1191.0 218.0 110.0 39.0 65.0 33.0 344.0 17.0 643.0 363.0 97.0 29.0 192.0 199.0 1224.0 1031.0 778.0 447.0 281.0
250 8.0 22.0 192.0 24.0 22.0 18.0 12.0 23.0 19.0 119.0 16.0 123.0 94.0 720.0 46.0 38.0 30.0 16.0 20.0 74.0 18.0 136.0 66.0 20.0 12.0 29.0 53.0 764.0 464.0 239.0 107.0 75.0
255 11.0 13.0 39.0 13.0 16.0 12.0 15.0 19.0 20.0 29.0 13.0 32.0 28.0 178.0 33.0 20.0 23.0 18.0 14.0 17.0 12.0 43.0 30.0 18.0 14.0 15.0 30.0 220.0 89.0 50.0 41.0 24.0
260 8.0 12.0 29.0 7.0 15.0 15.0 13.0 14.0 13.0 24.0 8.0 28.0 25.0 34.0 13.0 18.0 13.0 8.0 15.0 18.0 18.0 25.0 20.0 19.0 10.0 22.0 22.0 39.0 27.0 36.0 19.0 23.0
265 4.0 17.0 21.0 13.0 17.0 5.0 9.0 11.0 14.0 19.0 4.0 14.0 15.0 34.0 12.0 19.0 15.0 14.0 11.0 14.0 3.0 20.0 15.0 16.0 10.0 16.0 22.0 37.0 18.0 27.0 14.0 16.0
270 7.0 11.0 19.0 5.0 3.0 2.0 6.0 14.0 10.0 15.0 5.0 13.0 22.0 34.0 10.0 13.0 2.0 8.0 8.0 19.0 2.0 18.0 16.0 17.0 3.0 19.0 22.0 16.0 22.0 28.0 17.0 14.0
275 0.0 8.0 10.0 2.0 1.0 1.0 0.0 5.0 3.0 24.0 1.0 14.0 14.0 26.0 15.0 8.0 7.0 5.0 0.0 11.0 0.0 18.0 13.0 7.0 1.0 9.0 14.0 37.0 24.0 20.0 12.0 11.0
280 1.0 2.0 11.0 0.0 5.0 0.0 1.0 3.0 0.0 17.0 0.0 9.0 10.0 18.0 6.0 3.0 0.0 2.0 2.0 9.0 1.0 19.0 3.0 5.0 0.0 9.0 3.0 26.0 15.0 11.0 9.0 10.0
285 0.0 0.0 11.0 1.0 0.0 2.0 0.0 0.0 1.0 6.0 0.0 6.0 5.0 6.0 2.0 0.0 0.0 1.0 0.0 3.0 0.0 6.0 1.0 1.0 0.0 1.0 0.0 12.0 15.0 11.0 2.0 5.0
290 0.0 1.0 3.0 0.0 1.0 0.0 0.0 1.0 0.0 1.0 0.0 2.0 0.0 10.0 2.0 0.0 1.0 1.0 1.0 1.0 0.0 3.0 0.0 2.0 0.0 2.0 0.0 14.0 9.0 4.0 1.0 3.0
295 0.0 0.0 0.0 2.0 0.0 0.0 0.0 0.0 0.0 0.0 0.0 0.0 1.0 4.0 0.0 0.0 0.0 0.0 0.0 0.0 0.0 1.0 2.0 1.0 0.0 2.0 1.0 5.0 2.0 0.0 0.0 0.0
300 0.0 0.0 0.0 0.0 1.0 0.0 0.0 0.0 0.0 1.0 0.0 0.0 2.0 1.0 0.0 0.0 0.0 1.0 0.0 2.0 0.0 0.0 1.0 1.0 0.0 0.0 1.0 1.0 1.0 0.0 0.0 0.0
305 1.0 0.0 0.0 0.0 0.0 1.0 0.0 0.0 0.0 0.0 0.0 1.0 2.0 3.0 0.0 0.0 1.0 0.0 0.0 0.0 0.0 0.0 0.0 0.0 0.0 0.0 0.0 3.0 1.0 0.0 0.0 0.0
310 1.0 0.0 2.0 1.0 0.0 0.0 0.0 0.0 0.0 0.0 0.0 1.0 1.0 0.0 0.0 0.0 0.0 1.0 0.0 0.0 0.0 0.0 1.0 1.0 0.0 1.0 0.0 1.0 0.0 0.0 2.0 0.0
315 0.0 0.0 0.0 0.0 0.0 0.0 0.0 0.0 0.0 0.0 0.0 0.0 0.0 1.0 0.0 0.0 0.0 1.0 0.0 0.0 0.0 0.0 0.0 0.0 0.0 0.0 0.0 0.0 2.0 0.0 0.0 0.0
320 0.0 1.0 0.0 0.0 1.0 0.0 0.0 0.0 0.0 1.0 0.0 0.0 2.0 0.0 0.0 0.0 0.0 0.0 0.0 1.0 0.0 0.0 0.0 0.0 0.0 0.0 0.0 1.0 1.0 0.0 0.0 1.0
325 0.0 0.0 0.0 0.0 0.0 0.0 0.0 0.0 0.0 0.0 0.0 0.0 0.0 1.0 0.0 0.0 0.0 0.0 0.0 0.0 0.0 0.0 0.0 0.0 0.0 0.0 0.0 1.0 0.0 0.0 0.0 0.0
330 1.0 0.0 0.0 0.0 0.0 0.0 0.0 0.0 0.0 1.0 0.0 0.0 0.0 0.0 0.0 0.0 0.0 0.0 0.0 0.0 0.0 0.0 0.0 0.0 0.0 0.0 0.0 0.0 0.0 0.0 0.0 0.0
335 0.0 0.0 0.0 0.0 0.0 0.0 0.0 0.0 0.0 0.0 0.0 1.0 0.0 0.0 1.0 0.0 0.0 0.0 0.0 0.0 0.0 0.0 0.0 0.0 0.0 0.0 0.0 1.0 0.0 0.0 1.0 0.0
340 0.0 1.0 0.0 0.0 0.0 0.0 0.0 0.0 0.0 1.0 0.0 0.0 0.0 0.0 0.0 0.0 0.0 0.0 0.0 0.0 0.0 1.0 0.0 0.0 0.0 0.0 1.0 0.0 0.0 0.0 0.0 0.0
345 0.0 0.0 0.0 0.0 0.0 0.0 0.0 0.0 0.0 1.0 0.0 0.0 0.0 0.0 0.0 0.0 1.0 0.0 0.0 0.0 0.0 0.0 0.0 0.0 0.0 1.0 0.0 1.0 0.0 0.0 0.0 0.0
350 0.0 0.0 0.0 0.0 0.0 0.0 0.0 0.0 0.0 0.0 0.0 0.0 0.0 0.0 0.0 0.0 0.0 0.0 0.0 0.0 0.0 0.0 0.0 0.0 0.0 1.0 0.0 0.0 0.0 0.0 0.0 0.0
355 0.0 0.0 0.0 0.0 0.0 0.0 0.0 0.0 1.0 0.0 0.0 0.0 0.0 0.0 0.0 0.0 0.0 0.0 0.0 0.0 0.0 0.0 0.0 0.0 1.0 0.0 0.0 0.0 0.0 0.0 0.0 0.0
360 0.0 0.0 0.0 0.0 0.0 0.0 0.0 0.0 0.0 0.0 0.0 0.0 0.0 0.0 0.0 0.0 0.0 0.0 0.0 0.0 0.0 0.0 0.0 0.0 0.0 0.0 0.0 0.0 0.0 0.0 0.0 0.0
365 0.0 0.0 0.0 0.0 1.0 0.0 0.0 0.0 0.0 0.0 0.0 0.0 0.0 0.0 0.0 0.0 0.0 1.0 0.0 0.0 0.0 0.0 0.0 0.0 0.0 0.0 0.0 1.0 0.0 0.0 0.0 0.0
370 0.0 0.0 0.0 0.0 0.0 0.0 0.0 0.0 0.0 0.0 0.0 0.0 0.0 0.0 0.0 0.0 0.0 0.0 0.0 0.0 0.0 0.0 0.0 0.0 1.0 0.0 0.0 0.0 0.0 0.0 0.0 0.0
375 0.0 0.0 0.0 0.0 0.0 0.0 0.0 0.0 0.0 0.0 0.0 0.0 0.0 0.0 0.0 0.0 0.0 0.0 0.0 0.0 0.0 0.0 0.0 0.0 0.0 0.0 0.0 0.0 0.0 0.0 0.0 0.0
380 0.0 0.0 0.0 0.0 0.0 0.0 1.0 0.0 0.0 0.0 0.0 0.0 0.0 0.0 0.0 0.0 0.0 0.0 0.0 0.0 0.0 0.0 0.0 0.0 0.0 1.0 0.0 0.0 0.0 0.0 0.0 0.0
385 0.0 0.0 0.0 0.0 0.0 0.0 0.0 0.0 0.0 0.0 0.0 0.0 0.0 0.0 0.0 0.0 0.0 0.0 0.0 0.0 0.0 0.0 0.0 0.0 0.0 0.0 0.0 0.0 0.0 0.0 0.0 0.0
390 0.0 0.0 0.0 0.0 0.0 0.0 0.0 0.0 0.0 0.0 0.0 1.0 2.0 0.0 0.0 0.0 0.0 0.0 0.0 0.0 1.0 0.0 0.0 0.0 0.0 0.0 0.0 0.0 0.0 0.0 0.0 0.0
395 0.0 0.0 0.0 0.0 0.0 0.0 0.0 0.0 0.0 0.0 0.0 1.0 0.0 1.0 0.0 1.0 0.0 0.0 0.0 0.0 0.0 0.0 0.0 0.0 0.0 0.0 0.0 0.0 0.0 0.0 0.0 0.0
400 0.0 0.0 0.0 0.0 0.0 0.0 0.0 0.0 0.0 0.0 0.0 0.0 0.0 0.0 0.0 0.0 0.0 0.0 0.0 0.0 0.0 0.0 0.0 0.0 0.0 0.0 0.0 0.0 0.0 0.0 0.0 0.0
405 0.0 0.0 0.0 0.0 1.0 0.0 0.0 0.0 0.0 0.0 0.0 0.0 1.0 0.0 0.0 0.0 0.0 0.0 0.0 0.0 0.0 0.0 0.0 0.0 0.0 0.0 0.0 0.0 0.0 0.0 1.0 0.0
410 0.0 0.0 0.0 0.0 0.0 0.0 0.0 0.0 0.0 0.0 0.0 0.0 0.0 0.0 0.0 0.0 0.0 0.0 0.0 0.0 0.0 0.0 0.0 0.0 0.0 0.0 0.0 0.0 0.0 0.0 0.0 0.0
415 0.0 0.0 0.0 0.0 0.0 0.0 0.0 0.0 0.0 0.0 0.0 0.0 0.0 0.0 1.0 0.0 0.0 0.0 0.0 0.0 0.0 0.0 1.0 0.0 0.0 0.0 0.0 0.0 0.0 0.0 0.0 0.0
420 0.0 0.0 0.0 0.0 0.0 0.0 0.0 0.0 0.0 0.0 0.0 0.0 1.0 0.0 0.0 0.0 0.0 0.0 0.0 0.0 0.0 0.0 0.0 0.0 0.0 1.0 0.0 0.0 0.0 0.0 0.0 1.0
425 0.0 0.0 0.0 0.0 0.0 0.0 0.0 0.0 0.0 0.0 0.0 1.0 0.0 0.0 0.0 0.0 0.0 0.0 0.0 0.0 0.0 0.0 0.0 0.0 0.0 0.0 0.0 0.0 1.0 0.0 0.0 0.0
430 0.0 0.0 0.0 0.0 0.0 1.0 1.0 0.0 0.0 0.0 1.0 0.0 1.0 1.0 0.0 0.0 0.0 1.0 0.0 0.0 1.0 0.0 0.0 0.0 0.0 0.0 0.0 0.0 0.0 0.0 0.0 0.0
435 0.0 1.0 0.0 0.0 0.0 0.0 0.0 0.0 0.0 0.0 0.0 1.0 0.0 0.0 0.0 0.0 0.0 0.0 0.0 0.0 0.0 0.0 0.0 0.0 0.0 0.0 0.0 0.0 0.0 0.0 0.0 0.0
440 0.0 0.0 1.0 0.0 0.0 0.0 0.0 0.0 0.0 0.0 0.0 0.0 0.0 0.0 0.0 0.0 0.0 0.0 0.0 0.0 0.0 0.0 0.0 0.0 0.0 0.0 0.0 1.0 0.0 0.0 0.0 1.0
445 0.0 0.0 0.0 0.0 0.0 0.0 0.0 1.0 0.0 0.0 0.0 0.0 0.0 0.0 0.0 1.0 0.0 0.0 0.0 0.0 0.0 0.0 0.0 0.0 0.0 0.0 0.0 0.0 0.0 0.0 0.0 0.0
450 0.0 0.0 0.0 0.0 0.0 0.0 0.0 0.0 0.0 0.0 0.0 0.0 1.0 0.0 0.0 0.0 0.0 0.0 0.0 0.0 0.0 1.0 0.0 0.0 0.0 0.0 0.0 1.0 1.0 0.0 1.0 0.0
455 0.0 0.0 0.0 0.0 1.0 1.0 0.0 0.0 0.0 0.0 0.0 0.0 0.0 0.0 0.0 0.0 0.0 0.0 0.0 0.0 0.0 0.0 0.0 0.0 0.0 0.0 0.0 0.0 0.0 0.0 0.0 0.0
460 0.0 0.0 1.0 0.0 0.0 0.0 0.0 0.0 0.0 0.0 0.0 0.0 0.0 0.0 0.0 0.0 0.0 0.0 0.0 0.0 0.0 0.0 0.0 0.0 1.0 0.0 0.0 0.0 0.0 0.0 0.0 0.0
465 0.0 0.0 0.0 0.0 0.0 0.0 0.0 0.0 0.0 0.0 0.0 0.0 0.0 1.0 0.0 1.0 0.0 0.0 0.0 0.0 0.0 0.0 0.0 0.0 0.0 0.0 0.0 0.0 0.0 0.0 0.0 0.0
470 0.0 0.0 0.0 0.0 0.0 0.0 0.0 0.0 0.0 0.0 0.0 0.0 0.0 0.0 0.0 0.0 0.0 0.0 0.0 0.0 0.0 0.0 0.0 0.0 0.0 0.0 0.0 0.0 0.0 0.0 0.0 0.0
475 0.0 0.0 0.0 0.0 0.0 0.0 0.0 0.0 0.0 0.0 1.0 0.0 0.0 0.0 0.0 0.0 0.0 0.0 0.0 0.0 0.0 0.0 0.0 0.0 0.0 0.0 0.0 0.0 1.0 0.0 0.0 0.0
480 0.0 0.0 0.0 0.0 0.0 0.0 0.0 0.0 0.0 0.0 0.0 0.0 1.0 0.0 0.0 0.0 0.0 0.0 0.0 0.0 0.0 0.0 0.0 0.0 0.0 1.0 0.0 0.0 1.0 0.0 0.0 0.0
485 0.0 0.0 0.0 0.0 1.0 0.0 0.0 0.0 0.0 0.0 0.0 0.0 0.0 0.0 0.0 0.0 0.0 0.0 0.0 0.0 0.0 0.0 0.0 0.0 0.0 0.0 0.0 0.0 0.0 0.0 0.0 1.0
490 0.0 0.0 0.0 0.0 0.0 1.0 0.0 0.0 0.0 0.0 0.0 0.0 1.0 0.0 0.0 0.0 0.0 0.0 0.0 0.0 0.0 0.0 0.0 0.0 0.0 2.0 1.0 0.0 0.0 0.0 0.0 0.0
495 0.0 0.0 0.0 0.0 0.0 0.0 0.0 0.0 0.0 0.0 0.0 0.0 1.0 0.0 0.0 0.0 0.0 0.0 0.0 0.0 0.0 0.0 0.0 0.0 0.0 0.0 0.0 0.0 0.0 0.0 0.0 0.0
