100 0.0 0.0 0.0 1.0 0.0 0.0 0.0 0.0 0.0 0.0 0.0 0.0 0.0 0.0 0.0 0.0 0.0 0.0 0.0 0.0 0.0 0.0 0.0 0.0 0.0 0.0 0.0 0.0 0.0 0.0 0.0 0.0
105 0.0 0.0 0.0 0.0 0.0 0.0 0.0 0.0 0.0 0.0 0.0 0.0 0.0 0.0 0.0 0.0 0.0 0.0 0.0 0.0 0.0 0.0 0.0 0.0 1.0 0.0 0.0 0.0 0.0 0.0 0.0 0.0
110 0.0 0.0 0.0 0.0 0.0 0.0 0.0 0.0 0.0 1.0 0.0 0.0 0.0 0.0 0.0 0.0 0.0 0.0 0.0 0.0 0.0 0.0 0.0 0.0 0.0 0.0 0.0 0.0 0.0 0.0 0.0 0.0
115 0.0 0.0 0.0 0.0 0.0 0.0 0.0 0.0 0.0 0.0 0.0 0.0 0.0 0.0 0.0 0.0 0.0 0.0 0.0 0.0 0.0 0.0 0.0 0.0 0.0 0.0 0.0 0.0 0.0 0.0 1.0 0.0
120 0.0 0.0 0.0 0.0 0.0 0.0 0.0 3.0 0.0 2.0 1.0 0.0 0.0 0.0 0.0 1.0 1.0 0.0 0.0 0.0 0.0 0.0 0.0 0.0 0.0 0.0 0.0 0.0 0.0 0.0 0.0 0.0
125 0.0 0.0 0.0 0.0 0.0 0.0 0.0 0.0 0.0 0.0 0.0 0.0 0.0 1.0 0.0 1.0 0.0 0.0 0.0 0.0 0.0 0.0 0.0 0.0 0.0 0.0 0.0 0.0 0.0 0.0 0.0 0.0
130 1.0 0.0 0.0 0.0 0.0 0.0 0.0 1.0 0.0 1.0 0.0 0.0 1.0 0.0 0.0 0.0 0.0 0.0 1.0 0.0 0.0 1.0 0.0 0.0 0.0 0.0 0.0 1.0 1.0 0.0 0.0 0.0
135 0.0 3.0 1.0 5.0 0.0 1.0 0.0 2.0 0.0 8.0 3.0 1.0 8.0 0.0 1.0 0.0 3.0 1.0 8.0 1.0 1.0 1.0 0.0 2.0 0.0 4.0 0.0 4.0 0.0 0.0 0.0 0.0
140 15.0 44.0 21.0 64.0 19.0 2.0 25.0 42.0 10.0 80.0 33.0 26.0 46.0 9.0 10.0 31.0 14.0 14.0 85.0 44.0 22.0 38.0 20.0 45.0 10.0 21.0 22.0 61.0 13.0 15.0 24.0 7.0
145 401.0 1676.0 902.0 2213.0 513.0 503.0 603.0 1631.0 372.0 2259.0 1265.0 1126.0 1346.0 390.0 442.0 1060.0 774.0 563.0 2190.0 1213.0 987.0 943.0 653.0 1279.0 561.0 1101.0 1057.0 2058.0 520.0 713.0 1170.0 663.0
150 19462.0 43955.0 25103.0 63527.0 22179.0 21027.0 15193.0 42178.0 13839.0 35921.0 34841.0 28855.0 28690.0 15155.0 18701.0 25599.0 28899.0 20667.0 37377.0 32220.0 24924.0 23684.0 19942.0 27206.0 16509.0 29483.0 23923.0 50854.0 16562.0 22737.0 35971.0 29822.0
155 17581507.0 17581652.0 17576889.0 17559835.0 17580450.0 17558943.0 17570245.0 17559554.0 17570541.0 17558749.0 17571260.0 17559593.0 17569506.0 17573925.0 17571787.0 17559713.0 17568798.0 17569721.0 17567762.0 17568578.0 17558774.0 17568947.0 17558776.0 17565775.0 17558456.0 17568980.0 17557743.0 17567964.0 17557928.0 17570039.0 17570108.0 17569518.0
160 17849356.0 17847361.0 17841892.0 17819412.0 17846512.0 17818515.0 17835168.0 17818628.0 17835359.0 17818699.0 17839080.0 17818996.0 17835297.0 17837347.0 17835518.0 17818743.0 17833246.0 17832772.0 17832894.0 17833625.0 17818170.0 17832374.0 17818243.0 17828565.0 17818133.0 17833442.0 17817628.0 17832548.0 17817769.0 17832884.0 17834681.0 17833640.0
165 18222855.0 18220297.0 18218961.0 18210650.0 18220551.0 18210579.0 18216306.0 18210618.0 18216443.0 18210768.0 18217656.0 18210816.0 18215733.0 18216496.0 18215730.0 18210691.0 18214867.0 18214471.0 18214373.0 18215377.0 18210446.0 18214505.0 18210394.0 18213275.0 18210333.0 18214926.0 18210179.0 18214289.0 18210216.0 18214193.0 18214875.0 18214030.0
170 18508542.0 18507175.0 18508016.0 18502945.0 18509279.0 18501850.0 18506471.0 18502895.0 18507276.0 18502518.0 18506192.0 18502293.0 18504656.0 18507670.0 18506468.0 18501603.0 18503843.0 18504736.0 18502683.0 18503162.0 18500399.0 18502786.0 18499761.0 18501471.0 18499728.0 18501652.0 18499453.0 18501010.0 18499391.0 18501417.0 18501370.0 18500622.0
175 18129902.0 18197075.0 18182381.0 18022536.0 18193992.0 18036869.0 18163646.0 18030978.0 18140293.0 18047874.0 18116621.0 18046490.0 18115988.0 18140782.0 18127715.0 18065704.0 18106333.0 18121680.0 18110731.0 18096869.0 18046984.0 18115375.0 18053989.0 18101380.0 18056347.0 18106067.0 18031929.0 18094322.0 18050906.0 18120464.0 18113097.0 18114842.0
180 9765936.0 9535914.0 9547285.0 9219782.0 9718393.0 9514772.0 9765850.0 9446845.0 9671137.0 9664229.0 9419325.0 9601994.0 9570129.0 9778575.0 9728954.0 9828711.0 9479289.0 9699459.0 9582919.0 9355449.0 9615522.0 9623411.0 9794662.0 9541769.0 9868703.0 9511876.0 9516929.0 9324045.0 9800026.0 9720907.0 9517217.0 9466990.0
185 845145.0 845829.0 837372.0 700260.0 896804.0 752248.0 929231.0 738976.0 852451.0 826174.0 753274.0 779880.0 818549.0 887854.0 866252.0 851961.0 765916.0 846621.0 831269.0 740028.0 770433.0 823985.0 828074.0 843819.0 841815.0 797133.0 743960.0 751255.0 811512.0 882204.0 790728.0 755339.0
190 115647.0 107700.0 105982.0 127052.0 108547.0 97779.0 113384.0 115632.0 107154.0 130229.0 110439.0 106072.0 116542.0 100421.0 96477.0 116259.0 101852.0 113029.0 126292.0 129011.0 106627.0 116781.0 105940.0 151710.0 108659.0 112217.0 118316.0 128865.0 98916.0 116011.0 104667.0 87429.0
195 76412.0 90443.0 78291.0 86916.0 66737.0 42907.0 100591.0 94258.0 77489.0 124142.0 78545.0 78064.0 102753.0 70739.0 51500.0 87614.0 45827.0 67196.0 119163.0 74121.0 84661.0 93594.0 76416.0 110069.0 85964.0 77444.0 95070.0 98418.0 66001.0 77293.0 68609.0 37968.0
200 11853.0 27637.0 16113.0 13740.0 9041.0 4146.0 36541.0 26309.0 14456.0 72619.0 14353.0 16439.0 39167.0 12748.0 5637.0 19602.0 4306.0 8154.0 66180.0 9047.0 20867.0 23530.0 15665.0 20697.0 19848.0 15703.0 25112.0 21638.0 10494.0 11923.0 10225.0 3933.0
205 2241.0 2922.0 2175.0 2571.0 2050.0 1695.0 3423.0 2894.0 2279.0 10033.0 2355.0 2305.0 3910.0 2020.0 1708.0 2541.0 1799.0 2130.0 8813.0 2484.0 2453.0 2847.0 2226.0 3227.0 2383.0 2371.0 2874.0 2917.0 1955.0 2230.0 1928.0 1483.0
210 1409.0 1673.0 1410.0 1688.0 1364.0 934.0 1933.0 1821.0 1387.0 2608.0 1535.0 1407.0 1945.0 1320.0 1060.0 1684.0 1000.0 1251.0 2445.0 1543.0 1550.0 1734.0 1456.0 2031.0 1605.0 1493.0 1868.0 1844.0 1285.0 1471.0 1314.0 842.0
215 929.0 964.0 837.0 1007.0 760.0 601.0 1094.0 1133.0 749.0 1780.0 913.0 860.0 1240.0 776.0 604.0 986.0 641.0 679.0 1658.0 1031.0 966.0 1077.0 866.0 1198.0 914.0 918.0 1149.0 1170.0 702.0 836.0 805.0 496.0
220 740.0 665.0 597.0 735.0 479.0 355.0 743.0 854.0 599.0 1149.0 697.0 617.0 821.0 548.0 426.0 700.0 423.0 588.0 1167.0 754.0 750.0 809.0 580.0 876.0 684.0 699.0 786.0 882.0 547.0 616.0 646.0 354.0
225 440.0 528.0 390.0 488.0 257.0 111.0 663.0 621.0 354.0 925.0 491.0 400.0 693.0 307.0 157.0 520.0 140.0 261.0 923.0 406.0 507.0 649.0 386.0 498.0 491.0 437.0 641.0 671.0 311.0 332.0 321.0 88.0
230 99.0 284.0 118.0 141.0 49.0 15.0 350.0 326.0 90.0 723.0 181.0 137.0 435.0 54.0 21.0 172.0 22.0 41.0 766.0 75.0 184.0 261.0 127.0 158.0 122.0 147.0 238.0 231.0 46.0 75.0 77.0 24.0
235 19.0 53.0 13.0 23.0 7.0 10.0 69.0 60.0 10.0 368.0 28.0 21.0 120.0 17.0 7.0 26.0 11.0 15.0 332.0 27.0 39.0 35.0 26.0 26.0 18.0 23.0 41.0 36.0 13.0 14.0 15.0 9.0
240 5.0 10.0 9.0 17.0 13.0 6.0 11.0 23.0 11.0 71.0 15.0 8.0 20.0 7.0 2.0 14.0 6.0 4.0 59.0 10.0 16.0 11.0 14.0 18.0 6.0 10.0 12.0 18.0 6.0 10.0 12.0 6.0
245 7.0 10.0 6.0 9.0 6.0 7.0 16.0 11.0 4.0 28.0 8.0 1.0 13.0 2.0 1.0 3.0 5.0 2.0 26.0 10.0 8.0 12.0 10.0 7.0 6.0 11.0 14.0 13.0 8.0 9.0 4.0 3.0
250 3.0 2.0 3.0 10.0 2.0 0.0 9.0 10.0 5.0 16.0 4.0 6.0 11.0 2.0 2.0 9.0 1.0 4.0 18.0 2.0 8.0 7.0 2.0 10.0 6.0 8.0 20.0 14.0 3.0 1.0 4.0 1.0
255 6.0 7.0 3.0 6.0 1.0 0.0 8.0 6.0 5.0 10.0 5.0 1.0 9.0 4.0 0.0 5.0 1.0 1.0 10.0 2.0 2.0 5.0 1.0 5.0 2.0 2.0 10.0 8.0 2.0 5.0 3.0 0.0
260 0.0 2.0 1.0 4.0 0.0 0.0 3.0 2.0 3.0 12.0 6.0 2.0 5.0 0.0 3.0 1.0 0.0 0.0 9.0 0.0 2.0 3.0 1.0 1.0 0.0 3.0 2.0 5.0 1.0 0.0 3.0 1.0
265 0.0 1.0 2.0 0.0 0.0 0.0 1.0 0.0 1.0 9.0 2.0 1.0 2.0 0.0 0.0 2.0 0.0 0.0 6.0 0.0 1.0 1.0 1.0 1.0 1.0 0.0 2.0 2.0 0.0 0.0 0.0 0.0
270 0.0 0.0 0.0 0.0 0.0 0.0 0.0 1.0 0.0 4.0 0.0 0.0 0.0 0.0 0.0 0.0 0.0 0.0 6.0 0.0 1.0 0.0 0.0 0.0 0.0 2.0 1.0 0.0 0.0 0.0 0.0 0.0
275 0.0 0.0 0.0 0.0 0.0 0.0 0.0 0.0 0.0 1.0 0.0 0.0 1.0 0.0 0.0 0.0 0.0 0.0 0.0 0.0 0.0 0.0 0.0 0.0 0.0 0.0 0.0 0.0 0.0 0.0 0.0 0.0
280 0.0 0.0 0.0 0.0 0.0 0.0 0.0 0.0 0.0 0.0 0.0 0.0 0.0 0.0 1.0 0.0 1.0 0.0 2.0 1.0 0.0 0.0 0.0 0.0 0.0 1.0 1.0 1.0 0.0 0.0 0.0 0.0
285 1.0 0.0 0.0 0.0 0.0 0.0 0.0 0.0 0.0 0.0 0.0 0.0 0.0 0.0 1.0 0.0 0.0 0.0 0.0 0.0 0.0 0.0 1.0 1.0 0.0 0.0 0.0 0.0 0.0 1.0 0.0 0.0
290 0.0 0.0 0.0 0.0 0.0 0.0 0.0 0.0 0.0 0.0 0.0 0.0 0.0 0.0 0.0 0.0 0.0 0.0 0.0 0.0 0.0 0.0 0.0 0.0 0.0 0.0 1.0 0.0 0.0 0.0 0.0 0.0
295 0.0 0.0 0.0 0.0 0.0 0.0 1.0 1.0 0.0 0.0 1.0 0.0 0.0 0.0 0.0 0.0 0.0 0.0 0.0 0.0 0.0 0.0 0.0 0.0 0.0 0.0 0.0 0.0 0.0 0.0 0.0 0.0
300 0.0 0.0 0.0 0.0 0.0 0.0 1.0 0.0 1.0 0.0 0.0 0.0 1.0 1.0 0.0 0.0 0.0 0.0 0.0 0.0 0.0 0.0 0.0 0.0 0.0 0.0 0.0 0.0 0.0 0.0 0.0 0.0
305 0.0 0.0 1.0 0.0 0.0 0.0 0.0 0.0 0.0 0.0 0.0 0.0 0.0 0.0 0.0 0.0 0.0 0.0 0.0 0.0 0.0 0.0 0.0 0.0 1.0 0.0 0.0 0.0 1.0 0.0 0.0 0.0
310 0.0 0.0 0.0 0.0 0.0 0.0 0.0 0.0 0.0 0.0 0.0 1.0 1.0 0.0 0.0 0.0 0.0 0.0 0.0 0.0 0.0 1.0 0.0 0.0 0.0 0.0 0.0 0.0 0.0 0.0 0.0 0.0
315 1.0 0.0 0.0 0.0 1.0 0.0 0.0 0.0 0.0 0.0 0.0 0.0 0.0 0.0 0.0 0.0 0.0 0.0 0.0 1.0 0.0 0.0 0.0 0.0 0.0 0.0 0.0 0.0 0.0 0.0 0.0 0.0
320 1.0 0.0 0.0 0.0 0.0 0.0 0.0 0.0 0.0 0.0 0.0 0.0 1.0 0.0 0.0 0.0 0.0 0.0 0.0 0.0 0.0 0.0 0.0 0.0 1.0 0.0 0.0 0.0 0.0 0.0 0.0 0.0
325 0.0 0.0 0.0 0.0 0.0 0.0 0.0 0.0 0.0 0.0 0.0 0.0 0.0 0.0 0.0 0.0 0.0 0.0 0.0 1.0 0.0 0.0 0.0 0.0 0.0 0.0 0.0 0.0 0.0 0.0 1.0 1.0
330 0.0 0.0 0.0 0.0 0.0 0.0 0.0 0.0 0.0 0.0 0.0 0.0 0.0 0.0 0.0 0.0 0.0 0.0 0.0 0.0 0.0 0.0 0.0 0.0 0.0 1.0 0.0 0.0 0.0 0.0 0.0 0.0
335 0.0 0.0 0.0 0.0 0.0 0.0 0.0 0.0 0.0 0.0 0.0 0.0 0.0 0.0 0.0 0.0 1.0 0.0 0.0 0.0 0.0 1.0 0.0 0.0 0.0 0.0 1.0 0.0 0.0 0.0 0.0 0.0
340 0.0 1.0 0.0 0.0 0.0 0.0 0.0 0.0 0.0 0.0 0.0 0.0 0.0 0.0 0.0 0.0 0.0 0.0 0.0 0.0 0.0 0.0 0.0 0.0 0.0 0.0 0.0 0.0 0.0 0.0 0.0 0.0
345 0.0 0.0 0.0 1.0 0.0 0.0 0.0 0.0 0.0 1.0 0.0 0.0 0.0 0.0 0.0 0.0 0.0 0.0 1.0 0.0 0.0 0.0 0.0 0.0 0.0 0.0 0.0 0.0 0.0 0.0 1.0 0.0
350 0.0 0.0 0.0 0.0 0.0 0.0 0.0 0.0 0.0 0.0 0.0 0.0 0.0 0.0 0.0 0.0 0.0 1.0 0.0 0.0 0.0 0.0 0.0 0.0 0.0 0.0 0.0 0.0 0.0 0.0 0.0 0.0
355 1.0 0.0 0.0 0.0 0.0 0.0 0.0 0.0 0.0 0.0 0.0 1.0 0.0 0.0 0.0 0.0 0.0 0.0 0.0 0.0 0.0 0.0 1.0 1.0 0.0 0.0 0.0 0.0 1.0 0.0 0.0 0.0
360 0.0 0.0 0.0 0.0 0.0 0.0 0.0 0.0 0.0 0.0 0.0 0.0 0.0 0.0 0.0 0.0 0.0 0.0 0.0 0.0 0.0 0.0 0.0 0.0 0.0 0.0 0.0 0.0 0.0 0.0 0.0 0.0
365 1.0 0.0 0.0 0.0 0.0 1.0 0.0 0.0 1.0 0.0 0.0 0.0 1.0 0.0 0.0 0.0 0.0 0.0 0.0 0.0 0.0 0.0 1.0 0.0 0.0 1.0 0.0 0.0 0.0 0.0 0.0 0.0
370 0.0 0.0 0.0 0.0 0.0 0.0 0.0 0.0 0.0 0.0 0.0 0.0 0.0 0.0 0.0 1.0 0.0 0.0 0.0 0.0 0.0 0.0 0.0 0.0 0.0 0.0 0.0 0.0 0.0 0.0 0.0 0.0
375 0.0 1.0 0.0 0.0 0.0 0.0 0.0 0.0 0.0 0.0 0.0 0.0 0.0 0.0 0.0 0.0 0.0 0.0 0.0 0.0 0.0 1.0 0.0 1.0 0.0 0.0 0.0 0.0 0.0 0.0 0.0 0.0
380 0.0 1.0 0.0 0.0 0.0 0.0 0.0 0.0 0.0 0.0 0.0 0.0 0.0 0.0 0.0 0.0 1.0 0.0 0.0 0.0 0.0 0.0 0.0 0.0 0.0 0.0 0.0 0.0 0.0 0.0 0.0 0.0
385 0.0 0.0 0.0 0.0 0.0 0.0 0.0 0.0 0.0 0.0 0.0 0.0 0.0 0.0 0.0 0.0 0.0 0.0 0.0 0.0 0.0 0.0 0.0 0.0 0.0 2.0 0.0 0.0 0.0 0.0 0.0 0.0
390 0.0 0.0 0.0 0.0 0.0 0.0 0.0 0.0 0.0 0.0 0.0 0.0 0.0 0.0 0.0 0.0 0.0 1.0 0.0 0.0 0.0 0.0 1.0 0.0 0.0 0.0 0.0 0.0 0.0 0.0 0.0 0.0
395 1.0 0.0 0.0 0.0 0.0 0.0 0.0 0.0 0.0 0.0 0.0 0.0 0.0 0.0 0.0 0.0 0.0 1.0 0.0 0.0 1.0 0.0 0.0 0.0 0.0 0.0 0.0 0.0 0.0 0.0 0.0 0.0
400 0.0 0.0 0.0 0.0 0.0 0.0 0.0 0.0 0.0 0.0 0.0 0.0 0.0 0.0 0.0 0.0 0.0 0.0 0.0 0.0 0.0 0.0 0.0 0.0 0.0 0.0 0.0 0.0 0.0 0.0 0.0 0.0
405 0.0 0.0 0.0 0.0 0.0 0.0 0.0 0.0 0.0 0.0 0.0 0.0 0.0 0.0 0.0 0.0 0.0 0.0 0.0 0.0 0.0 0.0 0.0 0.0 0.0 0.0 1.0 0.0 0.0 0.0 0.0 0.0
410 0.0 0.0 0.0 0.0 0.0 0.0 0.0 0.0 0.0 0.0 0.0 0.0 0.0 0.0 0.0 1.0 0.0 0.0 1.0 0.0 0.0 0.0 0.0 0.0 0.0 0.0 0.0 0.0 0.0 0.0 0.0 0.0
415 0.0 0.0 0.0 0.0 0.0 0.0 0.0 0.0 0.0 0.0 0.0 0.0 0.0 0.0 0.0 0.0 0.0 0.0 0.0 0.0 0.0 0.0 0.0 0.0 0.0 0.0 0.0 0.0 0.0 0.0 0.0 0.0
420 0.0 0.0 0.0 0.0 0.0 0.0 0.0 0.0 0.0 0.0 0.0 0.0 0.0 0.0 0.0 0.0 1.0 0.0 0.0 0.0 0.0 0.0 0.0 0.0 0.0 0.0 0.0 0.0 0.0 0.0 0.0 0.0
425 0.0 0.0 0.0 0.0 0.0 0.0 0.0 0.0 1.0 0.0 0.0 0.0 0.0 0.0 0.0 0.0 0.0 0.0 0.0 0.0 0.0 0.0 0.0 0.0 0.0 0.0 0.0 0.0 0.0 0.0 0.0 0.0
430 0.0 0.0 0.0 0.0 0.0 0.0 0.0 1.0 0.0 0.0 0.0 0.0 0.0 0.0 1.0 0.0 0.0 0.0 0.0 0.0 0.0 0.0 0.0 0.0 0.0 0.0 0.0 0.0 0.0 0.0 0.0 0.0
435 0.0 0.0 0.0 0.0 0.0 0.0 0.0 0.0 0.0 0.0 0.0 0.0 0.0 0.0 0.0 0.0 0.0 0.0 0.0 0.0 0.0 0.0 0.0 0.0 0.0 0.0 0.0 0.0 0.0 0.0 0.0 0.0
440 0.0 0.0 0.0 0.0 0.0 0.0 0.0 0.0 0.0 0.0 0.0 0.0 0.0 0.0 0.0 0.0 0.0 0.0 1.0 0.0 0.0 0.0 0.0 0.0 0.0 0.0 0.0 0.0 0.0 0.0 0.0 0.0
445 0.0 0.0 0.0 0.0 0.0 1.0 0.0 0.0 0.0 0.0 0.0 1.0 0.0 0.0 0.0 0.0 0.0 0.0 0.0 0.0 0.0 0.0 0.0 0.0 0.0 0.0 0.0 0.0 0.0 0.0 0.0 0.0
450 0.0 0.0 0.0 0.0 0.0 0.0 0.0 0.0 0.0 0.0 0.0 0.0 0.0 0.0 0.0 0.0 0.0 0.0 0.0 0.0 0.0 0.0 0.0 0.0 0.0 0.0 0.0 0.0 1.0 0.0 0.0 0.0
455 0.0 1.0 0.0 0.0 0.0 0.0 0.0 0.0 0.0 0.0 0.0 1.0 0.0 1.0 0.0 0.0 0.0 0.0 0.0 0.0 0.0 0.0 0.0 0.0 0.0 0.0 0.0 0.0 0.0 0.0 0.0 0.0
460 0.0 0.0 0.0 0.0 0.0 0.0 0.0 0.0 0.0 0.0 0.0 0.0 0.0 0.0 0.0 0.0 0.0 0.0 0.0 0.0 0.0 0.0 0.0 0.0 0.0 0.0 0.0 0.0 0.0 0.0 0.0 0.0
465 0.0 0.0 0.0 0.0 1.0 0.0 0.0 0.0 0.0 1.0 0.0 0.0 0.0 0.0 0.0 0.0 0.0 0.0 0.0 0.0 0.0 0.0 0.0 0.0 0.0 0.0 0.0 0.0 0.0 0.0 0.0 0.0
470 0.0 0.0 0.0 0.0 0.0 0.0 0.0 0.0 0.0 0.0 0.0 0.0 0.0 0.0 0.0 0.0 0.0 0.0 0.0 0.0 1.0 0.0 0.0 0.0 0.0 0.0 0.0 0.0 0.0 0.0 0.0 0.0
475 0.0 0.0 0.0 0.0 0.0 0.0 0.0 0.0 0.0 0.0 0.0 0.0 0.0 0.0 0.0 0.0 0.0 0.0 0.0 0.0 0.0 0.0 0.0 0.0 0.0 0.0 0.0 0.0 0.0 0.0 0.0 0.0
480 0.0 0.0 0.0 0.0 0.0 0.0 0.0 0.0 0.0 0.0 0.0 0.0 0.0 0.0 0.0 0.0 0.0 0.0 0.0 0.0 0.0 0.0 0.0 0.0 0.0 0.0 0.0 0.0 0.0 0.0 0.0 0.0
485 0.0 0.0 0.0 0.0 0.0 0.0 0.0 0.0 0.0 0.0 0.0 0.0 0.0 0.0 0.0 0.0 0.0 0.0 0.0 1.0 0.0 0.0 0.0 0.0 0.0 0.0 0.0 0.0 0.0 0.0 0.0 0.0
490 0.0 0.0 0.0 0.0 0.0 0.0 0.0 0.0 0.0 0.0 0.0 0.0 0.0 0.0 0.0 0.0 0.0 0.0 0.0 0.0 0.0 0.0 0.0 0.0 0.0 0.0 0.0 0.0 0.0 0.0 0.0 0.0
495 0.0 0.0 0.0 0.0 0.0 0.0 0.0 0.0 0.0 0.0 0.0 0.0 0.0 0.0 0.0 0.0 0.0 0.0 0.0 0.0 0.0 0.0 0.0 0.0 0.0 0.0 0.0 0.0 0.0 0.0 0.0 0.0
