100 0.0 0.0 0.0 0.0 0.0 0.0 0.0 0.0 0.0 0.0 0.0 0.0 0.0 0.0 0.0 0.0 0.0 0.0 1.0 0.0 1.0 0.0 0.0 0.0 0.0 0.0 0.0 0.0 0.0 0.0 1.0 0.0
105 1.0 0.0 0.0 0.0 0.0 0.0 1.0 0.0 0.0 0.0 0.0 0.0 0.0 0.0 0.0 0.0 0.0 0.0 0.0 0.0 0.0 0.0 0.0 0.0 0.0 0.0 0.0 0.0 0.0 0.0 0.0 0.0
110 0.0 0.0 0.0 0.0 0.0 0.0 0.0 0.0 0.0 0.0 0.0 0.0 0.0 0.0 0.0 0.0 0.0 0.0 0.0 0.0 0.0 0.0 0.0 0.0 0.0 0.0 0.0 0.0 0.0 0.0 0.0 0.0
115 0.0 0.0 0.0 0.0 0.0 0.0 0.0 2.0 0.0 0.0 0.0 0.0 1.0 0.0 0.0 0.0 0.0 0.0 0.0 1.0 0.0 0.0 0.0 0.0 0.0 0.0 0.0 0.0 0.0 2.0 2.0 0.0
120 2.0 0.0 0.0 0.0 0.0 1.0 1.0 1.0 0.0 0.0 0.0 1.0 2.0 0.0 0.0 0.0 0.0 0.0 1.0 0.0 0.0 0.0 0.0 0.0 0.0 0.0 0.0 0.0 2.0 0.0 0.0 0.0
125 0.0 0.0 2.0 1.0 0.0 0.0 0.0 0.0 2.0 0.0 0.0 0.0 0.0 0.0 3.0 0.0 1.0 1.0 0.0 1.0 1.0 2.0 0.0 2.0 0.0 0.0 0.0 0.0 2.0 0.0 1.0 0.0
130 9.0 5.0 5.0 5.0 2.0 11.0 1.0 0.0 4.0 1.0 3.0 0.0 6.0 3.0 3.0 2.0 0.0 2.0 0.0 14.0 2.0 2.0 1.0 0.0 2.0 0.0 4.0 0.0 6.0 1.0 4.0 2.0
135 92.0 48.0 35.0 21.0 38.0 55.0 18.0 22.0 51.0 36.0 28.0 12.0 51.0 57.0 60.0 51.0 70.0 26.0 14.0 96.0 33.0 74.0 24.0 4.0 35.0 6.0 70.0 38.0 107.0 36.0 35.0 33.0
140 580.0 247.0 239.0 97.0 201.0 263.0 122.0 185.0 226.0 125.0 145.0 106.0 286.0 250.0 279.0 275.0 405.0 141.0 84.0 497.0 163.0 281.0 247.0 85.0 170.0 67.0 361.0 240.0 494.0 218.0 258.0 147.0
145 5445.0 3831.0 3538.0 1782.0 3086.0 3933.0 1970.0 3125.0 3785.0 2448.0 2574.0 1700.0 4128.0 3777.0 4006.0 3904.0 4965.0 2229.0 1426.0 5606.0 2679.0 3983.0 3220.0 1690.0 2737.0 1444.0 4480.0 3508.0 5606.0 3529.0 3805.0 2528.0
150 9567475.0 9542424.0 9546831.0 9534658.0 9544232.0 9544249.0 9537735.0 9546057.0 9539998.0 9539712.0 9540939.0 9535233.0 9545926.0 9543292.0 9542050.0 9539273.0 9551055.0 9538020.0 9536840.0 9552216.0 9538648.0 9544966.0 9549578.0 9540289.0 9535648.0 9539074.0 9543918.0 9548286.0 9541982.0 9551566.0 9556265.0 9540189.0
155 17581762.0 17579458.0 17579492.0 17575700.0 17579843.0 17575448.0 17578536.0 17575651.0 17578112.0 17575724.0 17579195.0 17576261.0 17579460.0 17578775.0 17578077.0 17576147.0 17578818.0 17577735.0 17578603.0 17577968.0 17575720.0 17578548.0 17575980.0 17577974.0 17575630.0 17577307.0 17575234.0 17579104.0 17575000.0 17578998.0 17580232.0 17579818.0
160 17998353.0 17996060.0 17996365.0 17993323.0 17995781.0 17993146.0 17994846.0 17993215.0 17994608.0 17993170.0 17995181.0 17993523.0 17995219.0 17994832.0 17994281.0 17993216.0 17994611.0 17994293.0 17994506.0 17994267.0 17993154.0 17994466.0 17993276.0 17994252.0 17993069.0 17993868.0 17992837.0 17994583.0 17992630.0 17994566.0 17995301.0 17995097.0
165 18368667.0 18367528.0 18369765.0 18364170.0 18368100.0 18364050.0 18366514.0 18364131.0 18366213.0 18364504.0 18367986.0 18365973.0 18367745.0 18366564.0 18365423.0 18365636.0 18366393.0 18365366.0 18365739.0 18364727.0 18363730.0 18365303.0 18363621.0 18365072.0 18363162.0 18364066.0 18362722.0 18364711.0 18362341.0 18364591.0 18365449.0 18364787.0
170 18504228.0 18504854.0 18504046.0 18501645.0 18505007.0 18501501.0 18503517.0 18501395.0 18503172.0 18501552.0 18503772.0 18502346.0 18504363.0 18502623.0 18502585.0 18502227.0 18503425.0 18502509.0 18503012.0 18501898.0 18500933.0 18502053.0 18500956.0 18501577.0 18500380.0 18501343.0 18500096.0 18501726.0 18499880.0 18501852.0 18502138.0 18502867.0
175 16052957.0 16361698.0 16032643.0 15760137.0 16282567.0 15549816.0 16260103.0 15510296.0 16143865.0 15669811.0 16216109.0 15820422.0 16264701.0 16113936.0 16170651.0 15929602.0 16098803.0 16162368.0 16256465.0 15971786.0 15700084.0 16015430.0 15481575.0 15974772.0 15687018.0 15986663.0 15521905.0 16002007.0 15644140.0 16026162.0 16073512.0 16403182.0
180 10104809.0 10388926.0 10119264.0 10529506.0 10424698.0 10336375.0 10499803.0 10269729.0 10473874.0 10564117.0 10566654.0 10764552.0 10626496.0 10487606.0 10568591.0 10904092.0 10424202.0 10533118.0 10596965.0 10284973.0 10555817.0 10297038.0 10185356.0 10233550.0 10578716.0 10184143.0 10274274.0 10222465.0 10480592.0 10176393.0 10212902.0 10475604.0
185 1033678.0 1126731.0 1028497.0 1127914.0 1134147.0 1087214.0 1143265.0 1041615.0 1152952.0 1138054.0 1141766.0 1166619.0 1158969.0 1153622.0 1177697.0 1260712.0 1109524.0 1133006.0 1143996.0 1085291.0 1114372.0 1074950.0 1010421.0 1044991.0 1127668.0 1039391.0 1069409.0 1050326.0 1159164.0 1064537.0 1070124.0 1158634.0
190 121790.0 125404.0 123901.0 111268.0 114520.0 124232.0 118997.0 120098.0 144112.0 113764.0 118471.0 114005.0 123194.0 136514.0 162993.0 136907.0 128765.0 118730.0 119397.0 138170.0 115418.0 118047.0 107421.0 105936.0 123920.0 106291.0 125989.0 118412.0 163532.0 121797.0 121315.0 123992.0
195 121547.0 124350.0 123055.0 110595.0 113010.0 123119.0 116884.0 117996.0 141921.0 111700.0 117526.0 112805.0 120997.0 134616.0 160055.0 134149.0 127915.0 116819.0 117035.0 137307.0 114622.0 116753.0 107259.0 102882.0 122928.0 102699.0 125062.0 116809.0 161085.0 119544.0 119130.0 119611.0
200 117882.0 122748.0 116884.0 105620.0 109629.0 119373.0 113005.0 106371.0 139603.0 101541.0 112259.0 102878.0 120049.0 132778.0 158938.0 131968.0 125514.0 112843.0 105146.0 135330.0 109537.0 114433.0 94815.0 79192.0 118467.0 72737.0 122085.0 109007.0 158102.0 108767.0 106816.0 113250.0
205 75409.0 107768.0 69479.0 60804.0 77464.0 80761.0 72627.0 41649.0 114234.0 46101.0 69821.0 44697.0 102850.0 103529.0 128310.0 114079.0 97718.0 77104.0 43111.0 110943.0 70342.0 89870.0 37973.0 17483.0 80362.0 14492.0 96138.0 57990.0 134831.0 54081.0 48404.0 72246.0
210 12758.0 43748.0 10081.0 7749.0 15128.0 14787.0 11252.0 4450.0 35868.0 5551.0 10624.0 5157.0 36566.0 29041.0 32232.0 40230.0 24869.0 13855.0 4574.0 36084.0 12068.0 25449.0 4280.0 2591.0 14165.0 2384.0 28185.0 7874.0 53223.0 7058.0 6041.0 14017.0
215 2844.0 4964.0 2812.0 2494.0 2783.0 3055.0 2694.0 2375.0 4283.0 2195.0 2564.0 2322.0 4046.0 3931.0 4349.0 4583.0 3640.0 2672.0 2283.0 4424.0 2739.0 3458.0 2105.0 1713.0 3030.0 1621.0 3716.0 2413.0 6357.0 2290.0 2296.0 2608.0
220 2119.0 2713.0 2030.0 1750.0 1934.0 2135.0 1922.0 1570.0 2824.0 1613.0 1943.0 1614.0 2385.0 2457.0 3259.0 2731.0 2522.0 1965.0 1538.0 2826.0 2003.0 2241.0 1492.0 1183.0 2198.0 1166.0 2397.0 1695.0 3600.0 1695.0 1565.0 1902.0
225 1469.0 1815.0 1429.0 1231.0 1280.0 1482.0 1403.0 1239.0 1918.0 1106.0 1274.0 1135.0 1741.0 1686.0 2231.0 1953.0 1715.0 1355.0 1250.0 1966.0 1392.0 1598.0 1055.0 988.0 1520.0 901.0 1714.0 1223.0 2511.0 1175.0 1195.0 1316.0
230 1292.0 1539.0 1337.0 1141.0 1102.0 1312.0 1223.0 1160.0 1646.0 1035.0 1162.0 1087.0 1355.0 1480.0 2078.0 1626.0 1525.0 1205.0 1109.0 1591.0 1250.0 1300.0 971.0 868.0 1320.0 848.0 1437.0 1213.0 2060.0 1071.0 1093.0 1215.0
235 1247.0 1443.0 1261.0 1019.0 1031.0 1237.0 1110.0 1009.0 1500.0 932.0 1090.0 970.0 1294.0 1400.0 1807.0 1499.0 1415.0 1147.0 1004.0 1586.0 1142.0 1215.0 934.0 641.0 1295.0 506.0 1333.0 1034.0 1921.0 963.0 971.0 1118.0
240 1047.0 1380.0 1127.0 860.0 912.0 1074.0 959.0 702.0 1416.0 581.0 922.0 588.0 1216.0 1263.0 1617.0 1358.0 1309.0 966.0 577.0 1437.0 980.0 1147.0 612.0 213.0 1095.0 166.0 1207.0 846.0 1779.0 731.0 656.0 893.0
245 674.0 1160.0 562.0 315.0 536.0 596.0 457.0 195.0 1033.0 193.0 433.0 176.0 999.0 919.0 1221.0 1112.0 1004.0 490.0 130.0 1111.0 498.0 870.0 163.0 30.0 632.0 26.0 966.0 362.0 1356.0 294.0 233.0 446.0
250 204.0 606.0 111.0 60.0 147.0 157.0 95.0 51.0 436.0 41.0 91.0 43.0 493.0 343.0 411.0 529.0 397.0 131.0 26.0 619.0 113.0 364.0 27.0 21.0 162.0 20.0 422.0 79.0 710.0 40.0 42.0 112.0
255 37.0 140.0 42.0 28.0 36.0 37.0 32.0 21.0 71.0 19.0 25.0 28.0 99.0 79.0 64.0 104.0 80.0 35.0 17.0 120.0 30.0 77.0 23.0 14.0 31.0 14.0 94.0 24.0 160.0 15.0 23.0 34.0
260 21.0 46.0 24.0 18.0 15.0 35.0 21.0 14.0 33.0 15.0 16.0 16.0 24.0 29.0 43.0 45.0 35.0 19.0 19.0 42.0 22.0 34.0 17.0 18.0 20.0 15.0 30.0 20.0 45.0 23.0 12.0 21.0
265 20.0 38.0 19.0 14.0 20.0 25.0 21.0 16.0 22.0 12.0 19.0 7.0 29.0 32.0 43.0 21.0 32.0 20.0 10.0 25.0 20.0 19.0 16.0 7.0 20.0 14.0 23.0 20.0 32.0 20.0 19.0 11.0
270 27.0 26.0 16.0 11.0 16.0 18.0 15.0 11.0 17.0 8.0 12.0 11.0 19.0 18.0 32.0 20.0 25.0 16.0 9.0 22.0 15.0 18.0 11.0 8.0 13.0 5.0 21.0 21.0 32.0 14.0 13.0 17.0
275 17.0 30.0 23.0 10.0 9.0 22.0 17.0 8.0 26.0 7.0 10.0 11.0 20.0 15.0 36.0 27.0 24.0 17.0 7.0 30.0 13.0 15.0 6.0 4.0 26.0 4.0 20.0 10.0 20.0 10.0 10.0 11.0
280 17.0 19.0 14.0 5.0 12.0 11.0 10.0 5.0 15.0 2.0 11.0 7.0 17.0 14.0 27.0 29.0 14.0 10.0 5.0 26.0 13.0 17.0 3.0 2.0 8.0 0.0 23.0 8.0 28.0 2.0 6.0 5.0
285 9.0 18.0 3.0 7.0 9.0 7.0 6.0 1.0 9.0 0.0 3.0 3.0 20.0 11.0 11.0 11.0 8.0 4.0 0.0 19.0 3.0 13.0 0.0 0.0 7.0 0.0 15.0 5.0 21.0 1.0 2.0 3.0
290 3.0 8.0 0.0 1.0 2.0 2.0 1.0 0.0 1.0 0.0 0.0 0.0 12.0 9.0 3.0 10.0 3.0 2.0 0.0 14.0 4.0 5.0 1.0 0.0 1.0 0.0 4.0 2.0 13.0 0.0 2.0 0.0
295 2.0 7.0 0.0 0.0 0.0 0.0 0.0 0.0 3.0 0.0 1.0 2.0 3.0 0.0 1.0 4.0 3.0 1.0 1.0 3.0 2.0 2.0 1.0 0.0 1.0 0.0 0.0 0.0 2.0 0.0 0.0 2.0
300 0.0 1.0 0.0 0.0 0.0 0.0 1.0 1.0 0.0 0.0 0.0 1.0 1.0 1.0 0.0 0.0 0.0 1.0 2.0 0.0 0.0 1.0 0.0 0.0 0.0 0.0 1.0 0.0 2.0 0.0 0.0 0.0
305 2.0 0.0 1.0 1.0 0.0 0.0 1.0 0.0 0.0 0.0 0.0 0.0 0.0 1.0 0.0 0.0 2.0 3.0 1.0 2.0 0.0 0.0 0.0 0.0 2.0 0.0 0.0 0.0 0.0 1.0 2.0 0.0
310 0.0 0.0 0.0 0.0 1.0 0.0 0.0 0.0 1.0 0.0 0.0 1.0 0.0 1.0 0.0 1.0 0.0 1.0 0.0 1.0 0.0 1.0 1.0 0.0 0.0 0.0 1.0 1.0 0.0 1.0 0.0 1.0
315 0.0 0.0 1.0 0.0 0.0 1.0 0.0 0.0 0.0 0.0 1.0 0.0 0.0 0.0 2.0 0.0 0.0 1.0 0.0 1.0 0.0 0.0 0.0 0.0 0.0 0.0 1.0 0.0 0.0 0.0 1.0 0.0
320 0.0 1.0 1.0 0.0 0.0 0.0 0.0 0.0 0.0 1.0 0.0 0.0 1.0 1.0 0.0 1.0 1.0 0.0 0.0 0.0 0.0 0.0 1.0 0.0 0.0 1.0 1.0 0.0 0.0 0.0 0.0 0.0
325 0.0 0.0 0.0 0.0 0.0 0.0 0.0 0.0 0.0 1.0 1.0 0.0 0.0 0.0 1.0 1.0 1.0 0.0 1.0 0.0 3.0 3.0 1.0 1.0 0.0 0.0 1.0 0.0 0.0 0.0 0.0 0.0
330 1.0 0.0 1.0 1.0 0.0 0.0 0.0 0.0 0.0 0.0 1.0 1.0 1.0 0.0 0.0 1.0 0.0 0.0 0.0 0.0 0.0 0.0 1.0 0.0 0.0 0.0 1.0 0.0 0.0 0.0 0.0 0.0
335 0.0 0.0 0.0 0.0 0.0 0.0 0.0 0.0 0.0 0.0 0.0 0.0 0.0 0.0 0.0 0.0 0.0 1.0 0.0 0.0 0.0 0.0 0.0 2.0 0.0 0.0 0.0 0.0 0.0 0.0 0.0 0.0
340 0.0 0.0 0.0 0.0 0.0 0.0 0.0 0.0 0.0 0.0 0.0 0.0 1.0 1.0 0.0 0.0 0.0 0.0 0.0 0.0 0.0 0.0 0.0 0.0 0.0 0.0 0.0 1.0 0.0 0.0 1.0 1.0
345 0.0 0.0 0.0 0.0 1.0 0.0 0.0 0.0 1.0 0.0 0.0 0.0 0.0 0.0 0.0 0.0 1.0 0.0 1.0 0.0 0.0 0.0 0.0 0.0 0.0 0.0 0.0 0.0 1.0 0.0 0.0 0.0
350 0.0 0.0 0.0 0.0 0.0 0.0 0.0 0.0 0.0 0.0 0.0 0.0 0.0 0.0 0.0 1.0 0.0 1.0 0.0 0.0 0.0 1.0 1.0 0.0 0.0 0.0 0.0 0.0 0.0 0.0 0.0 1.0
355 0.0 1.0 0.0 0.0 0.0 0.0 0.0 0.0 0.0 0.0 0.0 0.0 0.0 1.0 0.0 0.0 0.0 0.0 0.0 1.0 0.0 0.0 0.0 0.0 0.0 0.0 0.0 0.0 0.0 0.0 0.0 0.0
360 0.0 2.0 0.0 0.0 0.0 0.0 0.0 0.0 0.0 0.0 0.0 0.0 0.0 0.0 0.0 0.0 0.0 0.0 0.0 0.0 0.0 0.0 0.0 0.0 0.0 0.0 1.0 0.0 0.0 0.0 0.0 0.0
365 0.0 0.0 0.0 0.0 0.0 0.0 0.0 0.0 1.0 1.0 0.0 0.0 0.0 0.0 0.0 0.0 0.0 0.0 0.0 0.0 0.0 0.0 0.0 0.0 0.0 0.0 0.0 1.0 0.0 0.0 0.0 0.0
370 0.0 0.0 0.0 0.0 0.0 0.0 0.0 0.0 0.0 0.0 0.0 0.0 0.0 0.0 0.0 0.0 0.0 0.0 0.0 1.0 1.0 0.0 0.0 0.0 1.0 0.0 0.0 0.0 0.0 0.0 0.0 0.0
375 0.0 0.0 0.0 0.0 0.0 0.0 0.0 0.0 0.0 0.0 0.0 0.0 1.0 0.0 0.0 0.0 0.0 0.0 0.0 0.0 0.0 0.0 0.0 1.0 0.0 0.0 0.0 0.0 0.0 0.0 0.0 0.0
380 0.0 0.0 0.0 1.0 0.0 0.0 0.0 0.0 0.0 0.0 0.0 0.0 0.0 0.0 0.0 0.0 0.0 0.0 0.0 0.0 0.0 0.0 0.0 0.0 0.0 0.0 0.0 0.0 0.0 0.0 0.0 0.0
385 0.0 1.0 0.0 0.0 0.0 0.0 0.0 0.0 0.0 0.0 0.0 0.0 0.0 1.0 1.0 0.0 0.0 0.0 0.0 1.0 1.0 0.0 1.0 0.0 1.0 0.0 0.0 0.0 0.0 0.0 1.0 0.0
390 0.0 0.0 0.0 0.0 0.0 0.0 0.0 0.0 0.0 0.0 0.0 0.0 0.0 1.0 0.0 0.0 0.0 0.0 0.0 0.0 0.0 0.0 0.0 0.0 0.0 0.0 0.0 0.0 0.0 0.0 0.0 0.0
395 0.0 0.0 0.0 0.0 0.0 0.0 0.0 0.0 0.0 0.0 0.0 0.0 0.0 0.0 0.0 1.0 0.0 0.0 0.0 0.0 0.0 0.0 0.0 0.0 0.0 0.0 1.0 0.0 0.0 0.0 0.0 0.0
400 0.0 0.0 1.0 0.0 0.0 0.0 0.0 0.0 0.0 0.0 0.0 0.0 0.0 0.0 0.0 0.0 0.0 1.0 0.0 0.0 0.0 0.0 0.0 0.0 0.0 0.0 0.0 0.0 0.0 0.0 0.0 0.0
405 1.0 0.0 0.0 0.0 0.0 0.0 0.0 0.0 0.0 0.0 0.0 0.0 0.0 0.0 1.0 0.0 0.0 0.0 0.0 1.0 0.0 1.0 0.0 0.0 0.0 0.0 0.0 0.0 0.0 0.0 0.0 0.0
410 0.0 0.0 0.0 1.0 0.0 1.0 0.0 0.0 0.0 0.0 0.0 0.0 0.0 0.0 0.0 1.0 0.0 0.0 0.0 1.0 0.0 0.0 0.0 1.0 0.0 0.0 0.0 0.0 0.0 0.0 0.0 0.0
415 0.0 0.0 0.0 0.0 0.0 0.0 0.0 0.0 0.0 0.0 0.0 0.0 0.0 0.0 0.0 0.0 0.0 0.0 0.0 0.0 0.0 0.0 0.0 0.0 0.0 0.0 0.0 0.0 0.0 0.0 0.0 0.0
420 0.0 0.0 0.0 0.0 0.0 0.0 0.0 0.0 0.0 0.0 0.0 0.0 0.0 0.0 0.0 0.0 0.0 0.0 0.0 1.0 0.0 0.0 0.0 0.0 0.0 0.0 0.0 0.0 1.0 0.0 0.0 0.0
425 0.0 0.0 0.0 0.0 0.0 0.0 0.0 0.0 1.0 0.0 0.0 0.0 0.0 0.0 0.0 0.0 0.0 0.0 0.0 0.0 1.0 0.0 0.0 0.0 0.0 0.0 0.0 0.0 0.0 0.0 0.0 0.0
430 0.0 0.0 0.0 0.0 0.0 0.0 0.0 0.0 0.0 0.0 0.0 0.0 0.0 0.0 0.0 0.0 0.0 0.0 0.0 0.0 0.0 0.0 0.0 0.0 0.0 0.0 0.0 0.0 0.0 0.0 0.0 0.0
435 0.0 1.0 0.0 0.0 0.0 0.0 0.0 0.0 0.0 0.0 0.0 0.0 1.0 0.0 0.0 0.0 0.0 0.0 0.0 0.0 0.0 0.0 0.0 0.0 1.0 0.0 0.0 0.0 0.0 0.0 0.0 1.0
440 0.0 0.0 0.0 0.0 0.0 0.0 0.0 0.0 0.0 0.0 0.0 0.0 0.0 0.0 0.0 0.0 0.0 0.0 0.0 0.0 0.0 0.0 0.0 0.0 0.0 0.0 0.0 0.0 1.0 0.0 0.0 0.0
445 1.0 0.0 0.0 0.0 0.0 0.0 0.0 0.0 0.0 0.0 0.0 0.0 0.0 0.0 0.0 0.0 0.0 0.0 0.0 0.0 0.0 0.0 0.0 0.0 0.0 0.0 0.0 0.0 0.0 1.0 0.0 0.0
450 0.0 1.0 0.0 0.0 0.0 0.0 0.0 0.0 0.0 0.0 0.0 1.0 0.0 0.0 1.0 0.0 0.0 0.0 0.0 0.0 0.0 0.0 0.0 0.0 0.0 0.0 0.0 0.0 0.0 0.0 1.0 0.0
455 0.0 0.0 0.0 0.0 0.0 0.0 0.0 0.0 0.0 0.0 0.0 0.0 0.0 0.0 0.0 0.0 0.0 0.0 0.0 0.0 0.0 0.0 0.0 0.0 0.0 0.0 0.0 0.0 0.0 0.0 0.0 0.0
460 0.0 0.0 0.0 0.0 0.0 1.0 0.0 0.0 0.0 0.0 0.0 0.0 0.0 0.0 0.0 0.0 0.0 0.0 0.0 0.0 0.0 0.0 0.0 0.0 0.0 0.0 0.0 0.0 0.0 0.0 0.0 0.0
465 1.0 0.0 0.0 1.0 0.0 0.0 1.0 0.0 0.0 0.0 0.0 0.0 0.0 0.0 0.0 0.0 0.0 0.0 0.0 0.0 0.0 0.0 0.0 0.0 0.0 0.0 0.0 0.0 1.0 0.0 0.0 0.0
470 0.0 0.0 0.0 0.0 0.0 0.0 0.0 0.0 0.0 0.0 0.0 0.0 0.0 0.0 0.0 0.0 0.0 0.0 0.0 0.0 0.0 1.0 0.0 0.0 0.0 0.0 0.0 0.0 0.0 0.0 0.0 0.0
475 0.0 0.0 1.0 0.0 0.0 0.0 0.0 0.0 0.0 0.0 0.0 0.0 0.0 0.0 0.0 0.0 0.0 0.0 0.0 0.0 1.0 0.0 0.0 1.0 0.0 0.0 0.0 2.0 0.0 0.0 0.0 1.0
480 0.0 0.0 0.0 0.0 0.0 0.0 0.0 0.0 0.0 0.0 0.0 0.0 0.0 2.0 0.0 0.0 0.0 0.0 0.0 0.0 0.0 0.0 0.0 0.0 1.0 0.0 0.0 0.0 0.0 0.0 0.0 0.0
485 0.0 0.0 0.0 0.0 0.0 0.0 0.0 0.0 0.0 0.0 0.0 0.0 0.0 0.0 0.0 1.0 0.0 1.0 0.0 0.0 0.0 0.0 0.0 0.0 0.0 1.0 1.0 0.0 0.0 0.0 0.0 1.0
490 0.0 0.0 0.0 0.0 0.0 0.0 0.0 0.0 0.0 0.0 0.0 0.0 0.0 0.0 0.0 0.0 0.0 0.0 0.0 0.0 0.0 0.0 0.0 0.0 0.0 0.0 1.0 0.0 0.0 0.0 0.0 0.0
495 0.0 0.0 0.0 0.0 0.0 0.0 0.0 0.0 0.0 0.0 0.0 0.0 0.0 0.0 0.0 1.0 0.0 0.0 0.0 0.0 0.0 0.0 0.0 0.0 0.0 0.0 0.0 0.0 0.0 0.0 0.0 0.0
