100 0.0 1.0 0.0 0.0 0.0 0.0 0.0 0.0 0.0 0.0 0.0 0.0 0.0 0.0 1.0 0.0 0.0 0.0 0.0 2.0 0.0 0.0 0.0 0.0 0.0 0.0 0.0 0.0 0.0 0.0 0.0 0.0
105 0.0 0.0 0.0 1.0 0.0 0.0 0.0 0.0 0.0 0.0 0.0 0.0 0.0 0.0 0.0 0.0 0.0 0.0 1.0 0.0 0.0 0.0 0.0 0.0 0.0 0.0 0.0 0.0 0.0 0.0 0.0 0.0
110 0.0 0.0 0.0 2.0 1.0 0.0 0.0 0.0 0.0 1.0 0.0 0.0 0.0 0.0 2.0 1.0 1.0 0.0 0.0 0.0 0.0 0.0 0.0 0.0 0.0 0.0 0.0 0.0 0.0 0.0 0.0 0.0
115 1.0 1.0 1.0 0.0 1.0 1.0 0.0 1.0 2.0 2.0 1.0 0.0 0.0 0.0 0.0 0.0 1.0 1.0 0.0 0.0 0.0 1.0 1.0 0.0 0.0 0.0 0.0 0.0 1.0 0.0 2.0 2.0
120 3.0 2.0 1.0 0.0 1.0 1.0 2.0 1.0 3.0 3.0 1.0 2.0 1.0 0.0 6.0 0.0 2.0 1.0 2.0 0.0 0.0 2.0 2.0 1.0 3.0 0.0 4.0 2.0 3.0 1.0 1.0 0.0
125 26.0 5.0 4.0 5.0 9.0 8.0 1.0 2.0 5.0 10.0 1.0 2.0 2.0 1.0 5.0 0.0 1.0 1.0 6.0 3.0 4.0 2.0 11.0 10.0 9.0 3.0 3.0 7.0 3.0 2.0 9.0 6.0
130 71.0 11.0 17.0 11.0 40.0 54.0 19.0 22.0 38.0 50.0 15.0 33.0 33.0 3.0 23.0 9.0 22.0 12.0 29.0 10.0 11.0 26.0 33.0 19.0 25.0 14.0 15.0 35.0 16.0 15.0 31.0 20.0
135 189.0 95.0 108.0 66.0 152.0 175.0 69.0 103.0 121.0 148.0 85.0 103.0 127.0 70.0 123.0 43.0 119.0 88.0 99.0 83.0 60.0 161.0 160.0 120.0 118.0 90.0 114.0 152.0 118.0 93.0 117.0 118.0
140 1193.0 324.0 414.0 311.0 631.0 963.0 253.0 340.0 511.0 817.0 321.0 580.0 628.0 238.0 568.0 162.0 491.0 306.0 431.0 331.0 265.0 587.0 683.0 577.0 487.0 431.0 384.0 676.0 490.0 361.0 561.0 525.0
145 6363.0 3639.0 4873.0 4020.0 5646.0 7401.0 3342.0 4712.0 5243.0 6620.0 4391.0 5413.0 5804.0 3454.0 6196.0 2418.0 5503.0 4002.0 5234.0 4254.0 4096.0 6021.0 6357.0 5960.0 5112.0 5416.0 4565.0 6548.0 5438.0 4934.0 5712.0 5404.0
150 22585.0 13520.0 16100.0 14758.0 17257.0 25827.0 11547.0 16298.0 16489.0 26964.0 14795.0 21502.0 20853.0 16276.0 21454.0 11919.0 21480.0 13356.0 18389.0 16184.0 19080.0 21088.0 26476.0 32434.0 16776.0 35800.0 14945.0 26960.0 26308.0 23408.0 21194.0 24261.0
155 17507292.0 17506121.0 17505562.0 17500664.0 17503709.0 17496707.0 17504301.0 17499875.0 17502916.0 17498114.0 17504829.0 17499082.0 17505284.0 17504651.0 17504040.0 17501392.0 17505111.0 17503680.0 17503992.0 17504031.0 17500762.0 17503915.0 17497232.0 17504461.0 17495925.0 17504831.0 17493720.0 17503514.0 17498970.0 17505479.0 17504544.0 17507599.0
160 17970760.0 17970216.0 17970260.0 17968021.0 17969813.0 17967242.0 17969285.0 17967964.0 17969314.0 17967680.0 17969443.0 17967885.0 17969976.0 17969327.0 17969488.0 17968188.0 17969646.0 17969331.0 17969541.0 17969459.0 17967970.0 17969823.0 17967465.0 17969615.0 17967479.0 17969644.0 17966669.0 17970267.0 17967552.0 17970285.0 17970544.0 17971407.0
165 18361408.0 18360814.0 18360620.0 18358959.0 18360433.0 18358399.0 18359914.0 18358773.0 18359795.0 18358591.0 18359732.0 18358800.0 18360160.0 18359914.0 18359883.0 18358934.0 18360108.0 18359571.0 18359976.0 18359906.0 18358963.0 18360078.0 18358512.0 18360135.0 18358494.0 18360270.0 18358122.0 18360611.0 18358765.0 18360649.0 18360935.0 18361592.0
170 18628386.0 18628067.0 18628233.0 18626732.0 18628220.0 18625976.0 18627826.0 18626969.0 18627574.0 18626635.0 18627886.0 18626905.0 18628178.0 18627702.0 18628009.0 18626821.0 18627914.0 18627399.0 18627687.0 18627553.0 18626362.0 18627567.0 18625816.0 18627582.0 18625815.0 18627432.0 18625427.0 18627713.0 18625950.0 18627799.0 18627886.0 18628172.0
175 18373525.0 18385046.0 18357584.0 18275861.0 18356228.0 18242209.0 18361558.0 18268856.0 18342485.0 18251622.0 18351648.0 18268683.0 18350221.0 18320984.0 18330382.0 18301988.0 18329872.0 18351760.0 18324806.0 18335916.0 18263237.0 18325011.0 18248966.0 18296482.0 18274137.0 18297765.0 18262247.0 18311937.0 18239407.0 18313203.0 18325155.0 18322343.0
180 10443846.0 10615068.0 10410026.0 10565758.0 10492359.0 10437607.0 10685964.0 10694256.0 10570317.0 10553051.0 10755874.0 10699748.0 10677903.0 10472504.0 10584453.0 10988096.0 10511674.0 10855805.0 10533770.0 10697261.0 10644313.0 10544717.0 10527063.0 10272641.0 10866125.0 10232379.0 10738643.0 10409626.0 10362893.0 10415410.0 10522636.0 10370083.0
185 1266493.0 1328059.0 1238766.0 1282281.0 1262737.0 1246505.0 1335822.0 1330663.0 1287281.0 1263295.0 1362950.0 1320357.0 1302446.0 1234035.0 1289447.0 1436680.0 1238813.0 1391979.0 1241664.0 1330256.0 1294787.0 1285928.0 1275822.0 1173911.0 1405983.0 1158036.0 1356662.0 1233143.0 1239872.0 1241027.0 1282702.0 1201523.0
190 116744.0 111916.0 123205.0 117158.0 126788.0 132966.0 110365.0 119143.0 116500.0 120743.0 119526.0 114033.0 118012.0 111370.0 131303.0 112232.0 128682.0 128954.0 120608.0 129014.0 114563.0 124775.0 125681.0 119291.0 117910.0 118923.0 131607.0 128986.0 129267.0 130505.0 125357.0 118889.0
195 117316.0 111611.0 123021.0 117279.0 126063.0 132474.0 109205.0 118659.0 117085.0 120898.0 119284.0 113639.0 117449.0 110923.0 131281.0 111706.0 129602.0 127420.0 120606.0 127639.0 114137.0 123805.0 125737.0 118613.0 116542.0 117479.0 131183.0 128660.0 127289.0 128605.0 123207.0 119271.0
200 116445.0 111552.0 123166.0 116601.0 126721.0 133399.0 109051.0 117462.0 116726.0 121102.0 119833.0 113870.0 117868.0 110503.0 130762.0 110274.0 128424.0 126982.0 120788.0 127597.0 113203.0 123875.0 124936.0 117931.0 116701.0 116396.0 130685.0 128892.0 127610.0 127949.0 123608.0 117854.0
205 116464.0 109725.0 120790.0 113492.0 124330.0 131375.0 107337.0 116401.0 116057.0 119146.0 116993.0 111458.0 116246.0 100514.0 129222.0 99545.0 124433.0 125756.0 118586.0 125466.0 106651.0 122386.0 123322.0 114109.0 115625.0 98602.0 129295.0 126968.0 121626.0 119302.0 121017.0 115155.0
210 112487.0 91574.0 99979.0 78021.0 116795.0 121420.0 90069.0 93924.0 109247.0 102334.0 92410.0 94522.0 103437.0 43519.0 108379.0 40339.0 87289.0 108577.0 96015.0 97214.0 56355.0 110995.0 101264.0 75799.0 105971.0 41682.0 107183.0 110290.0 80083.0 68299.0 106588.0 83441.0
215 77015.0 27562.0 29827.0 13792.0 61327.0 56073.0 28566.0 25648.0 60063.0 34674.0 24289.0 30456.0 42194.0 5151.0 36363.0 4446.0 14823.0 41318.0 26018.0 24538.0 7013.0 51476.0 32043.0 12895.0 51915.0 5450.0 34261.0 41591.0 15730.0 12330.0 48735.0 22756.0
220 14597.0 3595.0 3834.0 2980.0 7618.0 7453.0 3759.0 3599.0 7684.0 4394.0 3420.0 3999.0 5020.0 2350.0 4537.0 2542.0 3468.0 5069.0 3461.0 3740.0 2723.0 6056.0 4447.0 3013.0 6189.0 2539.0 4476.0 5082.0 3378.0 3019.0 6450.0 3536.0
225 3236.0 2329.0 2701.0 2285.0 3232.0 3381.0 2380.0 2473.0 2980.0 2918.0 2531.0 2508.0 2749.0 1697.0 2917.0 1806.0 2568.0 2933.0 2628.0 2719.0 1957.0 2977.0 2760.0 2275.0 2870.0 1909.0 2947.0 2974.0 2397.0 2077.0 2849.0 2381.0
230 2553.0 1726.0 2029.0 1715.0 2400.0 2563.0 1782.0 1870.0 2283.0 2177.0 1913.0 1830.0 2185.0 1445.0 2262.0 1420.0 1990.0 2169.0 1998.0 2023.0 1440.0 2376.0 2127.0 1731.0 2261.0 1619.0 2287.0 2248.0 1913.0 1720.0 2154.0 1790.0
235 1997.0 1558.0 1696.0 1598.0 2034.0 2119.0 1534.0 1571.0 1880.0 1856.0 1600.0 1567.0 1786.0 1306.0 1912.0 1242.0 1850.0 1902.0 1736.0 1813.0 1426.0 1930.0 1831.0 1685.0 1787.0 1515.0 1923.0 1984.0 1740.0 1508.0 1806.0 1667.0
240 1932.0 1555.0 1675.0 1522.0 1928.0 1974.0 1453.0 1495.0 1767.0 1783.0 1563.0 1578.0 1640.0 1279.0 1722.0 1223.0 1694.0 1841.0 1617.0 1733.0 1395.0 1755.0 1768.0 1570.0 1697.0 1377.0 1857.0 1811.0 1557.0 1416.0 1777.0 1671.0
245 1804.0 1388.0 1615.0 1456.0 1828.0 2043.0 1374.0 1402.0 1742.0 1677.0 1493.0 1467.0 1619.0 1151.0 1692.0 1003.0 1581.0 1660.0 1544.0 1627.0 1208.0 1721.0 1617.0 1482.0 1777.0 1177.0 1867.0 1713.0 1469.0 1283.0 1568.0 1517.0
250 1794.0 1296.0 1440.0 1166.0 1750.0 1797.0 1211.0 1346.0 1613.0 1587.0 1237.0 1322.0 1533.0 582.0 1570.0 456.0 1273.0 1545.0 1441.0 1398.0 747.0 1649.0 1421.0 1191.0 1477.0 659.0 1619.0 1575.0 1231.0 906.0 1518.0 1267.0
255 1565.0 863.0 998.0 512.0 1551.0 1585.0 819.0 872.0 1433.0 1204.0 781.0 972.0 1296.0 140.0 1151.0 92.0 689.0 1157.0 966.0 788.0 251.0 1379.0 1053.0 578.0 1394.0 240.0 1152.0 1267.0 612.0 375.0 1232.0 852.0
260 1199.0 200.0 219.0 81.0 817.0 745.0 173.0 181.0 777.0 418.0 150.0 324.0 532.0 33.0 371.0 38.0 87.0 372.0 211.0 142.0 42.0 613.0 325.0 94.0 605.0 36.0 245.0 445.0 103.0 63.0 523.0 191.0
265 500.0 45.0 62.0 51.0 191.0 145.0 55.0 54.0 208.0 92.0 48.0 53.0 96.0 24.0 92.0 32.0 36.0 78.0 56.0 50.0 29.0 121.0 73.0 47.0 104.0 40.0 64.0 95.0 53.0 35.0 104.0 50.0
270 97.0 36.0 37.0 35.0 50.0 63.0 28.0 40.0 46.0 63.0 36.0 37.0 46.0 28.0 36.0 24.0 46.0 35.0 39.0 35.0 34.0 45.0 58.0 38.0 46.0 29.0 56.0 52.0 36.0 24.0 47.0 44.0
275 58.0 38.0 32.0 29.0 41.0 65.0 28.0 30.0 44.0 47.0 28.0 29.0 37.0 29.0 35.0 20.0 32.0 34.0 39.0 30.0 25.0 53.0 44.0 37.0 37.0 37.0 41.0 41.0 39.0 16.0 34.0 35.0
280 49.0 28.0 25.0 24.0 37.0 42.0 30.0 30.0 39.0 32.0 25.0 30.0 38.0 21.0 35.0 19.0 37.0 41.0 31.0 33.0 21.0 42.0 32.0 21.0 43.0 27.0 37.0 40.0 49.0 22.0 46.0 29.0
285 44.0 22.0 24.0 29.0 50.0 43.0 28.0 30.0 33.0 24.0 24.0 39.0 33.0 18.0 26.0 19.0 32.0 39.0 32.0 29.0 17.0 27.0 40.0 29.0 41.0 15.0 35.0 40.0 25.0 18.0 39.0 23.0
290 33.0 29.0 14.0 18.0 41.0 39.0 18.0 20.0 36.0 30.0 25.0 24.0 26.0 9.0 25.0 4.0 23.0 35.0 20.0 28.0 12.0 44.0 30.0 22.0 33.0 13.0 40.0 40.0 29.0 22.0 22.0 24.0
295 40.0 19.0 23.0 12.0 41.0 29.0 20.0 8.0 34.0 32.0 12.0 17.0 33.0 4.0 29.0 0.0 16.0 15.0 14.0 17.0 5.0 31.0 24.0 21.0 24.0 1.0 30.0 25.0 15.0 5.0 27.0 20.0
300 33.0 6.0 11.0 3.0 21.0 24.0 3.0 7.0 30.0 15.0 8.0 8.0 20.0 0.0 14.0 0.0 2.0 17.0 8.0 8.0 3.0 22.0 16.0 3.0 28.0 4.0 8.0 24.0 6.0 5.0 13.0 8.0
305 28.0 2.0 1.0 2.0 15.0 12.0 0.0 1.0 15.0 6.0 1.0 3.0 9.0 0.0 1.0 0.0 1.0 5.0 1.0 0.0 0.0 14.0 6.0 0.0 8.0 0.0 2.0 6.0 2.0 0.0 10.0 3.0
310 14.0 1.0 0.0 0.0 4.0 2.0 0.0 1.0 5.0 1.0 0.0 1.0 2.0 0.0 1.0 0.0 0.0 0.0 0.0 1.0 0.0 4.0 0.0 0.0 2.0 2.0 2.0 1.0 1.0 0.0 8.0 0.0
315 6.0 0.0 2.0 3.0 2.0 0.0 1.0 0.0 2.0 2.0 0.0 0.0 1.0 0.0 2.0 1.0 1.0 2.0 0.0 1.0 0.0 1.0 2.0 1.0 1.0 0.0 0.0 2.0 1.0 1.0 1.0 3.0
320 1.0 2.0 0.0 2.0 2.0 1.0 0.0 2.0 0.0 3.0 0.0 0.0 2.0 0.0 1.0 0.0 1.0 2.0 1.0 0.0 1.0 1.0 2.0 3.0 0.0 0.0 1.0 0.0 0.0 0.0 0.0 0.0
325 4.0 0.0 2.0 2.0 3.0 2.0 1.0 0.0 1.0 0.0 0.0 0.0 0.0 0.0 2.0 0.0 2.0 2.0 1.0 1.0 5.0 0.0 0.0 2.0 2.0 0.0 0.0 0.0 1.0 0.0 4.0 3.0
330 3.0 0.0 0.0 1.0 0.0 2.0 0.0 0.0 0.0 1.0 2.0 0.0 0.0 1.0 0.0 0.0 0.0 0.0 0.0 0.0 0.0 0.0 0.0 4.0 0.0 0.0 1.0 0.0 0.0 2.0 0.0 1.0
335 0.0 0.0 0.0 0.0 0.0 0.0 0.0 0.0 0.0 0.0 0.0 0.0 1.0 0.0 0.0 0.0 1.0 0.0 2.0 1.0 0.0 3.0 2.0 0.0 1.0 0.0 2.0 0.0 0.0 0.0 1.0 1.0
340 1.0 1.0 1.0 1.0 0.0 0.0 1.0 0.0 0.0 0.0 1.0 3.0 0.0 1.0 0.0 0.0 0.0 2.0 2.0 0.0 0.0 2.0 0.0 1.0 1.0 0.0 0.0 1.0 0.0 1.0 1.0 0.0
345 0.0 0.0 0.0 0.0 0.0 0.0 0.0 0.0 1.0 0.0 0.0 0.0 3.0 0.0 0.0 0.0 0.0 0.0 0.0 0.0 0.0 0.0 0.0 2.0 0.0 1.0 0.0 1.0 0.0 0.0 2.0 0.0
350 0.0 0.0 0.0 0.0 0.0 0.0 0.0 0.0 0.0 0.0 0.0 1.0 0.0 0.0 0.0 0.0 0.0 0.0 0.0 0.0 0.0 0.0 0.0 0.0 0.0 0.0 1.0 0.0 0.0 0.0 0.0 1.0
355 0.0 0.0 0.0 0.0 1.0 1.0 0.0 0.0 0.0 0.0 0.0 0.0 0.0 0.0 0.0 0.0 0.0 0.0 0.0 1.0 0.0 0.0 0.0 0.0 0.0 0.0 0.0 0.0 0.0 0.0 0.0 1.0
360 0.0 1.0 1.0 0.0 0.0 1.0 0.0 0.0 0.0 0.0 0.0 0.0 0.0 0.0 0.0 0.0 0.0 0.0 0.0 1.0 0.0 0.0 0.0 0.0 1.0 0.0 1.0 0.0 0.0 0.0 0.0 0.0
365 1.0 0.0 0.0 0.0 0.0 0.0 0.0 1.0 0.0 0.0 0.0 0.0 0.0 0.0 0.0 0.0 0.0 1.0 0.0 0.0 0.0 0.0 1.0 0.0 0.0 1.0 0.0 0.0 0.0 0.0 1.0 0.0
370 0.0 0.0 0.0 0.0 0.0 1.0 0.0 0.0 0.0 0.0 0.0 0.0 0.0 0.0 0.0 0.0 0.0 0.0 0.0 0.0 0.0 0.0 0.0 0.0 1.0 0.0 0.0 0.0 0.0 0.0 0.0 0.0
375 1.0 0.0 0.0 1.0 0.0 0.0 0.0 0.0 0.0 1.0 0.0 0.0 0.0 0.0 0.0 1.0 0.0 0.0 0.0 0.0 0.0 0.0 0.0 1.0 0.0 0.0 1.0 0.0 0.0 0.0 0.0 0.0
380 0.0 0.0 0.0 1.0 2.0 0.0 0.0 0.0 1.0 1.0 1.0 0.0 2.0 0.0 0.0 0.0 0.0 0.0 0.0 0.0 0.0 0.0 0.0 0.0 0.0 2.0 0.0 0.0 0.0 0.0 0.0 1.0
385 0.0 1.0 0.0 0.0 0.0 0.0 0.0 0.0 0.0 0.0 0.0 0.0 1.0 0.0 1.0 1.0 0.0 0.0 0.0 0.0 0.0 0.0 0.0 0.0 0.0 1.0 0.0 0.0 0.0 0.0 0.0 0.0
390 0.0 0.0 0.0 0.0 0.0 0.0 0.0 0.0 0.0 0.0 1.0 0.0 0.0 0.0 0.0 0.0 0.0 0.0 0.0 0.0 0.0 0.0 0.0 0.0 0.0 0.0 0.0 0.0 0.0 0.0 0.0 0.0
395 0.0 0.0 0.0 0.0 0.0 0.0 2.0 0.0 1.0 0.0 0.0 0.0 0.0 0.0 0.0 0.0 1.0 0.0 1.0 0.0 0.0 1.0 0.0 0.0 0.0 1.0 0.0 0.0 0.0 0.0 0.0 0.0
400 0.0 0.0 0.0 0.0 0.0 0.0 0.0 0.0 0.0 0.0 0.0 0.0 0.0 0.0 0.0 1.0 0.0 1.0 1.0 0.0 0.0 0.0 0.0 0.0 0.0 0.0 0.0 0.0 1.0 0.0 0.0 0.0
405 0.0 0.0 0.0 0.0 0.0 0.0 0.0 0.0 0.0 0.0 0.0 0.0 0.0 0.0 1.0 0.0 0.0 0.0 1.0 0.0 0.0 1.0 0.0 0.0 1.0 0.0 0.0 0.0 0.0 0.0 0.0 0.0
410 0.0 0.0 1.0 0.0 0.0 0.0 1.0 0.0 0.0 1.0 0.0 1.0 0.0 0.0 0.0 0.0 0.0 0.0 0.0 0.0 0.0 0.0 1.0 0.0 0.0 0.0 0.0 0.0 0.0 0.0 0.0 0.0
415 1.0 0.0 0.0 0.0 1.0 0.0 0.0 0.0 0.0 0.0 0.0 0.0 1.0 0.0 0.0 0.0 0.0 0.0 1.0 0.0 0.0 0.0 0.0 1.0 0.0 0.0 0.0 1.0 0.0 0.0 0.0 0.0
420 0.0 0.0 0.0 0.0 0.0 0.0 0.0 0.0 0.0 0.0 0.0 0.0 0.0 0.0 0.0 0.0 0.0 0.0 0.0 0.0 0.0 0.0 0.0 0.0 0.0 0.0 0.0 0.0 0.0 0.0 0.0 0.0
425 0.0 0.0 0.0 0.0 0.0 0.0 0.0 0.0 0.0 0.0 0.0 0.0 0.0 0.0 0.0 0.0 0.0 0.0 1.0 0.0 0.0 0.0 1.0 1.0 0.0 0.0 0.0 1.0 0.0 0.0 0.0 0.0
430 0.0 0.0 0.0 0.0 0.0 0.0 0.0 0.0 0.0 0.0 0.0 0.0 0.0 0.0 0.0 0.0 0.0 0.0 0.0 0.0 0.0 0.0 0.0 0.0 0.0 0.0 0.0 0.0 0.0 0.0 0.0 0.0
435 0.0 0.0 0.0 0.0 0.0 0.0 0.0 0.0 0.0 0.0 0.0 1.0 0.0 0.0 0.0 0.0 0.0 0.0 0.0 0.0 0.0 0.0 0.0 0.0 0.0 0.0 0.0 0.0 0.0 0.0 0.0 0.0
440 1.0 1.0 0.0 0.0 0.0 0.0 0.0 0.0 0.0 0.0 0.0 0.0 1.0 0.0 0.0 0.0 0.0 2.0 1.0 0.0 0.0 0.0 1.0 0.0 0.0 0.0 0.0 1.0 0.0 1.0 0.0 0.0
445 0.0 0.0 0.0 0.0 0.0 0.0 0.0 0.0 0.0 0.0 0.0 0.0 0.0 0.0 0.0 0.0 1.0 0.0 0.0 0.0 0.0 0.0 0.0 0.0 0.0 0.0 1.0 0.0 0.0 0.0 0.0 0.0
450 1.0 1.0 0.0 0.0 0.0 0.0 0.0 0.0 1.0 0.0 0.0 1.0 0.0 0.0 0.0 0.0 1.0 0.0 0.0 1.0 1.0 0.0 1.0 0.0 0.0 0.0 0.0 0.0 0.0 0.0 0.0 0.0
455 0.0 0.0 0.0 0.0 0.0 0.0 0.0 1.0 0.0 0.0 0.0 0.0 0.0 0.0 0.0 0.0 0.0 0.0 0.0 0.0 0.0 0.0 0.0 0.0 1.0 0.0 0.0 0.0 0.0 0.0 0.0 0.0
460 0.0 0.0 0.0 0.0 0.0 0.0 0.0 0.0 0.0 0.0 0.0 0.0 0.0 0.0 0.0 0.0 0.0 0.0 0.0 0.0 0.0 0.0 0.0 0.0 0.0 0.0 0.0 1.0 0.0 0.0 0.0 0.0
465 0.0 0.0 0.0 0.0 0.0 0.0 0.0 1.0 0.0 1.0 0.0 0.0 0.0 1.0 0.0 0.0 0.0 0.0 0.0 0.0 0.0 1.0 0.0 0.0 0.0 0.0 0.0 1.0 0.0 0.0 0.0 1.0
470 0.0 0.0 0.0 0.0 0.0 1.0 0.0 1.0 1.0 0.0 0.0 0.0 0.0 0.0 0.0 0.0 1.0 1.0 0.0 0.0 0.0 0.0 0.0 0.0 0.0 0.0 0.0 0.0 0.0 0.0 0.0 0.0
475 0.0 0.0 0.0 0.0 0.0 0.0 0.0 0.0 0.0 0.0 0.0 0.0 0.0 0.0 0.0 0.0 0.0 0.0 0.0 0.0 0.0 0.0 0.0 0.0 0.0 0.0 0.0 0.0 0.0 0.0 0.0 0.0
480 0.0 0.0 1.0 1.0 1.0 0.0 0.0 0.0 0.0 0.0 0.0 0.0 0.0 0.0 0.0 0.0 0.0 0.0 0.0 0.0 1.0 0.0 1.0 0.0 0.0 0.0 0.0 0.0 0.0 0.0 0.0 0.0
485 0.0 0.0 0.0 0.0 0.0 0.0 0.0 0.0 0.0 0.0 0.0 0.0 0.0 0.0 0.0 0.0 0.0 0.0 0.0 1.0 0.0 1.0 0.0 1.0 0.0 0.0 0.0 0.0 1.0 0.0 0.0 0.0
490 0.0 0.0 0.0 0.0 0.0 0.0 0.0 0.0 0.0 0.0 0.0 0.0 0.0 0.0 0.0 0.0 0.0 1.0 0.0 0.0 0.0 0.0 0.0 0.0 0.0 0.0 0.0 0.0 0.0 0.0 0.0 0.0
495 0.0 0.0 0.0 1.0 1.0 0.0 0.0 0.0 1.0 0.0 0.0 0.0 1.0 0.0 0.0 0.0 0.0 0.0 0.0 1.0 0.0 0.0 0.0 1.0 0.0 1.0 0.0 1.0 0.0 0.0 0.0 0.0
