100 0.0 0.0 1.0 2.0 0.0 0.0 0.0 0.0 0.0 0.0 1.0 0.0 0.0 0.0 0.0 0.0 0.0 0.0 0.0 0.0 0.0 0.0 0.0 0.0 0.0 1.0 0.0 0.0 0.0 0.0 0.0 0.0
105 0.0 0.0 0.0 0.0 1.0 0.0 0.0 0.0 0.0 0.0 0.0 0.0 0.0 0.0 0.0 0.0 0.0 0.0 0.0 0.0 0.0 0.0 0.0 0.0 0.0 0.0 2.0 0.0 0.0 0.0 0.0 0.0
110 1.0 0.0 0.0 0.0 0.0 1.0 1.0 0.0 1.0 1.0 0.0 0.0 1.0 0.0 0.0 1.0 1.0 0.0 0.0 0.0 1.0 0.0 1.0 0.0 0.0 0.0 0.0 1.0 0.0 0.0 0.0 1.0
115 1.0 0.0 1.0 0.0 2.0 4.0 0.0 0.0 0.0 0.0 1.0 1.0 1.0 0.0 0.0 2.0 0.0 0.0 0.0 0.0 0.0 0.0 0.0 0.0 0.0 0.0 0.0 0.0 0.0 0.0 0.0 0.0
120 2.0 2.0 0.0 3.0 3.0 1.0 0.0 0.0 1.0 0.0 0.0 2.0 2.0 0.0 0.0 0.0 0.0 0.0 0.0 0.0 2.0 0.0 2.0 0.0 0.0 2.0 1.0 2.0 0.0 0.0 0.0 0.0
125 4.0 2.0 3.0 5.0 4.0 6.0 1.0 4.0 3.0 1.0 1.0 9.0 3.0 1.0 1.0 8.0 5.0 7.0 2.0 1.0 3.0 0.0 1.0 4.0 1.0 4.0 3.0 2.0 5.0 4.0 0.0 3.0
130 11.0 14.0 7.0 28.0 40.0 51.0 13.0 7.0 15.0 17.0 11.0 52.0 25.0 13.0 6.0 9.0 15.0 9.0 2.0 12.0 10.0 9.0 16.0 14.0 1.0 10.0 16.0 15.0 11.0 8.0 3.0 15.0
135 102.0 74.0 54.0 154.0 188.0 173.0 57.0 68.0 96.0 119.0 47.0 230.0 119.0 74.0 47.0 73.0 78.0 45.0 38.0 86.0 103.0 46.0 65.0 106.0 28.0 75.0 88.0 88.0 73.0 59.0 47.0 112.0
140 298.0 244.0 198.0 345.0 595.0 533.0 236.0 227.0 297.0 338.0 176.0 666.0 371.0 246.0 174.0 264.0 323.0 238.0 169.0 265.0 345.0 274.0 188.0 338.0 148.0 274.0 239.0 315.0 267.0 202.0 166.0 304.0
145 3258.0 1996.0 1812.0 3420.0 5210.0 4931.0 1695.0 2392.0 2404.0 3205.0 1461.0 5427.0 3584.0 2288.0 1647.0 2028.0 2819.0 1837.0 1219.0 2106.0 3376.0 2195.0 1749.0 3285.0 932.0 2299.0 2467.0 2553.0 2212.0 1907.0 1322.0 2490.0
150 12079.0 10154.0 9241.0 12169.0 17384.0 14658.0 9336.0 12072.0 10372.0 11651.0 8434.0 15115.0 12626.0 10434.0 9315.0 10184.0 12247.0 9523.0 8025.0 10449.0 13690.0 12923.0 8943.0 12966.0 7160.0 11010.0 10601.0 11912.0 9952.0 9864.0 8701.0 10920.0
155 17421399.0 17416772.0 17415110.0 17405153.0 17413959.0 17404919.0 17413425.0 17407268.0 17412411.0 17405118.0 17411432.0 17402706.0 17414172.0 17414095.0 17414230.0 17405085.0 17413716.0 17412334.0 17411161.0 17410440.0 17406745.0 17411148.0 17403380.0 17409548.0 17404228.0 17408775.0 17400763.0 17407809.0 17401817.0 17410188.0 17409860.0 17410616.0
160 17983204.0 17976239.0 17974509.0 17968782.0 17973511.0 17968506.0 17972109.0 17968752.0 17971158.0 17968747.0 17970716.0 17968215.0 17972131.0 17971443.0 17971307.0 17968728.0 17971394.0 17970686.0 17970323.0 17970231.0 17968351.0 17970553.0 17968156.0 17970209.0 17968325.0 17970195.0 17967644.0 17969975.0 17967828.0 17971163.0 17970902.0 17972196.0
165 18369282.0 18364425.0 18363501.0 18359357.0 18362680.0 18359272.0 18361762.0 18359440.0 18360992.0 18359230.0 18360811.0 18359068.0 18361341.0 18361128.0 18361011.0 18359104.0 18361217.0 18360635.0 18360591.0 18360534.0 18359297.0 18360757.0 18359175.0 18360627.0 18359226.0 18360655.0 18358922.0 18360568.0 18359089.0 18361314.0 18361305.0 18362156.0
170 18630615.0 18629552.0 18629195.0 18626440.0 18628999.0 18626199.0 18628409.0 18626643.0 18628053.0 18626443.0 18627788.0 18626096.0 18628392.0 18628308.0 18628394.0 18626567.0 18628363.0 18627903.0 18627843.0 18627625.0 18626365.0 18627856.0 18626108.0 18627715.0 18626311.0 18627674.0 18625845.0 18627562.0 18626029.0 18628295.0 18628173.0 18628694.0
175 18793033.0 18790937.0 18789183.0 18783970.0 18787886.0 18782213.0 18786906.0 18782595.0 18785470.0 18783031.0 18784834.0 18781621.0 18786185.0 18785372.0 18785615.0 18782925.0 18784913.0 18783717.0 18782801.0 18782667.0 18780192.0 18781766.0 18779556.0 18781162.0 18779776.0 18781009.0 18778201.0 18780655.0 18778378.0 18781367.0 18781031.0 18781337.0
180 15230611.0 15235077.0 15089816.0 14797925.0 15001577.0 14591178.0 15052447.0 14519346.0 15012531.0 14716110.0 14986261.0 14739106.0 14993054.0 14987502.0 15012587.0 14984294.0 14954081.0 15033137.0 14904274.0 14989598.0 14610887.0 14881776.0 14802569.0 14797129.0 14826609.0 14894374.0 14716115.0 14886548.0 14792932.0 14926509.0 14928922.0 15059292.0
185 10249685.0 10388130.0 10320688.0 10562380.0 10297766.0 10318753.0 10380701.0 10161183.0 10433754.0 10565345.0 10416621.0 10585031.0 10435947.0 10441754.0 10515067.0 10969484.0 10395564.0 10549320.0 10315189.0 10491615.0 10295541.0 10297413.0 10735177.0 10141730.0 10754907.0 10289560.0 10526432.0 10279369.0 10674755.0 10331254.0 10305605.0 10488579.0
190 212207.0 251457.0 217039.0 264700.0 256494.0 200446.0 255559.0 171333.0 254861.0 227779.0 236998.0 244976.0 247437.0 239425.0 239479.0 323391.0 236584.0 267836.0 204417.0 254154.0 195302.0 247722.0 252587.0 189634.0 250143.0 218962.0 213165.0 227459.0 231232.0 206326.0 212731.0 253191.0
195 119677.0 130101.0 119979.0 130090.0 160994.0 129254.0 134744.0 128100.0 132248.0 123804.0 115131.0 135709.0 135775.0 127073.0 120203.0 133167.0 142834.0 129128.0 119514.0 136067.0 131103.0 167671.0 116969.0 129166.0 121992.0 127317.0 127948.0 146285.0 123290.0 123851.0 121653.0 135169.0
200 120237.0 130148.0 120059.0 128142.0 161224.0 129508.0 134844.0 128424.0 131405.0 124222.0 114707.0 135044.0 136308.0 126210.0 118769.0 131937.0 142502.0 128668.0 117976.0 135545.0 131700.0 167543.0 114701.0 128345.0 119684.0 126837.0 127536.0 146371.0 121272.0 123899.0 121222.0 134243.0
205 119657.0 129118.0 118739.0 128389.0 160333.0 128929.0 134695.0 125584.0 132078.0 122353.0 113658.0 136214.0 135357.0 125763.0 119186.0 131094.0 141399.0 128202.0 116973.0 135212.0 131577.0 164236.0 114831.0 127300.0 117838.0 126754.0 126235.0 145092.0 120803.0 123235.0 120005.0 133315.0
210 115795.0 126478.0 114418.0 127128.0 158821.0 127263.0 132462.0 107026.0 130209.0 120652.0 108963.0 134564.0 135096.0 122955.0 114430.0 129897.0 136481.0 126176.0 103191.0 131897.0 124703.0 151123.0 111732.0 123208.0 106902.0 122695.0 122770.0 142997.0 119556.0 117786.0 110177.0 131012.0
215 90711.0 99294.0 75260.0 119732.0 143645.0 112188.0 100483.0 39072.0 120116.0 100612.0 71507.0 130125.0 121127.0 96546.0 77921.0 115291.0 91780.0 102511.0 44168.0 105533.0 79724.0 75345.0 89121.0 86086.0 51437.0 93629.0 97629.0 114072.0 104524.0 77955.0 57301.0 113647.0
220 25459.0 25742.0 13652.0 66375.0 73694.0 48416.0 25226.0 4995.0 61562.0 34046.0 12663.0 98936.0 51889.0 26071.0 14131.0 45037.0 21359.0 30960.0 5484.0 36010.0 14482.0 9205.0 28098.0 17978.0 7389.0 25753.0 29201.0 32558.0 40154.0 13799.0 8235.0 46691.0
225 3801.0 3792.0 3090.0 8200.0 9493.0 5787.0 3916.0 2820.0 7315.0 4444.0 2888.0 21193.0 5792.0 3927.0 3276.0 5050.0 4211.0 4034.0 2693.0 4814.0 3540.0 3914.0 3777.0 3611.0 2800.0 3996.0 4161.0 4845.0 4695.0 3145.0 2907.0 5726.0
230 2731.0 2942.0 2365.0 3457.0 4299.0 3408.0 2993.0 2178.0 3507.0 3029.0 2296.0 4596.0 3355.0 2929.0 2518.0 3360.0 3249.0 2886.0 1981.0 3208.0 2753.0 2861.0 2674.0 2758.0 2126.0 2802.0 2984.0 3595.0 3023.0 2572.0 2199.0 3525.0
235 2112.0 2203.0 1729.0 2661.0 3346.0 2628.0 2144.0 1664.0 2628.0 2379.0 1742.0 3426.0 2666.0 2146.0 1835.0 2543.0 2360.0 2212.0 1564.0 2496.0 2008.0 2227.0 1984.0 2070.0 1552.0 2210.0 2363.0 2717.0 2360.0 1904.0 1722.0 2539.0
240 1665.0 1852.0 1675.0 2091.0 2641.0 2177.0 1910.0 1566.0 2101.0 1853.0 1552.0 2848.0 2145.0 1946.0 1677.0 2073.0 2157.0 1937.0 1504.0 2087.0 1779.0 2053.0 1682.0 1930.0 1511.0 1909.0 1920.0 2375.0 1882.0 1702.0 1528.0 2209.0
245 1614.0 1787.0 1522.0 2003.0 2480.0 2042.0 1790.0 1495.0 1933.0 1783.0 1473.0 2419.0 2066.0 1844.0 1639.0 1932.0 2086.0 1753.0 1442.0 1984.0 1711.0 1969.0 1522.0 1890.0 1473.0 1709.0 1856.0 2275.0 1850.0 1594.0 1454.0 2048.0
250 1507.0 1656.0 1400.0 1790.0 2376.0 1843.0 1787.0 1279.0 1878.0 1617.0 1374.0 2187.0 1920.0 1738.0 1499.0 1860.0 1966.0 1681.0 1217.0 1811.0 1559.0 1711.0 1547.0 1680.0 1258.0 1644.0 1804.0 2155.0 1706.0 1573.0 1398.0 1956.0
255 1402.0 1566.0 1171.0 1771.0 2251.0 1799.0 1561.0 823.0 1748.0 1588.0 1137.0 2157.0 1885.0 1515.0 1309.0 1693.0 1690.0 1531.0 772.0 1656.0 1451.0 1275.0 1344.0 1643.0 836.0 1512.0 1658.0 1954.0 1591.0 1285.0 960.0 1740.0
260 1072.0 1070.0 607.0 1532.0 1936.0 1518.0 947.0 191.0 1560.0 1127.0 488.0 2004.0 1569.0 1047.0 618.0 1279.0 926.0 1076.0 174.0 1196.0 638.0 336.0 986.0 914.0 233.0 1001.0 1093.0 1341.0 1239.0 656.0 303.0 1384.0
265 383.0 254.0 109.0 1107.0 1188.0 875.0 293.0 48.0 828.0 534.0 90.0 1810.0 941.0 330.0 151.0 634.0 287.0 348.0 40.0 539.0 183.0 68.0 336.0 282.0 53.0 357.0 391.0 450.0 540.0 135.0 73.0 749.0
270 83.0 66.0 58.0 450.0 489.0 304.0 73.0 26.0 241.0 133.0 49.0 1181.0 251.0 93.0 60.0 114.0 78.0 91.0 32.0 130.0 58.0 58.0 73.0 58.0 39.0 87.0 101.0 116.0 122.0 50.0 41.0 204.0
275 38.0 53.0 36.0 70.0 113.0 96.0 46.0 30.0 69.0 51.0 32.0 383.0 69.0 45.0 37.0 53.0 48.0 40.0 30.0 61.0 42.0 36.0 44.0 45.0 19.0 44.0 50.0 57.0 65.0 36.0 26.0 57.0
280 45.0 35.0 27.0 48.0 63.0 60.0 37.0 28.0 53.0 52.0 20.0 113.0 55.0 45.0 35.0 51.0 46.0 42.0 31.0 43.0 36.0 42.0 29.0 56.0 22.0 54.0 38.0 63.0 51.0 44.0 24.0 50.0
285 33.0 36.0 24.0 33.0 59.0 40.0 38.0 22.0 52.0 36.0 29.0 68.0 42.0 34.0 25.0 37.0 43.0 34.0 21.0 36.0 34.0 38.0 17.0 32.0 15.0 33.0 36.0 50.0 32.0 35.0 22.0 37.0
290 33.0 30.0 15.0 40.0 47.0 45.0 36.0 21.0 31.0 37.0 17.0 57.0 34.0 31.0 23.0 33.0 40.0 31.0 20.0 46.0 48.0 30.0 32.0 45.0 15.0 38.0 43.0 42.0 25.0 17.0 25.0 40.0
295 23.0 29.0 22.0 36.0 48.0 40.0 29.0 14.0 41.0 30.0 15.0 61.0 45.0 38.0 24.0 21.0 31.0 27.0 15.0 28.0 22.0 20.0 22.0 24.0 11.0 27.0 34.0 37.0 30.0 22.0 16.0 38.0
300 28.0 17.0 11.0 27.0 30.0 40.0 27.0 7.0 35.0 29.0 13.0 61.0 31.0 25.0 14.0 27.0 25.0 20.0 4.0 30.0 17.0 11.0 22.0 33.0 6.0 21.0 27.0 37.0 24.0 17.0 6.0 26.0
305 15.0 14.0 7.0 21.0 27.0 31.0 15.0 2.0 27.0 23.0 3.0 70.0 26.0 12.0 7.0 18.0 16.0 10.0 2.0 27.0 8.0 1.0 19.0 19.0 1.0 22.0 19.0 20.0 18.0 13.0 1.0 20.0
310 11.0 6.0 1.0 22.0 27.0 12.0 4.0 2.0 22.0 11.0 5.0 33.0 15.0 5.0 1.0 14.0 4.0 6.0 2.0 11.0 4.0 1.0 4.0 11.0 3.0 10.0 8.0 13.0 7.0 2.0 0.0 24.0
315 2.0 4.0 1.0 10.0 15.0 9.0 2.0 1.0 7.0 3.0 0.0 33.0 10.0 2.0 3.0 3.0 4.0 0.0 0.0 7.0 2.0 0.0 4.0 2.0 1.0 0.0 1.0 2.0 7.0 1.0 1.0 6.0
320 1.0 3.0 0.0 1.0 8.0 2.0 1.0 0.0 4.0 2.0 0.0 31.0 1.0 1.0 0.0 0.0 2.0 2.0 0.0 0.0 0.0 0.0 0.0 1.0 0.0 1.0 1.0 1.0 1.0 0.0 2.0 1.0
325 2.0 2.0 0.0 1.0 2.0 3.0 3.0 2.0 1.0 0.0 0.0 8.0 0.0 0.0 0.0 4.0 3.0 1.0 0.0 1.0 0.0 0.0 0.0 1.0 1.0 3.0 1.0 3.0 1.0 0.0 0.0 1.0
330 3.0 1.0 2.0 0.0 2.0 2.0 2.0 2.0 1.0 1.0 0.0 2.0 2.0 2.0 1.0 2.0 0.0 1.0 1.0 1.0 0.0 0.0 1.0 2.0 1.0 0.0 1.0 3.0 1.0 2.0 0.0 4.0
335 1.0 1.0 1.0 3.0 1.0 0.0 2.0 1.0 0.0 0.0 1.0 4.0 1.0 0.0 0.0 0.0 0.0 1.0 0.0 0.0 0.0 1.0 2.0 2.0 1.0 0.0 2.0 1.0 0.0 4.0 0.0 2.0
340 1.0 1.0 1.0 0.0 4.0 2.0 1.0 0.0 1.0 1.0 0.0 1.0 0.0 1.0 2.0 0.0 2.0 1.0 0.0 2.0 2.0 1.0 0.0 2.0 1.0 0.0 2.0 3.0 1.0 1.0 1.0 1.0
345 1.0 1.0 0.0 3.0 0.0 3.0 0.0 0.0 0.0 0.0 0.0 1.0 0.0 0.0 0.0 2.0 1.0 1.0 1.0 0.0 0.0 1.0 0.0 0.0 0.0 1.0 0.0 1.0 1.0 2.0 0.0 2.0
350 0.0 0.0 1.0 0.0 2.0 1.0 0.0 0.0 1.0 0.0 0.0 1.0 0.0 0.0 0.0 0.0 0.0 0.0 0.0 1.0 0.0 0.0 2.0 0.0 0.0 1.0 0.0 0.0 1.0 0.0 0.0 1.0
355 0.0 0.0 1.0 2.0 0.0 0.0 0.0 0.0 1.0 0.0 0.0 1.0 0.0 0.0 0.0 0.0 0.0 0.0 0.0 0.0 0.0 0.0 1.0 1.0 0.0 1.0 1.0 0.0 0.0 1.0 0.0 1.0
360 0.0 0.0 0.0 0.0 0.0 0.0 0.0 0.0 0.0 0.0 0.0 1.0 0.0 0.0 2.0 2.0 0.0 0.0 0.0 0.0 0.0 1.0 0.0 1.0 0.0 1.0 1.0 0.0 0.0 2.0 1.0 2.0
365 0.0 0.0 0.0 0.0 0.0 0.0 0.0 0.0 0.0 0.0 0.0 0.0 1.0 0.0 0.0 0.0 1.0 0.0 0.0 0.0 0.0 0.0 1.0 0.0 1.0 0.0 0.0 1.0 0.0 0.0 0.0 0.0
370 0.0 1.0 0.0 0.0 0.0 0.0 0.0 0.0 0.0 0.0 0.0 2.0 0.0 0.0 0.0 0.0 0.0 0.0 0.0 0.0 0.0 0.0 0.0 0.0 0.0 0.0 0.0 0.0 1.0 0.0 0.0 0.0
375 0.0 0.0 0.0 0.0 0.0 0.0 0.0 1.0 1.0 0.0 0.0 0.0 1.0 0.0 0.0 1.0 0.0 0.0 0.0 0.0 0.0 0.0 0.0 0.0 0.0 0.0 0.0 0.0 0.0 0.0 0.0 0.0
380 0.0 0.0 1.0 0.0 0.0 0.0 0.0 0.0 0.0 1.0 0.0 0.0 0.0 0.0 1.0 0.0 1.0 1.0 0.0 1.0 1.0 0.0 0.0 0.0 0.0 0.0 0.0 0.0 0.0 0.0 0.0 0.0
385 2.0 0.0 0.0 0.0 0.0 0.0 0.0 0.0 0.0 0.0 1.0 0.0 0.0 0.0 0.0 1.0 0.0 0.0 0.0 0.0 0.0 0.0 1.0 0.0 0.0 1.0 0.0 1.0 0.0 0.0 0.0 0.0
390 0.0 0.0 0.0 0.0 0.0 0.0 0.0 0.0 0.0 0.0 0.0 0.0 0.0 0.0 0.0 0.0 0.0 0.0 0.0 0.0 0.0 0.0 0.0 0.0 1.0 0.0 0.0 0.0 0.0 0.0 2.0 0.0
395 0.0 1.0 0.0 0.0 1.0 0.0 0.0 1.0 0.0 0.0 0.0 0.0 0.0 0.0 0.0 0.0 0.0 0.0 1.0 0.0 0.0 0.0 0.0 0.0 0.0 0.0 0.0 0.0 0.0 0.0 0.0 0.0
400 0.0 0.0 0.0 0.0 1.0 0.0 1.0 0.0 0.0 0.0 1.0 0.0 1.0 0.0 0.0 0.0 0.0 0.0 1.0 0.0 0.0 0.0 0.0 0.0 0.0 0.0 0.0 0.0 0.0 0.0 0.0 0.0
405 0.0 0.0 0.0 0.0 1.0 1.0 0.0 0.0 0.0 0.0 0.0 2.0 1.0 1.0 0.0 0.0 0.0 0.0 0.0 1.0 0.0 0.0 0.0 0.0 0.0 1.0 0.0 0.0 1.0 0.0 0.0 0.0
410 0.0 0.0 0.0 0.0 0.0 0.0 0.0 1.0 0.0 0.0 0.0 0.0 1.0 0.0 0.0 1.0 0.0 0.0 0.0 1.0 0.0 0.0 0.0 0.0 1.0 0.0 0.0 0.0 0.0 1.0 0.0 0.0
415 0.0 0.0 0.0 0.0 0.0 1.0 0.0 0.0 0.0 0.0 0.0 0.0 0.0 0.0 0.0 0.0 0.0 1.0 0.0 0.0 0.0 0.0 0.0 0.0 0.0 0.0 0.0 0.0 0.0 0.0 0.0 0.0
420 0.0 1.0 0.0 0.0 0.0 1.0 0.0 0.0 0.0 0.0 0.0 1.0 0.0 0.0 0.0 0.0 0.0 0.0 0.0 0.0 0.0 0.0 0.0 0.0 0.0 0.0 0.0 0.0 0.0 0.0 0.0 0.0
425 0.0 0.0 0.0 0.0 0.0 0.0 0.0 0.0 0.0 0.0 0.0 0.0 0.0 1.0 1.0 0.0 0.0 0.0 0.0 2.0 0.0 1.0 0.0 1.0 0.0 0.0 0.0 0.0 1.0 1.0 0.0 0.0
430 0.0 0.0 0.0 0.0 1.0 1.0 0.0 0.0 0.0 0.0 0.0 0.0 0.0 0.0 0.0 0.0 0.0 0.0 0.0 0.0 0.0 0.0 0.0 0.0 0.0 0.0 1.0 0.0 0.0 0.0 0.0 0.0
435 0.0 0.0 0.0 0.0 1.0 0.0 1.0 0.0 0.0 0.0 0.0 0.0 0.0 0.0 0.0 0.0 0.0 0.0 0.0 0.0 0.0 0.0 0.0 0.0 0.0 0.0 0.0 1.0 1.0 0.0 0.0 0.0
440 1.0 0.0 0.0 0.0 0.0 0.0 0.0 0.0 0.0 1.0 1.0 1.0 0.0 0.0 2.0 0.0 1.0 1.0 0.0 0.0 0.0 0.0 0.0 1.0 0.0 0.0 0.0 0.0 0.0 0.0 0.0 1.0
445 0.0 0.0 0.0 0.0 0.0 0.0 0.0 0.0 0.0 0.0 0.0 0.0 0.0 0.0 1.0 0.0 0.0 0.0 0.0 0.0 0.0 0.0 0.0 0.0 0.0 0.0 0.0 0.0 1.0 0.0 0.0 0.0
450 0.0 1.0 0.0 0.0 0.0 0.0 0.0 0.0 1.0 0.0 0.0 0.0 0.0 0.0 0.0 0.0 0.0 0.0 0.0 0.0 0.0 0.0 0.0 1.0 0.0 0.0 0.0 1.0 0.0 0.0 0.0 1.0
455 0.0 0.0 0.0 0.0 1.0 0.0 0.0 0.0 0.0 1.0 0.0 0.0 0.0 0.0 0.0 0.0 1.0 0.0 0.0 0.0 0.0 1.0 0.0 0.0 0.0 0.0 0.0 0.0 0.0 0.0 0.0 1.0
460 1.0 0.0 0.0 1.0 0.0 1.0 0.0 0.0 0.0 0.0 0.0 0.0 0.0 0.0 0.0 0.0 0.0 0.0 0.0 0.0 0.0 0.0 0.0 0.0 0.0 0.0 0.0 0.0 0.0 1.0 0.0 0.0
465 1.0 0.0 0.0 0.0 0.0 0.0 0.0 0.0 0.0 0.0 0.0 0.0 1.0 0.0 0.0 0.0 0.0 0.0 1.0 0.0 0.0 1.0 0.0 0.0 0.0 0.0 0.0 0.0 0.0 0.0 0.0 0.0
470 0.0 0.0 0.0 0.0 1.0 0.0 0.0 0.0 0.0 1.0 0.0 0.0 1.0 0.0 0.0 0.0 0.0 0.0 0.0 1.0 0.0 2.0 0.0 0.0 1.0 0.0 0.0 0.0 0.0 0.0 0.0 0.0
475 0.0 0.0 0.0 1.0 0.0 0.0 0.0 0.0 0.0 0.0 0.0 0.0 0.0 0.0 0.0 0.0 0.0 0.0 0.0 0.0 0.0 0.0 0.0 0.0 0.0 0.0 0.0 0.0 0.0 0.0 0.0 0.0
480 0.0 0.0 0.0 0.0 0.0 1.0 0.0 0.0 0.0 1.0 1.0 0.0 0.0 0.0 0.0 0.0 0.0 0.0 0.0 0.0 0.0 0.0 0.0 0.0 0.0 0.0 0.0 0.0 0.0 0.0 0.0 0.0
485 1.0 0.0 0.0 1.0 1.0 1.0 0.0 0.0 0.0 0.0 0.0 0.0 0.0 0.0 0.0 0.0 0.0 0.0 0.0 0.0 0.0 0.0 0.0 1.0 0.0 0.0 0.0 0.0 0.0 0.0 0.0 0.0
490 0.0 0.0 0.0 0.0 0.0 0.0 0.0 0.0 0.0 0.0 0.0 0.0 0.0 0.0 0.0 0.0 0.0 0.0 0.0 0.0 0.0 0.0 1.0 0.0 0.0 1.0 0.0 0.0 0.0 0.0 0.0 0.0
495 1.0 1.0 0.0 0.0 0.0 0.0 0.0 2.0 0.0 0.0 0.0 0.0 0.0 0.0 0.0 0.0 1.0 1.0 0.0 1.0 0.0 0.0 0.0 3.0 0.0 0.0 1.0 0.0 2.0 0.0 0.0 0.0
