100 1.0 0.0 1.0 1.0 1.0 0.0 1.0 0.0 0.0 1.0 0.0 0.0 0.0 0.0 0.0 1.0 0.0 0.0 0.0 0.0 0.0 1.0 0.0 0.0 0.0 1.0 1.0 0.0 0.0 0.0 0.0 0.0
105 0.0 0.0 0.0 0.0 0.0 1.0 0.0 1.0 1.0 0.0 0.0 1.0 2.0 0.0 0.0 0.0 0.0 0.0 0.0 1.0 0.0 0.0 0.0 1.0 0.0 1.0 0.0 0.0 0.0 0.0 0.0 0.0
110 0.0 0.0 0.0 0.0 0.0 0.0 0.0 1.0 0.0 2.0 1.0 0.0 1.0 0.0 2.0 0.0 0.0 0.0 0.0 1.0 0.0 0.0 0.0 1.0 0.0 0.0 0.0 0.0 0.0 0.0 0.0 0.0
115 0.0 2.0 0.0 0.0 0.0 0.0 0.0 1.0 0.0 0.0 0.0 0.0 0.0 0.0 1.0 0.0 1.0 0.0 0.0 0.0 0.0 0.0 0.0 0.0 0.0 1.0 0.0 0.0 1.0 0.0 1.0 1.0
120 4.0 3.0 0.0 1.0 4.0 0.0 4.0 2.0 4.0 2.0 2.0 0.0 0.0 0.0 3.0 0.0 2.0 1.0 1.0 0.0 1.0 1.0 1.0 0.0 2.0 0.0 2.0 0.0 0.0 0.0 1.0 0.0
125 3.0 7.0 6.0 2.0 7.0 5.0 15.0 10.0 6.0 5.0 3.0 10.0 4.0 2.0 7.0 5.0 6.0 3.0 10.0 1.0 1.0 4.0 5.0 2.0 22.0 2.0 1.0 2.0 2.0 6.0 4.0 2.0
130 60.0 36.0 48.0 33.0 40.0 34.0 94.0 63.0 59.0 29.0 50.0 67.0 18.0 14.0 64.0 34.0 62.0 37.0 70.0 24.0 25.0 21.0 65.0 50.0 78.0 36.0 19.0 46.0 18.0 39.0 46.0 21.0
135 274.0 246.0 322.0 180.0 302.0 205.0 539.0 449.0 274.0 189.0 274.0 332.0 132.0 114.0 349.0 153.0 311.0 172.0 348.0 133.0 164.0 117.0 309.0 359.0 582.0 175.0 165.0 261.0 152.0 229.0 287.0 126.0
140 3744.0 3284.0 4184.0 2834.0 3620.0 2945.0 4768.0 4458.0 3288.0 2693.0 3812.0 3831.0 2454.0 2084.0 4240.0 2542.0 4058.0 2679.0 4059.0 2538.0 2328.0 2209.0 3649.0 4108.0 5264.0 2678.0 2706.0 3696.0 2510.0 3203.0 3835.0 1964.0
145 6363756.0 6364889.0 6357603.0 6342681.0 6351766.0 6348087.0 6351550.0 6370917.0 6341461.0 6341000.0 6349472.0 6357801.0 6347811.0 6348901.0 6356592.0 6339998.0 6348966.0 6345204.0 6344355.0 6349569.0 6336097.0 6342437.0 6336211.0 6369454.0 6348037.0 6342222.0 6344203.0 6348694.0 6340668.0 6343206.0 6350545.0 6336826.0
150 17955481.0 17954190.0 17948223.0 17940024.0 17946339.0 17939540.0 17943640.0 17939442.0 17943525.0 17939596.0 17943888.0 17939828.0 17942851.0 17943330.0 17942753.0 17940418.0 17943644.0 17942232.0 17943044.0 17942561.0 17939474.0 17942233.0 17939145.0 17941044.0 17938860.0 17941500.0 17938611.0 17942422.0 17938669.0 17942819.0 17943904.0 17944122.0
155 18421784.0 18421049.0 18417818.0 18414802.0 18417004.0 18414741.0 18416054.0 18414733.0 18415845.0 18414712.0 18416025.0 18414787.0 18415531.0 18415647.0 18415646.0 18414907.0 18415857.0 18415494.0 18415854.0 18415648.0 18414704.0 18415698.0 18414622.0 18415470.0 18414513.0 18415549.0 18414634.0 18415956.0 18414675.0 18416157.0 18416836.0 18416800.0
160 18954285.0 18954029.0 18952361.0 18950360.0 18951926.0 18950494.0 18951559.0 18950498.0 18951291.0 18950422.0 18951438.0 18950559.0 18951117.0 18951313.0 18951343.0 18950735.0 18951485.0 18951258.0 18951454.0 18951410.0 18950180.0 18951370.0 18950021.0 18951095.0 18949996.0 18951324.0 18950091.0 18951763.0 18950148.0 18951922.0 18952280.0 18952428.0
165 19061339.0 19061436.0 19059446.0 19058513.0 19058982.0 19058222.0 19057714.0 19057901.0 19057309.0 19057867.0 19057710.0 19058919.0 19056865.0 19056936.0 19056866.0 19058473.0 19056843.0 19056173.0 19056125.0 19055744.0 19055314.0 19055283.0 19054372.0 19054374.0 19054573.0 19054511.0 19054355.0 19054715.0 19054381.0 19054685.0 19054571.0 19054783.0
170 18197456.0 18098616.0 18075285.0 17801221.0 18062624.0 17743804.0 17935103.0 17693488.0 17961205.0 17745256.0 17947505.0 17754226.0 17940849.0 17902059.0 17901644.0 17844882.0 17925981.0 17873967.0 17909871.0 17867955.0 17769584.0 17849228.0 17772235.0 17784767.0 17730432.0 17821906.0 17729674.0 17828550.0 17731929.0 17825557.0 17853109.0 17893151.0
175 11033382.0 10955997.0 11074933.0 11071671.0 11124879.0 11103142.0 10931881.0 10930390.0 11165496.0 11167076.0 11118222.0 11190841.0 11168045.0 11067023.0 11122904.0 11579941.0 11160927.0 11036156.0 11167000.0 11050957.0 11273788.0 10942818.0 11307108.0 10657167.0 11010496.0 10827092.0 11004386.0 10853204.0 10905635.0 10790804.0 10909968.0 11032146.0
180 8570721.0 8478485.0 8639590.0 8782266.0 8689767.0 8844540.0 8488864.0 8672060.0 8730238.0 8874032.0 8674233.0 8899445.0 8728106.0 8604129.0 8675981.0 9265650.0 8716746.0 8580090.0 8715439.0 8600632.0 8969820.0 8466634.0 9010288.0 8196356.0 8704952.0 8359290.0 8713182.0 8394201.0 8572078.0 8294555.0 8440467.0 8513372.0
185 88021.0 73216.0 95299.0 83419.0 101644.0 94125.0 88485.0 79432.0 91448.0 82667.0 97993.0 79214.0 78704.0 71001.0 76715.0 103675.0 87114.0 78995.0 96605.0 75018.0 86889.0 81007.0 99338.0 69415.0 92019.0 76348.0 73993.0 99963.0 73766.0 76385.0 81764.0 87663.0
190 80190.0 68069.0 77448.0 69995.0 75652.0 68245.0 80488.0 69059.0 72031.0 66603.0 80081.0 66493.0 65420.0 64974.0 67411.0 67611.0 74613.0 70577.0 78391.0 70491.0 70417.0 71242.0 76334.0 66772.0 82251.0 69617.0 63351.0 93274.0 68020.0 70376.0 72055.0 73652.0
195 78783.0 66494.0 76816.0 68473.0 75254.0 66379.0 79676.0 68079.0 71553.0 65313.0 79215.0 65130.0 64724.0 61242.0 67307.0 66579.0 74367.0 68857.0 78095.0 67178.0 68741.0 67774.0 75508.0 64658.0 81394.0 67966.0 61094.0 88917.0 64240.0 69438.0 70344.0 72009.0
200 68622.0 51046.0 71931.0 57253.0 69312.0 53088.0 77395.0 59307.0 69683.0 56410.0 74008.0 57664.0 50958.0 33980.0 64208.0 57697.0 70499.0 55387.0 76051.0 39975.0 49637.0 41011.0 70936.0 47031.0 77717.0 49336.0 42259.0 59921.0 38547.0 60901.0 62037.0 60198.0
205 28158.0 11731.0 37897.0 17156.0 35119.0 14935.0 55260.0 23127.0 52904.0 20305.0 39035.0 22102.0 13743.0 4682.0 40132.0 23371.0 44323.0 15327.0 57353.0 6211.0 12513.0 6355.0 40610.0 10930.0 50913.0 11167.0 8898.0 11013.0 6367.0 24766.0 24582.0 21056.0
210 3799.0 1990.0 5733.0 2464.0 5564.0 2241.0 13927.0 3322.0 14367.0 2867.0 6397.0 3063.0 2119.0 1507.0 8485.0 3458.0 9486.0 2296.0 17232.0 1769.0 2272.0 1701.0 7244.0 1926.0 11118.0 2019.0 1863.0 2416.0 1641.0 3530.0 3462.0 3019.0
215 1760.0 1353.0 1785.0 1530.0 1788.0 1365.0 2313.0 1547.0 2160.0 1539.0 1902.0 1526.0 1415.0 1162.0 1844.0 1530.0 2017.0 1404.0 2413.0 1273.0 1449.0 1281.0 1889.0 1340.0 2287.0 1446.0 1255.0 1813.0 1253.0 1586.0 1633.0 1710.0
220 1434.0 984.0 1443.0 1195.0 1303.0 1046.0 1811.0 1150.0 1515.0 1161.0 1544.0 1254.0 987.0 791.0 1523.0 1201.0 1543.0 1063.0 1781.0 906.0 1066.0 918.0 1534.0 1001.0 1805.0 1069.0 830.0 1311.0 837.0 1264.0 1305.0 1261.0
225 982.0 698.0 964.0 816.0 957.0 714.0 1213.0 838.0 1121.0 804.0 1055.0 868.0 813.0 700.0 1094.0 870.0 1127.0 735.0 1265.0 735.0 731.0 704.0 1106.0 731.0 1264.0 796.0 683.0 920.0 677.0 919.0 942.0 934.0
230 925.0 630.0 855.0 772.0 777.0 642.0 1080.0 708.0 897.0 777.0 904.0 811.0 698.0 585.0 868.0 769.0 955.0 734.0 1021.0 684.0 708.0 621.0 923.0 692.0 1046.0 724.0 598.0 892.0 615.0 840.0 826.0 848.0
235 824.0 577.0 821.0 730.0 750.0 604.0 984.0 681.0 902.0 666.0 912.0 756.0 687.0 464.0 867.0 701.0 927.0 683.0 938.0 601.0 646.0 506.0 841.0 631.0 999.0 697.0 542.0 776.0 551.0 816.0 775.0 791.0
240 694.0 463.0 784.0 592.0 713.0 465.0 961.0 666.0 820.0 598.0 778.0 627.0 504.0 240.0 788.0 617.0 808.0 568.0 970.0 374.0 440.0 305.0 796.0 523.0 908.0 488.0 384.0 451.0 307.0 745.0 713.0 645.0
245 437.0 184.0 563.0 316.0 518.0 224.0 791.0 410.0 738.0 348.0 606.0 454.0 219.0 44.0 657.0 378.0 703.0 265.0 859.0 100.0 189.0 54.0 637.0 235.0 827.0 178.0 152.0 141.0 75.0 465.0 480.0 303.0
250 156.0 33.0 235.0 62.0 196.0 43.0 587.0 159.0 505.0 94.0 253.0 134.0 51.0 15.0 437.0 102.0 410.0 55.0 600.0 28.0 46.0 26.0 284.0 46.0 521.0 31.0 27.0 22.0 34.0 148.0 170.0 82.0
255 33.0 25.0 49.0 16.0 55.0 14.0 177.0 24.0 152.0 30.0 50.0 26.0 22.0 10.0 131.0 23.0 103.0 20.0 243.0 18.0 17.0 8.0 70.0 20.0 136.0 12.0 22.0 25.0 13.0 26.0 39.0 28.0
260 21.0 10.0 18.0 13.0 17.0 20.0 43.0 13.0 41.0 14.0 23.0 27.0 17.0 10.0 33.0 22.0 26.0 20.0 48.0 16.0 21.0 15.0 28.0 17.0 28.0 17.0 20.0 13.0 19.0 16.0 24.0 22.0
265 21.0 9.0 17.0 13.0 18.0 12.0 20.0 18.0 33.0 12.0 13.0 14.0 9.0 9.0 26.0 15.0 24.0 13.0 26.0 11.0 20.0 5.0 20.0 13.0 24.0 12.0 14.0 18.0 16.0 16.0 18.0 10.0
270 16.0 5.0 13.0 11.0 19.0 6.0 22.0 11.0 17.0 14.0 16.0 23.0 11.0 6.0 12.0 17.0 16.0 6.0 24.0 14.0 9.0 15.0 16.0 5.0 19.0 14.0 9.0 9.0 14.0 20.0 16.0 13.0
275 16.0 14.0 10.0 11.0 11.0 8.0 19.0 14.0 19.0 13.0 19.0 10.0 11.0 5.0 11.0 11.0 21.0 12.0 21.0 16.0 8.0 4.0 15.0 15.0 21.0 7.0 7.0 15.0 4.0 12.0 18.0 16.0
280 8.0 7.0 9.0 9.0 7.0 9.0 17.0 13.0 6.0 12.0 10.0 9.0 4.0 2.0 13.0 13.0 20.0 11.0 22.0 8.0 6.0 4.0 10.0 9.0 10.0 9.0 9.0 6.0 4.0 14.0 11.0 9.0
285 9.0 2.0 10.0 1.0 8.0 2.0 22.0 3.0 14.0 4.0 8.0 8.0 6.0 0.0 11.0 11.0 18.0 3.0 22.0 3.0 8.0 0.0 17.0 0.0 16.0 3.0 2.0 4.0 3.0 6.0 12.0 7.0
290 4.0 4.0 5.0 4.0 4.0 1.0 14.0 5.0 6.0 2.0 6.0 9.0 2.0 2.0 11.0 5.0 10.0 2.0 11.0 1.0 1.0 0.0 10.0 1.0 15.0 3.0 0.0 0.0 1.0 4.0 4.0 3.0
295 0.0 0.0 1.0 1.0 4.0 0.0 7.0 2.0 10.0 2.0 2.0 1.0 1.0 0.0 2.0 3.0 1.0 0.0 10.0 0.0 0.0 0.0 4.0 0.0 13.0 1.0 0.0 1.0 0.0 0.0 1.0 2.0
300 0.0 1.0 0.0 0.0 1.0 0.0 3.0 2.0 2.0 0.0 2.0 0.0 0.0 0.0 1.0 0.0 2.0 1.0 7.0 1.0 2.0 1.0 0.0 1.0 2.0 0.0 0.0 1.0 0.0 3.0 1.0 2.0
305 0.0 0.0 0.0 1.0 0.0 0.0 0.0 0.0 1.0 0.0 0.0 2.0 0.0 0.0 0.0 2.0 2.0 0.0 1.0 0.0 0.0 0.0 0.0 0.0 1.0 0.0 2.0 0.0 0.0 1.0 0.0 0.0
310 0.0 2.0 1.0 0.0 0.0 0.0 1.0 2.0 0.0 1.0 1.0 0.0 2.0 1.0 1.0 1.0 0.0 0.0 1.0 1.0 0.0 0.0 0.0 1.0 0.0 0.0 3.0 1.0 0.0 0.0 1.0 0.0
315 0.0 0.0 0.0 1.0 0.0 0.0 1.0 1.0 1.0 1.0 1.0 0.0 1.0 0.0 1.0 0.0 0.0 0.0 1.0 0.0 0.0 1.0 1.0 0.0 0.0 0.0 0.0 1.0 0.0 2.0 0.0 1.0
320 1.0 0.0 0.0 2.0 1.0 0.0 0.0 1.0 0.0 0.0 1.0 1.0 0.0 1.0 0.0 0.0 0.0 0.0 0.0 0.0 0.0 0.0 0.0 0.0 1.0 0.0 0.0 0.0 1.0 1.0 0.0 0.0
325 0.0 0.0 1.0 0.0 1.0 0.0 0.0 0.0 0.0 0.0 0.0 0.0 0.0 0.0 1.0 2.0 1.0 0.0 0.0 0.0 1.0 0.0 0.0 1.0 2.0 0.0 0.0 1.0 0.0 0.0 1.0 0.0
330 2.0 0.0 1.0 0.0 0.0 0.0 0.0 0.0 0.0 0.0 0.0 0.0 1.0 0.0 0.0 0.0 1.0 0.0 1.0 0.0 0.0 0.0 2.0 0.0 2.0 0.0 0.0 0.0 0.0 0.0 0.0 0.0
335 0.0 0.0 0.0 0.0 0.0 0.0 0.0 0.0 0.0 0.0 0.0 0.0 1.0 0.0 0.0 1.0 0.0 0.0 1.0 0.0 0.0 0.0 0.0 1.0 0.0 1.0 1.0 0.0 1.0 0.0 0.0 0.0
340 0.0 0.0 0.0 0.0 0.0 0.0 0.0 0.0 2.0 1.0 0.0 0.0 0.0 0.0 2.0 0.0 2.0 0.0 0.0 0.0 0.0 0.0 1.0 0.0 0.0 0.0 0.0 1.0 0.0 0.0 0.0 0.0
345 2.0 0.0 0.0 0.0 0.0 1.0 1.0 0.0 0.0 0.0 1.0 0.0 1.0 0.0 0.0 0.0 0.0 0.0 0.0 0.0 1.0 0.0 0.0 0.0 0.0 0.0 0.0 0.0 0.0 0.0 1.0 1.0
350 0.0 0.0 1.0 0.0 0.0 0.0 0.0 0.0 0.0 2.0 0.0 1.0 0.0 1.0 0.0 0.0 0.0 0.0 0.0 0.0 0.0 0.0 0.0 0.0 0.0 0.0 0.0 1.0 0.0 1.0 0.0 0.0
355 1.0 0.0 0.0 0.0 0.0 0.0 0.0 0.0 0.0 0.0 1.0 0.0 0.0 0.0 1.0 0.0 0.0 0.0 1.0 0.0 0.0 0.0 0.0 0.0 0.0 0.0 0.0 0.0 0.0 0.0 1.0 0.0
360 0.0 0.0 0.0 0.0 0.0 0.0 1.0 0.0 0.0 0.0 0.0 0.0 0.0 0.0 0.0 1.0 0.0 1.0 0.0 1.0 0.0 0.0 0.0 1.0 0.0 1.0 1.0 0.0 0.0 0.0 0.0 0.0
365 0.0 0.0 1.0 1.0 0.0 0.0 1.0 1.0 0.0 0.0 0.0 0.0 1.0 0.0 0.0 0.0 0.0 0.0 0.0 0.0 0.0 0.0 0.0 1.0 2.0 0.0 0.0 0.0 0.0 0.0 0.0 1.0
370 0.0 0.0 1.0 1.0 0.0 0.0 0.0 0.0 0.0 0.0 1.0 0.0 0.0 0.0 0.0 1.0 0.0 0.0 0.0 0.0 0.0 0.0 0.0 0.0 0.0 0.0 0.0 0.0 0.0 1.0 1.0 0.0
375 0.0 0.0 0.0 0.0 0.0 0.0 1.0 1.0 0.0 0.0 0.0 0.0 0.0 0.0 0.0 0.0 0.0 0.0 0.0 0.0 0.0 0.0 0.0 0.0 1.0 0.0 0.0 0.0 1.0 0.0 0.0 0.0
380 0.0 0.0 1.0 0.0 0.0 0.0 0.0 0.0 1.0 1.0 1.0 0.0 0.0 0.0 0.0 0.0 0.0 2.0 0.0 0.0 0.0 1.0 0.0 0.0 2.0 0.0 0.0 0.0 0.0 0.0 0.0 0.0
385 0.0 0.0 0.0 0.0 0.0 0.0 0.0 0.0 0.0 0.0 0.0 0.0 0.0 0.0 1.0 0.0 0.0 1.0 0.0 0.0 0.0 1.0 1.0 0.0 0.0 0.0 0.0 0.0 0.0 0.0 0.0 0.0
390 0.0 0.0 0.0 0.0 0.0 0.0 1.0 0.0 0.0 0.0 1.0 1.0 0.0 0.0 0.0 0.0 0.0 0.0 0.0 0.0 0.0 0.0 1.0 0.0 0.0 0.0 1.0 0.0 0.0 0.0 0.0 0.0
395 1.0 1.0 1.0 0.0 0.0 1.0 0.0 1.0 0.0 0.0 1.0 0.0 1.0 0.0 0.0 0.0 0.0 1.0 0.0 0.0 0.0 0.0 0.0 0.0 0.0 0.0 0.0 0.0 0.0 1.0 0.0 0.0
400 0.0 0.0 0.0 0.0 0.0 0.0 0.0 0.0 0.0 0.0 0.0 0.0 0.0 0.0 0.0 0.0 0.0 0.0 0.0 2.0 0.0 0.0 0.0 0.0 1.0 0.0 1.0 0.0 1.0 0.0 0.0 1.0
405 1.0 0.0 0.0 1.0 2.0 0.0 1.0 1.0 1.0 0.0 0.0 0.0 0.0 0.0 0.0 0.0 0.0 0.0 0.0 1.0 0.0 0.0 0.0 0.0 0.0 0.0 0.0 0.0 0.0 0.0 1.0 0.0
410 1.0 0.0 0.0 1.0 0.0 0.0 0.0 0.0 1.0 0.0 0.0 1.0 0.0 0.0 1.0 1.0 0.0 0.0 0.0 0.0 1.0 0.0 0.0 0.0 0.0 1.0 0.0 1.0 0.0 1.0 0.0 0.0
415 0.0 0.0 0.0 0.0 0.0 0.0 0.0 0.0 0.0 0.0 1.0 0.0 0.0 0.0 0.0 0.0 0.0 0.0 0.0 0.0 0.0 0.0 0.0 0.0 1.0 0.0 0.0 0.0 0.0 0.0 0.0 0.0
420 1.0 0.0 0.0 0.0 0.0 0.0 1.0 0.0 1.0 0.0 0.0 1.0 0.0 0.0 1.0 1.0 0.0 0.0 0.0 0.0 1.0 0.0 1.0 0.0 0.0 1.0 0.0 0.0 0.0 0.0 1.0 0.0
425 0.0 0.0 0.0 1.0 1.0 0.0 0.0 0.0 1.0 0.0 0.0 0.0 0.0 0.0 0.0 0.0 0.0 0.0 0.0 0.0 0.0 0.0 0.0 0.0 1.0 0.0 0.0 0.0 0.0 0.0 0.0 0.0
430 1.0 0.0 0.0 0.0 0.0 0.0 0.0 0.0 0.0 1.0 1.0 0.0 0.0 0.0 0.0 1.0 0.0 0.0 0.0 1.0 0.0 0.0 0.0 0.0 0.0 0.0 0.0 0.0 0.0 1.0 0.0 0.0
435 0.0 0.0 0.0 0.0 0.0 0.0 0.0 0.0 0.0 0.0 1.0 0.0 0.0 0.0 0.0 1.0 1.0 0.0 0.0 0.0 0.0 0.0 0.0 1.0 0.0 0.0 0.0 0.0 0.0 0.0 0.0 2.0
440 0.0 0.0 0.0 1.0 1.0 0.0 0.0 1.0 1.0 0.0 1.0 0.0 1.0 0.0 0.0 0.0 1.0 0.0 0.0 0.0 0.0 0.0 0.0 0.0 0.0 0.0 0.0 1.0 0.0 0.0 0.0 0.0
445 0.0 0.0 0.0 0.0 0.0 0.0 0.0 0.0 0.0 0.0 1.0 0.0 1.0 1.0 0.0 0.0 0.0 0.0 0.0 0.0 0.0 0.0 0.0 0.0 0.0 0.0 0.0 0.0 0.0 0.0 0.0 0.0
450 0.0 0.0 0.0 0.0 0.0 0.0 1.0 0.0 0.0 0.0 0.0 0.0 0.0 0.0 0.0 0.0 0.0 0.0 0.0 0.0 0.0 0.0 0.0 1.0 1.0 0.0 0.0 1.0 0.0 0.0 0.0 0.0
455 0.0 0.0 0.0 0.0 0.0 1.0 1.0 0.0 0.0 0.0 0.0 0.0 0.0 0.0 0.0 0.0 0.0 0.0 0.0 0.0 0.0 0.0 0.0 0.0 0.0 0.0 0.0 0.0 0.0 0.0 0.0 0.0
460 0.0 0.0 0.0 0.0 0.0 0.0 0.0 0.0 0.0 0.0 0.0 0.0 0.0 0.0 1.0 0.0 0.0 0.0 0.0 1.0 0.0 0.0 0.0 0.0 0.0 0.0 0.0 0.0 0.0 0.0 0.0 0.0
465 0.0 0.0 0.0 0.0 0.0 0.0 1.0 0.0 1.0 0.0 0.0 0.0 0.0 0.0 0.0 0.0 0.0 1.0 0.0 0.0 0.0 0.0 0.0 1.0 0.0 0.0 1.0 0.0 0.0 0.0 1.0 0.0
470 0.0 0.0 0.0 0.0 0.0 0.0 0.0 0.0 0.0 0.0 0.0 0.0 1.0 0.0 0.0 0.0 0.0 0.0 0.0 0.0 0.0 0.0 0.0 0.0 0.0 0.0 0.0 0.0 0.0 0.0 1.0 0.0
475 0.0 0.0 0.0 0.0 0.0 0.0 0.0 0.0 0.0 0.0 1.0 0.0 0.0 0.0 0.0 0.0 0.0 0.0 0.0 0.0 0.0 0.0 0.0 0.0 0.0 0.0 0.0 0.0 0.0 0.0 0.0 0.0
480 0.0 0.0 0.0 0.0 0.0 0.0 1.0 0.0 0.0 0.0 1.0 0.0 0.0 0.0 0.0 0.0 0.0 0.0 0.0 0.0 0.0 0.0 0.0 0.0 0.0 1.0 0.0 0.0 0.0 1.0 0.0 1.0
485 0.0 0.0 0.0 0.0 0.0 0.0 0.0 0.0 0.0 0.0 0.0 0.0 0.0 0.0 0.0 0.0 0.0 0.0 0.0 0.0 0.0 0.0 0.0 0.0 0.0 0.0 0.0 0.0 0.0 0.0 0.0 0.0
490 0.0 0.0 0.0 0.0 0.0 0.0 1.0 0.0 0.0 0.0 0.0 0.0 0.0 0.0 0.0 0.0 0.0 0.0 0.0 0.0 0.0 0.0 0.0 0.0 0.0 0.0 1.0 0.0 0.0 0.0 0.0 0.0
495 0.0 0.0 0.0 0.0 1.0 0.0 0.0 0.0 0.0 0.0 0.0 0.0 0.0 0.0 0.0 0.0 0.0 0.0 0.0 0.0 0.0 0.0 0.0 0.0 0.0 0.0 0.0 0.0 0.0 0.0 0.0 0.0
