100 0.0 1.0 0.0 0.0 0.0 0.0 0.0 0.0 0.0 0.0 0.0 1.0 0.0 0.0 0.0 0.0 1.0 0.0 0.0 0.0 0.0 0.0 0.0 0.0 0.0 0.0 0.0 0.0 1.0 0.0 2.0 0.0
105 0.0 0.0 0.0 0.0 1.0 1.0 0.0 0.0 2.0 0.0 0.0 0.0 0.0 0.0 0.0 0.0 0.0 0.0 0.0 0.0 0.0 0.0 0.0 1.0 1.0 0.0 0.0 1.0 0.0 0.0 0.0 0.0
110 0.0 0.0 1.0 0.0 0.0 0.0 0.0 0.0 1.0 0.0 0.0 0.0 0.0 0.0 0.0 0.0 0.0 0.0 0.0 1.0 0.0 0.0 0.0 2.0 0.0 1.0 0.0 0.0 0.0 0.0 0.0 0.0
115 0.0 0.0 0.0 1.0 1.0 0.0 0.0 0.0 0.0 0.0 0.0 1.0 0.0 1.0 2.0 0.0 0.0 1.0 0.0 0.0 0.0 2.0 0.0 1.0 0.0 1.0 0.0 1.0 0.0 0.0 0.0 0.0
120 0.0 0.0 0.0 0.0 1.0 1.0 1.0 3.0 1.0 0.0 0.0 2.0 0.0 0.0 6.0 1.0 0.0 1.0 0.0 2.0 2.0 0.0 0.0 2.0 0.0 1.0 0.0 3.0 1.0 2.0 0.0 0.0
125 0.0 1.0 2.0 0.0 6.0 1.0 3.0 2.0 3.0 2.0 1.0 7.0 0.0 0.0 13.0 5.0 1.0 0.0 0.0 1.0 2.0 2.0 0.0 6.0 0.0 1.0 1.0 6.0 1.0 2.0 8.0 5.0
130 1.0 15.0 39.0 7.0 18.0 18.0 11.0 38.0 30.0 21.0 9.0 75.0 19.0 14.0 74.0 33.0 9.0 8.0 12.0 21.0 28.0 46.0 6.0 36.0 27.0 11.0 6.0 43.0 47.0 14.0 48.0 33.0
135 30.0 86.0 163.0 55.0 86.0 92.0 58.0 185.0 134.0 99.0 54.0 353.0 99.0 102.0 439.0 131.0 52.0 53.0 68.0 100.0 152.0 159.0 36.0 195.0 83.0 80.0 26.0 215.0 152.0 82.0 274.0 129.0
140 386.0 1178.0 2263.0 982.0 1547.0 1633.0 1337.0 2655.0 1896.0 1319.0 783.0 3838.0 1358.0 1675.0 4399.0 2096.0 961.0 863.0 1416.0 1556.0 2320.0 2376.0 851.0 2582.0 1240.0 1545.0 712.0 2775.0 2335.0 1538.0 3206.0 2015.0
145 1150102.0 1144385.0 1174877.0 1143720.0 1161176.0 1153136.0 1178773.0 1186549.0 1144789.0 1155561.0 1144496.0 1185433.0 1150521.0 1176053.0 1201185.0 1160996.0 1178203.0 1150956.0 1168846.0 1154324.0 1202292.0 1191729.0 1148985.0 1210737.0 1150267.0 1200378.0 1153377.0 1158366.0 1161366.0 1174374.0 1208619.0 1173482.0
150 17561077.0 17557240.0 17555513.0 17542298.0 17554514.0 17541167.0 17551219.0 17541820.0 17548783.0 17541839.0 17551580.0 17539797.0 17549599.0 17551059.0 17550115.0 17541907.0 17550943.0 17551279.0 17549884.0 17547868.0 17541538.0 17549504.0 17540812.0 17547095.0 17540218.0 17549902.0 17540503.0 17545347.0 17536538.0 17548435.0 17550517.0 17551941.0
155 17977480.0 17972407.0 17970363.0 17962639.0 17969271.0 17962285.0 17967008.0 17962283.0 17965387.0 17962441.0 17966246.0 17961743.0 17965648.0 17966078.0 17965923.0 17962464.0 17965892.0 17965262.0 17965603.0 17964218.0 17962113.0 17965822.0 17962337.0 17964877.0 17962031.0 17966274.0 17962196.0 17965048.0 17961269.0 17965868.0 17967716.0 17969263.0
160 18435287.0 18428833.0 18427763.0 18423504.0 18430010.0 18421874.0 18428645.0 18422392.0 18435605.0 18421900.0 18437053.0 18421595.0 18433756.0 18436140.0 18437222.0 18421852.0 18434686.0 18439376.0 18435313.0 18434963.0 18421742.0 18434308.0 18421745.0 18431836.0 18421643.0 18433708.0 18421750.0 18433854.0 18421217.0 18432443.0 18429030.0 18428592.0
165 18643242.0 18639662.0 18636030.0 18635093.0 18635702.0 18633574.0 18634480.0 18634956.0 18634995.0 18634112.0 18635903.0 18633727.0 18634416.0 18634399.0 18634602.0 18633970.0 18633905.0 18635240.0 18633746.0 18633457.0 18631997.0 18633537.0 18630850.0 18632391.0 18631225.0 18632755.0 18630736.0 18632886.0 18630431.0 18632514.0 18632643.0 18632602.0
170 18415213.0 18421086.0 18402670.0 18382052.0 18401283.0 18374047.0 18391685.0 18372913.0 18389528.0 18377100.0 18394427.0 18376305.0 18388480.0 18387865.0 18386457.0 18382293.0 18385103.0 18387336.0 18384957.0 18381667.0 18369571.0 18381911.0 18372635.0 18376260.0 18372317.0 18378149.0 18371048.0 18380973.0 18368369.0 18379067.0 18379552.0 18383982.0
175 10524121.0 10568690.0 10414225.0 10589308.0 10662360.0 10596320.0 10467959.0 10482102.0 10564637.0 10715610.0 10762325.0 10663817.0 10520280.0 10575285.0 10514189.0 10919362.0 10438634.0 10623646.0 10581340.0 10483674.0 10490815.0 10441256.0 10760218.0 10151252.0 10645867.0 10242147.0 10686751.0 10598150.0 10464363.0 10358360.0 10277009.0 10467055.0
180 4787177.0 4769085.0 4684225.0 4855416.0 4878315.0 4863082.0 4723000.0 4784527.0 4780284.0 4919936.0 4906379.0 4905017.0 4736890.0 4799508.0 4756289.0 5047681.0 4682594.0 4783463.0 4794401.0 4707774.0 4772090.0 4698725.0 4934797.0 4516511.0 4838814.0 4557797.0 4893262.0 4836369.0 4746916.0 4637246.0 4586429.0 4695599.0
185 69572.0 82347.0 77062.0 79539.0 79166.0 89046.0 67600.0 91119.0 84302.0 77724.0 72338.0 97346.0 79829.0 84417.0 95619.0 88120.0 67994.0 72960.0 80185.0 81487.0 85978.0 88087.0 76652.0 77830.0 72854.0 74592.0 71902.0 106748.0 86358.0 77653.0 84541.0 89265.0
190 69044.0 81746.0 76736.0 78518.0 78150.0 88486.0 67105.0 91079.0 85367.0 77498.0 71518.0 97200.0 79641.0 83490.0 94747.0 86614.0 67944.0 72594.0 79592.0 82124.0 84891.0 87635.0 76005.0 77755.0 72826.0 73648.0 70491.0 104829.0 87008.0 77647.0 83887.0 89158.0
195 58474.0 81373.0 76428.0 79466.0 77297.0 87597.0 65504.0 90502.0 84139.0 76274.0 69653.0 96740.0 78749.0 82856.0 94821.0 86729.0 61500.0 70419.0 78391.0 80477.0 83746.0 86002.0 73611.0 76524.0 72421.0 69071.0 65691.0 105082.0 86117.0 75309.0 83100.0 87978.0
200 19053.0 70513.0 71888.0 57887.0 69869.0 70941.0 47105.0 83980.0 80615.0 65139.0 53934.0 95379.0 68595.0 67026.0 93519.0 82035.0 28059.0 47937.0 59080.0 68637.0 68732.0 76279.0 49625.0 65284.0 62351.0 35070.0 33315.0 100933.0 81106.0 54786.0 77913.0 81539.0
205 2077.0 23492.0 38019.0 9584.0 28725.0 18950.0 8948.0 39218.0 49554.0 21123.0 10842.0 79872.0 24446.0 17468.0 78603.0 50226.0 3377.0 9345.0 12451.0 21217.0 21762.0 30753.0 8050.0 23660.0 22432.0 3712.0 3815.0 66218.0 43846.0 10774.0 43662.0 38362.0
210 1209.0 2563.0 4909.0 1689.0 3359.0 2466.0 1569.0 4553.0 8375.0 2529.0 1750.0 28197.0 3081.0 2295.0 26120.0 8675.0 1228.0 1692.0 1970.0 2577.0 2818.0 3974.0 1698.0 3087.0 2479.0 1472.0 1328.0 13534.0 6678.0 1805.0 7095.0 4787.0
215 813.0 1497.0 1674.0 1284.0 1544.0 1649.0 1100.0 1960.0 1980.0 1615.0 1219.0 3331.0 1564.0 1557.0 3045.0 1952.0 889.0 1133.0 1323.0 1570.0 1565.0 1740.0 1179.0 1548.0 1380.0 1040.0 998.0 2587.0 1956.0 1246.0 1844.0 1879.0
220 638.0 1056.0 1212.0 858.0 1061.0 1183.0 734.0 1443.0 1514.0 1076.0 808.0 2027.0 1100.0 1077.0 1946.0 1485.0 658.0 837.0 962.0 1085.0 1205.0 1304.0 816.0 1158.0 1062.0 860.0 658.0 1892.0 1443.0 904.0 1281.0 1345.0
225 652.0 814.0 976.0 772.0 810.0 946.0 628.0 1089.0 1082.0 863.0 686.0 1508.0 946.0 885.0 1432.0 1106.0 558.0 698.0 852.0 867.0 866.0 1020.0 768.0 957.0 805.0 747.0 628.0 1376.0 1161.0 746.0 1047.0 975.0
230 476.0 804.0 878.0 732.0 748.0 935.0 612.0 1026.0 1000.0 805.0 685.0 1255.0 876.0 897.0 1204.0 959.0 574.0 631.0 758.0 909.0 865.0 999.0 658.0 847.0 776.0 691.0 530.0 1274.0 1070.0 700.0 992.0 963.0
235 251.0 724.0 877.0 571.0 735.0 845.0 542.0 919.0 1031.0 734.0 597.0 1260.0 897.0 765.0 1131.0 954.0 322.0 537.0 695.0 859.0 835.0 892.0 517.0 839.0 712.0 521.0 347.0 1224.0 1025.0 629.0 908.0 856.0
240 57.0 548.0 775.0 303.0 625.0 582.0 324.0 867.0 852.0 609.0 320.0 1181.0 595.0 523.0 1081.0 829.0 115.0 292.0 430.0 649.0 642.0 723.0 249.0 647.0 605.0 182.0 86.0 1029.0 892.0 364.0 830.0 750.0
245 14.0 222.0 512.0 62.0 352.0 213.0 77.0 561.0 718.0 233.0 77.0 1080.0 339.0 174.0 1011.0 597.0 20.0 74.0 124.0 259.0 311.0 435.0 36.0 331.0 263.0 22.0 19.0 830.0 618.0 94.0 638.0 530.0
250 12.0 35.0 153.0 16.0 79.0 41.0 13.0 172.0 291.0 40.0 22.0 833.0 67.0 28.0 809.0 238.0 9.0 17.0 20.0 54.0 69.0 125.0 11.0 98.0 58.0 12.0 13.0 366.0 252.0 24.0 280.0 149.0
255 10.0 25.0 38.0 20.0 29.0 24.0 11.0 24.0 52.0 24.0 8.0 335.0 28.0 16.0 315.0 44.0 9.0 12.0 16.0 19.0 18.0 23.0 10.0 19.0 18.0 10.0 10.0 84.0 47.0 15.0 45.0 20.0
260 8.0 15.0 21.0 14.0 18.0 15.0 7.0 26.0 41.0 23.0 13.0 56.0 29.0 16.0 75.0 15.0 11.0 9.0 15.0 12.0 13.0 26.0 14.0 16.0 20.0 9.0 8.0 31.0 32.0 7.0 21.0 23.0
265 3.0 7.0 24.0 7.0 14.0 10.0 7.0 16.0 20.0 10.0 10.0 24.0 9.0 17.0 37.0 23.0 8.0 12.0 14.0 19.0 15.0 19.0 11.0 16.0 16.0 11.0 9.0 23.0 19.0 10.0 20.0 12.0
270 1.0 13.0 13.0 11.0 7.0 19.0 9.0 12.0 13.0 7.0 7.0 21.0 10.0 12.0 29.0 15.0 8.0 10.0 7.0 14.0 18.0 21.0 5.0 16.0 17.0 4.0 5.0 20.0 20.0 7.0 19.0 12.0
275 1.0 7.0 21.0 6.0 10.0 10.0 11.0 15.0 20.0 10.0 6.0 19.0 15.0 13.0 17.0 13.0 6.0 4.0 7.0 11.0 8.0 9.0 4.0 8.0 11.0 6.0 5.0 20.0 13.0 4.0 19.0 13.0
280 0.0 6.0 15.0 2.0 12.0 3.0 4.0 7.0 24.0 15.0 4.0 16.0 10.0 8.0 18.0 15.0 0.0 3.0 5.0 14.0 4.0 9.0 3.0 10.0 6.0 3.0 1.0 13.0 15.0 3.0 16.0 13.0
285 0.0 4.0 8.0 1.0 6.0 5.0 2.0 5.0 14.0 3.0 0.0 19.0 3.0 4.0 16.0 11.0 0.0 2.0 3.0 3.0 11.0 8.0 0.0 8.0 4.0 1.0 1.0 15.0 7.0 2.0 16.0 9.0
290 0.0 0.0 6.0 0.0 4.0 0.0 0.0 5.0 7.0 2.0 0.0 19.0 0.0 0.0 17.0 4.0 1.0 3.0 0.0 1.0 0.0 3.0 1.0 1.0 2.0 1.0 0.0 8.0 6.0 1.0 3.0 6.0
295 1.0 1.0 1.0 0.0 2.0 0.0 2.0 0.0 4.0 0.0 1.0 10.0 2.0 1.0 18.0 2.0 0.0 0.0 0.0 0.0 1.0 2.0 0.0 1.0 0.0 0.0 0.0 3.0 0.0 0.0 5.0 1.0
300 0.0 0.0 1.0 1.0 0.0 0.0 1.0 1.0 2.0 0.0 0.0 4.0 0.0 0.0 4.0 0.0 0.0 0.0 0.0 0.0 0.0 0.0 0.0 0.0 0.0 0.0 0.0 0.0 0.0 0.0 2.0 0.0
305 1.0 0.0 1.0 1.0 0.0 1.0 0.0 1.0 1.0 0.0 0.0 0.0 1.0 1.0 0.0 0.0 1.0 0.0 0.0 0.0 1.0 1.0 2.0 1.0 0.0 0.0 1.0 1.0 0.0 0.0 1.0 2.0
310 1.0 1.0 0.0 0.0 0.0 1.0 0.0 1.0 0.0 1.0 0.0 1.0 0.0 0.0 1.0 1.0 0.0 1.0 1.0 0.0 1.0 2.0 2.0 0.0 0.0 0.0 1.0 3.0 1.0 0.0 0.0 0.0
315 0.0 0.0 0.0 0.0 0.0 2.0 0.0 0.0 1.0 1.0 1.0 1.0 0.0 0.0 1.0 1.0 0.0 0.0 1.0 0.0 0.0 0.0 0.0 0.0 1.0 0.0 0.0 0.0 0.0 0.0 0.0 1.0
320 0.0 0.0 1.0 0.0 0.0 0.0 1.0 1.0 1.0 0.0 0.0 2.0 0.0 1.0 2.0 0.0 0.0 0.0 0.0 0.0 0.0 0.0 0.0 0.0 0.0 0.0 0.0 0.0 1.0 0.0 0.0 0.0
325 0.0 0.0 0.0 0.0 0.0 0.0 0.0 1.0 0.0 0.0 0.0 0.0 0.0 0.0 1.0 0.0 0.0 0.0 0.0 0.0 0.0 1.0 0.0 2.0 0.0 1.0 0.0 1.0 0.0 0.0 0.0 3.0
330 1.0 1.0 1.0 0.0 1.0 1.0 1.0 0.0 0.0 0.0 0.0 0.0 0.0 1.0 1.0 0.0 0.0 0.0 2.0 2.0 0.0 0.0 0.0 1.0 0.0 0.0 0.0 0.0 0.0 0.0 2.0 1.0
335 0.0 0.0 0.0 0.0 0.0 0.0 0.0 0.0 1.0 0.0 0.0 0.0 0.0 1.0 3.0 1.0 0.0 0.0 0.0 0.0 0.0 0.0 0.0 0.0 0.0 0.0 0.0 0.0 0.0 0.0 0.0 0.0
340 0.0 0.0 0.0 0.0 0.0 0.0 0.0 1.0 1.0 1.0 1.0 1.0 2.0 0.0 2.0 0.0 0.0 0.0 1.0 1.0 0.0 1.0 0.0 0.0 0.0 1.0 1.0 0.0 0.0 0.0 0.0 0.0
345 0.0 1.0 0.0 0.0 1.0 0.0 1.0 0.0 1.0 1.0 1.0 0.0 0.0 0.0 0.0 1.0 0.0 2.0 0.0 0.0 0.0 0.0 0.0 1.0 0.0 0.0 0.0 0.0 0.0 0.0 0.0 0.0
350 0.0 1.0 0.0 0.0 0.0 0.0 0.0 0.0 0.0 1.0 0.0 0.0 0.0 0.0 0.0 0.0 0.0 0.0 0.0 0.0 0.0 0.0 0.0 0.0 0.0 0.0 0.0 0.0 0.0 0.0 0.0 0.0
355 0.0 1.0 0.0 1.0 0.0 0.0 0.0 0.0 0.0 1.0 0.0 1.0 1.0 0.0 0.0 0.0 0.0 1.0 0.0 0.0 2.0 0.0 0.0 0.0 0.0 1.0 0.0 0.0 0.0 0.0 0.0 0.0
360 1.0 1.0 0.0 0.0 0.0 0.0 1.0 0.0 0.0 0.0 0.0 1.0 0.0 0.0 0.0 0.0 0.0 0.0 1.0 0.0 0.0 0.0 0.0 1.0 1.0 0.0 0.0 1.0 0.0 1.0 0.0 0.0
365 0.0 0.0 0.0 0.0 0.0 0.0 1.0 0.0 1.0 0.0 1.0 0.0 0.0 0.0 0.0 0.0 0.0 0.0 0.0 0.0 0.0 0.0 1.0 0.0 1.0 0.0 0.0 0.0 0.0 0.0 0.0 0.0
370 0.0 0.0 0.0 0.0 0.0 0.0 0.0 1.0 0.0 0.0 0.0 0.0 0.0 0.0 0.0 0.0 1.0 1.0 0.0 0.0 1.0 0.0 0.0 0.0 0.0 0.0 0.0 1.0 0.0 0.0 0.0 0.0
375 0.0 0.0 0.0 0.0 0.0 0.0 0.0 0.0 0.0 0.0 0.0 0.0 1.0 1.0 1.0 0.0 0.0 0.0 1.0 1.0 0.0 0.0 0.0 0.0 0.0 0.0 1.0 0.0 2.0 0.0 0.0 0.0
380 0.0 0.0 0.0 0.0 0.0 0.0 0.0 1.0 0.0 0.0 0.0 0.0 0.0 0.0 1.0 0.0 0.0 0.0 0.0 0.0 1.0 1.0 1.0 0.0 0.0 0.0 0.0 0.0 0.0 0.0 0.0 0.0
385 0.0 0.0 0.0 0.0 0.0 0.0 1.0 0.0 0.0 0.0 0.0 0.0 0.0 0.0 1.0 1.0 0.0 1.0 0.0 0.0 0.0 0.0 0.0 1.0 1.0 0.0 0.0 1.0 0.0 0.0 0.0 0.0
390 0.0 1.0 1.0 0.0 0.0 0.0 0.0 0.0 0.0 1.0 0.0 0.0 0.0 0.0 0.0 0.0 1.0 1.0 0.0 1.0 0.0 0.0 0.0 1.0 0.0 0.0 0.0 0.0 0.0 1.0 0.0 0.0
395 0.0 0.0 0.0 0.0 0.0 0.0 1.0 1.0 0.0 0.0 1.0 0.0 1.0 0.0 0.0 0.0 0.0 0.0 0.0 0.0 0.0 0.0 0.0 1.0 1.0 1.0 1.0 0.0 1.0 1.0 0.0 0.0
400 0.0 0.0 0.0 0.0 0.0 0.0 0.0 0.0 0.0 0.0 0.0 0.0 0.0 0.0 1.0 1.0 0.0 0.0 0.0 0.0 0.0 0.0 0.0 0.0 0.0 0.0 0.0 1.0 1.0 0.0 1.0 0.0
405 1.0 0.0 0.0 0.0 0.0 0.0 0.0 0.0 0.0 0.0 0.0 0.0 0.0 0.0 0.0 1.0 0.0 0.0 0.0 0.0 0.0 0.0 0.0 0.0 0.0 0.0 0.0 0.0 0.0 0.0 1.0 0.0
410 0.0 0.0 1.0 0.0 0.0 0.0 0.0 0.0 0.0 0.0 0.0 0.0 0.0 0.0 0.0 0.0 0.0 0.0 0.0 0.0 0.0 0.0 0.0 0.0 0.0 0.0 0.0 0.0 0.0 0.0 0.0 0.0
415 0.0 0.0 0.0 0.0 0.0 0.0 0.0 1.0 0.0 0.0 0.0 0.0 1.0 0.0 0.0 0.0 1.0 0.0 1.0 0.0 0.0 0.0 0.0 0.0 0.0 1.0 0.0 1.0 0.0 0.0 2.0 1.0
420 0.0 0.0 0.0 0.0 0.0 0.0 0.0 0.0 0.0 0.0 0.0 0.0 0.0 0.0 0.0 0.0 0.0 0.0 0.0 0.0 0.0 0.0 1.0 0.0 0.0 0.0 0.0 0.0 0.0 0.0 2.0 0.0
425 1.0 2.0 0.0 0.0 1.0 0.0 0.0 0.0 0.0 0.0 0.0 0.0 0.0 0.0 0.0 0.0 0.0 0.0 0.0 0.0 1.0 0.0 0.0 0.0 0.0 0.0 0.0 1.0 1.0 0.0 0.0 0.0
430 0.0 0.0 0.0 1.0 0.0 0.0 0.0 0.0 1.0 0.0 0.0 0.0 0.0 0.0 0.0 0.0 0.0 0.0 0.0 0.0 0.0 0.0 0.0 0.0 0.0 0.0 0.0 0.0 0.0 0.0 0.0 0.0
435 0.0 0.0 0.0 1.0 0.0 0.0 0.0 0.0 0.0 0.0 0.0 0.0 0.0 1.0 0.0 0.0 0.0 0.0 0.0 1.0 0.0 0.0 0.0 0.0 0.0 0.0 0.0 0.0 0.0 0.0 0.0 0.0
440 0.0 0.0 0.0 0.0 0.0 0.0 0.0 1.0 0.0 0.0 0.0 1.0 1.0 0.0 0.0 1.0 0.0 0.0 0.0 0.0 0.0 0.0 1.0 0.0 0.0 0.0 1.0 0.0 0.0 0.0 0.0 0.0
445 0.0 0.0 0.0 0.0 0.0 0.0 0.0 1.0 0.0 1.0 0.0 0.0 0.0 0.0 1.0 0.0 0.0 0.0 0.0 1.0 0.0 1.0 0.0 0.0 0.0 0.0 0.0 0.0 0.0 1.0 0.0 1.0
450 0.0 0.0 0.0 0.0 0.0 0.0 0.0 0.0 0.0 0.0 0.0 0.0 0.0 0.0 0.0 0.0 0.0 0.0 0.0 0.0 0.0 0.0 0.0 0.0 0.0 0.0 0.0 0.0 0.0 0.0 0.0 0.0
455 0.0 0.0 0.0 0.0 0.0 0.0 1.0 1.0 0.0 0.0 0.0 0.0 0.0 0.0 0.0 0.0 0.0 0.0 0.0 0.0 0.0 0.0 0.0 0.0 0.0 0.0 0.0 0.0 1.0 0.0 0.0 0.0
460 0.0 0.0 0.0 0.0 0.0 0.0 0.0 0.0 0.0 0.0 0.0 0.0 0.0 0.0 0.0 0.0 0.0 0.0 0.0 0.0 0.0 0.0 0.0 0.0 0.0 0.0 0.0 0.0 0.0 0.0 0.0 0.0
465 0.0 0.0 1.0 0.0 0.0 0.0 0.0 0.0 1.0 0.0 0.0 0.0 0.0 0.0 0.0 0.0 0.0 2.0 0.0 0.0 0.0 0.0 0.0 0.0 0.0 0.0 0.0 0.0 0.0 0.0 0.0 0.0
470 0.0 1.0 1.0 0.0 1.0 1.0 1.0 0.0 0.0 0.0 0.0 0.0 0.0 0.0 0.0 0.0 0.0 0.0 1.0 0.0 0.0 0.0 0.0 0.0 0.0 0.0 0.0 0.0 1.0 0.0 0.0 0.0
475 0.0 0.0 0.0 0.0 0.0 0.0 0.0 0.0 1.0 0.0 0.0 0.0 1.0 0.0 0.0 0.0 0.0 0.0 0.0 0.0 0.0 0.0 0.0 0.0 1.0 0.0 0.0 0.0 0.0 0.0 0.0 0.0
480 0.0 0.0 0.0 0.0 0.0 0.0 0.0 2.0 0.0 0.0 0.0 0.0 0.0 0.0 0.0 0.0 0.0 0.0 0.0 0.0 0.0 0.0 0.0 0.0 0.0 0.0 0.0 1.0 0.0 0.0 0.0 0.0
485 0.0 0.0 0.0 0.0 0.0 0.0 0.0 0.0 0.0 0.0 0.0 0.0 0.0 0.0 0.0 0.0 0.0 0.0 0.0 0.0 0.0 0.0 0.0 0.0 0.0 0.0 0.0 0.0 0.0 0.0 0.0 0.0
490 0.0 1.0 0.0 0.0 0.0 0.0 0.0 0.0 0.0 0.0 0.0 0.0 0.0 0.0 0.0 0.0 0.0 0.0 0.0 0.0 0.0 1.0 1.0 0.0 0.0 0.0 0.0 0.0 0.0 0.0 0.0 0.0
495 0.0 0.0 0.0 0.0 0.0 1.0 0.0 1.0 0.0 0.0 0.0 0.0 0.0 0.0 0.0 0.0 0.0 0.0 1.0 0.0 0.0 0.0 0.0 0.0 0.0 0.0 0.0 0.0 0.0 0.0 1.0 0.0
