100 0.0 0.0 0.0 0.0 0.0 0.0 1.0 0.0 0.0 0.0 0.0 0.0 0.0 0.0 0.0 0.0 0.0 1.0 1.0 0.0 0.0 1.0 0.0 1.0 1.0 0.0 1.0 1.0 0.0 0.0 1.0 0.0
105 0.0 0.0 0.0 1.0 0.0 0.0 1.0 0.0 0.0 0.0 0.0 0.0 0.0 0.0 0.0 1.0 0.0 0.0 0.0 0.0 0.0 0.0 0.0 0.0 0.0 1.0 0.0 0.0 0.0 0.0 0.0 0.0
110 0.0 1.0 0.0 0.0 0.0 1.0 0.0 0.0 0.0 0.0 0.0 1.0 0.0 1.0 0.0 1.0 1.0 0.0 0.0 2.0 0.0 0.0 0.0 0.0 0.0 0.0 0.0 0.0 1.0 0.0 0.0 0.0
115 0.0 0.0 0.0 1.0 1.0 1.0 1.0 0.0 0.0 0.0 0.0 0.0 0.0 0.0 0.0 1.0 0.0 0.0 0.0 0.0 0.0 0.0 0.0 1.0 0.0 0.0 1.0 0.0 0.0 0.0 1.0 0.0
120 0.0 0.0 1.0 0.0 0.0 0.0 0.0 0.0 0.0 0.0 0.0 1.0 0.0 0.0 0.0 0.0 0.0 0.0 0.0 0.0 1.0 0.0 0.0 0.0 1.0 0.0 0.0 0.0 0.0 0.0 0.0 0.0
125 1.0 0.0 1.0 0.0 0.0 0.0 0.0 0.0 1.0 0.0 0.0 0.0 0.0 0.0 0.0 0.0 0.0 0.0 0.0 1.0 0.0 0.0 0.0 0.0 0.0 0.0 1.0 0.0 1.0 0.0 1.0 1.0
130 0.0 1.0 1.0 0.0 1.0 1.0 0.0 0.0 1.0 0.0 0.0 1.0 0.0 0.0 0.0 0.0 0.0 0.0 0.0 0.0 1.0 2.0 0.0 0.0 0.0 0.0 1.0 1.0 1.0 1.0 0.0 0.0
135 0.0 0.0 2.0 1.0 0.0 2.0 0.0 2.0 0.0 0.0 0.0 0.0 0.0 1.0 2.0 2.0 1.0 0.0 2.0 0.0 1.0 2.0 0.0 3.0 0.0 1.0 0.0 0.0 0.0 3.0 1.0 1.0
140 7.0 7.0 14.0 12.0 2.0 33.0 27.0 14.0 26.0 9.0 16.0 25.0 0.0 41.0 5.0 17.0 9.0 13.0 23.0 6.0 21.0 62.0 6.0 9.0 9.0 9.0 3.0 7.0 24.0 32.0 37.0 41.0
145 46.0 57.0 124.0 118.0 37.0 188.0 113.0 92.0 114.0 61.0 85.0 150.0 0.0 247.0 93.0 122.0 44.0 61.0 121.0 35.0 142.0 322.0 48.0 67.0 50.0 114.0 28.0 62.0 152.0 226.0 211.0 224.0
150 1570.0 1342.0 2140.0 2453.0 953.0 3198.0 2409.0 2098.0 2537.0 1841.0 1943.0 2900.0 0.0 3409.0 2217.0 2614.0 1466.0 1518.0 2733.0 1153.0 2882.0 3739.0 1359.0 2009.0 1713.0 2154.0 916.0 1777.0 2827.0 3576.0 3457.0 3075.0
155 15471256.0 15432619.0 15429117.0 15357516.0 15428798.0 15321544.0 15404508.0 15332086.0 15403348.0 15355754.0 15382900.0 15363984.0 0.0 15463050.0 15460891.0 15362055.0 15442503.0 15392564.0 15465269.0 15366467.0 15357120.0 15399286.0 15312969.0 15364834.0 15321049.0 15392205.0 15285161.0 15354025.0 15321324.0 15399767.0 15380053.0 15405205.0
160 19409602.0 19406418.0 19403998.0 19396781.0 19408014.0 19386374.0 19407340.0 19387338.0 19408646.0 19386790.0 19402472.0 19385891.0 0.0 19415898.0 19415358.0 19384959.0 19413374.0 19407935.0 19422442.0 19406342.0 19383070.0 19407037.0 19382652.0 19402786.0 19382262.0 19403691.0 19382015.0 19402015.0 19380991.0 19407396.0 19404803.0 19410401.0
165 19836426.0 19832737.0 19830828.0 19827750.0 19830367.0 19824363.0 19830582.0 19824712.0 19831500.0 19824602.0 19828404.0 19824400.0 0.0 19834006.0 19833346.0 19823419.0 19832165.0 19830975.0 19835984.0 19829804.0 19822199.0 19830233.0 19821765.0 19828622.0 19821646.0 19828132.0 19821363.0 19827757.0 19820953.0 19829454.0 19828023.0 19829973.0
170 19938700.0 19937801.0 19937110.0 19939371.0 19936388.0 19940243.0 19936234.0 19939498.0 19936468.0 19939129.0 19935346.0 19939265.0 0.0 19936971.0 19937252.0 19936775.0 19936177.0 19935550.0 19937567.0 19934964.0 19934775.0 19934775.0 19933634.0 19934061.0 19933750.0 19933914.0 19933150.0 19933642.0 19933154.0 19933933.0 19933899.0 19933777.0
175 20387971.0 20398000.0 20226856.0 19317134.0 20282357.0 19112270.0 20109315.0 19152297.0 19925485.0 19027684.0 19807705.0 19140182.0 0.0 19938324.0 19869727.0 19382428.0 19832317.0 19729968.0 19987203.0 19810730.0 19145273.0 19757125.0 19195853.0 19666108.0 19215161.0 19687722.0 19229641.0 19704416.0 19082568.0 19633366.0 19734112.0 19868831.0
180 10000108.0 10097187.0 9823620.0 9256207.0 9930289.0 9155439.0 9752608.0 9180939.0 9600927.0 9081054.0 9510625.0 9160680.0 0.0 9636099.0 9554851.0 9340072.0 9517441.0 9485230.0 9682441.0 9605285.0 9127585.0 9545692.0 9214559.0 9456652.0 9177713.0 9463111.0 9245726.0 9525063.0 9073969.0 9433440.0 9569712.0 9695704.0
185 299813.0 373866.0 353577.0 258722.0 414181.0 266741.0 415456.0 268266.0 387420.0 248584.0 337960.0 280298.0 0.0 402847.0 344509.0 347728.0 290545.0 328980.0 389178.0 387497.0 272452.0 372819.0 319187.0 301052.0 295259.0 297168.0 359833.0 370436.0 290989.0 342513.0 392647.0 400694.0
190 82401.0 77656.0 88007.0 85558.0 83944.0 91766.0 91098.0 92787.0 112096.0 88428.0 98771.0 105267.0 0.0 95473.0 78067.0 87828.0 83079.0 82169.0 97252.0 92490.0 93600.0 102969.0 94731.0 82722.0 86878.0 84224.0 83243.0 84836.0 106387.0 99338.0 101577.0 88819.0
195 43018.0 57268.0 78739.0 69493.0 56989.0 87501.0 87949.0 72199.0 104120.0 43486.0 72176.0 89032.0 0.0 90376.0 56377.0 77993.0 37460.0 65229.0 92096.0 69575.0 80173.0 100581.0 58665.0 65618.0 65352.0 63991.0 55271.0 68791.0 93446.0 93561.0 96679.0 86653.0
200 3362.0 7389.0 19801.0 13980.0 6759.0 41801.0 48752.0 12052.0 43524.0 3629.0 11753.0 20699.0 0.0 40605.0 7260.0 23029.0 2577.0 9643.0 36955.0 9479.0 18192.0 69418.0 5471.0 13199.0 9419.0 10483.0 5988.0 14244.0 25923.0 38970.0 45639.0 54342.0
205 1430.0 1480.0 2117.0 1928.0 1571.0 3839.0 5216.0 1818.0 4362.0 1552.0 2002.0 2479.0 0.0 3786.0 1493.0 2321.0 1343.0 1725.0 3271.0 1833.0 2172.0 11273.0 1750.0 1744.0 1721.0 1813.0 1561.0 1861.0 2767.0 3749.0 5110.0 7144.0
210 860.0 1027.0 1416.0 1321.0 1082.0 1688.0 1827.0 1345.0 1967.0 990.0 1382.0 1636.0 0.0 1835.0 1058.0 1441.0 865.0 1085.0 1753.0 1213.0 1515.0 2380.0 1221.0 1228.0 1201.0 1243.0 1020.0 1264.0 1800.0 1820.0 1887.0 1853.0
215 612.0 641.0 859.0 823.0 663.0 1192.0 1311.0 857.0 1366.0 636.0 908.0 1031.0 0.0 1302.0 627.0 993.0 589.0 665.0 1255.0 736.0 870.0 1601.0 737.0 801.0 719.0 801.0 601.0 811.0 1136.0 1190.0 1325.0 1275.0
220 479.0 493.0 686.0 605.0 519.0 828.0 895.0 663.0 964.0 412.0 750.0 767.0 0.0 814.0 482.0 648.0 411.0 564.0 823.0 626.0 752.0 1113.0 566.0 622.0 589.0 620.0 435.0 558.0 841.0 885.0 895.0 852.0
225 138.0 270.0 530.0 427.0 205.0 726.0 781.0 414.0 910.0 142.0 354.0 613.0 0.0 744.0 274.0 508.0 101.0 336.0 770.0 332.0 572.0 1000.0 202.0 454.0 360.0 369.0 181.0 391.0 699.0 799.0 824.0 758.0
230 20.0 44.0 239.0 170.0 34.0 562.0 608.0 131.0 488.0 17.0 112.0 253.0 0.0 464.0 76.0 266.0 15.0 71.0 472.0 57.0 223.0 870.0 39.0 130.0 80.0 104.0 27.0 107.0 348.0 487.0 559.0 602.0
235 6.0 7.0 34.0 16.0 14.0 143.0 138.0 21.0 104.0 10.0 15.0 34.0 0.0 120.0 11.0 44.0 9.0 17.0 78.0 17.0 31.0 418.0 9.0 28.0 16.0 19.0 8.0 18.0 50.0 108.0 172.0 265.0
240 8.0 15.0 15.0 14.0 8.0 27.0 27.0 12.0 30.0 6.0 12.0 16.0 0.0 25.0 2.0 15.0 3.0 9.0 23.0 8.0 9.0 107.0 8.0 8.0 15.0 12.0 7.0 12.0 29.0 27.0 35.0 47.0
245 3.0 6.0 5.0 12.0 4.0 14.0 12.0 9.0 16.0 4.0 4.0 14.0 0.0 19.0 4.0 12.0 6.0 10.0 12.0 7.0 6.0 31.0 7.0 3.0 3.0 7.0 1.0 4.0 21.0 13.0 19.0 13.0
250 2.0 3.0 7.0 11.0 6.0 9.0 8.0 7.0 14.0 1.0 6.0 10.0 0.0 9.0 1.0 13.0 1.0 13.0 12.0 5.0 7.0 18.0 2.0 7.0 8.0 9.0 0.0 4.0 16.0 10.0 18.0 11.0
255 1.0 2.0 3.0 5.0 2.0 7.0 10.0 6.0 11.0 0.0 2.0 9.0 0.0 8.0 4.0 6.0 1.0 2.0 8.0 6.0 11.0 15.0 1.0 5.0 2.0 5.0 0.0 4.0 5.0 10.0 7.0 5.0
260 0.0 0.0 3.0 3.0 1.0 12.0 14.0 4.0 9.0 0.0 2.0 2.0 0.0 5.0 0.0 4.0 0.0 2.0 8.0 0.0 0.0 16.0 0.0 7.0 1.0 3.0 0.0 4.0 5.0 6.0 5.0 13.0
265 0.0 0.0 1.0 0.0 0.0 5.0 2.0 0.0 3.0 0.0 0.0 3.0 0.0 4.0 1.0 0.0 0.0 1.0 3.0 0.0 1.0 9.0 0.0 1.0 0.0 0.0 1.0 0.0 1.0 1.0 5.0 5.0
270 1.0 0.0 0.0 0.0 0.0 2.0 0.0 0.0 1.0 0.0 1.0 1.0 0.0 2.0 1.0 0.0 0.0 0.0 1.0 0.0 0.0 4.0 0.0 0.0 0.0 0.0 0.0 0.0 0.0 1.0 1.0 2.0
275 0.0 0.0 0.0 0.0 0.0 1.0 0.0 0.0 0.0 0.0 1.0 2.0 0.0 0.0 1.0 0.0 0.0 0.0 0.0 1.0 0.0 2.0 0.0 0.0 0.0 0.0 0.0 1.0 0.0 0.0 0.0 1.0
280 0.0 0.0 0.0 0.0 0.0 1.0 1.0 0.0 0.0 0.0 0.0 1.0 0.0 1.0 0.0 0.0 1.0 0.0 1.0 1.0 0.0 1.0 0.0 0.0 0.0 0.0 0.0 0.0 0.0 0.0 0.0 1.0
285 0.0 0.0 0.0 0.0 0.0 1.0 0.0 0.0 0.0 0.0 0.0 1.0 0.0 0.0 0.0 0.0 0.0 1.0 0.0 0.0 1.0 1.0 0.0 0.0 0.0 0.0 0.0 1.0 0.0 0.0 0.0 1.0
290 0.0 0.0 0.0 0.0 0.0 0.0 0.0 0.0 0.0 0.0 0.0 0.0 0.0 1.0 0.0 0.0 1.0 0.0 1.0 0.0 0.0 0.0 0.0 0.0 0.0 0.0 0.0 1.0 1.0 0.0 1.0 0.0
295 0.0 0.0 0.0 0.0 0.0 0.0 0.0 1.0 0.0 0.0 1.0 0.0 0.0 0.0 0.0 0.0 0.0 0.0 0.0 0.0 0.0 1.0 0.0 0.0 0.0 0.0 0.0 0.0 2.0 1.0 1.0 1.0
300 0.0 0.0 0.0 0.0 0.0 0.0 0.0 1.0 2.0 0.0 0.0 0.0 0.0 0.0 0.0 0.0 0.0 1.0 0.0 0.0 0.0 0.0 0.0 0.0 0.0 0.0 1.0 0.0 0.0 0.0 1.0 0.0
305 0.0 0.0 0.0 0.0 1.0 0.0 0.0 0.0 0.0 0.0 0.0 1.0 0.0 0.0 1.0 0.0 1.0 0.0 0.0 0.0 0.0 0.0 0.0 0.0 0.0 0.0 0.0 0.0 0.0 0.0 0.0 0.0
310 1.0 2.0 0.0 0.0 0.0 0.0 0.0 0.0 0.0 0.0 0.0 2.0 0.0 1.0 0.0 0.0 0.0 1.0 0.0 0.0 0.0 0.0 0.0 0.0 0.0 0.0 0.0 1.0 0.0 0.0 0.0 0.0
315 0.0 1.0 0.0 0.0 0.0 0.0 0.0 0.0 1.0 0.0 0.0 0.0 0.0 0.0 0.0 0.0 0.0 0.0 0.0 0.0 0.0 0.0 0.0 0.0 0.0 0.0 0.0 0.0 0.0 0.0 0.0 0.0
320 0.0 0.0 0.0 0.0 0.0 0.0 0.0 0.0 1.0 2.0 0.0 1.0 0.0 0.0 1.0 1.0 0.0 0.0 0.0 0.0 0.0 0.0 0.0 1.0 0.0 0.0 0.0 1.0 1.0 0.0 0.0 1.0
325 0.0 0.0 0.0 0.0 0.0 0.0 0.0 0.0 0.0 0.0 0.0 0.0 0.0 0.0 0.0 0.0 0.0 0.0 0.0 0.0 0.0 0.0 0.0 0.0 0.0 0.0 0.0 0.0 0.0 0.0 0.0 0.0
330 0.0 0.0 0.0 0.0 0.0 0.0 0.0 0.0 0.0 0.0 0.0 0.0 0.0 1.0 0.0 0.0 0.0 0.0 1.0 0.0 0.0 0.0 0.0 0.0 0.0 0.0 0.0 0.0 0.0 0.0 0.0 1.0
335 0.0 0.0 0.0 0.0 0.0 0.0 0.0 0.0 1.0 0.0 0.0 0.0 0.0 0.0 1.0 0.0 0.0 0.0 0.0 0.0 0.0 0.0 0.0 1.0 0.0 0.0 0.0 0.0 0.0 0.0 0.0 0.0
340 0.0 0.0 0.0 0.0 1.0 0.0 0.0 0.0 0.0 0.0 0.0 1.0 0.0 0.0 0.0 0.0 0.0 0.0 0.0 0.0 0.0 0.0 0.0 1.0 0.0 0.0 0.0 0.0 0.0 0.0 0.0 0.0
345 0.0 0.0 0.0 1.0 0.0 0.0 0.0 0.0 1.0 0.0 0.0 0.0 0.0 0.0 0.0 0.0 0.0 0.0 0.0 0.0 0.0 1.0 0.0 0.0 0.0 0.0 1.0 0.0 0.0 0.0 0.0 0.0
350 1.0 0.0 0.0 0.0 0.0 0.0 0.0 0.0 0.0 0.0 0.0 0.0 0.0 0.0 0.0 0.0 1.0 1.0 0.0 0.0 0.0 0.0 0.0 0.0 0.0 0.0 1.0 0.0 0.0 0.0 0.0 0.0
355 0.0 0.0 0.0 0.0 0.0 0.0 0.0 0.0 0.0 0.0 0.0 0.0 0.0 0.0 0.0 0.0 0.0 0.0 0.0 0.0 0.0 0.0 0.0 0.0 0.0 0.0 0.0 0.0 0.0 1.0 1.0 0.0
360 0.0 0.0 0.0 0.0 0.0 0.0 0.0 1.0 0.0 0.0 0.0 0.0 0.0 0.0 0.0 0.0 0.0 0.0 1.0 0.0 0.0 0.0 0.0 0.0 0.0 0.0 0.0 0.0 2.0 0.0 0.0 1.0
365 0.0 0.0 0.0 0.0 0.0 1.0 0.0 0.0 0.0 0.0 0.0 0.0 0.0 0.0 0.0 0.0 0.0 0.0 1.0 0.0 0.0 0.0 0.0 0.0 0.0 0.0 0.0 0.0 1.0 0.0 0.0 2.0
370 0.0 0.0 0.0 0.0 0.0 0.0 0.0 1.0 2.0 0.0 0.0 0.0 0.0 0.0 0.0 1.0 0.0 0.0 0.0 0.0 0.0 0.0 2.0 1.0 0.0 0.0 0.0 0.0 0.0 0.0 0.0 0.0
375 0.0 0.0 0.0 1.0 0.0 0.0 0.0 0.0 0.0 0.0 0.0 1.0 0.0 0.0 0.0 0.0 0.0 0.0 0.0 0.0 0.0 0.0 0.0 0.0 0.0 0.0 0.0 0.0 0.0 0.0 0.0 0.0
380 0.0 0.0 0.0 0.0 1.0 0.0 0.0 0.0 0.0 0.0 0.0 0.0 0.0 1.0 0.0 0.0 0.0 0.0 0.0 0.0 0.0 1.0 0.0 0.0 0.0 0.0 0.0 0.0 0.0 0.0 0.0 0.0
385 0.0 0.0 0.0 0.0 0.0 0.0 0.0 0.0 0.0 1.0 0.0 1.0 0.0 1.0 0.0 0.0 0.0 0.0 0.0 0.0 0.0 0.0 1.0 0.0 0.0 0.0 0.0 0.0 0.0 0.0 0.0 0.0
390 0.0 0.0 0.0 0.0 0.0 0.0 0.0 0.0 1.0 0.0 0.0 0.0 0.0 0.0 0.0 1.0 0.0 0.0 0.0 0.0 0.0 1.0 0.0 0.0 1.0 0.0 0.0 0.0 0.0 0.0 0.0 0.0
395 0.0 0.0 0.0 0.0 0.0 0.0 0.0 0.0 0.0 0.0 0.0 0.0 0.0 0.0 0.0 0.0 0.0 0.0 0.0 0.0 0.0 1.0 0.0 0.0 0.0 0.0 0.0 0.0 0.0 0.0 0.0 0.0
400 0.0 0.0 0.0 0.0 0.0 0.0 0.0 0.0 0.0 0.0 0.0 0.0 0.0 0.0 0.0 0.0 0.0 0.0 0.0 1.0 0.0 0.0 0.0 0.0 0.0 0.0 0.0 0.0 0.0 0.0 0.0 0.0
405 0.0 0.0 0.0 0.0 0.0 0.0 0.0 0.0 0.0 0.0 0.0 1.0 0.0 0.0 0.0 0.0 0.0 0.0 0.0 0.0 0.0 0.0 0.0 0.0 0.0 0.0 0.0 0.0 1.0 0.0 0.0 0.0
410 0.0 0.0 0.0 0.0 0.0 0.0 0.0 0.0 0.0 0.0 0.0 0.0 0.0 0.0 0.0 0.0 0.0 0.0 1.0 0.0 0.0 0.0 0.0 0.0 0.0 0.0 0.0 0.0 0.0 0.0 0.0 1.0
415 0.0 2.0 0.0 1.0 0.0 0.0 0.0 0.0 0.0 0.0 0.0 0.0 0.0 0.0 0.0 0.0 0.0 0.0 0.0 0.0 0.0 0.0 1.0 0.0 0.0 0.0 0.0 0.0 0.0 0.0 0.0 1.0
420 1.0 0.0 0.0 1.0 0.0 0.0 0.0 0.0 0.0 0.0 0.0 0.0 0.0 0.0 1.0 0.0 0.0 0.0 1.0 0.0 0.0 0.0 0.0 0.0 1.0 0.0 0.0 0.0 0.0 0.0 0.0 2.0
425 0.0 0.0 0.0 0.0 0.0 0.0 0.0 0.0 0.0 1.0 0.0 0.0 0.0 0.0 0.0 0.0 0.0 0.0 0.0 0.0 0.0 0.0 0.0 0.0 0.0 1.0 0.0 0.0 1.0 0.0 0.0 0.0
430 0.0 0.0 1.0 0.0 0.0 0.0 1.0 0.0 0.0 0.0 0.0 0.0 0.0 0.0 0.0 0.0 0.0 1.0 1.0 0.0 0.0 0.0 0.0 0.0 1.0 0.0 1.0 0.0 0.0 0.0 0.0 0.0
435 0.0 0.0 0.0 0.0 0.0 0.0 1.0 0.0 1.0 0.0 0.0 0.0 0.0 0.0 0.0 0.0 0.0 0.0 2.0 0.0 0.0 0.0 1.0 0.0 0.0 0.0 0.0 0.0 0.0 0.0 0.0 0.0
440 0.0 0.0 0.0 0.0 0.0 0.0 0.0 0.0 0.0 0.0 0.0 0.0 0.0 0.0 0.0 0.0 0.0 0.0 0.0 0.0 0.0 0.0 0.0 0.0 0.0 0.0 0.0 0.0 0.0 0.0 0.0 0.0
445 0.0 0.0 0.0 0.0 0.0 0.0 0.0 0.0 0.0 0.0 0.0 0.0 0.0 0.0 0.0 0.0 0.0 0.0 0.0 1.0 0.0 1.0 0.0 0.0 0.0 0.0 0.0 0.0 1.0 0.0 0.0 0.0
450 0.0 0.0 0.0 0.0 0.0 0.0 1.0 0.0 0.0 0.0 0.0 0.0 0.0 0.0 0.0 0.0 0.0 1.0 0.0 0.0 0.0 0.0 0.0 0.0 0.0 0.0 0.0 0.0 0.0 0.0 0.0 0.0
455 0.0 0.0 0.0 0.0 0.0 0.0 0.0 0.0 0.0 0.0 0.0 0.0 0.0 0.0 0.0 0.0 0.0 0.0 0.0 0.0 0.0 0.0 0.0 0.0 0.0 0.0 0.0 0.0 1.0 0.0 1.0 0.0
460 0.0 0.0 0.0 0.0 0.0 0.0 0.0 0.0 0.0 0.0 0.0 0.0 0.0 1.0 0.0 0.0 0.0 0.0 0.0 0.0 0.0 0.0 0.0 0.0 0.0 0.0 0.0 0.0 0.0 0.0 0.0 0.0
465 0.0 0.0 0.0 0.0 0.0 0.0 0.0 0.0 0.0 0.0 0.0 0.0 0.0 0.0 0.0 0.0 0.0 0.0 0.0 0.0 0.0 0.0 0.0 0.0 0.0 0.0 0.0 0.0 0.0 0.0 0.0 0.0
470 0.0 0.0 0.0 0.0 0.0 0.0 0.0 0.0 0.0 0.0 0.0 0.0 0.0 0.0 0.0 0.0 0.0 0.0 0.0 0.0 0.0 0.0 0.0 0.0 0.0 0.0 0.0 0.0 0.0 0.0 1.0 0.0
475 0.0 0.0 0.0 0.0 0.0 0.0 0.0 0.0 0.0 1.0 0.0 0.0 0.0 0.0 0.0 0.0 0.0 0.0 0.0 0.0 0.0 0.0 0.0 0.0 0.0 0.0 0.0 0.0 0.0 0.0 0.0 0.0
480 0.0 0.0 0.0 0.0 0.0 0.0 0.0 0.0 0.0 0.0 0.0 0.0 0.0 0.0 0.0 0.0 0.0 0.0 0.0 0.0 0.0 1.0 0.0 0.0 0.0 0.0 0.0 0.0 0.0 0.0 0.0 0.0
485 0.0 0.0 0.0 0.0 0.0 0.0 0.0 0.0 0.0 0.0 1.0 0.0 0.0 0.0 0.0 1.0 0.0 0.0 0.0 0.0 0.0 0.0 0.0 1.0 1.0 0.0 0.0 0.0 0.0 0.0 0.0 1.0
490 0.0 0.0 0.0 0.0 0.0 0.0 0.0 0.0 0.0 0.0 0.0 0.0 0.0 0.0 0.0 0.0 0.0 0.0 0.0 0.0 0.0 0.0 0.0 0.0 0.0 0.0 0.0 0.0 0.0 0.0 0.0 0.0
495 0.0 0.0 0.0 0.0 0.0 0.0 0.0 0.0 0.0 0.0 0.0 0.0 0.0 0.0 0.0 0.0 0.0 0.0 0.0 0.0 0.0 0.0 0.0 0.0 0.0 1.0 0.0 0.0 0.0 0.0 0.0 1.0
