100 0.0 0.0 0.0 0.0 0.0 0.0 0.0 0.0 0.0 0.0 0.0 0.0 0.0 0.0 0.0 0.0 0.0 0.0 0.0 0.0 0.0 0.0 0.0 0.0 0.0 2.0 0.0 0.0 0.0 0.0 0.0 0.0
105 0.0 0.0 0.0 0.0 0.0 0.0 1.0 1.0 0.0 0.0 0.0 2.0 1.0 1.0 0.0 0.0 0.0 0.0 0.0 0.0 0.0 1.0 0.0 0.0 0.0 0.0 0.0 0.0 0.0 0.0 0.0 1.0
110 0.0 0.0 0.0 1.0 0.0 0.0 0.0 0.0 1.0 0.0 0.0 0.0 0.0 0.0 0.0 0.0 0.0 0.0 0.0 0.0 0.0 1.0 0.0 1.0 0.0 0.0 0.0 1.0 0.0 0.0 0.0 0.0
115 0.0 0.0 0.0 0.0 0.0 0.0 1.0 0.0 0.0 0.0 0.0 0.0 0.0 0.0 0.0 0.0 0.0 0.0 0.0 0.0 0.0 0.0 0.0 1.0 0.0 0.0 0.0 0.0 0.0 0.0 0.0 0.0
120 0.0 1.0 2.0 1.0 1.0 1.0 0.0 0.0 0.0 0.0 0.0 0.0 0.0 0.0 0.0 1.0 0.0 0.0 0.0 0.0 1.0 0.0 1.0 0.0 0.0 0.0 0.0 0.0 0.0 0.0 0.0 1.0
125 0.0 0.0 0.0 3.0 1.0 0.0 0.0 1.0 0.0 1.0 0.0 0.0 0.0 0.0 1.0 0.0 1.0 0.0 0.0 1.0 0.0 0.0 1.0 1.0 1.0 1.0 0.0 1.0 0.0 0.0 1.0 0.0
130 0.0 1.0 0.0 6.0 1.0 0.0 3.0 0.0 2.0 3.0 0.0 0.0 0.0 2.0 2.0 2.0 2.0 0.0 0.0 0.0 0.0 0.0 3.0 2.0 4.0 1.0 1.0 2.0 1.0 0.0 0.0 0.0
135 1.0 15.0 17.0 34.0 5.0 11.0 18.0 16.0 12.0 42.0 15.0 7.0 14.0 16.0 18.0 24.0 22.0 4.0 6.0 3.0 7.0 1.0 30.0 28.0 49.0 21.0 8.0 5.0 33.0 3.0 8.0 8.0
140 21.0 87.0 147.0 229.0 79.0 116.0 107.0 122.0 72.0 220.0 139.0 52.0 90.0 114.0 143.0 128.0 132.0 46.0 64.0 48.0 70.0 31.0 205.0 186.0 258.0 155.0 58.0 61.0 312.0 85.0 77.0 73.0
145 330.0 1692.0 2662.0 3635.0 1311.0 2308.0 1654.0 2233.0 1516.0 3520.0 2613.0 1403.0 2258.0 1989.0 2614.0 2609.0 2696.0 1079.0 1294.0 1062.0 1591.0 885.0 3069.0 3203.0 3585.0 2496.0 1082.0 1561.0 4452.0 1638.0 1713.0 1353.0
150 14753293.0 14735329.0 14734519.0 14707918.0 14738280.0 14711183.0 14724162.0 14713292.0 14721547.0 14716476.0 14737073.0 14709301.0 14732999.0 14747443.0 14734986.0 14709182.0 14734266.0 14739306.0 14727488.0 14722924.0 14707803.0 14721811.0 14688140.0 14711750.0 14695342.0 14718278.0 14679249.0 14708441.0 14688668.0 14713095.0 14717823.0 14716786.0
155 17921338.0 17924753.0 17921228.0 17902651.0 17918738.0 17902442.0 17913884.0 17902743.0 17911707.0 17902810.0 17915770.0 17903090.0 17913658.0 17918658.0 17912559.0 17902878.0 17914457.0 17917088.0 17913356.0 17911509.0 17902072.0 17911442.0 17900618.0 17909367.0 17901182.0 17911989.0 17901070.0 17908779.0 17900412.0 17910973.0 17913188.0 17916819.0
160 18639662.0 18631202.0 18627611.0 18606425.0 18622537.0 18606371.0 18616778.0 18606695.0 18613940.0 18606216.0 18619188.0 18607113.0 18616433.0 18618795.0 18614174.0 18606545.0 18615187.0 18618703.0 18613569.0 18612215.0 18605726.0 18612678.0 18604149.0 18610892.0 18604409.0 18612502.0 18604997.0 18610324.0 18603654.0 18611905.0 18613550.0 18616372.0
165 19032428.0 19028633.0 19026656.0 19013446.0 19022637.0 19013105.0 19020252.0 19012893.0 19018123.0 19012918.0 19021464.0 19012866.0 19019007.0 19022397.0 19017570.0 19012218.0 19018975.0 19022513.0 19017542.0 19016438.0 19010862.0 19016268.0 19009793.0 19015533.0 19009882.0 19016325.0 19009980.0 19014141.0 19008895.0 19015411.0 19015424.0 19016960.0
170 19068425.0 19059045.0 19056644.0 19053294.0 19053576.0 19052882.0 19050186.0 19052892.0 19047889.0 19053761.0 19050372.0 19050324.0 19047895.0 19049047.0 19046249.0 19046510.0 19046524.0 19048468.0 19044857.0 19044052.0 19043451.0 19043601.0 19040249.0 19042945.0 19040466.0 19042606.0 19040054.0 19041504.0 19039740.0 19042138.0 19042081.0 19042526.0
175 13434398.0 14422935.0 13353381.0 12656079.0 13446051.0 12314844.0 13448405.0 12586094.0 13342642.0 12504422.0 13140817.0 12733347.0 12884449.0 13236986.0 12914112.0 12859832.0 12995273.0 13326789.0 12910169.0 12810892.0 12464802.0 12911521.0 12693414.0 12878209.0 12735621.0 12953296.0 12708620.0 12687336.0 12588047.0 12856457.0 12827396.0 13146884.0
180 10062946.0 10010792.0 9753016.0 9804602.0 9846350.0 9530131.0 9923881.0 9792053.0 9954321.0 9713571.0 9829993.0 9893409.0 9669670.0 9930028.0 9721926.0 10015186.0 9754704.0 10000533.0 9688069.0 9613229.0 9639445.0 9689284.0 9891996.0 9689314.0 9932237.0 9702216.0 9884402.0 9479003.0 9747512.0 9603416.0 9551550.0 9758651.0
185 244113.0 374408.0 288730.0 298367.0 283906.0 216264.0 316136.0 256577.0 345021.0 256714.0 282306.0 262756.0 241673.0 289271.0 249895.0 279747.0 270317.0 279243.0 237021.0 259264.0 209121.0 223858.0 276891.0 285261.0 273709.0 252005.0 242348.0 222651.0 378318.0 249692.0 226395.0 249953.0
190 112431.0 118755.0 139551.0 128248.0 125883.0 105898.0 123895.0 123208.0 113856.0 127744.0 115509.0 111776.0 108326.0 120370.0 117811.0 118202.0 117657.0 106500.0 112936.0 150982.0 95876.0 98851.0 131057.0 150623.0 118693.0 114249.0 104462.0 117380.0 252390.0 129691.0 113234.0 111330.0
195 103845.0 117001.0 137247.0 126980.0 121922.0 99048.0 121888.0 118271.0 111185.0 125275.0 112912.0 105231.0 102275.0 118625.0 116523.0 116265.0 115149.0 103681.0 100032.0 105989.0 83307.0 82897.0 129549.0 148668.0 118440.0 112088.0 101163.0 101074.0 240598.0 120964.0 104715.0 103426.0
200 44211.0 107866.0 103231.0 118300.0 75453.0 47189.0 111018.0 69563.0 92525.0 106536.0 85560.0 55151.0 51764.0 100755.0 100136.0 102370.0 95647.0 74628.0 34577.0 16433.0 28018.0 21822.0 121424.0 123359.0 112223.0 95146.0 68642.0 28359.0 153356.0 57618.0 45511.0 50717.0
205 4602.0 49575.0 20442.0 62438.0 10049.0 4924.0 48047.0 8333.0 29049.0 33420.0 18511.0 5761.0 6162.0 30760.0 32317.0 37334.0 27482.0 12291.0 3441.0 3221.0 2922.0 2401.0 61970.0 36445.0 66070.0 32178.0 10812.0 2989.0 25797.0 5780.0 4237.0 5359.0
210 2109.0 5600.0 3319.0 8698.0 2777.0 2049.0 5483.0 2547.0 3427.0 3929.0 2972.0 2251.0 2131.0 3624.0 3857.0 4200.0 3372.0 2330.0 1940.0 2182.0 1592.0 1580.0 7589.0 4466.0 9912.0 3790.0 2283.0 1997.0 6003.0 2526.0 2177.0 2062.0
215 1474.0 2327.0 2433.0 2802.0 1906.0 1437.0 2422.0 1964.0 2038.0 2395.0 2031.0 1524.0 1477.0 2142.0 2304.0 2249.0 2133.0 1722.0 1236.0 1501.0 1162.0 1042.0 2901.0 2783.0 2721.0 2094.0 1695.0 1410.0 4287.0 1707.0 1466.0 1408.0
220 1150.0 1637.0 1468.0 1998.0 1338.0 944.0 1648.0 1289.0 1338.0 1761.0 1358.0 1056.0 952.0 1528.0 1628.0 1541.0 1443.0 1139.0 1005.0 1216.0 795.0 778.0 2060.0 2026.0 1903.0 1505.0 1062.0 1059.0 2992.0 1292.0 1005.0 980.0
225 1028.0 1156.0 1286.0 1456.0 1173.0 793.0 1268.0 1108.0 1033.0 1251.0 1037.0 919.0 778.0 1109.0 1299.0 1266.0 1113.0 945.0 836.0 766.0 703.0 636.0 1519.0 1623.0 1422.0 1153.0 977.0 880.0 2576.0 1157.0 940.0 853.0
230 665.0 1052.0 1141.0 1246.0 836.0 644.0 1172.0 934.0 902.0 1139.0 955.0 734.0 705.0 1053.0 1203.0 1178.0 1029.0 833.0 458.0 192.0 397.0 256.0 1373.0 1486.0 1269.0 1104.0 817.0 490.0 2249.0 833.0 670.0 673.0
235 183.0 925.0 770.0 1186.0 491.0 273.0 927.0 479.0 735.0 1046.0 738.0 272.0 319.0 907.0 1051.0 937.0 894.0 561.0 119.0 37.0 130.0 51.0 1268.0 1214.0 1194.0 918.0 487.0 110.0 1247.0 301.0 233.0 249.0
240 38.0 572.0 272.0 884.0 96.0 37.0 629.0 83.0 354.0 580.0 260.0 40.0 53.0 453.0 598.0 628.0 446.0 148.0 14.0 17.0 24.0 14.0 958.0 573.0 967.0 532.0 116.0 24.0 275.0 48.0 36.0 36.0
245 12.0 169.0 38.0 385.0 28.0 13.0 162.0 22.0 63.0 130.0 50.0 17.0 24.0 61.0 141.0 128.0 90.0 22.0 14.0 11.0 13.0 11.0 346.0 120.0 483.0 148.0 17.0 15.0 81.0 26.0 17.0 19.0
250 16.0 41.0 22.0 85.0 24.0 11.0 30.0 12.0 21.0 29.0 25.0 16.0 17.0 32.0 28.0 30.0 20.0 10.0 20.0 18.0 4.0 11.0 61.0 34.0 97.0 25.0 15.0 15.0 54.0 14.0 12.0 19.0
255 11.0 19.0 18.0 37.0 12.0 14.0 27.0 14.0 13.0 27.0 20.0 16.0 13.0 27.0 27.0 24.0 19.0 10.0 6.0 11.0 10.0 9.0 25.0 21.0 34.0 18.0 16.0 15.0 44.0 11.0 12.0 6.0
260 11.0 7.0 32.0 23.0 12.0 7.0 16.0 14.0 12.0 21.0 8.0 7.0 14.0 20.0 24.0 19.0 17.0 10.0 7.0 3.0 4.0 8.0 23.0 26.0 27.0 16.0 14.0 2.0 29.0 9.0 12.0 13.0
265 4.0 7.0 16.0 25.0 3.0 4.0 17.0 13.0 12.0 21.0 15.0 11.0 4.0 14.0 16.0 18.0 13.0 10.0 0.0 1.0 3.0 1.0 26.0 20.0 17.0 10.0 7.0 4.0 28.0 3.0 6.0 7.0
270 0.0 11.0 7.0 22.0 9.0 1.0 15.0 1.0 6.0 11.0 4.0 1.0 3.0 17.0 12.0 13.0 12.0 9.0 0.0 1.0 2.0 0.0 24.0 10.0 18.0 8.0 5.0 1.0 13.0 5.0 4.0 0.0
275 0.0 5.0 2.0 16.0 1.0 0.0 5.0 1.0 6.0 6.0 1.0 1.0 1.0 9.0 7.0 9.0 8.0 1.0 0.0 0.0 0.0 0.0 10.0 11.0 14.0 9.0 1.0 0.0 3.0 2.0 1.0 0.0
280 0.0 1.0 0.0 7.0 0.0 0.0 4.0 0.0 1.0 4.0 1.0 0.0 1.0 4.0 4.0 0.0 2.0 2.0 0.0 0.0 0.0 0.0 13.0 4.0 16.0 0.0 0.0 0.0 1.0 0.0 0.0 1.0
285 0.0 1.0 3.0 4.0 1.0 0.0 1.0 0.0 0.0 1.0 0.0 0.0 0.0 0.0 0.0 3.0 0.0 0.0 1.0 0.0 1.0 0.0 6.0 2.0 3.0 2.0 0.0 0.0 0.0 0.0 1.0 0.0
290 0.0 0.0 0.0 0.0 1.0 0.0 0.0 0.0 0.0 0.0 0.0 0.0 0.0 1.0 0.0 0.0 0.0 0.0 0.0 0.0 0.0 0.0 1.0 1.0 2.0 1.0 1.0 1.0 0.0 0.0 0.0 0.0
295 0.0 0.0 0.0 1.0 0.0 0.0 0.0 0.0 1.0 0.0 0.0 0.0 0.0 0.0 0.0 0.0 0.0 0.0 0.0 0.0 0.0 0.0 0.0 0.0 0.0 0.0 1.0 0.0 0.0 0.0 0.0 1.0
300 1.0 0.0 0.0 1.0 0.0 1.0 1.0 0.0 1.0 1.0 1.0 0.0 0.0 2.0 0.0 0.0 0.0 0.0 0.0 0.0 1.0 1.0 0.0 0.0 1.0 1.0 0.0 0.0 0.0 0.0 2.0 1.0
305 1.0 0.0 0.0 0.0 0.0 0.0 1.0 0.0 2.0 0.0 0.0 0.0 0.0 1.0 0.0 0.0 0.0 0.0 0.0 0.0 0.0 0.0 0.0 0.0 1.0 0.0 0.0 0.0 1.0 0.0 0.0 0.0
310 1.0 0.0 0.0 0.0 0.0 0.0 1.0 0.0 0.0 0.0 0.0 0.0 0.0 0.0 0.0 0.0 0.0 0.0 0.0 0.0 0.0 0.0 0.0 0.0 0.0 0.0 0.0 0.0 0.0 0.0 0.0 0.0
315 0.0 0.0 0.0 0.0 0.0 0.0 0.0 0.0 0.0 1.0 0.0 0.0 1.0 1.0 0.0 0.0 1.0 0.0 1.0 1.0 0.0 0.0 0.0 0.0 1.0 0.0 1.0 0.0 0.0 0.0 0.0 0.0
320 0.0 0.0 0.0 0.0 0.0 0.0 0.0 0.0 0.0 0.0 0.0 0.0 0.0 1.0 0.0 0.0 0.0 1.0 0.0 0.0 0.0 0.0 0.0 1.0 0.0 0.0 1.0 0.0 0.0 0.0 0.0 0.0
325 0.0 0.0 0.0 0.0 1.0 0.0 1.0 1.0 1.0 0.0 0.0 0.0 1.0 0.0 0.0 0.0 1.0 0.0 0.0 0.0 0.0 0.0 0.0 0.0 1.0 0.0 0.0 0.0 0.0 0.0 1.0 0.0
330 0.0 0.0 0.0 0.0 0.0 1.0 1.0 0.0 0.0 0.0 0.0 0.0 0.0 0.0 0.0 0.0 0.0 0.0 0.0 0.0 0.0 1.0 0.0 0.0 0.0 0.0 0.0 0.0 0.0 0.0 0.0 0.0
335 0.0 0.0 0.0 0.0 0.0 0.0 0.0 0.0 0.0 0.0 0.0 0.0 0.0 0.0 1.0 1.0 0.0 0.0 0.0 0.0 0.0 0.0 0.0 0.0 0.0 0.0 0.0 1.0 0.0 0.0 0.0 0.0
340 0.0 0.0 0.0 0.0 0.0 0.0 0.0 0.0 0.0 0.0 0.0 0.0 0.0 0.0 0.0 0.0 0.0 0.0 0.0 0.0 0.0 0.0 0.0 0.0 0.0 0.0 0.0 0.0 0.0 0.0 0.0 0.0
345 0.0 0.0 0.0 0.0 0.0 0.0 0.0 0.0 1.0 0.0 0.0 0.0 0.0 0.0 0.0 0.0 0.0 0.0 0.0 0.0 0.0 0.0 0.0 0.0 0.0 0.0 0.0 0.0 0.0 0.0 0.0 0.0
350 0.0 0.0 0.0 0.0 0.0 0.0 0.0 0.0 0.0 0.0 0.0 0.0 0.0 0.0 0.0 1.0 0.0 0.0 0.0 0.0 0.0 0.0 0.0 0.0 0.0 0.0 1.0 0.0 0.0 0.0 1.0 0.0
355 0.0 0.0 0.0 0.0 0.0 0.0 0.0 0.0 0.0 0.0 0.0 0.0 0.0 0.0 0.0 0.0 0.0 0.0 0.0 0.0 0.0 0.0 0.0 0.0 0.0 0.0 0.0 0.0 0.0 0.0 1.0 0.0
360 0.0 0.0 0.0 0.0 0.0 0.0 0.0 0.0 0.0 0.0 0.0 0.0 0.0 0.0 0.0 0.0 1.0 0.0 1.0 0.0 1.0 0.0 0.0 0.0 2.0 0.0 0.0 0.0 0.0 0.0 0.0 0.0
365 0.0 0.0 0.0 0.0 1.0 0.0 0.0 0.0 0.0 0.0 0.0 0.0 0.0 0.0 0.0 0.0 1.0 1.0 0.0 0.0 0.0 0.0 2.0 0.0 1.0 0.0 1.0 1.0 1.0 1.0 0.0 0.0
370 0.0 0.0 0.0 0.0 0.0 0.0 0.0 1.0 0.0 1.0 0.0 0.0 0.0 0.0 0.0 0.0 0.0 1.0 0.0 0.0 0.0 0.0 0.0 0.0 1.0 0.0 0.0 0.0 1.0 0.0 0.0 0.0
375 0.0 0.0 0.0 0.0 0.0 0.0 0.0 0.0 0.0 0.0 0.0 0.0 0.0 0.0 0.0 0.0 0.0 0.0 0.0 0.0 0.0 0.0 0.0 0.0 0.0 0.0 0.0 0.0 1.0 0.0 0.0 0.0
380 0.0 0.0 0.0 0.0 0.0 0.0 0.0 0.0 0.0 0.0 0.0 0.0 0.0 0.0 0.0 0.0 0.0 0.0 0.0 0.0 0.0 0.0 0.0 0.0 0.0 0.0 0.0 0.0 0.0 0.0 0.0 0.0
385 0.0 0.0 0.0 0.0 0.0 0.0 0.0 0.0 0.0 0.0 0.0 0.0 0.0 0.0 0.0 0.0 0.0 0.0 0.0 0.0 0.0 0.0 1.0 0.0 0.0 0.0 0.0 0.0 0.0 0.0 0.0 0.0
390 0.0 0.0 0.0 0.0 0.0 0.0 0.0 1.0 0.0 0.0 0.0 0.0 0.0 0.0 0.0 0.0 0.0 0.0 0.0 0.0 0.0 0.0 0.0 0.0 0.0 0.0 0.0 0.0 0.0 0.0 0.0 0.0
395 0.0 0.0 0.0 0.0 0.0 0.0 0.0 0.0 0.0 0.0 0.0 0.0 0.0 1.0 0.0 0.0 0.0 1.0 0.0 0.0 0.0 0.0 0.0 1.0 0.0 0.0 0.0 0.0 0.0 0.0 0.0 1.0
400 0.0 0.0 0.0 0.0 0.0 0.0 0.0 0.0 0.0 0.0 0.0 0.0 0.0 0.0 0.0 0.0 0.0 0.0 0.0 0.0 1.0 1.0 0.0 0.0 0.0 0.0 0.0 0.0 0.0 0.0 0.0 0.0
405 0.0 0.0 0.0 0.0 0.0 0.0 0.0 0.0 0.0 0.0 0.0 0.0 0.0 0.0 0.0 0.0 0.0 0.0 0.0 0.0 0.0 0.0 0.0 0.0 0.0 0.0 0.0 0.0 0.0 0.0 1.0 0.0
410 0.0 0.0 0.0 0.0 0.0 0.0 1.0 0.0 0.0 1.0 1.0 0.0 0.0 0.0 0.0 0.0 0.0 0.0 0.0 0.0 0.0 0.0 0.0 0.0 0.0 0.0 0.0 0.0 1.0 0.0 0.0 0.0
415 0.0 0.0 0.0 1.0 0.0 0.0 0.0 0.0 0.0 0.0 0.0 0.0 0.0 0.0 0.0 0.0 0.0 0.0 0.0 0.0 0.0 0.0 0.0 0.0 0.0 0.0 0.0 0.0 0.0 0.0 0.0 0.0
420 0.0 0.0 0.0 0.0 0.0 0.0 0.0 0.0 0.0 0.0 0.0 0.0 0.0 0.0 0.0 0.0 0.0 1.0 0.0 0.0 0.0 0.0 1.0 0.0 0.0 0.0 0.0 0.0 1.0 0.0 1.0 0.0
425 0.0 0.0 0.0 0.0 0.0 0.0 0.0 0.0 0.0 0.0 0.0 0.0 0.0 0.0 0.0 0.0 0.0 0.0 0.0 0.0 0.0 0.0 0.0 0.0 0.0 0.0 0.0 0.0 0.0 0.0 0.0 0.0
430 0.0 0.0 0.0 0.0 1.0 0.0 0.0 0.0 0.0 0.0 0.0 0.0 0.0 0.0 0.0 0.0 0.0 0.0 0.0 0.0 1.0 0.0 0.0 1.0 0.0 0.0 0.0 0.0 1.0 0.0 0.0 0.0
435 0.0 0.0 0.0 0.0 0.0 0.0 0.0 0.0 0.0 0.0 0.0 0.0 0.0 0.0 0.0 0.0 0.0 0.0 0.0 0.0 0.0 0.0 0.0 0.0 0.0 0.0 0.0 0.0 0.0 0.0 0.0 0.0
440 0.0 0.0 1.0 0.0 0.0 0.0 0.0 0.0 0.0 0.0 0.0 0.0 0.0 0.0 0.0 0.0 0.0 0.0 0.0 0.0 0.0 0.0 0.0 0.0 0.0 0.0 0.0 0.0 0.0 0.0 0.0 0.0
445 0.0 0.0 0.0 0.0 0.0 1.0 1.0 0.0 0.0 0.0 0.0 0.0 0.0 1.0 0.0 0.0 0.0 0.0 0.0 0.0 0.0 0.0 0.0 1.0 0.0 0.0 0.0 0.0 0.0 0.0 0.0 0.0
450 0.0 0.0 0.0 0.0 0.0 0.0 0.0 0.0 0.0 0.0 0.0 0.0 0.0 0.0 0.0 1.0 0.0 1.0 0.0 0.0 0.0 0.0 1.0 0.0 0.0 0.0 0.0 0.0 0.0 0.0 0.0 0.0
455 0.0 0.0 0.0 0.0 0.0 0.0 0.0 0.0 1.0 0.0 0.0 1.0 0.0 0.0 1.0 1.0 0.0 0.0 0.0 0.0 0.0 0.0 0.0 0.0 0.0 0.0 0.0 0.0 0.0 0.0 0.0 1.0
460 0.0 0.0 0.0 0.0 0.0 0.0 0.0 1.0 0.0 0.0 0.0 0.0 0.0 0.0 0.0 0.0 0.0 0.0 0.0 2.0 0.0 0.0 2.0 0.0 1.0 0.0 0.0 0.0 0.0 0.0 0.0 0.0
465 0.0 0.0 0.0 0.0 0.0 0.0 0.0 0.0 0.0 0.0 0.0 0.0 0.0 0.0 0.0 0.0 0.0 0.0 0.0 0.0 0.0 0.0 0.0 2.0 0.0 0.0 0.0 0.0 0.0 0.0 0.0 0.0
470 0.0 0.0 0.0 0.0 0.0 0.0 0.0 0.0 0.0 0.0 0.0 0.0 0.0 0.0 0.0 1.0 0.0 0.0 0.0 0.0 0.0 0.0 0.0 0.0 0.0 1.0 0.0 1.0 0.0 0.0 0.0 0.0
475 0.0 0.0 0.0 0.0 0.0 0.0 0.0 0.0 0.0 0.0 0.0 0.0 0.0 0.0 0.0 0.0 0.0 0.0 0.0 1.0 0.0 0.0 0.0 0.0 0.0 0.0 0.0 0.0 0.0 0.0 0.0 0.0
480 0.0 0.0 0.0 0.0 0.0 0.0 0.0 0.0 0.0 0.0 0.0 0.0 0.0 0.0 0.0 0.0 0.0 0.0 0.0 0.0 0.0 0.0 0.0 0.0 0.0 0.0 0.0 0.0 0.0 0.0 0.0 0.0
485 0.0 0.0 0.0 0.0 0.0 0.0 0.0 0.0 0.0 0.0 0.0 0.0 0.0 0.0 0.0 0.0 0.0 0.0 1.0 0.0 0.0 0.0 0.0 0.0 0.0 0.0 0.0 0.0 0.0 0.0 0.0 0.0
490 0.0 0.0 0.0 0.0 0.0 0.0 1.0 0.0 0.0 0.0 0.0 0.0 0.0 0.0 0.0 0.0 0.0 0.0 0.0 0.0 0.0 0.0 0.0 0.0 0.0 0.0 0.0 0.0 0.0 0.0 0.0 0.0
495 0.0 0.0 0.0 0.0 0.0 0.0 0.0 0.0 0.0 0.0 0.0 0.0 0.0 0.0 0.0 0.0 0.0 0.0 0.0 0.0 0.0 0.0 0.0 0.0 0.0 0.0 0.0 0.0 0.0 0.0 0.0 0.0
