100 0.0 0.0 0.0 0.0 0.0 0.0 1.0 0.0 0.0 1.0 0.0 0.0 0.0 1.0 0.0 0.0 0.0 0.0 0.0 0.0 0.0 0.0 0.0 0.0 0.0 0.0 1.0 0.0 1.0 0.0 0.0 0.0
105 0.0 0.0 0.0 0.0 1.0 0.0 0.0 0.0 0.0 0.0 0.0 0.0 0.0 0.0 0.0 0.0 0.0 0.0 0.0 0.0 0.0 0.0 0.0 0.0 0.0 0.0 0.0 0.0 0.0 0.0 0.0 0.0
110 0.0 0.0 0.0 0.0 0.0 0.0 0.0 0.0 1.0 0.0 0.0 0.0 1.0 1.0 0.0 0.0 0.0 0.0 0.0 0.0 0.0 0.0 0.0 0.0 0.0 0.0 0.0 1.0 0.0 0.0 0.0 0.0
115 1.0 0.0 0.0 0.0 0.0 1.0 0.0 0.0 0.0 0.0 0.0 0.0 0.0 0.0 0.0 0.0 0.0 0.0 0.0 1.0 0.0 0.0 0.0 0.0 0.0 0.0 0.0 0.0 0.0 0.0 0.0 0.0
120 0.0 0.0 0.0 0.0 0.0 0.0 1.0 0.0 0.0 0.0 0.0 1.0 0.0 0.0 0.0 0.0 0.0 0.0 0.0 0.0 0.0 0.0 0.0 0.0 0.0 0.0 0.0 0.0 0.0 1.0 0.0 0.0
125 0.0 0.0 0.0 0.0 0.0 0.0 0.0 0.0 0.0 0.0 0.0 0.0 2.0 0.0 0.0 0.0 0.0 0.0 0.0 0.0 0.0 1.0 0.0 0.0 0.0 0.0 0.0 0.0 0.0 0.0 0.0 0.0
130 0.0 0.0 0.0 1.0 1.0 0.0 0.0 0.0 0.0 1.0 1.0 0.0 0.0 0.0 0.0 0.0 0.0 0.0 0.0 2.0 0.0 0.0 1.0 0.0 1.0 1.0 0.0 1.0 0.0 1.0 0.0 0.0
135 4.0 1.0 1.0 5.0 3.0 1.0 0.0 3.0 1.0 1.0 0.0 1.0 0.0 0.0 4.0 0.0 3.0 2.0 0.0 0.0 0.0 3.0 1.0 4.0 5.0 3.0 0.0 1.0 0.0 3.0 1.0 2.0
140 43.0 9.0 6.0 30.0 33.0 14.0 7.0 26.0 15.0 15.0 19.0 8.0 14.0 10.0 18.0 4.0 31.0 22.0 16.0 18.0 15.0 21.0 16.0 39.0 30.0 28.0 42.0 19.0 24.0 30.0 9.0 8.0
145 606.0 112.0 84.0 322.0 323.0 208.0 137.0 266.0 175.0 320.0 194.0 91.0 109.0 92.0 178.0 76.0 410.0 230.0 149.0 274.0 149.0 221.0 145.0 554.0 260.0 482.0 378.0 146.0 238.0 520.0 166.0 110.0
150 5577.0 2765.0 2198.0 4255.0 4075.0 3702.0 3010.0 4210.0 3274.0 4865.0 3362.0 2356.0 2837.0 2346.0 3694.0 2333.0 4991.0 3551.0 3304.0 4305.0 3298.0 3496.0 3043.0 5752.0 3954.0 5541.0 4579.0 2869.0 4511.0 6031.0 3719.0 2485.0
155 17551587.0 17549481.0 17547609.0 17543946.0 17549147.0 17543940.0 17547536.0 17543993.0 17547030.0 17544199.0 17546647.0 17544207.0 17547964.0 17546836.0 17547391.0 17544284.0 17547357.0 17546637.0 17547355.0 17546301.0 17543808.0 17546309.0 17543802.0 17547151.0 17543596.0 17547011.0 17543006.0 17546823.0 17543614.0 17548474.0 17548418.0 17548683.0
160 18052897.0 18050208.0 18048176.0 18045269.0 18049922.0 18045379.0 18047971.0 18045230.0 18047733.0 18045336.0 18047109.0 18045454.0 18048191.0 18047293.0 18047872.0 18045574.0 18047483.0 18047160.0 18047604.0 18046510.0 18045366.0 18046842.0 18045106.0 18047586.0 18045418.0 18047313.0 18044932.0 18047264.0 18044710.0 18048175.0 18047985.0 18048782.0
165 18382950.0 18382313.0 18381955.0 18381095.0 18382394.0 18381166.0 18381895.0 18381155.0 18381868.0 18381207.0 18381678.0 18381226.0 18381967.0 18381903.0 18382004.0 18381148.0 18381760.0 18381696.0 18381914.0 18381517.0 18381148.0 18381607.0 18381100.0 18381836.0 18381025.0 18381667.0 18380944.0 18381654.0 18381071.0 18381803.0 18381715.0 18381759.0
170 18662917.0 18662603.0 18662490.0 18662287.0 18662601.0 18662323.0 18662487.0 18662345.0 18662515.0 18662345.0 18662470.0 18662361.0 18662487.0 18662442.0 18662505.0 18662309.0 18662502.0 18662439.0 18662514.0 18662472.0 18662299.0 18662472.0 18662273.0 18662571.0 18662206.0 18662503.0 18662175.0 18662478.0 18662291.0 18662610.0 18662560.0 18662567.0
175 18694594.0 18693154.0 18691174.0 18685831.0 18696653.0 18683205.0 18689763.0 18682965.0 18689218.0 18683004.0 18688176.0 18686494.0 18692015.0 18686186.0 18687756.0 18687368.0 18686405.0 18685394.0 18685512.0 18682982.0 18681374.0 18683361.0 18679223.0 18681180.0 18680498.0 18680826.0 18677982.0 18681525.0 18677577.0 18680946.0 18681045.0 18682222.0
180 10978741.0 11067140.0 11062036.0 11242934.0 11370512.0 11079777.0 11193534.0 11029869.0 11115045.0 10956218.0 11198262.0 11325433.0 11375223.0 11149236.0 11141028.0 11519041.0 11074229.0 11159074.0 11054577.0 11090253.0 11086104.0 11175689.0 10934874.0 10874744.0 11377073.0 10891919.0 11085668.0 11078520.0 10885694.0 10961473.0 10949153.0 11240591.0
185 7552278.0 7628132.0 7632779.0 7969621.0 7934697.0 7779183.0 7755539.0 7702810.0 7664831.0 7625612.0 7754167.0 7973626.0 7897650.0 7695469.0 7664168.0 8171697.0 7595160.0 7692034.0 7557324.0 7620158.0 7722076.0 7701929.0 7574778.0 7392207.0 8077052.0 7409426.0 7781098.0 7574853.0 7574639.0 7478228.0 7446051.0 7723024.0
190 89257.0 68088.0 75053.0 95242.0 108770.0 84885.0 81594.0 88072.0 85469.0 72539.0 82864.0 79644.0 89054.0 76371.0 82214.0 96857.0 85505.0 83328.0 75442.0 85058.0 82302.0 90467.0 78381.0 84690.0 109908.0 90027.0 96421.0 87221.0 78639.0 86045.0 72777.0 80587.0
195 86571.0 64807.0 68968.0 82045.0 89931.0 79217.0 75709.0 84163.0 79770.0 69109.0 75528.0 70263.0 81254.0 67385.0 77157.0 78046.0 83421.0 77045.0 71297.0 82467.0 77783.0 81401.0 74925.0 82433.0 92537.0 86876.0 88359.0 81439.0 73126.0 80350.0 64867.0 70291.0
200 84934.0 47964.0 51895.0 80665.0 88645.0 69157.0 67473.0 67791.0 70880.0 56456.0 67868.0 58038.0 61415.0 43085.0 58628.0 65672.0 77220.0 72174.0 49586.0 76810.0 61775.0 76648.0 55928.0 78885.0 89998.0 78486.0 86207.0 71880.0 55563.0 71324.0 40666.0 51095.0
205 55467.0 9451.0 10658.0 60079.0 70104.0 24460.0 24407.0 16571.0 25505.0 14415.0 26364.0 15736.0 12504.0 6662.0 11857.0 20671.0 39170.0 36714.0 8207.0 41005.0 14189.0 40885.0 12364.0 43347.0 62945.0 33622.0 59412.0 26280.0 13170.0 29336.0 6599.0 11571.0
210 9029.0 1422.0 1524.0 11933.0 20492.0 2733.0 2472.0 2008.0 2637.0 1619.0 2696.0 1713.0 1853.0 1349.0 1723.0 2151.0 4884.0 4156.0 1498.0 4618.0 1768.0 5545.0 1681.0 5434.0 12751.0 3595.0 10747.0 2711.0 1793.0 3377.0 1254.0 1623.0
215 1830.0 883.0 955.0 1937.0 2318.0 1338.0 1285.0 1189.0 1297.0 1131.0 1319.0 1097.0 1223.0 868.0 1122.0 1285.0 1649.0 1360.0 1001.0 1569.0 1122.0 1474.0 1077.0 1597.0 2009.0 1521.0 1925.0 1379.0 1100.0 1369.0 796.0 928.0
220 1266.0 556.0 540.0 1355.0 1494.0 822.0 813.0 738.0 819.0 688.0 887.0 686.0 742.0 516.0 685.0 751.0 1077.0 926.0 635.0 1128.0 726.0 1063.0 674.0 1065.0 1403.0 1038.0 1255.0 878.0 675.0 886.0 483.0 557.0
225 798.0 440.0 466.0 830.0 995.0 605.0 541.0 648.0 601.0 517.0 643.0 447.0 612.0 425.0 514.0 525.0 795.0 606.0 500.0 737.0 555.0 751.0 572.0 785.0 911.0 734.0 850.0 609.0 545.0 684.0 385.0 436.0
230 719.0 366.0 343.0 718.0 812.0 560.0 521.0 458.0 474.0 448.0 520.0 368.0 487.0 272.0 413.0 452.0 705.0 591.0 405.0 665.0 451.0 662.0 476.0 669.0 762.0 658.0 776.0 574.0 451.0 602.0 271.0 349.0
235 705.0 179.0 182.0 672.0 750.0 352.0 354.0 329.0 409.0 280.0 372.0 243.0 208.0 102.0 267.0 319.0 594.0 459.0 174.0 630.0 294.0 586.0 228.0 661.0 696.0 599.0 645.0 401.0 277.0 474.0 114.0 170.0
240 515.0 42.0 27.0 564.0 612.0 140.0 155.0 68.0 141.0 79.0 162.0 51.0 38.0 11.0 40.0 70.0 366.0 302.0 36.0 353.0 53.0 339.0 53.0 422.0 506.0 289.0 492.0 128.0 47.0 240.0 28.0 38.0
245 180.0 10.0 7.0 236.0 347.0 23.0 16.0 14.0 18.0 18.0 21.0 10.0 8.0 5.0 14.0 19.0 88.0 60.0 10.0 76.0 10.0 65.0 10.0 129.0 188.0 45.0 205.0 22.0 16.0 34.0 8.0 11.0
250 36.0 4.0 2.0 33.0 69.0 12.0 9.0 9.0 11.0 8.0 13.0 5.0 6.0 5.0 10.0 14.0 29.0 9.0 12.0 15.0 6.0 24.0 10.0 17.0 36.0 18.0 24.0 13.0 17.0 13.0 4.0 6.0
255 17.0 7.0 4.0 13.0 16.0 5.0 6.0 5.0 6.0 4.0 9.0 6.0 7.0 6.0 6.0 6.0 13.0 16.0 4.0 12.0 3.0 13.0 5.0 14.0 18.0 14.0 15.0 7.0 5.0 8.0 8.0 7.0
260 12.0 1.0 2.0 13.0 18.0 7.0 4.0 5.0 2.0 4.0 3.0 5.0 6.0 3.0 1.0 7.0 12.0 8.0 3.0 13.0 5.0 7.0 4.0 12.0 16.0 8.0 15.0 6.0 6.0 5.0 2.0 3.0
265 17.0 2.0 6.0 7.0 14.0 3.0 3.0 9.0 4.0 5.0 4.0 4.0 1.0 1.0 8.0 5.0 7.0 2.0 6.0 11.0 1.0 9.0 5.0 7.0 10.0 12.0 8.0 5.0 4.0 3.0 3.0 2.0
270 7.0 0.0 0.0 9.0 12.0 2.0 3.0 0.0 3.0 2.0 4.0 1.0 1.0 1.0 1.0 2.0 12.0 4.0 0.0 6.0 1.0 5.0 3.0 9.0 11.0 5.0 4.0 3.0 2.0 8.0 1.0 0.0
275 7.0 0.0 0.0 9.0 3.0 2.0 0.0 1.0 2.0 0.0 1.0 0.0 1.0 0.0 0.0 0.0 5.0 4.0 0.0 5.0 2.0 6.0 0.0 5.0 11.0 4.0 7.0 0.0 1.0 2.0 0.0 1.0
280 3.0 0.0 0.0 6.0 2.0 1.0 1.0 1.0 0.0 0.0 1.0 0.0 0.0 0.0 0.0 0.0 2.0 0.0 1.0 1.0 0.0 3.0 0.0 0.0 3.0 0.0 4.0 1.0 0.0 0.0 0.0 0.0
285 0.0 1.0 0.0 1.0 3.0 2.0 0.0 0.0 2.0 0.0 0.0 1.0 0.0 2.0 0.0 1.0 1.0 0.0 0.0 0.0 0.0 0.0 1.0 0.0 1.0 0.0 0.0 0.0 0.0 0.0 0.0 0.0
290 0.0 0.0 0.0 0.0 0.0 0.0 1.0 0.0 0.0 0.0 1.0 0.0 0.0 0.0 0.0 0.0 0.0 0.0 0.0 0.0 0.0 0.0 0.0 0.0 0.0 0.0 0.0 0.0 0.0 0.0 0.0 0.0
295 1.0 0.0 0.0 0.0 1.0 0.0 0.0 0.0 0.0 0.0 0.0 0.0 1.0 0.0 0.0 0.0 0.0 0.0 0.0 0.0 1.0 0.0 0.0 0.0 0.0 1.0 0.0 1.0 0.0 0.0 0.0 1.0
300 0.0 0.0 1.0 0.0 0.0 0.0 0.0 1.0 0.0 0.0 0.0 0.0 0.0 0.0 0.0 0.0 1.0 0.0 1.0 0.0 0.0 1.0 0.0 0.0 0.0 0.0 0.0 1.0 0.0 2.0 0.0 0.0
305 0.0 0.0 0.0 0.0 0.0 1.0 0.0 0.0 0.0 0.0 0.0 1.0 0.0 0.0 0.0 0.0 0.0 1.0 0.0 0.0 0.0 0.0 0.0 0.0 0.0 0.0 1.0 0.0 1.0 0.0 0.0 0.0
310 3.0 0.0 0.0 1.0 0.0 1.0 1.0 0.0 0.0 0.0 0.0 0.0 0.0 0.0 2.0 1.0 0.0 0.0 0.0 0.0 0.0 0.0 0.0 0.0 1.0 0.0 0.0 0.0 0.0 2.0 0.0 0.0
315 0.0 1.0 0.0 0.0 0.0 0.0 1.0 1.0 0.0 0.0 0.0 0.0 0.0 0.0 0.0 0.0 0.0 0.0 1.0 0.0 1.0 0.0 1.0 0.0 0.0 0.0 0.0 0.0 1.0 0.0 0.0 0.0
320 1.0 0.0 0.0 0.0 0.0 0.0 0.0 0.0 0.0 0.0 0.0 0.0 0.0 0.0 1.0 1.0 0.0 1.0 1.0 0.0 0.0 0.0 0.0 0.0 0.0 0.0 0.0 0.0 0.0 0.0 1.0 0.0
325 0.0 0.0 2.0 0.0 0.0 0.0 0.0 1.0 1.0 0.0 0.0 0.0 0.0 0.0 1.0 1.0 0.0 0.0 0.0 0.0 0.0 0.0 0.0 0.0 0.0 1.0 0.0 0.0 0.0 0.0 0.0 0.0
330 0.0 0.0 0.0 0.0 1.0 1.0 0.0 0.0 0.0 1.0 0.0 0.0 0.0 0.0 0.0 0.0 0.0 0.0 0.0 0.0 0.0 1.0 0.0 0.0 0.0 0.0 0.0 0.0 0.0 1.0 0.0 0.0
335 0.0 0.0 0.0 0.0 0.0 0.0 0.0 0.0 1.0 0.0 1.0 0.0 0.0 0.0 0.0 0.0 0.0 0.0 0.0 1.0 1.0 0.0 0.0 0.0 0.0 0.0 0.0 0.0 0.0 0.0 0.0 0.0
340 0.0 0.0 0.0 0.0 0.0 0.0 1.0 0.0 0.0 1.0 1.0 0.0 0.0 0.0 0.0 0.0 0.0 0.0 0.0 0.0 0.0 0.0 0.0 0.0 0.0 0.0 0.0 0.0 0.0 0.0 0.0 1.0
345 0.0 1.0 0.0 1.0 0.0 0.0 0.0 0.0 0.0 0.0 0.0 0.0 0.0 0.0 0.0 0.0 0.0 0.0 0.0 0.0 0.0 0.0 0.0 0.0 1.0 0.0 0.0 1.0 0.0 0.0 0.0 0.0
350 0.0 0.0 0.0 0.0 1.0 0.0 0.0 0.0 0.0 1.0 0.0 0.0 0.0 0.0 0.0 0.0 0.0 0.0 1.0 0.0 0.0 0.0 0.0 0.0 0.0 0.0 0.0 0.0 0.0 0.0 0.0 0.0
355 0.0 0.0 0.0 0.0 0.0 0.0 0.0 0.0 0.0 0.0 0.0 0.0 0.0 0.0 0.0 0.0 0.0 0.0 0.0 1.0 0.0 0.0 0.0 0.0 0.0 1.0 0.0 0.0 0.0 0.0 1.0 1.0
360 0.0 0.0 1.0 0.0 0.0 0.0 0.0 0.0 0.0 0.0 0.0 0.0 0.0 0.0 0.0 0.0 0.0 0.0 0.0 0.0 0.0 0.0 0.0 0.0 0.0 0.0 0.0 0.0 0.0 0.0 0.0 0.0
365 0.0 0.0 0.0 0.0 0.0 0.0 0.0 0.0 0.0 0.0 0.0 0.0 1.0 0.0 0.0 0.0 0.0 1.0 0.0 0.0 0.0 0.0 0.0 0.0 0.0 0.0 0.0 0.0 0.0 0.0 0.0 0.0
370 0.0 0.0 0.0 0.0 0.0 0.0 0.0 0.0 0.0 0.0 0.0 0.0 0.0 1.0 0.0 0.0 0.0 0.0 0.0 0.0 0.0 0.0 0.0 1.0 0.0 0.0 0.0 0.0 0.0 0.0 0.0 0.0
375 0.0 0.0 0.0 1.0 0.0 0.0 0.0 0.0 0.0 0.0 0.0 0.0 0.0 0.0 1.0 1.0 0.0 0.0 0.0 0.0 0.0 2.0 0.0 1.0 1.0 0.0 1.0 0.0 0.0 0.0 0.0 0.0
380 0.0 1.0 0.0 0.0 0.0 0.0 0.0 0.0 0.0 0.0 0.0 0.0 0.0 0.0 0.0 0.0 0.0 0.0 0.0 0.0 0.0 0.0 0.0 0.0 0.0 0.0 0.0 0.0 0.0 0.0 0.0 0.0
385 2.0 1.0 0.0 0.0 0.0 0.0 0.0 0.0 0.0 1.0 0.0 1.0 0.0 1.0 0.0 0.0 0.0 0.0 0.0 0.0 0.0 0.0 0.0 2.0 0.0 0.0 0.0 0.0 0.0 1.0 0.0 0.0
390 0.0 0.0 0.0 0.0 0.0 0.0 0.0 1.0 0.0 0.0 0.0 0.0 0.0 1.0 0.0 0.0 0.0 1.0 0.0 0.0 0.0 0.0 0.0 0.0 0.0 0.0 0.0 0.0 0.0 0.0 0.0 0.0
395 0.0 1.0 0.0 0.0 0.0 0.0 0.0 0.0 0.0 0.0 0.0 0.0 0.0 0.0 0.0 0.0 0.0 0.0 0.0 0.0 0.0 0.0 0.0 0.0 0.0 0.0 1.0 0.0 0.0 0.0 0.0 1.0
400 1.0 0.0 0.0 1.0 2.0 0.0 0.0 0.0 0.0 0.0 0.0 0.0 0.0 0.0 0.0 0.0 0.0 0.0 0.0 0.0 0.0 1.0 1.0 0.0 0.0 0.0 0.0 0.0 0.0 0.0 0.0 0.0
405 0.0 1.0 0.0 0.0 0.0 1.0 0.0 0.0 0.0 1.0 0.0 0.0 0.0 1.0 0.0 0.0 0.0 0.0 1.0 0.0 1.0 0.0 0.0 0.0 0.0 0.0 0.0 0.0 0.0 0.0 0.0 0.0
410 0.0 0.0 0.0 0.0 0.0 0.0 0.0 0.0 0.0 0.0 1.0 0.0 0.0 0.0 0.0 0.0 0.0 1.0 0.0 0.0 0.0 0.0 0.0 0.0 0.0 0.0 0.0 1.0 0.0 0.0 0.0 0.0
415 1.0 0.0 0.0 0.0 0.0 1.0 0.0 0.0 0.0 0.0 2.0 0.0 0.0 0.0 0.0 0.0 0.0 0.0 0.0 0.0 0.0 1.0 0.0 0.0 0.0 0.0 0.0 0.0 0.0 0.0 0.0 0.0
420 0.0 0.0 0.0 0.0 0.0 0.0 0.0 0.0 0.0 0.0 0.0 0.0 0.0 0.0 0.0 0.0 0.0 1.0 0.0 0.0 0.0 0.0 0.0 0.0 0.0 0.0 0.0 0.0 0.0 0.0 0.0 0.0
425 0.0 1.0 0.0 0.0 0.0 0.0 0.0 0.0 0.0 0.0 0.0 0.0 0.0 0.0 0.0 0.0 1.0 0.0 0.0 1.0 0.0 0.0 0.0 0.0 0.0 0.0 0.0 0.0 0.0 0.0 0.0 0.0
430 0.0 0.0 0.0 0.0 0.0 0.0 0.0 0.0 1.0 0.0 0.0 0.0 0.0 0.0 0.0 1.0 1.0 0.0 0.0 0.0 0.0 0.0 1.0 0.0 1.0 0.0 0.0 0.0 0.0 0.0 0.0 0.0
435 0.0 0.0 0.0 0.0 0.0 0.0 0.0 0.0 0.0 0.0 0.0 0.0 0.0 0.0 1.0 0.0 0.0 0.0 0.0 0.0 0.0 0.0 0.0 1.0 0.0 1.0 0.0 0.0 1.0 0.0 1.0 0.0
440 0.0 0.0 0.0 0.0 0.0 0.0 0.0 0.0 0.0 0.0 0.0 0.0 0.0 0.0 0.0 1.0 0.0 0.0 0.0 0.0 0.0 0.0 0.0 0.0 0.0 0.0 0.0 0.0 0.0 0.0 0.0 0.0
445 0.0 1.0 0.0 1.0 0.0 0.0 0.0 0.0 0.0 0.0 0.0 0.0 1.0 0.0 0.0 0.0 0.0 0.0 0.0 0.0 0.0 0.0 0.0 0.0 0.0 0.0 0.0 1.0 0.0 0.0 0.0 0.0
450 0.0 0.0 0.0 0.0 0.0 0.0 0.0 0.0 0.0 0.0 0.0 0.0 0.0 0.0 0.0 0.0 1.0 0.0 0.0 0.0 0.0 0.0 0.0 0.0 0.0 0.0 0.0 0.0 0.0 0.0 0.0 0.0
455 0.0 0.0 0.0 1.0 0.0 0.0 0.0 0.0 0.0 0.0 0.0 1.0 0.0 0.0 0.0 0.0 0.0 0.0 0.0 0.0 0.0 0.0 0.0 0.0 0.0 0.0 0.0 0.0 0.0 0.0 0.0 0.0
460 0.0 1.0 0.0 0.0 1.0 0.0 1.0 0.0 0.0 0.0 0.0 0.0 0.0 0.0 0.0 0.0 1.0 0.0 0.0 0.0 0.0 1.0 0.0 0.0 1.0 1.0 0.0 0.0 0.0 0.0 0.0 0.0
465 0.0 0.0 0.0 0.0 0.0 0.0 0.0 0.0 0.0 0.0 0.0 0.0 0.0 0.0 0.0 0.0 0.0 0.0 0.0 0.0 0.0 0.0 0.0 0.0 0.0 0.0 0.0 0.0 0.0 0.0 0.0 0.0
470 0.0 0.0 0.0 0.0 0.0 0.0 0.0 0.0 0.0 0.0 0.0 0.0 0.0 0.0 0.0 0.0 0.0 1.0 0.0 0.0 0.0 0.0 0.0 0.0 0.0 0.0 0.0 0.0 0.0 0.0 0.0 0.0
475 0.0 0.0 0.0 0.0 0.0 0.0 0.0 0.0 0.0 0.0 0.0 0.0 0.0 0.0 0.0 0.0 0.0 0.0 0.0 0.0 0.0 0.0 0.0 0.0 0.0 0.0 0.0 0.0 0.0 0.0 0.0 0.0
480 0.0 0.0 0.0 0.0 0.0 0.0 0.0 0.0 0.0 0.0 0.0 0.0 0.0 0.0 0.0 0.0 0.0 0.0 0.0 0.0 0.0 0.0 0.0 0.0 0.0 0.0 0.0 0.0 0.0 1.0 1.0 0.0
485 0.0 0.0 0.0 0.0 0.0 0.0 0.0 0.0 0.0 0.0 0.0 0.0 0.0 0.0 0.0 0.0 0.0 0.0 0.0 0.0 0.0 0.0 0.0 1.0 1.0 0.0 0.0 0.0 0.0 0.0 0.0 0.0
490 0.0 0.0 0.0 0.0 0.0 0.0 0.0 0.0 0.0 0.0 0.0 0.0 0.0 0.0 0.0 0.0 0.0 0.0 0.0 0.0 0.0 1.0 0.0 0.0 0.0 0.0 0.0 0.0 0.0 0.0 0.0 0.0
495 0.0 0.0 0.0 0.0 0.0 0.0 0.0 0.0 0.0 0.0 0.0 0.0 0.0 0.0 0.0 0.0 0.0 0.0 0.0 0.0 0.0 0.0 0.0 0.0 1.0 0.0 0.0 0.0 1.0 1.0 0.0 0.0
