100 1.0 0.0 0.0 2.0 0.0 1.0 0.0 1.0 2.0 0.0 0.0 0.0 0.0 0.0 0.0 0.0 0.0 1.0 0.0 1.0 1.0 0.0 0.0 0.0 0.0 1.0 0.0 0.0 0.0 1.0 0.0 0.0
105 1.0 0.0 0.0 0.0 0.0 0.0 0.0 0.0 1.0 0.0 1.0 0.0 0.0 0.0 0.0 0.0 1.0 0.0 0.0 0.0 0.0 0.0 0.0 0.0 0.0 0.0 0.0 0.0 1.0 0.0 0.0 0.0
110 0.0 0.0 0.0 0.0 0.0 0.0 0.0 0.0 0.0 2.0 1.0 0.0 0.0 0.0 0.0 0.0 0.0 0.0 0.0 0.0 0.0 0.0 0.0 0.0 1.0 0.0 0.0 0.0 0.0 0.0 0.0 0.0
115 0.0 0.0 0.0 2.0 1.0 0.0 0.0 0.0 1.0 0.0 0.0 0.0 0.0 2.0 2.0 0.0 0.0 1.0 0.0 1.0 1.0 0.0 1.0 0.0 0.0 0.0 0.0 1.0 0.0 1.0 0.0 0.0
120 1.0 0.0 0.0 1.0 1.0 0.0 1.0 0.0 4.0 1.0 0.0 3.0 2.0 1.0 1.0 2.0 0.0 4.0 0.0 2.0 1.0 0.0 0.0 0.0 0.0 0.0 1.0 0.0 1.0 1.0 1.0 0.0
125 0.0 2.0 2.0 0.0 2.0 0.0 0.0 2.0 22.0 3.0 2.0 18.0 2.0 3.0 24.0 10.0 0.0 4.0 1.0 3.0 3.0 2.0 2.0 4.0 3.0 6.0 7.0 1.0 1.0 7.0 8.0 4.0
130 19.0 34.0 39.0 25.0 56.0 20.0 36.0 40.0 87.0 50.0 31.0 98.0 44.0 48.0 109.0 59.0 19.0 35.0 27.0 45.0 25.0 33.0 28.0 35.0 34.0 28.0 69.0 34.0 26.0 37.0 54.0 25.0
135 133.0 218.0 261.0 131.0 293.0 118.0 177.0 254.0 552.0 248.0 148.0 738.0 342.0 257.0 1111.0 251.0 174.0 150.0 175.0 335.0 215.0 307.0 191.0 289.0 218.0 141.0 437.0 298.0 114.0 283.0 376.0 169.0
140 2166.0 3180.0 2863.0 2194.0 3556.0 2066.0 2732.0 3119.0 4348.0 3269.0 2623.0 4914.0 3805.0 3567.0 6279.0 3216.0 2796.0 2345.0 2658.0 3513.0 3011.0 3400.0 2862.0 3643.0 3071.0 2278.0 4186.0 3760.0 2210.0 3248.0 3963.0 2392.0
145 6276178.0 6279943.0 6275191.0 6269828.0 6284198.0 6275573.0 6269072.0 6294512.0 6274983.0 6287421.0 6272558.0 6283212.0 6293541.0 6276070.0 6306039.0 6262007.0 6284510.0 6265945.0 6269441.0 6279060.0 6276344.0 6293390.0 6274649.0 6301412.0 6283864.0 6284925.0 6277128.0 6291706.0 6260089.0 6287940.0 6299602.0 6278851.0
150 17949076.0 17950216.0 17947811.0 17941704.0 17947448.0 17941547.0 17944971.0 17941666.0 17944744.0 17941537.0 17944825.0 17941559.0 17946291.0 17946508.0 17946515.0 17941974.0 17946826.0 17945743.0 17945238.0 17944622.0 17941494.0 17945491.0 17941577.0 17945068.0 17941504.0 17944625.0 17940740.0 17945503.0 17941328.0 17944090.0 17947242.0 17945708.0
155 18418728.0 18420115.0 18418518.0 18414956.0 18417577.0 18414949.0 18416260.0 18414905.0 18416077.0 18414937.0 18416034.0 18415067.0 18416407.0 18416808.0 18416609.0 18415076.0 18416518.0 18416209.0 18416053.0 18415939.0 18414868.0 18416142.0 18414950.0 18415939.0 18414879.0 18415666.0 18414656.0 18416145.0 18414861.0 18415552.0 18416902.0 18416140.0
160 18958797.0 18959992.0 18958081.0 18955382.0 18957133.0 18955488.0 18955926.0 18955390.0 18955927.0 18955346.0 18956018.0 18955519.0 18956250.0 18956454.0 18956148.0 18955390.0 18956150.0 18955998.0 18955665.0 18955487.0 18954740.0 18955657.0 18954738.0 18955512.0 18954591.0 18955351.0 18954246.0 18955537.0 18954513.0 18955285.0 18956198.0 18955763.0
165 19137763.0 19141872.0 19137080.0 19128209.0 19134764.0 19125123.0 19130518.0 19124085.0 19128688.0 19123373.0 19128200.0 19125133.0 19128241.0 19127786.0 19126822.0 19124270.0 19126128.0 19124142.0 19123817.0 19122100.0 19119715.0 19121298.0 19119019.0 19120231.0 19118563.0 19119639.0 19117450.0 19119986.0 19118323.0 19118722.0 19120463.0 19119496.0
170 15498156.0 15475136.0 15327850.0 14696786.0 15290786.0 14576214.0 15207434.0 14560200.0 15093511.0 14595678.0 15141857.0 14866126.0 15118132.0 15105423.0 15121472.0 15054686.0 15120915.0 15191755.0 15157279.0 14950216.0 14704062.0 14953207.0 14650119.0 14806854.0 14670546.0 14861624.0 14714771.0 14889414.0 14748312.0 14817025.0 14875844.0 15043147.0
175 10306959.0 10368512.0 10303399.0 10566716.0 10443273.0 10554842.0 10446088.0 10558266.0 10481041.0 10609095.0 10583909.0 10955012.0 10621328.0 10581868.0 10681125.0 11194061.0 10629582.0 10783559.0 10661350.0 10419757.0 10764587.0 10436011.0 10709586.0 10216975.0 10704568.0 10247613.0 10824516.0 10288405.0 10820507.0 10171267.0 10192580.0 10342130.0
180 2454676.0 2497480.0 2464193.0 2532163.0 2523833.0 2526317.0 2528596.0 2513617.0 2555829.0 2535082.0 2589995.0 2731237.0 2598074.0 2617496.0 2698275.0 2839675.0 2608610.0 2724973.0 2657968.0 2549557.0 2588116.0 2594382.0 2555874.0 2466072.0 2558295.0 2492605.0 2658287.0 2531839.0 2612458.0 2469503.0 2469814.0 2570340.0
185 65747.0 78236.0 65581.0 64336.0 70066.0 61217.0 76353.0 65164.0 76701.0 67417.0 78208.0 75603.0 72422.0 76225.0 90600.0 77655.0 78958.0 67391.0 71804.0 75465.0 69848.0 67725.0 67833.0 77028.0 68625.0 63533.0 86123.0 81003.0 67370.0 67703.0 69552.0 71045.0
190 67140.0 77444.0 66027.0 63874.0 69675.0 60778.0 76588.0 65245.0 76724.0 66982.0 78578.0 74213.0 72572.0 75798.0 90625.0 76903.0 78341.0 67421.0 70973.0 75259.0 68511.0 66841.0 67403.0 75774.0 67692.0 62997.0 85664.0 79645.0 66647.0 67394.0 68980.0 70056.0
195 65843.0 76165.0 65204.0 62220.0 69133.0 56176.0 75200.0 63049.0 76124.0 65509.0 75313.0 74667.0 71600.0 75249.0 90409.0 76286.0 72872.0 66704.0 69713.0 73628.0 66878.0 65967.0 66095.0 73477.0 66104.0 58003.0 84920.0 78074.0 65129.0 65366.0 67527.0 65838.0
200 38672.0 57984.0 57021.0 44761.0 63105.0 27683.0 64679.0 42213.0 76459.0 50064.0 51065.0 73659.0 59316.0 68186.0 87580.0 72492.0 36625.0 53631.0 57602.0 63978.0 51878.0 53893.0 47832.0 46923.0 48971.0 31737.0 77744.0 59674.0 48220.0 52275.0 57009.0 40977.0
205 4803.0 13505.0 22062.0 7155.0 25347.0 3209.0 18255.0 6518.0 56875.0 12945.0 8509.0 59839.0 16338.0 29179.0 67485.0 37389.0 3865.0 12682.0 14574.0 22562.0 11036.0 16338.0 9114.0 6634.0 10652.0 4590.0 34642.0 12184.0 10525.0 14946.0 17885.0 7532.0
210 1525.0 2134.0 2768.0 1631.0 2999.0 1264.0 2378.0 1604.0 13865.0 1938.0 1774.0 18848.0 2233.0 3530.0 18629.0 4798.0 1660.0 1871.0 2077.0 2828.0 1917.0 2213.0 1782.0 1808.0 1806.0 1389.0 4201.0 2074.0 1804.0 2146.0 2348.0 1619.0
215 1146.0 1458.0 1338.0 1241.0 1558.0 925.0 1546.0 1199.0 2276.0 1304.0 1315.0 2435.0 1469.0 1723.0 2713.0 1821.0 1148.0 1368.0 1473.0 1569.0 1310.0 1377.0 1301.0 1351.0 1367.0 1073.0 1868.0 1527.0 1232.0 1300.0 1388.0 1203.0
220 755.0 1085.0 1025.0 869.0 1160.0 680.0 1169.0 806.0 1621.0 978.0 901.0 1639.0 1037.0 1258.0 1954.0 1417.0 779.0 919.0 1091.0 1198.0 915.0 1036.0 923.0 976.0 994.0 753.0 1440.0 1028.0 931.0 963.0 1073.0 911.0
225 665.0 895.0 816.0 766.0 899.0 608.0 956.0 719.0 1203.0 853.0 801.0 1276.0 865.0 917.0 1451.0 1018.0 724.0 756.0 893.0 904.0 823.0 759.0 733.0 772.0 824.0 685.0 1092.0 908.0 776.0 808.0 821.0 772.0
230 636.0 822.0 748.0 669.0 828.0 542.0 976.0 698.0 1086.0 740.0 787.0 1046.0 780.0 802.0 1160.0 917.0 656.0 730.0 861.0 909.0 768.0 715.0 769.0 780.0 818.0 600.0 977.0 801.0 723.0 742.0 824.0 695.0
235 562.0 754.0 725.0 654.0 824.0 415.0 925.0 653.0 1026.0 696.0 659.0 948.0 755.0 832.0 1133.0 871.0 520.0 676.0 816.0 775.0 729.0 695.0 652.0 645.0 730.0 504.0 919.0 756.0 634.0 717.0 807.0 621.0
240 309.0 606.0 653.0 471.0 741.0 179.0 793.0 458.0 963.0 528.0 430.0 902.0 607.0 804.0 1026.0 815.0 221.0 505.0 640.0 719.0 588.0 580.0 474.0 427.0 620.0 273.0 918.0 528.0 463.0 570.0 699.0 379.0
245 66.0 267.0 455.0 131.0 545.0 28.0 404.0 147.0 899.0 267.0 109.0 880.0 380.0 533.0 970.0 692.0 44.0 204.0 285.0 451.0 214.0 302.0 156.0 129.0 198.0 66.0 584.0 242.0 164.0 319.0 457.0 118.0
250 18.0 62.0 140.0 32.0 156.0 25.0 78.0 18.0 651.0 63.0 29.0 691.0 71.0 198.0 811.0 293.0 20.0 30.0 52.0 147.0 36.0 106.0 31.0 25.0 46.0 20.0 221.0 43.0 37.0 69.0 101.0 18.0
255 14.0 18.0 18.0 13.0 34.0 15.0 28.0 10.0 286.0 21.0 22.0 340.0 19.0 35.0 385.0 60.0 22.0 19.0 29.0 25.0 20.0 15.0 23.0 15.0 19.0 9.0 38.0 20.0 21.0 14.0 28.0 20.0
260 10.0 18.0 14.0 12.0 23.0 15.0 19.0 14.0 48.0 12.0 6.0 56.0 18.0 21.0 80.0 24.0 11.0 15.0 28.0 15.0 11.0 17.0 18.0 17.0 11.0 10.0 25.0 15.0 19.0 17.0 15.0 9.0
265 17.0 21.0 6.0 16.0 21.0 2.0 22.0 10.0 24.0 16.0 9.0 25.0 17.0 12.0 32.0 24.0 9.0 10.0 19.0 14.0 11.0 15.0 19.0 13.0 12.0 7.0 15.0 11.0 9.0 15.0 17.0 14.0
270 13.0 13.0 15.0 12.0 17.0 4.0 22.0 18.0 29.0 11.0 10.0 22.0 15.0 17.0 28.0 14.0 11.0 7.0 11.0 14.0 7.0 16.0 9.0 14.0 13.0 13.0 17.0 12.0 5.0 12.0 20.0 8.0
275 14.0 7.0 12.0 9.0 9.0 7.0 16.0 10.0 25.0 12.0 5.0 15.0 13.0 8.0 27.0 21.0 7.0 14.0 10.0 17.0 17.0 4.0 12.0 10.0 20.0 3.0 17.0 13.0 15.0 6.0 12.0 8.0
280 4.0 13.0 5.0 5.0 17.0 0.0 9.0 7.0 19.0 10.0 4.0 13.0 10.0 7.0 14.0 12.0 3.0 9.0 10.0 13.0 17.0 8.0 6.0 4.0 8.0 2.0 15.0 8.0 12.0 5.0 12.0 2.0
285 1.0 3.0 6.0 5.0 12.0 1.0 4.0 4.0 15.0 6.0 3.0 20.0 7.0 13.0 23.0 17.0 0.0 4.0 4.0 10.0 8.0 5.0 2.0 3.0 7.0 2.0 8.0 2.0 2.0 3.0 13.0 0.0
290 1.0 3.0 5.0 2.0 5.0 1.0 0.0 2.0 17.0 2.0 1.0 16.0 5.0 4.0 15.0 10.0 2.0 0.0 1.0 3.0 0.0 3.0 0.0 2.0 2.0 0.0 6.0 0.0 0.0 5.0 2.0 1.0
295 2.0 2.0 2.0 2.0 1.0 1.0 0.0 1.0 13.0 0.0 0.0 8.0 1.0 1.0 16.0 2.0 1.0 2.0 0.0 2.0 0.0 0.0 0.0 0.0 1.0 0.0 3.0 0.0 1.0 0.0 2.0 0.0
300 1.0 0.0 0.0 0.0 3.0 0.0 1.0 1.0 4.0 1.0 0.0 6.0 2.0 2.0 9.0 0.0 0.0 1.0 1.0 1.0 0.0 0.0 0.0 1.0 1.0 0.0 2.0 1.0 0.0 2.0 1.0 0.0
305 0.0 1.0 2.0 1.0 0.0 0.0 0.0 1.0 2.0 1.0 1.0 1.0 0.0 1.0 1.0 0.0 0.0 0.0 0.0 0.0 0.0 0.0 0.0 0.0 0.0 1.0 0.0 0.0 1.0 1.0 0.0 0.0
310 2.0 2.0 0.0 1.0 1.0 1.0 0.0 1.0 2.0 0.0 1.0 0.0 0.0 0.0 0.0 0.0 1.0 0.0 2.0 0.0 1.0 0.0 1.0 1.0 0.0 0.0 0.0 0.0 0.0 1.0 1.0 0.0
315 0.0 0.0 1.0 1.0 0.0 0.0 0.0 0.0 0.0 1.0 1.0 1.0 0.0 0.0 0.0 2.0 0.0 0.0 0.0 1.0 0.0 1.0 0.0 0.0 0.0 1.0 0.0 0.0 0.0 1.0 0.0 0.0
320 2.0 1.0 0.0 1.0 1.0 1.0 1.0 0.0 1.0 0.0 0.0 2.0 0.0 0.0 0.0 1.0 0.0 1.0 0.0 0.0 0.0 1.0 0.0 0.0 1.0 0.0 0.0 1.0 0.0 0.0 0.0 1.0
325 1.0 1.0 0.0 0.0 1.0 0.0 1.0 0.0 0.0 0.0 0.0 0.0 0.0 1.0 0.0 1.0 0.0 0.0 1.0 0.0 0.0 0.0 0.0 0.0 0.0 0.0 0.0 0.0 0.0 1.0 3.0 1.0
330 0.0 0.0 0.0 1.0 2.0 0.0 1.0 0.0 1.0 1.0 0.0 1.0 1.0 0.0 1.0 1.0 0.0 1.0 0.0 1.0 0.0 0.0 0.0 0.0 0.0 0.0 0.0 0.0 0.0 0.0 0.0 0.0
335 0.0 0.0 0.0 1.0 0.0 0.0 2.0 0.0 0.0 0.0 0.0 0.0 1.0 0.0 0.0 0.0 0.0 0.0 0.0 0.0 0.0 0.0 0.0 1.0 0.0 0.0 2.0 0.0 0.0 0.0 1.0 1.0
340 0.0 0.0 0.0 1.0 0.0 0.0 3.0 0.0 0.0 0.0 1.0 0.0 0.0 1.0 3.0 0.0 0.0 2.0 1.0 1.0 0.0 0.0 0.0 0.0 0.0 1.0 0.0 0.0 0.0 0.0 0.0 1.0
345 0.0 0.0 0.0 0.0 0.0 0.0 0.0 0.0 0.0 0.0 0.0 0.0 1.0 1.0 2.0 0.0 0.0 0.0 0.0 2.0 2.0 0.0 0.0 0.0 0.0 0.0 0.0 0.0 0.0 1.0 0.0 1.0
350 0.0 0.0 0.0 0.0 0.0 0.0 0.0 1.0 0.0 0.0 0.0 0.0 0.0 0.0 0.0 0.0 0.0 0.0 0.0 0.0 0.0 0.0 0.0 0.0 0.0 0.0 0.0 0.0 0.0 0.0 0.0 0.0
355 0.0 0.0 1.0 0.0 2.0 0.0 0.0 0.0 0.0 0.0 1.0 0.0 0.0 1.0 0.0 1.0 0.0 0.0 0.0 0.0 0.0 1.0 0.0 0.0 1.0 0.0 0.0 0.0 0.0 1.0 0.0 0.0
360 0.0 0.0 0.0 1.0 0.0 0.0 0.0 0.0 0.0 0.0 1.0 0.0 1.0 0.0 1.0 0.0 0.0 0.0 0.0 0.0 0.0 1.0 0.0 0.0 0.0 0.0 0.0 0.0 0.0 0.0 1.0 1.0
365 1.0 0.0 0.0 0.0 0.0 0.0 1.0 0.0 0.0 0.0 1.0 0.0 0.0 1.0 0.0 1.0 0.0 0.0 0.0 0.0 0.0 2.0 0.0 0.0 0.0 0.0 0.0 0.0 0.0 0.0 0.0 0.0
370 0.0 0.0 1.0 0.0 0.0 0.0 0.0 0.0 0.0 0.0 0.0 1.0 0.0 0.0 0.0 0.0 1.0 2.0 0.0 0.0 0.0 0.0 0.0 0.0 0.0 0.0 0.0 0.0 0.0 0.0 0.0 0.0
375 0.0 0.0 0.0 0.0 0.0 0.0 0.0 0.0 0.0 1.0 0.0 1.0 1.0 0.0 0.0 0.0 0.0 0.0 0.0 0.0 0.0 0.0 0.0 0.0 0.0 0.0 0.0 0.0 0.0 1.0 0.0 2.0
380 0.0 0.0 0.0 0.0 1.0 0.0 1.0 0.0 0.0 0.0 0.0 0.0 0.0 0.0 1.0 0.0 1.0 0.0 0.0 0.0 0.0 0.0 0.0 0.0 1.0 0.0 0.0 0.0 0.0 0.0 0.0 0.0
385 0.0 1.0 0.0 0.0 0.0 0.0 0.0 0.0 0.0 0.0 0.0 0.0 0.0 0.0 0.0 0.0 0.0 0.0 0.0 0.0 0.0 0.0 0.0 0.0 0.0 0.0 0.0 0.0 0.0 0.0 1.0 0.0
390 0.0 0.0 1.0 0.0 1.0 0.0 0.0 0.0 0.0 1.0 0.0 0.0 0.0 0.0 1.0 0.0 0.0 0.0 0.0 0.0 0.0 0.0 0.0 0.0 0.0 0.0 0.0 0.0 0.0 0.0 0.0 2.0
395 1.0 1.0 1.0 1.0 0.0 0.0 1.0 0.0 0.0 0.0 0.0 1.0 1.0 2.0 1.0 1.0 1.0 0.0 0.0 1.0 3.0 0.0 0.0 0.0 0.0 0.0 0.0 1.0 0.0 0.0 1.0 0.0
400 0.0 0.0 0.0 1.0 1.0 1.0 1.0 1.0 0.0 0.0 0.0 0.0 1.0 0.0 0.0 1.0 0.0 0.0 0.0 0.0 0.0 0.0 0.0 0.0 0.0 1.0 0.0 0.0 1.0 0.0 1.0 0.0
405 0.0 0.0 0.0 0.0 0.0 0.0 0.0 0.0 0.0 0.0 1.0 0.0 0.0 0.0 0.0 0.0 0.0 0.0 1.0 1.0 1.0 0.0 0.0 0.0 0.0 0.0 0.0 0.0 0.0 0.0 0.0 0.0
410 1.0 1.0 0.0 0.0 0.0 0.0 2.0 1.0 0.0 0.0 0.0 1.0 0.0 0.0 0.0 0.0 0.0 1.0 1.0 0.0 0.0 0.0 0.0 0.0 0.0 0.0 0.0 2.0 1.0 0.0 0.0 0.0
415 0.0 0.0 1.0 1.0 0.0 0.0 0.0 0.0 0.0 0.0 0.0 0.0 0.0 0.0 0.0 1.0 0.0 0.0 0.0 0.0 0.0 0.0 0.0 0.0 1.0 0.0 0.0 0.0 0.0 0.0 0.0 0.0
420 0.0 1.0 0.0 0.0 0.0 0.0 0.0 0.0 1.0 1.0 0.0 1.0 0.0 0.0 0.0 0.0 0.0 1.0 0.0 0.0 0.0 0.0 0.0 0.0 1.0 0.0 2.0 0.0 0.0 0.0 0.0 0.0
425 0.0 0.0 0.0 0.0 0.0 0.0 0.0 0.0 1.0 0.0 0.0 0.0 0.0 0.0 0.0 0.0 0.0 0.0 0.0 0.0 0.0 0.0 0.0 0.0 0.0 0.0 1.0 0.0 0.0 1.0 0.0 0.0
430 0.0 0.0 0.0 0.0 0.0 0.0 0.0 0.0 0.0 0.0 0.0 0.0 0.0 0.0 0.0 0.0 0.0 0.0 0.0 1.0 0.0 1.0 0.0 0.0 0.0 0.0 0.0 0.0 0.0 0.0 0.0 1.0
435 0.0 0.0 0.0 0.0 0.0 0.0 0.0 0.0 0.0 0.0 0.0 0.0 0.0 0.0 0.0 0.0 0.0 0.0 0.0 0.0 1.0 0.0 0.0 0.0 1.0 0.0 0.0 0.0 0.0 1.0 0.0 0.0
440 0.0 0.0 0.0 0.0 0.0 0.0 1.0 0.0 0.0 0.0 1.0 0.0 0.0 0.0 0.0 0.0 0.0 0.0 0.0 0.0 0.0 0.0 0.0 0.0 0.0 0.0 0.0 0.0 0.0 1.0 0.0 0.0
445 0.0 0.0 0.0 0.0 0.0 0.0 0.0 0.0 0.0 0.0 0.0 0.0 0.0 0.0 0.0 0.0 0.0 0.0 0.0 0.0 0.0 0.0 0.0 0.0 0.0 0.0 0.0 0.0 0.0 0.0 0.0 0.0
450 0.0 0.0 0.0 1.0 0.0 0.0 0.0 0.0 0.0 1.0 0.0 0.0 1.0 0.0 0.0 0.0 0.0 0.0 0.0 0.0 0.0 0.0 0.0 0.0 0.0 0.0 0.0 0.0 0.0 0.0 0.0 0.0
455 0.0 0.0 0.0 0.0 0.0 0.0 0.0 0.0 1.0 0.0 0.0 0.0 0.0 0.0 0.0 0.0 0.0 0.0 0.0 1.0 1.0 0.0 0.0 0.0 0.0 0.0 0.0 0.0 0.0 0.0 0.0 0.0
460 0.0 0.0 0.0 0.0 0.0 0.0 0.0 0.0 0.0 0.0 0.0 1.0 0.0 0.0 0.0 0.0 0.0 1.0 0.0 0.0 0.0 0.0 0.0 0.0 0.0 0.0 0.0 0.0 0.0 0.0 0.0 1.0
465 0.0 0.0 0.0 0.0 0.0 0.0 0.0 0.0 0.0 0.0 0.0 0.0 0.0 0.0 0.0 0.0 0.0 0.0 1.0 0.0 0.0 0.0 0.0 0.0 0.0 0.0 0.0 0.0 0.0 0.0 0.0 0.0
470 0.0 0.0 0.0 0.0 0.0 0.0 0.0 1.0 0.0 0.0 0.0 1.0 0.0 0.0 0.0 0.0 0.0 0.0 0.0 0.0 0.0 0.0 0.0 0.0 0.0 0.0 1.0 0.0 0.0 0.0 0.0 0.0
475 0.0 0.0 0.0 1.0 0.0 1.0 0.0 0.0 0.0 0.0 0.0 0.0 0.0 0.0 0.0 0.0 0.0 1.0 0.0 0.0 0.0 0.0 0.0 0.0 0.0 0.0 0.0 0.0 0.0 1.0 0.0 0.0
480 0.0 0.0 0.0 1.0 1.0 0.0 0.0 0.0 0.0 0.0 0.0 0.0 1.0 0.0 0.0 0.0 0.0 0.0 0.0 1.0 0.0 0.0 0.0 0.0 1.0 0.0 0.0 0.0 1.0 0.0 0.0 0.0
485 0.0 0.0 0.0 0.0 0.0 0.0 0.0 0.0 2.0 0.0 0.0 0.0 1.0 0.0 0.0 0.0 0.0 0.0 0.0 0.0 0.0 1.0 0.0 0.0 0.0 0.0 0.0 0.0 0.0 0.0 0.0 1.0
490 0.0 1.0 0.0 0.0 0.0 0.0 1.0 0.0 0.0 0.0 1.0 1.0 0.0 1.0 0.0 0.0 0.0 0.0 0.0 0.0 0.0 0.0 0.0 0.0 0.0 0.0 0.0 0.0 0.0 0.0 0.0 0.0
495 0.0 1.0 0.0 0.0 0.0 0.0 0.0 0.0 0.0 1.0 0.0 0.0 0.0 1.0 0.0 0.0 0.0 0.0 0.0 0.0 0.0 1.0 1.0 0.0 0.0 0.0 2.0 0.0 0.0 0.0 0.0 0.0
