100 0.0 0.0 0.0 0.0 0.0 0.0 0.0 0.0 0.0 0.0 0.0 0.0 0.0 1.0 0.0 0.0 0.0 0.0 0.0 0.0 0.0 0.0 0.0 1.0 0.0 1.0 0.0 0.0 1.0 0.0 0.0 2.0
105 1.0 0.0 0.0 0.0 0.0 0.0 0.0 0.0 0.0 0.0 0.0 0.0 0.0 2.0 1.0 0.0 0.0 0.0 0.0 1.0 0.0 0.0 1.0 0.0 1.0 0.0 0.0 0.0 2.0 0.0 0.0 1.0
110 0.0 0.0 1.0 0.0 0.0 0.0 0.0 1.0 1.0 0.0 0.0 0.0 0.0 1.0 0.0 0.0 0.0 0.0 0.0 0.0 0.0 0.0 1.0 0.0 0.0 0.0 0.0 0.0 0.0 0.0 0.0 0.0
115 0.0 0.0 1.0 0.0 0.0 0.0 0.0 0.0 0.0 2.0 0.0 0.0 0.0 0.0 1.0 2.0 0.0 0.0 0.0 0.0 0.0 0.0 0.0 0.0 0.0 0.0 0.0 0.0 1.0 0.0 1.0 0.0
120 0.0 0.0 0.0 0.0 0.0 0.0 2.0 0.0 0.0 0.0 0.0 0.0 0.0 0.0 0.0 0.0 0.0 0.0 1.0 0.0 0.0 0.0 1.0 0.0 0.0 0.0 0.0 0.0 0.0 0.0 0.0 1.0
125 0.0 1.0 0.0 0.0 0.0 0.0 0.0 0.0 0.0 1.0 0.0 1.0 0.0 0.0 0.0 0.0 0.0 0.0 0.0 0.0 0.0 0.0 0.0 0.0 1.0 0.0 0.0 0.0 0.0 0.0 0.0 1.0
130 0.0 0.0 0.0 1.0 1.0 1.0 0.0 1.0 1.0 0.0 0.0 1.0 1.0 5.0 4.0 3.0 0.0 0.0 1.0 0.0 0.0 0.0 2.0 0.0 3.0 1.0 2.0 2.0 2.0 1.0 1.0 0.0
135 5.0 1.0 2.0 5.0 5.0 2.0 2.0 2.0 6.0 9.0 1.0 1.0 8.0 16.0 3.0 9.0 2.0 0.0 0.0 1.0 0.0 1.0 0.0 4.0 2.0 8.0 2.0 8.0 2.0 3.0 3.0 1.0
140 6.0 11.0 2.0 44.0 36.0 27.0 14.0 21.0 47.0 49.0 13.0 15.0 50.0 102.0 35.0 67.0 12.0 0.0 13.0 31.0 4.0 6.0 5.0 33.0 42.0 34.0 49.0 83.0 20.0 26.0 26.0 23.0
145 56.0 79.0 32.0 131.0 108.0 100.0 71.0 95.0 179.0 150.0 57.0 76.0 207.0 239.0 121.0 223.0 62.0 8.0 87.0 107.0 32.0 39.0 19.0 113.0 150.0 188.0 128.0 265.0 86.0 98.0 112.0 89.0
150 805.0 1066.0 543.0 1906.0 1651.0 1768.0 767.0 1416.0 2371.0 2108.0 1306.0 1258.0 2801.0 3185.0 1879.0 2435.0 1119.0 120.0 1211.0 1364.0 497.0 686.0 214.0 1934.0 2165.0 2518.0 1766.0 3575.0 1684.0 1712.0 1361.0 1111.0
155 7615135.0 7612838.0 7593974.0 7583685.0 7605316.0 7592474.0 7581390.0 7589648.0 7596157.0 7584762.0 7606434.0 7578811.0 7611827.0 7602910.0 7611879.0 7574845.0 7608882.0 7581945.0 7616917.0 7592255.0 7587464.0 7596860.0 7563049.0 7592681.0 7587097.0 7604807.0 7579226.0 7616137.0 7598889.0 7621087.0 7597211.0 7613826.0
160 17897068.0 17896896.0 17896623.0 17884119.0 17895875.0 17884072.0 17896382.0 17884604.0 17895867.0 17884347.0 17895730.0 17885389.0 17896433.0 17899224.0 17901900.0 17881201.0 17898377.0 17901067.0 17899942.0 17896004.0 17885343.0 17902018.0 17885566.0 17896060.0 17881457.0 17897169.0 17881224.0 17896061.0 17883159.0 17895377.0 17898585.0 17900166.0
165 18312995.0 18313558.0 18308392.0 18296281.0 18307771.0 18296213.0 18304215.0 18296199.0 18303717.0 18295849.0 18304440.0 18296618.0 18305240.0 18305624.0 18308202.0 18293718.0 18305593.0 18307169.0 18306664.0 18302850.0 18296636.0 18306978.0 18296681.0 18302917.0 18293872.0 18303094.0 18293689.0 18302185.0 18295020.0 18302560.0 18303713.0 18306803.0
170 18575866.0 18576075.0 18575692.0 18572246.0 18575675.0 18573011.0 18575375.0 18573038.0 18574834.0 18571924.0 18575486.0 18572679.0 18575353.0 18574344.0 18575781.0 18569212.0 18575516.0 18575775.0 18575780.0 18574675.0 18574024.0 18575783.0 18573979.0 18574696.0 18571552.0 18574848.0 18571842.0 18574741.0 18573187.0 18575106.0 18575438.0 18576173.0
175 18552687.0 18552829.0 18552445.0 18551978.0 18552665.0 18551785.0 18552829.0 18551712.0 18553214.0 18551601.0 18553144.0 18551881.0 18553467.0 18554522.0 18554903.0 18551300.0 18553876.0 18554708.0 18554000.0 18553724.0 18551511.0 18554443.0 18551452.0 18553796.0 18551125.0 18553876.0 18550903.0 18553560.0 18551143.0 18553089.0 18553589.0 18553493.0
180 18129202.0 18119260.0 18103858.0 18015101.0 18079002.0 17996288.0 18075303.0 18004016.0 18045249.0 18009078.0 18032842.0 18014991.0 18047438.0 18054045.0 18053145.0 18025164.0 18035564.0 18044362.0 18042630.0 18036905.0 18000999.0 18034102.0 17998376.0 18024689.0 18000358.0 18028940.0 17993415.0 18019692.0 17992241.0 18020107.0 18029055.0 18043252.0
185 11353565.0 11308268.0 11379952.0 11259883.0 11322499.0 11157286.0 11397704.0 11240592.0 11307443.0 11249410.0 11231588.0 11301342.0 11322625.0 11442822.0 11413777.0 11456946.0 11282431.0 11385316.0 11356393.0 11407358.0 11285565.0 11349145.0 11286178.0 11308211.0 11340178.0 11365870.0 11307305.0 11285062.0 11257784.0 11292050.0 11369660.0 11376132.0
190 8470769.0 8403642.0 8531521.0 8591665.0 8474011.0 8506583.0 8564491.0 8614789.0 8486915.0 8625425.0 8398714.0 8671896.0 8497851.0 8640504.0 8603263.0 8818685.0 8437393.0 8537199.0 8518477.0 8571273.0 8638879.0 8508570.0 8620513.0 8470347.0 8676905.0 8512119.0 8646962.0 8424951.0 8581173.0 8421759.0 8495393.0 8460060.0
195 90176.0 87127.0 80359.0 106424.0 93441.0 91590.0 82434.0 88077.0 101646.0 92818.0 84250.0 91672.0 93014.0 103683.0 92092.0 108355.0 86115.0 73871.0 90892.0 96709.0 91495.0 84070.0 79947.0 94173.0 95005.0 92633.0 99628.0 114234.0 88142.0 90600.0 95038.0 89162.0
200 88971.0 86680.0 79084.0 105117.0 92443.0 91146.0 79651.0 85950.0 101056.0 90856.0 84033.0 88303.0 91898.0 97985.0 89836.0 95611.0 85677.0 71465.0 89235.0 93574.0 89490.0 82804.0 77788.0 92963.0 93348.0 90943.0 97034.0 113518.0 86613.0 88470.0 91938.0 87646.0
205 86244.0 86318.0 77671.0 104375.0 91754.0 90273.0 78787.0 85418.0 100941.0 90767.0 82265.0 87808.0 91577.0 97685.0 89291.0 95573.0 84124.0 61110.0 87776.0 93959.0 83504.0 79759.0 70114.0 93119.0 92975.0 89653.0 96650.0 112662.0 84914.0 87850.0 91227.0 86962.0
210 58981.0 74257.0 62865.0 103884.0 87831.0 83195.0 76509.0 80860.0 98122.0 89342.0 65546.0 83179.0 90408.0 97005.0 85757.0 94619.0 65451.0 21131.0 72951.0 90818.0 45489.0 53986.0 31124.0 88876.0 91500.0 88746.0 93724.0 110741.0 79120.0 77462.0 86738.0 78104.0
215 12675.0 23699.0 18441.0 82139.0 54662.0 44165.0 51788.0 52667.0 78576.0 68851.0 21297.0 52526.0 78569.0 94119.0 59695.0 92647.0 18323.0 2349.0 22875.0 65344.0 6091.0 11233.0 3479.0 58457.0 74959.0 79127.0 67964.0 87659.0 40571.0 36779.0 52107.0 37547.0
220 2022.0 2680.0 2198.0 21546.0 8817.0 5953.0 8553.0 10311.0 22613.0 16170.0 2669.0 10817.0 33092.0 62825.0 12845.0 64657.0 2468.0 1169.0 2665.0 14103.0 1723.0 1897.0 1337.0 10819.0 23784.0 32508.0 15018.0 26733.0 5524.0 4685.0 8321.0 4530.0
225 1387.0 1567.0 1358.0 3008.0 2083.0 1937.0 1846.0 2062.0 3068.0 2437.0 1476.0 2172.0 4617.0 11775.0 2310.0 13374.0 1596.0 746.0 1619.0 2400.0 1156.0 1224.0 936.0 2360.0 3051.0 3879.0 2636.0 3909.0 1868.0 1811.0 2080.0 1776.0
230 934.0 1042.0 879.0 2122.0 1492.0 1337.0 1341.0 1435.0 1968.0 1706.0 993.0 1424.0 2008.0 2546.0 1623.0 2557.0 1055.0 573.0 1193.0 1733.0 812.0 826.0 661.0 1700.0 1910.0 1926.0 1829.0 2307.0 1272.0 1264.0 1550.0 1245.0
235 819.0 853.0 736.0 1581.0 1154.0 1051.0 959.0 1062.0 1505.0 1324.0 843.0 1038.0 1453.0 1886.0 1203.0 1909.0 930.0 509.0 996.0 1272.0 716.0 714.0 603.0 1250.0 1393.0 1407.0 1279.0 1746.0 982.0 952.0 1140.0 1003.0
240 812.0 836.0 714.0 1298.0 1068.0 998.0 862.0 1011.0 1291.0 1117.0 788.0 949.0 1213.0 1508.0 1028.0 1459.0 874.0 369.0 895.0 1073.0 679.0 708.0 493.0 1118.0 1145.0 1226.0 1176.0 1526.0 940.0 923.0 1001.0 968.0
245 609.0 807.0 604.0 1270.0 1005.0 979.0 861.0 862.0 1206.0 1084.0 769.0 870.0 1185.0 1269.0 980.0 1299.0 805.0 131.0 871.0 1050.0 460.0 572.0 266.0 1079.0 1114.0 1123.0 1140.0 1457.0 927.0 824.0 971.0 854.0
250 311.0 531.0 401.0 1169.0 860.0 870.0 763.0 788.0 1124.0 988.0 580.0 838.0 1080.0 1213.0 964.0 1278.0 497.0 18.0 631.0 984.0 142.0 275.0 52.0 982.0 1094.0 1069.0 1055.0 1359.0 786.0 726.0 913.0 770.0
255 71.0 230.0 110.0 1068.0 685.0 550.0 546.0 627.0 1014.0 910.0 207.0 551.0 978.0 1243.0 749.0 1092.0 231.0 14.0 236.0 806.0 33.0 66.0 14.0 813.0 1014.0 947.0 907.0 1252.0 482.0 392.0 662.0 427.0
260 16.0 10.0 19.0 316.0 114.0 85.0 100.0 140.0 472.0 296.0 24.0 173.0 691.0 1026.0 213.0 1066.0 21.0 7.0 25.0 226.0 13.0 15.0 4.0 170.0 470.0 638.0 266.0 603.0 64.0 44.0 94.0 53.0
265 11.0 18.0 12.0 76.0 29.0 24.0 26.0 35.0 113.0 72.0 17.0 28.0 262.0 602.0 44.0 654.0 9.0 1.0 18.0 44.0 11.0 9.0 4.0 47.0 115.0 246.0 47.0 181.0 26.0 30.0 42.0 17.0
270 10.0 16.0 12.0 36.0 28.0 22.0 31.0 20.0 31.0 17.0 9.0 25.0 52.0 174.0 29.0 207.0 18.0 2.0 16.0 25.0 11.0 8.0 6.0 25.0 36.0 43.0 33.0 50.0 20.0 10.0 22.0 20.0
275 6.0 11.0 15.0 18.0 18.0 17.0 20.0 16.0 32.0 19.0 8.0 19.0 35.0 41.0 29.0 63.0 13.0 1.0 13.0 22.0 9.0 8.0 9.0 26.0 21.0 34.0 20.0 32.0 12.0 20.0 26.0 16.0
280 7.0 6.0 7.0 18.0 12.0 18.0 11.0 9.0 31.0 17.0 11.0 12.0 32.0 24.0 14.0 27.0 13.0 2.0 14.0 17.0 4.0 4.0 2.0 13.0 18.0 18.0 22.0 31.0 14.0 17.0 12.0 10.0
285 6.0 13.0 8.0 21.0 11.0 18.0 15.0 9.0 15.0 17.0 7.0 20.0 21.0 29.0 23.0 28.0 5.0 0.0 14.0 22.0 1.0 3.0 0.0 22.0 26.0 22.0 19.0 18.0 12.0 13.0 20.0 13.0
290 1.0 9.0 6.0 20.0 18.0 21.0 11.0 8.0 19.0 14.0 3.0 14.0 24.0 28.0 14.0 17.0 8.0 0.0 4.0 13.0 0.0 2.0 1.0 19.0 16.0 17.0 16.0 23.0 11.0 6.0 17.0 9.0
295 0.0 3.0 1.0 15.0 9.0 8.0 7.0 7.0 16.0 14.0 1.0 4.0 19.0 24.0 6.0 17.0 1.0 0.0 5.0 6.0 0.0 0.0 0.0 15.0 14.0 13.0 18.0 22.0 7.0 5.0 6.0 2.0
300 0.0 1.0 0.0 8.0 5.0 0.0 3.0 2.0 7.0 11.0 0.0 3.0 18.0 25.0 6.0 18.0 0.0 0.0 0.0 5.0 0.0 0.0 1.0 8.0 13.0 11.0 16.0 11.0 2.0 1.0 2.0 0.0
305 1.0 0.0 0.0 2.0 4.0 1.0 1.0 1.0 6.0 7.0 0.0 2.0 14.0 19.0 2.0 19.0 1.0 0.0 2.0 2.0 3.0 0.0 0.0 4.0 8.0 16.0 4.0 8.0 0.0 1.0 0.0 1.0
310 0.0 0.0 1.0 0.0 1.0 1.0 1.0 1.0 0.0 1.0 0.0 0.0 4.0 6.0 0.0 13.0 0.0 0.0 0.0 1.0 1.0 1.0 0.0 1.0 3.0 2.0 0.0 3.0 0.0 1.0 1.0 2.0
315 1.0 0.0 0.0 1.0 0.0 1.0 0.0 0.0 0.0 1.0 0.0 0.0 2.0 7.0 1.0 5.0 1.0 1.0 2.0 2.0 0.0 1.0 0.0 0.0 1.0 1.0 1.0 2.0 0.0 0.0 1.0 0.0
320 0.0 1.0 0.0 1.0 0.0 0.0 1.0 1.0 2.0 1.0 0.0 0.0 0.0 2.0 0.0 4.0 2.0 0.0 0.0 3.0 0.0 0.0 1.0 0.0 1.0 2.0 2.0 0.0 1.0 2.0 1.0 1.0
325 0.0 0.0 0.0 1.0 1.0 0.0 1.0 1.0 0.0 1.0 1.0 2.0 1.0 0.0 0.0 1.0 0.0 0.0 0.0 0.0 1.0 1.0 0.0 2.0 2.0 1.0 0.0 1.0 0.0 0.0 0.0 0.0
330 0.0 1.0 0.0 0.0 1.0 1.0 0.0 0.0 1.0 0.0 0.0 1.0 0.0 4.0 1.0 1.0 0.0 0.0 0.0 0.0 0.0 0.0 0.0 0.0 0.0 0.0 0.0 1.0 0.0 0.0 1.0 0.0
335 0.0 0.0 0.0 0.0 0.0 0.0 0.0 0.0 2.0 0.0 1.0 2.0 1.0 0.0 3.0 0.0 0.0 0.0 0.0 2.0 0.0 0.0 0.0 2.0 0.0 0.0 3.0 1.0 0.0 1.0 0.0 0.0
340 0.0 0.0 0.0 0.0 0.0 2.0 1.0 0.0 0.0 1.0 1.0 0.0 0.0 2.0 0.0 2.0 0.0 0.0 0.0 0.0 0.0 0.0 1.0 0.0 0.0 0.0 0.0 1.0 0.0 0.0 1.0 0.0
345 0.0 0.0 0.0 0.0 0.0 0.0 0.0 1.0 0.0 1.0 0.0 2.0 0.0 2.0 0.0 1.0 0.0 0.0 1.0 0.0 0.0 0.0 0.0 0.0 0.0 3.0 0.0 0.0 0.0 0.0 1.0 0.0
350 0.0 0.0 0.0 1.0 1.0 0.0 0.0 1.0 1.0 0.0 0.0 0.0 0.0 2.0 0.0 1.0 0.0 0.0 0.0 0.0 0.0 0.0 1.0 0.0 2.0 0.0 0.0 0.0 0.0 0.0 0.0 0.0
355 0.0 0.0 0.0 0.0 0.0 0.0 0.0 1.0 0.0 0.0 1.0 0.0 1.0 0.0 1.0 0.0 0.0 1.0 1.0 0.0 1.0 0.0 0.0 0.0 0.0 2.0 1.0 1.0 0.0 1.0 1.0 1.0
360 1.0 0.0 0.0 0.0 0.0 1.0 0.0 1.0 0.0 0.0 0.0 1.0 0.0 1.0 0.0 0.0 0.0 0.0 0.0 0.0 0.0 0.0 1.0 0.0 0.0 1.0 0.0 1.0 0.0 0.0 0.0 2.0
365 0.0 0.0 0.0 1.0 0.0 0.0 0.0 0.0 1.0 0.0 0.0 0.0 1.0 0.0 0.0 1.0 0.0 0.0 0.0 0.0 0.0 1.0 0.0 0.0 0.0 1.0 0.0 0.0 0.0 1.0 1.0 0.0
370 0.0 0.0 1.0 0.0 0.0 1.0 1.0 0.0 0.0 0.0 2.0 0.0 0.0 0.0 0.0 1.0 0.0 0.0 1.0 0.0 0.0 0.0 0.0 0.0 0.0 0.0 0.0 2.0 0.0 1.0 0.0 0.0
375 0.0 0.0 0.0 0.0 1.0 0.0 0.0 0.0 0.0 0.0 0.0 1.0 0.0 1.0 2.0 0.0 1.0 0.0 0.0 0.0 0.0 0.0 0.0 0.0 1.0 0.0 0.0 0.0 0.0 0.0 0.0 0.0
380 1.0 0.0 0.0 0.0 0.0 0.0 0.0 0.0 1.0 0.0 0.0 0.0 0.0 0.0 1.0 1.0 0.0 0.0 0.0 0.0 0.0 0.0 0.0 1.0 0.0 0.0 0.0 0.0 0.0 0.0 0.0 1.0
385 0.0 0.0 0.0 0.0 0.0 1.0 0.0 0.0 1.0 0.0 0.0 0.0 0.0 0.0 1.0 1.0 0.0 0.0 0.0 0.0 0.0 0.0 0.0 0.0 0.0 0.0 0.0 0.0 0.0 0.0 0.0 0.0
390 0.0 0.0 0.0 0.0 0.0 0.0 0.0 0.0 0.0 0.0 0.0 2.0 1.0 1.0 0.0 1.0 1.0 0.0 0.0 0.0 1.0 0.0 0.0 0.0 0.0 0.0 0.0 1.0 0.0 0.0 0.0 0.0
395 0.0 0.0 0.0 0.0 0.0 0.0 0.0 0.0 0.0 0.0 0.0 0.0 0.0 0.0 1.0 1.0 0.0 0.0 0.0 1.0 0.0 1.0 0.0 0.0 0.0 0.0 0.0 0.0 0.0 0.0 0.0 0.0
400 0.0 0.0 0.0 0.0 0.0 1.0 0.0 0.0 0.0 0.0 0.0 0.0 0.0 0.0 0.0 0.0 0.0 0.0 2.0 1.0 0.0 0.0 0.0 1.0 0.0 0.0 0.0 0.0 0.0 0.0 0.0 0.0
405 0.0 0.0 0.0 0.0 0.0 0.0 0.0 0.0 0.0 0.0 0.0 1.0 1.0 1.0 0.0 0.0 0.0 0.0 0.0 1.0 0.0 1.0 0.0 0.0 0.0 0.0 0.0 0.0 0.0 0.0 0.0 0.0
410 0.0 0.0 0.0 0.0 0.0 1.0 0.0 0.0 0.0 0.0 0.0 0.0 0.0 0.0 0.0 0.0 0.0 0.0 0.0 0.0 0.0 0.0 0.0 1.0 0.0 0.0 0.0 0.0 1.0 0.0 1.0 0.0
415 0.0 1.0 0.0 0.0 0.0 0.0 0.0 0.0 0.0 0.0 0.0 1.0 0.0 0.0 0.0 0.0 1.0 0.0 0.0 0.0 0.0 0.0 0.0 0.0 0.0 0.0 0.0 1.0 0.0 0.0 0.0 0.0
420 0.0 0.0 0.0 0.0 0.0 0.0 0.0 0.0 1.0 0.0 0.0 0.0 0.0 1.0 0.0 0.0 2.0 0.0 0.0 0.0 0.0 1.0 0.0 0.0 0.0 0.0 0.0 1.0 0.0 0.0 0.0 0.0
425 0.0 0.0 0.0 0.0 0.0 1.0 1.0 1.0 0.0 1.0 1.0 0.0 0.0 1.0 0.0 0.0 0.0 0.0 0.0 1.0 0.0 0.0 0.0 0.0 0.0 0.0 2.0 0.0 0.0 0.0 0.0 0.0
430 0.0 0.0 0.0 0.0 0.0 1.0 0.0 0.0 0.0 0.0 0.0 0.0 1.0 0.0 1.0 0.0 0.0 0.0 1.0 1.0 0.0 0.0 1.0 0.0 1.0 1.0 0.0 1.0 1.0 0.0 0.0 0.0
435 0.0 0.0 0.0 0.0 0.0 0.0 0.0 0.0 1.0 0.0 0.0 0.0 0.0 0.0 0.0 0.0 0.0 0.0 0.0 0.0 1.0 0.0 0.0 1.0 0.0 0.0 2.0 0.0 0.0 0.0 0.0 0.0
440 0.0 0.0 0.0 0.0 0.0 0.0 0.0 0.0 0.0 0.0 0.0 0.0 0.0 0.0 0.0 0.0 1.0 0.0 0.0 0.0 0.0 0.0 0.0 0.0 0.0 0.0 0.0 0.0 0.0 0.0 0.0 1.0
445 0.0 0.0 0.0 0.0 0.0 0.0 0.0 1.0 0.0 0.0 0.0 0.0 0.0 0.0 0.0 0.0 0.0 1.0 0.0 0.0 0.0 0.0 0.0 1.0 0.0 0.0 0.0 1.0 0.0 0.0 1.0 0.0
450 0.0 0.0 0.0 0.0 0.0 0.0 0.0 0.0 0.0 0.0 0.0 0.0 0.0 0.0 0.0 0.0 0.0 0.0 0.0 0.0 0.0 0.0 0.0 0.0 1.0 0.0 0.0 0.0 0.0 0.0 0.0 0.0
455 0.0 0.0 0.0 0.0 0.0 0.0 0.0 0.0 0.0 0.0 0.0 0.0 0.0 0.0 0.0 0.0 1.0 0.0 0.0 0.0 0.0 0.0 0.0 0.0 0.0 0.0 1.0 0.0 0.0 0.0 0.0 0.0
460 0.0 0.0 0.0 0.0 0.0 0.0 0.0 0.0 0.0 0.0 0.0 1.0 1.0 0.0 1.0 0.0 0.0 0.0 0.0 1.0 0.0 0.0 1.0 0.0 0.0 0.0 0.0 3.0 1.0 0.0 0.0 0.0
465 0.0 0.0 0.0 0.0 0.0 0.0 0.0 0.0 0.0 0.0 0.0 1.0 0.0 0.0 0.0 0.0 0.0 0.0 0.0 0.0 0.0 0.0 0.0 1.0 0.0 0.0 1.0 0.0 0.0 0.0 0.0 0.0
470 0.0 0.0 0.0 0.0 0.0 1.0 0.0 0.0 1.0 0.0 0.0 0.0 0.0 0.0 0.0 0.0 0.0 0.0 0.0 0.0 0.0 1.0 1.0 0.0 0.0 1.0 0.0 0.0 0.0 0.0 0.0 0.0
475 0.0 0.0 1.0 0.0 0.0 0.0 0.0 0.0 0.0 0.0 0.0 0.0 0.0 0.0 1.0 0.0 0.0 0.0 1.0 0.0 0.0 0.0 1.0 0.0 0.0 0.0 0.0 0.0 0.0 0.0 0.0 1.0
480 0.0 0.0 0.0 0.0 0.0 0.0 0.0 0.0 0.0 0.0 0.0 1.0 0.0 0.0 0.0 0.0 0.0 0.0 0.0 0.0 0.0 0.0 0.0 1.0 0.0 0.0 0.0 1.0 0.0 0.0 0.0 0.0
485 0.0 0.0 0.0 0.0 0.0 0.0 0.0 0.0 1.0 0.0 0.0 0.0 0.0 0.0 1.0 0.0 1.0 0.0 0.0 0.0 0.0 0.0 0.0 0.0 1.0 0.0 0.0 0.0 1.0 0.0 0.0 0.0
490 1.0 1.0 0.0 1.0 0.0 0.0 0.0 0.0 0.0 0.0 0.0 0.0 0.0 0.0 0.0 0.0 0.0 0.0 0.0 1.0 0.0 0.0 1.0 3.0 0.0 1.0 0.0 0.0 0.0 1.0 0.0 0.0
495 0.0 0.0 0.0 0.0 0.0 0.0 0.0 0.0 0.0 0.0 0.0 0.0 1.0 0.0 0.0 0.0 0.0 0.0 0.0 0.0 0.0 0.0 0.0 0.0 0.0 0.0 0.0 0.0 1.0 0.0 0.0 0.0
