100 0.0 0.0 2.0 0.0 0.0 0.0 0.0 0.0 0.0 0.0 1.0 0.0 0.0 0.0 0.0 0.0 0.0 0.0 0.0 0.0 0.0 0.0 0.0 0.0 0.0 0.0 0.0 0.0 0.0 0.0 0.0 0.0
105 0.0 0.0 0.0 0.0 0.0 0.0 0.0 0.0 0.0 0.0 0.0 0.0 0.0 0.0 0.0 0.0 0.0 0.0 0.0 0.0 0.0 0.0 0.0 0.0 0.0 0.0 0.0 0.0 0.0 0.0 0.0 0.0
110 0.0 0.0 0.0 0.0 0.0 0.0 0.0 0.0 0.0 0.0 0.0 0.0 0.0 0.0 0.0 0.0 0.0 0.0 0.0 0.0 0.0 0.0 0.0 0.0 1.0 0.0 0.0 0.0 0.0 0.0 0.0 0.0
115 0.0 0.0 0.0 1.0 0.0 0.0 0.0 0.0 0.0 0.0 1.0 0.0 0.0 0.0 0.0 0.0 0.0 1.0 0.0 0.0 0.0 0.0 1.0 0.0 1.0 0.0 0.0 0.0 1.0 0.0 1.0 0.0
120 1.0 0.0 1.0 0.0 0.0 0.0 0.0 0.0 0.0 0.0 0.0 0.0 0.0 0.0 0.0 0.0 0.0 0.0 0.0 1.0 0.0 0.0 1.0 0.0 0.0 0.0 0.0 0.0 0.0 0.0 0.0 0.0
125 0.0 0.0 0.0 1.0 0.0 0.0 0.0 0.0 1.0 0.0 0.0 0.0 0.0 0.0 0.0 0.0 0.0 1.0 0.0 0.0 0.0 0.0 0.0 0.0 0.0 0.0 0.0 0.0 0.0 0.0 0.0 0.0
130 0.0 1.0 0.0 1.0 1.0 0.0 0.0 0.0 0.0 0.0 0.0 0.0 2.0 0.0 0.0 0.0 0.0 0.0 0.0 1.0 0.0 1.0 0.0 0.0 0.0 0.0 0.0 0.0 0.0 0.0 0.0 1.0
135 0.0 2.0 1.0 3.0 2.0 0.0 0.0 0.0 0.0 0.0 0.0 0.0 1.0 1.0 0.0 0.0 0.0 1.0 1.0 0.0 4.0 0.0 0.0 0.0 0.0 0.0 1.0 1.0 1.0 1.0 0.0 0.0
140 23.0 23.0 12.0 31.0 13.0 10.0 14.0 10.0 1.0 1.0 4.0 3.0 24.0 23.0 9.0 16.0 11.0 7.0 5.0 17.0 28.0 13.0 16.0 11.0 0.0 15.0 14.0 10.0 24.0 4.0 6.0 8.0
145 290.0 236.0 160.0 367.0 232.0 196.0 199.0 158.0 22.0 75.0 94.0 60.0 239.0 347.0 194.0 180.0 188.0 192.0 84.0 275.0 303.0 319.0 338.0 107.0 75.0 262.0 280.0 203.0 429.0 116.0 125.0 146.0
150 4803.0 4512.0 3515.0 4919.0 3908.0 4090.0 3496.0 3771.0 1317.0 2344.0 2812.0 2131.0 4174.0 4903.0 4433.0 3370.0 3795.0 3655.0 2395.0 4359.0 5082.0 4735.0 5111.0 3225.0 2184.0 4101.0 4488.0 4028.0 5488.0 2997.0 3530.0 3349.0
155 16912147.0 16907530.0 16903134.0 16891801.0 16904852.0 16891124.0 16900095.0 16891045.0 16899278.0 16890190.0 16900876.0 16891799.0 16903222.0 16902030.0 16902792.0 16891011.0 16901656.0 16900720.0 16900038.0 16899452.0 16890723.0 16900095.0 16891548.0 16898160.0 16886688.0 16897532.0 16886928.0 16900233.0 16888166.0 16900379.0 16903477.0 16905148.0
160 17751475.0 17750414.0 17749065.0 17746788.0 17749059.0 17746648.0 17748343.0 17746740.0 17747830.0 17746738.0 17748115.0 17746890.0 17748407.0 17748124.0 17748025.0 17746696.0 17748225.0 17748054.0 17747936.0 17748098.0 17746602.0 17748068.0 17746671.0 17747842.0 17746701.0 17747997.0 17746439.0 17748163.0 17746510.0 17748176.0 17748964.0 17749413.0
165 18211957.0 18211502.0 18211071.0 18210099.0 18211001.0 18210154.0 18210702.0 18210136.0 18210563.0 18210156.0 18210569.0 18210171.0 18210708.0 18210678.0 18210574.0 18210070.0 18210595.0 18210550.0 18210580.0 18210645.0 18209999.0 18210668.0 18210089.0 18210569.0 18210121.0 18210557.0 18209987.0 18210663.0 18209953.0 18210699.0 18210879.0 18211078.0
170 18541210.0 18540854.0 18540448.0 18539271.0 18540577.0 18539162.0 18539998.0 18539158.0 18539827.0 18539237.0 18539967.0 18539540.0 18540236.0 18539913.0 18539964.0 18539189.0 18539798.0 18539648.0 18539729.0 18539813.0 18538699.0 18539720.0 18538694.0 18539507.0 18538673.0 18539383.0 18538485.0 18539524.0 18538434.0 18539615.0 18539752.0 18539752.0
175 18493294.0 18490767.0 18488457.0 18480153.0 18488221.0 18474298.0 18484149.0 18477384.0 18484769.0 18478466.0 18482161.0 18482844.0 18484416.0 18478372.0 18478242.0 18479639.0 18478986.0 18477541.0 18478212.0 18475667.0 18472805.0 18473684.0 18471976.0 18472543.0 18471967.0 18471903.0 18468785.0 18472184.0 18468666.0 18471897.0 18472046.0 18472073.0
180 11047797.0 11064949.0 11021352.0 11080440.0 11155910.0 10924881.0 11127311.0 11190969.0 11516388.0 11313376.0 11256320.0 11465468.0 11370995.0 11100489.0 11191325.0 11471909.0 11261067.0 11251810.0 11297218.0 11104930.0 11115288.0 11059096.0 11007616.0 11075440.0 11361646.0 11092373.0 11021375.0 11165133.0 11066252.0 11147856.0 11152005.0 11110853.0
185 8768451.0 8788321.0 8747152.0 8981670.0 8898326.0 8832210.0 8876069.0 9125612.0 9268485.0 9231843.0 9003939.0 9358852.0 9090586.0 8848793.0 8938713.0 9376212.0 9010964.0 9010566.0 9032448.0 8840821.0 8987220.0 8807651.0 8875133.0 8810610.0 9264157.0 8820401.0 8895689.0 8908922.0 8938702.0 8867487.0 8865155.0 8796896.0
190 126792.0 126420.0 132488.0 139531.0 125297.0 119228.0 125633.0 136339.0 153404.0 125456.0 114366.0 135064.0 142874.0 132152.0 143493.0 143760.0 123530.0 132498.0 123687.0 121005.0 130556.0 112634.0 126007.0 114334.0 126291.0 121419.0 126658.0 132443.0 136850.0 120800.0 125466.0 114133.0
195 121091.0 118766.0 125881.0 129542.0 113426.0 110933.0 111838.0 116972.0 104537.0 101630.0 100648.0 105463.0 128656.0 121664.0 127460.0 111991.0 107713.0 112048.0 100606.0 110427.0 120747.0 102312.0 115899.0 103001.0 93391.0 110605.0 116946.0 114683.0 122536.0 102530.0 108869.0 96690.0
200 102472.0 103982.0 107220.0 121985.0 99520.0 73579.0 98632.0 93034.0 75604.0 57599.0 75420.0 69814.0 123507.0 115411.0 69814.0 95474.0 83210.0 92904.0 70434.0 91843.0 109716.0 79207.0 93544.0 68280.0 60659.0 96545.0 101290.0 93998.0 110717.0 75360.0 68633.0 57128.0
205 35181.0 40487.0 36195.0 64091.0 40456.0 12159.0 39019.0 24065.0 16308.0 7771.0 16541.0 11869.0 81902.0 64741.0 8753.0 32088.0 21764.0 28966.0 14064.0 28189.0 49729.0 20192.0 27822.0 12165.0 9746.0 42477.0 37624.0 29697.0 49988.0 19226.0 12103.0 8952.0
210 3334.0 3682.0 3357.0 6451.0 3825.0 2154.0 3526.0 2718.0 2106.0 1930.0 2158.0 2149.0 11138.0 6674.0 2383.0 3109.0 2399.0 2857.0 2011.0 2829.0 4414.0 2311.0 2966.0 2108.0 1744.0 4153.0 3509.0 2897.0 4590.0 2302.0 2219.0 1888.0
215 2103.0 2089.0 2010.0 2552.0 2014.0 1536.0 1893.0 1854.0 1477.0 1271.0 1448.0 1514.0 2790.0 2446.0 1570.0 1953.0 1649.0 1855.0 1400.0 1749.0 2126.0 1576.0 1863.0 1417.0 1207.0 1971.0 1897.0 1878.0 2215.0 1495.0 1424.0 1207.0
220 1279.0 1342.0 1332.0 1711.0 1305.0 907.0 1275.0 1149.0 851.0 752.0 790.0 887.0 2011.0 1642.0 980.0 1235.0 1037.0 1147.0 811.0 1093.0 1450.0 964.0 1162.0 941.0 675.0 1282.0 1272.0 1173.0 1484.0 963.0 925.0 733.0
225 961.0 892.0 974.0 1128.0 861.0 694.0 842.0 824.0 618.0 562.0 619.0 587.0 1374.0 1129.0 729.0 841.0 718.0 781.0 642.0 814.0 1037.0 705.0 862.0 705.0 478.0 912.0 933.0 800.0 954.0 705.0 732.0 533.0
230 815.0 792.0 816.0 973.0 784.0 406.0 715.0 643.0 397.0 270.0 498.0 369.0 1164.0 983.0 389.0 640.0 568.0 659.0 404.0 635.0 922.0 568.0 677.0 453.0 315.0 820.0 768.0 651.0 923.0 503.0 430.0 308.0
235 534.0 576.0 512.0 802.0 519.0 152.0 490.0 274.0 110.0 57.0 193.0 90.0 971.0 824.0 90.0 379.0 277.0 320.0 131.0 369.0 591.0 264.0 376.0 140.0 72.0 576.0 476.0 363.0 582.0 224.0 144.0 61.0
240 138.0 177.0 92.0 339.0 156.0 31.0 129.0 58.0 17.0 17.0 25.0 15.0 618.0 396.0 11.0 75.0 59.0 71.0 12.0 72.0 241.0 55.0 85.0 16.0 15.0 181.0 122.0 69.0 210.0 25.0 29.0 15.0
245 22.0 26.0 19.0 56.0 32.0 4.0 21.0 19.0 11.0 5.0 10.0 7.0 137.0 71.0 11.0 16.0 17.0 8.0 10.0 14.0 31.0 9.0 18.0 17.0 13.0 44.0 25.0 23.0 36.0 14.0 17.0 8.0
250 14.0 14.0 19.0 20.0 18.0 10.0 16.0 15.0 6.0 4.0 2.0 7.0 31.0 23.0 8.0 14.0 14.0 9.0 9.0 12.0 18.0 9.0 20.0 7.0 3.0 21.0 13.0 13.0 17.0 6.0 8.0 5.0
255 11.0 6.0 6.0 19.0 9.0 3.0 12.0 5.0 3.0 4.0 3.0 5.0 20.0 9.0 6.0 9.0 6.0 9.0 7.0 10.0 10.0 11.0 12.0 7.0 4.0 17.0 3.0 8.0 9.0 3.0 4.0 4.0
260 15.0 13.0 9.0 7.0 10.0 0.0 7.0 7.0 6.0 1.0 5.0 3.0 17.0 9.0 5.0 4.0 5.0 6.0 2.0 9.0 12.0 5.0 5.0 3.0 3.0 10.0 13.0 7.0 5.0 3.0 2.0 3.0
265 7.0 10.0 1.0 14.0 6.0 6.0 5.0 3.0 1.0 1.0 6.0 1.0 11.0 14.0 0.0 3.0 5.0 3.0 2.0 4.0 13.0 2.0 3.0 3.0 2.0 8.0 3.0 5.0 6.0 2.0 0.0 0.0
270 3.0 8.0 4.0 10.0 3.0 0.0 3.0 1.0 0.0 0.0 2.0 0.0 15.0 9.0 0.0 1.0 1.0 4.0 1.0 2.0 6.0 3.0 1.0 0.0 0.0 3.0 5.0 3.0 7.0 0.0 3.0 0.0
275 0.0 2.0 1.0 4.0 1.0 0.0 2.0 1.0 0.0 0.0 0.0 0.0 4.0 1.0 0.0 0.0 0.0 0.0 1.0 0.0 2.0 1.0 1.0 0.0 0.0 1.0 1.0 1.0 3.0 0.0 2.0 1.0
280 0.0 0.0 0.0 2.0 0.0 1.0 0.0 0.0 0.0 0.0 0.0 0.0 3.0 3.0 0.0 0.0 0.0 1.0 1.0 1.0 0.0 1.0 0.0 0.0 0.0 1.0 1.0 0.0 1.0 0.0 2.0 0.0
285 1.0 0.0 0.0 0.0 1.0 0.0 0.0 0.0 0.0 0.0 0.0 0.0 0.0 0.0 0.0 0.0 0.0 0.0 0.0 0.0 0.0 0.0 0.0 0.0 0.0 0.0 0.0 0.0 0.0 0.0 0.0 0.0
290 1.0 0.0 0.0 0.0 0.0 0.0 0.0 0.0 0.0 0.0 0.0 0.0 0.0 2.0 0.0 1.0 0.0 0.0 0.0 0.0 0.0 0.0 0.0 0.0 1.0 0.0 0.0 0.0 0.0 1.0 0.0 0.0
295 0.0 1.0 0.0 1.0 0.0 0.0 0.0 1.0 0.0 0.0 0.0 0.0 0.0 0.0 0.0 1.0 1.0 0.0 0.0 0.0 2.0 0.0 0.0 0.0 0.0 0.0 0.0 0.0 0.0 0.0 0.0 0.0
300 0.0 0.0 1.0 0.0 0.0 0.0 0.0 0.0 0.0 0.0 0.0 0.0 0.0 0.0 1.0 0.0 0.0 0.0 0.0 0.0 0.0 0.0 1.0 0.0 0.0 0.0 1.0 0.0 0.0 0.0 0.0 0.0
305 0.0 0.0 0.0 0.0 0.0 0.0 0.0 0.0 0.0 0.0 0.0 0.0 0.0 0.0 0.0 0.0 0.0 0.0 0.0 0.0 0.0 0.0 0.0 0.0 0.0 0.0 0.0 0.0 0.0 1.0 0.0 0.0
310 0.0 0.0 0.0 0.0 0.0 0.0 0.0 0.0 0.0 0.0 0.0 0.0 0.0 0.0 0.0 0.0 0.0 0.0 0.0 0.0 0.0 0.0 0.0 0.0 0.0 0.0 0.0 0.0 1.0 0.0 0.0 0.0
315 0.0 0.0 0.0 0.0 0.0 0.0 0.0 0.0 0.0 0.0 0.0 0.0 0.0 0.0 0.0 0.0 0.0 0.0 0.0 0.0 0.0 0.0 0.0 0.0 0.0 0.0 1.0 0.0 0.0 0.0 0.0 0.0
320 1.0 0.0 0.0 0.0 0.0 0.0 0.0 0.0 0.0 0.0 0.0 0.0 0.0 0.0 0.0 1.0 0.0 0.0 0.0 0.0 0.0 0.0 0.0 0.0 0.0 0.0 0.0 0.0 0.0 0.0 0.0 2.0
325 0.0 0.0 0.0 0.0 0.0 0.0 0.0 0.0 0.0 0.0 0.0 1.0 0.0 0.0 0.0 0.0 0.0 0.0 0.0 0.0 0.0 0.0 0.0 0.0 0.0 0.0 0.0 0.0 0.0 0.0 0.0 0.0
330 1.0 0.0 1.0 0.0 0.0 0.0 0.0 0.0 0.0 0.0 0.0 0.0 0.0 1.0 0.0 0.0 0.0 0.0 0.0 0.0 0.0 0.0 0.0 0.0 0.0 0.0 0.0 0.0 0.0 0.0 0.0 0.0
335 0.0 0.0 0.0 0.0 0.0 0.0 0.0 0.0 0.0 0.0 0.0 0.0 1.0 0.0 0.0 0.0 0.0 0.0 0.0 0.0 0.0 0.0 0.0 0.0 0.0 0.0 0.0 0.0 0.0 0.0 1.0 0.0
340 0.0 0.0 0.0 0.0 0.0 0.0 0.0 0.0 0.0 0.0 0.0 0.0 0.0 0.0 0.0 0.0 0.0 0.0 0.0 0.0 0.0 0.0 0.0 0.0 0.0 0.0 0.0 0.0 0.0 0.0 0.0 0.0
345 1.0 1.0 0.0 0.0 0.0 0.0 1.0 0.0 0.0 0.0 0.0 1.0 0.0 0.0 0.0 1.0 0.0 0.0 0.0 1.0 0.0 1.0 1.0 1.0 0.0 0.0 1.0 0.0 0.0 0.0 0.0 0.0
350 0.0 0.0 0.0 1.0 0.0 0.0 0.0 0.0 0.0 0.0 0.0 0.0 0.0 0.0 0.0 0.0 0.0 0.0 0.0 0.0 0.0 0.0 0.0 0.0 0.0 0.0 0.0 0.0 0.0 0.0 0.0 0.0
355 0.0 0.0 0.0 0.0 0.0 0.0 0.0 0.0 0.0 0.0 1.0 0.0 0.0 0.0 0.0 0.0 0.0 0.0 0.0 0.0 0.0 0.0 0.0 0.0 1.0 0.0 0.0 0.0 0.0 0.0 0.0 0.0
360 0.0 0.0 0.0 0.0 0.0 0.0 0.0 0.0 0.0 0.0 0.0 0.0 0.0 0.0 1.0 0.0 0.0 0.0 0.0 0.0 0.0 0.0 0.0 0.0 0.0 0.0 0.0 0.0 0.0 0.0 1.0 1.0
365 0.0 1.0 0.0 0.0 0.0 0.0 0.0 1.0 0.0 0.0 0.0 0.0 0.0 0.0 0.0 0.0 0.0 0.0 0.0 0.0 0.0 0.0 1.0 0.0 0.0 0.0 0.0 0.0 0.0 0.0 0.0 0.0
370 0.0 0.0 0.0 0.0 0.0 0.0 0.0 0.0 0.0 0.0 0.0 0.0 0.0 0.0 0.0 0.0 0.0 0.0 0.0 0.0 0.0 0.0 0.0 0.0 0.0 0.0 0.0 1.0 0.0 0.0 0.0 0.0
375 0.0 0.0 0.0 0.0 0.0 0.0 0.0 0.0 1.0 1.0 0.0 0.0 0.0 0.0 0.0 1.0 0.0 0.0 0.0 0.0 0.0 0.0 1.0 0.0 0.0 0.0 0.0 0.0 0.0 0.0 0.0 0.0
380 0.0 0.0 0.0 0.0 1.0 0.0 0.0 0.0 0.0 0.0 1.0 0.0 0.0 0.0 0.0 0.0 0.0 0.0 0.0 0.0 0.0 0.0 0.0 0.0 0.0 0.0 0.0 0.0 0.0 0.0 1.0 0.0
385 0.0 0.0 1.0 0.0 0.0 0.0 0.0 0.0 0.0 0.0 0.0 0.0 0.0 0.0 0.0 0.0 0.0 0.0 0.0 0.0 0.0 0.0 0.0 0.0 0.0 0.0 0.0 0.0 0.0 0.0 0.0 0.0
390 0.0 0.0 0.0 0.0 0.0 0.0 0.0 0.0 0.0 0.0 0.0 0.0 0.0 0.0 0.0 0.0 1.0 0.0 0.0 0.0 0.0 0.0 0.0 0.0 0.0 0.0 0.0 0.0 0.0 0.0 0.0 0.0
395 0.0 0.0 0.0 0.0 0.0 0.0 0.0 0.0 0.0 0.0 0.0 0.0 0.0 0.0 0.0 0.0 0.0 1.0 0.0 0.0 0.0 0.0 0.0 0.0 0.0 0.0 0.0 0.0 0.0 0.0 0.0 0.0
400 0.0 0.0 0.0 0.0 0.0 1.0 0.0 0.0 0.0 0.0 0.0 0.0 0.0 0.0 0.0 0.0 0.0 0.0 0.0 0.0 0.0 0.0 0.0 0.0 0.0 0.0 0.0 0.0 0.0 0.0 0.0 0.0
405 0.0 0.0 0.0 0.0 0.0 0.0 0.0 0.0 0.0 0.0 1.0 0.0 0.0 0.0 0.0 0.0 0.0 0.0 0.0 0.0 0.0 0.0 0.0 0.0 0.0 0.0 0.0 0.0 0.0 0.0 0.0 0.0
410 1.0 0.0 1.0 0.0 0.0 0.0 0.0 0.0 0.0 1.0 0.0 1.0 0.0 1.0 0.0 0.0 0.0 0.0 0.0 1.0 0.0 0.0 0.0 0.0 0.0 0.0 0.0 0.0 0.0 0.0 0.0 0.0
415 0.0 0.0 1.0 0.0 0.0 0.0 0.0 0.0 0.0 0.0 0.0 0.0 0.0 0.0 0.0 0.0 0.0 0.0 0.0 0.0 0.0 0.0 0.0 0.0 0.0 0.0 0.0 0.0 0.0 0.0 0.0 0.0
420 0.0 0.0 0.0 1.0 0.0 0.0 0.0 1.0 1.0 0.0 0.0 0.0 1.0 1.0 0.0 0.0 0.0 0.0 0.0 0.0 0.0 0.0 0.0 0.0 0.0 0.0 0.0 0.0 0.0 0.0 0.0 0.0
425 0.0 0.0 0.0 0.0 0.0 0.0 0.0 0.0 0.0 0.0 0.0 0.0 0.0 0.0 0.0 0.0 0.0 0.0 0.0 0.0 0.0 0.0 1.0 0.0 0.0 0.0 0.0 0.0 0.0 0.0 0.0 0.0
430 0.0 0.0 0.0 0.0 0.0 0.0 0.0 0.0 0.0 0.0 0.0 0.0 0.0 0.0 0.0 0.0 0.0 0.0 0.0 0.0 0.0 0.0 0.0 0.0 0.0 0.0 0.0 0.0 0.0 0.0 0.0 0.0
435 0.0 0.0 0.0 0.0 0.0 0.0 0.0 0.0 0.0 0.0 0.0 0.0 0.0 0.0 0.0 0.0 0.0 0.0 0.0 0.0 0.0 0.0 0.0 0.0 0.0 0.0 0.0 0.0 0.0 0.0 0.0 0.0
440 0.0 0.0 0.0 0.0 0.0 0.0 0.0 0.0 0.0 0.0 0.0 0.0 0.0 0.0 0.0 0.0 0.0 0.0 0.0 0.0 0.0 0.0 0.0 0.0 0.0 0.0 0.0 0.0 0.0 0.0 0.0 0.0
445 0.0 0.0 0.0 1.0 0.0 0.0 0.0 0.0 0.0 0.0 1.0 0.0 0.0 0.0 0.0 0.0 0.0 0.0 0.0 0.0 0.0 0.0 0.0 0.0 0.0 0.0 0.0 0.0 0.0 0.0 0.0 0.0
450 0.0 0.0 0.0 0.0 0.0 0.0 0.0 0.0 0.0 0.0 0.0 0.0 0.0 1.0 0.0 0.0 0.0 0.0 0.0 0.0 0.0 0.0 0.0 0.0 0.0 0.0 0.0 0.0 0.0 0.0 0.0 0.0
455 0.0 0.0 0.0 0.0 0.0 0.0 0.0 0.0 0.0 0.0 0.0 0.0 0.0 0.0 1.0 0.0 0.0 0.0 0.0 0.0 0.0 0.0 0.0 0.0 0.0 0.0 0.0 0.0 0.0 0.0 0.0 0.0
460 0.0 0.0 0.0 0.0 0.0 0.0 0.0 0.0 0.0 0.0 0.0 0.0 0.0 0.0 0.0 0.0 1.0 0.0 0.0 0.0 0.0 0.0 0.0 0.0 0.0 0.0 0.0 0.0 0.0 0.0 1.0 0.0
465 0.0 0.0 0.0 1.0 0.0 0.0 0.0 0.0 0.0 0.0 0.0 0.0 0.0 0.0 0.0 0.0 0.0 0.0 0.0 0.0 0.0 0.0 0.0 0.0 0.0 0.0 1.0 0.0 0.0 0.0 0.0 0.0
470 0.0 0.0 0.0 0.0 0.0 0.0 1.0 0.0 0.0 0.0 0.0 0.0 0.0 0.0 0.0 0.0 0.0 0.0 0.0 0.0 0.0 0.0 1.0 0.0 0.0 0.0 0.0 0.0 0.0 0.0 0.0 0.0
475 1.0 0.0 0.0 0.0 0.0 0.0 0.0 0.0 0.0 0.0 0.0 0.0 0.0 0.0 0.0 0.0 0.0 0.0 0.0 0.0 0.0 0.0 0.0 0.0 0.0 0.0 0.0 0.0 0.0 0.0 0.0 0.0
480 0.0 0.0 0.0 0.0 0.0 0.0 0.0 0.0 0.0 0.0 0.0 0.0 0.0 0.0 0.0 0.0 0.0 0.0 0.0 0.0 0.0 0.0 0.0 0.0 0.0 0.0 0.0 0.0 0.0 0.0 0.0 0.0
485 0.0 0.0 0.0 0.0 0.0 0.0 0.0 0.0 0.0 0.0 0.0 0.0 0.0 0.0 0.0 0.0 0.0 0.0 0.0 0.0 0.0 0.0 0.0 0.0 0.0 0.0 0.0 0.0 0.0 0.0 0.0 0.0
490 0.0 0.0 0.0 0.0 0.0 0.0 0.0 0.0 0.0 0.0 0.0 0.0 0.0 0.0 0.0 0.0 0.0 0.0 0.0 0.0 0.0 0.0 0.0 0.0 0.0 0.0 0.0 0.0 0.0 0.0 0.0 0.0
495 0.0 0.0 0.0 0.0 0.0 0.0 0.0 0.0 0.0 0.0 0.0 0.0 0.0 0.0 0.0 0.0 0.0 0.0 0.0 0.0 0.0 0.0 0.0 0.0 0.0 0.0 0.0 0.0 0.0 0.0 0.0 0.0
