100 0.0 0.0 0.0 0.0 0.0 0.0 0.0 0.0 0.0 0.0 1.0 0.0 0.0 0.0 1.0 1.0 0.0 1.0 1.0 0.0 0.0 0.0 0.0 1.0 0.0 0.0 0.0 1.0 0.0 1.0 2.0 0.0
105 0.0 1.0 0.0 0.0 0.0 0.0 0.0 0.0 1.0 1.0 0.0 0.0 0.0 0.0 0.0 0.0 0.0 0.0 0.0 1.0 0.0 2.0 0.0 0.0 0.0 0.0 0.0 1.0 0.0 1.0 1.0 0.0
110 2.0 0.0 2.0 0.0 1.0 0.0 0.0 1.0 0.0 0.0 0.0 0.0 0.0 0.0 1.0 0.0 0.0 0.0 1.0 0.0 0.0 0.0 0.0 0.0 0.0 2.0 0.0 0.0 0.0 0.0 1.0 0.0
115 1.0 1.0 1.0 0.0 0.0 2.0 3.0 1.0 0.0 0.0 0.0 1.0 4.0 0.0 2.0 2.0 0.0 0.0 2.0 0.0 2.0 0.0 1.0 0.0 2.0 1.0 0.0 1.0 0.0 1.0 0.0 0.0
120 3.0 0.0 1.0 0.0 4.0 0.0 5.0 3.0 1.0 3.0 0.0 4.0 2.0 3.0 13.0 0.0 0.0 2.0 1.0 0.0 1.0 2.0 2.0 3.0 2.0 9.0 1.0 9.0 1.0 2.0 1.0 1.0
125 18.0 9.0 9.0 18.0 21.0 23.0 33.0 16.0 18.0 13.0 25.0 30.0 12.0 15.0 60.0 6.0 21.0 8.0 21.0 6.0 19.0 15.0 11.0 23.0 7.0 44.0 11.0 65.0 4.0 8.0 8.0 33.0
130 100.0 46.0 56.0 74.0 92.0 72.0 98.0 75.0 71.0 78.0 111.0 104.0 69.0 75.0 204.0 67.0 63.0 56.0 72.0 58.0 92.0 80.0 63.0 97.0 57.0 166.0 55.0 198.0 62.0 82.0 32.0 102.0
135 1158.0 581.0 713.0 994.0 1153.0 1086.0 1189.0 1001.0 773.0 1149.0 1293.0 1390.0 787.0 763.0 2441.0 631.0 1254.0 514.0 1005.0 742.0 1259.0 934.0 833.0 1506.0 808.0 2362.0 1021.0 2465.0 768.0 1024.0 433.0 1353.0
140 5653.0 3929.0 4235.0 4874.0 4990.0 5782.0 5268.0 5409.0 5147.0 6678.0 5918.0 5841.0 4731.0 5415.0 7750.0 4682.0 6242.0 3717.0 5203.0 4583.0 5546.0 5281.0 5145.0 7657.0 5327.0 9603.0 6890.0 9094.0 5299.0 6630.0 3926.0 6250.0
145 17701123.0 17699098.0 17694041.0 17688788.0 17694667.0 17689218.0 17692222.0 17688481.0 17691281.0 17689825.0 17693066.0 17688844.0 17693160.0 17692397.0 17692585.0 17687568.0 17693693.0 17690354.0 17692396.0 17690361.0 17688225.0 17690964.0 17687028.0 17692034.0 17688023.0 17692949.0 17687881.0 17691133.0 17687450.0 17691909.0 17691294.0 17693760.0
150 18174574.0 18171797.0 18165675.0 18152766.0 18163247.0 18151774.0 18161339.0 18152315.0 18159155.0 18151132.0 18160461.0 18152459.0 18161925.0 18159995.0 18158929.0 18152482.0 18159486.0 18158952.0 18158612.0 18155498.0 18150550.0 18157485.0 18150158.0 18154955.0 18150477.0 18156105.0 18149702.0 18155797.0 18149722.0 18155226.0 18157656.0 18159372.0
155 18544464.0 18543071.0 18538492.0 18530890.0 18536951.0 18530505.0 18535423.0 18530855.0 18534171.0 18530163.0 18535087.0 18530956.0 18536032.0 18534863.0 18534204.0 18530588.0 18534745.0 18534196.0 18533917.0 18532474.0 18529502.0 18533452.0 18529149.0 18532193.0 18529415.0 18532886.0 18528964.0 18532822.0 18529027.0 18532551.0 18533802.0 18534568.0
160 18454677.0 18454839.0 18453272.0 18451149.0 18453508.0 18450559.0 18452938.0 18450886.0 18451859.0 18450187.0 18452700.0 18450933.0 18452807.0 18451774.0 18451416.0 18450893.0 18451965.0 18451734.0 18452076.0 18451019.0 18449719.0 18451064.0 18449545.0 18450409.0 18449611.0 18450797.0 18449472.0 18450757.0 18449530.0 18450440.0 18451239.0 18451720.0
165 18653793.0 18654413.0 18649148.0 18639176.0 18648929.0 18632060.0 18648152.0 18635996.0 18644530.0 18628541.0 18647961.0 18637387.0 18650291.0 18642807.0 18643745.0 18638747.0 18643912.0 18642148.0 18641216.0 18637339.0 18629654.0 18636841.0 18629239.0 18632070.0 18629322.0 18632262.0 18628344.0 18632222.0 18628409.0 18630670.0 18633471.0 18633573.0
170 11212856.0 11183818.0 11213439.0 11281247.0 11338728.0 11085694.0 11530355.0 11438649.0 11445020.0 10869991.0 11526290.0 11632221.0 11663944.0 11208626.0 11486581.0 12002642.0 11302698.0 11695769.0 11427756.0 11323461.0 11173057.0 11441052.0 11161947.0 10858562.0 11241395.0 10836914.0 10937903.0 10953258.0 10936063.0 10821860.0 11144907.0 11065669.0
175 8984739.0 8947694.0 9027076.0 9376212.0 9150473.0 9178090.0 9339777.0 9500928.0 9258641.0 8910928.0 9316491.0 9619724.0 9409133.0 9006026.0 9275056.0 9951812.0 9074675.0 9491496.0 9216042.0 9126895.0 9169881.0 9262336.0 9171269.0 8674308.0 9273817.0 8640160.0 8986711.0 8753208.0 8973325.0 8646689.0 8919258.0 8844298.0
180 95693.0 84212.0 89508.0 100917.0 95963.0 90701.0 126201.0 116054.0 119380.0 81607.0 117908.0 115012.0 106532.0 102681.0 113772.0 139106.0 96080.0 125525.0 115648.0 109589.0 83277.0 124845.0 89158.0 88306.0 98349.0 101128.0 96606.0 111589.0 87939.0 96485.0 103947.0 108553.0
185 74665.0 62515.0 65801.0 64855.0 65577.0 68747.0 75297.0 74827.0 79814.0 70185.0 75664.0 73725.0 67797.0 78841.0 80921.0 74206.0 73037.0 67608.0 68755.0 72882.0 64674.0 75541.0 70283.0 70604.0 72690.0 79909.0 78289.0 86452.0 70964.0 73628.0 64695.0 73331.0
190 74734.0 62103.0 65363.0 65091.0 65325.0 68241.0 75303.0 74611.0 79456.0 69933.0 75404.0 73384.0 67476.0 77990.0 79604.0 73946.0 72450.0 67000.0 68555.0 72581.0 64401.0 75080.0 69998.0 69935.0 71591.0 79797.0 77415.0 86337.0 69771.0 72378.0 63295.0 73677.0
195 73922.0 57960.0 64155.0 63468.0 65006.0 66409.0 75267.0 72840.0 78258.0 64319.0 74783.0 72512.0 65555.0 72811.0 80076.0 70936.0 69681.0 66055.0 67643.0 66905.0 62130.0 73818.0 66967.0 67414.0 66840.0 77757.0 68222.0 85808.0 61748.0 65813.0 53040.0 71323.0
200 56035.0 30274.0 48150.0 50542.0 59803.0 43894.0 71155.0 54084.0 63154.0 31570.0 65727.0 63076.0 50190.0 40747.0 74696.0 46579.0 45179.0 52691.0 52252.0 37551.0 43220.0 57628.0 40464.0 43293.0 35176.0 60171.0 27253.0 78700.0 24941.0 31630.0 19071.0 56739.0
205 12878.0 3773.0 11070.0 14164.0 25895.0 6979.0 40307.0 11206.0 15907.0 3730.0 23301.0 21510.0 10781.0 6713.0 43197.0 7742.0 7966.0 14019.0 12193.0 5986.0 7836.0 14235.0 6375.0 6957.0 4437.0 21492.0 3007.0 38533.0 2821.0 3959.0 2134.0 18188.0
210 1866.0 1303.0 1693.0 1821.0 2737.0 1601.0 4555.0 1768.0 2120.0 1459.0 2445.0 2327.0 1704.0 1781.0 5810.0 1762.0 1675.0 1810.0 1778.0 1569.0 1545.0 2060.0 1639.0 1621.0 1503.0 2899.0 1617.0 4344.0 1430.0 1476.0 1166.0 2274.0
215 1399.0 870.0 1180.0 1318.0 1492.0 1204.0 1787.0 1385.0 1567.0 1091.0 1620.0 1592.0 1194.0 1262.0 2050.0 1300.0 1308.0 1282.0 1301.0 1214.0 1128.0 1445.0 1169.0 1312.0 1134.0 1527.0 1171.0 2108.0 962.0 1103.0 812.0 1453.0
220 1057.0 717.0 865.0 920.0 1113.0 920.0 1337.0 964.0 1142.0 828.0 1183.0 1072.0 883.0 1080.0 1494.0 989.0 943.0 950.0 894.0 896.0 819.0 1066.0 927.0 921.0 912.0 1153.0 884.0 1605.0 872.0 792.0 677.0 1098.0
225 914.0 607.0 789.0 791.0 896.0 794.0 1017.0 860.0 945.0 773.0 992.0 916.0 801.0 938.0 1214.0 825.0 836.0 785.0 828.0 802.0 705.0 904.0 811.0 891.0 802.0 1023.0 887.0 1270.0 737.0 743.0 614.0 959.0
230 884.0 587.0 758.0 731.0 814.0 769.0 992.0 864.0 932.0 794.0 916.0 875.0 719.0 899.0 1104.0 824.0 863.0 788.0 763.0 795.0 735.0 910.0 774.0 786.0 791.0 955.0 849.0 1266.0 693.0 722.0 574.0 852.0
235 833.0 511.0 691.0 705.0 748.0 714.0 924.0 727.0 879.0 610.0 881.0 847.0 747.0 769.0 1103.0 739.0 741.0 731.0 732.0 626.0 656.0 830.0 702.0 688.0 636.0 864.0 631.0 1166.0 505.0 598.0 396.0 862.0
240 665.0 293.0 535.0 572.0 732.0 532.0 868.0 575.0 682.0 327.0 799.0 766.0 542.0 429.0 1028.0 510.0 545.0 557.0 595.0 337.0 525.0 667.0 430.0 533.0 358.0 774.0 236.0 1067.0 184.0 280.0 111.0 710.0
245 323.0 61.0 239.0 297.0 536.0 170.0 731.0 243.0 416.0 96.0 558.0 491.0 236.0 163.0 891.0 153.0 237.0 273.0 254.0 92.0 199.0 298.0 139.0 214.0 76.0 469.0 38.0 937.0 37.0 61.0 23.0 429.0
250 98.0 12.0 55.0 69.0 209.0 36.0 373.0 59.0 76.0 21.0 161.0 142.0 38.0 30.0 553.0 27.0 54.0 64.0 57.0 20.0 48.0 67.0 31.0 36.0 37.0 203.0 19.0 523.0 15.0 17.0 13.0 136.0
255 29.0 16.0 13.0 14.0 36.0 24.0 94.0 20.0 22.0 16.0 33.0 34.0 22.0 12.0 168.0 19.0 11.0 15.0 20.0 19.0 14.0 23.0 26.0 22.0 21.0 48.0 20.0 107.0 18.0 23.0 14.0 38.0
260 23.0 13.0 20.0 22.0 13.0 19.0 17.0 9.0 25.0 9.0 31.0 22.0 25.0 17.0 48.0 16.0 15.0 16.0 14.0 19.0 22.0 15.0 21.0 9.0 15.0 30.0 12.0 34.0 15.0 22.0 9.0 24.0
265 14.0 7.0 10.0 14.0 22.0 14.0 29.0 10.0 18.0 13.0 15.0 10.0 13.0 10.0 27.0 21.0 11.0 13.0 17.0 15.0 20.0 17.0 15.0 16.0 13.0 13.0 21.0 28.0 16.0 11.0 11.0 18.0
270 17.0 13.0 8.0 10.0 10.0 14.0 20.0 17.0 18.0 12.0 16.0 13.0 16.0 13.0 24.0 17.0 16.0 9.0 6.0 6.0 12.0 21.0 8.0 18.0 9.0 20.0 16.0 25.0 9.0 12.0 9.0 21.0
275 12.0 5.0 9.0 10.0 12.0 15.0 19.0 12.0 13.0 9.0 26.0 17.0 16.0 12.0 27.0 19.0 11.0 10.0 8.0 13.0 14.0 13.0 6.0 15.0 7.0 17.0 7.0 32.0 12.0 6.0 2.0 16.0
280 10.0 4.0 12.0 10.0 12.0 13.0 19.0 10.0 13.0 11.0 18.0 17.0 12.0 12.0 16.0 11.0 5.0 5.0 7.0 3.0 10.0 15.0 12.0 7.0 8.0 14.0 5.0 24.0 5.0 4.0 4.0 15.0
285 6.0 2.0 8.0 7.0 16.0 9.0 20.0 6.0 6.0 4.0 14.0 16.0 9.0 4.0 22.0 3.0 5.0 4.0 6.0 2.0 7.0 11.0 0.0 9.0 1.0 6.0 0.0 23.0 1.0 2.0 0.0 10.0
290 3.0 0.0 7.0 3.0 3.0 2.0 19.0 0.0 2.0 1.0 6.0 8.0 0.0 0.0 18.0 2.0 2.0 5.0 4.0 3.0 0.0 5.0 2.0 5.0 0.0 6.0 0.0 21.0 0.0 0.0 1.0 3.0
295 1.0 1.0 0.0 2.0 4.0 1.0 3.0 1.0 0.0 0.0 4.0 2.0 0.0 0.0 9.0 1.0 1.0 0.0 1.0 2.0 2.0 1.0 1.0 0.0 1.0 5.0 0.0 13.0 0.0 0.0 0.0 0.0
300 0.0 0.0 1.0 0.0 0.0 0.0 1.0 0.0 0.0 3.0 3.0 1.0 1.0 0.0 8.0 0.0 0.0 0.0 2.0 0.0 0.0 0.0 1.0 2.0 0.0 1.0 0.0 3.0 1.0 1.0 0.0 1.0
305 1.0 0.0 0.0 0.0 0.0 2.0 3.0 1.0 1.0 0.0 1.0 0.0 0.0 0.0 0.0 0.0 1.0 1.0 0.0 1.0 0.0 1.0 3.0 0.0 0.0 0.0 0.0 3.0 0.0 0.0 0.0 1.0
310 0.0 0.0 0.0 1.0 0.0 0.0 1.0 2.0 0.0 2.0 3.0 1.0 3.0 2.0 0.0 0.0 0.0 1.0 0.0 0.0 0.0 0.0 1.0 1.0 1.0 1.0 0.0 0.0 0.0 0.0 0.0 1.0
315 0.0 1.0 0.0 1.0 0.0 0.0 0.0 0.0 0.0 0.0 1.0 1.0 0.0 2.0 1.0 1.0 1.0 2.0 2.0 1.0 1.0 0.0 0.0 0.0 1.0 1.0 1.0 0.0 0.0 0.0 0.0 0.0
320 1.0 0.0 0.0 0.0 0.0 1.0 1.0 1.0 0.0 0.0 0.0 0.0 0.0 0.0 0.0 1.0 1.0 1.0 0.0 0.0 0.0 0.0 1.0 1.0 0.0 0.0 1.0 0.0 0.0 0.0 0.0 0.0
325 1.0 0.0 0.0 0.0 1.0 0.0 1.0 2.0 1.0 0.0 0.0 1.0 0.0 2.0 0.0 0.0 1.0 1.0 0.0 0.0 0.0 0.0 1.0 0.0 1.0 0.0 0.0 0.0 0.0 0.0 0.0 0.0
330 0.0 0.0 0.0 1.0 0.0 0.0 1.0 0.0 0.0 0.0 0.0 0.0 0.0 0.0 0.0 0.0 0.0 1.0 0.0 1.0 0.0 0.0 1.0 3.0 1.0 1.0 0.0 0.0 0.0 0.0 0.0 0.0
335 0.0 0.0 0.0 0.0 0.0 0.0 0.0 0.0 1.0 0.0 0.0 1.0 0.0 0.0 1.0 1.0 1.0 0.0 0.0 0.0 0.0 2.0 0.0 0.0 0.0 0.0 1.0 0.0 0.0 0.0 0.0 0.0
340 0.0 0.0 0.0 0.0 0.0 0.0 0.0 1.0 0.0 0.0 0.0 0.0 0.0 1.0 0.0 1.0 1.0 0.0 0.0 0.0 0.0 2.0 0.0 0.0 0.0 0.0 1.0 1.0 0.0 0.0 0.0 0.0
345 0.0 0.0 0.0 0.0 0.0 1.0 0.0 0.0 0.0 1.0 2.0 0.0 1.0 0.0 1.0 0.0 0.0 0.0 0.0 1.0 1.0 0.0 0.0 2.0 1.0 1.0 0.0 1.0 0.0 1.0 1.0 0.0
350 0.0 1.0 0.0 0.0 2.0 0.0 0.0 1.0 1.0 0.0 0.0 0.0 0.0 0.0 0.0 0.0 0.0 0.0 0.0 0.0 0.0 0.0 0.0 1.0 0.0 0.0 0.0 0.0 0.0 0.0 2.0 0.0
355 0.0 0.0 1.0 0.0 0.0 0.0 0.0 0.0 0.0 0.0 0.0 2.0 1.0 2.0 0.0 0.0 1.0 1.0 0.0 1.0 0.0 0.0 1.0 0.0 1.0 1.0 0.0 0.0 0.0 0.0 0.0 0.0
360 0.0 0.0 1.0 0.0 1.0 0.0 0.0 0.0 0.0 0.0 1.0 1.0 0.0 0.0 0.0 0.0 0.0 1.0 0.0 1.0 0.0 0.0 0.0 0.0 0.0 0.0 0.0 1.0 0.0 0.0 0.0 0.0
365 0.0 0.0 0.0 0.0 0.0 1.0 0.0 0.0 0.0 0.0 0.0 0.0 0.0 1.0 1.0 2.0 0.0 1.0 0.0 0.0 1.0 0.0 1.0 1.0 1.0 0.0 0.0 0.0 0.0 0.0 0.0 0.0
370 1.0 0.0 0.0 0.0 1.0 1.0 0.0 0.0 0.0 0.0 0.0 0.0 0.0 0.0 0.0 0.0 0.0 0.0 1.0 0.0 1.0 1.0 2.0 0.0 0.0 1.0 1.0 0.0 1.0 0.0 0.0 0.0
375 0.0 0.0 0.0 0.0 0.0 0.0 0.0 1.0 0.0 0.0 1.0 0.0 0.0 0.0 0.0 0.0 1.0 0.0 0.0 1.0 0.0 0.0 0.0 0.0 0.0 0.0 0.0 0.0 0.0 0.0 0.0 0.0
380 0.0 2.0 0.0 0.0 0.0 0.0 0.0 0.0 0.0 1.0 0.0 0.0 0.0 0.0 0.0 0.0 0.0 0.0 0.0 0.0 0.0 0.0 0.0 0.0 0.0 0.0 0.0 0.0 0.0 0.0 0.0 1.0
385 0.0 0.0 0.0 0.0 0.0 0.0 0.0 1.0 1.0 1.0 0.0 0.0 0.0 1.0 0.0 0.0 0.0 0.0 0.0 0.0 0.0 0.0 0.0 1.0 0.0 0.0 0.0 0.0 0.0 1.0 0.0 0.0
390 0.0 0.0 0.0 1.0 1.0 0.0 1.0 0.0 0.0 0.0 0.0 1.0 0.0 1.0 0.0 0.0 0.0 0.0 0.0 0.0 1.0 0.0 0.0 0.0 1.0 0.0 0.0 0.0 1.0 0.0 0.0 0.0
395 0.0 0.0 0.0 0.0 0.0 0.0 0.0 0.0 0.0 0.0 0.0 1.0 0.0 0.0 0.0 0.0 0.0 1.0 1.0 0.0 0.0 1.0 0.0 0.0 0.0 0.0 0.0 0.0 0.0 0.0 0.0 0.0
400 0.0 0.0 0.0 0.0 0.0 0.0 0.0 0.0 0.0 1.0 0.0 0.0 0.0 0.0 0.0 1.0 0.0 2.0 0.0 1.0 1.0 0.0 1.0 1.0 1.0 0.0 0.0 1.0 0.0 2.0 1.0 1.0
405 0.0 0.0 0.0 0.0 0.0 0.0 0.0 0.0 0.0 0.0 0.0 1.0 0.0 0.0 0.0 0.0 0.0 0.0 0.0 0.0 2.0 0.0 0.0 0.0 0.0 2.0 0.0 0.0 0.0 0.0 0.0 1.0
410 0.0 0.0 0.0 1.0 0.0 0.0 0.0 0.0 0.0 0.0 0.0 0.0 1.0 0.0 0.0 0.0 0.0 0.0 1.0 1.0 0.0 0.0 1.0 1.0 1.0 0.0 0.0 0.0 0.0 0.0 0.0 0.0
415 1.0 0.0 0.0 0.0 0.0 1.0 0.0 0.0 0.0 0.0 0.0 0.0 0.0 0.0 0.0 0.0 0.0 0.0 0.0 0.0 1.0 0.0 0.0 0.0 0.0 0.0 0.0 0.0 0.0 0.0 0.0 0.0
420 0.0 0.0 0.0 0.0 0.0 0.0 0.0 0.0 0.0 0.0 0.0 0.0 0.0 0.0 0.0 0.0 0.0 0.0 0.0 0.0 1.0 1.0 0.0 0.0 0.0 0.0 0.0 0.0 0.0 0.0 0.0 1.0
425 0.0 0.0 0.0 1.0 0.0 0.0 0.0 0.0 0.0 0.0 0.0 0.0 0.0 0.0 0.0 1.0 0.0 0.0 0.0 0.0 0.0 0.0 0.0 0.0 0.0 0.0 1.0 1.0 0.0 0.0 0.0 0.0
430 0.0 0.0 0.0 0.0 0.0 0.0 0.0 0.0 0.0 0.0 0.0 1.0 1.0 0.0 0.0 1.0 0.0 0.0 0.0 0.0 0.0 0.0 0.0 0.0 0.0 0.0 0.0 0.0 0.0 0.0 0.0 0.0
435 0.0 0.0 1.0 0.0 0.0 0.0 0.0 0.0 0.0 0.0 0.0 0.0 1.0 1.0 0.0 1.0 0.0 0.0 0.0 0.0 0.0 0.0 2.0 0.0 1.0 0.0 0.0 0.0 0.0 0.0 0.0 0.0
440 0.0 0.0 0.0 0.0 0.0 0.0 0.0 0.0 1.0 0.0 0.0 2.0 0.0 1.0 0.0 0.0 0.0 1.0 0.0 0.0 0.0 0.0 1.0 1.0 0.0 0.0 1.0 0.0 0.0 0.0 0.0 0.0
445 0.0 0.0 1.0 0.0 0.0 0.0 0.0 0.0 0.0 0.0 1.0 0.0 0.0 0.0 0.0 0.0 0.0 0.0 0.0 0.0 0.0 1.0 0.0 0.0 0.0 1.0 0.0 0.0 0.0 0.0 0.0 0.0
450 0.0 0.0 0.0 0.0 0.0 1.0 0.0 0.0 0.0 0.0 1.0 0.0 0.0 0.0 0.0 0.0 0.0 0.0 1.0 1.0 0.0 0.0 0.0 0.0 0.0 0.0 0.0 0.0 0.0 0.0 1.0 0.0
455 0.0 0.0 0.0 0.0 2.0 1.0 1.0 0.0 1.0 0.0 0.0 0.0 1.0 0.0 0.0 0.0 0.0 0.0 0.0 0.0 0.0 0.0 0.0 0.0 0.0 0.0 0.0 1.0 1.0 1.0 0.0 0.0
460 1.0 0.0 2.0 1.0 0.0 0.0 0.0 0.0 0.0 0.0 0.0 1.0 0.0 0.0 0.0 0.0 0.0 0.0 0.0 0.0 0.0 0.0 0.0 0.0 0.0 0.0 0.0 0.0 0.0 0.0 0.0 0.0
465 0.0 0.0 0.0 0.0 0.0 0.0 0.0 0.0 0.0 0.0 0.0 0.0 0.0 0.0 0.0 0.0 0.0 0.0 0.0 0.0 0.0 0.0 0.0 0.0 0.0 0.0 0.0 0.0 0.0 0.0 0.0 0.0
470 0.0 0.0 0.0 0.0 0.0 0.0 0.0 0.0 0.0 0.0 0.0 0.0 0.0 0.0 0.0 0.0 0.0 1.0 0.0 0.0 0.0 1.0 0.0 0.0 1.0 0.0 0.0 0.0 0.0 0.0 0.0 0.0
475 0.0 0.0 0.0 0.0 0.0 0.0 0.0 0.0 0.0 0.0 0.0 0.0 0.0 1.0 0.0 1.0 0.0 0.0 0.0 0.0 0.0 0.0 1.0 0.0 0.0 0.0 1.0 0.0 0.0 0.0 0.0 0.0
480 0.0 0.0 0.0 0.0 0.0 0.0 1.0 0.0 0.0 0.0 0.0 0.0 1.0 0.0 0.0 0.0 0.0 0.0 0.0 0.0 0.0 0.0 0.0 0.0 0.0 0.0 0.0 0.0 0.0 0.0 0.0 2.0
485 0.0 0.0 0.0 0.0 1.0 0.0 0.0 0.0 0.0 1.0 0.0 0.0 0.0 0.0 0.0 0.0 0.0 0.0 0.0 0.0 0.0 0.0 0.0 0.0 0.0 0.0 0.0 1.0 0.0 0.0 0.0 0.0
490 0.0 0.0 0.0 1.0 0.0 0.0 1.0 0.0 1.0 0.0 0.0 0.0 0.0 0.0 0.0 0.0 1.0 0.0 0.0 0.0 1.0 1.0 0.0 0.0 0.0 0.0 0.0 0.0 1.0 0.0 0.0 0.0
495 0.0 0.0 0.0 0.0 0.0 1.0 1.0 0.0 0.0 0.0 0.0 0.0 0.0 0.0 0.0 0.0 0.0 0.0 0.0 0.0 0.0 0.0 0.0 0.0 0.0 0.0 0.0 0.0 0.0 0.0 0.0 1.0
