100 0.0 0.0 0.0 0.0 0.0 0.0 0.0 0.0 0.0 0.0 0.0 0.0 0.0 0.0 0.0 0.0 0.0 0.0 0.0 0.0 0.0 0.0 0.0 0.0 0.0 0.0 0.0 0.0 0.0 0.0 0.0 0.0
105 0.0 0.0 0.0 0.0 0.0 0.0 0.0 0.0 0.0 0.0 0.0 0.0 0.0 0.0 1.0 0.0 0.0 0.0 0.0 0.0 0.0 0.0 0.0 0.0 0.0 0.0 0.0 0.0 0.0 1.0 1.0 0.0
110 0.0 0.0 0.0 0.0 0.0 0.0 1.0 0.0 0.0 0.0 0.0 0.0 0.0 0.0 0.0 1.0 0.0 0.0 0.0 0.0 0.0 0.0 0.0 0.0 0.0 0.0 0.0 0.0 0.0 0.0 1.0 0.0
115 0.0 0.0 0.0 0.0 0.0 0.0 0.0 0.0 0.0 0.0 0.0 0.0 0.0 0.0 0.0 0.0 0.0 0.0 0.0 0.0 1.0 0.0 0.0 0.0 0.0 1.0 1.0 0.0 0.0 0.0 0.0 0.0
120 1.0 0.0 1.0 0.0 0.0 0.0 1.0 0.0 2.0 0.0 1.0 1.0 0.0 1.0 0.0 0.0 0.0 0.0 0.0 0.0 0.0 0.0 0.0 3.0 0.0 3.0 0.0 0.0 0.0 0.0 1.0 1.0
125 0.0 0.0 1.0 3.0 0.0 4.0 0.0 1.0 1.0 1.0 2.0 2.0 2.0 0.0 1.0 3.0 4.0 0.0 0.0 2.0 1.0 1.0 1.0 6.0 2.0 0.0 2.0 1.0 5.0 1.0 2.0 0.0
130 2.0 2.0 9.0 20.0 1.0 9.0 12.0 10.0 24.0 3.0 26.0 55.0 30.0 11.0 44.0 57.0 22.0 14.0 18.0 18.0 1.0 16.0 6.0 40.0 6.0 27.0 19.0 16.0 15.0 16.0 35.0 3.0
135 17.0 52.0 76.0 119.0 31.0 78.0 84.0 84.0 133.0 40.0 170.0 191.0 157.0 110.0 192.0 175.0 129.0 119.0 96.0 142.0 58.0 100.0 56.0 177.0 43.0 114.0 86.0 99.0 139.0 90.0 186.0 71.0
140 171.0 473.0 894.0 1499.0 373.0 768.0 812.0 1059.0 1383.0 478.0 1799.0 2204.0 1604.0 1282.0 2186.0 2380.0 1472.0 1233.0 1050.0 1811.0 704.0 1029.0 517.0 2552.0 355.0 1463.0 1067.0 1047.0 1579.0 1105.0 2350.0 504.0
145 4477.0 6784.0 7757.0 8567.0 4884.0 6349.0 6740.0 7630.0 8867.0 5275.0 11544.0 9750.0 8881.0 8765.0 10617.0 10787.0 9981.0 9415.0 7791.0 11420.0 7506.0 8009.0 5439.0 13998.0 4572.0 8602.0 8285.0 7447.0 9872.0 8126.0 14081.0 5921.0
150 17402945.0 17400861.0 17397132.0 17383280.0 17396870.0 17382636.0 17392435.0 17384184.0 17391469.0 17384634.0 17395593.0 17383172.0 17397784.0 17395958.0 17393519.0 17383340.0 17393098.0 17393964.0 17392515.0 17390023.0 17384135.0 17392277.0 17382211.0 17388456.0 17382600.0 17390922.0 17380483.0 17387759.0 17380386.0 17387869.0 17391957.0 17391343.0
155 17869533.0 17870951.0 17863819.0 17849570.0 17861317.0 17849251.0 17855991.0 17849485.0 17854172.0 17849663.0 17856476.0 17849599.0 17857500.0 17855886.0 17854686.0 17849721.0 17854639.0 17854704.0 17854175.0 17853856.0 17849473.0 17854035.0 17849209.0 17853184.0 17849500.0 17853999.0 17848844.0 17852630.0 17848831.0 17853070.0 17858202.0 17856400.0
160 18718109.0 18705735.0 18701881.0 18692562.0 18701646.0 18692144.0 18699190.0 18692466.0 18697998.0 18692755.0 18699526.0 18691849.0 18702144.0 18700556.0 18698893.0 18691659.0 18698702.0 18699699.0 18698237.0 18697728.0 18692043.0 18698485.0 18691667.0 18696245.0 18692002.0 18697785.0 18691233.0 18696041.0 18691257.0 18696022.0 18698791.0 18697076.0
165 19079565.0 19075399.0 19071696.0 19067633.0 19072204.0 19066176.0 19071337.0 19066627.0 19071323.0 19066113.0 19073875.0 19065260.0 19075551.0 19072955.0 19072141.0 19064885.0 19070772.0 19072768.0 19070600.0 19069883.0 19064253.0 19071177.0 19063728.0 19067520.0 19064067.0 19069724.0 19063492.0 19067905.0 19063504.0 19067216.0 19068926.0 19069136.0
170 18623737.0 18687825.0 18637254.0 18441712.0 18619629.0 18447629.0 18577123.0 18428603.0 18548387.0 18450416.0 18578813.0 18433619.0 18572556.0 18538294.0 18520460.0 18462282.0 18505174.0 18513899.0 18511628.0 18479202.0 18425059.0 18509843.0 18445511.0 18458486.0 18472986.0 18493241.0 18416680.0 18490487.0 18422472.0 18480745.0 18491490.0 18526607.0
175 10486876.0 10506401.0 10537762.0 10406720.0 10458108.0 10612440.0 10503590.0 10499905.0 10587253.0 10692173.0 10747714.0 10579697.0 10708616.0 10566481.0 10562199.0 10790249.0 10357952.0 10468636.0 10453506.0 10246813.0 10437777.0 10536416.0 10762219.0 10074443.0 11005687.0 10388877.0 10389686.0 10365146.0 10405564.0 10254012.0 10269610.0 10481173.0
180 6338662.0 6236761.0 6294630.0 6283534.0 6205542.0 6445842.0 6266118.0 6335561.0 6343689.0 6488633.0 6483030.0 6394197.0 6423917.0 6306649.0 6332587.0 6564866.0 6131451.0 6213075.0 6210593.0 6053054.0 6243794.0 6284468.0 6507886.0 5929108.0 6707698.0 6158881.0 6215565.0 6148006.0 6242621.0 6055342.0 6081272.0 6202014.0
185 98616.0 141689.0 119199.0 117325.0 96778.0 105717.0 104034.0 112319.0 128319.0 103323.0 160445.0 113878.0 119164.0 116910.0 113112.0 129835.0 121987.0 126860.0 111790.0 116669.0 114060.0 118058.0 99541.0 137371.0 106473.0 113059.0 117574.0 108723.0 118229.0 103399.0 157797.0 110888.0
190 97317.0 144322.0 119289.0 117588.0 95539.0 104943.0 103143.0 111421.0 127207.0 101483.0 159144.0 112821.0 118006.0 116532.0 113044.0 129051.0 121895.0 126020.0 111844.0 117157.0 112821.0 116698.0 98505.0 137390.0 103049.0 112909.0 117090.0 108572.0 117289.0 102232.0 157837.0 109560.0
195 69282.0 138108.0 115748.0 114945.0 86536.0 103106.0 100939.0 109194.0 126791.0 94185.0 157486.0 112260.0 118402.0 115096.0 111467.0 128822.0 117893.0 123278.0 109867.0 114323.0 95587.0 114539.0 96287.0 135128.0 99668.0 111496.0 114221.0 106808.0 114858.0 100204.0 152656.0 106770.0
200 13270.0 75196.0 87166.0 99973.0 34624.0 85880.0 78081.0 80861.0 118083.0 45635.0 143417.0 108282.0 112341.0 99309.0 101577.0 120438.0 87492.0 90674.0 84661.0 82685.0 29838.0 83285.0 72673.0 102496.0 66762.0 94867.0 80901.0 85958.0 86235.0 73301.0 104295.0 76062.0
205 2224.0 7322.0 18722.0 34216.0 3534.0 24811.0 18144.0 16233.0 60128.0 4998.0 56757.0 69644.0 68365.0 33213.0 45134.0 70734.0 20529.0 18325.0 20013.0 14870.0 3212.0 15415.0 16193.0 24139.0 11447.0 29733.0 16388.0 21869.0 18825.0 15025.0 16745.0 14150.0
210 1390.0 2873.0 2913.0 3753.0 1788.0 2930.0 2470.0 2695.0 6276.0 1870.0 5713.0 10582.0 10140.0 3666.0 4997.0 10084.0 3026.0 2982.0 2812.0 2733.0 1973.0 2693.0 2301.0 3552.0 2216.0 3307.0 2717.0 2769.0 2826.0 2344.0 3725.0 2388.0
215 1017.0 2023.0 2059.0 2265.0 1143.0 2003.0 1832.0 1846.0 2873.0 1353.0 3284.0 2669.0 2688.0 2209.0 2362.0 3004.0 2158.0 2247.0 1999.0 1990.0 1331.0 2005.0 1675.0 2537.0 1531.0 2236.0 2003.0 1941.0 2020.0 1686.0 2586.0 1723.0
220 892.0 1469.0 1442.0 1599.0 868.0 1358.0 1221.0 1274.0 2125.0 981.0 2287.0 2005.0 1982.0 1625.0 1705.0 2100.0 1755.0 1555.0 1429.0 1464.0 1094.0 1415.0 1149.0 1878.0 1106.0 1519.0 1522.0 1403.0 1378.0 1207.0 1939.0 1284.0
225 778.0 1365.0 1290.0 1305.0 837.0 1128.0 1080.0 1134.0 1581.0 909.0 1835.0 1482.0 1596.0 1431.0 1269.0 1641.0 1490.0 1464.0 1205.0 1311.0 993.0 1295.0 1039.0 1753.0 994.0 1358.0 1360.0 1210.0 1240.0 1132.0 1788.0 1099.0
230 397.0 1135.0 1157.0 1207.0 658.0 1026.0 1036.0 1086.0 1576.0 700.0 1666.0 1415.0 1383.0 1352.0 1278.0 1495.0 1380.0 1324.0 1188.0 1286.0 770.0 1227.0 1029.0 1613.0 896.0 1276.0 1213.0 1155.0 1228.0 987.0 1654.0 1109.0
235 87.0 689.0 1007.0 1123.0 287.0 1011.0 846.0 869.0 1454.0 422.0 1562.0 1356.0 1327.0 1206.0 1150.0 1410.0 1213.0 1110.0 981.0 1048.0 290.0 1022.0 791.0 1435.0 660.0 1121.0 976.0 990.0 1031.0 891.0 1303.0 832.0
240 13.0 113.0 494.0 819.0 51.0 627.0 412.0 435.0 1258.0 87.0 1210.0 1200.0 1206.0 921.0 941.0 1228.0 734.0 533.0 531.0 551.0 35.0 447.0 412.0 887.0 244.0 843.0 490.0 566.0 576.0 461.0 601.0 331.0
245 18.0 39.0 117.0 334.0 20.0 175.0 83.0 73.0 709.0 14.0 505.0 851.0 848.0 318.0 515.0 812.0 209.0 104.0 112.0 111.0 18.0 109.0 89.0 242.0 26.0 270.0 100.0 155.0 119.0 91.0 109.0 76.0
250 18.0 21.0 31.0 33.0 9.0 50.0 31.0 29.0 114.0 15.0 89.0 301.0 290.0 61.0 135.0 252.0 44.0 45.0 38.0 38.0 15.0 30.0 20.0 48.0 23.0 50.0 30.0 38.0 33.0 20.0 46.0 18.0
255 13.0 18.0 23.0 21.0 7.0 20.0 15.0 17.0 39.0 10.0 35.0 63.0 52.0 27.0 34.0 54.0 30.0 31.0 16.0 28.0 11.0 11.0 23.0 33.0 10.0 26.0 29.0 20.0 26.0 17.0 33.0 12.0
260 11.0 19.0 17.0 21.0 3.0 27.0 20.0 10.0 34.0 12.0 32.0 32.0 28.0 29.0 18.0 44.0 22.0 21.0 19.0 28.0 19.0 23.0 14.0 33.0 20.0 27.0 26.0 29.0 16.0 18.0 23.0 12.0
265 4.0 15.0 15.0 26.0 10.0 17.0 19.0 22.0 26.0 7.0 32.0 32.0 36.0 17.0 14.0 21.0 31.0 33.0 19.0 24.0 6.0 20.0 11.0 22.0 9.0 17.0 17.0 16.0 23.0 11.0 27.0 15.0
270 0.0 8.0 13.0 17.0 1.0 10.0 11.0 15.0 27.0 3.0 29.0 28.0 15.0 22.0 17.0 21.0 21.0 16.0 18.0 13.0 5.0 14.0 14.0 29.0 7.0 19.0 19.0 14.0 18.0 19.0 23.0 9.0
275 1.0 2.0 12.0 17.0 0.0 11.0 9.0 5.0 27.0 2.0 29.0 22.0 18.0 23.0 12.0 17.0 15.0 11.0 12.0 15.0 0.0 16.0 13.0 19.0 9.0 14.0 10.0 16.0 17.0 11.0 18.0 7.0
280 0.0 1.0 2.0 10.0 1.0 2.0 4.0 4.0 20.0 0.0 15.0 28.0 25.0 14.0 10.0 17.0 11.0 6.0 5.0 7.0 0.0 9.0 5.0 15.0 3.0 12.0 4.0 5.0 7.0 5.0 6.0 1.0
285 0.0 0.0 1.0 2.0 1.0 1.0 1.0 1.0 11.0 0.0 6.0 9.0 12.0 4.0 6.0 12.0 3.0 0.0 1.0 4.0 0.0 1.0 0.0 2.0 0.0 6.0 2.0 2.0 1.0 2.0 0.0 0.0
290 0.0 0.0 0.0 1.0 0.0 1.0 0.0 0.0 5.0 0.0 3.0 10.0 6.0 0.0 3.0 3.0 3.0 0.0 0.0 0.0 1.0 0.0 0.0 1.0 2.0 0.0 0.0 1.0 0.0 0.0 0.0 0.0
295 0.0 1.0 2.0 0.0 0.0 0.0 1.0 1.0 1.0 0.0 1.0 1.0 3.0 1.0 3.0 3.0 0.0 1.0 1.0 0.0 1.0 0.0 0.0 0.0 0.0 0.0 0.0 2.0 0.0 2.0 2.0 0.0
300 0.0 0.0 0.0 0.0 0.0 0.0 0.0 1.0 1.0 1.0 0.0 1.0 0.0 1.0 0.0 0.0 0.0 0.0 0.0 0.0 1.0 1.0 0.0 1.0 1.0 1.0 0.0 1.0 1.0 1.0 0.0 0.0
305 0.0 2.0 2.0 0.0 0.0 1.0 0.0 1.0 1.0 0.0 0.0 1.0 1.0 0.0 1.0 0.0 0.0 1.0 1.0 0.0 1.0 0.0 0.0 0.0 0.0 0.0 2.0 1.0 0.0 1.0 1.0 0.0
310 0.0 0.0 0.0 0.0 0.0 1.0 0.0 0.0 0.0 0.0 1.0 1.0 1.0 0.0 0.0 0.0 1.0 0.0 1.0 0.0 0.0 0.0 0.0 2.0 1.0 0.0 0.0 0.0 0.0 1.0 0.0 0.0
315 0.0 1.0 0.0 1.0 1.0 0.0 0.0 0.0 1.0 0.0 0.0 0.0 1.0 0.0 0.0 1.0 0.0 0.0 2.0 0.0 0.0 0.0 0.0 0.0 0.0 0.0 0.0 1.0 0.0 0.0 0.0 0.0
320 1.0 0.0 0.0 0.0 0.0 0.0 0.0 0.0 0.0 0.0 0.0 0.0 1.0 0.0 1.0 0.0 1.0 0.0 0.0 1.0 0.0 0.0 0.0 0.0 2.0 0.0 1.0 0.0 0.0 0.0 0.0 0.0
325 0.0 0.0 0.0 0.0 0.0 0.0 0.0 0.0 0.0 1.0 1.0 0.0 0.0 0.0 0.0 1.0 0.0 0.0 0.0 0.0 0.0 0.0 1.0 0.0 0.0 0.0 0.0 0.0 0.0 0.0 0.0 0.0
330 0.0 0.0 0.0 0.0 0.0 0.0 0.0 1.0 0.0 0.0 0.0 1.0 1.0 0.0 0.0 0.0 0.0 1.0 1.0 1.0 0.0 0.0 0.0 0.0 0.0 1.0 0.0 0.0 0.0 0.0 0.0 0.0
335 0.0 0.0 0.0 0.0 0.0 0.0 0.0 0.0 0.0 0.0 0.0 0.0 0.0 0.0 0.0 0.0 0.0 0.0 0.0 0.0 0.0 0.0 0.0 1.0 0.0 0.0 0.0 0.0 0.0 0.0 0.0 0.0
340 0.0 0.0 1.0 0.0 0.0 0.0 0.0 0.0 0.0 1.0 0.0 0.0 0.0 0.0 0.0 0.0 0.0 0.0 0.0 0.0 1.0 0.0 0.0 1.0 0.0 0.0 0.0 0.0 0.0 0.0 0.0 0.0
345 0.0 0.0 1.0 0.0 0.0 0.0 0.0 0.0 0.0 0.0 0.0 0.0 0.0 1.0 0.0 0.0 0.0 0.0 0.0 0.0 0.0 0.0 0.0 1.0 0.0 0.0 0.0 0.0 1.0 0.0 0.0 0.0
350 0.0 0.0 0.0 1.0 0.0 0.0 0.0 0.0 0.0 0.0 0.0 0.0 0.0 0.0 0.0 0.0 0.0 1.0 0.0 0.0 0.0 0.0 0.0 0.0 0.0 0.0 0.0 1.0 0.0 0.0 0.0 0.0
355 0.0 0.0 1.0 0.0 0.0 0.0 0.0 0.0 0.0 0.0 0.0 0.0 0.0 0.0 0.0 0.0 0.0 0.0 0.0 0.0 0.0 0.0 0.0 0.0 0.0 0.0 0.0 0.0 0.0 0.0 0.0 0.0
360 0.0 0.0 0.0 0.0 0.0 0.0 0.0 0.0 0.0 0.0 0.0 0.0 0.0 0.0 1.0 1.0 0.0 0.0 0.0 0.0 0.0 0.0 0.0 0.0 0.0 0.0 0.0 0.0 0.0 0.0 0.0 0.0
365 0.0 0.0 0.0 0.0 0.0 0.0 0.0 0.0 0.0 0.0 0.0 0.0 0.0 0.0 0.0 0.0 0.0 0.0 0.0 0.0 0.0 0.0 0.0 0.0 0.0 0.0 0.0 0.0 0.0 0.0 0.0 0.0
370 0.0 0.0 0.0 0.0 0.0 0.0 1.0 0.0 0.0 0.0 0.0 2.0 0.0 0.0 0.0 0.0 0.0 0.0 0.0 0.0 0.0 0.0 0.0 0.0 0.0 0.0 0.0 0.0 0.0 2.0 0.0 0.0
375 0.0 0.0 0.0 0.0 0.0 0.0 0.0 0.0 0.0 0.0 0.0 0.0 0.0 0.0 0.0 0.0 0.0 0.0 0.0 0.0 1.0 0.0 0.0 0.0 0.0 0.0 0.0 0.0 0.0 0.0 0.0 1.0
380 0.0 0.0 0.0 0.0 0.0 0.0 0.0 0.0 0.0 0.0 1.0 0.0 0.0 0.0 0.0 0.0 0.0 0.0 0.0 0.0 0.0 0.0 0.0 0.0 0.0 0.0 0.0 0.0 0.0 0.0 0.0 0.0
385 0.0 0.0 0.0 0.0 0.0 0.0 0.0 0.0 0.0 1.0 0.0 0.0 0.0 0.0 0.0 0.0 0.0 0.0 0.0 0.0 0.0 0.0 0.0 0.0 0.0 0.0 0.0 0.0 0.0 0.0 0.0 0.0
390 0.0 0.0 0.0 0.0 0.0 0.0 0.0 1.0 0.0 0.0 0.0 0.0 0.0 0.0 0.0 1.0 0.0 0.0 0.0 0.0 0.0 0.0 0.0 0.0 0.0 0.0 0.0 0.0 0.0 0.0 0.0 0.0
395 1.0 0.0 0.0 0.0 0.0 1.0 0.0 0.0 0.0 0.0 1.0 0.0 0.0 0.0 0.0 0.0 1.0 0.0 0.0 0.0 0.0 0.0 0.0 0.0 0.0 0.0 1.0 0.0 0.0 0.0 0.0 0.0
400 0.0 2.0 0.0 2.0 0.0 0.0 0.0 0.0 0.0 1.0 0.0 1.0 0.0 0.0 0.0 0.0 0.0 0.0 0.0 0.0 0.0 0.0 0.0 0.0 0.0 0.0 0.0 0.0 0.0 0.0 0.0 0.0
405 0.0 0.0 0.0 0.0 0.0 0.0 0.0 0.0 0.0 0.0 0.0 0.0 1.0 0.0 0.0 0.0 0.0 0.0 0.0 0.0 0.0 0.0 0.0 0.0 0.0 0.0 0.0 0.0 0.0 0.0 0.0 0.0
410 0.0 0.0 0.0 0.0 0.0 0.0 0.0 0.0 0.0 0.0 0.0 0.0 0.0 0.0 1.0 0.0 0.0 0.0 0.0 0.0 0.0 0.0 0.0 0.0 0.0 0.0 0.0 1.0 0.0 0.0 0.0 0.0
415 0.0 0.0 0.0 0.0 0.0 0.0 1.0 0.0 0.0 0.0 0.0 0.0 0.0 0.0 0.0 0.0 0.0 0.0 0.0 0.0 0.0 0.0 0.0 0.0 0.0 0.0 0.0 0.0 0.0 0.0 0.0 1.0
420 0.0 1.0 0.0 0.0 0.0 0.0 0.0 0.0 0.0 0.0 0.0 0.0 0.0 0.0 0.0 0.0 0.0 0.0 0.0 0.0 0.0 0.0 0.0 0.0 0.0 0.0 0.0 0.0 0.0 0.0 0.0 0.0
425 0.0 0.0 0.0 0.0 0.0 0.0 0.0 0.0 0.0 0.0 0.0 0.0 0.0 0.0 0.0 0.0 0.0 0.0 0.0 1.0 0.0 0.0 0.0 0.0 0.0 1.0 1.0 0.0 0.0 0.0 0.0 0.0
430 0.0 0.0 0.0 1.0 0.0 0.0 0.0 0.0 0.0 0.0 0.0 0.0 0.0 1.0 1.0 0.0 0.0 0.0 0.0 0.0 0.0 0.0 0.0 1.0 0.0 0.0 0.0 0.0 0.0 0.0 1.0 0.0
435 0.0 0.0 0.0 0.0 0.0 0.0 0.0 0.0 0.0 0.0 0.0 0.0 0.0 0.0 0.0 0.0 0.0 0.0 0.0 1.0 0.0 0.0 0.0 1.0 0.0 0.0 0.0 0.0 0.0 0.0 0.0 0.0
440 0.0 0.0 0.0 0.0 0.0 0.0 0.0 0.0 0.0 0.0 0.0 0.0 0.0 1.0 0.0 0.0 0.0 0.0 0.0 0.0 0.0 0.0 0.0 0.0 0.0 0.0 0.0 0.0 0.0 0.0 0.0 0.0
445 0.0 0.0 0.0 0.0 0.0 0.0 0.0 0.0 0.0 0.0 0.0 0.0 0.0 0.0 0.0 1.0 0.0 0.0 0.0 0.0 0.0 0.0 0.0 0.0 0.0 0.0 0.0 0.0 0.0 0.0 0.0 0.0
450 0.0 0.0 0.0 0.0 0.0 0.0 0.0 0.0 0.0 0.0 0.0 0.0 0.0 0.0 0.0 1.0 0.0 0.0 0.0 0.0 0.0 0.0 0.0 0.0 0.0 0.0 0.0 0.0 0.0 0.0 0.0 0.0
455 0.0 0.0 0.0 0.0 0.0 0.0 0.0 0.0 0.0 0.0 1.0 0.0 0.0 0.0 0.0 0.0 0.0 0.0 0.0 0.0 0.0 0.0 0.0 0.0 0.0 0.0 0.0 0.0 0.0 0.0 0.0 0.0
460 1.0 1.0 0.0 0.0 0.0 0.0 0.0 0.0 0.0 0.0 0.0 1.0 0.0 0.0 0.0 0.0 0.0 0.0 0.0 0.0 0.0 0.0 0.0 0.0 0.0 0.0 0.0 0.0 0.0 0.0 0.0 0.0
465 0.0 0.0 0.0 1.0 0.0 0.0 0.0 0.0 0.0 0.0 0.0 0.0 0.0 0.0 0.0 0.0 0.0 0.0 0.0 0.0 0.0 0.0 0.0 0.0 0.0 0.0 0.0 0.0 0.0 0.0 0.0 0.0
470 0.0 0.0 0.0 0.0 0.0 0.0 0.0 0.0 1.0 0.0 0.0 0.0 0.0 0.0 0.0 0.0 0.0 0.0 0.0 0.0 0.0 0.0 0.0 0.0 0.0 0.0 0.0 0.0 0.0 0.0 0.0 0.0
475 0.0 0.0 0.0 1.0 0.0 0.0 0.0 0.0 0.0 0.0 0.0 0.0 0.0 0.0 0.0 0.0 0.0 0.0 0.0 0.0 0.0 0.0 1.0 0.0 0.0 0.0 0.0 0.0 0.0 0.0 0.0 0.0
480 0.0 0.0 0.0 0.0 0.0 0.0 1.0 0.0 0.0 0.0 0.0 0.0 0.0 0.0 0.0 0.0 0.0 0.0 1.0 0.0 0.0 1.0 0.0 0.0 0.0 0.0 1.0 0.0 0.0 0.0 0.0 0.0
485 0.0 0.0 0.0 0.0 0.0 0.0 0.0 0.0 0.0 0.0 0.0 0.0 0.0 0.0 0.0 0.0 0.0 0.0 0.0 0.0 0.0 0.0 0.0 0.0 0.0 0.0 0.0 0.0 0.0 0.0 0.0 0.0
490 0.0 0.0 0.0 0.0 0.0 0.0 0.0 0.0 0.0 0.0 1.0 0.0 0.0 0.0 0.0 0.0 0.0 0.0 0.0 0.0 0.0 0.0 0.0 0.0 0.0 0.0 0.0 0.0 0.0 0.0 0.0 0.0
495 0.0 0.0 0.0 0.0 0.0 0.0 0.0 0.0 0.0 0.0 0.0 0.0 0.0 0.0 0.0 0.0 1.0 0.0 1.0 0.0 0.0 0.0 0.0 0.0 0.0 0.0 0.0 0.0 0.0 0.0 0.0 0.0
