100 0.0 0.0 0.0 0.0 0.0 0.0 0.0 0.0 0.0 0.0 0.0 0.0 0.0 0.0 0.0 0.0 0.0 0.0 0.0 0.0 0.0 0.0 0.0 0.0 0.0 0.0 0.0 0.0 0.0 0.0 0.0 0.0
105 0.0 0.0 1.0 0.0 0.0 1.0 0.0 0.0 0.0 0.0 0.0 1.0 0.0 1.0 0.0 0.0 0.0 1.0 1.0 0.0 1.0 2.0 0.0 1.0 0.0 1.0 1.0 0.0 0.0 0.0 1.0 2.0
110 1.0 0.0 0.0 0.0 0.0 1.0 0.0 0.0 0.0 1.0 1.0 0.0 0.0 0.0 0.0 0.0 0.0 0.0 0.0 1.0 0.0 0.0 0.0 0.0 0.0 1.0 1.0 0.0 1.0 0.0 0.0 0.0
115 0.0 4.0 7.0 1.0 1.0 0.0 0.0 0.0 1.0 2.0 2.0 3.0 1.0 2.0 5.0 0.0 1.0 0.0 3.0 1.0 1.0 6.0 0.0 1.0 1.0 2.0 2.0 1.0 2.0 4.0 1.0 0.0
120 5.0 5.0 14.0 2.0 5.0 2.0 1.0 4.0 5.0 3.0 9.0 10.0 8.0 5.0 3.0 2.0 5.0 1.0 9.0 0.0 1.0 9.0 3.0 1.0 4.0 4.0 9.0 2.0 5.0 9.0 4.0 4.0
125 12.0 13.0 41.0 3.0 12.0 10.0 6.0 14.0 14.0 11.0 17.0 24.0 13.0 17.0 10.0 8.0 9.0 3.0 8.0 10.0 11.0 38.0 13.0 12.0 5.0 23.0 13.0 11.0 15.0 35.0 17.0 20.0
130 49.0 52.0 175.0 50.0 52.0 51.0 19.0 95.0 73.0 61.0 76.0 181.0 95.0 52.0 72.0 54.0 57.0 28.0 122.0 28.0 88.0 162.0 55.0 31.0 46.0 110.0 101.0 79.0 86.0 180.0 100.0 127.0
135 230.0 266.0 522.0 206.0 179.0 304.0 195.0 301.0 265.0 237.0 298.0 454.0 314.0 229.0 234.0 333.0 292.0 190.0 320.0 161.0 315.0 548.0 267.0 203.0 246.0 384.0 455.0 241.0 328.0 431.0 365.0 431.0
140 798.0 1012.0 2156.0 702.0 659.0 896.0 598.0 1128.0 1091.0 921.0 1023.0 2181.0 1088.0 725.0 1014.0 1016.0 900.0 572.0 1238.0 525.0 1256.0 2138.0 882.0 586.0 837.0 1390.0 1383.0 900.0 1149.0 2229.0 1384.0 1635.0
145 8007.0 8921.0 10979.0 7712.0 6420.0 8717.0 6093.0 9508.0 8633.0 8217.0 9260.0 12361.0 9456.0 7157.0 9062.0 10163.0 8610.0 5990.0 10458.0 5678.0 9893.0 15082.0 8084.0 6142.0 8308.0 10104.0 11152.0 7846.0 10309.0 11318.0 9949.0 12544.0
150 136926.0 135929.0 137419.0 133191.0 128224.0 135229.0 129926.0 135840.0 133097.0 131631.0 134032.0 141612.0 135136.0 129741.0 135334.0 140243.0 133880.0 127799.0 138336.0 128788.0 135308.0 148670.0 131734.0 129723.0 134839.0 136555.0 140292.0 131892.0 137871.0 142136.0 136465.0 144291.0
155 17649995.0 17646447.0 17641031.0 17636173.0 17639083.0 17634928.0 17639861.0 17635241.0 17638969.0 17634893.0 17639167.0 17634162.0 17639560.0 17639372.0 17638991.0 17635191.0 17639429.0 17638301.0 17638808.0 17638723.0 17634117.0 17637780.0 17632735.0 17637490.0 17634909.0 17637243.0 17630243.0 17637576.0 17633449.0 17637647.0 17637805.0 17639821.0
160 18082052.0 18080082.0 18076860.0 18074037.0 18075215.0 18073327.0 18075890.0 18073687.0 18075360.0 18073292.0 18075506.0 18073451.0 18075483.0 18075393.0 18075291.0 18073414.0 18075371.0 18074847.0 18075297.0 18075126.0 18073177.0 18075706.0 18072660.0 18074744.0 18073226.0 18075202.0 18072006.0 18075035.0 18073098.0 18075953.0 18075896.0 18077030.0
165 18648556.0 18648063.0 18644548.0 18639187.0 18642884.0 18637662.0 18643972.0 18638273.0 18643640.0 18637439.0 18643553.0 18635933.0 18644028.0 18643866.0 18643763.0 18637323.0 18643921.0 18642642.0 18643375.0 18643657.0 18636939.0 18641788.0 18635592.0 18641934.0 18637597.0 18642799.0 18634816.0 18643043.0 18636484.0 18643330.0 18643705.0 18644715.0
170 18783582.0 18783998.0 18782698.0 18779642.0 18781175.0 18778920.0 18781911.0 18779780.0 18781934.0 18779555.0 18782019.0 18778910.0 18782610.0 18782226.0 18782082.0 18778630.0 18782151.0 18781407.0 18781582.0 18781979.0 18777912.0 18780907.0 18777513.0 18780768.0 18777968.0 18781179.0 18776670.0 18781199.0 18777486.0 18781223.0 18781336.0 18781719.0
175 18263052.0 18262432.0 18246023.0 18224526.0 18235519.0 18219445.0 18239137.0 18220435.0 18232833.0 18222186.0 18234238.0 18221226.0 18232430.0 18234420.0 18231405.0 18223913.0 18231583.0 18230222.0 18227924.0 18228587.0 18219620.0 18226603.0 18218952.0 18224635.0 18217136.0 18225783.0 18216373.0 18224429.0 18217425.0 18224159.0 18225054.0 18224859.0
180 10909996.0 10980299.0 10900517.0 10848168.0 10804563.0 10795868.0 10914582.0 10749614.0 10805403.0 10920532.0 10931190.0 10928406.0 10853102.0 11023820.0 10937246.0 11180036.0 10897687.0 11013059.0 10819383.0 10856419.0 10913396.0 10870873.0 11039037.0 10762387.0 10764916.0 10839212.0 10905392.0 10779994.0 10841108.0 10695032.0 10838151.0 10725208.0
185 7912700.0 7997313.0 7940060.0 8079940.0 7831147.0 8019218.0 7941000.0 7914367.0 7813331.0 8099521.0 7942403.0 8138392.0 7817831.0 8029999.0 7931343.0 8418565.0 7868134.0 8011845.0 7784120.0 7785821.0 8093663.0 7845116.0 8249818.0 7703665.0 7941550.0 7767480.0 8096767.0 7708662.0 8011346.0 7601779.0 7765283.0 7610331.0
190 192322.0 222151.0 192562.0 198565.0 143505.0 193205.0 199416.0 172735.0 170138.0 187112.0 197428.0 198810.0 181927.0 189695.0 188234.0 249380.0 183371.0 200155.0 199977.0 172622.0 193928.0 263722.0 225876.0 166399.0 188502.0 193136.0 224319.0 165655.0 204957.0 171809.0 194807.0 235137.0
195 179575.0 191478.0 171004.0 178772.0 134675.0 180582.0 178673.0 165000.0 158190.0 169670.0 181365.0 178217.0 174521.0 169169.0 174412.0 225566.0 174041.0 177562.0 190940.0 165398.0 174265.0 250936.0 195008.0 157608.0 175731.0 179788.0 206959.0 153232.0 186492.0 162306.0 178552.0 228149.0
200 179196.0 192628.0 172023.0 178881.0 134309.0 179574.0 179445.0 164994.0 158155.0 169760.0 180741.0 179450.0 173514.0 169406.0 174763.0 247391.0 173373.0 178865.0 191722.0 164538.0 174050.0 251262.0 194184.0 157198.0 175571.0 179033.0 207137.0 153482.0 186612.0 163317.0 179543.0 228384.0
205 177259.0 189932.0 170874.0 176996.0 134749.0 178899.0 176666.0 163746.0 157599.0 169828.0 179830.0 178683.0 172915.0 169514.0 173724.0 239888.0 172343.0 176891.0 190087.0 162620.0 172901.0 254167.0 194034.0 156048.0 173561.0 178740.0 205958.0 152457.0 185988.0 162493.0 179615.0 231518.0
210 164223.0 186280.0 169606.0 167317.0 129099.0 172539.0 167679.0 159974.0 153499.0 164594.0 176021.0 176144.0 168810.0 164552.0 165002.0 230594.0 165422.0 166348.0 184041.0 145987.0 168985.0 249281.0 186594.0 144398.0 162536.0 175030.0 200475.0 147590.0 180944.0 160386.0 174715.0 219705.0
215 88365.0 151206.0 165015.0 105383.0 91741.0 119932.0 104117.0 127111.0 119841.0 124054.0 145043.0 163347.0 132466.0 125738.0 109089.0 145374.0 113013.0 102295.0 136017.0 67941.0 135988.0 230995.0 138734.0 83282.0 95154.0 155172.0 163765.0 111768.0 144819.0 147132.0 145743.0 157434.0
220 14232.0 46208.0 119358.0 19965.0 22216.0 26526.0 19909.0 38161.0 34477.0 32921.0 51638.0 92727.0 41063.0 33820.0 22844.0 23971.0 24868.0 18307.0 36523.0 9389.0 42915.0 129035.0 39136.0 17095.0 15854.0 72058.0 56100.0 31612.0 45643.0 77999.0 54973.0 43912.0
225 5016.0 6562.0 22360.0 5135.0 4079.0 5669.0 5278.0 5726.0 5268.0 5894.0 7098.0 13002.0 6214.0 5806.0 5120.0 8071.0 5356.0 5063.0 6575.0 4311.0 6382.0 17956.0 6634.0 4520.0 4988.0 9233.0 8357.0 5228.0 6749.0 10207.0 7287.0 7898.0
230 4125.0 4811.0 5773.0 4113.0 3202.0 4616.0 4141.0 4324.0 3746.0 4369.0 4687.0 5479.0 4635.0 4250.0 4173.0 5312.0 4431.0 3915.0 4970.0 3373.0 4644.0 7979.0 4940.0 3433.0 4061.0 5286.0 5979.0 3758.0 5010.0 4745.0 4873.0 5789.0
235 3088.0 3635.0 4437.0 3119.0 2394.0 3546.0 3175.0 3331.0 2960.0 3400.0 3660.0 4297.0 3728.0 3390.0 3294.0 4269.0 3384.0 3002.0 3835.0 2909.0 3612.0 6461.0 3771.0 2738.0 3147.0 4226.0 4822.0 2938.0 3977.0 3816.0 3940.0 4803.0
240 2811.0 3137.0 3533.0 2754.0 2194.0 3072.0 2794.0 2838.0 2446.0 3069.0 3288.0 3684.0 3132.0 3054.0 2906.0 3838.0 3071.0 2755.0 3551.0 2649.0 3043.0 5130.0 3422.0 2653.0 2896.0 3586.0 4275.0 2649.0 3400.0 3101.0 3390.0 4326.0
245 2796.0 2978.0 3225.0 2696.0 2013.0 2957.0 2752.0 2870.0 2474.0 2994.0 3008.0 3276.0 3011.0 2816.0 2783.0 3641.0 2991.0 2732.0 3273.0 2480.0 2858.0 4831.0 3287.0 2529.0 2741.0 3374.0 3871.0 2540.0 3169.0 2906.0 3228.0 4092.0
250 2531.0 2914.0 3057.0 2505.0 1917.0 2779.0 2622.0 2788.0 2355.0 2899.0 2932.0 3071.0 2935.0 2790.0 2544.0 3825.0 2691.0 2469.0 3127.0 2308.0 2915.0 4594.0 3122.0 2302.0 2623.0 3236.0 3808.0 2401.0 3005.0 2773.0 2974.0 3855.0
255 2549.0 2625.0 2958.0 2167.0 1826.0 2566.0 2221.0 2367.0 2087.0 2576.0 2671.0 3106.0 2662.0 2503.0 2353.0 3300.0 2697.0 2082.0 2891.0 1915.0 2626.0 4417.0 2742.0 1937.0 2318.0 3113.0 3470.0 2189.0 2881.0 2699.0 2842.0 3478.0
260 1422.0 2052.0 2730.0 1471.0 1376.0 1921.0 1393.0 2164.0 1730.0 1967.0 2371.0 2832.0 2284.0 1914.0 1591.0 1943.0 1881.0 1197.0 2416.0 879.0 2356.0 4037.0 2170.0 1173.0 1276.0 2801.0 3056.0 1816.0 2424.0 2402.0 2530.0 2690.0
265 374.0 1013.0 2496.0 444.0 617.0 785.0 412.0 1269.0 931.0 992.0 1503.0 2360.0 1266.0 839.0 658.0 593.0 771.0 336.0 1101.0 184.0 1266.0 3285.0 952.0 420.0 374.0 2135.0 1833.0 929.0 1427.0 2053.0 1531.0 1261.0
270 119.0 279.0 1817.0 127.0 147.0 176.0 121.0 367.0 243.0 263.0 499.0 1380.0 337.0 188.0 157.0 170.0 175.0 95.0 290.0 86.0 349.0 1614.0 246.0 102.0 92.0 929.0 515.0 202.0 372.0 1101.0 489.0 327.0
275 92.0 109.0 723.0 73.0 60.0 87.0 78.0 115.0 75.0 97.0 133.0 396.0 103.0 86.0 80.0 106.0 107.0 58.0 104.0 65.0 106.0 345.0 94.0 71.0 85.0 208.0 162.0 84.0 113.0 278.0 124.0 155.0
280 75.0 77.0 181.0 59.0 51.0 100.0 71.0 78.0 67.0 74.0 91.0 120.0 85.0 72.0 65.0 75.0 91.0 57.0 88.0 56.0 87.0 162.0 95.0 60.0 63.0 109.0 128.0 69.0 112.0 115.0 107.0 99.0
285 73.0 63.0 108.0 67.0 42.0 60.0 52.0 72.0 51.0 73.0 75.0 94.0 74.0 58.0 54.0 92.0 74.0 41.0 89.0 50.0 81.0 149.0 76.0 47.0 58.0 100.0 126.0 66.0 76.0 94.0 94.0 108.0
290 59.0 60.0 78.0 55.0 49.0 61.0 55.0 59.0 52.0 69.0 82.0 74.0 60.0 59.0 65.0 105.0 64.0 41.0 75.0 53.0 72.0 112.0 67.0 64.0 51.0 111.0 109.0 53.0 75.0 66.0 93.0 104.0
295 44.0 46.0 72.0 56.0 48.0 57.0 58.0 58.0 44.0 59.0 70.0 73.0 66.0 63.0 55.0 65.0 54.0 53.0 75.0 45.0 54.0 116.0 57.0 51.0 52.0 68.0 92.0 53.0 75.0 73.0 76.0 75.0
300 42.0 48.0 65.0 32.0 48.0 64.0 31.0 50.0 44.0 54.0 64.0 71.0 68.0 59.0 58.0 65.0 40.0 34.0 70.0 27.0 60.0 103.0 63.0 29.0 33.0 79.0 71.0 47.0 64.0 59.0 73.0 86.0
305 15.0 40.0 60.0 23.0 25.0 45.0 17.0 37.0 50.0 48.0 49.0 64.0 45.0 42.0 31.0 31.0 39.0 25.0 53.0 7.0 44.0 118.0 49.0 21.0 30.0 78.0 65.0 32.0 43.0 67.0 67.0 51.0
310 4.0 19.0 55.0 12.0 20.0 28.0 5.0 33.0 22.0 21.0 28.0 54.0 26.0 31.0 17.0 16.0 13.0 5.0 24.0 5.0 18.0 76.0 16.0 9.0 6.0 43.0 51.0 32.0 31.0 47.0 38.0 41.0
315 4.0 12.0 59.0 2.0 5.0 10.0 2.0 11.0 14.0 8.0 22.0 49.0 15.0 4.0 2.0 2.0 6.0 5.0 14.0 1.0 14.0 56.0 10.0 1.0 1.0 35.0 24.0 8.0 19.0 43.0 19.0 10.0
320 3.0 3.0 39.0 1.0 5.0 1.0 4.0 3.0 1.0 2.0 4.0 30.0 7.0 0.0 4.0 5.0 3.0 4.0 9.0 6.0 2.0 18.0 4.0 2.0 0.0 19.0 11.0 2.0 1.0 18.0 6.0 2.0
325 3.0 2.0 17.0 3.0 2.0 3.0 5.0 3.0 2.0 3.0 2.0 10.0 1.0 2.0 2.0 3.0 2.0 2.0 4.0 3.0 5.0 11.0 0.0 2.0 3.0 5.0 1.0 2.0 4.0 7.0 1.0 3.0
330 2.0 5.0 7.0 1.0 1.0 0.0 0.0 0.0 1.0 4.0 3.0 1.0 2.0 2.0 3.0 2.0 4.0 3.0 5.0 0.0 3.0 3.0 3.0 0.0 3.0 5.0 2.0 3.0 2.0 1.0 0.0 2.0
335 1.0 3.0 1.0 1.0 2.0 3.0 2.0 1.0 0.0 2.0 3.0 0.0 1.0 0.0 1.0 0.0 5.0 1.0 1.0 0.0 2.0 3.0 0.0 1.0 2.0 3.0 0.0 1.0 2.0 0.0 5.0 4.0
340 1.0 1.0 4.0 2.0 2.0 0.0 0.0 4.0 1.0 1.0 1.0 3.0 1.0 0.0 3.0 1.0 1.0 2.0 4.0 1.0 0.0 1.0 4.0 1.0 1.0 4.0 5.0 1.0 2.0 4.0 3.0 2.0
345 1.0 1.0 4.0 0.0 2.0 1.0 0.0 1.0 1.0 2.0 2.0 3.0 1.0 2.0 3.0 1.0 2.0 1.0 1.0 1.0 1.0 2.0 1.0 3.0 1.0 2.0 6.0 0.0 1.0 3.0 0.0 2.0
350 2.0 4.0 1.0 0.0 2.0 3.0 2.0 1.0 4.0 1.0 2.0 2.0 0.0 2.0 1.0 1.0 1.0 1.0 0.0 1.0 3.0 3.0 0.0 0.0 1.0 6.0 1.0 1.0 1.0 0.0 1.0 2.0
355 0.0 1.0 2.0 0.0 0.0 0.0 1.0 0.0 0.0 1.0 2.0 0.0 2.0 0.0 1.0 1.0 0.0 0.0 2.0 2.0 0.0 2.0 0.0 1.0 0.0 1.0 2.0 0.0 2.0 1.0 1.0 1.0
360 0.0 0.0 2.0 0.0 0.0 0.0 0.0 1.0 1.0 0.0 0.0 0.0 1.0 0.0 0.0 0.0 1.0 0.0 1.0 0.0 0.0 1.0 1.0 0.0 1.0 4.0 0.0 0.0 0.0 1.0 0.0 0.0
365 0.0 0.0 1.0 0.0 0.0 1.0 1.0 0.0 2.0 0.0 0.0 1.0 0.0 0.0 0.0 0.0 1.0 0.0 1.0 0.0 1.0 2.0 0.0 0.0 0.0 0.0 1.0 0.0 0.0 3.0 0.0 1.0
370 0.0 0.0 1.0 0.0 0.0 0.0 0.0 0.0 0.0 0.0 0.0 2.0 0.0 0.0 0.0 0.0 0.0 0.0 0.0 0.0 0.0 2.0 0.0 0.0 0.0 0.0 1.0 0.0 0.0 1.0 0.0 0.0
375 0.0 0.0 0.0 0.0 0.0 0.0 0.0 0.0 0.0 0.0 0.0 0.0 0.0 0.0 0.0 0.0 0.0 0.0 1.0 0.0 2.0 0.0 0.0 0.0 0.0 1.0 1.0 0.0 0.0 0.0 0.0 0.0
380 0.0 0.0 0.0 0.0 0.0 0.0 0.0 0.0 0.0 0.0 1.0 0.0 0.0 0.0 0.0 0.0 0.0 0.0 0.0 0.0 0.0 1.0 0.0 0.0 0.0 0.0 0.0 0.0 0.0 0.0 0.0 0.0
385 0.0 0.0 1.0 1.0 2.0 0.0 0.0 0.0 0.0 0.0 0.0 0.0 0.0 0.0 0.0 0.0 0.0 0.0 1.0 0.0 0.0 0.0 0.0 0.0 0.0 1.0 0.0 0.0 0.0 0.0 0.0 0.0
390 0.0 0.0 0.0 1.0 0.0 1.0 0.0 1.0 1.0 0.0 0.0 0.0 0.0 0.0 0.0 0.0 0.0 0.0 0.0 0.0 1.0 1.0 0.0 0.0 0.0 0.0 0.0 1.0 1.0 0.0 0.0 0.0
395 0.0 2.0 0.0 2.0 1.0 0.0 0.0 0.0 0.0 0.0 0.0 1.0 0.0 0.0 0.0 1.0 0.0 0.0 0.0 1.0 0.0 0.0 1.0 0.0 0.0 0.0 0.0 0.0 0.0 0.0 1.0 1.0
400 0.0 1.0 0.0 0.0 0.0 0.0 0.0 0.0 0.0 1.0 0.0 1.0 0.0 0.0 0.0 0.0 0.0 0.0 0.0 0.0 0.0 0.0 0.0 0.0 0.0 0.0 1.0 0.0 0.0 0.0 0.0 0.0
405 0.0 0.0 0.0 0.0 0.0 1.0 1.0 0.0 0.0 0.0 0.0 0.0 0.0 0.0 0.0 0.0 0.0 0.0 0.0 0.0 0.0 0.0 0.0 0.0 0.0 0.0 0.0 0.0 0.0 0.0 1.0 0.0
410 0.0 0.0 0.0 0.0 0.0 0.0 0.0 0.0 0.0 0.0 0.0 0.0 0.0 0.0 0.0 0.0 0.0 1.0 0.0 0.0 0.0 0.0 0.0 0.0 0.0 0.0 0.0 1.0 0.0 0.0 0.0 0.0
415 0.0 0.0 0.0 1.0 0.0 0.0 0.0 0.0 0.0 0.0 0.0 0.0 0.0 0.0 0.0 0.0 0.0 0.0 0.0 0.0 0.0 0.0 0.0 0.0 0.0 0.0 0.0 1.0 1.0 0.0 0.0 0.0
420 2.0 0.0 0.0 0.0 0.0 0.0 0.0 0.0 0.0 1.0 0.0 0.0 0.0 0.0 0.0 0.0 0.0 0.0 0.0 0.0 0.0 0.0 0.0 0.0 0.0 0.0 0.0 1.0 0.0 1.0 0.0 0.0
425 0.0 0.0 0.0 0.0 0.0 0.0 0.0 0.0 0.0 0.0 0.0 0.0 0.0 0.0 0.0 0.0 0.0 0.0 0.0 0.0 1.0 0.0 0.0 0.0 0.0 0.0 0.0 1.0 0.0 1.0 0.0 1.0
430 0.0 0.0 1.0 0.0 1.0 0.0 1.0 0.0 0.0 0.0 0.0 0.0 0.0 0.0 0.0 1.0 0.0 0.0 0.0 0.0 0.0 0.0 0.0 0.0 0.0 0.0 0.0 0.0 1.0 0.0 0.0 0.0
435 1.0 0.0 1.0 0.0 0.0 0.0 1.0 0.0 1.0 1.0 0.0 0.0 0.0 0.0 0.0 0.0 0.0 0.0 0.0 0.0 1.0 0.0 1.0 0.0 0.0 0.0 0.0 0.0 0.0 0.0 1.0 0.0
440 0.0 0.0 1.0 2.0 0.0 0.0 0.0 0.0 0.0 0.0 0.0 0.0 0.0 0.0 0.0 0.0 0.0 0.0 0.0 0.0 0.0 0.0 0.0 0.0 0.0 0.0 0.0 0.0 0.0 1.0 0.0 0.0
445 0.0 0.0 0.0 0.0 1.0 0.0 0.0 0.0 0.0 0.0 0.0 0.0 0.0 0.0 0.0 1.0 0.0 0.0 0.0 0.0 0.0 0.0 0.0 0.0 0.0 0.0 0.0 0.0 0.0 0.0 0.0 0.0
450 1.0 0.0 0.0 0.0 0.0 0.0 0.0 0.0 0.0 1.0 0.0 0.0 0.0 0.0 0.0 0.0 0.0 1.0 0.0 0.0 0.0 0.0 0.0 0.0 0.0 0.0 0.0 0.0 0.0 0.0 0.0 1.0
455 1.0 0.0 1.0 0.0 0.0 0.0 0.0 0.0 0.0 0.0 0.0 0.0 1.0 0.0 0.0 1.0 0.0 0.0 0.0 0.0 0.0 0.0 0.0 0.0 0.0 1.0 0.0 0.0 0.0 0.0 0.0 0.0
460 0.0 0.0 0.0 0.0 0.0 0.0 0.0 0.0 0.0 0.0 0.0 0.0 0.0 0.0 0.0 0.0 2.0 0.0 0.0 0.0 0.0 0.0 0.0 0.0 0.0 0.0 0.0 0.0 0.0 0.0 0.0 0.0
465 0.0 0.0 0.0 0.0 0.0 0.0 0.0 0.0 0.0 0.0 0.0 0.0 0.0 0.0 0.0 0.0 0.0 0.0 0.0 1.0 0.0 0.0 0.0 0.0 1.0 0.0 0.0 0.0 0.0 0.0 0.0 0.0
470 0.0 0.0 0.0 0.0 0.0 0.0 0.0 0.0 0.0 0.0 0.0 0.0 0.0 0.0 0.0 0.0 0.0 0.0 1.0 0.0 0.0 0.0 0.0 0.0 0.0 0.0 0.0 0.0 0.0 0.0 0.0 0.0
475 0.0 0.0 0.0 0.0 0.0 0.0 0.0 0.0 0.0 2.0 0.0 0.0 0.0 0.0 1.0 1.0 0.0 0.0 0.0 0.0 0.0 0.0 0.0 0.0 0.0 0.0 0.0 0.0 0.0 0.0 0.0 0.0
480 0.0 1.0 0.0 0.0 2.0 0.0 0.0 0.0 0.0 0.0 0.0 0.0 0.0 0.0 0.0 0.0 0.0 0.0 0.0 0.0 0.0 1.0 0.0 0.0 1.0 0.0 0.0 0.0 0.0 0.0 0.0 0.0
485 0.0 0.0 0.0 0.0 0.0 0.0 0.0 0.0 0.0 0.0 0.0 0.0 0.0 0.0 0.0 0.0 0.0 0.0 0.0 0.0 0.0 0.0 0.0 0.0 0.0 0.0 0.0 0.0 0.0 0.0 0.0 0.0
490 0.0 0.0 0.0 0.0 0.0 0.0 1.0 0.0 0.0 1.0 0.0 0.0 0.0 0.0 0.0 2.0 0.0 0.0 0.0 0.0 0.0 0.0 0.0 1.0 0.0 0.0 0.0 0.0 0.0 0.0 0.0 0.0
495 1.0 0.0 0.0 0.0 0.0 0.0 0.0 0.0 0.0 0.0 0.0 0.0 0.0 0.0 0.0 0.0 0.0 0.0 0.0 0.0 0.0 1.0 0.0 0.0 0.0 0.0 0.0 0.0 0.0 0.0 0.0 0.0
