150 17757927.0 17755434.0 17753809.0 17741319.0 17752147.0 17740835.0 17748821.0 17741716.0 17747595.0 17741377.0 17749152.0 17742006.0 17747657.0 17748742.0 17749529.0 17742363.0 17748216.0 17748924.0 17747662.0 17745923.0 17741300.0 17747515.0 17740327.0 17745614.0 17740581.0 17747507.0 17739846.0 17745776.0 17739692.0 17746474.0 17749484.0 17750217.0
153 17994548.0 17986544.0 17984030.0 17972812.0 17982376.0 17972410.0 17978933.0 17972551.0 17977444.0 17972625.0 17978850.0 17972691.0 17977516.0 17978134.0 17978494.0 17973009.0 17977629.0 17977357.0 17977011.0 17975525.0 17972203.0 17976795.0 17972286.0 17975315.0 17972281.0 17977173.0 17972038.0 17976308.0 17971917.0 17976414.0 17978054.0 17979026.0
156 18135835.0 18131689.0 18131295.0 18130156.0 18131610.0 18130079.0 18131208.0 18130119.0 18131751.0 18130083.0 18131829.0 18130114.0 18131535.0 18131627.0 18131610.0 18130122.0 18131257.0 18131566.0 18131145.0 18131176.0 18130080.0 18131177.0 18130052.0 18130819.0 18130063.0 18130986.0 18130045.0 18130879.0 18130054.0 18130717.0 18130714.0 18130708.0
159 18462257.0 18458307.0 18456221.0 18447837.0 18454864.0 18446958.0 18452394.0 18447290.0 18453867.0 18447456.0 18454805.0 18447554.0 18452914.0 18453977.0 18455084.0 18447901.0 18453379.0 18454738.0 18453289.0 18452361.0 18446735.0 18452700.0 18446804.0 18451215.0 18446734.0 18452802.0 18446508.0 18452561.0 18446349.0 18452123.0 18452580.0 18452850.0
162 18680512.0 18674751.0 18673607.0 18673821.0 18674127.0 18669660.0 18672712.0 18672226.0 18675003.0 18670029.0 18675973.0 18671078.0 18673949.0 18675171.0 18676265.0 18670961.0 18674526.0 18677381.0 18674674.0 18675251.0 18668488.0 18674075.0 18667717.0 18672766.0 18667879.0 18673969.0 18667461.0 18674973.0 18667399.0 18673235.0 18671669.0 18671284.0
165 18767581.0 18758741.0 18752028.0 18747032.0 18748759.0 18741690.0 18743536.0 18743695.0 18743286.0 18741447.0 18745057.0 18742118.0 18740758.0 18742064.0 18744577.0 18740994.0 18740768.0 18742667.0 18738591.0 18736630.0 18733155.0 18736936.0 18730667.0 18734218.0 18731363.0 18735421.0 18729434.0 18736247.0 18729412.0 18734844.0 18733564.0 18732577.0
168 18755727.0 18755645.0 18745053.0 18735953.0 18743111.0 18734269.0 18739254.0 18735063.0 18737625.0 18734752.0 18739877.0 18734997.0 18737393.0 18736737.0 18736213.0 18734984.0 18735869.0 18735984.0 18735207.0 18733964.0 18732885.0 18734503.0 18732255.0 18732952.0 18732470.0 18733117.0 18731969.0 18733450.0 18731971.0 18733229.0 18733963.0 18735846.0
171 18384293.0 18425646.0 18373845.0 18283774.0 18379446.0 18254757.0 18341339.0 18244781.0 18332143.0 18261280.0 18352776.0 18259746.0 18328362.0 18327304.0 18318805.0 18280032.0 18316529.0 18323684.0 18319767.0 18306207.0 18237164.0 18308739.0 18252665.0 18286201.0 18249016.0 18294635.0 18247153.0 18314483.0 18239343.0 18303453.0 18303903.0 18324458.0
174 10972774.0 11064171.0 10875293.0 11010189.0 11147957.0 11007762.0 10924818.0 10881921.0 11038116.0 11144635.0 11259514.0 11085715.0 10992068.0 11045436.0 10984246.0 11371331.0 10903380.0 11111407.0 11056398.0 10953891.0 10886412.0 10903103.0 11187469.0 10589650.0 11066359.0 10696032.0 11101278.0 11085858.0 10865902.0 10826358.0 10740042.0 10954523.0
177 9810496.0 9754521.0 9601007.0 9834654.0 9864977.0 9853580.0 9660062.0 9718674.0 9748662.0 9966034.0 9953142.0 9912412.0 9701155.0 9766072.0 9701012.0 10173535.0 9617143.0 9800651.0 9770882.0 9663578.0 9712419.0 9620694.0 10012534.0 9317026.0 9866093.0 9405063.0 9925107.0 9787960.0 9669553.0 9526638.0 9440326.0 9629902.0
180 8410272.0 8308162.0 8187289.0 8465997.0 8466226.0 8490708.0 8251505.0 8350201.0 8333440.0 8586924.0 8539869.0 8541570.0 8270099.0 8360277.0 8286932.0 8780167.0 8185732.0 8361039.0 8360629.0 8225663.0 8324793.0 8186908.0 8621529.0 7872487.0 8452337.0 7954514.0 8541772.0 8384731.0 8274158.0 8083443.0 7987220.0 8166335.0
183 122765.0 196946.0 175485.0 188952.0 256369.0 170243.0 171623.0 162540.0 197200.0 198346.0 235068.0 221973.0 171137.0 196618.0 212706.0 258791.0 142637.0 166445.0 180076.0 143122.0 151193.0 165054.0 176093.0 120911.0 158041.0 109193.0 161701.0 231063.0 150809.0 141343.0 147310.0 168909.0
186 653.0 4697.0 11919.0 2197.0 5022.0 3788.0 1175.0 7007.0 15326.0 5626.0 1857.0 24095.0 5720.0 2998.0 28295.0 17097.0 697.0 2588.0 2363.0 5026.0 4668.0 8973.0 2090.0 5777.0 5458.0 838.0 1089.0 17655.0 11855.0 2575.0 13504.0 10636.0
189 368.0 990.0 2521.0 716.0 1036.0 1009.0 454.0 1363.0 3900.0 1159.0 661.0 7414.0 1224.0 746.0 9168.0 4309.0 374.0 676.0 699.0 1083.0 1072.0 1934.0 613.0 1298.0 1092.0 451.0 474.0 4488.0 2607.0 683.0 3240.0 2127.0
192 257.0 542.0 760.0 531.0 581.0 647.0 364.0 682.0 971.0 579.0 487.0 1631.0 608.0 505.0 1960.0 1093.0 251.0 430.0 430.0 533.0 612.0 750.0 402.0 594.0 567.0 316.0 306.0 1141.0 851.0 481.0 894.0 781.0
195 92.0 365.0 532.0 296.0 402.0 404.0 186.0 474.0 559.0 402.0 272.0 832.0 417.0 322.0 842.0 626.0 108.0 233.0 295.0 391.0 409.0 466.0 248.0 412.0 398.0 138.0 186.0 715.0 522.0 307.0 582.0 541.0
198 30.0 229.0 365.0 126.0 233.0 226.0 80.0 318.0 421.0 257.0 130.0 567.0 246.0 185.0 641.0 474.0 32.0 127.0 149.0 229.0 219.0 321.0 117.0 278.0 227.0 51.0 57.0 525.0 367.0 158.0 382.0 397.0
201 6.0 65.0 211.0 42.0 89.0 94.0 17.0 143.0 207.0 122.0 32.0 390.0 109.0 60.0 464.0 279.0 5.0 46.0 36.0 97.0 105.0 168.0 26.0 109.0 102.0 13.0 11.0 290.0 217.0 52.0 243.0 213.0
204 2.0 35.0 115.0 18.0 30.0 18.0 7.0 55.0 132.0 40.0 13.0 240.0 55.0 26.0 277.0 163.0 3.0 15.0 17.0 41.0 36.0 79.0 11.0 73.0 39.0 2.0 4.0 144.0 105.0 19.0 141.0 102.0
207 1.0 10.0 48.0 1.0 7.0 4.0 1.0 31.0 76.0 20.0 4.0 127.0 14.0 5.0 155.0 72.0 2.0 3.0 2.0 10.0 8.0 36.0 1.0 25.0 11.0 1.0 1.0 61.0 51.0 5.0 70.0 39.0
210 0.0 3.0 15.0 3.0 2.0 3.0 0.0 5.0 30.0 4.0 1.0 67.0 7.0 2.0 106.0 28.0 1.0 1.0 1.0 4.0 8.0 10.0 1.0 7.0 6.0 1.0 0.0 27.0 22.0 1.0 31.0 13.0
213 0.0 1.0 7.0 0.0 1.0 4.0 2.0 3.0 11.0 4.0 0.0 25.0 2.0 4.0 32.0 9.0 2.0 2.0 1.0 2.0 4.0 4.0 2.0 2.0 5.0 1.0 3.0 3.0 10.0 0.0 9.0 3.0
216 0.0 0.0 2.0 0.0 1.0 0.0 0.0 3.0 4.0 1.0 1.0 11.0 1.0 0.0 10.0 5.0 0.0 0.0 0.0 2.0 2.0 2.0 0.0 4.0 0.0 0.0 0.0 3.0 2.0 0.0 3.0 3.0
219 2.0 2.0 4.0 1.0 1.0 1.0 2.0 3.0 2.0 1.0 1.0 1.0 1.0 1.0 2.0 3.0 1.0 0.0 2.0 0.0 2.0 2.0 1.0 1.0 0.0 1.0 1.0 3.0 1.0 2.0 0.0 4.0
222 0.0 0.0 2.0 0.0 0.0 0.0 1.0 2.0 1.0 0.0 0.0 5.0 0.0 0.0 2.0 1.0 2.0 1.0 0.0 1.0 1.0 0.0 2.0 0.0 0.0 1.0 1.0 1.0 2.0 0.0 0.0 2.0
225 0.0 0.0 0.0 0.0 0.0 0.0 0.0 0.0 2.0 0.0 0.0 2.0 1.0 1.0 2.0 0.0 0.0 0.0 0.0 0.0 0.0 0.0 0.0 1.0 0.0 0.0 0.0 2.0 2.0 1.0 0.0 0.0
228 0.0 0.0 1.0 1.0 0.0 0.0 0.0 0.0 0.0 0.0 0.0 2.0 0.0 0.0 1.0 1.0 0.0 1.0 0.0 0.0 0.0 3.0 1.0 1.0 1.0 0.0 1.0 1.0 0.0 2.0 1.0 1.0
231 0.0 0.0 0.0 0.0 0.0 0.0 0.0 1.0 0.0 1.0 0.0 1.0 0.0 0.0 0.0 0.0 1.0 0.0 0.0 0.0 0.0 0.0 0.0 0.0 0.0 1.0 0.0 1.0 0.0 0.0 0.0 0.0
234 0.0 1.0 0.0 1.0 1.0 0.0 0.0 2.0 0.0 1.0 0.0 0.0 1.0 1.0 0.0 0.0 0.0 0.0 0.0 1.0 0.0 0.0 0.0 0.0 1.0 0.0 0.0 1.0 1.0 0.0 1.0 1.0
237 0.0 1.0 1.0 0.0 0.0 0.0 0.0 0.0 0.0 0.0 0.0 2.0 0.0 0.0 1.0 0.0 0.0 0.0 0.0 0.0 0.0 1.0 1.0 0.0 0.0 0.0 0.0 1.0 0.0 0.0 0.0 1.0
240 0.0 0.0 0.0 0.0 1.0 1.0 0.0 0.0 0.0 0.0 0.0 0.0 0.0 0.0 0.0 1.0 0.0 0.0 0.0 0.0 0.0 0.0 1.0 1.0 0.0 0.0 0.0 0.0 0.0 0.0 0.0 0.0
243 0.0 0.0 0.0 1.0 0.0 1.0 0.0 1.0 3.0 0.0 1.0 1.0 1.0 1.0 0.0 1.0 0.0 0.0 1.0 0.0 1.0 0.0 1.0 1.0 0.0 0.0 1.0 0.0 0.0 0.0 0.0 1.0
246 0.0 0.0 0.0 0.0 0.0 0.0 0.0 0.0 0.0 0.0 0.0 0.0 0.0 0.0 0.0 0.0 0.0 0.0 0.0 0.0 1.0 0.0 0.0 2.0 0.0 0.0 0.0 0.0 0.0 1.0 0.0 0.0
249 0.0 1.0 0.0 0.0 1.0 0.0 0.0 0.0 1.0 0.0 0.0 0.0 1.0 0.0 0.0 0.0 1.0 1.0 0.0 2.0 0.0 1.0 2.0 0.0 1.0 0.0 0.0 1.0 1.0 0.0 1.0 0.0
252 0.0 0.0 1.0 2.0 1.0 0.0 0.0 1.0 0.0 0.0 0.0 0.0 0.0 0.0 0.0 1.0 0.0 1.0 0.0 0.0 0.0 0.0 0.0 1.0 0.0 0.0 0.0 0.0 0.0 0.0 0.0 1.0
255 0.0 0.0 1.0 0.0 0.0 0.0 0.0 1.0 1.0 0.0 1.0 0.0 1.0 0.0 0.0 1.0 0.0 0.0 0.0 0.0 1.0 0.0 2.0 0.0 1.0 0.0 0.0 0.0 1.0 0.0 1.0 0.0
258 0.0 0.0 0.0 1.0 0.0 0.0 0.0 0.0 0.0 0.0 0.0 1.0 0.0 0.0 1.0 1.0 0.0 0.0 0.0 1.0 0.0 0.0 0.0 0.0 0.0 0.0 0.0 0.0 1.0 0.0 0.0 0.0
261 0.0 0.0 0.0 0.0 0.0 0.0 0.0 0.0 0.0 0.0 0.0 0.0 0.0 0.0 0.0 0.0 0.0 0.0 0.0 0.0 1.0 0.0 0.0 0.0 0.0 0.0 0.0 0.0 0.0 0.0 0.0 1.0
264 0.0 0.0 0.0 1.0 0.0 0.0 0.0 1.0 0.0 1.0 0.0 0.0 0.0 0.0 3.0 0.0 1.0 0.0 0.0 0.0 3.0 0.0 0.0 1.0 0.0 0.0 0.0 1.0 2.0 0.0 0.0 0.0
267 0.0 0.0 0.0 0.0 0.0 0.0 0.0 0.0 0.0 0.0 0.0 0.0 0.0 0.0 1.0 0.0 0.0 0.0 0.0 0.0 0.0 0.0 0.0 0.0 0.0 0.0 0.0 0.0 0.0 0.0 1.0 0.0
270 1.0 0.0 0.0 0.0 0.0 0.0 1.0 0.0 0.0 0.0 0.0 0.0 0.0 0.0 1.0 1.0 0.0 0.0 0.0 0.0 0.0 0.0 0.0 0.0 0.0 0.0 0.0 0.0 0.0 0.0 0.0 0.0
273 0.0 0.0 0.0 0.0 0.0 0.0 0.0 1.0 0.0 0.0 0.0 1.0 0.0 0.0 0.0 0.0 0.0 0.0 0.0 0.0 0.0 0.0 0.0 0.0 0.0 0.0 0.0 0.0 0.0 0.0 0.0 0.0
276 0.0 0.0 0.0 0.0 2.0 0.0 0.0 0.0 1.0 0.0 0.0 0.0 0.0 0.0 0.0 0.0 0.0 0.0 0.0 0.0 1.0 0.0 1.0 0.0 0.0 0.0 0.0 0.0 0.0 0.0 0.0 0.0
279 0.0 0.0 0.0 0.0 0.0 0.0 0.0 0.0 0.0 0.0 0.0 0.0 0.0 0.0 1.0 0.0 0.0 0.0 0.0 0.0 0.0 0.0 0.0 0.0 0.0 0.0 0.0 1.0 0.0 0.0 0.0 0.0
282 0.0 0.0 0.0 0.0 0.0 0.0 0.0 0.0 0.0 0.0 0.0 0.0 0.0 0.0 0.0 0.0 0.0 0.0 1.0 0.0 1.0 1.0 0.0 0.0 0.0 0.0 0.0 0.0 0.0 0.0 0.0 1.0
285 0.0 0.0 0.0 0.0 0.0 0.0 0.0 1.0 0.0 0.0 0.0 0.0 0.0 1.0 1.0 0.0 0.0 0.0 1.0 1.0 0.0 0.0 0.0 0.0 0.0 0.0 0.0 0.0 1.0 0.0 1.0 1.0
288 0.0 0.0 0.0 0.0 0.0 0.0 0.0 0.0 0.0 0.0 0.0 0.0 0.0 0.0 0.0 0.0 0.0 0.0 0.0 0.0 0.0 0.0 0.0 0.0 0.0 0.0 0.0 0.0 0.0 0.0 0.0 0.0
291 0.0 0.0 0.0 0.0 2.0 0.0 1.0 0.0 0.0 0.0 0.0 0.0 0.0 1.0 0.0 0.0 0.0 0.0 0.0 1.0 0.0 0.0 0.0 0.0 0.0 0.0 0.0 0.0 1.0 0.0 0.0 0.0
294 0.0 0.0 0.0 0.0 0.0 0.0 0.0 0.0 0.0 0.0 0.0 1.0 0.0 0.0 1.0 0.0 0.0 0.0 0.0 0.0 0.0 0.0 0.0 0.0 0.0 0.0 0.0 0.0 0.0 0.0 0.0 0.0
297 0.0 0.0 0.0 0.0 0.0 1.0 0.0 0.0 0.0 0.0 0.0 0.0 0.0 0.0 0.0 0.0 0.0 0.0 0.0 0.0 0.0 0.0 0.0 0.0 0.0 0.0 0.0 0.0 0.0 0.0 1.0 0.0
300 0.0 0.0 0.0 1.0 0.0 0.0 0.0 0.0 0.0 0.0 0.0 0.0 0.0 0.0 0.0 0.0 0.0 0.0 0.0 1.0 0.0 0.0 0.0 1.0 1.0 0.0 0.0 1.0 1.0 1.0 0.0 0.0
303 0.0 0.0 0.0 0.0 0.0 1.0 0.0 0.0 0.0 0.0 0.0 0.0 0.0 0.0 0.0 0.0 0.0 0.0 0.0 1.0 0.0 0.0 0.0 0.0 0.0 0.0 0.0 0.0 0.0 0.0 0.0 0.0
306 0.0 0.0 0.0 0.0 0.0 0.0 0.0 0.0 0.0 0.0 0.0 0.0 0.0 0.0 2.0 0.0 0.0 0.0 0.0 1.0 0.0 0.0 0.0 1.0 0.0 0.0 0.0 0.0 0.0 0.0 0.0 0.0
309 0.0 0.0 0.0 0.0 0.0 0.0 0.0 0.0 0.0 0.0 0.0 0.0 0.0 0.0 0.0 0.0 0.0 0.0 0.0 0.0 0.0 0.0 0.0 0.0 0.0 0.0 0.0 0.0 0.0 0.0 0.0 0.0
312 0.0 0.0 1.0 0.0 0.0 0.0 1.0 0.0 0.0 0.0 0.0 0.0 0.0 0.0 0.0 0.0 0.0 0.0 0.0 1.0 0.0 0.0 0.0 0.0 0.0 0.0 0.0 0.0 0.0 0.0 0.0 0.0
315 0.0 0.0 0.0 0.0 0.0 0.0 0.0 0.0 0.0 0.0 0.0 0.0 0.0 0.0 0.0 0.0 0.0 0.0 0.0 0.0 0.0 0.0 0.0 0.0 0.0 0.0 0.0 0.0 0.0 0.0 1.0 0.0
318 0.0 0.0 0.0 0.0 0.0 0.0 0.0 0.0 0.0 0.0 1.0 0.0 0.0 0.0 0.0 0.0 1.0 0.0 2.0 0.0 0.0 0.0 0.0 1.0 1.0 0.0 0.0 1.0 0.0 0.0 0.0 0.0
321 0.0 0.0 0.0 0.0 0.0 0.0 0.0 0.0 0.0 2.0 0.0 0.0 1.0 0.0 1.0 2.0 0.0 0.0 1.0 0.0 0.0 0.0 0.0 0.0 0.0 0.0 0.0 0.0 1.0 0.0 0.0 0.0
324 0.0 0.0 0.0 0.0 0.0 0.0 0.0 0.0 0.0 0.0 0.0 0.0 0.0 0.0 0.0 0.0 0.0 0.0 0.0 0.0 0.0 0.0 0.0 0.0 0.0 0.0 0.0 0.0 0.0 0.0 0.0 0.0
327 0.0 0.0 0.0 0.0 0.0 0.0 0.0 0.0 0.0 0.0 0.0 0.0 0.0 0.0 1.0 0.0 0.0 0.0 0.0 0.0 0.0 0.0 0.0 0.0 0.0 0.0 0.0 0.0 0.0 0.0 0.0 0.0
330 0.0 0.0 0.0 0.0 0.0 0.0 0.0 0.0 0.0 0.0 0.0 0.0 0.0 0.0 0.0 0.0 0.0 0.0 0.0 0.0 0.0 0.0 0.0 0.0 0.0 0.0 0.0 0.0 0.0 0.0 0.0 0.0
333 0.0 0.0 0.0 0.0 0.0 0.0 0.0 0.0 0.0 0.0 0.0 0.0 0.0 0.0 0.0 0.0 0.0 0.0 0.0 0.0 0.0 0.0 0.0 0.0 0.0 0.0 0.0 0.0 0.0 0.0 0.0 0.0
336 0.0 0.0 0.0 0.0 0.0 0.0 0.0 0.0 0.0 0.0 0.0 0.0 0.0 0.0 0.0 0.0 0.0 0.0 0.0 0.0 0.0 0.0 0.0 0.0 0.0 0.0 0.0 0.0 0.0 0.0 0.0 0.0
339 0.0 0.0 0.0 0.0 0.0 0.0 0.0 0.0 0.0 0.0 0.0 0.0 0.0 0.0 0.0 0.0 0.0 0.0 0.0 0.0 0.0 0.0 0.0 0.0 0.0 0.0 0.0 0.0 0.0 0.0 0.0 0.0
342 0.0 0.0 0.0 0.0 0.0 0.0 0.0 0.0 0.0 0.0 0.0 0.0 0.0 0.0 0.0 0.0 0.0 0.0 0.0 0.0 0.0 0.0 0.0 0.0 0.0 1.0 0.0 0.0 0.0 0.0 0.0 1.0
345 0.0 0.0 0.0 0.0 0.0 0.0 0.0 0.0 0.0 0.0 0.0 0.0 0.0 0.0 0.0 0.0 0.0 0.0 0.0 0.0 0.0 0.0 0.0 1.0 0.0 0.0 0.0 0.0 0.0 0.0 0.0 0.0
348 0.0 0.0 0.0 0.0 0.0 0.0 0.0 0.0 0.0 0.0 0.0 0.0 0.0 0.0 0.0 1.0 0.0 0.0 0.0 0.0 0.0 0.0 0.0 0.0 0.0 0.0 0.0 0.0 0.0 0.0 0.0 0.0
351 0.0 0.0 0.0 0.0 0.0 0.0 0.0 0.0 0.0 0.0 0.0 0.0 0.0 0.0 0.0 0.0 0.0 0.0 0.0 0.0 0.0 0.0 0.0 0.0 0.0 0.0 0.0 1.0 0.0 0.0 0.0 0.0
354 0.0 0.0 0.0 0.0 0.0 0.0 0.0 0.0 0.0 0.0 0.0 0.0 0.0 0.0 0.0 0.0 0.0 0.0 0.0 0.0 0.0 0.0 0.0 0.0 0.0 1.0 0.0 0.0 0.0 0.0 0.0 0.0
357 0.0 0.0 0.0 0.0 0.0 0.0 0.0 0.0 0.0 0.0 0.0 0.0 0.0 0.0 0.0 0.0 0.0 0.0 0.0 0.0 0.0 0.0 0.0 1.0 0.0 0.0 0.0 0.0 1.0 0.0 0.0 0.0
