150 4854.0 4687.0 4486.0 4584.0 4517.0 4451.0 4229.0 4972.0 4002.0 5246.0 4353.0 6519.0 4132.0 4229.0 4851.0 4110.0 4549.0 3965.0 4060.0 4249.0 5300.0 5529.0 4637.0 4482.0 4102.0 4375.0 4340.0 4529.0 4792.0 4284.0 4717.0 4450.0
153 18090088.0 18089415.0 18081897.0 18067806.0 18075463.0 18066590.0 18074450.0 18067212.0 18071895.0 18067933.0 18073426.0 18069772.0 18073094.0 18073813.0 18073804.0 18067007.0 18073514.0 18071487.0 18072235.0 18071392.0 18067970.0 18074066.0 18066823.0 18069483.0 18064122.0 18068588.0 18066171.0 18069166.0 18067208.0 18069761.0 18072595.0 18074705.0
156 18664900.0 18663588.0 18655887.0 18641618.0 18649674.0 18640822.0 18648464.0 18640793.0 18645890.0 18641030.0 18645967.0 18640935.0 18646526.0 18646824.0 18645038.0 18641296.0 18645768.0 18644735.0 18644447.0 18643469.0 18640598.0 18645137.0 18640079.0 18642261.0 18640133.0 18642401.0 18639880.0 18642782.0 18639954.0 18643753.0 18645245.0 18647741.0
159 19021168.0 19018753.0 19011500.0 18994510.0 19005281.0 18993521.0 19003670.0 18993133.0 19001318.0 18993653.0 19001389.0 18993890.0 19002549.0 19003062.0 19001541.0 18994055.0 19001756.0 19000418.0 19000136.0 18998768.0 18992759.0 19000466.0 18991803.0 18996477.0 18991625.0 18996766.0 18991264.0 18997011.0 18991546.0 18998636.0 19000336.0 19002642.0
162 19443938.0 19441908.0 19436834.0 19424344.0 19432361.0 19423404.0 19430888.0 19422965.0 19429593.0 19423604.0 19428641.0 19423789.0 19430838.0 19430661.0 19428792.0 19423462.0 19429470.0 19428698.0 19427730.0 19426754.0 19422038.0 19427727.0 19421659.0 19425120.0 19421349.0 19425611.0 19420841.0 19425633.0 19420821.0 19427048.0 19426585.0 19427959.0
165 19724821.0 19723674.0 19720641.0 19715072.0 19718355.0 19714813.0 19717881.0 19714411.0 19718259.0 19714817.0 19717284.0 19714713.0 19719228.0 19718960.0 19718377.0 19714566.0 19718556.0 19718116.0 19717557.0 19716905.0 19713766.0 19717320.0 19713433.0 19715911.0 19713354.0 19716246.0 19713085.0 19716112.0 19713059.0 19717158.0 19717053.0 19717960.0
168 19929237.0 19928098.0 19925717.0 19922267.0 19924085.0 19921874.0 19923909.0 19921490.0 19924217.0 19921973.0 19923603.0 19921782.0 19924845.0 19924927.0 19924347.0 19921283.0 19924569.0 19924551.0 19923869.0 19923373.0 19920860.0 19923888.0 19920634.0 19922756.0 19920462.0 19923072.0 19920373.0 19923080.0 19920301.0 19923968.0 19923748.0 19924402.0
171 19997758.0 19997665.0 19997201.0 19997232.0 19996873.0 19997960.0 19996700.0 19996970.0 19996703.0 19997824.0 19996366.0 19997535.0 19997085.0 19996741.0 19996864.0 19996618.0 19996566.0 19996594.0 19996252.0 19995936.0 19995671.0 19995919.0 19995486.0 19995637.0 19995354.0 19995649.0 19995125.0 19995617.0 19995029.0 19995806.0 19995755.0 19995830.0
174 19903086.0 19901786.0 19899323.0 19893077.0 19896636.0 19890706.0 19895187.0 19889714.0 19893532.0 19891713.0 19892742.0 19890012.0 19893923.0 19892495.0 19892352.0 19891116.0 19890137.0 19890232.0 19889016.0 19888064.0 19887574.0 19886959.0 19886149.0 19886076.0 19885650.0 19885672.0 19884347.0 19885053.0 19884615.0 19885404.0 19885268.0 19885300.0
177 19526669.0 19518675.0 19506005.0 19409730.0 19485753.0 19377081.0 19480405.0 19379712.0 19460954.0 19376353.0 19447840.0 19365896.0 19466845.0 19458915.0 19440912.0 19408638.0 19433124.0 19449453.0 19432397.0 19418168.0 19368474.0 19414039.0 19360469.0 19403383.0 19381065.0 19410870.0 19357754.0 19413015.0 19363543.0 19423494.0 19419397.0 19430608.0
180 11260760.0 11182845.0 11201648.0 10815150.0 11089271.0 10638113.0 11094936.0 10738441.0 11055305.0 10721661.0 10888770.0 10564515.0 11217185.0 11154748.0 10909740.0 11216547.0 10875630.0 11192707.0 10952361.0 10829732.0 10731508.0 10760672.0 10701442.0 10682443.0 11064176.0 10826136.0 10709811.0 10877121.0 10738916.0 11038087.0 10912924.0 11023986.0
183 6731058.0 6713181.0 6815069.0 6719124.0 6787142.0 6532150.0 6791709.0 6649426.0 6779573.0 6626504.0 6622047.0 6469633.0 6962904.0 6890321.0 6639616.0 7131011.0 6604078.0 6924055.0 6669145.0 6545607.0 6619619.0 6477145.0 6588613.0 6384534.0 6990293.0 6527435.0 6594049.0 6587130.0 6622031.0 6741991.0 6612004.0 6702950.0
186 8250108.0 8234020.0 8427352.0 8847762.0 8399766.0 8584167.0 8414325.0 8808634.0 8462538.0 8764430.0 8248194.0 8496577.0 8778538.0 8660878.0 8277766.0 9582527.0 8245791.0 8727178.0 8332264.0 8153290.0 8689490.0 8027858.0 8675185.0 7899320.0 9329248.0 8083523.0 8702818.0 8185783.0 8707563.0 8387803.0 8146844.0 8217626.0
189 54313.0 50146.0 72970.0 78678.0 92189.0 49421.0 80742.0 76632.0 72379.0 85209.0 39933.0 63725.0 135827.0 104563.0 85445.0 147869.0 42793.0 108705.0 41650.0 23331.0 68034.0 22029.0 48988.0 18480.0 107947.0 46522.0 43296.0 44867.0 55618.0 75292.0 57108.0 58672.0
192 4986.0 2359.0 3613.0 4106.0 15002.0 2823.0 5589.0 7812.0 3034.0 8250.0 1414.0 12449.0 9692.0 4828.0 12038.0 5890.0 2564.0 4376.0 1410.0 856.0 6577.0 1291.0 2252.0 1212.0 6717.0 5380.0 2190.0 3068.0 3800.0 12351.0 5979.0 10610.0
195 1338.0 882.0 976.0 1146.0 3323.0 933.0 1296.0 1684.0 897.0 1681.0 714.0 2773.0 1746.0 1158.0 2587.0 973.0 931.0 924.0 610.0 606.0 1566.0 812.0 789.0 673.0 1415.0 1503.0 699.0 1068.0 1158.0 2802.0 1529.0 2470.0
198 950.0 688.0 672.0 791.0 1248.0 686.0 856.0 1049.0 722.0 982.0 528.0 1049.0 916.0 794.0 1093.0 703.0 689.0 633.0 471.0 420.0 1004.0 606.0 579.0 519.0 1037.0 935.0 502.0 749.0 796.0 1109.0 1042.0 1048.0
201 677.0 480.0 523.0 554.0 939.0 538.0 654.0 818.0 504.0 780.0 309.0 847.0 723.0 651.0 803.0 481.0 546.0 438.0 234.0 200.0 836.0 382.0 368.0 310.0 697.0 745.0 295.0 593.0 621.0 783.0 817.0 773.0
204 464.0 266.0 318.0 384.0 716.0 312.0 473.0 573.0 257.0 538.0 141.0 675.0 496.0 402.0 624.0 291.0 316.0 233.0 88.0 59.0 565.0 166.0 184.0 133.0 452.0 430.0 161.0 314.0 384.0 546.0 526.0 588.0
207 206.0 78.0 131.0 164.0 479.0 141.0 185.0 355.0 88.0 347.0 33.0 466.0 279.0 161.0 370.0 105.0 149.0 101.0 21.0 12.0 326.0 40.0 60.0 38.0 160.0 245.0 32.0 117.0 162.0 338.0 258.0 335.0
210 73.0 23.0 33.0 41.0 241.0 24.0 50.0 118.0 22.0 162.0 7.0 253.0 154.0 34.0 207.0 17.0 39.0 15.0 3.0 2.0 104.0 8.0 13.0 4.0 55.0 103.0 5.0 41.0 41.0 161.0 87.0 149.0
213 19.0 7.0 6.0 12.0 108.0 10.0 18.0 36.0 4.0 58.0 0.0 107.0 38.0 7.0 80.0 0.0 13.0 5.0 1.0 2.0 32.0 3.0 3.0 2.0 11.0 28.0 1.0 9.0 9.0 72.0 29.0 68.0
216 8.0 2.0 2.0 1.0 40.0 2.0 6.0 13.0 1.0 6.0 2.0 47.0 6.0 4.0 24.0 3.0 3.0 4.0 1.0 1.0 13.0 1.0 2.0 1.0 3.0 9.0 0.0 7.0 2.0 25.0 8.0 20.0
219 5.0 1.0 1.0 1.0 10.0 2.0 2.0 4.0 0.0 9.0 2.0 10.0 1.0 4.0 7.0 1.0 5.0 2.0 1.0 0.0 5.0 2.0 1.0 2.0 6.0 6.0 0.0 3.0 2.0 7.0 1.0 10.0
222 2.0 3.0 0.0 0.0 5.0 0.0 1.0 4.0 3.0 1.0 1.0 6.0 3.0 1.0 6.0 2.0 0.0 1.0 1.0 2.0 2.0 0.0 0.0 0.0 5.0 7.0 0.0 4.0 1.0 5.0 1.0 5.0
225 2.0 1.0 0.0 1.0 1.0 0.0 4.0 0.0 2.0 2.0 0.0 5.0 0.0 1.0 1.0 0.0 1.0 0.0 1.0 0.0 0.0 0.0 0.0 4.0 0.0 0.0 0.0 1.0 0.0 2.0 1.0 2.0
228 2.0 0.0 0.0 1.0 1.0 0.0 2.0 2.0 0.0 1.0 1.0 2.0 1.0 0.0 5.0 0.0 1.0 0.0 0.0 0.0 1.0 0.0 0.0 0.0 0.0 3.0 0.0 0.0 1.0 1.0 0.0 2.0
231 1.0 1.0 2.0 0.0 1.0 1.0 1.0 0.0 0.0 0.0 0.0 0.0 0.0 0.0 1.0 0.0 0.0 0.0 0.0 0.0 1.0 0.0 0.0 0.0 0.0 1.0 0.0 0.0 0.0 0.0 0.0 0.0
234 2.0 1.0 0.0 0.0 1.0 0.0 1.0 1.0 1.0 1.0 0.0 3.0 0.0 0.0 1.0 0.0 0.0 0.0 0.0 0.0 1.0 0.0 0.0 1.0 1.0 1.0 0.0 0.0 0.0 1.0 0.0 3.0
237 1.0 0.0 0.0 0.0 0.0 0.0 0.0 0.0 1.0 0.0 0.0 0.0 0.0 1.0 0.0 0.0 1.0 0.0 0.0 0.0 0.0 0.0 0.0 0.0 0.0 0.0 0.0 0.0 1.0 0.0 0.0 0.0
240 0.0 0.0 0.0 0.0 0.0 1.0 1.0 0.0 0.0 1.0 0.0 1.0 1.0 2.0 0.0 0.0 0.0 0.0 1.0 2.0 1.0 0.0 0.0 0.0 1.0 0.0 1.0 0.0 0.0 0.0 1.0 1.0
243 0.0 0.0 0.0 0.0 1.0 0.0 0.0 1.0 0.0 1.0 1.0 0.0 0.0 1.0 0.0 0.0 0.0 0.0 1.0 0.0 0.0 0.0 1.0 0.0 0.0 0.0 0.0 0.0 0.0 1.0 1.0 0.0
246 0.0 0.0 0.0 0.0 0.0 0.0 0.0 0.0 0.0 0.0 0.0 0.0 0.0 0.0 0.0 1.0 0.0 0.0 0.0 0.0 1.0 0.0 0.0 0.0 0.0 0.0 0.0 0.0 0.0 0.0 0.0 1.0
249 0.0 0.0 0.0 2.0 0.0 0.0 0.0 1.0 1.0 0.0 0.0 0.0 0.0 0.0 0.0 0.0 3.0 0.0 1.0 0.0 1.0 2.0 1.0 0.0 0.0 0.0 0.0 0.0 0.0 0.0 0.0 1.0
252 0.0 0.0 0.0 0.0 0.0 0.0 0.0 0.0 0.0 0.0 0.0 1.0 0.0 0.0 0.0 0.0 0.0 0.0 0.0 0.0 0.0 1.0 0.0 0.0 0.0 0.0 0.0 0.0 0.0 0.0 0.0 0.0
255 0.0 0.0 0.0 0.0 0.0 0.0 0.0 0.0 0.0 0.0 0.0 1.0 0.0 0.0 0.0 0.0 0.0 0.0 0.0 2.0 1.0 1.0 1.0 0.0 0.0 4.0 1.0 1.0 1.0 0.0 1.0 2.0
258 0.0 0.0 0.0 0.0 0.0 0.0 0.0 0.0 0.0 0.0 0.0 0.0 0.0 0.0 0.0 0.0 0.0 0.0 0.0 0.0 0.0 0.0 0.0 0.0 0.0 0.0 0.0 0.0 0.0 0.0 0.0 0.0
261 0.0 0.0 0.0 1.0 2.0 0.0 0.0 1.0 0.0 0.0 0.0 0.0 1.0 0.0 1.0 0.0 0.0 0.0 0.0 0.0 1.0 1.0 0.0 0.0 0.0 1.0 0.0 0.0 1.0 0.0 0.0 0.0
264 1.0 0.0 0.0 0.0 0.0 0.0 0.0 0.0 0.0 0.0 0.0 0.0 1.0 0.0 0.0 0.0 1.0 0.0 0.0 0.0 1.0 1.0 0.0 0.0 0.0 1.0 0.0 0.0 0.0 0.0 0.0 0.0
267 2.0 1.0 0.0 0.0 1.0 1.0 1.0 0.0 0.0 0.0 1.0 1.0 0.0 0.0 0.0 2.0 0.0 0.0 0.0 0.0 0.0 2.0 1.0 0.0 0.0 1.0 0.0 1.0 1.0 1.0 1.0 0.0
270 0.0 0.0 1.0 0.0 1.0 0.0 0.0 0.0 1.0 0.0 0.0 0.0 0.0 0.0 0.0 1.0 0.0 0.0 0.0 0.0 0.0 0.0 0.0 0.0 0.0 0.0 0.0 0.0 0.0 0.0 0.0 0.0
273 0.0 0.0 0.0 0.0 1.0 0.0 0.0 0.0 0.0 0.0 0.0 0.0 0.0 0.0 0.0 0.0 0.0 0.0 0.0 0.0 1.0 0.0 0.0 1.0 0.0 0.0 0.0 0.0 0.0 0.0 0.0 0.0
276 1.0 0.0 0.0 0.0 0.0 0.0 0.0 0.0 0.0 0.0 0.0 1.0 1.0 0.0 0.0 1.0 0.0 0.0 0.0 1.0 0.0 0.0 0.0 0.0 0.0 0.0 0.0 0.0 0.0 0.0 0.0 0.0
279 0.0 0.0 0.0 0.0 1.0 0.0 0.0 0.0 0.0 0.0 0.0 0.0 0.0 0.0 0.0 0.0 0.0 0.0 0.0 0.0 0.0 0.0 0.0 0.0 0.0 0.0 0.0 0.0 0.0 0.0 0.0 0.0
282 0.0 0.0 0.0 0.0 0.0 0.0 0.0 0.0 0.0 0.0 0.0 0.0 0.0 0.0 0.0 0.0 0.0 0.0 0.0 0.0 0.0 0.0 0.0 0.0 0.0 0.0 0.0 0.0 1.0 1.0 0.0 0.0
285 1.0 0.0 0.0 0.0 0.0 0.0 1.0 0.0 0.0 0.0 0.0 0.0 0.0 0.0 0.0 0.0 0.0 0.0 0.0 0.0 0.0 0.0 0.0 0.0 0.0 0.0 0.0 0.0 0.0 0.0 0.0 0.0
288 0.0 0.0 0.0 0.0 0.0 0.0 0.0 1.0 0.0 0.0 0.0 0.0 0.0 0.0 0.0 0.0 0.0 0.0 0.0 0.0 0.0 0.0 0.0 0.0 0.0 0.0 0.0 0.0 0.0 0.0 0.0 0.0
291 0.0 0.0 0.0 0.0 1.0 0.0 0.0 0.0 1.0 0.0 0.0 0.0 1.0 0.0 0.0 0.0 1.0 1.0 1.0 0.0 0.0 0.0 0.0 0.0 0.0 0.0 0.0 0.0 0.0 0.0 1.0 1.0
294 0.0 0.0 0.0 0.0 0.0 0.0 0.0 0.0 0.0 0.0 0.0 1.0 0.0 0.0 0.0 0.0 0.0 0.0 0.0 0.0 0.0 0.0 0.0 0.0 0.0 0.0 0.0 0.0 0.0 0.0 0.0 0.0
297 1.0 1.0 0.0 0.0 0.0 0.0 0.0 0.0 0.0 0.0 0.0 0.0 0.0 0.0 0.0 0.0 0.0 1.0 0.0 0.0 1.0 0.0 1.0 0.0 1.0 0.0 0.0 1.0 0.0 0.0 0.0 0.0
300 0.0 0.0 0.0 0.0 0.0 0.0 0.0 0.0 0.0 0.0 0.0 0.0 0.0 0.0 0.0 0.0 0.0 0.0 0.0 0.0 0.0 0.0 0.0 0.0 0.0 0.0 0.0 0.0 0.0 0.0 0.0 0.0
303 0.0 0.0 0.0 0.0 0.0 0.0 0.0 1.0 0.0 1.0 0.0 0.0 0.0 0.0 0.0 0.0 0.0 0.0 0.0 1.0 0.0 0.0 0.0 0.0 0.0 1.0 0.0 0.0 0.0 0.0 0.0 0.0
306 1.0 0.0 0.0 0.0 0.0 0.0 0.0 0.0 0.0 0.0 0.0 0.0 0.0 0.0 0.0 0.0 0.0 0.0 0.0 0.0 0.0 1.0 1.0 0.0 0.0 1.0 0.0 0.0 1.0 0.0 0.0 0.0
309 0.0 0.0 0.0 0.0 0.0 0.0 0.0 0.0 0.0 0.0 0.0 0.0 0.0 0.0 0.0 0.0 0.0 0.0 0.0 0.0 0.0 0.0 0.0 1.0 0.0 0.0 0.0 1.0 0.0 0.0 0.0 0.0
312 0.0 1.0 0.0 0.0 0.0 0.0 0.0 0.0 0.0 1.0 0.0 0.0 0.0 0.0 0.0 0.0 0.0 0.0 0.0 0.0 0.0 0.0 0.0 0.0 1.0 0.0 0.0 0.0 1.0 0.0 0.0 0.0
315 0.0 0.0 0.0 0.0 1.0 0.0 0.0 0.0 0.0 0.0 0.0 0.0 0.0 0.0 0.0 0.0 0.0 0.0 0.0 0.0 0.0 0.0 0.0 0.0 0.0 0.0 0.0 0.0 0.0 0.0 0.0 0.0
318 0.0 0.0 0.0 0.0 0.0 1.0 0.0 0.0 0.0 1.0 1.0 0.0 1.0 1.0 0.0 0.0 0.0 0.0 0.0 0.0 1.0 0.0 0.0 0.0 0.0 0.0 0.0 0.0 0.0 0.0 0.0 1.0
321 0.0 0.0 0.0 0.0 0.0 0.0 0.0 0.0 0.0 0.0 0.0 0.0 0.0 0.0 0.0 0.0 0.0 0.0 0.0 0.0 0.0 0.0 0.0 0.0 0.0 0.0 0.0 0.0 0.0 0.0 0.0 0.0
324 0.0 0.0 0.0 1.0 0.0 0.0 0.0 1.0 2.0 1.0 0.0 1.0 0.0 1.0 0.0 0.0 0.0 0.0 0.0 0.0 1.0 0.0 2.0 0.0 0.0 0.0 0.0 0.0 0.0 0.0 0.0 1.0
327 0.0 0.0 0.0 0.0 0.0 0.0 0.0 0.0 0.0 0.0 0.0 0.0 0.0 0.0 0.0 0.0 0.0 0.0 0.0 0.0 0.0 0.0 0.0 0.0 0.0 0.0 0.0 0.0 0.0 0.0 0.0 0.0
330 0.0 1.0 1.0 0.0 0.0 0.0 0.0 1.0 0.0 0.0 0.0 0.0 0.0 0.0 0.0 0.0 0.0 0.0 0.0 0.0 1.0 1.0 0.0 0.0 0.0 0.0 0.0 0.0 0.0 0.0 0.0 0.0
333 0.0 0.0 0.0 1.0 1.0 0.0 0.0 0.0 0.0 0.0 0.0 0.0 0.0 1.0 0.0 1.0 0.0 0.0 0.0 0.0 0.0 0.0 0.0 0.0 0.0 1.0 0.0 0.0 0.0 1.0 1.0 0.0
336 0.0 0.0 0.0 0.0 0.0 0.0 0.0 0.0 0.0 0.0 0.0 0.0 0.0 0.0 1.0 0.0 0.0 0.0 0.0 0.0 0.0 0.0 0.0 0.0 0.0 0.0 0.0 0.0 0.0 0.0 0.0 0.0
339 1.0 0.0 0.0 0.0 0.0 1.0 0.0 0.0 0.0 1.0 1.0 1.0 0.0 0.0 0.0 0.0 0.0 0.0 0.0 0.0 0.0 0.0 0.0 0.0 0.0 0.0 0.0 0.0 1.0 0.0 1.0 2.0
342 0.0 0.0 0.0 0.0 0.0 0.0 0.0 0.0 0.0 0.0 0.0 0.0 0.0 0.0 0.0 0.0 0.0 0.0 0.0 0.0 0.0 0.0 0.0 0.0 0.0 0.0 0.0 0.0 0.0 0.0 0.0 0.0
345 0.0 0.0 0.0 0.0 0.0 0.0 0.0 1.0 0.0 1.0 0.0 0.0 0.0 0.0 0.0 0.0 0.0 0.0 0.0 0.0 0.0 0.0 0.0 0.0 0.0 0.0 0.0 0.0 1.0 0.0 0.0 0.0
348 0.0 0.0 0.0 0.0 0.0 0.0 0.0 0.0 0.0 0.0 0.0 0.0 0.0 0.0 0.0 0.0 0.0 0.0 0.0 0.0 0.0 0.0 0.0 0.0 0.0 0.0 0.0 0.0 0.0 0.0 0.0 0.0
351 0.0 0.0 0.0 1.0 0.0 0.0 0.0 0.0 0.0 0.0 0.0 0.0 0.0 0.0 0.0 0.0 1.0 0.0 1.0 0.0 0.0 0.0 0.0 0.0 0.0 0.0 0.0 0.0 0.0 0.0 1.0 0.0
354 0.0 0.0 0.0 0.0 1.0 0.0 0.0 0.0 0.0 0.0 0.0 0.0 0.0 0.0 0.0 1.0 0.0 0.0 0.0 0.0 0.0 0.0 0.0 1.0 0.0 1.0 0.0 0.0 1.0 0.0 0.0 0.0
357 0.0 0.0 0.0 0.0 0.0 0.0 0.0 0.0 0.0 1.0 0.0 0.0 0.0 0.0 0.0 0.0 0.0 0.0 0.0 0.0 1.0 0.0 0.0 0.0 0.0 0.0 0.0 0.0 0.0 0.0 0.0 0.0
