150 49.0 20.0 116.0 33.0 27.0 101.0 11.0 87.0 19.0 92.0 12.0 344.0 128.0 69.0 864.0 77.0 80.0 11.0 62.0 258.0 37.0 12.0 24.0 61.0 33.0 82.0 182.0 29.0 57.0 7.0 176.0 48.0
153 16602800.0 16597444.0 16597726.0 16583866.0 16596514.0 16585173.0 16588419.0 16588252.0 16590177.0 16587611.0 16594487.0 16591722.0 16594652.0 16598891.0 16598666.0 16589131.0 16590568.0 16591337.0 16588551.0 16590304.0 16581558.0 16586086.0 16580937.0 16581833.0 16579040.0 16584992.0 16579969.0 16577085.0 16574950.0 16574470.0 16587212.0 16584803.0
156 17796419.0 17794703.0 17792396.0 17788351.0 17792987.0 17787828.0 17792136.0 17788404.0 17793140.0 17789304.0 17792964.0 17788759.0 17791414.0 17795522.0 17790713.0 17791216.0 17790274.0 17793418.0 17790629.0 17789678.0 17788174.0 17790556.0 17787907.0 17789514.0 17787567.0 17790092.0 17786708.0 17789068.0 17786864.0 17789259.0 17790884.0 17791492.0
159 18054872.0 18060860.0 18058521.0 18051654.0 18056355.0 18051580.0 18054217.0 18051739.0 18054090.0 18051920.0 18053782.0 18051913.0 18054037.0 18055422.0 18054176.0 18052646.0 18053207.0 18053815.0 18053151.0 18053593.0 18051598.0 18052916.0 18051560.0 18053112.0 18051526.0 18054030.0 18051243.0 18053179.0 18051359.0 18053539.0 18057318.0 18058937.0
162 18311091.0 18331202.0 18323053.0 18300822.0 18311860.0 18300811.0 18303442.0 18300809.0 18301887.0 18300814.0 18302087.0 18300819.0 18303664.0 18301673.0 18303218.0 18300814.0 18301422.0 18301024.0 18301283.0 18302288.0 18300807.0 18300972.0 18300806.0 18301038.0 18300807.0 18301620.0 18300807.0 18301040.0 18300807.0 18300975.0 18302501.0 18302491.0
165 18507524.0 18508108.0 18505400.0 18494905.0 18504379.0 18494799.0 18500255.0 18494879.0 18499320.0 18494987.0 18499339.0 18494930.0 18500138.0 18499971.0 18499621.0 18495263.0 18497445.0 18496964.0 18497167.0 18498372.0 18494683.0 18496494.0 18494744.0 18496675.0 18494626.0 18498238.0 18494532.0 18496655.0 18494579.0 18496657.0 18500509.0 18500340.0
168 18655189.0 18651702.0 18650422.0 18645731.0 18651108.0 18645372.0 18650643.0 18645293.0 18651256.0 18645840.0 18651460.0 18645891.0 18650332.0 18653357.0 18649980.0 18646401.0 18648867.0 18650203.0 18649047.0 18648738.0 18644915.0 18648996.0 18644816.0 18648644.0 18644725.0 18649752.0 18644626.0 18647919.0 18644665.0 18647845.0 18648689.0 18648565.0
171 18712386.0 18712284.0 18711356.0 18711166.0 18711166.0 18709899.0 18710953.0 18709706.0 18711586.0 18710003.0 18711474.0 18710165.0 18711037.0 18712719.0 18710828.0 18709955.0 18710553.0 18711873.0 18710749.0 18710260.0 18708980.0 18711074.0 18708871.0 18710533.0 18708810.0 18710620.0 18708661.0 18710216.0 18708724.0 18710341.0 18710520.0 18710305.0
174 18712071.0 18716243.0 18708735.0 18705093.0 18709800.0 18703890.0 18707378.0 18703989.0 18706473.0 18704709.0 18706774.0 18704644.0 18704788.0 18705660.0 18703094.0 18704322.0 18702553.0 18704567.0 18702568.0 18701889.0 18701534.0 18702244.0 18700834.0 18701476.0 18700656.0 18701682.0 18700077.0 18700960.0 18700099.0 18701394.0 18701020.0 18701329.0
177 18221255.0 18293244.0 18243842.0 18178370.0 18256804.0 18170057.0 18238297.0 18172832.0 18222005.0 18175234.0 18235296.0 18170740.0 18209743.0 18212291.0 18198369.0 18192110.0 18203072.0 18221209.0 18206200.0 18196196.0 18174485.0 18205136.0 18171371.0 18199774.0 18171678.0 18204172.0 18163082.0 18202918.0 18169266.0 18218655.0 18204263.0 18220647.0
180 11360127.0 11476414.0 11281462.0 11171997.0 11423472.0 11146863.0 11406524.0 11151028.0 11377342.0 11214605.0 11496177.0 11110843.0 11244308.0 11332078.0 11173600.0 11402117.0 11236944.0 11524556.0 11312851.0 11129766.0 11181884.0 11352934.0 11214920.0 11276136.0 11216166.0 11284517.0 11053182.0 11314644.0 11166051.0 11596401.0 11228463.0 11483735.0
183 10228833.0 10084407.0 9976525.0 10028550.0 10107126.0 10013125.0 10115837.0 10002275.0 10110744.0 10063544.0 10215604.0 9934706.0 9968687.0 10066908.0 9902699.0 10248759.0 9952814.0 10247266.0 10031237.0 9823781.0 9997227.0 10067980.0 10047115.0 9991431.0 10034043.0 9983046.0 9858865.0 10014257.0 9983799.0 10299452.0 9907757.0 10167254.0
186 10616841.0 10180568.0 10104227.0 10369121.0 10249766.0 10379469.0 10275110.0 10347701.0 10289139.0 10406382.0 10399814.0 10234657.0 10117165.0 10237654.0 10046189.0 10581356.0 10104895.0 10443976.0 10203774.0 9930249.0 10264404.0 10257753.0 10344970.0 10165359.0 10304941.0 10122059.0 10113318.0 10156240.0 10247282.0 10475997.0 10000976.0 10298268.0
189 79283.0 104524.0 86322.0 118025.0 130774.0 115753.0 132446.0 82519.0 153756.0 118030.0 145219.0 99688.0 101724.0 120644.0 103309.0 154038.0 81889.0 161785.0 93565.0 68248.0 74429.0 82748.0 82868.0 83672.0 84450.0 87860.0 75314.0 101286.0 92564.0 175885.0 75473.0 113480.0
192 210.0 481.0 302.0 837.0 897.0 792.0 768.0 127.0 1196.0 486.0 723.0 343.0 348.0 376.0 462.0 771.0 164.0 1627.0 348.0 127.0 122.0 176.0 321.0 307.0 306.0 320.0 265.0 728.0 613.0 4576.0 334.0 1046.0
195 2.0 28.0 14.0 14.0 13.0 4.0 7.0 4.0 3.0 1.0 14.0 1.0 3.0 7.0 30.0 13.0 2.0 12.0 6.0 0.0 2.0 4.0 6.0 4.0 3.0 4.0 1.0 4.0 17.0 60.0 32.0 43.0
198 0.0 2.0 1.0 2.0 2.0 0.0 1.0 0.0 0.0 0.0 1.0 0.0 1.0 0.0 6.0 2.0 0.0 1.0 0.0 0.0 0.0 0.0 0.0 2.0 0.0 2.0 0.0 1.0 1.0 8.0 3.0 12.0
201 0.0 0.0 0.0 0.0 1.0 0.0 0.0 0.0 0.0 0.0 0.0 0.0 0.0 0.0 0.0 0.0 0.0 0.0 0.0 0.0 0.0 0.0 0.0 0.0 0.0 0.0 0.0 0.0 0.0 0.0 2.0 0.0
204 0.0 0.0 0.0 0.0 0.0 0.0 0.0 0.0 0.0 0.0 0.0 0.0 0.0 0.0 1.0 0.0 0.0 1.0 0.0 0.0 0.0 0.0 1.0 0.0 0.0 0.0 0.0 0.0 0.0 0.0 0.0 0.0
207 0.0 0.0 0.0 0.0 0.0 0.0 0.0 0.0 0.0 0.0 0.0 0.0 0.0 0.0 0.0 0.0 0.0 0.0 0.0 0.0 0.0 0.0 0.0 0.0 0.0 0.0 0.0 0.0 0.0 0.0 0.0 0.0
210 0.0 0.0 0.0 0.0 0.0 0.0 0.0 0.0 0.0 0.0 0.0 0.0 0.0 0.0 0.0 0.0 0.0 0.0 0.0 0.0 0.0 0.0 0.0 0.0 0.0 0.0 0.0 0.0 0.0 0.0 0.0 0.0
213 0.0 0.0 0.0 0.0 0.0 0.0 0.0 0.0 0.0 0.0 0.0 0.0 0.0 0.0 0.0 0.0 0.0 0.0 0.0 0.0 0.0 0.0 0.0 0.0 0.0 0.0 0.0 0.0 0.0 0.0 0.0 0.0
216 0.0 0.0 0.0 0.0 0.0 0.0 0.0 0.0 0.0 0.0 0.0 0.0 0.0 0.0 0.0 0.0 0.0 0.0 0.0 0.0 0.0 0.0 0.0 0.0 0.0 0.0 0.0 0.0 0.0 0.0 0.0 0.0
219 0.0 0.0 0.0 0.0 0.0 0.0 0.0 0.0 0.0 0.0 0.0 0.0 0.0 0.0 0.0 0.0 0.0 0.0 0.0 0.0 0.0 0.0 0.0 0.0 0.0 0.0 0.0 0.0 0.0 0.0 0.0 1.0
222 0.0 0.0 0.0 0.0 0.0 0.0 0.0 0.0 0.0 0.0 0.0 0.0 0.0 0.0 0.0 0.0 0.0 0.0 0.0 0.0 0.0 0.0 0.0 0.0 0.0 0.0 0.0 0.0 0.0 0.0 0.0 0.0
225 0.0 0.0 0.0 1.0 0.0 0.0 0.0 0.0 0.0 0.0 0.0 0.0 0.0 0.0 0.0 0.0 0.0 0.0 0.0 0.0 0.0 0.0 0.0 0.0 0.0 0.0 0.0 0.0 0.0 0.0 0.0 0.0
228 0.0 0.0 0.0 0.0 0.0 0.0 0.0 0.0 0.0 0.0 0.0 0.0 0.0 0.0 0.0 0.0 0.0 0.0 0.0 0.0 0.0 0.0 0.0 0.0 0.0 0.0 0.0 0.0 0.0 0.0 0.0 0.0
231 0.0 0.0 0.0 0.0 0.0 0.0 0.0 0.0 0.0 0.0 0.0 0.0 0.0 0.0 0.0 0.0 0.0 0.0 0.0 0.0 0.0 0.0 0.0 0.0 0.0 0.0 0.0 0.0 0.0 0.0 0.0 0.0
234 0.0 0.0 0.0 0.0 0.0 0.0 0.0 0.0 0.0 0.0 0.0 0.0 0.0 0.0 0.0 0.0 0.0 0.0 0.0 0.0 0.0 0.0 0.0 0.0 0.0 0.0 0.0 0.0 0.0 0.0 0.0 0.0
237 0.0 0.0 0.0 0.0 0.0 0.0 0.0 0.0 0.0 0.0 0.0 0.0 0.0 0.0 0.0 0.0 0.0 0.0 0.0 0.0 0.0 0.0 0.0 0.0 0.0 0.0 0.0 0.0 0.0 0.0 0.0 0.0
240 0.0 0.0 0.0 0.0 0.0 0.0 0.0 0.0 0.0 0.0 0.0 0.0 0.0 0.0 0.0 1.0 0.0 0.0 0.0 0.0 0.0 0.0 0.0 0.0 0.0 1.0 0.0 0.0 0.0 0.0 0.0 1.0
243 0.0 0.0 0.0 0.0 0.0 0.0 0.0 0.0 0.0 0.0 0.0 0.0 0.0 0.0 0.0 0.0 0.0 0.0 0.0 0.0 0.0 0.0 0.0 0.0 0.0 0.0 0.0 0.0 0.0 0.0 0.0 0.0
246 0.0 0.0 0.0 0.0 0.0 0.0 0.0 0.0 0.0 0.0 0.0 0.0 0.0 0.0 0.0 0.0 0.0 0.0 0.0 0.0 0.0 0.0 0.0 0.0 0.0 0.0 0.0 0.0 0.0 0.0 0.0 0.0
249 0.0 0.0 0.0 0.0 0.0 0.0 0.0 0.0 0.0 0.0 0.0 0.0 0.0 0.0 0.0 0.0 0.0 0.0 0.0 0.0 0.0 0.0 0.0 0.0 0.0 0.0 0.0 0.0 0.0 0.0 0.0 0.0
252 0.0 0.0 0.0 0.0 0.0 0.0 0.0 0.0 0.0 0.0 0.0 0.0 0.0 0.0 0.0 0.0 0.0 0.0 0.0 0.0 0.0 0.0 0.0 0.0 0.0 0.0 0.0 0.0 0.0 0.0 0.0 0.0
255 0.0 0.0 0.0 0.0 0.0 0.0 0.0 0.0 0.0 0.0 0.0 0.0 0.0 0.0 0.0 0.0 0.0 0.0 0.0 0.0 0.0 0.0 0.0 0.0 0.0 0.0 0.0 0.0 0.0 0.0 0.0 0.0
258 0.0 0.0 0.0 0.0 0.0 0.0 0.0 0.0 0.0 0.0 0.0 0.0 0.0 0.0 0.0 0.0 0.0 0.0 0.0 0.0 0.0 0.0 0.0 0.0 0.0 0.0 0.0 0.0 0.0 0.0 0.0 0.0
261 0.0 0.0 0.0 0.0 0.0 0.0 0.0 0.0 0.0 0.0 0.0 0.0 0.0 0.0 0.0 0.0 0.0 0.0 0.0 0.0 0.0 0.0 0.0 0.0 0.0 0.0 0.0 0.0 0.0 0.0 0.0 0.0
264 0.0 0.0 0.0 0.0 0.0 0.0 0.0 0.0 0.0 0.0 0.0 0.0 0.0 0.0 0.0 0.0 0.0 0.0 0.0 0.0 0.0 0.0 0.0 0.0 0.0 0.0 0.0 0.0 0.0 0.0 0.0 0.0
267 0.0 0.0 0.0 0.0 0.0 0.0 0.0 0.0 0.0 0.0 0.0 0.0 0.0 0.0 0.0 0.0 0.0 0.0 0.0 0.0 0.0 0.0 0.0 0.0 0.0 0.0 0.0 0.0 0.0 0.0 0.0 0.0
270 0.0 0.0 0.0 0.0 0.0 0.0 0.0 0.0 0.0 0.0 0.0 0.0 0.0 0.0 0.0 0.0 0.0 0.0 0.0 0.0 0.0 0.0 0.0 0.0 0.0 0.0 0.0 0.0 0.0 0.0 0.0 0.0
273 0.0 0.0 0.0 0.0 0.0 0.0 0.0 0.0 0.0 0.0 0.0 0.0 0.0 0.0 0.0 0.0 0.0 0.0 0.0 0.0 0.0 0.0 0.0 0.0 0.0 0.0 0.0 0.0 0.0 0.0 0.0 0.0
276 0.0 0.0 0.0 0.0 0.0 0.0 0.0 0.0 0.0 0.0 0.0 0.0 0.0 0.0 0.0 0.0 0.0 0.0 0.0 0.0 0.0 0.0 0.0 0.0 0.0 0.0 0.0 0.0 0.0 0.0 0.0 0.0
279 0.0 0.0 0.0 0.0 0.0 0.0 0.0 0.0 0.0 0.0 0.0 0.0 0.0 0.0 0.0 0.0 0.0 0.0 0.0 0.0 0.0 0.0 0.0 0.0 0.0 0.0 0.0 0.0 0.0 0.0 0.0 0.0
282 0.0 0.0 0.0 0.0 0.0 0.0 0.0 0.0 0.0 0.0 0.0 0.0 0.0 0.0 0.0 0.0 0.0 0.0 0.0 0.0 0.0 0.0 0.0 0.0 0.0 0.0 0.0 0.0 0.0 0.0 0.0 0.0
285 0.0 0.0 0.0 0.0 0.0 0.0 0.0 0.0 0.0 0.0 0.0 0.0 0.0 0.0 0.0 0.0 0.0 0.0 0.0 0.0 0.0 0.0 0.0 0.0 0.0 0.0 0.0 0.0 0.0 0.0 0.0 0.0
288 0.0 0.0 0.0 0.0 0.0 0.0 0.0 0.0 0.0 0.0 0.0 0.0 0.0 0.0 0.0 0.0 0.0 0.0 0.0 0.0 0.0 0.0 0.0 0.0 0.0 0.0 0.0 0.0 0.0 0.0 0.0 0.0
291 0.0 0.0 0.0 0.0 0.0 0.0 0.0 0.0 0.0 0.0 0.0 0.0 0.0 0.0 0.0 0.0 0.0 0.0 0.0 0.0 0.0 0.0 0.0 0.0 0.0 0.0 0.0 0.0 0.0 0.0 0.0 0.0
294 0.0 0.0 0.0 0.0 0.0 0.0 0.0 0.0 0.0 0.0 0.0 0.0 0.0 0.0 0.0 0.0 0.0 0.0 0.0 0.0 0.0 0.0 0.0 0.0 0.0 0.0 0.0 0.0 0.0 0.0 0.0 0.0
297 0.0 0.0 0.0 0.0 0.0 0.0 0.0 0.0 0.0 0.0 0.0 0.0 0.0 0.0 0.0 0.0 0.0 0.0 0.0 0.0 0.0 0.0 0.0 0.0 0.0 0.0 0.0 0.0 0.0 0.0 0.0 0.0
300 0.0 0.0 0.0 0.0 0.0 0.0 0.0 0.0 0.0 0.0 0.0 0.0 0.0 0.0 0.0 0.0 0.0 0.0 0.0 0.0 0.0 0.0 0.0 0.0 0.0 0.0 0.0 0.0 0.0 0.0 0.0 0.0
303 0.0 0.0 0.0 0.0 0.0 0.0 0.0 0.0 0.0 0.0 0.0 0.0 0.0 0.0 0.0 0.0 0.0 0.0 0.0 0.0 0.0 0.0 0.0 0.0 0.0 0.0 0.0 0.0 0.0 0.0 0.0 0.0
306 0.0 0.0 0.0 0.0 0.0 0.0 0.0 0.0 0.0 0.0 0.0 0.0 0.0 0.0 0.0 0.0 0.0 0.0 0.0 0.0 0.0 0.0 0.0 0.0 0.0 0.0 0.0 0.0 0.0 0.0 0.0 0.0
309 0.0 0.0 0.0 0.0 0.0 0.0 0.0 0.0 0.0 0.0 0.0 0.0 0.0 0.0 0.0 0.0 0.0 0.0 0.0 0.0 0.0 0.0 0.0 0.0 0.0 0.0 0.0 0.0 0.0 0.0 0.0 0.0
312 0.0 0.0 0.0 0.0 0.0 0.0 0.0 0.0 0.0 0.0 0.0 0.0 0.0 0.0 0.0 0.0 0.0 0.0 0.0 0.0 0.0 0.0 0.0 0.0 0.0 0.0 0.0 0.0 0.0 0.0 0.0 0.0
315 0.0 0.0 0.0 0.0 0.0 0.0 0.0 0.0 0.0 0.0 0.0 0.0 0.0 0.0 0.0 0.0 0.0 0.0 0.0 0.0 0.0 0.0 0.0 0.0 0.0 0.0 0.0 0.0 0.0 0.0 0.0 0.0
318 0.0 0.0 0.0 0.0 0.0 0.0 0.0 0.0 0.0 0.0 0.0 0.0 0.0 0.0 0.0 0.0 0.0 0.0 0.0 0.0 0.0 0.0 0.0 0.0 0.0 0.0 0.0 0.0 0.0 0.0 0.0 0.0
321 0.0 0.0 0.0 0.0 0.0 0.0 0.0 0.0 0.0 0.0 0.0 0.0 0.0 0.0 0.0 0.0 0.0 0.0 0.0 0.0 0.0 0.0 0.0 0.0 0.0 0.0 0.0 0.0 0.0 0.0 0.0 0.0
324 0.0 0.0 0.0 0.0 0.0 0.0 0.0 0.0 0.0 0.0 0.0 0.0 0.0 0.0 0.0 0.0 0.0 0.0 0.0 0.0 0.0 0.0 0.0 0.0 0.0 0.0 0.0 0.0 0.0 0.0 0.0 0.0
327 0.0 0.0 0.0 0.0 0.0 0.0 0.0 0.0 0.0 0.0 0.0 0.0 0.0 0.0 0.0 0.0 0.0 0.0 0.0 0.0 0.0 0.0 0.0 0.0 0.0 0.0 0.0 0.0 0.0 0.0 0.0 0.0
330 0.0 0.0 0.0 0.0 0.0 0.0 0.0 0.0 0.0 0.0 0.0 0.0 0.0 0.0 0.0 0.0 0.0 0.0 0.0 0.0 0.0 0.0 0.0 0.0 0.0 0.0 0.0 0.0 0.0 0.0 0.0 0.0
333 0.0 0.0 0.0 0.0 0.0 0.0 0.0 0.0 0.0 0.0 0.0 0.0 0.0 0.0 0.0 0.0 0.0 0.0 0.0 0.0 0.0 0.0 0.0 0.0 0.0 0.0 0.0 0.0 0.0 0.0 0.0 0.0
336 0.0 0.0 0.0 0.0 0.0 0.0 0.0 0.0 0.0 0.0 0.0 0.0 0.0 0.0 0.0 0.0 0.0 0.0 0.0 0.0 0.0 0.0 0.0 0.0 0.0 0.0 0.0 0.0 0.0 0.0 0.0 0.0
339 0.0 0.0 0.0 0.0 0.0 0.0 0.0 0.0 0.0 0.0 0.0 0.0 0.0 0.0 0.0 0.0 0.0 0.0 0.0 0.0 0.0 0.0 0.0 0.0 0.0 0.0 0.0 0.0 0.0 0.0 0.0 0.0
342 0.0 0.0 0.0 0.0 0.0 0.0 0.0 0.0 0.0 0.0 0.0 0.0 0.0 0.0 0.0 0.0 0.0 0.0 0.0 0.0 0.0 0.0 0.0 0.0 0.0 0.0 0.0 0.0 0.0 0.0 0.0 0.0
345 0.0 0.0 0.0 0.0 0.0 0.0 0.0 0.0 0.0 0.0 0.0 0.0 0.0 0.0 0.0 0.0 0.0 0.0 0.0 0.0 0.0 0.0 0.0 0.0 0.0 0.0 0.0 0.0 0.0 0.0 0.0 0.0
348 0.0 0.0 0.0 0.0 0.0 0.0 0.0 0.0 0.0 0.0 0.0 0.0 0.0 0.0 0.0 0.0 0.0 0.0 0.0 0.0 0.0 0.0 0.0 0.0 0.0 0.0 0.0 0.0 0.0 0.0 0.0 0.0
351 0.0 0.0 0.0 0.0 0.0 0.0 0.0 0.0 0.0 0.0 0.0 0.0 0.0 0.0 0.0 0.0 0.0 0.0 0.0 0.0 0.0 0.0 0.0 0.0 0.0 0.0 0.0 0.0 0.0 0.0 0.0 0.0
354 0.0 0.0 0.0 0.0 0.0 0.0 0.0 0.0 0.0 0.0 0.0 0.0 0.0 0.0 0.0 0.0 0.0 0.0 0.0 0.0 0.0 0.0 0.0 0.0 0.0 0.0 0.0 0.0 0.0 0.0 0.0 0.0
357 0.0 0.0 0.0 0.0 0.0 0.0 0.0 0.0 0.0 0.0 0.0 0.0 0.0 0.0 0.0 0.0 0.0 0.0 0.0 0.0 0.0 0.0 0.0 0.0 0.0 0.0 0.0 0.0 0.0 0.0 0.0 0.0
