150 1678.0 1135.0 1314.0 1396.0 1296.0 1319.0 1158.0 1611.0 1557.0 1898.0 1378.0 1692.0 1204.0 1242.0 1142.0 1189.0 1999.0 1082.0 1228.0 1468.0 1228.0 1280.0 1224.0 1545.0 1173.0 1115.0 1649.0 1656.0 1375.0 1231.0 1268.0 1866.0
153 17999571.0 17989980.0 17991036.0 17984350.0 17990902.0 17983838.0 17988971.0 17986347.0 17988449.0 17987727.0 17988744.0 17986636.0 17990588.0 17988754.0 17988052.0 17984972.0 17991486.0 17987445.0 17988597.0 17987267.0 17983510.0 17987515.0 17981565.0 17987820.0 17982617.0 17986252.0 17983165.0 17988650.0 17983828.0 17986117.0 17989401.0 17993497.0
156 18694445.0 18679651.0 18679239.0 18671260.0 18679097.0 18670631.0 18676416.0 18670721.0 18675852.0 18671033.0 18675639.0 18671275.0 18677517.0 18676222.0 18675886.0 18671323.0 18676611.0 18675464.0 18675949.0 18673688.0 18670393.0 18673579.0 18669711.0 18673736.0 18670045.0 18673022.0 18669857.0 18674620.0 18669687.0 18673664.0 18676295.0 18680879.0
159 19315035.0 19309410.0 19308956.0 19302329.0 19308937.0 19301620.0 19306572.0 19301316.0 19306433.0 19301421.0 19305743.0 19301533.0 19307096.0 19306553.0 19306117.0 19301261.0 19306218.0 19306265.0 19306278.0 19304235.0 19301062.0 19304403.0 19300810.0 19304875.0 19300869.0 19304322.0 19300671.0 19305413.0 19300593.0 19305122.0 19306693.0 19307504.0
162 19689994.0 19687279.0 19687078.0 19685688.0 19687123.0 19684780.0 19686182.0 19684585.0 19686722.0 19684920.0 19686596.0 19684829.0 19687334.0 19687595.0 19688133.0 19684052.0 19686779.0 19688357.0 19687145.0 19686095.0 19683708.0 19686272.0 19683599.0 19687065.0 19683649.0 19686362.0 19683500.0 19686571.0 19683480.0 19687304.0 19687225.0 19686508.0
165 19888658.0 19886331.0 19886090.0 19883939.0 19886034.0 19883646.0 19885105.0 19883595.0 19885140.0 19883667.0 19884946.0 19883719.0 19885505.0 19885219.0 19885353.0 19883607.0 19885145.0 19885349.0 19885128.0 19884319.0 19883377.0 19884409.0 19883288.0 19884672.0 19883331.0 19884457.0 19883235.0 19884742.0 19883213.0 19884944.0 19885278.0 19884926.0
168 19932203.0 19931288.0 19931159.0 19929783.0 19931331.0 19929596.0 19930769.0 19929491.0 19930881.0 19929629.0 19930722.0 19929598.0 19931070.0 19931032.0 19931044.0 19929431.0 19931025.0 19931152.0 19930918.0 19930313.0 19929281.0 19930377.0 19929218.0 19930769.0 19929222.0 19930403.0 19929194.0 19930684.0 19929199.0 19930873.0 19931102.0 19930553.0
171 19999610.0 19998737.0 19998701.0 19999392.0 19999037.0 19999439.0 19998176.0 19998671.0 19998271.0 19999174.0 19998159.0 19999470.0 19998969.0 19998152.0 19998430.0 19998645.0 19998068.0 19998303.0 19998056.0 19997383.0 19997452.0 19997383.0 19997092.0 19997512.0 19997168.0 19997325.0 19996981.0 19997324.0 19996919.0 19997359.0 19997385.0 19997131.0
174 19910120.0 19906789.0 19901295.0 19891300.0 19904069.0 19888738.0 19896621.0 19884868.0 19894859.0 19885224.0 19892478.0 19890118.0 19895565.0 19892032.0 19891706.0 19893496.0 19888955.0 19891743.0 19890477.0 19886531.0 19888047.0 19886340.0 19884147.0 19884966.0 19885300.0 19884169.0 19882901.0 19884192.0 19881319.0 19883898.0 19884716.0 19883971.0
177 19078839.0 19108854.0 18972688.0 18744581.0 19053379.0 18689894.0 18955305.0 18631685.0 18942938.0 18587425.0 18911076.0 18689256.0 18940056.0 18939943.0 18943396.0 18808070.0 18865130.0 18984052.0 18953781.0 18895241.0 18769409.0 18911583.0 18760854.0 18850525.0 18763293.0 18855192.0 18703820.0 18895600.0 18680307.0 18914339.0 18930248.0 18918073.0
180 8932873.0 9218169.0 8911594.0 9066928.0 9206277.0 9012205.0 9041504.0 8810200.0 9096854.0 8659839.0 9074467.0 9024544.0 9120574.0 9180737.0 9248811.0 9370253.0 8922267.0 9376588.0 9205756.0 9073906.0 9269892.0 9116369.0 9361636.0 8905774.0 9337436.0 8874619.0 9080392.0 8996608.0 8908616.0 9087911.0 9065176.0 8931857.0
183 8866152.0 9208623.0 8843260.0 9238831.0 9196620.0 9237044.0 8993636.0 9026250.0 9057638.0 8836529.0 9026431.0 9252405.0 9038658.0 9156788.0 9218934.0 9623717.0 8817781.0 9367153.0 9161049.0 9022432.0 9546209.0 9078763.0 9699513.0 8799819.0 9648331.0 8749941.0 9351505.0 8902018.0 9115282.0 9008835.0 8972583.0 8802775.0
186 4663352.0 4930487.0 4644828.0 5028146.0 4930706.0 5028776.0 4769553.0 4857434.0 4839667.0 4710786.0 4807937.0 5054411.0 4786237.0 4916425.0 4960308.0 5363933.0 4621895.0 5056014.0 4882124.0 4787099.0 5306309.0 4827780.0 5437155.0 4598525.0 5383794.0 4536747.0 5158091.0 4666754.0 4948699.0 4735028.0 4685479.0 4544512.0
189 26553.0 27941.0 23294.0 31137.0 42524.0 23832.0 9403.0 8359.0 43372.0 6141.0 17620.0 26272.0 11231.0 25991.0 14428.0 19913.0 14316.0 28883.0 19050.0 21267.0 21068.0 19920.0 51591.0 19987.0 35692.0 4576.0 41779.0 18574.0 12510.0 15847.0 11231.0 7063.0
192 6975.0 5092.0 5225.0 6231.0 10433.0 3822.0 1083.0 1238.0 13193.0 1195.0 2879.0 4779.0 1488.0 3247.0 1221.0 985.0 2764.0 2098.0 1978.0 3813.0 1042.0 1674.0 10186.0 3733.0 3006.0 645.0 8210.0 2222.0 1286.0 1709.0 955.0 1062.0
195 1462.0 1128.0 1250.0 1411.0 2409.0 1001.0 626.0 686.0 2626.0 693.0 971.0 1134.0 750.0 932.0 639.0 574.0 957.0 724.0 739.0 1032.0 594.0 736.0 1889.0 1049.0 842.0 409.0 1745.0 965.0 720.0 727.0 595.0 649.0
198 800.0 713.0 788.0 1014.0 961.0 665.0 403.0 507.0 1069.0 489.0 763.0 770.0 561.0 671.0 466.0 379.0 703.0 528.0 561.0 715.0 410.0 538.0 964.0 722.0 580.0 240.0 1056.0 681.0 498.0 540.0 387.0 397.0
201 620.0 526.0 599.0 779.0 706.0 508.0 201.0 308.0 851.0 268.0 529.0 600.0 308.0 495.0 257.0 210.0 470.0 354.0 384.0 493.0 239.0 365.0 751.0 501.0 416.0 100.0 785.0 490.0 288.0 300.0 194.0 236.0
204 362.0 309.0 331.0 463.0 453.0 289.0 68.0 122.0 546.0 93.0 270.0 385.0 155.0 245.0 77.0 78.0 255.0 176.0 184.0 265.0 61.0 147.0 487.0 256.0 190.0 19.0 543.0 235.0 119.0 131.0 55.0 87.0
207 200.0 123.0 137.0 208.0 233.0 133.0 19.0 32.0 293.0 21.0 82.0 159.0 32.0 79.0 24.0 14.0 106.0 44.0 48.0 97.0 25.0 36.0 258.0 113.0 72.0 4.0 219.0 70.0 18.0 34.0 9.0 25.0
210 100.0 51.0 62.0 64.0 100.0 48.0 1.0 18.0 180.0 6.0 26.0 68.0 10.0 25.0 5.0 2.0 30.0 15.0 17.0 49.0 5.0 8.0 123.0 47.0 16.0 1.0 104.0 31.0 1.0 9.0 0.0 3.0
213 38.0 9.0 12.0 19.0 38.0 14.0 4.0 1.0 74.0 3.0 12.0 25.0 5.0 11.0 1.0 1.0 12.0 5.0 3.0 7.0 3.0 3.0 31.0 12.0 6.0 0.0 28.0 3.0 3.0 1.0 1.0 2.0
216 9.0 2.0 4.0 7.0 11.0 4.0 2.0 0.0 22.0 5.0 4.0 9.0 5.0 1.0 2.0 1.0 3.0 1.0 2.0 4.0 0.0 2.0 5.0 2.0 4.0 0.0 10.0 3.0 0.0 1.0 0.0 4.0
219 4.0 3.0 2.0 6.0 2.0 1.0 0.0 3.0 5.0 0.0 2.0 5.0 4.0 1.0 2.0 0.0 4.0 1.0 0.0 10.0 1.0 0.0 2.0 0.0 2.0 0.0 5.0 2.0 0.0 2.0 1.0 0.0
222 2.0 3.0 1.0 0.0 3.0 0.0 1.0 0.0 2.0 1.0 5.0 2.0 2.0 2.0 0.0 0.0 2.0 0.0 0.0 3.0 0.0 2.0 0.0 2.0 0.0 0.0 2.0 0.0 0.0 0.0 0.0 0.0
225 2.0 0.0 1.0 2.0 3.0 2.0 0.0 0.0 2.0 0.0 1.0 3.0 1.0 1.0 0.0 0.0 0.0 0.0 0.0 2.0 0.0 1.0 4.0 0.0 0.0 0.0 0.0 2.0 2.0 0.0 0.0 1.0
228 0.0 0.0 1.0 0.0 0.0 1.0 0.0 1.0 1.0 0.0 0.0 2.0 0.0 0.0 0.0 0.0 0.0 0.0 1.0 0.0 0.0 0.0 2.0 2.0 0.0 1.0 1.0 3.0 0.0 1.0 2.0 0.0
231 0.0 0.0 0.0 2.0 2.0 0.0 0.0 1.0 3.0 0.0 0.0 0.0 0.0 0.0 0.0 0.0 0.0 1.0 0.0 1.0 0.0 0.0 3.0 0.0 0.0 0.0 0.0 0.0 0.0 1.0 0.0 1.0
234 2.0 1.0 0.0 0.0 0.0 0.0 3.0 1.0 0.0 1.0 1.0 0.0 0.0 0.0 1.0 0.0 1.0 0.0 1.0 0.0 0.0 0.0 1.0 0.0 1.0 0.0 1.0 0.0 0.0 0.0 0.0 0.0
237 0.0 0.0 0.0 0.0 0.0 0.0 0.0 0.0 0.0 0.0 0.0 0.0 1.0 0.0 0.0 0.0 0.0 0.0 0.0 1.0 0.0 0.0 0.0 0.0 2.0 0.0 0.0 0.0 0.0 0.0 0.0 0.0
240 1.0 2.0 1.0 1.0 1.0 1.0 1.0 0.0 1.0 0.0 1.0 1.0 0.0 0.0 0.0 0.0 0.0 2.0 1.0 1.0 1.0 1.0 1.0 1.0 0.0 1.0 1.0 1.0 0.0 0.0 1.0 1.0
243 0.0 0.0 0.0 0.0 0.0 0.0 0.0 0.0 2.0 1.0 0.0 0.0 1.0 0.0 0.0 1.0 1.0 0.0 0.0 1.0 0.0 0.0 0.0 0.0 0.0 0.0 0.0 1.0 1.0 0.0 0.0 0.0
246 0.0 0.0 0.0 1.0 0.0 0.0 0.0 0.0 0.0 0.0 0.0 0.0 0.0 0.0 0.0 0.0 0.0 1.0 2.0 0.0 0.0 0.0 1.0 2.0 0.0 0.0 0.0 1.0 0.0 1.0 0.0 0.0
249 1.0 0.0 0.0 0.0 0.0 0.0 0.0 0.0 0.0 0.0 0.0 0.0 0.0 0.0 1.0 0.0 2.0 0.0 0.0 1.0 1.0 0.0 1.0 1.0 0.0 0.0 1.0 0.0 1.0 0.0 0.0 2.0
252 0.0 0.0 0.0 0.0 1.0 0.0 1.0 1.0 0.0 0.0 0.0 1.0 0.0 0.0 0.0 0.0 1.0 0.0 0.0 0.0 0.0 0.0 0.0 0.0 0.0 0.0 0.0 0.0 0.0 0.0 0.0 0.0
255 1.0 0.0 1.0 0.0 1.0 0.0 1.0 0.0 1.0 0.0 0.0 0.0 0.0 0.0 1.0 0.0 0.0 1.0 1.0 0.0 0.0 1.0 1.0 0.0 0.0 1.0 0.0 0.0 0.0 0.0 0.0 0.0
258 0.0 0.0 0.0 0.0 0.0 0.0 0.0 0.0 0.0 0.0 0.0 0.0 0.0 0.0 0.0 0.0 0.0 0.0 0.0 0.0 0.0 0.0 0.0 0.0 0.0 0.0 0.0 0.0 0.0 0.0 0.0 0.0
261 0.0 0.0 0.0 0.0 0.0 1.0 0.0 0.0 1.0 0.0 0.0 0.0 0.0 0.0 0.0 0.0 0.0 2.0 0.0 1.0 0.0 0.0 0.0 1.0 0.0 0.0 0.0 0.0 0.0 0.0 2.0 0.0
264 0.0 1.0 0.0 0.0 0.0 0.0 0.0 0.0 0.0 0.0 1.0 0.0 0.0 0.0 0.0 0.0 0.0 0.0 0.0 0.0 0.0 0.0 1.0 0.0 0.0 0.0 0.0 0.0 0.0 0.0 0.0 0.0
267 0.0 0.0 0.0 1.0 0.0 0.0 0.0 0.0 0.0 0.0 0.0 0.0 0.0 0.0 0.0 0.0 0.0 0.0 0.0 0.0 1.0 0.0 0.0 0.0 0.0 0.0 0.0 0.0 0.0 0.0 0.0 0.0
270 0.0 0.0 0.0 0.0 1.0 1.0 0.0 1.0 0.0 1.0 1.0 1.0 0.0 0.0 0.0 1.0 0.0 0.0 0.0 0.0 0.0 0.0 1.0 0.0 0.0 0.0 0.0 0.0 0.0 0.0 0.0 0.0
273 1.0 0.0 0.0 0.0 0.0 0.0 0.0 0.0 0.0 0.0 0.0 0.0 0.0 0.0 0.0 0.0 0.0 1.0 1.0 0.0 0.0 0.0 1.0 0.0 0.0 0.0 0.0 0.0 0.0 0.0 0.0 0.0
276 0.0 0.0 0.0 0.0 1.0 1.0 0.0 0.0 0.0 0.0 0.0 0.0 0.0 1.0 0.0 0.0 0.0 0.0 0.0 1.0 0.0 1.0 0.0 0.0 1.0 0.0 0.0 0.0 0.0 0.0 0.0 0.0
279 0.0 0.0 0.0 1.0 0.0 0.0 0.0 0.0 0.0 0.0 0.0 0.0 0.0 0.0 0.0 0.0 0.0 0.0 0.0 0.0 0.0 0.0 0.0 0.0 0.0 0.0 0.0 0.0 0.0 0.0 0.0 0.0
282 0.0 0.0 1.0 0.0 1.0 0.0 0.0 1.0 0.0 1.0 0.0 0.0 1.0 0.0 0.0 0.0 0.0 0.0 0.0 1.0 0.0 0.0 0.0 0.0 0.0 0.0 0.0 0.0 0.0 1.0 0.0 1.0
285 0.0 0.0 1.0 0.0 0.0 0.0 0.0 0.0 1.0 0.0 1.0 0.0 0.0 0.0 0.0 0.0 0.0 0.0 0.0 0.0 0.0 0.0 2.0 0.0 0.0 0.0 0.0 0.0 0.0 0.0 0.0 0.0
288 0.0 0.0 0.0 1.0 0.0 0.0 0.0 0.0 0.0 0.0 0.0 0.0 1.0 0.0 0.0 0.0 0.0 0.0 0.0 0.0 0.0 0.0 0.0 0.0 0.0 0.0 0.0 1.0 0.0 0.0 0.0 0.0
291 0.0 0.0 0.0 0.0 0.0 0.0 0.0 0.0 0.0 0.0 0.0 0.0 0.0 0.0 0.0 0.0 0.0 1.0 1.0 0.0 0.0 0.0 0.0 0.0 0.0 0.0 1.0 0.0 0.0 0.0 1.0 0.0
294 0.0 0.0 0.0 0.0 0.0 0.0 0.0 0.0 0.0 0.0 0.0 0.0 0.0 0.0 0.0 0.0 0.0 0.0 0.0 0.0 0.0 0.0 0.0 0.0 0.0 0.0 0.0 0.0 0.0 0.0 0.0 0.0
297 1.0 1.0 0.0 0.0 0.0 0.0 0.0 0.0 0.0 0.0 0.0 1.0 1.0 1.0 0.0 0.0 0.0 0.0 0.0 0.0 0.0 0.0 0.0 0.0 0.0 0.0 0.0 0.0 0.0 0.0 0.0 1.0
300 0.0 0.0 0.0 0.0 0.0 0.0 0.0 0.0 0.0 0.0 0.0 0.0 0.0 0.0 0.0 0.0 0.0 0.0 0.0 0.0 0.0 0.0 0.0 0.0 0.0 0.0 0.0 0.0 0.0 0.0 0.0 0.0
303 0.0 0.0 1.0 0.0 0.0 0.0 0.0 0.0 1.0 0.0 0.0 1.0 0.0 0.0 0.0 0.0 0.0 0.0 0.0 0.0 0.0 0.0 0.0 0.0 1.0 0.0 0.0 0.0 1.0 0.0 0.0 0.0
306 1.0 0.0 0.0 0.0 0.0 1.0 0.0 0.0 0.0 0.0 1.0 0.0 0.0 0.0 0.0 0.0 0.0 0.0 0.0 1.0 0.0 0.0 1.0 2.0 0.0 0.0 0.0 1.0 1.0 0.0 0.0 0.0
309 0.0 0.0 0.0 0.0 0.0 0.0 0.0 0.0 0.0 0.0 0.0 0.0 0.0 0.0 0.0 0.0 0.0 0.0 0.0 0.0 0.0 0.0 0.0 0.0 0.0 0.0 0.0 0.0 0.0 0.0 0.0 0.0
312 0.0 0.0 0.0 0.0 0.0 1.0 0.0 0.0 0.0 1.0 0.0 0.0 0.0 0.0 0.0 0.0 0.0 0.0 0.0 0.0 0.0 0.0 0.0 0.0 0.0 0.0 0.0 0.0 0.0 0.0 0.0 0.0
315 0.0 0.0 0.0 0.0 0.0 0.0 0.0 0.0 0.0 0.0 0.0 0.0 0.0 0.0 0.0 0.0 0.0 1.0 0.0 0.0 0.0 0.0 0.0 0.0 0.0 0.0 0.0 0.0 0.0 0.0 0.0 0.0
318 0.0 0.0 0.0 0.0 0.0 0.0 0.0 0.0 0.0 0.0 0.0 0.0 0.0 1.0 0.0 0.0 0.0 0.0 0.0 0.0 0.0 0.0 0.0 0.0 0.0 0.0 0.0 0.0 0.0 0.0 0.0 0.0
321 0.0 0.0 0.0 0.0 0.0 0.0 0.0 0.0 0.0 0.0 1.0 0.0 0.0 0.0 0.0 0.0 0.0 0.0 0.0 0.0 0.0 0.0 0.0 0.0 0.0 0.0 0.0 0.0 0.0 0.0 0.0 0.0
324 0.0 0.0 0.0 0.0 0.0 0.0 0.0 0.0 0.0 0.0 1.0 1.0 0.0 1.0 1.0 0.0 0.0 1.0 0.0 0.0 1.0 0.0 1.0 3.0 1.0 0.0 0.0 2.0 0.0 0.0 1.0 0.0
327 0.0 0.0 0.0 0.0 0.0 0.0 0.0 0.0 0.0 0.0 0.0 0.0 0.0 0.0 0.0 0.0 0.0 0.0 0.0 0.0 0.0 0.0 0.0 0.0 0.0 0.0 0.0 0.0 0.0 0.0 0.0 0.0
330 0.0 0.0 0.0 0.0 0.0 0.0 0.0 0.0 0.0 0.0 1.0 0.0 0.0 1.0 0.0 0.0 0.0 1.0 1.0 1.0 0.0 1.0 1.0 1.0 2.0 0.0 0.0 0.0 1.0 0.0 0.0 0.0
333 0.0 0.0 0.0 0.0 0.0 0.0 0.0 1.0 0.0 0.0 0.0 0.0 0.0 1.0 0.0 0.0 0.0 0.0 0.0 0.0 0.0 1.0 0.0 0.0 0.0 0.0 1.0 0.0 0.0 0.0 0.0 0.0
336 0.0 0.0 0.0 0.0 0.0 0.0 0.0 0.0 0.0 0.0 0.0 0.0 0.0 0.0 0.0 0.0 0.0 0.0 0.0 0.0 0.0 0.0 0.0 0.0 0.0 0.0 0.0 0.0 0.0 0.0 0.0 0.0
339 0.0 0.0 0.0 0.0 2.0 0.0 0.0 0.0 0.0 0.0 1.0 0.0 1.0 0.0 0.0 0.0 0.0 0.0 0.0 0.0 0.0 0.0 0.0 1.0 1.0 0.0 2.0 1.0 0.0 0.0 0.0 0.0
342 0.0 0.0 0.0 0.0 0.0 0.0 0.0 0.0 0.0 0.0 0.0 0.0 0.0 0.0 0.0 0.0 0.0 0.0 0.0 0.0 0.0 0.0 1.0 0.0 0.0 0.0 0.0 0.0 0.0 0.0 0.0 0.0
345 0.0 0.0 1.0 0.0 0.0 0.0 0.0 0.0 0.0 0.0 0.0 0.0 0.0 0.0 0.0 1.0 0.0 0.0 0.0 0.0 0.0 1.0 0.0 1.0 0.0 0.0 0.0 0.0 1.0 0.0 0.0 0.0
348 0.0 0.0 0.0 0.0 0.0 0.0 0.0 0.0 1.0 0.0 0.0 0.0 0.0 0.0 0.0 0.0 0.0 0.0 0.0 0.0 0.0 0.0 0.0 0.0 0.0 0.0 0.0 0.0 0.0 0.0 0.0 0.0
351 0.0 0.0 0.0 0.0 0.0 0.0 0.0 0.0 0.0 0.0 0.0 0.0 0.0 0.0 0.0 0.0 0.0 0.0 0.0 0.0 0.0 0.0 0.0 0.0 0.0 0.0 0.0 0.0 0.0 0.0 0.0 0.0
354 0.0 1.0 0.0 0.0 0.0 0.0 0.0 0.0 0.0 0.0 0.0 1.0 0.0 1.0 0.0 0.0 0.0 0.0 0.0 0.0 1.0 1.0 1.0 0.0 0.0 0.0 1.0 0.0 0.0 0.0 0.0 0.0
357 0.0 0.0 0.0 0.0 0.0 0.0 0.0 0.0 0.0 0.0 0.0 0.0 0.0 0.0 0.0 0.0 0.0 0.0 0.0 0.0 0.0 0.0 0.0 0.0 0.0 0.0 0.0 0.0 0.0 0.0 0.0 1.0
