150 0.0 0.0 0.0 0.0 0.0 0.0 0.0 0.0 0.0 0.0 0.0 0.0 0.0 0.0 0.0 0.0 0.0 0.0 0.0 0.0 0.0 0.0 0.0 0.0 0.0 0.0 0.0 0.0 0.0 0.0 0.0 0.0
153 1528.0 1381.0 2993.0 1388.0 1381.0 2251.0 1000.0 2581.0 1073.0 2084.0 8851.0 1805.0 1768.0 1503.0 4366.0 593.0 3354.0 864.0 1559.0 1162.0 1697.0 2993.0 1053.0 3649.0 697.0 2853.0 1116.0 1767.0 2546.0 1297.0 3934.0 2689.0
156 545428.0 541387.0 555784.0 531275.0 537848.0 538665.0 530608.0 540535.0 527526.0 533335.0 588475.0 532371.0 537463.0 532583.0 557582.0 513802.0 550988.0 522312.0 532253.0 526433.0 526563.0 545989.0 516582.0 546411.0 512597.0 542133.0 517813.0 531690.0 530808.0 524566.0 551293.0 542154.0
159 16775628.0 16772987.0 16768506.0 16743900.0 16764006.0 16744514.0 16755821.0 16745342.0 16754390.0 16744827.0 16769001.0 16745770.0 16758154.0 16758913.0 16764328.0 16739499.0 16760999.0 16753118.0 16757083.0 16753512.0 16743791.0 16757938.0 16737171.0 16753440.0 16735501.0 16753953.0 16736470.0 16748099.0 16742320.0 16748558.0 16758761.0 16760314.0
162 17864423.0 17863597.0 17858935.0 17836691.0 17855253.0 17833956.0 17848404.0 17835359.0 17847849.0 17837287.0 17851127.0 17836383.0 17850484.0 17854079.0 17853634.0 17838775.0 17852045.0 17847385.0 17850198.0 17847730.0 17834564.0 17846512.0 17833878.0 17846524.0 17833694.0 17844997.0 17833087.0 17841845.0 17833307.0 17843836.0 17845570.0 17847283.0
165 18131108.0 18130172.0 18126970.0 18118221.0 18126279.0 18117201.0 18122909.0 18117566.0 18122861.0 18117989.0 18123023.0 18117616.0 18123125.0 18124804.0 18123527.0 18118289.0 18123019.0 18122076.0 18122331.0 18121791.0 18117025.0 18121378.0 18117038.0 18121184.0 18116991.0 18120482.0 18116726.0 18119689.0 18116557.0 18120439.0 18121268.0 18121452.0
168 18333575.0 18332283.0 18328237.0 18320063.0 18325615.0 18318848.0 18322326.0 18319355.0 18321845.0 18319993.0 18322836.0 18319399.0 18322322.0 18323725.0 18322817.0 18320555.0 18323014.0 18321196.0 18321835.0 18321171.0 18318706.0 18320696.0 18318670.0 18321050.0 18318514.0 18320234.0 18318259.0 18319453.0 18317969.0 18319548.0 18320287.0 18320358.0
171 18422389.0 18422449.0 18422424.0 18422720.0 18422711.0 18422550.0 18422825.0 18422587.0 18423122.0 18422507.0 18422772.0 18422434.0 18423302.0 18423614.0 18423390.0 18422347.0 18422889.0 18423791.0 18423148.0 18423289.0 18422329.0 18423020.0 18422299.0 18422933.0 18422299.0 18422640.0 18422293.0 18422701.0 18422291.0 18422806.0 18422696.0 18422594.0
174 18492102.0 18491977.0 18487806.0 18487118.0 18490184.0 18482115.0 18486814.0 18484196.0 18490341.0 18487132.0 18486589.0 18484248.0 18490463.0 18498991.0 18494659.0 18486541.0 18493444.0 18492414.0 18493599.0 18491723.0 18480412.0 18488763.0 18478163.0 18489255.0 18477984.0 18484243.0 18476332.0 18484594.0 18476025.0 18485966.0 18483356.0 18483234.0
177 18556945.0 18557005.0 18556404.0 18557852.0 18557394.0 18557642.0 18557465.0 18558214.0 18558310.0 18559445.0 18557049.0 18559338.0 18558405.0 18560080.0 18560019.0 18559152.0 18558932.0 18559332.0 18559478.0 18559075.0 18557310.0 18558740.0 18556064.0 18558632.0 18556199.0 18557561.0 18555633.0 18558078.0 18555643.0 18558332.0 18557676.0 18557622.0
180 18301156.0 18301401.0 18294208.0 18288756.0 18293107.0 18287585.0 18288590.0 18288664.0 18287310.0 18290571.0 18286919.0 18289923.0 18288198.0 18289203.0 18289462.0 18290170.0 18287467.0 18287314.0 18287480.0 18286688.0 18286991.0 18285508.0 18284874.0 18285282.0 18285136.0 18285261.0 18284242.0 18284514.0 18284180.0 18284886.0 18284851.0 18284775.0
183 17344309.0 17338691.0 17219189.0 16934109.0 17201992.0 16823542.0 17127816.0 16849155.0 17114884.0 16866293.0 16987977.0 16878549.0 17070129.0 17136991.0 17077513.0 16976615.0 17083838.0 17110536.0 17133496.0 17111356.0 16887083.0 17053492.0 16902811.0 17062327.0 16951733.0 17071961.0 16916779.0 17068822.0 16899634.0 17120381.0 17063798.0 17115319.0
186 11481679.0 11476600.0 11428792.0 11395936.0 11460300.0 11269926.0 11430805.0 11325898.0 11457841.0 11362030.0 11273481.0 11383590.0 11403965.0 11533861.0 11438644.0 11537156.0 11444340.0 11531023.0 11562832.0 11532476.0 11388402.0 11415561.0 11425874.0 11439660.0 11550631.0 11435644.0 11472057.0 11461137.0 11410217.0 11569527.0 11406199.0 11492928.0
189 10633114.0 10628494.0 10587030.0 10546013.0 10591953.0 10499175.0 10555405.0 10535918.0 10561635.0 10561547.0 10467770.0 10575349.0 10535089.0 10609638.0 10556541.0 10651966.0 10558459.0 10609793.0 10622977.0 10607058.0 10610050.0 10545017.0 10623502.0 10553920.0 10716753.0 10553492.0 10658202.0 10562668.0 10638632.0 10616028.0 10523469.0 10558917.0
192 8857099.0 8846248.0 8829933.0 8901367.0 8855518.0 8811100.0 8837397.0 8872894.0 8868190.0 8908217.0 8696574.0 8928504.0 8813173.0 8939645.0 8852649.0 9046324.0 8859804.0 8920847.0 8950349.0 8920693.0 8939022.0 8820446.0 8978579.0 8854817.0 9093175.0 8819620.0 9026203.0 8847865.0 8980742.0 8913526.0 8780677.0 8820057.0
195 2819.0 3904.0 2906.0 6643.0 4439.0 1567.0 2738.0 3076.0 4095.0 3749.0 415.0 3237.0 1316.0 8373.0 1665.0 7608.0 2754.0 6312.0 5498.0 4983.0 2581.0 2229.0 3112.0 3060.0 10549.0 3164.0 8158.0 3446.0 4654.0 7638.0 1347.0 1585.0
198 235.0 265.0 208.0 531.0 76.0 176.0 112.0 168.0 420.0 184.0 123.0 126.0 72.0 182.0 43.0 241.0 223.0 368.0 87.0 272.0 437.0 301.0 182.0 258.0 359.0 268.0 394.0 95.0 103.0 95.0 51.0 45.0
201 96.0 89.0 79.0 263.0 8.0 56.0 25.0 47.0 155.0 46.0 20.0 25.0 15.0 60.0 9.0 60.0 60.0 152.0 16.0 82.0 188.0 127.0 40.0 91.0 112.0 86.0 133.0 24.0 18.0 12.0 9.0 10.0
204 22.0 14.0 14.0 73.0 2.0 15.0 0.0 14.0 45.0 3.0 2.0 2.0 2.0 8.0 1.0 16.0 16.0 40.0 0.0 20.0 54.0 34.0 7.0 24.0 29.0 25.0 25.0 7.0 2.0 0.0 0.0 1.0
207 3.0 2.0 0.0 19.0 0.0 2.0 0.0 0.0 1.0 1.0 0.0 0.0 0.0 2.0 0.0 1.0 1.0 4.0 0.0 3.0 10.0 2.0 0.0 3.0 6.0 1.0 2.0 0.0 0.0 0.0 0.0 0.0
210 0.0 0.0 0.0 6.0 0.0 0.0 0.0 0.0 1.0 0.0 0.0 1.0 0.0 0.0 1.0 0.0 0.0 1.0 0.0 0.0 0.0 0.0 0.0 0.0 0.0 0.0 0.0 0.0 0.0 0.0 0.0 0.0
213 0.0 0.0 0.0 0.0 0.0 0.0 0.0 0.0 0.0 0.0 0.0 0.0 0.0 0.0 0.0 0.0 0.0 1.0 0.0 0.0 0.0 1.0 0.0 0.0 0.0 0.0 1.0 0.0 0.0 0.0 0.0 0.0
216 0.0 0.0 0.0 0.0 0.0 0.0 0.0 0.0 0.0 0.0 0.0 0.0 0.0 0.0 0.0 0.0 0.0 0.0 0.0 0.0 1.0 0.0 0.0 0.0 0.0 0.0 0.0 0.0 0.0 0.0 0.0 0.0
219 0.0 0.0 0.0 0.0 0.0 0.0 0.0 0.0 0.0 0.0 0.0 0.0 0.0 0.0 0.0 0.0 0.0 1.0 0.0 0.0 0.0 0.0 0.0 0.0 0.0 0.0 0.0 0.0 0.0 0.0 0.0 0.0
222 0.0 0.0 0.0 0.0 0.0 0.0 0.0 0.0 0.0 0.0 0.0 0.0 0.0 0.0 0.0 0.0 1.0 0.0 0.0 1.0 0.0 0.0 0.0 0.0 0.0 0.0 0.0 0.0 0.0 0.0 0.0 0.0
225 0.0 0.0 0.0 0.0 0.0 0.0 0.0 0.0 0.0 0.0 0.0 0.0 0.0 0.0 0.0 0.0 0.0 0.0 0.0 0.0 0.0 0.0 0.0 0.0 0.0 0.0 0.0 0.0 0.0 0.0 0.0 0.0
228 0.0 0.0 0.0 0.0 0.0 0.0 0.0 0.0 0.0 0.0 0.0 0.0 0.0 0.0 0.0 0.0 0.0 0.0 0.0 0.0 0.0 0.0 0.0 0.0 0.0 0.0 0.0 0.0 0.0 0.0 0.0 0.0
231 0.0 0.0 0.0 0.0 0.0 0.0 0.0 0.0 0.0 0.0 0.0 0.0 0.0 0.0 0.0 0.0 0.0 0.0 0.0 0.0 0.0 0.0 0.0 0.0 0.0 0.0 0.0 0.0 0.0 0.0 0.0 0.0
234 0.0 0.0 0.0 0.0 0.0 0.0 0.0 0.0 0.0 0.0 0.0 0.0 0.0 0.0 0.0 0.0 0.0 0.0 0.0 0.0 0.0 0.0 0.0 0.0 0.0 0.0 0.0 0.0 0.0 0.0 0.0 0.0
237 0.0 0.0 0.0 0.0 0.0 0.0 0.0 0.0 0.0 0.0 0.0 0.0 0.0 0.0 0.0 0.0 0.0 0.0 0.0 0.0 0.0 0.0 0.0 0.0 0.0 0.0 0.0 0.0 0.0 0.0 0.0 0.0
240 0.0 0.0 0.0 0.0 0.0 0.0 0.0 0.0 0.0 0.0 0.0 0.0 0.0 0.0 0.0 0.0 0.0 0.0 0.0 0.0 0.0 0.0 0.0 0.0 0.0 0.0 0.0 0.0 0.0 0.0 0.0 0.0
243 0.0 0.0 0.0 0.0 0.0 0.0 0.0 0.0 0.0 0.0 0.0 0.0 0.0 0.0 0.0 0.0 0.0 1.0 0.0 0.0 0.0 0.0 0.0 0.0 0.0 0.0 0.0 0.0 0.0 0.0 0.0 0.0
246 0.0 0.0 0.0 0.0 0.0 0.0 0.0 0.0 0.0 0.0 0.0 0.0 0.0 0.0 0.0 0.0 0.0 0.0 0.0 0.0 0.0 0.0 0.0 0.0 0.0 0.0 0.0 0.0 0.0 0.0 0.0 0.0
249 0.0 0.0 0.0 0.0 0.0 0.0 0.0 0.0 0.0 0.0 0.0 0.0 0.0 0.0 0.0 0.0 0.0 0.0 0.0 0.0 0.0 0.0 0.0 0.0 0.0 0.0 0.0 0.0 0.0 0.0 0.0 0.0
252 0.0 0.0 0.0 1.0 0.0 0.0 0.0 0.0 0.0 0.0 0.0 0.0 0.0 0.0 0.0 0.0 0.0 0.0 0.0 0.0 0.0 0.0 0.0 0.0 0.0 0.0 0.0 0.0 0.0 0.0 0.0 0.0
255 0.0 0.0 0.0 0.0 0.0 0.0 0.0 0.0 0.0 0.0 0.0 0.0 0.0 0.0 0.0 0.0 0.0 0.0 0.0 0.0 0.0 0.0 0.0 0.0 0.0 0.0 0.0 0.0 0.0 0.0 0.0 0.0
258 0.0 0.0 0.0 0.0 0.0 0.0 0.0 0.0 0.0 0.0 0.0 0.0 0.0 0.0 0.0 0.0 0.0 0.0 0.0 0.0 0.0 0.0 0.0 0.0 0.0 0.0 0.0 0.0 0.0 0.0 0.0 0.0
261 0.0 0.0 0.0 0.0 0.0 0.0 0.0 0.0 0.0 0.0 0.0 0.0 0.0 0.0 0.0 0.0 0.0 0.0 0.0 0.0 0.0 0.0 0.0 0.0 0.0 0.0 0.0 0.0 0.0 0.0 0.0 0.0
264 0.0 0.0 0.0 0.0 0.0 0.0 0.0 0.0 0.0 0.0 0.0 0.0 0.0 0.0 0.0 0.0 0.0 0.0 0.0 0.0 0.0 0.0 0.0 0.0 0.0 0.0 0.0 0.0 0.0 0.0 0.0 0.0
267 0.0 0.0 0.0 0.0 0.0 0.0 0.0 0.0 0.0 0.0 0.0 0.0 0.0 0.0 0.0 0.0 0.0 0.0 0.0 0.0 0.0 0.0 0.0 0.0 0.0 0.0 0.0 0.0 0.0 0.0 0.0 0.0
270 0.0 0.0 0.0 0.0 0.0 0.0 0.0 0.0 0.0 1.0 0.0 0.0 0.0 0.0 0.0 0.0 0.0 0.0 0.0 0.0 0.0 0.0 0.0 0.0 0.0 0.0 0.0 0.0 0.0 0.0 0.0 0.0
273 0.0 0.0 0.0 0.0 0.0 0.0 0.0 0.0 0.0 0.0 0.0 0.0 0.0 0.0 0.0 0.0 0.0 0.0 0.0 0.0 0.0 0.0 0.0 0.0 0.0 0.0 0.0 0.0 0.0 0.0 0.0 0.0
276 0.0 0.0 0.0 0.0 0.0 0.0 0.0 0.0 0.0 0.0 0.0 0.0 0.0 0.0 0.0 0.0 0.0 0.0 0.0 0.0 0.0 0.0 0.0 0.0 0.0 0.0 0.0 0.0 0.0 0.0 0.0 0.0
279 0.0 0.0 0.0 0.0 0.0 0.0 0.0 0.0 0.0 0.0 0.0 0.0 0.0 0.0 0.0 0.0 0.0 0.0 0.0 0.0 0.0 0.0 0.0 0.0 0.0 0.0 0.0 0.0 0.0 0.0 0.0 0.0
282 0.0 0.0 0.0 0.0 0.0 0.0 0.0 0.0 0.0 0.0 0.0 0.0 0.0 0.0 0.0 0.0 0.0 0.0 0.0 0.0 0.0 0.0 0.0 0.0 0.0 0.0 0.0 0.0 0.0 0.0 0.0 0.0
285 0.0 0.0 0.0 0.0 0.0 0.0 0.0 0.0 0.0 0.0 0.0 0.0 0.0 0.0 0.0 0.0 0.0 0.0 0.0 0.0 0.0 0.0 0.0 0.0 0.0 0.0 0.0 0.0 0.0 0.0 0.0 0.0
288 0.0 0.0 0.0 0.0 0.0 0.0 0.0 0.0 0.0 0.0 0.0 0.0 0.0 0.0 0.0 0.0 0.0 0.0 0.0 0.0 0.0 0.0 0.0 0.0 0.0 0.0 0.0 0.0 0.0 0.0 0.0 0.0
291 0.0 0.0 0.0 0.0 0.0 0.0 0.0 0.0 0.0 0.0 0.0 0.0 0.0 0.0 0.0 0.0 0.0 0.0 0.0 0.0 0.0 0.0 0.0 0.0 0.0 0.0 0.0 0.0 0.0 0.0 0.0 0.0
294 0.0 0.0 0.0 0.0 0.0 0.0 0.0 0.0 0.0 0.0 0.0 0.0 0.0 0.0 0.0 0.0 0.0 0.0 0.0 0.0 0.0 0.0 0.0 0.0 0.0 0.0 0.0 0.0 0.0 0.0 0.0 0.0
297 0.0 0.0 0.0 0.0 0.0 0.0 0.0 0.0 0.0 0.0 0.0 0.0 0.0 0.0 0.0 0.0 0.0 0.0 0.0 0.0 0.0 0.0 0.0 0.0 0.0 0.0 0.0 0.0 0.0 0.0 0.0 0.0
300 0.0 0.0 0.0 0.0 0.0 0.0 0.0 0.0 0.0 0.0 0.0 0.0 0.0 0.0 0.0 0.0 0.0 0.0 0.0 0.0 0.0 0.0 0.0 0.0 0.0 0.0 0.0 0.0 0.0 0.0 0.0 0.0
303 0.0 0.0 0.0 0.0 0.0 0.0 0.0 0.0 0.0 0.0 0.0 0.0 0.0 0.0 0.0 0.0 0.0 1.0 0.0 0.0 0.0 0.0 0.0 0.0 0.0 0.0 0.0 0.0 0.0 0.0 0.0 0.0
306 0.0 0.0 0.0 0.0 0.0 0.0 0.0 0.0 0.0 0.0 0.0 0.0 0.0 0.0 0.0 0.0 0.0 0.0 0.0 0.0 0.0 0.0 0.0 0.0 0.0 0.0 0.0 0.0 0.0 0.0 0.0 0.0
309 0.0 0.0 0.0 0.0 0.0 0.0 0.0 0.0 0.0 0.0 0.0 0.0 0.0 0.0 0.0 0.0 0.0 0.0 0.0 0.0 0.0 0.0 0.0 0.0 0.0 0.0 0.0 0.0 0.0 0.0 0.0 0.0
312 0.0 0.0 0.0 0.0 0.0 0.0 0.0 0.0 0.0 0.0 0.0 0.0 0.0 0.0 0.0 0.0 0.0 0.0 0.0 0.0 0.0 0.0 0.0 0.0 0.0 0.0 0.0 0.0 0.0 0.0 0.0 0.0
315 0.0 0.0 0.0 0.0 0.0 0.0 0.0 0.0 0.0 0.0 0.0 0.0 0.0 0.0 0.0 0.0 0.0 0.0 0.0 0.0 0.0 0.0 0.0 0.0 0.0 0.0 0.0 0.0 0.0 0.0 0.0 0.0
318 0.0 0.0 0.0 0.0 0.0 0.0 0.0 0.0 0.0 0.0 0.0 0.0 0.0 0.0 0.0 0.0 0.0 0.0 0.0 0.0 0.0 0.0 0.0 0.0 0.0 0.0 0.0 0.0 0.0 0.0 0.0 0.0
321 0.0 0.0 0.0 0.0 0.0 0.0 0.0 0.0 0.0 0.0 0.0 0.0 0.0 0.0 0.0 0.0 0.0 0.0 0.0 0.0 0.0 0.0 0.0 0.0 0.0 0.0 0.0 0.0 0.0 0.0 0.0 0.0
324 0.0 0.0 0.0 0.0 0.0 0.0 0.0 0.0 0.0 0.0 0.0 0.0 0.0 0.0 0.0 0.0 0.0 0.0 0.0 0.0 0.0 0.0 0.0 0.0 0.0 0.0 0.0 0.0 0.0 0.0 0.0 0.0
327 0.0 0.0 0.0 0.0 0.0 0.0 0.0 0.0 0.0 0.0 0.0 0.0 0.0 0.0 0.0 0.0 0.0 0.0 0.0 0.0 0.0 0.0 0.0 0.0 0.0 0.0 0.0 0.0 0.0 0.0 0.0 0.0
330 0.0 0.0 0.0 0.0 0.0 0.0 0.0 0.0 0.0 0.0 0.0 0.0 0.0 0.0 0.0 0.0 0.0 0.0 0.0 0.0 0.0 0.0 0.0 0.0 0.0 0.0 0.0 0.0 0.0 0.0 0.0 0.0
333 0.0 0.0 0.0 0.0 0.0 0.0 0.0 0.0 0.0 0.0 0.0 0.0 0.0 0.0 0.0 0.0 0.0 0.0 0.0 0.0 0.0 0.0 0.0 0.0 0.0 0.0 0.0 0.0 0.0 0.0 0.0 0.0
336 0.0 0.0 0.0 0.0 0.0 0.0 0.0 0.0 0.0 0.0 0.0 0.0 0.0 0.0 0.0 0.0 0.0 0.0 0.0 0.0 0.0 0.0 0.0 0.0 0.0 0.0 0.0 0.0 0.0 0.0 0.0 0.0
339 0.0 0.0 0.0 0.0 0.0 0.0 0.0 0.0 0.0 0.0 0.0 0.0 0.0 0.0 0.0 0.0 0.0 0.0 0.0 0.0 0.0 0.0 0.0 0.0 0.0 0.0 0.0 0.0 0.0 0.0 0.0 0.0
342 0.0 0.0 0.0 0.0 0.0 0.0 0.0 0.0 0.0 0.0 0.0 0.0 0.0 0.0 0.0 0.0 0.0 0.0 0.0 0.0 0.0 0.0 0.0 0.0 0.0 0.0 0.0 0.0 0.0 0.0 0.0 0.0
345 0.0 0.0 0.0 0.0 0.0 0.0 0.0 0.0 0.0 0.0 0.0 0.0 0.0 0.0 0.0 0.0 0.0 0.0 0.0 0.0 0.0 0.0 0.0 0.0 0.0 0.0 0.0 0.0 0.0 0.0 0.0 0.0
348 0.0 0.0 0.0 0.0 0.0 0.0 0.0 0.0 0.0 0.0 0.0 0.0 0.0 0.0 0.0 0.0 0.0 0.0 0.0 0.0 0.0 0.0 0.0 0.0 0.0 0.0 0.0 0.0 0.0 0.0 0.0 0.0
351 0.0 0.0 0.0 0.0 0.0 0.0 0.0 0.0 0.0 0.0 0.0 0.0 0.0 0.0 0.0 0.0 0.0 0.0 0.0 0.0 0.0 0.0 0.0 0.0 0.0 0.0 0.0 0.0 0.0 0.0 0.0 0.0
354 0.0 0.0 0.0 0.0 0.0 0.0 0.0 0.0 0.0 0.0 0.0 0.0 0.0 0.0 0.0 0.0 0.0 0.0 0.0 0.0 0.0 0.0 0.0 0.0 0.0 0.0 0.0 0.0 0.0 0.0 0.0 0.0
357 0.0 0.0 0.0 0.0 0.0 0.0 0.0 0.0 0.0 0.0 0.0 0.0 0.0 0.0 0.0 0.0 0.0 0.0 0.0 0.0 0.0 0.0 0.0 0.0 0.0 0.0 0.0 0.0 0.0 0.0 0.0 0.0
