100 0.0 0.0 0.0 0.0 0.0 0.0 0.0 0.0 0.0 0.0 0.0 0.0 0.0 0.0 0.0 0.0 0.0 0.0 0.0 0.0 0.0 0.0 0.0 0.0 0.0 0.0 0.0 0.0 0.0 0.0 0.0 0.0
103 0.0 0.0 0.0 0.0 0.0 0.0 0.0 0.0 0.0 0.0 0.0 0.0 0.0 0.0 0.0 0.0 0.0 0.0 0.0 0.0 0.0 0.0 0.0 0.0 0.0 0.0 0.0 0.0 0.0 0.0 0.0 0.0
106 0.0 0.0 0.0 0.0 0.0 0.0 0.0 0.0 0.0 0.0 0.0 0.0 0.0 0.0 0.0 0.0 0.0 0.0 0.0 0.0 0.0 0.0 0.0 0.0 0.0 0.0 0.0 0.0 0.0 0.0 0.0 0.0
109 0.0 0.0 0.0 0.0 0.0 0.0 0.0 0.0 0.0 0.0 0.0 0.0 0.0 0.0 0.0 0.0 0.0 0.0 0.0 0.0 0.0 0.0 0.0 0.0 0.0 0.0 0.0 0.0 0.0 0.0 0.0 0.0
112 0.0 0.0 0.0 0.0 0.0 0.0 0.0 0.0 0.0 0.0 0.0 0.0 0.0 0.0 0.0 0.0 0.0 0.0 0.0 0.0 0.0 0.0 0.0 0.0 0.0 0.0 0.0 0.0 0.0 0.0 0.0 0.0
115 0.0 0.0 0.0 0.0 0.0 0.0 0.0 0.0 0.0 0.0 0.0 0.0 0.0 0.0 0.0 0.0 0.0 0.0 0.0 0.0 0.0 0.0 0.0 0.0 0.0 0.0 0.0 0.0 0.0 0.0 0.0 0.0
118 0.0 0.0 0.0 0.0 0.0 0.0 0.0 0.0 0.0 0.0 0.0 0.0 0.0 0.0 0.0 0.0 0.0 0.0 0.0 0.0 0.0 0.0 0.0 0.0 0.0 0.0 0.0 0.0 0.0 0.0 0.0 0.0
121 0.0 0.0 0.0 0.0 0.0 0.0 0.0 0.0 0.0 0.0 0.0 0.0 0.0 0.0 0.0 0.0 0.0 0.0 0.0 0.0 0.0 0.0 0.0 0.0 0.0 0.0 0.0 0.0 0.0 0.0 0.0 0.0
124 0.0 0.0 0.0 0.0 0.0 0.0 0.0 0.0 0.0 0.0 0.0 0.0 0.0 0.0 0.0 0.0 0.0 0.0 0.0 0.0 0.0 0.0 0.0 0.0 0.0 0.0 0.0 0.0 0.0 0.0 0.0 0.0
127 0.0 0.0 0.0 0.0 0.0 0.0 0.0 0.0 0.0 0.0 0.0 0.0 0.0 0.0 0.0 0.0 0.0 0.0 0.0 0.0 0.0 0.0 0.0 0.0 0.0 0.0 0.0 0.0 0.0 0.0 0.0 0.0
130 0.0 0.0 0.0 0.0 0.0 0.0 0.0 0.0 0.0 0.0 0.0 0.0 0.0 0.0 0.0 0.0 0.0 0.0 0.0 0.0 0.0 0.0 0.0 0.0 0.0 0.0 0.0 0.0 0.0 0.0 0.0 0.0
133 0.0 0.0 0.0 0.0 0.0 0.0 0.0 0.0 0.0 0.0 0.0 0.0 0.0 0.0 0.0 0.0 0.0 0.0 0.0 0.0 0.0 0.0 0.0 0.0 0.0 0.0 0.0 0.0 0.0 0.0 0.0 0.0
136 0.0 0.0 0.0 0.0 0.0 0.0 0.0 0.0 0.0 0.0 0.0 0.0 0.0 0.0 0.0 0.0 0.0 0.0 0.0 0.0 0.0 0.0 0.0 0.0 0.0 0.0 0.0 0.0 0.0 0.0 0.0 0.0
139 0.0 0.0 0.0 0.0 0.0 0.0 0.0 0.0 0.0 0.0 0.0 0.0 0.0 0.0 0.0 0.0 0.0 0.0 0.0 1.0 0.0 0.0 0.0 0.0 0.0 0.0 0.0 0.0 0.0 0.0 0.0 0.0
142 0.0 0.0 0.0 0.0 0.0 0.0 0.0 0.0 0.0 0.0 0.0 0.0 0.0 0.0 0.0 0.0 0.0 0.0 0.0 0.0 0.0 0.0 0.0 0.0 0.0 0.0 0.0 0.0 0.0 0.0 0.0 0.0
145 0.0 0.0 0.0 0.0 1.0 0.0 0.0 0.0 0.0 2.0 0.0 2.0 0.0 0.0 0.0 1.0 1.0 0.0 0.0 0.0 0.0 1.0 1.0 0.0 0.0 0.0 1.0 0.0 0.0 0.0 3.0 0.0
148 31.0 3.0 17.0 25.0 83.0 70.0 6.0 24.0 9.0 665.0 45.0 101.0 22.0 32.0 131.0 64.0 254.0 10.0 15.0 12.0 59.0 406.0 123.0 51.0 135.0 42.0 215.0 80.0 312.0 213.0 500.0 13.0
151 53703.0 50130.0 52203.0 52897.0 60134.0 59705.0 50035.0 53401.0 51593.0 90935.0 57444.0 63009.0 54451.0 53475.0 65737.0 56715.0 71498.0 51101.0 52082.0 51737.0 56624.0 81088.0 62245.0 55920.0 63188.0 56661.0 66958.0 59488.0 72745.0 67706.0 83506.0 52585.0
154 17472273.0 17470972.0 17470330.0 17455136.0 17470869.0 17454395.0 17467233.0 17454448.0 17461971.0 17455595.0 17466351.0 17455247.0 17467231.0 17469415.0 17468618.0 17455157.0 17469557.0 17466331.0 17465034.0 17463080.0 17453677.0 17465590.0 17453132.0 17462810.0 17453293.0 17461613.0 17452845.0 17465921.0 17452997.0 17464386.0 17467307.0 17465688.0
157 17840233.0 17838291.0 17837128.0 17821170.0 17838670.0 17820321.0 17831934.0 17820415.0 17827363.0 17820052.0 17833467.0 17822422.0 17834838.0 17835949.0 17834740.0 17824996.0 17835485.0 17831694.0 17830829.0 17829149.0 17820489.0 17830204.0 17820607.0 17827915.0 17819807.0 17826565.0 17819403.0 17829301.0 17818939.0 17827981.0 17830364.0 17828746.0
160 18005763.0 18005239.0 18005195.0 18001934.0 18005483.0 18001882.0 18003499.0 18001874.0 18002716.0 18001829.0 18003868.0 18002223.0 18004007.0 18004248.0 18004201.0 18002417.0 18004220.0 18003416.0 18003233.0 18003085.0 18001961.0 18003427.0 18001940.0 18002911.0 18001841.0 18002680.0 18001752.0 18003046.0 18001654.0 18002856.0 18003342.0 18002928.0
163 18290367.0 18290111.0 18290516.0 18285581.0 18291848.0 18285370.0 18288721.0 18285482.0 18286829.0 18285238.0 18290173.0 18286473.0 18290285.0 18291528.0 18290850.0 18287230.0 18290357.0 18289203.0 18288420.0 18287892.0 18285512.0 18288718.0 18285624.0 18287595.0 18285109.0 18286671.0 18284705.0 18287621.0 18284470.0 18286752.0 18287074.0 18286553.0
166 18647765.0 18648031.0 18648232.0 18646069.0 18648588.0 18645946.0 18648416.0 18645849.0 18647313.0 18645845.0 18648555.0 18645954.0 18648513.0 18649426.0 18649112.0 18645927.0 18648696.0 18648515.0 18648282.0 18647726.0 18645572.0 18648297.0 18645500.0 18647873.0 18645477.0 18647514.0 18645386.0 18648605.0 18645364.0 18648006.0 18647687.0 18648017.0
169 18809156.0 18809602.0 18809928.0 18809689.0 18810149.0 18809860.0 18810092.0 18809674.0 18809333.0 18809655.0 18810106.0 18809849.0 18810206.0 18810968.0 18810659.0 18809093.0 18810420.0 18810671.0 18810394.0 18810216.0 18808246.0 18810183.0 18807919.0 18810460.0 18807940.0 18809686.0 18807791.0 18810962.0 18807859.0 18810251.0 18809973.0 18810191.0
172 18851546.0 18855073.0 18851735.0 18844523.0 18849401.0 18843961.0 18848477.0 18844218.0 18844822.0 18843752.0 18846789.0 18844791.0 18847162.0 18846727.0 18845972.0 18845402.0 18847153.0 18846909.0 18845892.0 18845150.0 18843258.0 18844148.0 18842761.0 18843982.0 18842698.0 18844057.0 18842520.0 18844572.0 18842534.0 18843829.0 18843980.0 18845271.0
175 18566626.0 18568320.0 18557816.0 18535201.0 18552532.0 18524739.0 18552559.0 18528420.0 18543541.0 18519540.0 18546067.0 18532177.0 18548547.0 18545730.0 18539063.0 18543087.0 18543185.0 18544657.0 18540792.0 18537721.0 18526399.0 18530186.0 18523701.0 18532157.0 18522322.0 18529626.0 18519902.0 18532178.0 18515400.0 18529734.0 18530373.0 18538321.0
178 11934897.0 12073510.0 11790374.0 11609272.0 11641905.0 11438645.0 11888136.0 11601705.0 11743176.0 11341194.0 11745670.0 11611989.0 11860062.0 11864009.0 11609586.0 11908351.0 11651826.0 11916217.0 11844527.0 11830616.0 11625227.0 11513783.0 11555726.0 11698623.0 11587916.0 11540374.0 11541515.0 11678130.0 11318595.0 11579891.0 11536946.0 11910427.0
181 10066531.0 10184758.0 10034487.0 10082386.0 9941083.0 9918607.0 10167985.0 10097919.0 10069330.0 9805846.0 10082002.0 10092717.0 10195364.0 10215361.0 9947075.0 10405952.0 9979965.0 10254215.0 10187194.0 10180979.0 10120325.0 9846698.0 10059230.0 10044792.0 10091555.0 9848884.0 10054188.0 10001059.0 9750526.0 9893832.0 9841022.0 10181066.0
184 9470903.0 9615688.0 9454484.0 9700338.0 9351128.0 9493048.0 9631844.0 9729768.0 9534193.0 9335043.0 9531288.0 9690517.0 9675213.0 9711321.0 9357065.0 10103041.0 9394606.0 9752682.0 9672929.0 9670199.0 9733044.0 9258672.0 9672536.0 9515951.0 9715624.0 9252310.0 9690423.0 9443546.0 9265531.0 9315592.0 9235396.0 9644722.0
187 4829473.0 4944378.0 4795665.0 4956543.0 4686210.0 4770243.0 4920319.0 4962485.0 4831444.0 4655851.0 4837052.0 4943202.0 4950334.0 5014267.0 4669157.0 5328204.0 4699252.0 5017169.0 4930998.0 4923229.0 4959493.0 4589631.0 4931384.0 4803054.0 4967713.0 4568353.0 4964315.0 4740808.0 4604876.0 4637149.0 4570610.0 4890973.0
190 6987.0 14582.0 6282.0 10879.0 2366.0 4740.0 12083.0 10075.0 7226.0 2292.0 7441.0 8832.0 7622.0 17808.0 3181.0 31896.0 3296.0 15876.0 8791.0 9358.0 9494.0 2691.0 9099.0 7232.0 13303.0 3133.0 14432.0 8094.0 3771.0 5433.0 3946.0 11860.0
193 168.0 15.0 40.0 61.0 11.0 9.0 180.0 29.0 28.0 3.0 82.0 3.0 6.0 11.0 6.0 5.0 21.0 24.0 15.0 41.0 17.0 34.0 38.0 3.0 13.0 2.0 22.0 10.0 19.0 3.0 1.0 0.0
196 45.0 2.0 11.0 14.0 2.0 1.0 54.0 8.0 4.0 0.0 23.0 0.0 1.0 3.0 0.0 0.0 4.0 2.0 0.0 6.0 1.0 4.0 6.0 1.0 2.0 0.0 6.0 1.0 5.0 0.0 0.0 0.0
199 4.0 1.0 1.0 1.0 1.0 0.0 7.0 0.0 0.0 0.0 1.0 0.0 0.0 0.0 0.0 0.0 0.0 0.0 0.0 1.0 0.0 0.0 0.0 0.0 0.0 0.0 1.0 0.0 0.0 0.0 0.0 0.0
202 1.0 0.0 0.0 1.0 0.0 0.0 0.0 0.0 0.0 0.0 0.0 0.0 0.0 0.0 0.0 0.0 0.0 0.0 0.0 0.0 0.0 0.0 0.0 0.0 0.0 0.0 0.0 0.0 0.0 0.0 0.0 0.0
205 0.0 0.0 0.0 0.0 0.0 0.0 0.0 0.0 0.0 0.0 0.0 0.0 0.0 0.0 0.0 0.0 0.0 0.0 0.0 0.0 0.0 0.0 0.0 0.0 0.0 0.0 0.0 0.0 0.0 0.0 0.0 0.0
208 0.0 0.0 0.0 0.0 0.0 0.0 0.0 0.0 0.0 0.0 0.0 0.0 0.0 0.0 0.0 0.0 0.0 0.0 0.0 0.0 0.0 0.0 0.0 0.0 0.0 0.0 0.0 0.0 1.0 0.0 0.0 0.0
211 0.0 0.0 0.0 0.0 0.0 0.0 0.0 0.0 0.0 0.0 0.0 0.0 0.0 0.0 0.0 0.0 0.0 0.0 0.0 0.0 0.0 0.0 0.0 0.0 0.0 0.0 0.0 0.0 0.0 0.0 0.0 0.0
214 0.0 0.0 0.0 0.0 0.0 0.0 0.0 0.0 0.0 0.0 0.0 0.0 0.0 0.0 0.0 0.0 0.0 0.0 0.0 0.0 0.0 0.0 0.0 0.0 0.0 0.0 0.0 0.0 0.0 0.0 0.0 0.0
217 0.0 0.0 0.0 0.0 0.0 0.0 0.0 0.0 0.0 0.0 0.0 0.0 0.0 0.0 0.0 0.0 0.0 0.0 0.0 0.0 0.0 0.0 0.0 0.0 0.0 0.0 0.0 0.0 0.0 0.0 0.0 0.0
220 0.0 0.0 0.0 0.0 0.0 0.0 0.0 0.0 0.0 0.0 0.0 0.0 0.0 0.0 0.0 0.0 0.0 0.0 0.0 0.0 0.0 0.0 0.0 0.0 0.0 0.0 0.0 0.0 0.0 0.0 0.0 0.0
223 0.0 0.0 0.0 0.0 0.0 0.0 0.0 0.0 0.0 0.0 0.0 0.0 0.0 0.0 0.0 0.0 0.0 0.0 0.0 0.0 0.0 0.0 0.0 0.0 0.0 0.0 0.0 0.0 0.0 0.0 0.0 0.0
226 0.0 0.0 0.0 0.0 0.0 0.0 0.0 0.0 0.0 0.0 0.0 0.0 0.0 0.0 0.0 0.0 0.0 0.0 0.0 0.0 0.0 0.0 0.0 0.0 0.0 0.0 0.0 0.0 0.0 0.0 0.0 0.0
229 0.0 0.0 0.0 0.0 0.0 0.0 0.0 0.0 0.0 0.0 0.0 0.0 0.0 0.0 0.0 0.0 0.0 0.0 0.0 0.0 0.0 0.0 0.0 0.0 0.0 0.0 0.0 0.0 0.0 0.0 0.0 0.0
232 0.0 0.0 0.0 0.0 0.0 0.0 0.0 0.0 0.0 0.0 0.0 0.0 0.0 0.0 0.0 0.0 0.0 0.0 0.0 0.0 0.0 0.0 0.0 0.0 0.0 0.0 0.0 0.0 0.0 0.0 0.0 0.0
235 0.0 0.0 0.0 0.0 0.0 0.0 0.0 0.0 0.0 0.0 0.0 0.0 0.0 0.0 0.0 0.0 0.0 0.0 0.0 0.0 0.0 0.0 0.0 0.0 0.0 0.0 0.0 0.0 0.0 0.0 0.0 0.0
238 0.0 0.0 0.0 0.0 0.0 0.0 0.0 0.0 0.0 0.0 0.0 0.0 0.0 0.0 0.0 0.0 0.0 0.0 0.0 0.0 0.0 0.0 0.0 0.0 0.0 0.0 0.0 0.0 0.0 0.0 0.0 0.0
241 0.0 0.0 0.0 0.0 0.0 0.0 0.0 0.0 0.0 0.0 0.0 0.0 0.0 0.0 0.0 0.0 0.0 0.0 0.0 0.0 0.0 0.0 0.0 0.0 0.0 0.0 0.0 0.0 0.0 0.0 0.0 0.0
244 0.0 0.0 0.0 0.0 0.0 0.0 0.0 0.0 0.0 0.0 0.0 0.0 0.0 0.0 0.0 0.0 0.0 0.0 0.0 0.0 0.0 0.0 0.0 0.0 0.0 0.0 0.0 0.0 0.0 0.0 0.0 0.0
247 0.0 0.0 0.0 0.0 0.0 0.0 0.0 0.0 0.0 0.0 0.0 0.0 0.0 0.0 0.0 0.0 0.0 0.0 0.0 0.0 0.0 0.0 0.0 0.0 0.0 0.0 0.0 0.0 0.0 0.0 0.0 0.0
250 0.0 0.0 0.0 0.0 0.0 0.0 0.0 0.0 0.0 0.0 0.0 0.0 0.0 0.0 0.0 0.0 0.0 0.0 0.0 0.0 0.0 0.0 0.0 0.0 0.0 0.0 0.0 0.0 0.0 0.0 0.0 0.0
253 0.0 0.0 0.0 0.0 0.0 0.0 0.0 0.0 0.0 0.0 0.0 0.0 0.0 0.0 0.0 0.0 0.0 0.0 0.0 0.0 0.0 0.0 0.0 0.0 0.0 0.0 0.0 0.0 0.0 0.0 0.0 0.0
256 0.0 0.0 0.0 0.0 0.0 0.0 0.0 0.0 0.0 0.0 0.0 0.0 0.0 0.0 0.0 0.0 0.0 0.0 0.0 0.0 0.0 0.0 0.0 0.0 0.0 0.0 0.0 0.0 0.0 0.0 0.0 0.0
259 0.0 0.0 0.0 0.0 0.0 0.0 0.0 0.0 0.0 0.0 0.0 0.0 0.0 0.0 0.0 0.0 0.0 0.0 0.0 0.0 0.0 0.0 0.0 0.0 0.0 0.0 0.0 0.0 0.0 0.0 0.0 0.0
262 0.0 0.0 0.0 0.0 0.0 0.0 0.0 0.0 0.0 0.0 0.0 0.0 0.0 0.0 0.0 0.0 0.0 0.0 0.0 0.0 0.0 0.0 0.0 0.0 0.0 0.0 0.0 0.0 0.0 0.0 0.0 0.0
265 0.0 0.0 0.0 0.0 0.0 0.0 0.0 0.0 0.0 0.0 0.0 0.0 0.0 0.0 0.0 0.0 0.0 0.0 0.0 0.0 0.0 0.0 0.0 0.0 0.0 0.0 0.0 0.0 0.0 0.0 0.0 0.0
268 0.0 0.0 0.0 0.0 0.0 0.0 0.0 0.0 0.0 0.0 0.0 0.0 0.0 0.0 0.0 0.0 0.0 0.0 0.0 0.0 0.0 0.0 0.0 0.0 0.0 0.0 0.0 0.0 0.0 0.0 0.0 0.0
271 0.0 0.0 0.0 0.0 0.0 0.0 0.0 0.0 0.0 0.0 0.0 0.0 0.0 0.0 0.0 0.0 0.0 0.0 0.0 0.0 0.0 0.0 0.0 0.0 0.0 0.0 0.0 0.0 0.0 0.0 0.0 0.0
274 0.0 0.0 0.0 0.0 0.0 0.0 0.0 0.0 0.0 0.0 0.0 0.0 0.0 0.0 0.0 0.0 0.0 0.0 0.0 0.0 0.0 0.0 0.0 0.0 0.0 0.0 0.0 0.0 0.0 0.0 0.0 0.0
277 0.0 0.0 0.0 0.0 0.0 0.0 0.0 0.0 0.0 0.0 0.0 0.0 0.0 0.0 0.0 0.0 0.0 0.0 0.0 0.0 0.0 0.0 0.0 0.0 0.0 0.0 0.0 0.0 0.0 0.0 0.0 0.0
280 0.0 0.0 0.0 0.0 0.0 0.0 0.0 0.0 0.0 0.0 0.0 0.0 0.0 0.0 0.0 0.0 0.0 0.0 0.0 0.0 0.0 0.0 0.0 0.0 0.0 0.0 0.0 0.0 0.0 0.0 0.0 0.0
283 0.0 0.0 0.0 0.0 0.0 0.0 0.0 0.0 0.0 0.0 0.0 0.0 0.0 0.0 0.0 0.0 0.0 0.0 0.0 0.0 0.0 0.0 0.0 0.0 0.0 0.0 0.0 0.0 0.0 0.0 0.0 0.0
286 0.0 0.0 0.0 0.0 0.0 0.0 0.0 0.0 0.0 0.0 0.0 0.0 0.0 0.0 0.0 0.0 0.0 0.0 0.0 0.0 0.0 0.0 0.0 0.0 0.0 0.0 0.0 0.0 0.0 0.0 0.0 0.0
289 0.0 0.0 0.0 0.0 0.0 0.0 0.0 0.0 0.0 0.0 0.0 0.0 0.0 0.0 0.0 0.0 0.0 0.0 0.0 0.0 0.0 0.0 0.0 0.0 0.0 0.0 0.0 0.0 0.0 0.0 0.0 0.0
292 0.0 0.0 0.0 0.0 0.0 0.0 0.0 0.0 0.0 0.0 0.0 0.0 0.0 0.0 0.0 0.0 0.0 0.0 0.0 0.0 0.0 0.0 0.0 0.0 0.0 0.0 0.0 0.0 0.0 0.0 0.0 0.0
295 0.0 0.0 0.0 0.0 0.0 0.0 0.0 0.0 0.0 0.0 0.0 0.0 0.0 0.0 0.0 0.0 0.0 0.0 0.0 0.0 0.0 0.0 0.0 0.0 0.0 0.0 0.0 0.0 0.0 0.0 0.0 0.0
298 0.0 0.0 0.0 0.0 0.0 0.0 0.0 0.0 0.0 0.0 0.0 0.0 0.0 0.0 0.0 0.0 0.0 0.0 0.0 0.0 0.0 0.0 0.0 0.0 0.0 0.0 0.0 0.0 0.0 0.0 0.0 0.0
301 0.0 0.0 0.0 0.0 0.0 0.0 0.0 0.0 0.0 0.0 0.0 0.0 0.0 0.0 0.0 0.0 0.0 0.0 0.0 0.0 0.0 0.0 0.0 0.0 0.0 0.0 0.0 0.0 0.0 0.0 0.0 0.0
304 0.0 0.0 0.0 0.0 0.0 0.0 0.0 0.0 0.0 0.0 0.0 0.0 0.0 0.0 0.0 0.0 0.0 0.0 0.0 0.0 0.0 0.0 0.0 0.0 0.0 0.0 0.0 0.0 0.0 0.0 0.0 0.0
307 0.0 0.0 0.0 0.0 0.0 0.0 0.0 0.0 0.0 0.0 0.0 0.0 0.0 0.0 0.0 0.0 0.0 0.0 0.0 0.0 0.0 0.0 0.0 0.0 0.0 0.0 0.0 0.0 0.0 0.0 0.0 0.0
