150 12842573.0 12830467.0 12830462.0 12832865.0 12842883.0 12805989.0 12817199.0 12838603.0 12808326.0 12809025.0 12839516.0 12823345.0 12835731.0 12841230.0 12855533.0 12805791.0 12839537.0 12828068.0 12840729.0 12840524.0 12806888.0 12826380.0 12824564.0 12851570.0 12821064.0 12866476.0 12838439.0 12849290.0 12836620.0 12839377.0 12873054.0 12839328.0
153 17437157.0 17430522.0 17426457.0 17417306.0 17427188.0 17413479.0 17421201.0 17416824.0 17418915.0 17412712.0 17423896.0 17415307.0 17424228.0 17423181.0 17424977.0 17412383.0 17423378.0 17420798.0 17422807.0 17422000.0 17409870.0 17419479.0 17413610.0 17421911.0 17413158.0 17424756.0 17413970.0 17422105.0 17413696.0 17421307.0 17431591.0 17426865.0
156 17997863.0 17992964.0 17990005.0 17986016.0 17989919.0 17986052.0 17986766.0 17986012.0 17986472.0 17986069.0 17987277.0 17986038.0 17987435.0 17987078.0 17986958.0 17986079.0 17987114.0 17986481.0 17987190.0 17986835.0 17986031.0 17986647.0 17986000.0 17986895.0 17986001.0 17988079.0 17985984.0 17987418.0 17986003.0 17987069.0 17992145.0 17989459.0
159 18203054.0 18192972.0 18187575.0 18174239.0 18186851.0 18175069.0 18180103.0 18174728.0 18179004.0 18175608.0 18183258.0 18175131.0 18186273.0 18181364.0 18181195.0 18176293.0 18181841.0 18178840.0 18181022.0 18180048.0 18175307.0 18180353.0 18174679.0 18180559.0 18174383.0 18185470.0 18174333.0 18182248.0 18174363.0 18182081.0 18197406.0 18193741.0
162 18382443.0 18380872.0 18380359.0 18379231.0 18380200.0 18379406.0 18379894.0 18379297.0 18379924.0 18379498.0 18380267.0 18379397.0 18380572.0 18379918.0 18379937.0 18379540.0 18379915.0 18379689.0 18379676.0 18379559.0 18379352.0 18379664.0 18379261.0 18379601.0 18379193.0 18379926.0 18379166.0 18379523.0 18379182.0 18379547.0 18380432.0 18380370.0
165 18635662.0 18633965.0 18633257.0 18631296.0 18632963.0 18631468.0 18632123.0 18631443.0 18632075.0 18631716.0 18632774.0 18631495.0 18632852.0 18632093.0 18632342.0 18631657.0 18632036.0 18631710.0 18631724.0 18631695.0 18631324.0 18631757.0 18631258.0 18631764.0 18631209.0 18632100.0 18631157.0 18631503.0 18631198.0 18631597.0 18632444.0 18632352.0
168 19040830.0 19039027.0 19038460.0 19037964.0 19038449.0 19038944.0 19037810.0 19038527.0 19038215.0 19038734.0 19038612.0 19038380.0 19038987.0 19038091.0 19038357.0 19037704.0 19038205.0 19038251.0 19037908.0 19037804.0 19036468.0 19038393.0 19036446.0 19038030.0 19036183.0 19038311.0 19036157.0 19037781.0 19036196.0 19038031.0 19038499.0 19038214.0
171 19057807.0 19056683.0 19055539.0 19051910.0 19056032.0 19052662.0 19054871.0 19051450.0 19054619.0 19053939.0 19057535.0 19052712.0 19057733.0 19053651.0 19055323.0 19054796.0 19054580.0 19052913.0 19052323.0 19051681.0 19049197.0 19051741.0 19047847.0 19051492.0 19047303.0 19051179.0 19047051.0 19049965.0 19047260.0 19050265.0 19051023.0 19050795.0
174 18995952.0 18996341.0 18988702.0 18973737.0 18988230.0 18975237.0 18986162.0 18972738.0 18985368.0 18979389.0 18984658.0 18975803.0 18988270.0 18979256.0 18978359.0 18983881.0 18981281.0 18978378.0 18978354.0 18974789.0 18974376.0 18977270.0 18970246.0 18973691.0 18970118.0 18971441.0 18966962.0 18972622.0 18967884.0 18972542.0 18974413.0 18977671.0
177 12623657.0 12781988.0 12353151.0 11771058.0 12305409.0 11919961.0 12349461.0 11825635.0 12469531.0 12143029.0 12206171.0 11990526.0 12569274.0 12142436.0 12067752.0 12425901.0 12241742.0 12241712.0 12188771.0 11966781.0 12048507.0 12348065.0 11824550.0 11995953.0 11965304.0 11829487.0 11778147.0 12090732.0 11914249.0 12067899.0 12157431.0 12430235.0
180 10315941.0 10416839.0 10288570.0 10234586.0 10290170.0 10405799.0 10366176.0 10342145.0 10496222.0 10620231.0 10338980.0 10487512.0 10616377.0 10307674.0 10281654.0 10843399.0 10390237.0 10393139.0 10329484.0 10153965.0 10516087.0 10450738.0 10332100.0 10170866.0 10474337.0 10012283.0 10296172.0 10209754.0 10421826.0 10171402.0 10217444.0 10328948.0
183 9195605.0 9327793.0 9195869.0 9305995.0 9206774.0 9534867.0 9301582.0 9470171.0 9472652.0 9810680.0 9273632.0 9629369.0 9619802.0 9250858.0 9213098.0 10073961.0 9334032.0 9347486.0 9258109.0 9033553.0 9666833.0 9420522.0 9444813.0 9071035.0 9645899.0 8860591.0 9416656.0 9113057.0 9582693.0 9046285.0 9094622.0 9185982.0
186 1562994.0 1624604.0 1534288.0 1526780.0 1539253.0 1627545.0 1559425.0 1600100.0 1674268.0 1815111.0 1579528.0 1682255.0 1779096.0 1554950.0 1527328.0 1943567.0 1572028.0 1579579.0 1527816.0 1432561.0 1669587.0 1640698.0 1573231.0 1478390.0 1649276.0 1386318.0 1574269.0 1480425.0 1655489.0 1441855.0 1475704.0 1472581.0
189 12449.0 31263.0 13829.0 15729.0 20059.0 35127.0 22633.0 29133.0 53554.0 109551.0 34869.0 49731.0 87172.0 26190.0 20744.0 151191.0 27826.0 31604.0 21967.0 8424.0 40723.0 52372.0 27657.0 24637.0 41291.0 6694.0 32439.0 21760.0 56406.0 15213.0 21116.0 18266.0
192 434.0 680.0 814.0 702.0 476.0 669.0 468.0 202.0 743.0 380.0 219.0 578.0 455.0 516.0 244.0 447.0 506.0 807.0 421.0 456.0 471.0 499.0 546.0 301.0 510.0 241.0 276.0 317.0 500.0 117.0 303.0 309.0
195 221.0 384.0 500.0 474.0 251.0 440.0 256.0 91.0 478.0 109.0 85.0 361.0 271.0 305.0 92.0 166.0 324.0 552.0 261.0 226.0 218.0 312.0 334.0 127.0 268.0 91.0 127.0 144.0 282.0 36.0 123.0 98.0
198 79.0 172.0 249.0 200.0 75.0 173.0 114.0 8.0 181.0 37.0 19.0 145.0 100.0 105.0 21.0 47.0 127.0 289.0 88.0 95.0 63.0 128.0 104.0 43.0 109.0 20.0 23.0 29.0 102.0 9.0 45.0 32.0
201 10.0 44.0 79.0 43.0 14.0 49.0 17.0 1.0 43.0 8.0 1.0 39.0 22.0 13.0 4.0 9.0 23.0 67.0 17.0 12.0 8.0 34.0 24.0 3.0 25.0 1.0 6.0 6.0 23.0 0.0 3.0 1.0
204 2.0 9.0 15.0 11.0 2.0 8.0 2.0 1.0 5.0 0.0 1.0 6.0 6.0 2.0 0.0 0.0 3.0 16.0 0.0 2.0 0.0 7.0 3.0 1.0 6.0 0.0 0.0 0.0 4.0 0.0 3.0 0.0
207 0.0 1.0 1.0 2.0 0.0 1.0 0.0 0.0 0.0 0.0 0.0 1.0 0.0 0.0 0.0 0.0 0.0 1.0 0.0 0.0 0.0 0.0 0.0 0.0 1.0 0.0 0.0 0.0 0.0 0.0 0.0 0.0
210 0.0 1.0 1.0 1.0 0.0 0.0 0.0 0.0 1.0 0.0 1.0 1.0 0.0 0.0 0.0 0.0 1.0 0.0 0.0 1.0 1.0 0.0 0.0 0.0 0.0 0.0 0.0 0.0 0.0 0.0 0.0 0.0
213 0.0 2.0 2.0 0.0 0.0 0.0 0.0 0.0 0.0 0.0 0.0 0.0 0.0 0.0 1.0 0.0 0.0 1.0 0.0 0.0 0.0 0.0 0.0 0.0 0.0 0.0 0.0 0.0 0.0 0.0 0.0 0.0
216 0.0 0.0 0.0 0.0 0.0 0.0 0.0 0.0 0.0 0.0 0.0 0.0 0.0 0.0 0.0 0.0 0.0 0.0 0.0 0.0 0.0 0.0 0.0 0.0 0.0 0.0 0.0 0.0 0.0 0.0 0.0 0.0
219 0.0 0.0 0.0 0.0 0.0 0.0 0.0 1.0 0.0 0.0 0.0 0.0 1.0 0.0 0.0 0.0 0.0 0.0 0.0 0.0 0.0 0.0 0.0 0.0 0.0 0.0 0.0 0.0 0.0 0.0 0.0 0.0
222 0.0 0.0 0.0 0.0 0.0 0.0 0.0 0.0 0.0 0.0 0.0 0.0 0.0 0.0 0.0 0.0 0.0 0.0 0.0 0.0 0.0 0.0 0.0 0.0 0.0 1.0 0.0 0.0 0.0 0.0 0.0 1.0
225 0.0 0.0 0.0 0.0 0.0 0.0 0.0 0.0 0.0 0.0 0.0 0.0 0.0 0.0 0.0 0.0 0.0 0.0 0.0 0.0 0.0 0.0 0.0 0.0 0.0 0.0 0.0 0.0 0.0 0.0 0.0 0.0
228 0.0 0.0 0.0 0.0 0.0 0.0 0.0 0.0 0.0 0.0 0.0 0.0 0.0 0.0 0.0 0.0 0.0 0.0 0.0 0.0 0.0 0.0 0.0 0.0 0.0 0.0 0.0 0.0 0.0 0.0 0.0 0.0
231 0.0 0.0 1.0 0.0 0.0 0.0 1.0 0.0 0.0 0.0 0.0 0.0 0.0 0.0 0.0 0.0 0.0 0.0 0.0 0.0 0.0 0.0 0.0 0.0 0.0 0.0 0.0 0.0 0.0 0.0 0.0 0.0
234 0.0 0.0 0.0 0.0 0.0 0.0 0.0 0.0 0.0 0.0 0.0 0.0 0.0 0.0 0.0 0.0 0.0 0.0 0.0 0.0 1.0 0.0 0.0 0.0 0.0 0.0 0.0 0.0 0.0 0.0 0.0 0.0
237 0.0 0.0 0.0 0.0 0.0 0.0 0.0 0.0 0.0 0.0 0.0 0.0 0.0 0.0 0.0 0.0 0.0 0.0 0.0 0.0 0.0 0.0 0.0 0.0 0.0 0.0 0.0 0.0 0.0 0.0 0.0 0.0
240 0.0 1.0 0.0 0.0 0.0 0.0 0.0 0.0 0.0 0.0 0.0 0.0 0.0 0.0 0.0 0.0 0.0 0.0 0.0 1.0 0.0 0.0 0.0 0.0 0.0 0.0 0.0 0.0 0.0 0.0 0.0 0.0
243 0.0 0.0 0.0 0.0 0.0 0.0 0.0 0.0 1.0 0.0 0.0 0.0 0.0 0.0 0.0 0.0 0.0 0.0 0.0 0.0 0.0 0.0 0.0 0.0 0.0 0.0 0.0 0.0 0.0 0.0 0.0 0.0
246 0.0 0.0 0.0 0.0 0.0 0.0 0.0 0.0 0.0 0.0 0.0 0.0 0.0 0.0 0.0 0.0 0.0 0.0 0.0 0.0 0.0 0.0 0.0 0.0 0.0 0.0 0.0 0.0 0.0 0.0 0.0 0.0
249 0.0 0.0 0.0 0.0 0.0 0.0 0.0 0.0 0.0 0.0 0.0 0.0 0.0 0.0 0.0 0.0 0.0 1.0 0.0 0.0 0.0 0.0 0.0 0.0 0.0 0.0 0.0 0.0 0.0 0.0 0.0 0.0
252 0.0 0.0 0.0 0.0 0.0 0.0 0.0 0.0 0.0 0.0 0.0 0.0 0.0 0.0 0.0 0.0 0.0 0.0 0.0 0.0 0.0 0.0 0.0 0.0 0.0 0.0 0.0 0.0 0.0 0.0 0.0 0.0
255 0.0 0.0 0.0 0.0 0.0 0.0 0.0 0.0 0.0 0.0 0.0 0.0 0.0 0.0 0.0 0.0 0.0 0.0 0.0 0.0 0.0 0.0 0.0 0.0 0.0 0.0 0.0 0.0 0.0 0.0 0.0 0.0
258 0.0 0.0 0.0 0.0 0.0 0.0 0.0 0.0 0.0 0.0 0.0 0.0 0.0 0.0 0.0 0.0 0.0 0.0 0.0 0.0 0.0 0.0 0.0 0.0 0.0 0.0 0.0 0.0 0.0 0.0 0.0 0.0
261 0.0 0.0 0.0 0.0 0.0 1.0 0.0 0.0 0.0 0.0 0.0 0.0 0.0 0.0 0.0 0.0 0.0 0.0 0.0 0.0 0.0 0.0 0.0 0.0 0.0 0.0 0.0 0.0 0.0 0.0 0.0 0.0
264 0.0 0.0 0.0 0.0 0.0 0.0 0.0 0.0 0.0 0.0 0.0 0.0 0.0 0.0 0.0 0.0 0.0 0.0 0.0 0.0 0.0 0.0 0.0 0.0 0.0 0.0 0.0 0.0 0.0 0.0 0.0 0.0
267 0.0 0.0 0.0 0.0 0.0 0.0 1.0 0.0 0.0 0.0 0.0 0.0 0.0 0.0 0.0 0.0 0.0 0.0 0.0 0.0 0.0 0.0 0.0 0.0 0.0 0.0 0.0 0.0 0.0 0.0 0.0 0.0
270 0.0 0.0 0.0 0.0 0.0 0.0 0.0 0.0 0.0 0.0 0.0 0.0 0.0 0.0 0.0 0.0 0.0 0.0 1.0 0.0 0.0 0.0 0.0 0.0 0.0 0.0 0.0 0.0 0.0 0.0 0.0 0.0
273 0.0 0.0 0.0 0.0 0.0 0.0 0.0 0.0 0.0 0.0 0.0 0.0 0.0 0.0 0.0 0.0 0.0 0.0 0.0 0.0 0.0 1.0 0.0 0.0 0.0 0.0 0.0 0.0 0.0 0.0 0.0 0.0
276 0.0 0.0 0.0 0.0 0.0 0.0 0.0 0.0 0.0 0.0 0.0 0.0 0.0 0.0 0.0 0.0 0.0 0.0 0.0 0.0 0.0 0.0 0.0 0.0 0.0 0.0 0.0 0.0 0.0 0.0 0.0 0.0
279 0.0 0.0 0.0 0.0 0.0 0.0 0.0 0.0 0.0 0.0 0.0 0.0 0.0 0.0 0.0 0.0 0.0 0.0 0.0 0.0 0.0 0.0 0.0 0.0 0.0 0.0 0.0 0.0 0.0 0.0 0.0 0.0
282 0.0 0.0 0.0 0.0 0.0 0.0 0.0 0.0 0.0 0.0 0.0 0.0 0.0 0.0 0.0 0.0 0.0 0.0 0.0 1.0 0.0 0.0 1.0 0.0 0.0 0.0 0.0 0.0 0.0 0.0 0.0 0.0
285 0.0 0.0 0.0 0.0 0.0 0.0 0.0 0.0 0.0 0.0 0.0 0.0 0.0 0.0 0.0 0.0 0.0 0.0 0.0 0.0 0.0 0.0 0.0 0.0 0.0 0.0 0.0 0.0 0.0 0.0 0.0 0.0
288 0.0 0.0 0.0 0.0 0.0 0.0 0.0 0.0 0.0 0.0 0.0 0.0 0.0 0.0 0.0 0.0 0.0 0.0 0.0 0.0 0.0 0.0 0.0 0.0 0.0 0.0 0.0 0.0 0.0 0.0 0.0 0.0
291 0.0 0.0 0.0 0.0 0.0 0.0 0.0 0.0 0.0 0.0 0.0 0.0 0.0 0.0 0.0 0.0 0.0 0.0 0.0 0.0 1.0 0.0 0.0 0.0 0.0 0.0 0.0 0.0 0.0 0.0 0.0 0.0
294 0.0 0.0 0.0 0.0 0.0 0.0 0.0 0.0 0.0 0.0 0.0 0.0 0.0 0.0 0.0 0.0 0.0 0.0 0.0 0.0 0.0 0.0 0.0 0.0 0.0 0.0 0.0 0.0 0.0 0.0 0.0 0.0
297 0.0 0.0 0.0 0.0 0.0 0.0 0.0 0.0 0.0 0.0 0.0 0.0 0.0 0.0 0.0 0.0 0.0 0.0 0.0 0.0 0.0 0.0 0.0 0.0 0.0 0.0 0.0 0.0 0.0 0.0 0.0 0.0
300 0.0 0.0 0.0 0.0 0.0 0.0 0.0 0.0 0.0 0.0 0.0 0.0 0.0 0.0 0.0 0.0 0.0 0.0 0.0 0.0 0.0 0.0 0.0 0.0 0.0 0.0 0.0 0.0 0.0 0.0 0.0 0.0
303 0.0 0.0 0.0 0.0 0.0 0.0 0.0 0.0 0.0 0.0 0.0 0.0 0.0 0.0 0.0 0.0 0.0 0.0 0.0 0.0 0.0 0.0 0.0 0.0 0.0 0.0 0.0 0.0 0.0 0.0 0.0 0.0
306 0.0 0.0 0.0 0.0 0.0 0.0 0.0 0.0 0.0 0.0 0.0 0.0 0.0 0.0 0.0 0.0 0.0 0.0 0.0 0.0 0.0 0.0 0.0 0.0 0.0 0.0 0.0 0.0 0.0 0.0 0.0 0.0
309 0.0 0.0 0.0 0.0 0.0 0.0 0.0 0.0 0.0 0.0 0.0 0.0 0.0 0.0 0.0 0.0 0.0 0.0 0.0 0.0 0.0 0.0 0.0 0.0 0.0 0.0 0.0 0.0 0.0 0.0 0.0 0.0
312 0.0 0.0 0.0 0.0 0.0 0.0 0.0 0.0 0.0 0.0 0.0 0.0 0.0 0.0 0.0 0.0 0.0 0.0 0.0 0.0 0.0 0.0 0.0 0.0 0.0 0.0 0.0 0.0 0.0 0.0 0.0 0.0
315 0.0 0.0 0.0 0.0 0.0 0.0 0.0 0.0 0.0 0.0 0.0 0.0 0.0 0.0 0.0 0.0 0.0 0.0 0.0 0.0 0.0 0.0 0.0 0.0 0.0 0.0 0.0 0.0 0.0 0.0 0.0 0.0
318 0.0 0.0 0.0 0.0 0.0 1.0 0.0 0.0 0.0 0.0 0.0 0.0 0.0 0.0 0.0 0.0 0.0 0.0 0.0 0.0 0.0 0.0 0.0 0.0 0.0 0.0 0.0 0.0 0.0 0.0 0.0 0.0
321 0.0 0.0 0.0 0.0 0.0 0.0 0.0 0.0 0.0 0.0 0.0 0.0 0.0 0.0 0.0 0.0 0.0 0.0 0.0 0.0 0.0 0.0 0.0 0.0 0.0 0.0 0.0 0.0 0.0 0.0 0.0 0.0
324 0.0 0.0 0.0 0.0 0.0 0.0 0.0 0.0 0.0 0.0 0.0 0.0 0.0 0.0 0.0 0.0 0.0 0.0 0.0 0.0 0.0 0.0 0.0 0.0 0.0 0.0 0.0 0.0 0.0 0.0 0.0 0.0
327 0.0 0.0 0.0 0.0 0.0 0.0 0.0 0.0 0.0 0.0 0.0 0.0 0.0 0.0 0.0 0.0 0.0 0.0 0.0 0.0 0.0 0.0 0.0 0.0 0.0 0.0 0.0 0.0 0.0 0.0 0.0 0.0
330 0.0 1.0 0.0 0.0 0.0 0.0 0.0 0.0 0.0 0.0 0.0 0.0 0.0 0.0 0.0 0.0 0.0 0.0 0.0 0.0 0.0 0.0 0.0 0.0 0.0 0.0 0.0 0.0 0.0 0.0 0.0 0.0
333 0.0 0.0 0.0 0.0 0.0 0.0 0.0 0.0 0.0 0.0 0.0 0.0 0.0 0.0 0.0 0.0 0.0 0.0 0.0 0.0 0.0 0.0 0.0 0.0 0.0 0.0 0.0 0.0 0.0 0.0 0.0 0.0
336 0.0 0.0 0.0 0.0 0.0 0.0 0.0 0.0 0.0 0.0 0.0 0.0 0.0 0.0 0.0 0.0 0.0 0.0 0.0 0.0 0.0 0.0 0.0 0.0 0.0 0.0 0.0 0.0 0.0 0.0 0.0 0.0
339 0.0 0.0 0.0 0.0 0.0 0.0 0.0 0.0 0.0 0.0 0.0 0.0 0.0 0.0 0.0 0.0 0.0 0.0 0.0 0.0 0.0 0.0 0.0 0.0 0.0 0.0 0.0 0.0 0.0 0.0 0.0 0.0
342 0.0 0.0 0.0 0.0 0.0 0.0 0.0 0.0 0.0 0.0 0.0 0.0 0.0 0.0 0.0 0.0 0.0 0.0 0.0 1.0 0.0 0.0 0.0 0.0 0.0 0.0 0.0 0.0 0.0 0.0 0.0 0.0
345 0.0 0.0 0.0 0.0 0.0 0.0 0.0 0.0 0.0 0.0 0.0 0.0 0.0 0.0 0.0 0.0 0.0 0.0 0.0 0.0 0.0 0.0 0.0 0.0 0.0 0.0 0.0 0.0 0.0 0.0 0.0 0.0
348 0.0 0.0 0.0 0.0 0.0 0.0 0.0 0.0 0.0 0.0 0.0 0.0 0.0 0.0 0.0 0.0 0.0 0.0 0.0 0.0 0.0 0.0 0.0 0.0 0.0 0.0 0.0 0.0 0.0 0.0 0.0 0.0
351 0.0 0.0 0.0 0.0 0.0 0.0 0.0 0.0 0.0 0.0 0.0 0.0 0.0 0.0 0.0 0.0 0.0 0.0 0.0 0.0 0.0 0.0 0.0 0.0 0.0 0.0 0.0 0.0 0.0 0.0 0.0 0.0
354 0.0 0.0 0.0 0.0 0.0 0.0 0.0 0.0 0.0 0.0 0.0 0.0 0.0 0.0 0.0 0.0 0.0 0.0 0.0 0.0 0.0 0.0 0.0 0.0 0.0 0.0 0.0 0.0 0.0 0.0 0.0 0.0
357 0.0 0.0 0.0 0.0 0.0 0.0 0.0 0.0 0.0 0.0 0.0 0.0 0.0 0.0 0.0 0.0 0.0 0.0 0.0 0.0 0.0 0.0 0.0 0.0 0.0 0.0 0.0 0.0 0.0 0.0 0.0 0.0
