150 0.0 0.0 0.0 0.0 0.0 0.0 0.0 0.0 0.0 1.0 0.0 0.0 0.0 0.0 0.0 0.0 0.0 0.0 0.0 0.0 0.0 0.0 0.0 0.0 1.0 0.0 0.0 1.0 0.0 1.0 0.0 0.0
153 69.0 25.0 91.0 136.0 172.0 538.0 157.0 194.0 32.0 242.0 43.0 164.0 71.0 303.0 131.0 142.0 141.0 153.0 228.0 53.0 338.0 271.0 118.0 76.0 556.0 178.0 236.0 325.0 940.0 256.0 266.0 197.0
156 93795.0 83399.0 88236.0 93683.0 96629.0 109681.0 93553.0 91187.0 82002.0 91102.0 81899.0 86514.0 82412.0 94816.0 86047.0 84562.0 88068.0 86231.0 90324.0 81494.0 93028.0 90380.0 84367.0 83158.0 94247.0 87707.0 90533.0 92576.0 107347.0 91665.0 93336.0 90850.0
159 17781920.0 17777662.0 17776976.0 17765806.0 17777318.0 17765367.0 17773897.0 17766614.0 17773267.0 17766228.0 17774797.0 17768621.0 17776752.0 17774287.0 17775200.0 17768570.0 17774746.0 17774254.0 17773905.0 17771162.0 17766193.0 17773659.0 17766489.0 17772183.0 17766765.0 17771235.0 17765768.0 17774363.0 17766774.0 17773414.0 17777474.0 17778368.0
162 18109556.0 18108236.0 18107674.0 18105200.0 18107568.0 18104983.0 18106602.0 18105271.0 18106642.0 18105261.0 18106687.0 18105731.0 18107233.0 18106723.0 18106810.0 18105742.0 18106582.0 18106687.0 18106775.0 18106150.0 18105137.0 18106699.0 18105342.0 18106494.0 18105243.0 18106188.0 18105152.0 18106841.0 18105290.0 18106703.0 18107714.0 18108191.0
165 18327675.0 18327321.0 18327088.0 18326160.0 18326971.0 18326113.0 18326699.0 18326195.0 18326706.0 18326174.0 18326668.0 18326278.0 18326822.0 18326640.0 18326661.0 18326253.0 18326666.0 18326643.0 18326588.0 18326457.0 18326155.0 18326572.0 18326198.0 18326555.0 18326186.0 18326493.0 18326128.0 18326578.0 18326161.0 18326597.0 18326785.0 18326982.0
168 18540237.0 18540055.0 18539792.0 18538417.0 18539677.0 18538342.0 18539049.0 18538441.0 18538847.0 18538431.0 18538848.0 18538521.0 18538924.0 18538888.0 18538805.0 18538511.0 18538817.0 18538750.0 18538704.0 18538556.0 18538375.0 18538674.0 18538386.0 18538657.0 18538413.0 18538530.0 18538343.0 18538633.0 18538358.0 18538610.0 18538739.0 18538903.0
171 18748188.0 18748712.0 18748971.0 18746317.0 18748588.0 18746179.0 18747858.0 18746386.0 18747426.0 18746307.0 18747353.0 18746479.0 18747459.0 18747365.0 18747256.0 18746331.0 18747166.0 18747058.0 18746770.0 18746672.0 18746106.0 18746892.0 18746082.0 18746813.0 18746120.0 18746529.0 18745996.0 18746724.0 18745980.0 18746623.0 18746701.0 18746631.0
174 18871021.0 18871342.0 18870933.0 18870066.0 18870972.0 18869570.0 18870595.0 18870153.0 18871394.0 18869655.0 18871812.0 18870324.0 18872097.0 18870829.0 18871563.0 18869813.0 18870984.0 18871092.0 18870497.0 18870344.0 18868959.0 18870638.0 18868826.0 18870726.0 18868947.0 18869877.0 18868586.0 18870299.0 18868649.0 18869835.0 18870043.0 18869451.0
177 19120886.0 19121594.0 19120498.0 19120141.0 19120120.0 19118873.0 19119559.0 19121004.0 19119269.0 19120129.0 19120286.0 19121956.0 19120458.0 19118107.0 19119161.0 19120104.0 19118434.0 19118283.0 19117211.0 19116997.0 19117378.0 19116898.0 19116242.0 19117170.0 19117053.0 19115750.0 19114976.0 19116167.0 19115171.0 19115514.0 19115644.0 19115062.0
180 18857272.0 18857610.0 18850234.0 18830421.0 18843295.0 18818654.0 18840461.0 18825173.0 18839319.0 18823175.0 18842744.0 18833530.0 18841759.0 18832262.0 18834065.0 18833553.0 18834655.0 18833251.0 18830192.0 18829807.0 18819503.0 18826294.0 18818650.0 18825612.0 18818160.0 18822832.0 18815205.0 18822827.0 18815315.0 18822241.0 18824938.0 18824749.0
183 17722777.0 17693173.0 17633191.0 17422057.0 17552561.0 17305189.0 17553935.0 17344470.0 17590707.0 17345171.0 17616458.0 17429772.0 17597028.0 17517267.0 17539892.0 17453786.0 17556224.0 17560123.0 17532457.0 17567468.0 17355937.0 17523044.0 17367836.0 17525857.0 17336710.0 17507133.0 17354140.0 17506533.0 17317954.0 17522908.0 17568678.0 17587749.0
186 10403017.0 10414138.0 10359385.0 10394241.0 10225866.0 10142521.0 10285777.0 10310636.0 10494239.0 10361621.0 10602891.0 10632073.0 10577131.0 10287879.0 10425683.0 10692488.0 10420831.0 10451059.0 10345176.0 10482722.0 10385073.0 10359983.0 10473416.0 10380773.0 10359183.0 10251260.0 10422948.0 10259784.0 10233894.0 10253396.0 10393259.0 10374611.0
189 10085749.0 10084587.0 10031639.0 10123757.0 9856817.0 9863508.0 9934480.0 10032751.0 10167545.0 10098343.0 10283255.0 10380153.0 10241793.0 9932584.0 10075275.0 10439342.0 10074328.0 10119582.0 9996473.0 10149639.0 10128103.0 10023256.0 10228871.0 10033814.0 10101792.0 9885320.0 10183035.0 9896827.0 9948133.0 9887335.0 10050775.0 10024237.0
192 33117.0 34467.0 34993.0 61915.0 13672.0 23918.0 32437.0 34354.0 62462.0 48452.0 102756.0 107943.0 62708.0 39480.0 46059.0 116793.0 42227.0 65596.0 38042.0 61239.0 47818.0 41927.0 52106.0 42935.0 53098.0 28698.0 65016.0 31750.0 37580.0 31447.0 42777.0 28944.0
195 1248.0 1003.0 1654.0 3077.0 427.0 1092.0 1133.0 1124.0 2245.0 1900.0 5162.0 5896.0 2033.0 1542.0 1254.0 5308.0 1238.0 3210.0 1265.0 3544.0 2621.0 1760.0 2864.0 1991.0 3653.0 1415.0 4410.0 1626.0 1801.0 2345.0 2731.0 2116.0
198 172.0 45.0 166.0 132.0 113.0 269.0 136.0 133.0 196.0 115.0 349.0 409.0 273.0 301.0 227.0 283.0 154.0 437.0 110.0 595.0 145.0 146.0 282.0 277.0 509.0 94.0 295.0 211.0 157.0 382.0 253.0 174.0
201 65.0 13.0 77.0 56.0 38.0 107.0 55.0 58.0 81.0 49.0 202.0 204.0 127.0 165.0 94.0 118.0 43.0 316.0 31.0 287.0 53.0 70.0 154.0 133.0 321.0 46.0 147.0 115.0 97.0 231.0 149.0 97.0
204 10.0 0.0 19.0 12.0 6.0 37.0 11.0 12.0 28.0 14.0 65.0 69.0 26.0 67.0 25.0 36.0 13.0 130.0 7.0 91.0 14.0 19.0 47.0 40.0 162.0 8.0 61.0 25.0 18.0 88.0 55.0 17.0
207 0.0 1.0 3.0 1.0 1.0 4.0 4.0 0.0 2.0 3.0 6.0 16.0 6.0 12.0 3.0 5.0 0.0 21.0 0.0 12.0 0.0 1.0 5.0 2.0 41.0 1.0 7.0 4.0 1.0 17.0 8.0 6.0
210 1.0 0.0 1.0 0.0 0.0 1.0 0.0 1.0 0.0 0.0 0.0 0.0 0.0 2.0 0.0 0.0 0.0 4.0 0.0 0.0 1.0 1.0 1.0 0.0 9.0 0.0 1.0 0.0 0.0 2.0 2.0 0.0
213 0.0 0.0 0.0 0.0 0.0 1.0 0.0 0.0 0.0 0.0 0.0 0.0 0.0 1.0 1.0 0.0 0.0 2.0 0.0 1.0 0.0 1.0 0.0 0.0 0.0 0.0 0.0 0.0 0.0 1.0 1.0 0.0
216 0.0 0.0 0.0 0.0 0.0 0.0 0.0 0.0 0.0 0.0 0.0 0.0 0.0 0.0 0.0 0.0 0.0 0.0 0.0 0.0 0.0 0.0 0.0 0.0 1.0 0.0 0.0 0.0 0.0 0.0 0.0 0.0
219 0.0 0.0 0.0 0.0 0.0 0.0 0.0 0.0 0.0 0.0 0.0 1.0 0.0 0.0 0.0 0.0 0.0 0.0 0.0 0.0 1.0 0.0 0.0 0.0 0.0 0.0 0.0 0.0 0.0 1.0 0.0 0.0
222 0.0 0.0 0.0 0.0 0.0 0.0 0.0 0.0 0.0 0.0 0.0 0.0 0.0 0.0 0.0 0.0 0.0 0.0 0.0 0.0 0.0 0.0 0.0 0.0 0.0 0.0 1.0 0.0 0.0 0.0 0.0 0.0
225 0.0 0.0 0.0 1.0 0.0 0.0 0.0 0.0 0.0 0.0 0.0 0.0 0.0 0.0 0.0 0.0 0.0 0.0 0.0 0.0 0.0 0.0 0.0 0.0 0.0 0.0 0.0 0.0 0.0 0.0 0.0 0.0
228 0.0 0.0 0.0 0.0 0.0 0.0 0.0 0.0 0.0 0.0 0.0 0.0 0.0 0.0 0.0 0.0 0.0 0.0 0.0 0.0 0.0 0.0 0.0 0.0 0.0 0.0 0.0 0.0 0.0 0.0 0.0 0.0
231 0.0 0.0 0.0 0.0 0.0 0.0 0.0 0.0 0.0 0.0 0.0 0.0 0.0 0.0 1.0 0.0 0.0 0.0 0.0 0.0 0.0 0.0 0.0 0.0 0.0 0.0 1.0 0.0 0.0 0.0 0.0 0.0
234 0.0 0.0 0.0 0.0 0.0 0.0 0.0 0.0 0.0 0.0 0.0 0.0 0.0 0.0 0.0 0.0 0.0 0.0 0.0 0.0 0.0 0.0 0.0 0.0 0.0 0.0 0.0 0.0 0.0 0.0 0.0 0.0
237 0.0 0.0 0.0 0.0 0.0 1.0 0.0 0.0 0.0 0.0 0.0 0.0 0.0 1.0 0.0 0.0 0.0 0.0 2.0 0.0 1.0 0.0 0.0 0.0 0.0 0.0 0.0 0.0 0.0 0.0 1.0 0.0
240 0.0 0.0 0.0 0.0 0.0 0.0 0.0 0.0 0.0 0.0 0.0 0.0 0.0 0.0 0.0 0.0 0.0 0.0 0.0 0.0 0.0 0.0 0.0 0.0 0.0 0.0 0.0 0.0 0.0 0.0 0.0 0.0
243 0.0 0.0 0.0 0.0 0.0 0.0 0.0 0.0 0.0 0.0 0.0 0.0 0.0 0.0 0.0 0.0 0.0 0.0 0.0 0.0 0.0 0.0 0.0 0.0 0.0 0.0 0.0 0.0 0.0 0.0 0.0 0.0
246 0.0 0.0 1.0 0.0 0.0 0.0 0.0 0.0 0.0 0.0 0.0 0.0 0.0 0.0 0.0 0.0 0.0 0.0 0.0 0.0 0.0 0.0 0.0 0.0 0.0 0.0 0.0 0.0 0.0 0.0 0.0 0.0
249 0.0 0.0 0.0 0.0 0.0 0.0 0.0 0.0 0.0 0.0 0.0 0.0 0.0 0.0 0.0 0.0 0.0 0.0 0.0 0.0 0.0 0.0 1.0 0.0 0.0 0.0 0.0 0.0 0.0 0.0 0.0 0.0
252 0.0 0.0 0.0 0.0 0.0 0.0 0.0 0.0 0.0 0.0 0.0 0.0 0.0 0.0 0.0 0.0 0.0 0.0 0.0 0.0 0.0 0.0 0.0 0.0 0.0 0.0 0.0 0.0 0.0 0.0 1.0 0.0
255 0.0 0.0 0.0 0.0 0.0 0.0 0.0 0.0 0.0 0.0 0.0 0.0 0.0 0.0 0.0 0.0 0.0 0.0 0.0 0.0 0.0 0.0 0.0 0.0 0.0 0.0 0.0 0.0 0.0 0.0 0.0 0.0
258 0.0 0.0 0.0 0.0 0.0 0.0 0.0 0.0 0.0 0.0 0.0 0.0 0.0 0.0 0.0 0.0 1.0 0.0 0.0 0.0 0.0 0.0 0.0 0.0 0.0 0.0 0.0 0.0 0.0 0.0 1.0 0.0
261 0.0 0.0 0.0 0.0 0.0 0.0 0.0 0.0 0.0 0.0 0.0 0.0 0.0 0.0 0.0 0.0 0.0 0.0 0.0 0.0 0.0 0.0 0.0 0.0 0.0 0.0 0.0 0.0 0.0 0.0 0.0 0.0
264 0.0 0.0 0.0 0.0 0.0 0.0 0.0 0.0 0.0 0.0 0.0 0.0 0.0 0.0 0.0 0.0 0.0 0.0 0.0 1.0 0.0 0.0 0.0 0.0 1.0 0.0 0.0 0.0 0.0 0.0 0.0 0.0
267 0.0 0.0 0.0 0.0 0.0 0.0 0.0 0.0 0.0 0.0 0.0 0.0 0.0 0.0 0.0 0.0 0.0 0.0 0.0 0.0 0.0 0.0 0.0 0.0 0.0 0.0 0.0 0.0 0.0 0.0 0.0 0.0
270 0.0 0.0 0.0 0.0 0.0 0.0 0.0 0.0 0.0 0.0 0.0 0.0 0.0 0.0 0.0 0.0 0.0 0.0 0.0 0.0 0.0 0.0 0.0 0.0 0.0 0.0 0.0 0.0 0.0 0.0 0.0 0.0
273 0.0 0.0 0.0 0.0 0.0 0.0 0.0 0.0 0.0 0.0 0.0 0.0 0.0 0.0 0.0 0.0 0.0 0.0 0.0 0.0 0.0 0.0 0.0 0.0 0.0 0.0 0.0 0.0 0.0 0.0 0.0 0.0
276 0.0 0.0 0.0 0.0 0.0 0.0 0.0 0.0 0.0 0.0 0.0 0.0 0.0 0.0 0.0 0.0 0.0 0.0 0.0 0.0 0.0 0.0 0.0 0.0 0.0 0.0 0.0 0.0 0.0 0.0 0.0 0.0
279 0.0 0.0 0.0 0.0 0.0 0.0 0.0 0.0 0.0 0.0 0.0 0.0 0.0 0.0 0.0 0.0 0.0 0.0 0.0 0.0 0.0 0.0 0.0 0.0 0.0 0.0 0.0 0.0 0.0 0.0 0.0 0.0
282 0.0 0.0 0.0 0.0 0.0 0.0 0.0 0.0 0.0 0.0 0.0 0.0 0.0 0.0 0.0 0.0 0.0 0.0 0.0 0.0 0.0 0.0 0.0 0.0 0.0 0.0 0.0 0.0 0.0 0.0 0.0 0.0
285 0.0 0.0 0.0 0.0 0.0 0.0 0.0 0.0 0.0 0.0 0.0 0.0 0.0 0.0 0.0 0.0 0.0 0.0 0.0 0.0 0.0 0.0 0.0 0.0 0.0 0.0 0.0 0.0 0.0 0.0 0.0 0.0
288 0.0 0.0 0.0 0.0 0.0 0.0 0.0 0.0 0.0 0.0 0.0 0.0 0.0 0.0 0.0 0.0 0.0 0.0 0.0 0.0 0.0 0.0 0.0 0.0 0.0 0.0 0.0 0.0 0.0 0.0 0.0 0.0
291 0.0 0.0 0.0 0.0 0.0 0.0 0.0 0.0 0.0 0.0 0.0 0.0 0.0 0.0 0.0 0.0 0.0 0.0 0.0 0.0 0.0 0.0 0.0 0.0 0.0 0.0 0.0 0.0 0.0 0.0 0.0 0.0
294 0.0 0.0 0.0 0.0 0.0 0.0 0.0 0.0 0.0 0.0 0.0 0.0 0.0 0.0 0.0 0.0 0.0 0.0 0.0 0.0 0.0 0.0 1.0 0.0 0.0 0.0 0.0 0.0 0.0 0.0 0.0 0.0
297 0.0 0.0 0.0 0.0 0.0 0.0 0.0 0.0 0.0 0.0 0.0 0.0 0.0 0.0 0.0 0.0 0.0 0.0 0.0 0.0 0.0 0.0 0.0 0.0 0.0 0.0 0.0 0.0 0.0 0.0 0.0 0.0
300 0.0 0.0 0.0 1.0 0.0 0.0 0.0 0.0 0.0 0.0 0.0 0.0 0.0 0.0 0.0 0.0 0.0 0.0 0.0 0.0 0.0 0.0 0.0 0.0 1.0 0.0 0.0 0.0 0.0 0.0 0.0 0.0
303 0.0 0.0 0.0 0.0 0.0 0.0 0.0 0.0 0.0 0.0 0.0 0.0 0.0 0.0 0.0 0.0 0.0 0.0 0.0 0.0 0.0 0.0 0.0 0.0 0.0 0.0 0.0 0.0 0.0 0.0 0.0 0.0
306 0.0 0.0 0.0 0.0 0.0 0.0 0.0 0.0 0.0 0.0 0.0 0.0 0.0 0.0 0.0 0.0 0.0 0.0 0.0 0.0 0.0 0.0 0.0 0.0 0.0 0.0 0.0 0.0 0.0 0.0 0.0 0.0
309 0.0 0.0 0.0 0.0 0.0 0.0 0.0 0.0 0.0 0.0 0.0 0.0 0.0 0.0 0.0 0.0 0.0 0.0 0.0 0.0 0.0 0.0 0.0 0.0 0.0 0.0 0.0 0.0 0.0 0.0 0.0 0.0
312 0.0 0.0 0.0 0.0 0.0 0.0 0.0 0.0 0.0 0.0 0.0 0.0 0.0 0.0 0.0 0.0 0.0 0.0 0.0 0.0 0.0 0.0 0.0 0.0 0.0 0.0 0.0 0.0 0.0 0.0 0.0 0.0
315 0.0 0.0 0.0 0.0 0.0 0.0 0.0 0.0 0.0 0.0 0.0 0.0 0.0 0.0 0.0 0.0 0.0 0.0 0.0 0.0 0.0 0.0 0.0 0.0 1.0 0.0 0.0 0.0 0.0 0.0 0.0 1.0
318 0.0 0.0 0.0 0.0 0.0 0.0 0.0 0.0 0.0 0.0 0.0 0.0 0.0 0.0 0.0 0.0 0.0 0.0 0.0 0.0 0.0 0.0 0.0 0.0 0.0 0.0 0.0 0.0 0.0 0.0 0.0 0.0
321 0.0 0.0 0.0 0.0 0.0 0.0 0.0 0.0 0.0 0.0 0.0 0.0 0.0 0.0 0.0 0.0 0.0 0.0 0.0 0.0 0.0 0.0 0.0 0.0 0.0 0.0 0.0 0.0 0.0 0.0 0.0 0.0
324 0.0 0.0 0.0 0.0 0.0 0.0 0.0 0.0 0.0 0.0 0.0 0.0 0.0 0.0 0.0 0.0 0.0 0.0 0.0 0.0 0.0 0.0 0.0 0.0 0.0 0.0 0.0 0.0 0.0 0.0 0.0 0.0
327 0.0 0.0 0.0 0.0 0.0 0.0 0.0 0.0 0.0 0.0 0.0 0.0 0.0 0.0 0.0 0.0 0.0 0.0 0.0 0.0 0.0 0.0 0.0 0.0 0.0 0.0 0.0 0.0 0.0 0.0 0.0 0.0
330 0.0 0.0 0.0 0.0 0.0 0.0 0.0 0.0 0.0 0.0 0.0 0.0 0.0 0.0 0.0 0.0 0.0 0.0 0.0 0.0 0.0 0.0 0.0 0.0 0.0 0.0 0.0 0.0 0.0 0.0 0.0 0.0
333 0.0 0.0 0.0 0.0 0.0 0.0 0.0 0.0 0.0 0.0 0.0 0.0 0.0 0.0 0.0 0.0 0.0 0.0 0.0 0.0 0.0 0.0 0.0 0.0 0.0 0.0 0.0 0.0 0.0 0.0 0.0 0.0
336 0.0 0.0 0.0 0.0 0.0 0.0 0.0 0.0 0.0 0.0 0.0 0.0 0.0 0.0 0.0 0.0 0.0 0.0 0.0 0.0 0.0 0.0 0.0 0.0 0.0 0.0 0.0 0.0 0.0 0.0 0.0 0.0
339 0.0 0.0 0.0 0.0 0.0 0.0 0.0 0.0 0.0 0.0 0.0 0.0 0.0 0.0 0.0 0.0 0.0 0.0 0.0 0.0 0.0 0.0 0.0 0.0 0.0 0.0 0.0 0.0 0.0 0.0 0.0 0.0
342 0.0 0.0 0.0 0.0 0.0 0.0 0.0 0.0 0.0 0.0 0.0 0.0 0.0 0.0 0.0 0.0 0.0 0.0 0.0 0.0 0.0 0.0 0.0 1.0 0.0 0.0 0.0 1.0 1.0 0.0 0.0 0.0
345 0.0 0.0 0.0 0.0 0.0 0.0 0.0 0.0 0.0 0.0 0.0 0.0 0.0 0.0 0.0 0.0 0.0 0.0 0.0 0.0 0.0 0.0 0.0 0.0 0.0 0.0 0.0 0.0 0.0 0.0 0.0 0.0
348 0.0 0.0 0.0 0.0 0.0 0.0 0.0 0.0 0.0 0.0 0.0 0.0 0.0 0.0 0.0 0.0 0.0 0.0 0.0 0.0 0.0 0.0 0.0 0.0 0.0 0.0 0.0 0.0 0.0 0.0 0.0 0.0
351 0.0 0.0 0.0 0.0 0.0 0.0 0.0 0.0 0.0 0.0 0.0 0.0 0.0 0.0 0.0 0.0 0.0 0.0 0.0 0.0 0.0 0.0 0.0 0.0 0.0 0.0 0.0 0.0 0.0 0.0 0.0 0.0
354 0.0 0.0 0.0 0.0 0.0 0.0 0.0 0.0 0.0 0.0 0.0 0.0 0.0 0.0 0.0 0.0 0.0 0.0 0.0 0.0 0.0 0.0 0.0 0.0 0.0 0.0 0.0 0.0 0.0 0.0 0.0 0.0
357 0.0 0.0 0.0 0.0 0.0 0.0 0.0 0.0 0.0 0.0 0.0 0.0 0.0 0.0 0.0 0.0 0.0 0.0 0.0 0.0 0.0 0.0 0.0 0.0 0.0 0.0 0.0 0.0 0.0 0.0 0.0 0.0
