150 18.0 4.0 5.0 0.0 19.0 9.0 0.0 33.0 13.0 11.0 9.0 14.0 15.0 1.0 1.0 0.0 13.0 4.0 3.0 13.0 2.0 9.0 4.0 12.0 6.0 32.0 1.0 11.0 32.0 19.0 16.0 1.0
153 3747320.0 3752064.0 3747030.0 3728301.0 3770380.0 3761518.0 3728228.0 3774581.0 3750290.0 3760203.0 3764849.0 3753273.0 3764477.0 3742027.0 3757619.0 3736886.0 3766563.0 3757877.0 3755545.0 3769029.0 3750083.0 3770990.0 3730922.0 3775447.0 3737051.0 3790451.0 3741337.0 3764989.0 3771339.0 3777587.0 3777958.0 3755811.0
156 17356686.0 17362034.0 17357912.0 17343490.0 17361150.0 17347243.0 17348979.0 17348580.0 17352722.0 17348036.0 17354096.0 17347492.0 17355701.0 17351569.0 17353841.0 17344939.0 17356102.0 17353723.0 17353480.0 17354790.0 17345633.0 17355908.0 17341705.0 17355046.0 17344555.0 17358001.0 17345625.0 17352835.0 17349766.0 17355515.0 17357388.0 17355824.0
159 17705967.0 17714552.0 17709222.0 17694622.0 17709060.0 17694087.0 17703095.0 17694310.0 17703290.0 17694510.0 17703498.0 17695030.0 17702226.0 17703487.0 17702615.0 17695711.0 17703046.0 17702678.0 17701072.0 17699908.0 17694487.0 17701592.0 17694507.0 17698827.0 17694128.0 17701472.0 17693469.0 17698723.0 17693116.0 17699699.0 17703010.0 17703331.0
162 17936058.0 17940528.0 17936605.0 17928219.0 17936551.0 17928068.0 17933041.0 17928131.0 17933026.0 17928139.0 17932606.0 17928205.0 17931964.0 17932339.0 17931843.0 17928327.0 17932399.0 17931605.0 17931134.0 17930833.0 17928138.0 17931581.0 17928216.0 17930356.0 17928066.0 17931504.0 17927912.0 17930345.0 17927834.0 17930453.0 17932106.0 17931912.0
165 18123896.0 18126351.0 18123481.0 18118876.0 18123212.0 18118573.0 18121104.0 18118687.0 18121368.0 18118597.0 18120905.0 18118653.0 18120734.0 18120852.0 18120481.0 18118614.0 18120724.0 18120465.0 18119937.0 18119746.0 18118399.0 18120051.0 18118450.0 18119439.0 18118372.0 18120051.0 18118284.0 18119322.0 18118231.0 18119411.0 18120144.0 18120001.0
168 18327475.0 18326417.0 18323154.0 18317949.0 18322713.0 18317895.0 18320059.0 18317934.0 18320410.0 18317974.0 18319637.0 18317972.0 18319559.0 18319220.0 18319069.0 18318017.0 18319299.0 18318909.0 18318546.0 18318464.0 18317552.0 18318761.0 18317560.0 18318234.0 18317496.0 18318739.0 18317460.0 18318153.0 18317449.0 18318327.0 18319158.0 18318927.0
171 18439431.0 18427029.0 18429790.0 18424268.0 18429145.0 18424297.0 18430743.0 18424385.0 18431947.0 18424739.0 18429272.0 18424633.0 18430259.0 18429722.0 18428493.0 18424569.0 18428191.0 18426990.0 18425740.0 18425385.0 18422896.0 18426124.0 18422795.0 18424659.0 18422567.0 18424660.0 18422385.0 18423802.0 18422317.0 18423443.0 18423615.0 18423294.0
174 18491636.0 18491398.0 18488750.0 18481470.0 18486679.0 18480071.0 18485144.0 18479992.0 18485636.0 18479655.0 18482597.0 18480076.0 18481996.0 18481400.0 18481207.0 18479408.0 18480198.0 18479994.0 18478025.0 18476971.0 18476012.0 18477538.0 18475403.0 18475458.0 18474813.0 18475645.0 18474339.0 18474992.0 18474087.0 18474656.0 18475852.0 18475098.0
177 18569027.0 18592184.0 18586721.0 18565310.0 18579308.0 18557989.0 18583008.0 18559343.0 18575733.0 18562372.0 18575270.0 18562942.0 18569858.0 18574163.0 18573732.0 18572896.0 18572983.0 18573723.0 18569899.0 18565281.0 18557968.0 18567802.0 18558614.0 18559561.0 18555491.0 18562254.0 18551057.0 18561108.0 18547274.0 18560912.0 18564867.0 18565525.0
180 17041935.0 17548609.0 17531519.0 16894168.0 17376029.0 16650700.0 17511588.0 16604869.0 17226415.0 16674559.0 17267214.0 16661572.0 17111031.0 17227225.0 17219849.0 16877891.0 17182942.0 17205768.0 17206791.0 17088635.0 16644244.0 17152910.0 16716448.0 16978483.0 16670493.0 17062642.0 16596002.0 17126015.0 16495528.0 17139582.0 17226857.0 17344738.0
183 10751637.0 10745125.0 10810689.0 10807928.0 10672338.0 10580660.0 10919328.0 10526261.0 10673006.0 10718242.0 10767202.0 10690989.0 10540957.0 10742032.0 10757573.0 11038472.0 10625553.0 10747383.0 10695725.0 10516257.0 10595168.0 10585589.0 10811259.0 10303333.0 10717517.0 10377642.0 10561258.0 10503270.0 10221809.0 10477194.0 10551931.0 10671299.0
186 9485967.0 9230834.0 9343325.0 9553653.0 9191450.0 9283018.0 9498142.0 9197351.0 9212574.0 9419600.0 9346914.0 9371476.0 9061379.0 9305822.0 9335576.0 9786347.0 9160749.0 9332309.0 9282229.0 9061270.0 9253914.0 9147676.0 9535150.0 8814099.0 9434586.0 8894431.0 9275964.0 9055516.0 8884714.0 9028074.0 9099944.0 9229566.0
189 453533.0 603822.0 650522.0 562772.0 546970.0 464058.0 695858.0 438726.0 538576.0 500678.0 587292.0 470196.0 448312.0 527400.0 562083.0 626062.0 487627.0 528513.0 501784.0 409005.0 420122.0 456151.0 494173.0 348435.0 459611.0 373943.0 422019.0 414352.0 355844.0 397714.0 437807.0 433822.0
192 3336.0 28028.0 51401.0 42841.0 24838.0 20703.0 70410.0 13619.0 26702.0 23107.0 31061.0 16178.0 10971.0 21945.0 34162.0 48559.0 16255.0 23013.0 20489.0 7673.0 8431.0 16421.0 19944.0 3152.0 15574.0 5982.0 11390.0 11385.0 4473.0 10493.0 19218.0 14273.0
195 47.0 173.0 113.0 32.0 112.0 39.0 118.0 139.0 411.0 34.0 23.0 246.0 37.0 145.0 223.0 187.0 148.0 21.0 50.0 8.0 92.0 21.0 49.0 47.0 219.0 56.0 30.0 139.0 58.0 182.0 248.0 82.0
198 6.0 55.0 39.0 3.0 27.0 9.0 35.0 41.0 183.0 8.0 3.0 85.0 2.0 40.0 68.0 68.0 33.0 6.0 21.0 0.0 29.0 3.0 6.0 16.0 87.0 8.0 5.0 43.0 24.0 68.0 109.0 20.0
201 3.0 6.0 5.0 0.0 6.0 2.0 3.0 5.0 47.0 2.0 0.0 22.0 1.0 5.0 16.0 11.0 5.0 0.0 2.0 0.0 2.0 0.0 0.0 2.0 21.0 0.0 1.0 6.0 1.0 5.0 25.0 1.0
204 0.0 0.0 0.0 0.0 0.0 0.0 0.0 1.0 7.0 0.0 0.0 3.0 0.0 0.0 2.0 3.0 0.0 0.0 0.0 0.0 0.0 0.0 0.0 0.0 0.0 0.0 0.0 0.0 0.0 3.0 2.0 0.0
207 0.0 0.0 0.0 0.0 0.0 0.0 0.0 0.0 1.0 0.0 0.0 0.0 0.0 0.0 0.0 0.0 0.0 0.0 0.0 0.0 0.0 1.0 0.0 0.0 0.0 0.0 0.0 0.0 0.0 0.0 0.0 0.0
210 0.0 0.0 0.0 0.0 0.0 0.0 0.0 0.0 1.0 0.0 0.0 0.0 0.0 0.0 0.0 0.0 0.0 0.0 0.0 0.0 0.0 0.0 0.0 0.0 0.0 0.0 0.0 0.0 0.0 0.0 1.0 0.0
213 0.0 0.0 0.0 0.0 0.0 0.0 0.0 0.0 0.0 0.0 0.0 0.0 0.0 0.0 0.0 0.0 0.0 0.0 0.0 0.0 0.0 0.0 0.0 1.0 0.0 0.0 0.0 0.0 0.0 0.0 0.0 0.0
216 0.0 0.0 0.0 0.0 0.0 0.0 0.0 0.0 0.0 0.0 0.0 0.0 0.0 0.0 0.0 0.0 0.0 0.0 0.0 0.0 0.0 0.0 0.0 0.0 0.0 0.0 0.0 0.0 0.0 0.0 0.0 0.0
219 0.0 0.0 0.0 0.0 0.0 0.0 0.0 0.0 0.0 0.0 0.0 0.0 0.0 0.0 0.0 0.0 0.0 0.0 0.0 0.0 0.0 0.0 0.0 0.0 0.0 0.0 0.0 0.0 0.0 0.0 0.0 0.0
222 0.0 0.0 0.0 0.0 0.0 0.0 0.0 0.0 0.0 0.0 0.0 0.0 0.0 0.0 0.0 0.0 0.0 0.0 1.0 0.0 0.0 0.0 0.0 0.0 0.0 0.0 0.0 0.0 0.0 0.0 0.0 0.0
225 0.0 0.0 0.0 0.0 0.0 0.0 0.0 0.0 0.0 0.0 0.0 0.0 0.0 0.0 0.0 0.0 0.0 0.0 0.0 0.0 0.0 0.0 0.0 0.0 0.0 0.0 0.0 0.0 0.0 0.0 0.0 0.0
228 0.0 0.0 0.0 0.0 0.0 0.0 0.0 0.0 0.0 0.0 0.0 0.0 0.0 0.0 0.0 0.0 0.0 0.0 0.0 0.0 0.0 0.0 0.0 0.0 0.0 0.0 0.0 0.0 0.0 0.0 0.0 0.0
231 0.0 0.0 0.0 0.0 0.0 0.0 0.0 0.0 0.0 0.0 0.0 0.0 0.0 0.0 0.0 0.0 0.0 0.0 0.0 0.0 0.0 0.0 0.0 0.0 0.0 0.0 0.0 0.0 0.0 0.0 0.0 0.0
234 0.0 0.0 0.0 0.0 0.0 0.0 0.0 0.0 0.0 0.0 0.0 0.0 0.0 0.0 0.0 0.0 0.0 0.0 0.0 0.0 0.0 0.0 0.0 0.0 0.0 0.0 0.0 0.0 0.0 0.0 0.0 0.0
237 0.0 0.0 0.0 0.0 0.0 0.0 0.0 0.0 0.0 0.0 0.0 0.0 0.0 0.0 0.0 0.0 0.0 0.0 0.0 0.0 0.0 0.0 0.0 0.0 0.0 0.0 0.0 0.0 0.0 0.0 0.0 0.0
240 0.0 0.0 0.0 0.0 0.0 0.0 0.0 0.0 0.0 0.0 0.0 0.0 0.0 0.0 0.0 0.0 0.0 0.0 0.0 0.0 0.0 0.0 0.0 0.0 0.0 0.0 0.0 0.0 0.0 0.0 0.0 0.0
243 0.0 0.0 0.0 0.0 0.0 0.0 0.0 0.0 0.0 0.0 0.0 0.0 0.0 0.0 0.0 0.0 0.0 0.0 0.0 0.0 0.0 0.0 0.0 0.0 0.0 0.0 0.0 0.0 0.0 0.0 0.0 0.0
246 0.0 0.0 0.0 0.0 0.0 0.0 0.0 0.0 0.0 0.0 0.0 0.0 0.0 0.0 0.0 0.0 0.0 0.0 0.0 0.0 0.0 0.0 0.0 0.0 0.0 0.0 0.0 0.0 0.0 0.0 0.0 0.0
249 0.0 0.0 0.0 0.0 0.0 0.0 0.0 0.0 0.0 0.0 0.0 0.0 0.0 0.0 0.0 0.0 0.0 0.0 0.0 0.0 0.0 0.0 0.0 0.0 0.0 0.0 0.0 0.0 0.0 0.0 0.0 0.0
252 0.0 0.0 0.0 0.0 0.0 0.0 0.0 0.0 0.0 0.0 0.0 0.0 0.0 0.0 0.0 0.0 0.0 0.0 0.0 0.0 0.0 0.0 0.0 0.0 0.0 0.0 0.0 0.0 0.0 0.0 0.0 0.0
255 0.0 0.0 0.0 0.0 1.0 0.0 0.0 0.0 0.0 0.0 0.0 0.0 1.0 0.0 0.0 0.0 0.0 0.0 0.0 0.0 0.0 0.0 0.0 0.0 0.0 0.0 0.0 0.0 0.0 0.0 0.0 0.0
258 0.0 0.0 0.0 0.0 0.0 0.0 0.0 0.0 0.0 0.0 0.0 0.0 0.0 0.0 0.0 0.0 0.0 0.0 0.0 0.0 0.0 0.0 0.0 0.0 0.0 0.0 0.0 0.0 0.0 0.0 0.0 0.0
261 0.0 0.0 0.0 0.0 0.0 0.0 0.0 0.0 0.0 0.0 0.0 0.0 0.0 0.0 0.0 0.0 0.0 0.0 0.0 0.0 0.0 0.0 0.0 0.0 0.0 0.0 0.0 0.0 0.0 0.0 0.0 0.0
264 0.0 0.0 0.0 0.0 0.0 0.0 0.0 0.0 0.0 0.0 0.0 0.0 0.0 0.0 0.0 0.0 0.0 0.0 0.0 0.0 0.0 0.0 0.0 0.0 0.0 0.0 0.0 0.0 0.0 0.0 0.0 0.0
267 0.0 0.0 0.0 0.0 0.0 0.0 0.0 0.0 0.0 0.0 0.0 0.0 0.0 0.0 0.0 0.0 0.0 0.0 0.0 0.0 0.0 0.0 0.0 0.0 0.0 0.0 0.0 0.0 0.0 0.0 0.0 0.0
270 0.0 0.0 0.0 0.0 0.0 0.0 0.0 0.0 0.0 0.0 0.0 0.0 0.0 0.0 0.0 0.0 0.0 0.0 0.0 0.0 0.0 0.0 0.0 0.0 0.0 0.0 0.0 0.0 0.0 0.0 1.0 0.0
273 0.0 0.0 0.0 0.0 0.0 0.0 0.0 0.0 0.0 0.0 0.0 0.0 0.0 0.0 0.0 0.0 0.0 0.0 0.0 0.0 0.0 0.0 0.0 0.0 0.0 0.0 0.0 0.0 0.0 0.0 0.0 0.0
276 0.0 0.0 0.0 0.0 0.0 0.0 0.0 0.0 0.0 0.0 0.0 0.0 0.0 0.0 0.0 0.0 0.0 0.0 0.0 0.0 0.0 0.0 0.0 0.0 0.0 0.0 0.0 0.0 0.0 0.0 0.0 0.0
279 0.0 0.0 0.0 0.0 0.0 0.0 0.0 0.0 0.0 0.0 1.0 0.0 0.0 0.0 0.0 0.0 0.0 0.0 0.0 0.0 0.0 0.0 0.0 0.0 0.0 0.0 0.0 0.0 0.0 0.0 0.0 0.0
282 0.0 0.0 0.0 0.0 0.0 0.0 0.0 0.0 0.0 0.0 0.0 0.0 0.0 0.0 0.0 0.0 0.0 0.0 0.0 0.0 0.0 0.0 0.0 0.0 0.0 0.0 0.0 0.0 0.0 0.0 0.0 0.0
285 0.0 0.0 0.0 0.0 0.0 0.0 0.0 0.0 0.0 0.0 0.0 0.0 0.0 0.0 0.0 0.0 0.0 0.0 0.0 0.0 0.0 0.0 0.0 0.0 0.0 0.0 0.0 0.0 0.0 0.0 0.0 0.0
288 0.0 0.0 0.0 0.0 0.0 0.0 0.0 0.0 0.0 0.0 0.0 0.0 0.0 0.0 0.0 0.0 0.0 0.0 0.0 0.0 0.0 0.0 0.0 0.0 0.0 0.0 0.0 0.0 0.0 0.0 0.0 0.0
291 0.0 0.0 0.0 0.0 0.0 0.0 0.0 0.0 0.0 0.0 0.0 0.0 0.0 0.0 0.0 0.0 0.0 0.0 0.0 0.0 0.0 0.0 0.0 0.0 0.0 0.0 0.0 0.0 0.0 0.0 0.0 0.0
294 0.0 0.0 0.0 0.0 0.0 0.0 0.0 0.0 0.0 0.0 0.0 0.0 0.0 0.0 0.0 0.0 0.0 0.0 0.0 0.0 0.0 0.0 0.0 0.0 0.0 0.0 0.0 0.0 0.0 0.0 0.0 0.0
297 0.0 0.0 0.0 0.0 0.0 0.0 0.0 0.0 0.0 0.0 0.0 0.0 0.0 0.0 0.0 0.0 0.0 0.0 0.0 0.0 0.0 0.0 0.0 0.0 0.0 0.0 0.0 0.0 0.0 0.0 0.0 0.0
300 0.0 0.0 0.0 0.0 0.0 0.0 0.0 0.0 0.0 0.0 0.0 0.0 0.0 0.0 0.0 0.0 0.0 0.0 0.0 0.0 0.0 0.0 0.0 0.0 0.0 0.0 0.0 0.0 0.0 0.0 0.0 0.0
303 0.0 0.0 0.0 0.0 0.0 0.0 0.0 0.0 0.0 0.0 0.0 0.0 0.0 0.0 0.0 0.0 0.0 0.0 0.0 0.0 0.0 0.0 0.0 0.0 0.0 0.0 0.0 0.0 0.0 0.0 0.0 0.0
306 0.0 0.0 0.0 0.0 0.0 0.0 0.0 0.0 0.0 0.0 0.0 0.0 0.0 0.0 0.0 0.0 0.0 0.0 0.0 0.0 0.0 0.0 0.0 0.0 0.0 0.0 0.0 1.0 0.0 1.0 0.0 0.0
309 0.0 0.0 0.0 0.0 0.0 0.0 0.0 0.0 0.0 0.0 0.0 0.0 0.0 0.0 0.0 0.0 0.0 0.0 0.0 0.0 0.0 0.0 0.0 0.0 0.0 0.0 0.0 0.0 0.0 0.0 0.0 0.0
312 0.0 0.0 0.0 0.0 0.0 0.0 0.0 0.0 0.0 0.0 0.0 0.0 0.0 0.0 0.0 0.0 0.0 0.0 0.0 0.0 0.0 0.0 0.0 0.0 0.0 0.0 0.0 0.0 0.0 0.0 0.0 0.0
315 0.0 0.0 0.0 0.0 0.0 0.0 0.0 0.0 0.0 0.0 0.0 0.0 0.0 0.0 0.0 0.0 0.0 0.0 0.0 0.0 0.0 0.0 0.0 0.0 0.0 0.0 0.0 0.0 0.0 0.0 0.0 0.0
318 0.0 0.0 0.0 0.0 0.0 0.0 0.0 0.0 0.0 0.0 0.0 0.0 0.0 0.0 0.0 0.0 0.0 0.0 0.0 0.0 0.0 0.0 0.0 0.0 0.0 0.0 0.0 0.0 0.0 0.0 0.0 0.0
321 0.0 0.0 0.0 0.0 0.0 0.0 0.0 0.0 0.0 0.0 0.0 0.0 0.0 0.0 0.0 0.0 0.0 0.0 0.0 0.0 0.0 0.0 0.0 0.0 0.0 0.0 0.0 0.0 0.0 0.0 0.0 0.0
324 0.0 0.0 0.0 0.0 0.0 0.0 0.0 0.0 0.0 0.0 0.0 0.0 0.0 0.0 0.0 0.0 0.0 0.0 0.0 0.0 0.0 0.0 0.0 0.0 0.0 0.0 0.0 0.0 0.0 0.0 0.0 0.0
327 0.0 0.0 0.0 0.0 0.0 0.0 0.0 0.0 0.0 0.0 0.0 0.0 0.0 0.0 0.0 0.0 0.0 0.0 0.0 0.0 0.0 0.0 0.0 0.0 0.0 0.0 0.0 0.0 0.0 0.0 0.0 0.0
330 0.0 0.0 0.0 0.0 0.0 0.0 0.0 0.0 0.0 0.0 0.0 0.0 0.0 0.0 0.0 0.0 0.0 0.0 0.0 0.0 0.0 0.0 0.0 0.0 0.0 0.0 0.0 0.0 0.0 0.0 0.0 0.0
333 0.0 0.0 0.0 0.0 0.0 0.0 0.0 0.0 0.0 0.0 0.0 0.0 0.0 0.0 0.0 0.0 0.0 0.0 0.0 0.0 0.0 0.0 0.0 0.0 0.0 0.0 0.0 0.0 0.0 0.0 0.0 0.0
336 0.0 0.0 0.0 0.0 0.0 0.0 0.0 0.0 0.0 0.0 0.0 0.0 0.0 0.0 0.0 0.0 0.0 0.0 0.0 0.0 0.0 0.0 0.0 0.0 0.0 0.0 0.0 0.0 0.0 0.0 0.0 0.0
339 0.0 0.0 0.0 0.0 0.0 0.0 0.0 0.0 0.0 0.0 0.0 0.0 0.0 0.0 0.0 0.0 0.0 0.0 0.0 0.0 0.0 0.0 0.0 0.0 0.0 0.0 0.0 0.0 0.0 0.0 0.0 0.0
342 0.0 0.0 0.0 0.0 0.0 0.0 0.0 0.0 0.0 0.0 0.0 0.0 0.0 0.0 0.0 0.0 0.0 0.0 0.0 0.0 0.0 0.0 0.0 0.0 0.0 0.0 0.0 0.0 0.0 0.0 0.0 0.0
345 0.0 0.0 0.0 0.0 0.0 0.0 0.0 0.0 0.0 0.0 0.0 0.0 0.0 0.0 0.0 0.0 0.0 0.0 0.0 0.0 0.0 0.0 0.0 0.0 0.0 0.0 0.0 0.0 0.0 0.0 0.0 0.0
348 0.0 0.0 0.0 0.0 0.0 0.0 0.0 0.0 0.0 0.0 0.0 0.0 0.0 0.0 0.0 0.0 0.0 0.0 0.0 0.0 0.0 0.0 0.0 0.0 0.0 0.0 0.0 0.0 0.0 0.0 0.0 0.0
351 0.0 0.0 0.0 0.0 0.0 0.0 0.0 0.0 0.0 0.0 0.0 0.0 0.0 0.0 0.0 0.0 0.0 0.0 0.0 0.0 0.0 0.0 0.0 0.0 0.0 0.0 0.0 0.0 0.0 0.0 0.0 0.0
354 0.0 0.0 0.0 0.0 0.0 0.0 0.0 0.0 0.0 0.0 0.0 0.0 0.0 0.0 0.0 0.0 0.0 0.0 0.0 0.0 0.0 0.0 0.0 0.0 0.0 0.0 0.0 0.0 0.0 0.0 0.0 0.0
357 0.0 0.0 0.0 0.0 0.0 0.0 0.0 0.0 0.0 0.0 0.0 0.0 0.0 0.0 0.0 0.0 0.0 0.0 0.0 0.0 0.0 0.0 0.0 0.0 0.0 0.0 0.0 0.0 0.0 0.0 0.0 0.0
