150 24.0 33.0 26.0 39.0 42.0 66.0 11.0 37.0 41.0 37.0 22.0 17.0 7.0 33.0 37.0 6.0 69.0 18.0 25.0 31.0 88.0 38.0 21.0 34.0 1.0 49.0 8.0 12.0 13.0 30.0 10.0 14.0
153 13006649.0 13005778.0 12999260.0 12988575.0 13002607.0 12992866.0 12990407.0 12993082.0 12992756.0 12990157.0 12994952.0 12979680.0 12990095.0 12996945.0 13000139.0 12983599.0 12999341.0 12991018.0 12997607.0 12999643.0 12989137.0 12995805.0 12977193.0 12991624.0 12973768.0 13001790.0 12976068.0 12990069.0 12976695.0 12996825.0 12991963.0 12998508.0
156 17682719.0 17682048.0 17678558.0 17668866.0 17678727.0 17668972.0 17674102.0 17669054.0 17674169.0 17668789.0 17673807.0 17666712.0 17672632.0 17675301.0 17675976.0 17667839.0 17676323.0 17673026.0 17675604.0 17675045.0 17668783.0 17673813.0 17666034.0 17672190.0 17665526.0 17674556.0 17665906.0 17672576.0 17665909.0 17673825.0 17673748.0 17676130.0
159 18087003.0 18087005.0 18086096.0 18084739.0 18085916.0 18084625.0 18085370.0 18084626.0 18085269.0 18084667.0 18085040.0 18084675.0 18085272.0 18085171.0 18085189.0 18084677.0 18085244.0 18085178.0 18085057.0 18085022.0 18084637.0 18084942.0 18084582.0 18084860.0 18084573.0 18084993.0 18084576.0 18084965.0 18084552.0 18084934.0 18085078.0 18085217.0
162 18339808.0 18340200.0 18334212.0 18324781.0 18332784.0 18323908.0 18329794.0 18323342.0 18329767.0 18324408.0 18327718.0 18324278.0 18329658.0 18329952.0 18329781.0 18324542.0 18329993.0 18329510.0 18329145.0 18328338.0 18323717.0 18327776.0 18322887.0 18326406.0 18322999.0 18327229.0 18322692.0 18327253.0 18322398.0 18326658.0 18327045.0 18327790.0
165 18530300.0 18531925.0 18528287.0 18524629.0 18527623.0 18524402.0 18525847.0 18523889.0 18525910.0 18524520.0 18525188.0 18524356.0 18525877.0 18525707.0 18525878.0 18524521.0 18525944.0 18525785.0 18525530.0 18525628.0 18523965.0 18525173.0 18523519.0 18524755.0 18523486.0 18525003.0 18523364.0 18524907.0 18523189.0 18524674.0 18524840.0 18525160.0
168 18711965.0 18713790.0 18719051.0 18709709.0 18719992.0 18709461.0 18719733.0 18709276.0 18721077.0 18709387.0 18718080.0 18709421.0 18717847.0 18718428.0 18718960.0 18709410.0 18718146.0 18713846.0 18715416.0 18716968.0 18709275.0 18712176.0 18709318.0 18711630.0 18709288.0 18713897.0 18709236.0 18711710.0 18709205.0 18712357.0 18711749.0 18712290.0
171 18817182.0 18818092.0 18816601.0 18815990.0 18815792.0 18814996.0 18816608.0 18813713.0 18817451.0 18815122.0 18815744.0 18814546.0 18817993.0 18818905.0 18819707.0 18814896.0 18819006.0 18818804.0 18818443.0 18816949.0 18813983.0 18816901.0 18812708.0 18815935.0 18812730.0 18815912.0 18812449.0 18816516.0 18812000.0 18815912.0 18815873.0 18815956.0
174 18772779.0 18772947.0 18772107.0 18771584.0 18770516.0 18771594.0 18770483.0 18770840.0 18769889.0 18772533.0 18769257.0 18772093.0 18770450.0 18770073.0 18770635.0 18773046.0 18770321.0 18770581.0 18769916.0 18769339.0 18771230.0 18769449.0 18769363.0 18769150.0 18769565.0 18768813.0 18769179.0 18769364.0 18768785.0 18768823.0 18769228.0 18768801.0
177 18512872.0 18507818.0 18503870.0 18472060.0 18489461.0 18466445.0 18488550.0 18466765.0 18476893.0 18474392.0 18473931.0 18478294.0 18480272.0 18475726.0 18477921.0 18479856.0 18478630.0 18475374.0 18473921.0 18471833.0 18474895.0 18470334.0 18468377.0 18469177.0 18469963.0 18468481.0 18467752.0 18468454.0 18466888.0 18467326.0 18471828.0 18469569.0
180 13559900.0 13417557.0 13488997.0 12950131.0 13282183.0 12814258.0 13421583.0 12832842.0 13197905.0 12865078.0 13099666.0 13110986.0 13309167.0 13234002.0 13232675.0 13072230.0 13253363.0 13317632.0 13232946.0 13126515.0 12910903.0 13253490.0 13014050.0 13224489.0 13145869.0 13142859.0 13036210.0 13231854.0 13090459.0 13157195.0 13471106.0 13401804.0
183 11494081.0 11457738.0 11508579.0 11404618.0 11448216.0 11354101.0 11527149.0 11370687.0 11443148.0 11389884.0 11392086.0 11523459.0 11502595.0 11471761.0 11474051.0 11501933.0 11480020.0 11524093.0 11465420.0 11405427.0 11414463.0 11484395.0 11490835.0 11471381.0 11574145.0 11406925.0 11510677.0 11461021.0 11539781.0 11407674.0 11590905.0 11533291.0
186 9350268.0 9303996.0 9373457.0 9304708.0 9300779.0 9225454.0 9401339.0 9245052.0 9312528.0 9263770.0 9248566.0 9464485.0 9373501.0 9345882.0 9343258.0 9412749.0 9344127.0 9402764.0 9323143.0 9253056.0 9275419.0 9352738.0 9386622.0 9330491.0 9494880.0 9242033.0 9405600.0 9305620.0 9451884.0 9231940.0 9435770.0 9356994.0
189 44118.0 44534.0 78368.0 46351.0 45955.0 29820.0 84108.0 23599.0 58123.0 32180.0 29501.0 108368.0 57330.0 54820.0 48304.0 55184.0 58392.0 83852.0 36552.0 30371.0 50918.0 56133.0 66519.0 56310.0 78343.0 29967.0 69328.0 48462.0 89948.0 32930.0 89723.0 52122.0
192 5148.0 7162.0 17831.0 7389.0 8702.0 1673.0 8930.0 756.0 11388.0 1886.0 1873.0 17522.0 2723.0 5101.0 3910.0 2517.0 9713.0 8338.0 2770.0 969.0 10322.0 4378.0 10390.0 4261.0 3013.0 1347.0 3465.0 2363.0 8205.0 2100.0 5895.0 5632.0
195 1078.0 1636.0 4898.0 1668.0 2052.0 576.0 1929.0 323.0 2741.0 564.0 577.0 4518.0 643.0 1092.0 942.0 676.0 2089.0 1685.0 677.0 448.0 2201.0 952.0 2258.0 938.0 685.0 470.0 765.0 650.0 1544.0 594.0 1005.0 1228.0
198 489.0 612.0 1139.0 592.0 634.0 369.0 572.0 220.0 830.0 332.0 363.0 1098.0 376.0 504.0 540.0 402.0 773.0 625.0 381.0 242.0 760.0 501.0 686.0 446.0 355.0 265.0 399.0 363.0 608.0 367.0 499.0 576.0
201 316.0 394.0 579.0 368.0 394.0 193.0 378.0 85.0 540.0 188.0 229.0 588.0 178.0 334.0 306.0 217.0 491.0 373.0 235.0 109.0 511.0 284.0 455.0 308.0 180.0 156.0 248.0 220.0 387.0 212.0 302.0 310.0
204 162.0 199.0 361.0 218.0 230.0 72.0 227.0 23.0 284.0 71.0 95.0 424.0 82.0 169.0 168.0 96.0 311.0 224.0 106.0 31.0 286.0 147.0 252.0 148.0 60.0 60.0 109.0 80.0 193.0 72.0 150.0 164.0
207 51.0 97.0 189.0 88.0 102.0 15.0 86.0 1.0 130.0 26.0 22.0 197.0 13.0 57.0 54.0 27.0 124.0 91.0 28.0 7.0 147.0 46.0 116.0 53.0 15.0 14.0 21.0 14.0 85.0 23.0 56.0 61.0
210 15.0 31.0 82.0 35.0 40.0 3.0 25.0 0.0 67.0 9.0 1.0 72.0 4.0 29.0 20.0 8.0 56.0 29.0 7.0 0.0 67.0 15.0 53.0 14.0 2.0 4.0 8.0 1.0 26.0 9.0 15.0 33.0
213 6.0 12.0 38.0 10.0 13.0 1.0 16.0 1.0 25.0 6.0 3.0 26.0 5.0 9.0 3.0 2.0 16.0 8.0 8.0 1.0 32.0 4.0 15.0 5.0 0.0 2.0 1.0 1.0 4.0 1.0 5.0 7.0
216 1.0 2.0 11.0 4.0 4.0 2.0 1.0 0.0 10.0 2.0 0.0 13.0 2.0 2.0 4.0 1.0 7.0 2.0 1.0 0.0 6.0 5.0 2.0 0.0 1.0 1.0 1.0 1.0 1.0 1.0 1.0 3.0
219 0.0 2.0 4.0 1.0 1.0 2.0 1.0 0.0 1.0 0.0 3.0 4.0 0.0 4.0 1.0 2.0 1.0 1.0 3.0 1.0 0.0 2.0 0.0 1.0 1.0 0.0 1.0 0.0 1.0 1.0 1.0 1.0
222 0.0 0.0 6.0 0.0 2.0 0.0 0.0 0.0 2.0 1.0 0.0 0.0 0.0 1.0 4.0 0.0 1.0 1.0 0.0 0.0 1.0 1.0 1.0 0.0 1.0 0.0 0.0 0.0 2.0 0.0 1.0 1.0
225 1.0 0.0 1.0 0.0 3.0 1.0 0.0 0.0 0.0 0.0 2.0 2.0 0.0 1.0 1.0 0.0 0.0 0.0 0.0 0.0 1.0 0.0 1.0 0.0 0.0 0.0 0.0 1.0 0.0 0.0 0.0 1.0
228 0.0 0.0 1.0 1.0 1.0 1.0 0.0 0.0 2.0 0.0 1.0 0.0 0.0 2.0 0.0 0.0 0.0 0.0 0.0 0.0 0.0 2.0 0.0 1.0 0.0 0.0 1.0 1.0 0.0 0.0 0.0 0.0
231 1.0 0.0 1.0 0.0 0.0 0.0 0.0 0.0 0.0 0.0 0.0 0.0 0.0 0.0 1.0 1.0 0.0 0.0 0.0 0.0 0.0 1.0 1.0 2.0 1.0 0.0 0.0 1.0 0.0 0.0 1.0 1.0
234 0.0 0.0 0.0 0.0 0.0 0.0 0.0 0.0 0.0 0.0 0.0 0.0 0.0 1.0 0.0 0.0 0.0 2.0 0.0 1.0 1.0 0.0 0.0 0.0 1.0 0.0 1.0 1.0 0.0 0.0 0.0 0.0
237 0.0 0.0 0.0 0.0 0.0 1.0 1.0 0.0 0.0 0.0 0.0 1.0 1.0 0.0 0.0 0.0 0.0 0.0 0.0 0.0 0.0 0.0 0.0 0.0 0.0 0.0 0.0 0.0 0.0 0.0 0.0 0.0
240 0.0 1.0 1.0 0.0 1.0 1.0 0.0 0.0 0.0 1.0 0.0 0.0 0.0 0.0 0.0 0.0 0.0 0.0 0.0 0.0 1.0 0.0 3.0 1.0 0.0 0.0 0.0 0.0 1.0 0.0 0.0 0.0
243 0.0 0.0 0.0 0.0 0.0 0.0 0.0 0.0 0.0 0.0 0.0 0.0 0.0 0.0 0.0 0.0 1.0 0.0 0.0 1.0 0.0 0.0 0.0 0.0 0.0 0.0 0.0 0.0 0.0 0.0 0.0 0.0
246 0.0 0.0 0.0 0.0 0.0 0.0 0.0 0.0 1.0 1.0 0.0 0.0 0.0 0.0 0.0 0.0 1.0 1.0 0.0 1.0 0.0 0.0 2.0 1.0 1.0 0.0 0.0 2.0 2.0 1.0 0.0 0.0
249 0.0 0.0 0.0 0.0 0.0 0.0 0.0 0.0 0.0 0.0 0.0 0.0 0.0 0.0 0.0 0.0 0.0 0.0 0.0 0.0 0.0 0.0 0.0 0.0 0.0 0.0 0.0 0.0 0.0 0.0 0.0 1.0
252 0.0 0.0 0.0 0.0 2.0 0.0 0.0 0.0 0.0 0.0 0.0 1.0 0.0 0.0 0.0 0.0 0.0 0.0 0.0 1.0 0.0 0.0 0.0 0.0 0.0 0.0 0.0 0.0 0.0 0.0 0.0 0.0
255 0.0 0.0 0.0 0.0 0.0 0.0 0.0 1.0 0.0 0.0 0.0 1.0 0.0 0.0 0.0 0.0 0.0 0.0 0.0 0.0 0.0 0.0 0.0 1.0 0.0 0.0 0.0 0.0 0.0 0.0 0.0 0.0
258 0.0 0.0 0.0 0.0 1.0 0.0 0.0 0.0 0.0 1.0 0.0 0.0 0.0 0.0 0.0 0.0 0.0 0.0 0.0 0.0 0.0 0.0 0.0 0.0 0.0 0.0 0.0 0.0 0.0 0.0 0.0 0.0
261 0.0 1.0 0.0 0.0 0.0 0.0 0.0 0.0 0.0 0.0 0.0 0.0 0.0 0.0 0.0 0.0 0.0 0.0 0.0 0.0 0.0 0.0 1.0 0.0 1.0 0.0 0.0 0.0 1.0 0.0 0.0 0.0
264 0.0 0.0 0.0 0.0 0.0 0.0 0.0 0.0 0.0 0.0 0.0 0.0 0.0 0.0 0.0 0.0 0.0 1.0 0.0 0.0 0.0 0.0 1.0 1.0 0.0 0.0 0.0 0.0 0.0 0.0 0.0 0.0
267 0.0 0.0 0.0 0.0 0.0 0.0 0.0 0.0 0.0 1.0 0.0 1.0 0.0 1.0 0.0 0.0 0.0 0.0 0.0 0.0 0.0 0.0 0.0 0.0 0.0 0.0 0.0 0.0 0.0 0.0 0.0 0.0
270 0.0 0.0 0.0 0.0 0.0 0.0 0.0 0.0 0.0 0.0 0.0 0.0 0.0 0.0 0.0 0.0 0.0 0.0 0.0 0.0 0.0 0.0 0.0 0.0 0.0 0.0 0.0 0.0 1.0 0.0 0.0 0.0
273 0.0 0.0 0.0 0.0 0.0 0.0 0.0 0.0 0.0 0.0 0.0 0.0 0.0 0.0 0.0 0.0 0.0 0.0 0.0 0.0 0.0 2.0 0.0 0.0 0.0 0.0 0.0 0.0 0.0 0.0 0.0 1.0
276 0.0 0.0 1.0 0.0 0.0 0.0 0.0 0.0 0.0 0.0 1.0 0.0 1.0 1.0 0.0 0.0 1.0 1.0 0.0 0.0 0.0 0.0 1.0 0.0 0.0 0.0 0.0 0.0 0.0 0.0 0.0 0.0
279 0.0 0.0 0.0 0.0 0.0 0.0 0.0 0.0 0.0 0.0 0.0 0.0 0.0 0.0 0.0 0.0 0.0 0.0 0.0 0.0 0.0 0.0 1.0 0.0 0.0 0.0 1.0 0.0 0.0 0.0 0.0 0.0
282 1.0 0.0 0.0 1.0 1.0 1.0 1.0 1.0 1.0 1.0 0.0 1.0 0.0 0.0 0.0 0.0 1.0 0.0 1.0 0.0 0.0 0.0 0.0 1.0 1.0 0.0 0.0 0.0 0.0 0.0 0.0 1.0
285 0.0 0.0 0.0 0.0 0.0 0.0 0.0 0.0 0.0 0.0 0.0 0.0 0.0 0.0 0.0 0.0 0.0 0.0 0.0 0.0 0.0 0.0 0.0 0.0 0.0 0.0 0.0 0.0 0.0 0.0 0.0 0.0
288 0.0 0.0 0.0 0.0 0.0 0.0 0.0 0.0 0.0 0.0 0.0 0.0 0.0 1.0 0.0 0.0 0.0 1.0 0.0 0.0 1.0 0.0 0.0 0.0 0.0 0.0 0.0 0.0 0.0 0.0 0.0 0.0
291 0.0 0.0 0.0 0.0 0.0 0.0 0.0 0.0 0.0 0.0 0.0 0.0 0.0 0.0 0.0 0.0 0.0 0.0 0.0 0.0 0.0 0.0 0.0 0.0 0.0 0.0 0.0 0.0 1.0 0.0 0.0 0.0
294 0.0 0.0 1.0 0.0 0.0 0.0 0.0 0.0 0.0 2.0 0.0 1.0 0.0 0.0 0.0 0.0 0.0 1.0 0.0 0.0 0.0 0.0 0.0 0.0 0.0 0.0 0.0 1.0 0.0 0.0 0.0 1.0
297 0.0 0.0 0.0 0.0 0.0 0.0 0.0 0.0 0.0 0.0 0.0 0.0 0.0 0.0 0.0 0.0 0.0 0.0 0.0 0.0 0.0 1.0 0.0 0.0 0.0 0.0 0.0 0.0 0.0 0.0 0.0 0.0
300 0.0 0.0 0.0 0.0 0.0 0.0 0.0 0.0 0.0 0.0 0.0 0.0 0.0 0.0 0.0 0.0 0.0 1.0 0.0 0.0 0.0 0.0 0.0 0.0 0.0 0.0 0.0 0.0 0.0 0.0 0.0 0.0
303 0.0 0.0 0.0 1.0 0.0 0.0 0.0 0.0 0.0 0.0 0.0 0.0 0.0 0.0 0.0 0.0 0.0 0.0 0.0 0.0 0.0 0.0 0.0 0.0 0.0 0.0 0.0 0.0 0.0 1.0 0.0 0.0
306 0.0 0.0 0.0 0.0 0.0 0.0 0.0 0.0 0.0 0.0 0.0 0.0 0.0 0.0 0.0 0.0 0.0 0.0 0.0 0.0 0.0 0.0 0.0 0.0 0.0 0.0 0.0 0.0 0.0 0.0 0.0 0.0
309 1.0 1.0 0.0 0.0 0.0 0.0 1.0 1.0 0.0 0.0 0.0 1.0 1.0 1.0 0.0 0.0 1.0 1.0 0.0 0.0 0.0 0.0 2.0 1.0 0.0 0.0 1.0 0.0 0.0 0.0 0.0 0.0
312 0.0 0.0 0.0 0.0 0.0 0.0 0.0 0.0 0.0 0.0 0.0 0.0 0.0 0.0 0.0 0.0 0.0 0.0 0.0 0.0 0.0 0.0 0.0 0.0 0.0 0.0 0.0 0.0 0.0 0.0 0.0 0.0
315 0.0 1.0 0.0 0.0 0.0 0.0 0.0 0.0 0.0 0.0 0.0 0.0 0.0 0.0 0.0 0.0 0.0 0.0 0.0 1.0 0.0 0.0 0.0 0.0 0.0 0.0 0.0 0.0 0.0 0.0 0.0 0.0
318 0.0 0.0 0.0 1.0 0.0 0.0 0.0 0.0 1.0 0.0 0.0 0.0 0.0 0.0 0.0 0.0 0.0 0.0 0.0 0.0 1.0 0.0 0.0 0.0 0.0 1.0 0.0 0.0 0.0 0.0 0.0 0.0
321 1.0 1.0 0.0 0.0 0.0 0.0 1.0 0.0 0.0 0.0 0.0 1.0 0.0 0.0 0.0 0.0 0.0 0.0 0.0 0.0 0.0 0.0 0.0 1.0 0.0 0.0 0.0 0.0 0.0 0.0 0.0 0.0
324 0.0 0.0 0.0 0.0 0.0 0.0 0.0 0.0 0.0 0.0 0.0 0.0 0.0 0.0 1.0 0.0 0.0 0.0 0.0 0.0 0.0 0.0 0.0 0.0 0.0 0.0 0.0 0.0 0.0 0.0 0.0 0.0
327 0.0 0.0 0.0 0.0 0.0 0.0 0.0 0.0 0.0 0.0 0.0 0.0 0.0 0.0 0.0 0.0 0.0 0.0 0.0 0.0 0.0 0.0 0.0 0.0 1.0 0.0 0.0 0.0 0.0 0.0 0.0 0.0
330 1.0 0.0 0.0 0.0 0.0 0.0 0.0 1.0 0.0 0.0 0.0 0.0 0.0 0.0 0.0 0.0 0.0 0.0 1.0 0.0 0.0 0.0 1.0 0.0 0.0 0.0 0.0 0.0 0.0 0.0 0.0 0.0
333 0.0 0.0 0.0 0.0 0.0 0.0 0.0 0.0 0.0 0.0 0.0 0.0 0.0 0.0 0.0 0.0 0.0 0.0 0.0 0.0 0.0 0.0 0.0 0.0 0.0 0.0 0.0 0.0 0.0 0.0 0.0 0.0
336 0.0 0.0 0.0 0.0 0.0 0.0 0.0 0.0 0.0 0.0 0.0 0.0 0.0 0.0 0.0 0.0 0.0 0.0 0.0 0.0 0.0 0.0 0.0 0.0 0.0 0.0 0.0 0.0 1.0 0.0 0.0 0.0
339 0.0 0.0 0.0 0.0 0.0 0.0 0.0 0.0 0.0 0.0 0.0 0.0 0.0 0.0 0.0 0.0 0.0 0.0 0.0 0.0 0.0 0.0 0.0 0.0 0.0 0.0 0.0 1.0 0.0 0.0 0.0 0.0
342 0.0 0.0 0.0 0.0 0.0 0.0 0.0 0.0 0.0 0.0 0.0 0.0 0.0 0.0 0.0 0.0 0.0 0.0 0.0 0.0 0.0 0.0 0.0 0.0 0.0 0.0 0.0 0.0 0.0 0.0 0.0 0.0
345 0.0 0.0 0.0 0.0 0.0 0.0 0.0 0.0 0.0 0.0 0.0 0.0 0.0 0.0 0.0 0.0 0.0 0.0 0.0 0.0 1.0 0.0 0.0 0.0 0.0 0.0 0.0 0.0 0.0 0.0 0.0 0.0
348 0.0 0.0 0.0 0.0 0.0 1.0 0.0 0.0 0.0 0.0 0.0 0.0 0.0 0.0 0.0 0.0 0.0 0.0 0.0 0.0 0.0 0.0 0.0 0.0 0.0 0.0 0.0 0.0 0.0 0.0 0.0 0.0
351 1.0 1.0 1.0 0.0 0.0 0.0 0.0 0.0 0.0 0.0 0.0 0.0 0.0 0.0 0.0 0.0 0.0 0.0 0.0 0.0 0.0 0.0 0.0 0.0 0.0 0.0 0.0 0.0 0.0 0.0 0.0 1.0
354 0.0 0.0 0.0 0.0 1.0 0.0 0.0 0.0 0.0 0.0 0.0 0.0 0.0 0.0 0.0 0.0 0.0 0.0 0.0 0.0 0.0 0.0 0.0 0.0 0.0 0.0 0.0 1.0 0.0 0.0 0.0 0.0
357 0.0 0.0 0.0 0.0 0.0 0.0 0.0 0.0 0.0 0.0 0.0 0.0 0.0 0.0 0.0 0.0 0.0 0.0 0.0 0.0 0.0 0.0 0.0 0.0 0.0 0.0 0.0 0.0 0.0 0.0 0.0 0.0
