150 12868.0 21867.0 22431.0 20432.0 15372.0 19190.0 6991.0 27024.0 5960.0 36400.0 19032.0 20178.0 12518.0 28290.0 35451.0 17436.0 12655.0 11430.0 17666.0 15411.0 12927.0 19025.0 20383.0 16766.0 15672.0 22271.0 23841.0 12242.0 12882.0 21259.0 23923.0 23508.0
153 5081113.0 5069809.0 5065431.0 5039648.0 5048530.0 5025300.0 4995283.0 5059890.0 4980964.0 5078758.0 5056245.0 5029785.0 5026003.0 5072771.0 5083528.0 5012404.0 5021215.0 5020036.0 5033590.0 5019592.0 4977888.0 5034149.0 5017258.0 5014728.0 4989115.0 5035222.0 5026524.0 4976986.0 4971637.0 5020607.0 5028933.0 5036550.0
156 17971921.0 17968489.0 17967736.0 17967611.0 17969379.0 17966756.0 17969706.0 17967366.0 17970024.0 17967824.0 17970237.0 17967322.0 17970580.0 17969546.0 17969397.0 17967122.0 17970431.0 17969924.0 17969161.0 17968108.0 17965983.0 17968036.0 17966206.0 17967961.0 17965927.0 17967416.0 17965896.0 17967088.0 17965229.0 17967102.0 17966976.0 17967708.0
159 18174664.0 18206235.0 18194309.0 18171963.0 18176908.0 18171795.0 18173956.0 18171940.0 18173905.0 18171918.0 18175095.0 18172018.0 18174354.0 18175826.0 18175751.0 18172173.0 18174555.0 18174454.0 18174642.0 18173706.0 18171837.0 18174104.0 18171702.0 18173362.0 18171706.0 18173990.0 18171607.0 18173467.0 18171525.0 18174641.0 18176427.0 18182792.0
162 18386443.0 18409521.0 18402242.0 18380339.0 18388718.0 18380188.0 18384650.0 18380428.0 18384422.0 18380175.0 18387015.0 18380625.0 18384911.0 18386927.0 18386032.0 18381141.0 18385425.0 18385360.0 18385115.0 18383568.0 18380439.0 18385148.0 18380182.0 18383258.0 18380177.0 18384291.0 18379882.0 18383257.0 18379843.0 18384682.0 18387417.0 18393233.0
165 18660446.0 18675057.0 18667401.0 18636201.0 18658013.0 18635579.0 18650341.0 18635999.0 18648605.0 18635133.0 18655295.0 18636552.0 18649553.0 18653221.0 18650477.0 18637224.0 18649728.0 18648831.0 18646756.0 18642169.0 18634763.0 18645157.0 18634087.0 18640963.0 18633793.0 18641342.0 18633225.0 18640178.0 18632856.0 18640659.0 18642053.0 18647917.0
168 19058956.0 19048487.0 19047384.0 19039001.0 19050224.0 19038207.0 19048897.0 19038559.0 19048115.0 19038158.0 19053377.0 19038564.0 19050275.0 19050902.0 19049991.0 19039008.0 19048066.0 19047062.0 19046885.0 19043692.0 19037514.0 19043201.0 19037265.0 19042114.0 19037064.0 19041178.0 19036844.0 19039985.0 19036680.0 19039816.0 19039374.0 19040743.0
171 19054003.0 19055522.0 19054915.0 19061338.0 19053634.0 19057240.0 19054365.0 19058187.0 19056346.0 19059073.0 19054820.0 19055026.0 19055106.0 19054291.0 19054223.0 19053361.0 19056360.0 19057335.0 19054599.0 19054206.0 19051598.0 19055545.0 19050915.0 19054743.0 19050789.0 19053238.0 19050504.0 19053307.0 19050401.0 19051970.0 19051620.0 19052262.0
174 19042663.0 19042346.0 19040549.0 19041459.0 19039664.0 19037992.0 19040508.0 19039587.0 19041388.0 19038999.0 19042989.0 19037524.0 19041282.0 19040975.0 19040722.0 19036428.0 19043188.0 19042995.0 19040086.0 19037478.0 19033384.0 19038764.0 19032695.0 19037321.0 19032147.0 19035406.0 19031316.0 19035745.0 19030805.0 19034133.0 19033024.0 19033813.0
177 18967967.0 18989896.0 18977002.0 18925514.0 18956694.0 18923745.0 18951324.0 18922973.0 18947214.0 18917232.0 18949654.0 18929099.0 18936740.0 18931223.0 18925138.0 18936538.0 18931291.0 18929218.0 18918720.0 18914113.0 18916302.0 18914408.0 18908508.0 18904114.0 18908311.0 18903087.0 18898746.0 18904527.0 18896422.0 18901337.0 18903678.0 18909983.0
180 17611049.0 17925211.0 17807868.0 17354554.0 17690742.0 17365089.0 17739262.0 17280475.0 17761433.0 17265360.0 17682143.0 17364448.0 17659885.0 17592145.0 17584649.0 17494800.0 17651443.0 17662413.0 17583691.0 17584157.0 17431919.0 17592945.0 17369869.0 17530284.0 17449079.0 17537604.0 17375031.0 17584012.0 17421539.0 17549875.0 17585268.0 17638032.0
183 11144636.0 11198377.0 11086133.0 10892958.0 11043675.0 11034191.0 11262217.0 10869793.0 11376219.0 10853279.0 11172680.0 11060745.0 11161561.0 11016997.0 11018737.0 11360870.0 11185096.0 11245032.0 11017520.0 11031715.0 11191498.0 11090871.0 11052631.0 10913965.0 11309182.0 10906030.0 11039234.0 11060935.0 11168092.0 10909550.0 10985165.0 11055902.0
186 9631292.0 9623513.0 9552824.0 9447260.0 9501719.0 9569511.0 9646616.0 9446779.0 9726937.0 9434593.0 9586169.0 9589793.0 9569094.0 9464839.0 9464689.0 9802999.0 9581952.0 9625188.0 9456118.0 9475825.0 9704708.0 9522817.0 9601924.0 9383342.0 9821571.0 9374648.0 9595009.0 9488161.0 9701918.0 9373737.0 9432840.0 9481442.0
189 9530410.0 9387536.0 9325687.0 9308466.0 9293923.0 9466198.0 9471098.0 9303552.0 9557352.0 9282161.0 9406046.0 9469769.0 9388419.0 9269432.0 9261215.0 9710317.0 9398456.0 9448681.0 9230094.0 9251637.0 9577082.0 9334898.0 9474610.0 9140986.0 9712229.0 9119443.0 9481553.0 9271245.0 9570501.0 9098511.0 9177007.0 9220510.0
192 14610.0 58800.0 46025.0 25761.0 25547.0 59137.0 68969.0 24414.0 114682.0 22644.0 60719.0 33748.0 42668.0 26484.0 30024.0 99428.0 41941.0 49339.0 14949.0 18620.0 42121.0 29330.0 27581.0 8134.0 68364.0 7599.0 30296.0 20973.0 52384.0 7780.0 12415.0 13077.0
195 584.0 2742.0 1933.0 992.0 838.0 2720.0 2661.0 661.0 6591.0 641.0 1987.0 909.0 1162.0 481.0 910.0 4809.0 1162.0 1340.0 286.0 841.0 1528.0 867.0 1214.0 328.0 4058.0 279.0 1368.0 771.0 3573.0 597.0 359.0 431.0
198 98.0 113.0 81.0 158.0 120.0 175.0 85.0 74.0 118.0 88.0 125.0 30.0 24.0 28.0 196.0 104.0 101.0 91.0 21.0 270.0 58.0 34.0 227.0 68.0 214.0 50.0 139.0 90.0 227.0 217.0 47.0 69.0
201 29.0 38.0 18.0 35.0 29.0 43.0 23.0 12.0 9.0 19.0 24.0 8.0 1.0 2.0 77.0 21.0 22.0 19.0 3.0 90.0 11.0 10.0 92.0 8.0 65.0 8.0 39.0 36.0 56.0 58.0 8.0 22.0
204 7.0 4.0 1.0 5.0 2.0 5.0 4.0 1.0 4.0 0.0 7.0 0.0 0.0 0.0 12.0 4.0 5.0 7.0 0.0 20.0 1.0 2.0 19.0 1.0 14.0 0.0 6.0 3.0 13.0 9.0 0.0 3.0
207 0.0 0.0 0.0 0.0 0.0 0.0 1.0 0.0 0.0 0.0 0.0 0.0 0.0 0.0 1.0 0.0 1.0 0.0 0.0 0.0 0.0 0.0 3.0 1.0 1.0 0.0 1.0 0.0 1.0 3.0 0.0 1.0
210 0.0 0.0 0.0 0.0 0.0 1.0 1.0 0.0 0.0 0.0 0.0 0.0 0.0 0.0 0.0 0.0 0.0 0.0 0.0 0.0 0.0 0.0 0.0 0.0 0.0 0.0 0.0 0.0 0.0 0.0 0.0 0.0
213 0.0 0.0 0.0 0.0 0.0 0.0 0.0 0.0 0.0 0.0 0.0 0.0 0.0 0.0 0.0 0.0 0.0 0.0 0.0 0.0 0.0 0.0 0.0 0.0 0.0 0.0 0.0 0.0 0.0 0.0 0.0 0.0
216 0.0 0.0 0.0 0.0 0.0 0.0 0.0 0.0 0.0 0.0 0.0 0.0 0.0 0.0 0.0 0.0 0.0 0.0 0.0 0.0 0.0 0.0 0.0 0.0 0.0 0.0 0.0 0.0 0.0 0.0 0.0 0.0
219 0.0 0.0 0.0 0.0 0.0 0.0 0.0 0.0 0.0 0.0 0.0 0.0 0.0 0.0 1.0 0.0 1.0 0.0 0.0 0.0 0.0 0.0 0.0 0.0 0.0 0.0 0.0 0.0 0.0 1.0 1.0 0.0
222 0.0 0.0 0.0 0.0 0.0 0.0 0.0 0.0 0.0 0.0 0.0 0.0 0.0 0.0 0.0 0.0 0.0 0.0 0.0 0.0 0.0 0.0 0.0 0.0 0.0 0.0 0.0 0.0 0.0 0.0 0.0 0.0
225 0.0 0.0 0.0 0.0 0.0 0.0 0.0 1.0 1.0 0.0 0.0 0.0 0.0 0.0 0.0 0.0 0.0 0.0 0.0 0.0 0.0 0.0 0.0 0.0 0.0 0.0 0.0 0.0 0.0 0.0 0.0 0.0
228 0.0 0.0 0.0 0.0 0.0 0.0 0.0 0.0 0.0 0.0 0.0 0.0 0.0 0.0 0.0 0.0 0.0 0.0 0.0 0.0 0.0 0.0 0.0 0.0 0.0 0.0 0.0 0.0 0.0 0.0 0.0 0.0
231 0.0 0.0 0.0 0.0 0.0 0.0 0.0 0.0 0.0 0.0 0.0 0.0 0.0 0.0 0.0 0.0 0.0 0.0 0.0 0.0 0.0 0.0 0.0 0.0 0.0 0.0 0.0 0.0 0.0 0.0 0.0 0.0
234 0.0 0.0 0.0 0.0 0.0 0.0 0.0 0.0 0.0 0.0 0.0 0.0 0.0 0.0 0.0 0.0 0.0 0.0 0.0 0.0 0.0 0.0 0.0 0.0 0.0 0.0 0.0 0.0 0.0 0.0 0.0 0.0
237 0.0 0.0 0.0 0.0 0.0 0.0 0.0 0.0 0.0 0.0 0.0 0.0 0.0 0.0 0.0 0.0 0.0 0.0 0.0 0.0 0.0 0.0 0.0 0.0 0.0 0.0 0.0 0.0 0.0 0.0 0.0 0.0
240 0.0 0.0 0.0 0.0 0.0 0.0 0.0 0.0 0.0 0.0 0.0 0.0 0.0 0.0 0.0 0.0 0.0 0.0 0.0 0.0 0.0 0.0 0.0 0.0 0.0 0.0 0.0 0.0 0.0 0.0 0.0 0.0
243 0.0 0.0 0.0 0.0 0.0 0.0 0.0 0.0 0.0 0.0 0.0 0.0 0.0 0.0 0.0 0.0 0.0 0.0 0.0 0.0 0.0 0.0 0.0 0.0 0.0 0.0 0.0 0.0 0.0 0.0 0.0 0.0
246 0.0 0.0 0.0 0.0 0.0 0.0 0.0 0.0 0.0 0.0 0.0 0.0 0.0 0.0 0.0 0.0 0.0 0.0 0.0 0.0 0.0 0.0 0.0 0.0 0.0 0.0 0.0 0.0 0.0 0.0 0.0 0.0
249 0.0 0.0 0.0 0.0 0.0 0.0 0.0 0.0 0.0 0.0 0.0 0.0 0.0 0.0 0.0 0.0 0.0 0.0 0.0 0.0 0.0 0.0 0.0 0.0 0.0 0.0 0.0 0.0 0.0 0.0 0.0 0.0
252 0.0 0.0 0.0 0.0 0.0 0.0 0.0 0.0 0.0 0.0 0.0 0.0 0.0 0.0 0.0 0.0 0.0 0.0 0.0 0.0 0.0 0.0 0.0 0.0 0.0 0.0 0.0 0.0 0.0 0.0 0.0 0.0
255 0.0 0.0 0.0 0.0 0.0 0.0 0.0 0.0 0.0 0.0 0.0 0.0 0.0 0.0 0.0 0.0 0.0 0.0 0.0 0.0 0.0 0.0 0.0 0.0 0.0 0.0 0.0 0.0 0.0 0.0 0.0 0.0
258 0.0 0.0 0.0 0.0 0.0 0.0 0.0 0.0 0.0 0.0 0.0 0.0 0.0 0.0 0.0 0.0 0.0 0.0 0.0 0.0 0.0 0.0 0.0 0.0 0.0 0.0 0.0 0.0 0.0 0.0 0.0 0.0
261 0.0 0.0 0.0 0.0 0.0 0.0 0.0 0.0 0.0 0.0 0.0 0.0 0.0 0.0 0.0 0.0 1.0 0.0 0.0 0.0 0.0 0.0 0.0 0.0 0.0 0.0 0.0 0.0 1.0 0.0 0.0 0.0
264 0.0 0.0 0.0 0.0 0.0 0.0 0.0 0.0 0.0 0.0 0.0 0.0 0.0 0.0 0.0 0.0 0.0 0.0 0.0 0.0 0.0 0.0 0.0 0.0 0.0 0.0 0.0 0.0 0.0 0.0 0.0 0.0
267 0.0 0.0 0.0 0.0 0.0 0.0 0.0 0.0 0.0 0.0 0.0 0.0 0.0 0.0 0.0 0.0 0.0 0.0 0.0 0.0 0.0 0.0 0.0 0.0 0.0 0.0 0.0 0.0 0.0 0.0 0.0 0.0
270 0.0 0.0 0.0 0.0 0.0 0.0 0.0 0.0 0.0 0.0 0.0 0.0 0.0 0.0 0.0 0.0 0.0 0.0 0.0 0.0 0.0 0.0 0.0 0.0 0.0 0.0 0.0 0.0 0.0 0.0 0.0 0.0
273 0.0 0.0 0.0 0.0 0.0 0.0 0.0 0.0 0.0 0.0 0.0 0.0 0.0 0.0 0.0 0.0 0.0 0.0 0.0 0.0 0.0 0.0 0.0 0.0 0.0 0.0 0.0 0.0 0.0 0.0 0.0 0.0
276 0.0 0.0 0.0 0.0 0.0 0.0 0.0 0.0 0.0 0.0 0.0 0.0 0.0 0.0 0.0 0.0 0.0 0.0 0.0 0.0 0.0 0.0 0.0 0.0 0.0 0.0 0.0 0.0 0.0 0.0 0.0 0.0
279 0.0 0.0 0.0 0.0 0.0 0.0 0.0 0.0 0.0 0.0 0.0 0.0 0.0 0.0 0.0 0.0 0.0 0.0 0.0 0.0 0.0 0.0 0.0 0.0 0.0 0.0 0.0 0.0 0.0 0.0 0.0 0.0
282 0.0 0.0 0.0 0.0 0.0 0.0 0.0 0.0 0.0 0.0 0.0 0.0 0.0 0.0 0.0 0.0 0.0 0.0 0.0 0.0 0.0 0.0 0.0 0.0 0.0 0.0 0.0 0.0 0.0 0.0 0.0 0.0
285 0.0 0.0 0.0 0.0 0.0 0.0 0.0 0.0 0.0 0.0 0.0 0.0 0.0 0.0 0.0 0.0 0.0 0.0 0.0 0.0 0.0 0.0 0.0 0.0 0.0 0.0 0.0 0.0 0.0 0.0 0.0 0.0
288 0.0 0.0 0.0 0.0 0.0 0.0 0.0 0.0 0.0 0.0 0.0 0.0 0.0 0.0 0.0 0.0 0.0 0.0 0.0 0.0 0.0 0.0 0.0 0.0 0.0 0.0 0.0 0.0 0.0 0.0 0.0 0.0
291 0.0 0.0 0.0 0.0 0.0 0.0 0.0 0.0 0.0 0.0 0.0 0.0 0.0 0.0 0.0 0.0 0.0 0.0 0.0 0.0 0.0 0.0 0.0 0.0 0.0 0.0 0.0 0.0 0.0 0.0 0.0 0.0
294 0.0 0.0 0.0 0.0 0.0 0.0 0.0 0.0 0.0 0.0 0.0 0.0 0.0 0.0 0.0 0.0 0.0 0.0 0.0 0.0 0.0 0.0 0.0 0.0 0.0 0.0 0.0 0.0 0.0 0.0 0.0 0.0
297 0.0 0.0 0.0 0.0 0.0 0.0 0.0 0.0 0.0 0.0 0.0 0.0 0.0 0.0 0.0 0.0 0.0 0.0 0.0 0.0 1.0 0.0 0.0 0.0 0.0 0.0 0.0 0.0 0.0 0.0 0.0 0.0
300 0.0 0.0 0.0 0.0 0.0 0.0 0.0 0.0 0.0 0.0 0.0 0.0 0.0 0.0 0.0 0.0 0.0 0.0 0.0 0.0 0.0 0.0 0.0 0.0 0.0 0.0 0.0 0.0 0.0 0.0 0.0 0.0
303 0.0 0.0 0.0 0.0 0.0 0.0 0.0 0.0 0.0 0.0 0.0 0.0 0.0 0.0 0.0 0.0 0.0 0.0 0.0 0.0 0.0 0.0 0.0 0.0 0.0 0.0 0.0 0.0 0.0 0.0 0.0 0.0
306 0.0 0.0 0.0 0.0 0.0 0.0 0.0 0.0 0.0 0.0 0.0 0.0 0.0 0.0 0.0 0.0 0.0 0.0 0.0 0.0 0.0 0.0 0.0 0.0 0.0 0.0 0.0 0.0 0.0 0.0 0.0 0.0
309 0.0 0.0 0.0 0.0 0.0 0.0 0.0 0.0 0.0 0.0 0.0 0.0 0.0 0.0 0.0 0.0 0.0 0.0 0.0 0.0 0.0 0.0 0.0 0.0 0.0 0.0 0.0 0.0 0.0 0.0 0.0 0.0
312 0.0 0.0 0.0 0.0 0.0 0.0 0.0 0.0 0.0 0.0 0.0 0.0 0.0 0.0 0.0 0.0 0.0 0.0 0.0 0.0 0.0 0.0 0.0 0.0 0.0 0.0 0.0 0.0 0.0 0.0 0.0 0.0
315 0.0 0.0 0.0 0.0 0.0 0.0 0.0 0.0 0.0 0.0 0.0 0.0 0.0 0.0 0.0 0.0 0.0 0.0 0.0 0.0 0.0 0.0 0.0 0.0 0.0 0.0 0.0 0.0 0.0 0.0 0.0 0.0
318 0.0 0.0 0.0 0.0 0.0 0.0 0.0 0.0 0.0 0.0 0.0 0.0 0.0 0.0 0.0 0.0 0.0 0.0 0.0 0.0 0.0 0.0 0.0 0.0 0.0 0.0 0.0 0.0 0.0 0.0 0.0 0.0
321 0.0 0.0 0.0 0.0 0.0 0.0 0.0 0.0 0.0 0.0 0.0 0.0 0.0 0.0 0.0 0.0 0.0 0.0 0.0 0.0 0.0 0.0 0.0 0.0 0.0 0.0 0.0 0.0 0.0 0.0 0.0 0.0
324 0.0 0.0 0.0 0.0 0.0 0.0 0.0 0.0 0.0 0.0 0.0 0.0 0.0 0.0 0.0 0.0 0.0 0.0 0.0 0.0 0.0 0.0 0.0 0.0 0.0 0.0 0.0 0.0 0.0 0.0 0.0 0.0
327 0.0 0.0 0.0 0.0 0.0 0.0 0.0 0.0 0.0 0.0 0.0 0.0 0.0 0.0 0.0 0.0 0.0 0.0 0.0 0.0 0.0 0.0 0.0 0.0 0.0 0.0 0.0 0.0 0.0 0.0 0.0 0.0
330 0.0 0.0 0.0 0.0 0.0 0.0 0.0 0.0 0.0 0.0 0.0 0.0 0.0 0.0 0.0 0.0 0.0 0.0 0.0 0.0 0.0 0.0 0.0 0.0 0.0 0.0 0.0 0.0 0.0 0.0 0.0 0.0
333 0.0 0.0 0.0 0.0 0.0 0.0 0.0 0.0 0.0 0.0 0.0 0.0 0.0 0.0 0.0 0.0 0.0 0.0 0.0 0.0 0.0 0.0 0.0 0.0 0.0 0.0 0.0 0.0 0.0 0.0 0.0 0.0
336 0.0 0.0 0.0 0.0 0.0 0.0 0.0 0.0 0.0 0.0 0.0 0.0 0.0 0.0 0.0 0.0 0.0 0.0 0.0 0.0 0.0 0.0 0.0 0.0 0.0 0.0 0.0 0.0 0.0 0.0 0.0 0.0
339 0.0 0.0 0.0 0.0 0.0 0.0 0.0 0.0 0.0 0.0 0.0 0.0 0.0 0.0 0.0 0.0 0.0 0.0 0.0 0.0 0.0 0.0 0.0 0.0 0.0 0.0 0.0 0.0 0.0 0.0 0.0 0.0
342 0.0 0.0 0.0 0.0 0.0 0.0 0.0 0.0 0.0 0.0 0.0 0.0 0.0 0.0 0.0 0.0 0.0 0.0 0.0 0.0 0.0 0.0 0.0 0.0 0.0 0.0 0.0 0.0 0.0 0.0 0.0 0.0
345 0.0 0.0 0.0 0.0 0.0 0.0 0.0 0.0 0.0 0.0 0.0 0.0 0.0 0.0 0.0 0.0 0.0 0.0 0.0 0.0 0.0 0.0 0.0 0.0 0.0 0.0 0.0 0.0 0.0 0.0 0.0 0.0
348 0.0 1.0 0.0 0.0 0.0 0.0 0.0 0.0 0.0 0.0 0.0 0.0 0.0 0.0 0.0 0.0 0.0 0.0 0.0 0.0 0.0 0.0 0.0 0.0 0.0 0.0 0.0 0.0 0.0 0.0 0.0 0.0
351 0.0 0.0 0.0 0.0 0.0 0.0 0.0 0.0 0.0 0.0 0.0 0.0 0.0 0.0 0.0 0.0 0.0 0.0 0.0 0.0 0.0 0.0 0.0 0.0 0.0 0.0 0.0 0.0 0.0 0.0 0.0 0.0
354 0.0 0.0 0.0 0.0 0.0 0.0 0.0 0.0 0.0 0.0 0.0 0.0 0.0 0.0 0.0 0.0 0.0 0.0 0.0 0.0 0.0 0.0 0.0 0.0 0.0 0.0 0.0 0.0 0.0 0.0 0.0 0.0
357 0.0 0.0 0.0 0.0 0.0 0.0 0.0 0.0 0.0 0.0 0.0 0.0 0.0 0.0 0.0 0.0 0.0 0.0 0.0 0.0 0.0 0.0 0.0 0.0 0.0 0.0 0.0 0.0 0.0 0.0 0.0 0.0
