150 256.0 583.0 619.0 704.0 382.0 609.0 380.0 538.0 130.0 871.0 216.0 774.0 439.0 377.0 492.0 200.0 557.0 327.0 160.0 373.0 451.0 189.0 551.0 702.0 184.0 607.0 293.0 176.0 539.0 198.0 379.0 162.0
153 15820589.0 15821930.0 15814806.0 15802426.0 15813905.0 15800968.0 15809325.0 15801311.0 15803150.0 15802089.0 15805020.0 15800984.0 15808715.0 15812655.0 15812463.0 15789791.0 15809566.0 15805665.0 15799680.0 15802178.0 15791759.0 15795868.0 15788024.0 15806556.0 15783145.0 15804290.0 15782722.0 15793344.0 15787511.0 15794641.0 15797993.0 15791914.0
156 17542912.0 17541060.0 17535168.0 17516995.0 17530425.0 17514971.0 17527252.0 17515875.0 17525286.0 17517225.0 17526994.0 17518436.0 17528837.0 17530232.0 17532752.0 17517569.0 17527733.0 17528004.0 17524639.0 17526103.0 17514092.0 17522963.0 17511742.0 17522442.0 17511015.0 17522299.0 17510536.0 17520915.0 17512109.0 17526302.0 17523100.0 17522843.0
159 17884776.0 17884142.0 17881541.0 17874262.0 17879331.0 17873520.0 17878379.0 17873656.0 17877416.0 17874106.0 17877938.0 17874300.0 17878501.0 17878856.0 17879334.0 17874849.0 17878103.0 17878013.0 17876984.0 17877438.0 17873427.0 17876488.0 17873149.0 17875693.0 17872996.0 17875861.0 17872857.0 17876095.0 17873065.0 17878064.0 17876818.0 17876974.0
162 18172194.0 18171343.0 18166224.0 18153076.0 18162423.0 18152267.0 18160999.0 18152310.0 18158355.0 18152839.0 18159701.0 18152963.0 18160321.0 18160627.0 18162754.0 18154042.0 18159608.0 18159905.0 18157461.0 18158419.0 18152056.0 18157080.0 18151671.0 18155845.0 18151530.0 18156144.0 18151427.0 18156633.0 18151603.0 18160058.0 18157894.0 18157713.0
165 18387806.0 18387551.0 18385517.0 18382006.0 18384104.0 18381515.0 18383965.0 18381426.0 18383753.0 18381484.0 18384199.0 18381519.0 18384417.0 18384807.0 18386399.0 18381447.0 18384300.0 18384925.0 18383949.0 18384462.0 18380795.0 18384031.0 18380542.0 18382953.0 18380461.0 18383043.0 18380398.0 18383563.0 18380445.0 18385389.0 18383809.0 18383526.0
168 18599583.0 18599650.0 18599289.0 18598451.0 18598929.0 18598383.0 18598862.0 18598387.0 18598800.0 18598436.0 18598852.0 18598416.0 18598924.0 18598975.0 18599130.0 18598385.0 18598955.0 18598939.0 18598743.0 18598884.0 18598301.0 18598769.0 18598269.0 18598672.0 18598244.0 18598754.0 18598238.0 18598793.0 18598249.0 18599136.0 18598918.0 18598923.0
171 18717321.0 18717498.0 18717269.0 18716072.0 18716870.0 18715983.0 18717025.0 18715912.0 18716810.0 18716594.0 18716974.0 18716492.0 18717040.0 18717380.0 18717835.0 18716672.0 18717179.0 18717347.0 18716764.0 18717175.0 18715528.0 18716728.0 18715374.0 18716546.0 18715271.0 18716670.0 18715203.0 18716742.0 18715254.0 18717638.0 18717112.0 18716912.0
174 18744925.0 18744892.0 18744331.0 18746193.0 18742849.0 18745572.0 18742914.0 18745463.0 18742770.0 18747139.0 18742910.0 18746209.0 18743893.0 18744180.0 18744903.0 18745062.0 18743699.0 18744353.0 18742796.0 18743460.0 18742115.0 18742207.0 18741339.0 18740832.0 18740778.0 18740602.0 18740323.0 18741238.0 18740488.0 18741489.0 18740676.0 18740447.0
177 18605580.0 18601844.0 18600019.0 18591520.0 18596153.0 18589805.0 18595245.0 18589815.0 18593284.0 18592411.0 18593109.0 18592706.0 18594698.0 18594358.0 18593374.0 18594196.0 18593711.0 18593491.0 18591985.0 18592521.0 18590432.0 18590547.0 18589136.0 18588765.0 18588370.0 18588701.0 18587672.0 18589448.0 18588285.0 18590133.0 18588916.0 18589200.0
180 17811661.0 17775631.0 17763627.0 17670428.0 17742671.0 17647700.0 17741546.0 17642309.0 17728028.0 17656538.0 17729445.0 17670130.0 17738548.0 17731941.0 17724641.0 17712940.0 17735556.0 17736072.0 17732078.0 17727051.0 17681408.0 17721075.0 17678484.0 17686936.0 17673775.0 17690167.0 17665506.0 17720982.0 17670694.0 17729211.0 17718591.0 17743721.0
183 10112552.0 10049433.0 10056356.0 9987123.0 10023350.0 9925759.0 10085040.0 9877553.0 10075556.0 10022643.0 10116960.0 10141649.0 10196916.0 10169538.0 10159680.0 10502535.0 10207162.0 10245864.0 10204669.0 10175893.0 10251917.0 10137447.0 10252846.0 9798873.0 10182284.0 9798227.0 10095715.0 10111932.0 10121874.0 10172784.0 10068643.0 10247145.0
186 10093531.0 10035647.0 10051332.0 10191042.0 10031598.0 10153525.0 10109113.0 10085337.0 10097543.0 10246349.0 10144432.0 10371998.0 10223638.0 10196232.0 10183180.0 10751036.0 10236884.0 10275367.0 10234032.0 10185761.0 10505506.0 10154342.0 10518299.0 9762284.0 10421189.0 9743011.0 10322135.0 10109120.0 10334562.0 10157588.0 10049921.0 10233902.0
189 7723861.0 7657562.0 7666515.0 7817444.0 7648291.0 7759335.0 7749439.0 7659928.0 7696991.0 7853939.0 7753549.0 7996823.0 7847636.0 7804354.0 7780041.0 8484851.0 7872269.0 7907811.0 7839083.0 7764412.0 8163641.0 7719319.0 8199285.0 7227976.0 8051375.0 7205300.0 7948796.0 7664313.0 7954923.0 7724338.0 7597011.0 7821565.0
192 23827.0 29456.0 59252.0 38394.0 21360.0 25489.0 46976.0 13793.0 26692.0 36124.0 24057.0 56445.0 57804.0 39900.0 21783.0 68980.0 58086.0 59000.0 39445.0 50463.0 61764.0 32539.0 85163.0 4631.0 35131.0 7424.0 33756.0 28379.0 46203.0 24715.0 22962.0 34136.0
195 1678.0 4623.0 29983.0 7438.0 1461.0 3108.0 5212.0 1552.0 1565.0 6395.0 1479.0 15565.0 13566.0 3812.0 2529.0 3789.0 7504.0 6723.0 4386.0 13041.0 8176.0 4618.0 16960.0 821.0 2315.0 1303.0 3621.0 1844.0 9319.0 1719.0 2974.0 4517.0
198 689.0 1120.0 11006.0 1651.0 676.0 900.0 1170.0 739.0 573.0 1570.0 640.0 3511.0 3118.0 995.0 854.0 930.0 1762.0 1470.0 1087.0 3078.0 1855.0 1113.0 4020.0 551.0 770.0 650.0 1297.0 688.0 2128.0 689.0 938.0 1161.0
201 472.0 663.0 2363.0 851.0 455.0 643.0 684.0 526.0 429.0 824.0 505.0 1194.0 1031.0 601.0 601.0 595.0 909.0 740.0 654.0 959.0 909.0 698.0 1198.0 401.0 536.0 506.0 933.0 448.0 930.0 521.0 627.0 727.0
204 358.0 570.0 1074.0 683.0 316.0 428.0 509.0 342.0 279.0 592.0 301.0 900.0 722.0 515.0 445.0 374.0 698.0 583.0 456.0 700.0 684.0 518.0 790.0 199.0 342.0 308.0 635.0 324.0 693.0 354.0 389.0 500.0
207 150.0 316.0 777.0 480.0 142.0 269.0 346.0 179.0 133.0 467.0 158.0 687.0 521.0 293.0 266.0 231.0 468.0 400.0 310.0 530.0 458.0 345.0 597.0 88.0 159.0 108.0 290.0 150.0 477.0 148.0 256.0 328.0
210 61.0 199.0 623.0 320.0 45.0 132.0 193.0 56.0 35.0 257.0 51.0 409.0 365.0 141.0 124.0 115.0 261.0 223.0 162.0 346.0 269.0 169.0 438.0 20.0 61.0 33.0 106.0 48.0 296.0 76.0 132.0 190.0
213 12.0 80.0 423.0 122.0 6.0 57.0 70.0 14.0 14.0 114.0 11.0 270.0 225.0 39.0 43.0 27.0 125.0 92.0 69.0 205.0 101.0 72.0 250.0 5.0 22.0 10.0 33.0 9.0 158.0 8.0 41.0 39.0
216 1.0 21.0 232.0 44.0 1.0 11.0 17.0 3.0 1.0 47.0 3.0 133.0 92.0 18.0 4.0 5.0 35.0 28.0 17.0 85.0 34.0 16.0 122.0 1.0 1.0 5.0 10.0 3.0 44.0 2.0 11.0 18.0
219 3.0 4.0 169.0 20.0 2.0 1.0 4.0 1.0 1.0 25.0 2.0 58.0 43.0 7.0 6.0 6.0 13.0 6.0 2.0 51.0 7.0 6.0 49.0 2.0 0.0 1.0 2.0 1.0 17.0 0.0 5.0 6.0
222 1.0 2.0 109.0 4.0 1.0 2.0 5.0 2.0 0.0 3.0 0.0 15.0 14.0 5.0 4.0 0.0 1.0 2.0 2.0 13.0 2.0 1.0 14.0 0.0 2.0 0.0 1.0 3.0 5.0 0.0 3.0 5.0
225 1.0 3.0 23.0 1.0 1.0 2.0 1.0 1.0 0.0 2.0 2.0 9.0 7.0 0.0 1.0 1.0 1.0 3.0 4.0 7.0 2.0 1.0 3.0 0.0 2.0 3.0 2.0 0.0 3.0 0.0 2.0 1.0
228 0.0 0.0 12.0 2.0 1.0 0.0 1.0 1.0 1.0 2.0 1.0 5.0 0.0 0.0 0.0 0.0 3.0 1.0 0.0 1.0 3.0 3.0 2.0 1.0 0.0 0.0 1.0 0.0 1.0 1.0 0.0 1.0
231 1.0 0.0 4.0 1.0 0.0 2.0 2.0 1.0 1.0 1.0 0.0 3.0 0.0 1.0 1.0 0.0 3.0 2.0 1.0 0.0 0.0 2.0 1.0 0.0 1.0 0.0 0.0 0.0 0.0 1.0 0.0 0.0
234 0.0 2.0 3.0 0.0 0.0 1.0 0.0 0.0 0.0 0.0 0.0 2.0 1.0 1.0 0.0 0.0 1.0 1.0 0.0 0.0 0.0 1.0 1.0 0.0 0.0 0.0 1.0 1.0 0.0 0.0 1.0 1.0
237 0.0 0.0 4.0 2.0 0.0 1.0 0.0 1.0 0.0 1.0 1.0 0.0 0.0 0.0 0.0 0.0 0.0 2.0 0.0 2.0 0.0 1.0 0.0 0.0 1.0 0.0 0.0 0.0 0.0 0.0 0.0 2.0
240 0.0 3.0 2.0 1.0 1.0 0.0 0.0 0.0 0.0 0.0 1.0 1.0 0.0 1.0 0.0 0.0 4.0 1.0 1.0 1.0 0.0 2.0 1.0 0.0 1.0 0.0 0.0 0.0 1.0 1.0 0.0 0.0
243 0.0 0.0 1.0 0.0 0.0 0.0 0.0 0.0 0.0 0.0 0.0 0.0 0.0 1.0 0.0 0.0 0.0 0.0 1.0 1.0 0.0 0.0 0.0 0.0 0.0 0.0 0.0 0.0 0.0 0.0 0.0 1.0
246 0.0 0.0 4.0 1.0 0.0 0.0 0.0 0.0 0.0 0.0 0.0 0.0 0.0 1.0 0.0 1.0 0.0 0.0 0.0 0.0 1.0 0.0 0.0 0.0 0.0 0.0 0.0 0.0 1.0 0.0 0.0 0.0
249 1.0 0.0 0.0 0.0 0.0 0.0 0.0 0.0 1.0 0.0 0.0 0.0 0.0 0.0 0.0 0.0 0.0 0.0 0.0 0.0 1.0 0.0 0.0 1.0 0.0 0.0 0.0 1.0 0.0 0.0 0.0 1.0
252 0.0 1.0 0.0 0.0 0.0 0.0 0.0 0.0 0.0 0.0 0.0 0.0 1.0 0.0 0.0 0.0 1.0 0.0 1.0 0.0 0.0 0.0 0.0 0.0 0.0 0.0 0.0 1.0 0.0 0.0 0.0 0.0
255 0.0 1.0 1.0 0.0 0.0 0.0 0.0 0.0 0.0 0.0 0.0 2.0 0.0 0.0 0.0 0.0 0.0 0.0 0.0 0.0 1.0 0.0 1.0 0.0 0.0 0.0 3.0 0.0 0.0 0.0 1.0 0.0
258 0.0 0.0 0.0 0.0 0.0 0.0 0.0 0.0 0.0 0.0 0.0 0.0 0.0 1.0 0.0 0.0 0.0 0.0 0.0 0.0 0.0 0.0 1.0 0.0 0.0 0.0 0.0 0.0 0.0 0.0 0.0 0.0
261 0.0 0.0 2.0 1.0 0.0 0.0 0.0 0.0 0.0 1.0 0.0 0.0 0.0 0.0 1.0 0.0 0.0 0.0 0.0 1.0 0.0 0.0 0.0 0.0 0.0 0.0 0.0 0.0 0.0 0.0 0.0 0.0
264 0.0 0.0 1.0 0.0 0.0 0.0 0.0 0.0 0.0 0.0 0.0 0.0 0.0 0.0 0.0 0.0 2.0 0.0 0.0 0.0 0.0 0.0 0.0 0.0 0.0 0.0 0.0 0.0 0.0 0.0 0.0 0.0
267 0.0 0.0 1.0 0.0 0.0 1.0 0.0 0.0 0.0 1.0 1.0 0.0 0.0 0.0 2.0 2.0 0.0 0.0 0.0 0.0 0.0 0.0 0.0 0.0 0.0 0.0 0.0 1.0 0.0 0.0 0.0 0.0
270 0.0 0.0 0.0 1.0 2.0 0.0 0.0 1.0 0.0 0.0 0.0 0.0 1.0 0.0 0.0 0.0 0.0 0.0 0.0 0.0 0.0 1.0 0.0 0.0 0.0 0.0 0.0 0.0 0.0 0.0 0.0 1.0
273 0.0 0.0 0.0 0.0 0.0 0.0 0.0 0.0 0.0 0.0 1.0 0.0 0.0 1.0 0.0 0.0 0.0 0.0 0.0 0.0 0.0 0.0 2.0 0.0 0.0 0.0 0.0 0.0 1.0 0.0 1.0 0.0
276 0.0 0.0 0.0 0.0 0.0 0.0 0.0 0.0 0.0 3.0 0.0 1.0 0.0 1.0 0.0 0.0 1.0 1.0 0.0 0.0 0.0 2.0 0.0 2.0 0.0 2.0 2.0 0.0 2.0 0.0 1.0 2.0
279 0.0 0.0 0.0 0.0 0.0 0.0 0.0 0.0 0.0 0.0 0.0 0.0 0.0 0.0 0.0 0.0 0.0 0.0 0.0 0.0 0.0 0.0 0.0 0.0 1.0 0.0 0.0 0.0 0.0 0.0 0.0 0.0
282 0.0 0.0 0.0 0.0 0.0 0.0 0.0 0.0 0.0 0.0 0.0 0.0 0.0 1.0 1.0 0.0 1.0 1.0 1.0 0.0 2.0 1.0 1.0 0.0 2.0 1.0 0.0 0.0 0.0 0.0 2.0 1.0
285 0.0 0.0 0.0 0.0 0.0 0.0 0.0 0.0 0.0 0.0 0.0 0.0 0.0 0.0 0.0 0.0 0.0 0.0 0.0 0.0 0.0 0.0 0.0 0.0 0.0 0.0 0.0 0.0 0.0 0.0 0.0 0.0
288 0.0 1.0 1.0 1.0 1.0 0.0 0.0 0.0 0.0 0.0 0.0 0.0 0.0 1.0 0.0 0.0 0.0 0.0 0.0 1.0 0.0 1.0 0.0 0.0 0.0 0.0 0.0 0.0 0.0 0.0 0.0 0.0
291 0.0 0.0 1.0 0.0 0.0 0.0 0.0 0.0 0.0 0.0 0.0 0.0 0.0 0.0 0.0 1.0 0.0 0.0 0.0 0.0 0.0 0.0 0.0 0.0 0.0 0.0 0.0 0.0 0.0 0.0 0.0 0.0
294 0.0 0.0 0.0 0.0 0.0 0.0 0.0 0.0 0.0 0.0 0.0 0.0 0.0 0.0 0.0 0.0 0.0 0.0 0.0 1.0 0.0 0.0 0.0 0.0 1.0 0.0 0.0 0.0 0.0 0.0 0.0 0.0
297 0.0 0.0 0.0 0.0 0.0 0.0 0.0 0.0 0.0 0.0 0.0 1.0 0.0 0.0 0.0 0.0 1.0 0.0 1.0 0.0 0.0 0.0 0.0 0.0 0.0 0.0 0.0 0.0 0.0 1.0 2.0 0.0
300 0.0 0.0 0.0 0.0 0.0 0.0 0.0 0.0 0.0 0.0 0.0 0.0 0.0 0.0 0.0 0.0 0.0 0.0 0.0 0.0 0.0 0.0 0.0 0.0 0.0 0.0 0.0 0.0 0.0 0.0 0.0 0.0
303 0.0 0.0 0.0 0.0 0.0 0.0 0.0 0.0 0.0 1.0 0.0 0.0 0.0 0.0 0.0 2.0 1.0 0.0 0.0 0.0 0.0 0.0 1.0 0.0 1.0 0.0 1.0 0.0 0.0 0.0 0.0 0.0
306 0.0 0.0 0.0 0.0 0.0 0.0 0.0 0.0 0.0 0.0 0.0 0.0 1.0 0.0 0.0 0.0 0.0 0.0 0.0 1.0 0.0 0.0 0.0 0.0 0.0 0.0 0.0 0.0 0.0 0.0 0.0 0.0
309 0.0 0.0 0.0 1.0 0.0 0.0 0.0 1.0 1.0 1.0 1.0 0.0 0.0 0.0 0.0 0.0 1.0 0.0 0.0 0.0 0.0 0.0 0.0 0.0 0.0 0.0 0.0 0.0 0.0 0.0 0.0 0.0
312 0.0 0.0 0.0 0.0 0.0 0.0 1.0 0.0 0.0 0.0 0.0 0.0 0.0 0.0 0.0 0.0 1.0 0.0 1.0 0.0 0.0 0.0 0.0 0.0 0.0 0.0 0.0 0.0 0.0 0.0 0.0 0.0
315 0.0 0.0 0.0 0.0 0.0 0.0 0.0 0.0 0.0 0.0 0.0 0.0 0.0 0.0 0.0 0.0 0.0 0.0 0.0 0.0 0.0 0.0 0.0 0.0 0.0 0.0 0.0 0.0 0.0 0.0 0.0 0.0
318 0.0 0.0 0.0 0.0 0.0 0.0 1.0 0.0 0.0 0.0 0.0 0.0 0.0 0.0 0.0 1.0 0.0 0.0 0.0 1.0 0.0 1.0 0.0 1.0 0.0 0.0 1.0 1.0 1.0 1.0 0.0 0.0
321 0.0 0.0 0.0 0.0 0.0 0.0 0.0 0.0 0.0 0.0 0.0 0.0 0.0 0.0 0.0 0.0 0.0 0.0 0.0 0.0 0.0 0.0 0.0 0.0 0.0 0.0 0.0 0.0 0.0 0.0 0.0 0.0
324 1.0 1.0 0.0 0.0 0.0 0.0 0.0 0.0 0.0 0.0 0.0 0.0 1.0 0.0 0.0 0.0 0.0 0.0 0.0 0.0 0.0 0.0 0.0 1.0 0.0 0.0 0.0 0.0 0.0 0.0 1.0 0.0
327 0.0 0.0 0.0 0.0 0.0 0.0 0.0 0.0 0.0 0.0 0.0 0.0 0.0 0.0 0.0 0.0 0.0 0.0 1.0 0.0 0.0 0.0 0.0 0.0 0.0 0.0 0.0 0.0 0.0 0.0 0.0 0.0
330 0.0 0.0 0.0 0.0 1.0 0.0 0.0 1.0 0.0 0.0 1.0 0.0 0.0 0.0 1.0 0.0 1.0 0.0 0.0 0.0 0.0 0.0 0.0 0.0 0.0 1.0 0.0 0.0 0.0 0.0 1.0 1.0
333 0.0 0.0 0.0 0.0 0.0 0.0 0.0 0.0 0.0 0.0 0.0 0.0 0.0 0.0 0.0 0.0 0.0 0.0 0.0 0.0 0.0 0.0 0.0 0.0 0.0 0.0 0.0 0.0 0.0 0.0 1.0 0.0
336 0.0 0.0 0.0 0.0 0.0 0.0 0.0 0.0 0.0 0.0 0.0 0.0 0.0 0.0 0.0 0.0 0.0 0.0 0.0 0.0 0.0 0.0 0.0 0.0 0.0 0.0 0.0 0.0 0.0 0.0 0.0 0.0
339 0.0 0.0 0.0 0.0 0.0 0.0 0.0 1.0 0.0 0.0 0.0 0.0 0.0 0.0 0.0 0.0 0.0 0.0 0.0 0.0 1.0 0.0 0.0 0.0 0.0 1.0 0.0 0.0 0.0 0.0 0.0 0.0
342 0.0 0.0 0.0 0.0 0.0 0.0 0.0 0.0 0.0 0.0 0.0 0.0 0.0 0.0 0.0 0.0 0.0 0.0 0.0 0.0 0.0 0.0 0.0 0.0 0.0 0.0 0.0 0.0 0.0 0.0 0.0 0.0
345 0.0 1.0 1.0 0.0 0.0 0.0 0.0 0.0 0.0 1.0 0.0 2.0 1.0 0.0 0.0 0.0 0.0 0.0 1.0 1.0 0.0 0.0 1.0 0.0 0.0 0.0 0.0 0.0 0.0 0.0 0.0 0.0
348 0.0 0.0 0.0 0.0 0.0 0.0 0.0 0.0 0.0 0.0 0.0 0.0 0.0 0.0 0.0 0.0 0.0 0.0 0.0 0.0 0.0 0.0 0.0 0.0 0.0 0.0 0.0 0.0 0.0 0.0 0.0 1.0
351 0.0 0.0 1.0 0.0 0.0 0.0 0.0 0.0 0.0 0.0 0.0 1.0 1.0 1.0 0.0 0.0 0.0 0.0 0.0 0.0 0.0 0.0 0.0 0.0 0.0 0.0 0.0 0.0 0.0 0.0 0.0 0.0
354 0.0 0.0 0.0 0.0 0.0 0.0 0.0 0.0 0.0 1.0 0.0 0.0 1.0 1.0 0.0 0.0 0.0 1.0 0.0 0.0 0.0 0.0 1.0 0.0 0.0 0.0 0.0 0.0 1.0 0.0 0.0 0.0
357 0.0 0.0 0.0 0.0 0.0 0.0 0.0 0.0 0.0 0.0 0.0 0.0 0.0 0.0 0.0 0.0 0.0 0.0 0.0 0.0 0.0 0.0 0.0 0.0 0.0 0.0 0.0 0.0 0.0 0.0 0.0 0.0
