150 8716150.0 8699409.0 8697373.0 8686731.0 8698470.0 8706631.0 8677444.0 8686912.0 8689894.0 8689208.0 8698855.0 8717803.0 8702437.0 8685904.0 8710122.0 8680493.0 8713442.0 8685137.0 8709490.0 8681164.0 8701715.0 8699111.0 8668939.0 8688456.0 8666133.0 8726369.0 8685559.0 8692240.0 8683640.0 8690190.0 8715518.0 8688633.0
153 17633423.0 17622182.0 17617997.0 17592530.0 17613123.0 17591274.0 17608807.0 17592272.0 17607019.0 17592549.0 17610453.0 17593353.0 17609803.0 17611922.0 17613703.0 17594171.0 17609987.0 17604997.0 17609254.0 17604680.0 17589748.0 17605075.0 17588760.0 17598536.0 17588411.0 17601448.0 17587109.0 17597411.0 17587203.0 17600317.0 17605209.0 17604260.0
156 18008243.0 18000749.0 17999085.0 17986065.0 17994386.0 17985861.0 17993691.0 17986101.0 17990827.0 17986222.0 17992362.0 17986176.0 17991630.0 17992322.0 17991905.0 17986163.0 17991755.0 17990417.0 17991222.0 17989671.0 17985785.0 17990474.0 17985720.0 17988287.0 17985729.0 17990185.0 17985503.0 17989223.0 17985522.0 17990899.0 17991886.0 17990980.0
159 18194783.0 18187183.0 18184808.0 18173974.0 18180920.0 18173662.0 18179895.0 18173928.0 18178063.0 18174026.0 18179082.0 18174141.0 18178555.0 18179411.0 18179169.0 18173989.0 18178471.0 18177643.0 18178545.0 18177351.0 18173352.0 18177695.0 18173405.0 18176121.0 18173372.0 18177789.0 18172913.0 18176278.0 18172913.0 18177230.0 18178861.0 18177635.0
162 18398558.0 18395348.0 18398559.0 18382424.0 18397356.0 18381917.0 18398350.0 18382637.0 18394664.0 18383342.0 18398553.0 18383231.0 18396239.0 18396711.0 18398779.0 18384280.0 18395402.0 18390762.0 18393980.0 18390351.0 18381703.0 18392698.0 18382413.0 18387169.0 18382705.0 18391640.0 18380415.0 18387340.0 18380418.0 18389750.0 18393200.0 18389802.0
165 18641351.0 18638848.0 18640284.0 18647199.0 18639037.0 18643086.0 18642860.0 18644180.0 18642929.0 18642349.0 18642562.0 18647565.0 18643442.0 18652416.0 18650915.0 18639243.0 18646812.0 18651167.0 18645711.0 18648392.0 18636292.0 18648052.0 18634447.0 18645764.0 18634720.0 18640661.0 18633335.0 18643413.0 18633193.0 18644956.0 18640203.0 18640933.0
168 19039820.0 19039132.0 19040369.0 19043215.0 19040439.0 19042300.0 19044172.0 19043627.0 19044039.0 19044281.0 19043799.0 19045014.0 19043519.0 19049169.0 19048368.0 19042251.0 19046484.0 19047772.0 19045459.0 19046757.0 19040651.0 19047591.0 19038211.0 19045624.0 19037876.0 19043481.0 19038209.0 19045050.0 19037977.0 19046556.0 19043744.0 19044344.0
171 19050353.0 19048790.0 19048204.0 19056864.0 19046853.0 19060103.0 19047664.0 19064668.0 19046985.0 19068868.0 19046889.0 19068531.0 19046896.0 19048846.0 19047827.0 19062711.0 19047231.0 19049901.0 19047202.0 19049071.0 19058664.0 19048237.0 19048822.0 19048690.0 19048455.0 19046518.0 19049180.0 19048122.0 19049138.0 19047928.0 19046436.0 19046876.0
174 19143209.0 19124973.0 19117463.0 18944175.0 19081266.0 18839364.0 19091988.0 18852128.0 19057383.0 18853365.0 19059691.0 18838242.0 19054650.0 19072548.0 19068039.0 18939990.0 19052423.0 19041242.0 19047553.0 19041266.0 18851391.0 19026598.0 18892510.0 19012280.0 18949087.0 19005212.0 18865574.0 19004989.0 18871533.0 19008773.0 19007624.0 19015087.0
177 15029559.0 15029394.0 14898273.0 13742944.0 14413636.0 13469648.0 14860555.0 13544483.0 14425801.0 13605743.0 14343055.0 13500587.0 14346062.0 14638566.0 14368161.0 13869055.0 14368239.0 14519618.0 14426589.0 14541345.0 13620761.0 14359953.0 13779884.0 14232929.0 13906466.0 14147328.0 13656140.0 14328835.0 13636987.0 14418081.0 14466870.0 14852463.0
180 10759934.0 10775586.0 10813338.0 10711012.0 10714388.0 10620182.0 10863213.0 10675567.0 10778788.0 10729835.0 10742707.0 10671060.0 10759940.0 10898395.0 10808855.0 10878481.0 10793768.0 10868876.0 10811953.0 10860455.0 10747986.0 10781221.0 10845736.0 10737250.0 10929718.0 10664966.0 10797081.0 10748769.0 10764946.0 10768699.0 10759038.0 10877992.0
183 9076548.0 9110355.0 9187826.0 9180491.0 9024907.0 9030818.0 9269212.0 9110595.0 9147406.0 9211205.0 9073304.0 9080430.0 9104135.0 9324018.0 9168132.0 9425279.0 9153107.0 9278574.0 9173010.0 9246034.0 9208850.0 9118648.0 9389739.0 9042621.0 9495306.0 8904630.0 9277700.0 9048914.0 9193119.0 9063923.0 9046125.0 9242758.0
186 2856195.0 2887864.0 2977150.0 2927410.0 2823513.0 2827406.0 3038058.0 2872678.0 2929930.0 2950003.0 2858967.0 2859175.0 2890852.0 3083945.0 2930894.0 3104216.0 2922069.0 3042735.0 2938125.0 2991821.0 2930490.0 2896735.0 3070937.0 2839332.0 3146860.0 2746009.0 2995482.0 2862911.0 2922287.0 2865854.0 2865698.0 3000024.0
189 4427.0 9144.0 19862.0 8963.0 3727.0 4545.0 37113.0 7829.0 18614.0 16954.0 12266.0 10219.0 16950.0 52687.0 22026.0 36050.0 19208.0 40355.0 25070.0 32855.0 14464.0 18184.0 31606.0 13305.0 46875.0 5694.0 27273.0 21265.0 17106.0 22779.0 22692.0 39141.0
192 106.0 136.0 160.0 61.0 85.0 40.0 90.0 172.0 304.0 130.0 83.0 91.0 206.0 383.0 226.0 238.0 230.0 210.0 59.0 175.0 258.0 48.0 122.0 247.0 131.0 26.0 50.0 154.0 246.0 522.0 369.0 265.0
195 23.0 39.0 54.0 14.0 17.0 10.0 25.0 55.0 121.0 33.0 16.0 27.0 62.0 167.0 86.0 92.0 60.0 73.0 8.0 50.0 65.0 8.0 20.0 95.0 35.0 6.0 11.0 46.0 105.0 233.0 129.0 97.0
198 2.0 4.0 8.0 0.0 5.0 0.0 2.0 6.0 22.0 10.0 0.0 1.0 23.0 60.0 18.0 24.0 16.0 19.0 1.0 9.0 11.0 0.0 3.0 20.0 6.0 0.0 0.0 9.0 19.0 68.0 35.0 23.0
201 0.0 1.0 0.0 0.0 0.0 0.0 0.0 2.0 2.0 1.0 1.0 0.0 2.0 6.0 3.0 3.0 1.0 2.0 0.0 1.0 2.0 0.0 0.0 1.0 1.0 0.0 0.0 3.0 0.0 12.0 2.0 4.0
204 0.0 1.0 0.0 0.0 1.0 0.0 1.0 0.0 0.0 0.0 0.0 0.0 0.0 0.0 0.0 1.0 0.0 0.0 0.0 0.0 1.0 0.0 0.0 0.0 0.0 0.0 0.0 0.0 0.0 1.0 0.0 0.0
207 0.0 0.0 0.0 0.0 0.0 0.0 0.0 0.0 0.0 0.0 0.0 0.0 0.0 0.0 1.0 1.0 0.0 0.0 0.0 0.0 0.0 0.0 0.0 0.0 0.0 0.0 0.0 0.0 0.0 0.0 0.0 0.0
210 0.0 0.0 0.0 0.0 0.0 0.0 0.0 0.0 0.0 0.0 0.0 0.0 0.0 0.0 1.0 0.0 0.0 0.0 0.0 1.0 0.0 0.0 0.0 0.0 0.0 0.0 0.0 0.0 1.0 0.0 0.0 0.0
213 0.0 0.0 0.0 0.0 0.0 0.0 0.0 0.0 0.0 0.0 0.0 0.0 0.0 0.0 0.0 0.0 0.0 0.0 0.0 0.0 0.0 0.0 0.0 0.0 0.0 0.0 0.0 0.0 0.0 0.0 0.0 1.0
216 1.0 0.0 0.0 0.0 0.0 0.0 0.0 0.0 0.0 0.0 0.0 0.0 0.0 0.0 0.0 0.0 0.0 0.0 0.0 0.0 0.0 0.0 0.0 0.0 0.0 0.0 0.0 0.0 0.0 0.0 0.0 0.0
219 0.0 0.0 0.0 0.0 0.0 0.0 0.0 0.0 0.0 0.0 0.0 0.0 0.0 0.0 0.0 0.0 0.0 0.0 0.0 0.0 0.0 0.0 0.0 0.0 0.0 0.0 1.0 0.0 0.0 0.0 0.0 0.0
222 0.0 0.0 0.0 0.0 0.0 0.0 0.0 1.0 1.0 0.0 0.0 0.0 0.0 0.0 0.0 0.0 0.0 0.0 0.0 0.0 0.0 0.0 0.0 0.0 0.0 0.0 0.0 0.0 0.0 0.0 0.0 0.0
225 0.0 0.0 0.0 0.0 0.0 0.0 0.0 0.0 0.0 0.0 0.0 0.0 0.0 0.0 0.0 0.0 0.0 0.0 0.0 0.0 0.0 0.0 0.0 0.0 0.0 0.0 0.0 0.0 0.0 0.0 0.0 0.0
228 0.0 0.0 0.0 0.0 0.0 0.0 0.0 0.0 0.0 0.0 0.0 0.0 0.0 1.0 0.0 0.0 0.0 0.0 0.0 0.0 0.0 0.0 0.0 0.0 0.0 0.0 0.0 0.0 0.0 0.0 0.0 0.0
231 0.0 0.0 0.0 0.0 0.0 0.0 0.0 0.0 0.0 0.0 0.0 0.0 0.0 0.0 0.0 0.0 0.0 0.0 0.0 0.0 0.0 0.0 0.0 0.0 0.0 0.0 0.0 0.0 0.0 0.0 0.0 0.0
234 0.0 0.0 0.0 0.0 0.0 0.0 0.0 0.0 0.0 0.0 0.0 0.0 0.0 0.0 0.0 0.0 0.0 0.0 0.0 0.0 0.0 0.0 0.0 0.0 0.0 0.0 0.0 0.0 0.0 0.0 0.0 0.0
237 0.0 0.0 0.0 0.0 0.0 0.0 0.0 0.0 0.0 0.0 0.0 0.0 0.0 0.0 0.0 0.0 0.0 0.0 0.0 0.0 0.0 0.0 0.0 0.0 0.0 0.0 0.0 0.0 0.0 0.0 0.0 0.0
240 0.0 0.0 0.0 0.0 0.0 0.0 0.0 0.0 0.0 0.0 0.0 0.0 0.0 0.0 0.0 0.0 0.0 0.0 0.0 0.0 0.0 0.0 0.0 0.0 0.0 0.0 0.0 0.0 0.0 0.0 0.0 0.0
243 0.0 0.0 0.0 0.0 0.0 0.0 0.0 0.0 0.0 0.0 0.0 0.0 0.0 0.0 0.0 0.0 0.0 0.0 0.0 0.0 0.0 0.0 0.0 0.0 0.0 0.0 0.0 0.0 0.0 0.0 0.0 0.0
246 0.0 0.0 0.0 0.0 0.0 0.0 0.0 0.0 0.0 0.0 0.0 0.0 0.0 0.0 0.0 0.0 0.0 0.0 0.0 0.0 0.0 0.0 0.0 0.0 0.0 0.0 0.0 0.0 0.0 0.0 0.0 0.0
249 0.0 0.0 0.0 0.0 0.0 0.0 0.0 0.0 0.0 0.0 0.0 0.0 0.0 0.0 0.0 0.0 0.0 0.0 0.0 0.0 0.0 0.0 0.0 0.0 0.0 0.0 0.0 0.0 0.0 0.0 0.0 0.0
252 0.0 0.0 0.0 0.0 0.0 0.0 0.0 0.0 0.0 0.0 0.0 0.0 0.0 0.0 0.0 0.0 0.0 0.0 0.0 0.0 0.0 0.0 0.0 0.0 0.0 0.0 0.0 0.0 0.0 0.0 0.0 0.0
255 0.0 0.0 0.0 0.0 0.0 0.0 0.0 0.0 0.0 0.0 0.0 0.0 0.0 0.0 0.0 0.0 0.0 0.0 0.0 0.0 0.0 0.0 0.0 0.0 0.0 0.0 0.0 0.0 0.0 0.0 0.0 0.0
258 0.0 0.0 0.0 0.0 0.0 0.0 0.0 0.0 0.0 0.0 0.0 0.0 0.0 0.0 0.0 0.0 0.0 0.0 0.0 0.0 0.0 0.0 0.0 0.0 0.0 0.0 0.0 0.0 0.0 0.0 0.0 0.0
261 0.0 0.0 0.0 0.0 0.0 0.0 0.0 0.0 0.0 0.0 0.0 0.0 0.0 0.0 0.0 0.0 0.0 0.0 0.0 0.0 0.0 0.0 0.0 0.0 0.0 0.0 0.0 0.0 0.0 0.0 0.0 1.0
264 0.0 0.0 0.0 0.0 0.0 0.0 0.0 0.0 0.0 0.0 0.0 0.0 0.0 0.0 0.0 0.0 0.0 0.0 0.0 0.0 0.0 0.0 0.0 0.0 0.0 0.0 0.0 0.0 0.0 0.0 0.0 0.0
267 0.0 0.0 0.0 0.0 0.0 0.0 0.0 0.0 0.0 0.0 0.0 0.0 0.0 0.0 0.0 0.0 0.0 0.0 0.0 0.0 0.0 0.0 0.0 0.0 0.0 0.0 0.0 0.0 0.0 0.0 0.0 0.0
270 0.0 0.0 0.0 0.0 0.0 0.0 0.0 0.0 0.0 0.0 0.0 0.0 0.0 0.0 0.0 0.0 0.0 0.0 0.0 0.0 0.0 0.0 0.0 0.0 0.0 0.0 0.0 0.0 0.0 0.0 0.0 0.0
273 0.0 0.0 0.0 0.0 0.0 0.0 0.0 0.0 0.0 0.0 0.0 0.0 0.0 0.0 0.0 0.0 0.0 0.0 0.0 0.0 0.0 0.0 0.0 0.0 0.0 0.0 0.0 0.0 0.0 0.0 0.0 0.0
276 0.0 0.0 0.0 0.0 0.0 0.0 0.0 0.0 0.0 0.0 0.0 0.0 0.0 0.0 0.0 0.0 1.0 0.0 0.0 0.0 0.0 0.0 0.0 0.0 0.0 0.0 0.0 0.0 0.0 0.0 0.0 0.0
279 0.0 0.0 0.0 0.0 0.0 0.0 0.0 0.0 0.0 0.0 0.0 0.0 0.0 0.0 0.0 0.0 0.0 0.0 0.0 0.0 0.0 0.0 0.0 0.0 0.0 0.0 0.0 0.0 0.0 0.0 0.0 0.0
282 0.0 0.0 0.0 0.0 0.0 0.0 0.0 0.0 0.0 0.0 0.0 0.0 0.0 0.0 0.0 0.0 0.0 0.0 0.0 1.0 0.0 0.0 0.0 0.0 0.0 0.0 0.0 0.0 0.0 0.0 0.0 0.0
285 0.0 0.0 0.0 0.0 0.0 0.0 0.0 0.0 0.0 0.0 0.0 0.0 0.0 0.0 0.0 0.0 0.0 0.0 0.0 0.0 0.0 0.0 0.0 0.0 0.0 0.0 0.0 0.0 0.0 0.0 0.0 0.0
288 0.0 0.0 0.0 0.0 0.0 0.0 0.0 0.0 0.0 0.0 0.0 0.0 0.0 0.0 0.0 0.0 0.0 0.0 0.0 0.0 0.0 0.0 0.0 0.0 0.0 0.0 0.0 0.0 0.0 0.0 0.0 0.0
291 0.0 0.0 0.0 0.0 0.0 0.0 0.0 0.0 0.0 0.0 0.0 0.0 0.0 0.0 0.0 0.0 0.0 0.0 0.0 0.0 0.0 0.0 0.0 0.0 0.0 0.0 0.0 0.0 0.0 0.0 0.0 0.0
294 0.0 0.0 0.0 0.0 0.0 0.0 0.0 0.0 0.0 0.0 0.0 0.0 0.0 0.0 0.0 0.0 0.0 0.0 0.0 0.0 0.0 0.0 0.0 0.0 0.0 0.0 0.0 0.0 0.0 0.0 0.0 0.0
297 0.0 0.0 0.0 0.0 0.0 0.0 0.0 0.0 0.0 0.0 0.0 0.0 0.0 0.0 0.0 0.0 0.0 0.0 0.0 0.0 0.0 0.0 0.0 0.0 0.0 0.0 0.0 0.0 0.0 0.0 0.0 0.0
300 0.0 0.0 0.0 0.0 0.0 0.0 0.0 0.0 0.0 0.0 0.0 0.0 0.0 0.0 0.0 0.0 0.0 0.0 0.0 0.0 0.0 0.0 0.0 0.0 0.0 0.0 0.0 0.0 0.0 0.0 0.0 0.0
303 0.0 0.0 0.0 0.0 0.0 0.0 0.0 0.0 0.0 0.0 0.0 0.0 0.0 0.0 0.0 0.0 0.0 0.0 0.0 0.0 0.0 0.0 0.0 0.0 0.0 0.0 0.0 0.0 0.0 0.0 0.0 0.0
306 0.0 0.0 0.0 0.0 0.0 0.0 0.0 0.0 0.0 0.0 0.0 0.0 0.0 0.0 0.0 0.0 0.0 0.0 0.0 0.0 0.0 0.0 0.0 0.0 0.0 0.0 0.0 0.0 0.0 0.0 0.0 0.0
309 0.0 0.0 0.0 0.0 0.0 0.0 0.0 0.0 0.0 0.0 0.0 0.0 0.0 0.0 0.0 0.0 0.0 0.0 0.0 0.0 0.0 0.0 0.0 0.0 0.0 0.0 0.0 0.0 0.0 0.0 0.0 0.0
312 0.0 0.0 0.0 0.0 0.0 0.0 0.0 0.0 0.0 0.0 0.0 0.0 0.0 0.0 0.0 0.0 0.0 0.0 0.0 0.0 0.0 0.0 0.0 0.0 0.0 0.0 0.0 0.0 0.0 0.0 0.0 0.0
315 0.0 0.0 0.0 0.0 0.0 0.0 0.0 0.0 0.0 0.0 0.0 0.0 0.0 0.0 0.0 0.0 0.0 0.0 0.0 0.0 0.0 0.0 0.0 0.0 0.0 0.0 0.0 0.0 0.0 0.0 0.0 0.0
318 0.0 0.0 0.0 0.0 0.0 0.0 0.0 0.0 0.0 0.0 0.0 0.0 0.0 0.0 0.0 1.0 0.0 0.0 0.0 0.0 0.0 0.0 0.0 0.0 0.0 0.0 0.0 0.0 0.0 0.0 0.0 0.0
321 0.0 0.0 0.0 0.0 0.0 0.0 0.0 0.0 0.0 0.0 0.0 0.0 0.0 0.0 0.0 0.0 0.0 0.0 0.0 0.0 0.0 0.0 0.0 0.0 0.0 0.0 0.0 0.0 0.0 0.0 0.0 0.0
324 0.0 0.0 0.0 0.0 0.0 0.0 0.0 0.0 0.0 0.0 0.0 0.0 0.0 0.0 0.0 0.0 0.0 0.0 0.0 0.0 0.0 0.0 0.0 0.0 0.0 0.0 0.0 0.0 0.0 0.0 0.0 0.0
327 0.0 0.0 0.0 0.0 0.0 0.0 0.0 0.0 0.0 0.0 0.0 0.0 0.0 0.0 0.0 0.0 0.0 0.0 0.0 0.0 0.0 0.0 0.0 0.0 0.0 0.0 0.0 0.0 0.0 0.0 0.0 0.0
330 0.0 0.0 0.0 0.0 0.0 0.0 0.0 0.0 0.0 0.0 0.0 0.0 0.0 0.0 0.0 0.0 0.0 0.0 0.0 0.0 0.0 0.0 0.0 0.0 0.0 0.0 0.0 0.0 0.0 0.0 0.0 0.0
333 0.0 0.0 0.0 0.0 0.0 0.0 0.0 0.0 0.0 0.0 0.0 0.0 0.0 0.0 0.0 0.0 0.0 0.0 0.0 0.0 0.0 0.0 0.0 0.0 0.0 0.0 0.0 0.0 0.0 0.0 0.0 0.0
336 0.0 0.0 0.0 0.0 0.0 0.0 0.0 0.0 0.0 0.0 0.0 0.0 0.0 0.0 0.0 0.0 0.0 0.0 0.0 0.0 0.0 0.0 0.0 0.0 0.0 0.0 0.0 0.0 0.0 0.0 0.0 0.0
339 0.0 0.0 0.0 0.0 0.0 0.0 0.0 0.0 0.0 0.0 0.0 0.0 0.0 0.0 0.0 0.0 0.0 0.0 0.0 0.0 0.0 0.0 0.0 0.0 0.0 0.0 0.0 0.0 0.0 0.0 0.0 0.0
342 0.0 0.0 0.0 0.0 0.0 0.0 0.0 0.0 0.0 0.0 0.0 0.0 0.0 0.0 0.0 0.0 0.0 0.0 0.0 0.0 0.0 0.0 0.0 0.0 0.0 0.0 0.0 0.0 0.0 0.0 0.0 0.0
345 0.0 0.0 0.0 0.0 0.0 0.0 0.0 0.0 0.0 0.0 0.0 0.0 0.0 0.0 0.0 0.0 0.0 0.0 0.0 0.0 0.0 0.0 0.0 0.0 0.0 0.0 0.0 0.0 0.0 0.0 0.0 0.0
348 0.0 0.0 0.0 0.0 0.0 0.0 0.0 0.0 0.0 0.0 0.0 0.0 0.0 0.0 0.0 0.0 0.0 0.0 0.0 0.0 0.0 0.0 0.0 0.0 0.0 0.0 0.0 0.0 0.0 0.0 0.0 0.0
351 0.0 0.0 0.0 0.0 0.0 0.0 0.0 0.0 0.0 0.0 0.0 0.0 0.0 0.0 0.0 0.0 0.0 0.0 0.0 0.0 0.0 0.0 0.0 0.0 0.0 0.0 0.0 0.0 0.0 0.0 0.0 0.0
354 0.0 0.0 0.0 0.0 0.0 0.0 0.0 0.0 0.0 0.0 0.0 0.0 0.0 0.0 0.0 0.0 0.0 0.0 0.0 0.0 0.0 0.0 0.0 0.0 0.0 0.0 0.0 0.0 0.0 0.0 0.0 0.0
357 0.0 0.0 0.0 0.0 0.0 0.0 0.0 0.0 0.0 0.0 0.0 0.0 0.0 0.0 0.0 0.0 1.0 0.0 0.0 0.0 0.0 0.0 0.0 0.0 0.0 0.0 0.0 0.0 0.0 0.0 0.0 0.0
