150 18710705.0 18711693.0 18710005.0 18700524.0 18707938.0 18701121.0 18704209.0 18701207.0 18704940.0 18698759.0 18705654.0 18700525.0 18705287.0 18706208.0 18705883.0 18698722.0 18706158.0 18705746.0 18705387.0 18705208.0 18699702.0 18704803.0 18698204.0 18703809.0 18700219.0 18704668.0 18699588.0 18701971.0 18699673.0 18705196.0 18705944.0 18708009.0
153 19104944.0 19104729.0 19103694.0 19094346.0 19101012.0 19094569.0 19098316.0 19094693.0 19098198.0 19093689.0 19099385.0 19094478.0 19098065.0 19099221.0 19098843.0 19093846.0 19099220.0 19098733.0 19098187.0 19098181.0 19094034.0 19098364.0 19093430.0 19097274.0 19094195.0 19098168.0 19093860.0 19096740.0 19093891.0 19097992.0 19098656.0 19100603.0
156 19567307.0 19561657.0 19561088.0 19549252.0 19557690.0 19549573.0 19554526.0 19549703.0 19555311.0 19548370.0 19556945.0 19549594.0 19554830.0 19557403.0 19555654.0 19549080.0 19555713.0 19556596.0 19555299.0 19554535.0 19549130.0 19555209.0 19548677.0 19552805.0 19549313.0 19553647.0 19549109.0 19552939.0 19549240.0 19553777.0 19554205.0 19555539.0
159 19844228.0 19838632.0 19838529.0 19832411.0 19837100.0 19833039.0 19835360.0 19833215.0 19836077.0 19830913.0 19836326.0 19832610.0 19835869.0 19836881.0 19836255.0 19831188.0 19836329.0 19836615.0 19835983.0 19835812.0 19832283.0 19835734.0 19831452.0 19834821.0 19832722.0 19835067.0 19832555.0 19834489.0 19832963.0 19835589.0 19835778.0 19835987.0
162 20093693.0 20090383.0 20090494.0 20087527.0 20089953.0 20087709.0 20089086.0 20087783.0 20089348.0 20087143.0 20089864.0 20087485.0 20089150.0 20089884.0 20089447.0 20086978.0 20089468.0 20089624.0 20089176.0 20089210.0 20087230.0 20089254.0 20086839.0 20088753.0 20087245.0 20088893.0 20087203.0 20088723.0 20087212.0 20088937.0 20088995.0 20089184.0
165 20241413.0 20239539.0 20239529.0 20238200.0 20239304.0 20238586.0 20238971.0 20238557.0 20238804.0 20238310.0 20239359.0 20238218.0 20238682.0 20239073.0 20238895.0 20238025.0 20239033.0 20238937.0 20238537.0 20238704.0 20237769.0 20238591.0 20237560.0 20238644.0 20237647.0 20238640.0 20237605.0 20238371.0 20237596.0 20238552.0 20238580.0 20238599.0
168 19864451.0 19831395.0 19829467.0 19803570.0 19820962.0 19797332.0 19813493.0 19801338.0 19810868.0 19802275.0 19814475.0 19802649.0 19808510.0 19810578.0 19806114.0 19802828.0 19805276.0 19806805.0 19801520.0 19800056.0 19795144.0 19798324.0 19792802.0 19795340.0 19792884.0 19795525.0 19791141.0 19794501.0 19791121.0 19794600.0 19795221.0 19795569.0
171 17868673.0 18006591.0 17833089.0 17136853.0 17742749.0 16825243.0 17671669.0 16943729.0 17627793.0 17010827.0 17676708.0 17104892.0 17605485.0 17545612.0 17451773.0 17357492.0 17363173.0 17609668.0 17524560.0 17403282.0 16995104.0 17476233.0 17161474.0 17187799.0 17129548.0 17322404.0 17058314.0 17399238.0 16981191.0 17368564.0 17464743.0 17678232.0
174 10156952.0 10024036.0 9853445.0 9944201.0 9927043.0 9397041.0 10041461.0 9661032.0 10122571.0 9900770.0 10249090.0 10070911.0 10158343.0 10064451.0 9928671.0 10654236.0 9651325.0 10301973.0 10118548.0 9854739.0 9646662.0 10042053.0 10201346.0 9333833.0 10101416.0 9570248.0 9871178.0 9780661.0 9522671.0 9636904.0 9800831.0 10186001.0
177 8827768.0 8517088.0 8334303.0 8633841.0 8431916.0 8071421.0 8543641.0 8320220.0 8622859.0 8580767.0 8760044.0 8746757.0 8663071.0 8548143.0 8445252.0 9374725.0 8130734.0 8806358.0 8617293.0 8355040.0 8307964.0 8547584.0 8875150.0 7834176.0 8809030.0 8050546.0 8573920.0 8265238.0 8179908.0 8100297.0 8257547.0 8656663.0
180 685254.0 778042.0 714854.0 764715.0 768934.0 648190.0 759989.0 672307.0 813895.0 729725.0 857276.0 766089.0 807882.0 761781.0 761959.0 930761.0 659023.0 840619.0 749864.0 713900.0 679696.0 756950.0 769922.0 644553.0 759409.0 637761.0 714687.0 689035.0 658188.0 653610.0 672001.0 795278.0
183 85574.0 111056.0 105218.0 123608.0 123810.0 101476.0 109063.0 94315.0 116783.0 105118.0 130420.0 107856.0 117847.0 110711.0 113395.0 133003.0 97030.0 125904.0 92944.0 126507.0 101129.0 109120.0 112659.0 149744.0 108477.0 103632.0 99963.0 102806.0 116224.0 104902.0 97765.0 131353.0
186 83445.0 90367.0 88415.0 99814.0 95947.0 94569.0 89933.0 85607.0 81608.0 92694.0 93820.0 85943.0 87233.0 92896.0 92318.0 88243.0 90818.0 87016.0 76615.0 116392.0 90831.0 93455.0 92728.0 148298.0 88449.0 97450.0 82638.0 89557.0 110638.0 94319.0 84508.0 101644.0
189 84074.0 90318.0 88790.0 99328.0 95324.0 94005.0 90154.0 85817.0 80969.0 92825.0 92392.0 85171.0 86566.0 91997.0 91866.0 87983.0 90567.0 86199.0 76179.0 116184.0 90676.0 91828.0 92702.0 146114.0 88181.0 97268.0 83141.0 89112.0 111227.0 93526.0 84612.0 100928.0
192 83499.0 90028.0 88258.0 99587.0 95926.0 93861.0 89697.0 85434.0 81444.0 92663.0 93202.0 85500.0 85957.0 93266.0 91884.0 87777.0 90068.0 85165.0 76586.0 116179.0 90648.0 92331.0 91946.0 148498.0 88063.0 97431.0 83073.0 89012.0 111971.0 93562.0 84290.0 100178.0
195 82792.0 89677.0 87811.0 99866.0 95384.0 94430.0 89660.0 84712.0 81063.0 92431.0 93329.0 85549.0 86926.0 92455.0 91141.0 87800.0 89882.0 85470.0 76199.0 114985.0 90060.0 92110.0 92662.0 146436.0 87700.0 96959.0 82920.0 88927.0 108558.0 93142.0 83773.0 100258.0
198 80644.0 89698.0 88307.0 98946.0 95024.0 93358.0 89776.0 84762.0 80409.0 92838.0 92698.0 85575.0 86714.0 92355.0 90786.0 87573.0 89823.0 84625.0 75513.0 114518.0 90623.0 92030.0 91740.0 146416.0 87115.0 96707.0 81368.0 89205.0 109152.0 92857.0 83468.0 99975.0
201 70496.0 89332.0 87871.0 98999.0 93626.0 92721.0 89316.0 84065.0 80080.0 91708.0 92166.0 84033.0 85122.0 90979.0 88826.0 87246.0 89467.0 84804.0 73048.0 110424.0 89282.0 91351.0 90727.0 142348.0 86099.0 96649.0 79860.0 88467.0 101387.0 90286.0 82725.0 100023.0
204 43073.0 87492.0 83500.0 105155.0 89785.0 87824.0 88312.0 79943.0 78246.0 90392.0 91684.0 79915.0 81169.0 86744.0 78449.0 85818.0 84129.0 82208.0 62790.0 92384.0 85953.0 89167.0 86704.0 131597.0 80908.0 94724.0 70847.0 86636.0 75206.0 81716.0 77623.0 97578.0
207 14463.0 76740.0 65371.0 89823.0 75485.0 69380.0 83939.0 62972.0 68946.0 83569.0 89546.0 65814.0 63368.0 69625.0 51287.0 81122.0 65432.0 70832.0 37392.0 52911.0 71924.0 77299.0 69502.0 95419.0 62314.0 87432.0 48375.0 76270.0 34198.0 54950.0 59047.0 89557.0
210 3909.0 48714.0 33309.0 64463.0 47294.0 36719.0 69484.0 32604.0 41946.0 61613.0 79521.0 37925.0 31626.0 36934.0 20722.0 61406.0 33162.0 43224.0 12603.0 17926.0 42729.0 47337.0 34776.0 44060.0 30372.0 65172.0 20656.0 51358.0 8946.0 22253.0 28197.0 67152.0
213 2311.0 16649.0 9299.0 25972.0 16125.0 10267.0 38152.0 8732.0 13049.0 27253.0 48958.0 12484.0 8118.0 10569.0 5206.0 28866.0 9166.0 13877.0 3391.0 4677.0 13412.0 14733.0 9042.0 12734.0 8088.0 28777.0 5138.0 19599.0 3372.0 5591.0 7228.0 31162.0
216 1942.0 4330.0 3208.0 6302.0 4214.0 3250.0 11410.0 2945.0 3284.0 6901.0 14926.0 3573.0 2973.0 3366.0 2640.0 7334.0 3113.0 3549.0 2036.0 3052.0 3785.0 3790.0 3187.0 4446.0 2902.0 7407.0 2469.0 4781.0 2556.0 2731.0 2731.0 8177.0
219 1708.0 2670.0 2466.0 3187.0 2651.0 2664.0 3701.0 2430.0 2252.0 3180.0 4082.0 2369.0 2374.0 2513.0 2365.0 3036.0 2497.0 2460.0 1911.0 2720.0 2675.0 2607.0 2587.0 3534.0 2367.0 3344.0 2119.0 2757.0 2264.0 2458.0 2176.0 3480.0
222 1457.0 2325.0 2085.0 2740.0 2350.0 2325.0 2736.0 2099.0 2002.0 2612.0 2782.0 1980.0 2115.0 2231.0 2031.0 2438.0 2246.0 2141.0 1639.0 2224.0 2304.0 2366.0 2327.0 3073.0 2056.0 2744.0 1896.0 2292.0 2025.0 2031.0 1970.0 2714.0
225 1358.0 2030.0 1850.0 2503.0 2086.0 2068.0 2450.0 1847.0 1776.0 2322.0 2621.0 1730.0 1816.0 1958.0 1759.0 2288.0 1987.0 1833.0 1430.0 1893.0 2056.0 2086.0 2011.0 2695.0 1831.0 2432.0 1593.0 2057.0 1801.0 1831.0 1780.0 2297.0
228 1300.0 1708.0 1692.0 2187.0 1787.0 1787.0 2114.0 1614.0 1533.0 1968.0 2199.0 1491.0 1596.0 1735.0 1547.0 1962.0 1788.0 1689.0 1279.0 1850.0 1707.0 1862.0 1810.0 2556.0 1700.0 2171.0 1462.0 1750.0 1657.0 1645.0 1606.0 2105.0
231 1267.0 1612.0 1585.0 1949.0 1633.0 1667.0 1823.0 1448.0 1373.0 1842.0 1947.0 1429.0 1556.0 1589.0 1428.0 1789.0 1602.0 1441.0 1270.0 1737.0 1667.0 1646.0 1764.0 2257.0 1464.0 1998.0 1433.0 1641.0 1608.0 1593.0 1418.0 1963.0
234 1245.0 1621.0 1542.0 2053.0 1614.0 1607.0 1757.0 1449.0 1329.0 1699.0 1824.0 1363.0 1403.0 1483.0 1410.0 1623.0 1593.0 1443.0 1246.0 1786.0 1532.0 1602.0 1661.0 2174.0 1482.0 1900.0 1359.0 1574.0 1535.0 1638.0 1410.0 1783.0
237 1186.0 1542.0 1525.0 1839.0 1456.0 1539.0 1650.0 1453.0 1275.0 1719.0 1742.0 1362.0 1481.0 1474.0 1417.0 1599.0 1597.0 1386.0 1279.0 1711.0 1539.0 1528.0 1606.0 2241.0 1523.0 1785.0 1313.0 1521.0 1427.0 1516.0 1450.0 1739.0
240 1077.0 1470.0 1454.0 1936.0 1542.0 1492.0 1629.0 1364.0 1266.0 1694.0 1648.0 1413.0 1360.0 1450.0 1386.0 1619.0 1540.0 1393.0 1061.0 1646.0 1531.0 1529.0 1623.0 2241.0 1357.0 1771.0 1307.0 1510.0 1502.0 1475.0 1398.0 1793.0
243 888.0 1425.0 1461.0 1780.0 1500.0 1505.0 1607.0 1353.0 1188.0 1686.0 1680.0 1313.0 1377.0 1368.0 1372.0 1460.0 1477.0 1328.0 1081.0 1546.0 1468.0 1492.0 1462.0 2043.0 1369.0 1705.0 1248.0 1477.0 1312.0 1393.0 1330.0 1694.0
246 584.0 1419.0 1296.0 1718.0 1384.0 1510.0 1634.0 1279.0 1175.0 1694.0 1619.0 1181.0 1353.0 1434.0 1168.0 1516.0 1413.0 1331.0 947.0 1342.0 1406.0 1415.0 1482.0 1949.0 1340.0 1669.0 1215.0 1478.0 1111.0 1283.0 1304.0 1604.0
249 270.0 1351.0 1268.0 1665.0 1277.0 1396.0 1541.0 1225.0 1181.0 1591.0 1587.0 1182.0 1188.0 1281.0 1007.0 1476.0 1305.0 1174.0 713.0 1075.0 1371.0 1353.0 1348.0 1740.0 1189.0 1642.0 956.0 1423.0 650.0 1071.0 1129.0 1562.0
252 77.0 1202.0 1025.0 1529.0 1122.0 1113.0 1432.0 1009.0 982.0 1497.0 1503.0 913.0 935.0 1019.0 730.0 1368.0 1102.0 1000.0 398.0 690.0 1151.0 1296.0 1015.0 1602.0 965.0 1580.0 661.0 1266.0 272.0 712.0 799.0 1399.0
255 59.0 999.0 634.0 1273.0 936.0 832.0 1378.0 675.0 759.0 1271.0 1401.0 683.0 531.0 666.0 417.0 1207.0 736.0 810.0 188.0 278.0 873.0 948.0 635.0 1168.0 588.0 1415.0 350.0 1034.0 99.0 361.0 452.0 1233.0
258 36.0 505.0 225.0 795.0 414.0 375.0 1050.0 272.0 318.0 843.0 1200.0 303.0 133.0 250.0 122.0 767.0 307.0 307.0 65.0 99.0 442.0 423.0 209.0 441.0 207.0 902.0 113.0 536.0 43.0 98.0 133.0 789.0
261 32.0 182.0 84.0 331.0 167.0 115.0 655.0 114.0 91.0 491.0 795.0 120.0 52.0 107.0 51.0 414.0 107.0 101.0 35.0 65.0 152.0 148.0 83.0 162.0 73.0 521.0 34.0 227.0 48.0 41.0 51.0 461.0
264 29.0 54.0 59.0 131.0 65.0 45.0 302.0 56.0 50.0 206.0 426.0 45.0 54.0 40.0 52.0 157.0 61.0 53.0 42.0 42.0 66.0 68.0 64.0 104.0 58.0 216.0 42.0 100.0 49.0 45.0 41.0 179.0
267 32.0 51.0 54.0 71.0 45.0 66.0 105.0 44.0 46.0 78.0 130.0 35.0 49.0 54.0 47.0 69.0 53.0 48.0 31.0 51.0 60.0 58.0 45.0 83.0 56.0 106.0 42.0 65.0 32.0 34.0 46.0 78.0
270 34.0 43.0 40.0 79.0 36.0 62.0 64.0 46.0 37.0 59.0 80.0 47.0 43.0 50.0 45.0 67.0 42.0 44.0 30.0 53.0 40.0 43.0 46.0 79.0 47.0 66.0 47.0 63.0 35.0 44.0 44.0 75.0
273 18.0 42.0 34.0 70.0 46.0 42.0 62.0 52.0 44.0 67.0 48.0 32.0 36.0 46.0 37.0 46.0 44.0 53.0 29.0 44.0 51.0 59.0 44.0 73.0 36.0 47.0 41.0 56.0 38.0 31.0 48.0 63.0
276 29.0 29.0 37.0 55.0 58.0 49.0 53.0 45.0 24.0 58.0 63.0 35.0 37.0 40.0 34.0 38.0 33.0 34.0 24.0 46.0 31.0 44.0 60.0 56.0 38.0 56.0 37.0 42.0 31.0 39.0 38.0 54.0
279 19.0 41.0 38.0 53.0 38.0 53.0 42.0 34.0 39.0 53.0 54.0 37.0 39.0 41.0 40.0 46.0 53.0 39.0 27.0 40.0 47.0 42.0 42.0 49.0 32.0 55.0 25.0 47.0 29.0 39.0 51.0 40.0
282 15.0 41.0 37.0 49.0 44.0 39.0 57.0 42.0 34.0 45.0 49.0 36.0 38.0 35.0 36.0 33.0 43.0 40.0 22.0 40.0 40.0 33.0 37.0 60.0 31.0 61.0 30.0 36.0 27.0 38.0 33.0 42.0
285 20.0 33.0 27.0 49.0 34.0 39.0 38.0 32.0 23.0 47.0 38.0 41.0 30.0 33.0 22.0 36.0 29.0 30.0 25.0 41.0 41.0 23.0 46.0 53.0 31.0 44.0 29.0 36.0 32.0 25.0 37.0 48.0
288 11.0 37.0 37.0 50.0 41.0 41.0 46.0 39.0 21.0 47.0 51.0 32.0 27.0 41.0 22.0 37.0 34.0 25.0 8.0 21.0 41.0 38.0 34.0 63.0 37.0 51.0 30.0 32.0 18.0 24.0 33.0 36.0
291 2.0 44.0 40.0 33.0 28.0 37.0 41.0 36.0 36.0 41.0 34.0 20.0 26.0 34.0 26.0 39.0 20.0 33.0 15.0 19.0 38.0 32.0 31.0 41.0 27.0 51.0 18.0 31.0 17.0 31.0 30.0 38.0
294 0.0 24.0 35.0 43.0 38.0 29.0 46.0 20.0 17.0 36.0 48.0 30.0 26.0 23.0 17.0 41.0 31.0 29.0 9.0 12.0 26.0 32.0 24.0 49.0 24.0 40.0 16.0 23.0 10.0 21.0 23.0 39.0
297 6.0 23.0 23.0 37.0 23.0 31.0 40.0 22.0 41.0 49.0 51.0 25.0 17.0 20.0 12.0 59.0 26.0 21.0 8.0 10.0 28.0 24.0 19.0 39.0 23.0 33.0 14.0 25.0 1.0 7.0 12.0 34.0
300 3.0 21.0 14.0 34.0 20.0 17.0 38.0 14.0 15.0 29.0 51.0 8.0 7.0 7.0 7.0 30.0 16.0 8.0 3.0 7.0 21.0 21.0 10.0 32.0 10.0 31.0 5.0 24.0 1.0 4.0 10.0 30.0
303 0.0 14.0 11.0 33.0 12.0 14.0 29.0 7.0 9.0 30.0 35.0 7.0 5.0 8.0 7.0 23.0 11.0 7.0 3.0 4.0 18.0 12.0 5.0 13.0 12.0 28.0 5.0 20.0 0.0 5.0 3.0 21.0
306 0.0 7.0 6.0 22.0 4.0 4.0 21.0 3.0 6.0 15.0 22.0 5.0 4.0 7.0 7.0 18.0 11.0 6.0 1.0 3.0 11.0 6.0 4.0 9.0 3.0 22.0 2.0 8.0 2.0 1.0 2.0 18.0
309 0.0 5.0 1.0 9.0 1.0 2.0 12.0 0.0 3.0 12.0 28.0 6.0 2.0 2.0 0.0 10.0 3.0 1.0 0.0 1.0 2.0 2.0 0.0 5.0 4.0 10.0 3.0 0.0 1.0 1.0 4.0 6.0
312 3.0 2.0 4.0 6.0 3.0 3.0 13.0 5.0 1.0 12.0 23.0 5.0 1.0 0.0 4.0 8.0 4.0 3.0 3.0 5.0 5.0 7.0 3.0 5.0 2.0 9.0 2.0 3.0 3.0 1.0 1.0 4.0
315 0.0 2.0 2.0 0.0 1.0 4.0 2.0 1.0 1.0 4.0 4.0 2.0 2.0 0.0 1.0 2.0 2.0 1.0 1.0 0.0 2.0 1.0 4.0 4.0 2.0 7.0 1.0 2.0 3.0 0.0 0.0 5.0
318 3.0 3.0 2.0 5.0 5.0 3.0 2.0 0.0 2.0 4.0 3.0 2.0 2.0 1.0 6.0 3.0 1.0 2.0 2.0 3.0 3.0 4.0 2.0 1.0 3.0 4.0 2.0 4.0 2.0 2.0 2.0 2.0
321 2.0 2.0 0.0 2.0 4.0 1.0 2.0 1.0 0.0 0.0 3.0 0.0 0.0 2.0 2.0 2.0 3.0 1.0 2.0 1.0 5.0 3.0 2.0 2.0 0.0 3.0 0.0 1.0 2.0 2.0 0.0 1.0
324 0.0 0.0 2.0 2.0 3.0 3.0 1.0 5.0 1.0 3.0 1.0 1.0 2.0 2.0 3.0 2.0 1.0 0.0 1.0 1.0 4.0 6.0 1.0 3.0 3.0 4.0 2.0 0.0 2.0 4.0 0.0 2.0
327 1.0 4.0 1.0 0.0 2.0 4.0 3.0 3.0 2.0 3.0 4.0 1.0 3.0 1.0 0.0 1.0 1.0 3.0 0.0 1.0 2.0 0.0 3.0 4.0 2.0 3.0 4.0 0.0 0.0 2.0 1.0 0.0
330 1.0 3.0 2.0 3.0 0.0 3.0 2.0 2.0 1.0 4.0 1.0 1.0 2.0 0.0 2.0 3.0 5.0 1.0 2.0 0.0 1.0 0.0 0.0 0.0 1.0 1.0 0.0 2.0 1.0 2.0 1.0 3.0
333 1.0 1.0 4.0 5.0 4.0 5.0 2.0 2.0 2.0 2.0 3.0 1.0 3.0 1.0 3.0 2.0 1.0 3.0 3.0 5.0 1.0 6.0 4.0 7.0 4.0 3.0 1.0 2.0 3.0 5.0 5.0 5.0
336 0.0 0.0 1.0 3.0 0.0 0.0 2.0 3.0 0.0 2.0 1.0 1.0 0.0 1.0 1.0 2.0 5.0 1.0 0.0 2.0 1.0 0.0 0.0 2.0 1.0 1.0 1.0 2.0 0.0 1.0 0.0 1.0
339 3.0 3.0 3.0 1.0 2.0 0.0 1.0 2.0 5.0 2.0 2.0 0.0 1.0 2.0 3.0 3.0 0.0 1.0 0.0 0.0 1.0 0.0 1.0 1.0 1.0 1.0 2.0 3.0 2.0 0.0 0.0 2.0
342 0.0 1.0 1.0 3.0 1.0 0.0 1.0 0.0 2.0 1.0 1.0 1.0 0.0 0.0 1.0 1.0 1.0 2.0 0.0 0.0 3.0 0.0 0.0 3.0 1.0 0.0 0.0 3.0 0.0 0.0 0.0 2.0
345 2.0 3.0 1.0 2.0 2.0 2.0 4.0 6.0 3.0 2.0 1.0 4.0 2.0 3.0 0.0 1.0 1.0 2.0 3.0 0.0 3.0 2.0 1.0 1.0 0.0 2.0 0.0 1.0 1.0 1.0 2.0 5.0
348 1.0 2.0 0.0 2.0 1.0 4.0 2.0 1.0 3.0 2.0 2.0 1.0 2.0 1.0 1.0 1.0 0.0 1.0 2.0 0.0 2.0 1.0 2.0 1.0 2.0 4.0 0.0 1.0 0.0 0.0 0.0 2.0
351 0.0 1.0 1.0 0.0 2.0 0.0 0.0 1.0 1.0 2.0 2.0 0.0 0.0 0.0 0.0 1.0 0.0 2.0 2.0 3.0 1.0 0.0 1.0 3.0 1.0 1.0 1.0 0.0 0.0 0.0 0.0 2.0
354 0.0 2.0 0.0 1.0 0.0 0.0 3.0 1.0 1.0 1.0 2.0 2.0 1.0 0.0 0.0 0.0 0.0 1.0 1.0 0.0 2.0 2.0 3.0 1.0 0.0 4.0 1.0 0.0 0.0 3.0 1.0 0.0
357 0.0 1.0 0.0 0.0 0.0 1.0 0.0 2.0 1.0 0.0 0.0 1.0 1.0 0.0 0.0 0.0 1.0 0.0 0.0 1.0 0.0 0.0 0.0 1.0 0.0 1.0 0.0 0.0 3.0 1.0 1.0 1.0
