150 18714016.0 18714928.0 18710623.0 18701793.0 18709055.0 18701701.0 18705311.0 18701306.0 18702532.0 18700284.0 18704626.0 18695452.0 18705262.0 18705242.0 18701791.0 18696612.0 18706181.0 18704473.0 18704546.0 18702631.0 18698742.0 18703920.0 18698140.0 18703948.0 18698408.0 18704081.0 18693074.0 18703345.0 18697084.0 18702786.0 18705144.0 18705720.0
153 19103007.0 19104339.0 19101473.0 19095040.0 19099798.0 19094878.0 19097508.0 19094786.0 19096408.0 19094393.0 19097064.0 19091678.0 19097605.0 19097852.0 19096432.0 19092659.0 19097954.0 19096960.0 19096870.0 19096267.0 19093858.0 19096848.0 19093348.0 19096829.0 19093511.0 19096697.0 19089947.0 19096913.0 19092720.0 19096107.0 19098050.0 19097921.0
156 19555925.0 19557256.0 19554710.0 19550574.0 19553603.0 19550547.0 19551971.0 19550338.0 19551435.0 19550157.0 19551806.0 19549003.0 19552415.0 19552748.0 19551866.0 19549383.0 19552451.0 19552244.0 19551862.0 19551262.0 19549745.0 19551831.0 19549577.0 19551830.0 19549645.0 19551716.0 19547787.0 19551968.0 19549278.0 19551406.0 19553077.0 19552739.0
159 19840720.0 19841602.0 19839422.0 19836583.0 19838581.0 19837119.0 19837282.0 19836871.0 19836337.0 19836486.0 19837103.0 19834821.0 19837554.0 19837457.0 19836422.0 19834782.0 19837892.0 19837494.0 19837253.0 19836549.0 19835611.0 19837231.0 19835134.0 19837275.0 19835326.0 19837255.0 19833441.0 19837389.0 19835070.0 19837067.0 19838438.0 19838184.0
162 20174160.0 20174960.0 20173612.0 20172292.0 20173491.0 20172388.0 20172555.0 20172040.0 20171448.0 20171544.0 20172742.0 20168997.0 20173026.0 20172459.0 20171630.0 20170426.0 20173245.0 20172502.0 20172374.0 20171716.0 20170539.0 20171964.0 20170215.0 20172104.0 20170218.0 20171974.0 20167981.0 20171979.0 20170136.0 20171710.0 20172545.0 20172192.0
165 20266143.0 20267406.0 20265849.0 20265198.0 20265604.0 20265398.0 20264329.0 20264952.0 20263736.0 20264163.0 20264017.0 20263004.0 20263992.0 20263597.0 20263563.0 20262444.0 20263442.0 20263146.0 20262725.0 20262504.0 20261256.0 20262259.0 20260669.0 20262254.0 20260827.0 20261984.0 20259660.0 20262104.0 20260759.0 20261782.0 20262391.0 20261995.0
168 20028851.0 20032752.0 20014729.0 19952088.0 20011098.0 19923571.0 19997162.0 19916503.0 19986386.0 19914581.0 19990550.0 19953289.0 19992808.0 19987979.0 19987245.0 19970678.0 19988933.0 19984924.0 19980258.0 19962457.0 19919139.0 19959990.0 19910194.0 19947764.0 19914629.0 19949955.0 19915849.0 19951373.0 19922002.0 19944413.0 19953807.0 19961873.0
171 12441129.0 12406530.0 12149364.0 11342767.0 12148056.0 11173076.0 12043748.0 11116574.0 11892247.0 11192241.0 12007471.0 11783664.0 11991879.0 11984565.0 12044656.0 12229402.0 12043180.0 12260356.0 12139476.0 11724674.0 11447551.0 11746298.0 11339434.0 11435376.0 11359855.0 11563395.0 11508064.0 11624400.0 11551013.0 11469142.0 11583785.0 11942901.0
174 9198527.0 9289449.0 9202963.0 9456485.0 9376990.0 9403461.0 9385696.0 9343177.0 9402345.0 9409298.0 9554822.0 9995607.0 9589554.0 9556375.0 9675531.0 10426060.0 9634334.0 9904255.0 9708059.0 9327589.0 9637738.0 9345276.0 9543509.0 9023325.0 9526218.0 9104628.0 9752909.0 9164055.0 9751066.0 8996023.0 9056989.0 9317199.0
177 6667426.0 6752997.0 6679784.0 7045508.0 6848187.0 7030370.0 6855316.0 6989518.0 6898992.0 7039360.0 7042935.0 7581060.0 7078653.0 7046926.0 7187622.0 7958683.0 7109139.0 7377032.0 7183611.0 6852145.0 7253458.0 6888266.0 7166904.0 6578911.0 7161312.0 6646024.0 7395701.0 6705005.0 7355100.0 6550191.0 6572854.0 6813596.0
180 172435.0 207098.0 190027.0 195226.0 202907.0 195502.0 218417.0 186668.0 232706.0 204429.0 264608.0 302336.0 216637.0 248219.0 299098.0 335906.0 213776.0 261303.0 244329.0 228443.0 224194.0 233979.0 221731.0 201746.0 210643.0 195619.0 293529.0 227310.0 246276.0 190953.0 184018.0 212255.0
183 83473.0 99494.0 84924.0 82654.0 89229.0 80623.0 98242.0 84833.0 100488.0 87909.0 130834.0 99767.0 93176.0 97746.0 118376.0 105380.0 91840.0 91925.0 95440.0 100837.0 90468.0 92329.0 93424.0 99094.0 86725.0 86246.0 117048.0 107225.0 91044.0 87329.0 88200.0 95314.0
186 82902.0 98241.0 82631.0 81205.0 87210.0 78337.0 95776.0 83536.0 97069.0 85927.0 126895.0 91754.0 92559.0 93395.0 111484.0 96045.0 90398.0 86794.0 91130.0 96640.0 87041.0 85576.0 89314.0 97613.0 83473.0 82927.0 107279.0 101209.0 83868.0 84273.0 85355.0 89434.0
189 82515.0 98570.0 82327.0 80862.0 87212.0 78727.0 95811.0 83838.0 97499.0 85255.0 126059.0 91187.0 92075.0 93323.0 111277.0 96207.0 90172.0 86434.0 90145.0 96117.0 86284.0 85968.0 91978.0 97910.0 83566.0 82316.0 106659.0 101942.0 83758.0 83507.0 84691.0 89314.0
192 83162.0 98126.0 82185.0 80920.0 87701.0 78215.0 96444.0 83441.0 97245.0 85456.0 126011.0 91191.0 92012.0 92434.0 111603.0 95755.0 89827.0 86395.0 90331.0 95918.0 86609.0 85702.0 89626.0 97025.0 83629.0 83108.0 106486.0 102053.0 83343.0 83423.0 85029.0 88753.0
195 82126.0 97649.0 82772.0 80473.0 87340.0 77747.0 95232.0 83241.0 96841.0 85820.0 125188.0 90855.0 92141.0 92921.0 110687.0 95619.0 88493.0 86412.0 90635.0 95685.0 86156.0 85637.0 91287.0 97243.0 83113.0 82378.0 105960.0 100767.0 83284.0 83159.0 85610.0 88413.0
198 84293.0 97479.0 82884.0 80149.0 86669.0 76360.0 94811.0 82479.0 96791.0 84797.0 125760.0 90713.0 91250.0 93211.0 110688.0 96277.0 87885.0 85721.0 89868.0 95751.0 86588.0 84720.0 90284.0 96330.0 82791.0 80092.0 105904.0 100904.0 83194.0 82976.0 84447.0 87246.0
201 78724.0 95267.0 81779.0 77481.0 85939.0 69343.0 93339.0 78699.0 96117.0 81753.0 122982.0 90580.0 89837.0 92299.0 110632.0 94700.0 79868.0 83945.0 88024.0 94435.0 83906.0 83366.0 87177.0 91552.0 79878.0 72859.0 105376.0 97652.0 80023.0 79683.0 82366.0 79742.0
204 57013.0 84337.0 75658.0 63600.0 81963.0 47437.0 85125.0 63021.0 95087.0 70779.0 104355.0 89548.0 82475.0 87348.0 108702.0 92180.0 53527.0 75044.0 79331.0 87950.0 73246.0 75924.0 72384.0 75669.0 66995.0 52500.0 101082.0 87025.0 67776.0 69888.0 73860.0 60688.0
207 22919.0 51710.0 56588.0 32075.0 63189.0 17860.0 56562.0 30769.0 89118.0 43392.0 58297.0 86044.0 58088.0 69536.0 103780.0 77840.0 19492.0 48204.0 51376.0 65351.0 43235.0 53160.0 41814.0 38310.0 38462.0 23745.0 82735.0 53835.0 38197.0 44249.0 49020.0 30686.0
210 6291.0 18991.0 27769.0 8858.0 30951.0 4612.0 21103.0 8829.0 68714.0 16152.0 18099.0 72618.0 23769.0 36529.0 84459.0 44751.0 5159.0 17606.0 19031.0 31920.0 14589.0 23730.0 15009.0 11204.0 13104.0 6881.0 45215.0 19193.0 12738.0 17895.0 19977.0 10047.0
213 2733.0 4557.0 7012.0 2768.0 6967.0 2215.0 4889.0 2897.0 30331.0 4233.0 4779.0 38730.0 5222.0 9361.0 42633.0 11884.0 2737.0 4126.0 4441.0 7852.0 3650.0 5797.0 3835.0 3430.0 3459.0 2537.0 11787.0 4566.0 3445.0 4357.0 4847.0 3149.0
216 2283.0 2769.0 2754.0 2352.0 2947.0 1967.0 3006.0 2349.0 8104.0 2499.0 3543.0 11692.0 2792.0 3275.0 12083.0 3794.0 2402.0 2609.0 2875.0 3166.0 2505.0 2741.0 2597.0 2635.0 2497.0 2206.0 3883.0 2978.0 2401.0 2475.0 2665.0 2383.0
219 1995.0 2546.0 2211.0 2038.0 2536.0 1752.0 2641.0 2074.0 3362.0 2268.0 3129.0 3705.0 2411.0 2490.0 4351.0 2804.0 2047.0 2319.0 2516.0 2607.0 2284.0 2311.0 2418.0 2296.0 2281.0 1916.0 2989.0 2648.0 2072.0 2101.0 2358.0 2190.0
222 1695.0 2222.0 2069.0 1919.0 2269.0 1535.0 2354.0 1803.0 2916.0 1879.0 2634.0 2614.0 2104.0 2259.0 3283.0 2523.0 1754.0 2025.0 2266.0 2334.0 2036.0 2004.0 2134.0 2012.0 1918.0 1700.0 2613.0 2237.0 1831.0 1880.0 2162.0 1851.0
225 1515.0 1877.0 1732.0 1600.0 1940.0 1334.0 2039.0 1580.0 2484.0 1721.0 2317.0 2441.0 1881.0 2051.0 2976.0 2196.0 1717.0 1690.0 1941.0 2074.0 1708.0 1821.0 1862.0 1767.0 1662.0 1482.0 2418.0 1939.0 1680.0 1572.0 1738.0 1653.0
228 1504.0 1724.0 1546.0 1529.0 1725.0 1269.0 1864.0 1473.0 2258.0 1607.0 2147.0 2203.0 1708.0 1814.0 2635.0 1902.0 1558.0 1586.0 1787.0 1814.0 1624.0 1579.0 1695.0 1574.0 1644.0 1333.0 2129.0 1736.0 1517.0 1516.0 1647.0 1530.0
231 1416.0 1686.0 1479.0 1383.0 1696.0 1235.0 1823.0 1472.0 1916.0 1555.0 2067.0 1893.0 1525.0 1689.0 2245.0 1788.0 1537.0 1438.0 1685.0 1750.0 1547.0 1517.0 1576.0 1599.0 1478.0 1359.0 1949.0 1679.0 1514.0 1489.0 1625.0 1474.0
234 1396.0 1608.0 1426.0 1466.0 1694.0 1160.0 1840.0 1474.0 1831.0 1474.0 2059.0 1851.0 1597.0 1642.0 2088.0 1765.0 1505.0 1440.0 1673.0 1702.0 1522.0 1447.0 1646.0 1525.0 1493.0 1344.0 1937.0 1623.0 1470.0 1472.0 1488.0 1349.0
237 1389.0 1556.0 1339.0 1442.0 1623.0 1110.0 1761.0 1434.0 1833.0 1509.0 1900.0 1761.0 1571.0 1564.0 2054.0 1769.0 1405.0 1442.0 1568.0 1578.0 1457.0 1424.0 1489.0 1518.0 1549.0 1273.0 1885.0 1639.0 1397.0 1416.0 1515.0 1468.0
240 1332.0 1582.0 1408.0 1380.0 1510.0 1110.0 1741.0 1361.0 1812.0 1385.0 1965.0 1659.0 1505.0 1561.0 1972.0 1644.0 1406.0 1422.0 1605.0 1601.0 1416.0 1357.0 1566.0 1423.0 1497.0 1223.0 1751.0 1559.0 1376.0 1423.0 1501.0 1448.0
243 1215.0 1568.0 1400.0 1319.0 1575.0 1012.0 1712.0 1284.0 1805.0 1375.0 1823.0 1705.0 1468.0 1542.0 2036.0 1631.0 1261.0 1347.0 1579.0 1514.0 1296.0 1323.0 1385.0 1486.0 1385.0 1128.0 1763.0 1487.0 1330.0 1377.0 1476.0 1260.0
246 1020.0 1446.0 1315.0 1159.0 1514.0 781.0 1509.0 1106.0 1764.0 1297.0 1736.0 1685.0 1404.0 1460.0 1897.0 1587.0 1078.0 1291.0 1436.0 1520.0 1264.0 1324.0 1279.0 1235.0 1242.0 896.0 1679.0 1456.0 1079.0 1222.0 1407.0 1094.0
249 674.0 1177.0 1277.0 910.0 1366.0 501.0 1483.0 972.0 1677.0 1099.0 1323.0 1619.0 1303.0 1329.0 1962.0 1602.0 705.0 1071.0 1263.0 1376.0 1061.0 1197.0 1130.0 1013.0 1067.0 638.0 1579.0 1273.0 921.0 1052.0 1246.0 741.0
252 322.0 923.0 980.0 545.0 1272.0 200.0 1055.0 567.0 1641.0 832.0 825.0 1631.0 1080.0 1291.0 1791.0 1433.0 327.0 830.0 953.0 1177.0 750.0 938.0 732.0 609.0 725.0 340.0 1447.0 892.0 590.0 818.0 958.0 458.0
255 128.0 475.0 722.0 193.0 884.0 66.0 591.0 262.0 1494.0 498.0 364.0 1506.0 734.0 901.0 1783.0 1077.0 107.0 405.0 508.0 822.0 355.0 554.0 395.0 276.0 349.0 140.0 1100.0 520.0 301.0 506.0 676.0 225.0
258 65.0 183.0 333.0 75.0 408.0 39.0 204.0 63.0 1183.0 154.0 135.0 1265.0 308.0 539.0 1460.0 647.0 63.0 141.0 168.0 424.0 109.0 309.0 134.0 89.0 126.0 52.0 619.0 162.0 107.0 183.0 258.0 72.0
261 43.0 79.0 150.0 52.0 138.0 21.0 88.0 48.0 833.0 79.0 69.0 1043.0 104.0 175.0 1110.0 258.0 48.0 64.0 81.0 170.0 60.0 92.0 51.0 57.0 59.0 46.0 216.0 61.0 65.0 82.0 104.0 68.0
264 36.0 53.0 66.0 40.0 62.0 27.0 65.0 53.0 423.0 45.0 65.0 675.0 47.0 76.0 704.0 96.0 50.0 55.0 52.0 81.0 45.0 44.0 57.0 38.0 43.0 45.0 81.0 47.0 40.0 43.0 59.0 37.0
267 39.0 43.0 43.0 38.0 53.0 34.0 61.0 45.0 145.0 49.0 46.0 286.0 40.0 52.0 304.0 64.0 36.0 52.0 61.0 62.0 46.0 39.0 51.0 49.0 47.0 38.0 78.0 68.0 49.0 33.0 48.0 41.0
270 40.0 44.0 36.0 38.0 50.0 33.0 62.0 43.0 95.0 39.0 56.0 104.0 47.0 48.0 134.0 56.0 42.0 39.0 48.0 46.0 45.0 44.0 60.0 43.0 39.0 42.0 65.0 37.0 31.0 42.0 49.0 32.0
273 40.0 36.0 29.0 41.0 47.0 32.0 49.0 37.0 78.0 44.0 47.0 66.0 44.0 38.0 80.0 50.0 32.0 34.0 51.0 50.0 40.0 37.0 33.0 38.0 48.0 31.0 52.0 36.0 34.0 33.0 58.0 49.0
276 28.0 52.0 40.0 32.0 41.0 22.0 52.0 37.0 58.0 37.0 53.0 62.0 41.0 40.0 74.0 60.0 47.0 49.0 51.0 40.0 37.0 41.0 56.0 40.0 49.0 27.0 48.0 39.0 41.0 30.0 48.0 37.0
279 32.0 33.0 41.0 33.0 59.0 36.0 45.0 26.0 57.0 31.0 59.0 49.0 34.0 45.0 77.0 48.0 25.0 35.0 39.0 48.0 38.0 28.0 48.0 41.0 43.0 35.0 51.0 41.0 33.0 36.0 33.0 41.0
282 31.0 42.0 40.0 14.0 49.0 17.0 52.0 51.0 56.0 44.0 37.0 48.0 34.0 42.0 61.0 45.0 25.0 33.0 46.0 43.0 40.0 23.0 33.0 32.0 49.0 32.0 54.0 38.0 32.0 26.0 42.0 41.0
285 34.0 34.0 39.0 38.0 44.0 19.0 51.0 36.0 49.0 34.0 41.0 39.0 44.0 30.0 48.0 43.0 30.0 35.0 45.0 43.0 35.0 28.0 30.0 35.0 46.0 21.0 50.0 28.0 37.0 36.0 35.0 30.0
288 20.0 45.0 26.0 29.0 24.0 24.0 41.0 35.0 43.0 26.0 38.0 42.0 28.0 35.0 56.0 55.0 23.0 27.0 51.0 42.0 31.0 33.0 35.0 37.0 23.0 19.0 34.0 31.0 36.0 26.0 32.0 28.0
291 14.0 32.0 26.0 25.0 33.0 12.0 45.0 28.0 54.0 31.0 31.0 49.0 32.0 37.0 37.0 35.0 18.0 28.0 37.0 41.0 36.0 30.0 33.0 24.0 25.0 17.0 49.0 30.0 26.0 27.0 29.0 21.0
294 6.0 27.0 23.0 11.0 36.0 4.0 28.0 16.0 42.0 24.0 20.0 65.0 32.0 30.0 65.0 51.0 12.0 12.0 34.0 28.0 9.0 25.0 30.0 16.0 21.0 10.0 37.0 28.0 19.0 20.0 24.0 16.0
297 5.0 13.0 30.0 11.0 28.0 7.0 28.0 8.0 44.0 21.0 17.0 40.0 28.0 27.0 62.0 43.0 4.0 22.0 18.0 28.0 17.0 20.0 16.0 17.0 22.0 3.0 42.0 21.0 12.0 26.0 18.0 8.0
300 2.0 9.0 14.0 3.0 30.0 2.0 15.0 4.0 38.0 15.0 12.0 41.0 10.0 27.0 54.0 31.0 4.0 13.0 10.0 27.0 14.0 9.0 8.0 11.0 9.0 1.0 15.0 8.0 9.0 10.0 13.0 6.0
303 4.0 4.0 7.0 3.0 14.0 4.0 7.0 3.0 27.0 4.0 7.0 35.0 7.0 10.0 45.0 27.0 3.0 7.0 6.0 22.0 3.0 10.0 4.0 3.0 2.0 4.0 28.0 6.0 2.0 8.0 14.0 1.0
306 0.0 2.0 2.0 3.0 6.0 1.0 4.0 1.0 29.0 5.0 3.0 39.0 10.0 8.0 54.0 16.0 1.0 1.0 4.0 7.0 2.0 7.0 2.0 3.0 2.0 3.0 16.0 2.0 2.0 3.0 2.0 4.0
309 3.0 5.0 6.0 3.0 4.0 3.0 6.0 1.0 12.0 1.0 4.0 36.0 4.0 1.0 22.0 8.0 1.0 2.0 0.0 5.0 1.0 5.0 2.0 2.0 4.0 3.0 1.0 2.0 6.0 1.0 2.0 1.0
312 3.0 2.0 4.0 1.0 9.0 2.0 5.0 3.0 11.0 1.0 2.0 18.0 7.0 5.0 23.0 3.0 3.0 3.0 2.0 8.0 6.0 2.0 2.0 2.0 2.0 2.0 6.0 4.0 3.0 6.0 1.0 0.0
315 3.0 3.0 1.0 1.0 2.0 0.0 3.0 2.0 9.0 2.0 1.0 12.0 2.0 1.0 11.0 2.0 6.0 0.0 2.0 1.0 2.0 2.0 2.0 2.0 2.0 0.0 1.0 2.0 1.0 2.0 2.0 3.0
318 2.0 2.0 2.0 2.0 3.0 3.0 6.0 3.0 6.0 1.0 2.0 13.0 1.0 1.0 3.0 1.0 1.0 0.0 3.0 1.0 1.0 1.0 2.0 4.0 0.0 2.0 4.0 4.0 2.0 2.0 2.0 4.0
321 1.0 2.0 2.0 0.0 3.0 1.0 5.0 0.0 2.0 1.0 2.0 4.0 4.0 5.0 2.0 3.0 0.0 3.0 1.0 1.0 1.0 0.0 5.0 2.0 0.0 1.0 1.0 2.0 2.0 3.0 2.0 1.0
324 0.0 2.0 1.0 5.0 3.0 2.0 2.0 2.0 4.0 2.0 0.0 2.0 1.0 1.0 6.0 1.0 1.0 4.0 2.0 1.0 4.0 2.0 5.0 5.0 2.0 4.0 2.0 2.0 2.0 2.0 3.0 0.0
327 2.0 1.0 1.0 2.0 0.0 0.0 1.0 1.0 2.0 1.0 2.0 2.0 4.0 2.0 2.0 5.0 1.0 0.0 2.0 3.0 2.0 3.0 0.0 1.0 1.0 1.0 1.0 3.0 0.0 2.0 0.0 1.0
330 1.0 2.0 1.0 1.0 0.0 1.0 0.0 2.0 1.0 3.0 1.0 0.0 2.0 0.0 3.0 2.0 1.0 0.0 0.0 4.0 1.0 0.0 0.0 1.0 3.0 4.0 6.0 1.0 6.0 1.0 2.0 0.0
333 3.0 1.0 3.0 1.0 2.0 0.0 2.0 1.0 2.0 0.0 3.0 3.0 1.0 1.0 2.0 1.0 0.0 0.0 1.0 2.0 3.0 2.0 0.0 0.0 3.0 3.0 2.0 0.0 0.0 1.0 1.0 0.0
336 1.0 2.0 2.0 0.0 6.0 1.0 0.0 0.0 2.0 2.0 2.0 2.0 2.0 2.0 5.0 2.0 0.0 1.0 0.0 1.0 1.0 3.0 1.0 2.0 0.0 1.0 1.0 1.0 0.0 1.0 0.0 0.0
339 2.0 0.0 3.0 1.0 4.0 0.0 2.0 2.0 1.0 0.0 4.0 0.0 1.0 1.0 3.0 1.0 2.0 1.0 3.0 1.0 2.0 2.0 0.0 3.0 1.0 1.0 2.0 2.0 1.0 3.0 2.0 2.0
342 0.0 1.0 1.0 1.0 5.0 1.0 0.0 1.0 0.0 0.0 2.0 0.0 0.0 0.0 3.0 2.0 0.0 1.0 0.0 0.0 1.0 1.0 1.0 1.0 1.0 0.0 2.0 0.0 0.0 1.0 0.0 0.0
345 0.0 2.0 0.0 2.0 1.0 1.0 3.0 2.0 2.0 3.0 0.0 4.0 2.0 1.0 2.0 3.0 0.0 1.0 1.0 2.0 0.0 2.0 0.0 3.0 1.0 3.0 1.0 2.0 1.0 2.0 0.0 1.0
348 0.0 2.0 1.0 0.0 1.0 0.0 1.0 0.0 2.0 0.0 1.0 2.0 0.0 0.0 0.0 0.0 0.0 1.0 0.0 0.0 0.0 0.0 0.0 0.0 2.0 1.0 1.0 0.0 0.0 0.0 0.0 0.0
351 0.0 0.0 0.0 0.0 0.0 0.0 0.0 0.0 1.0 0.0 1.0 2.0 0.0 1.0 0.0 1.0 1.0 0.0 0.0 0.0 1.0 1.0 1.0 0.0 0.0 1.0 1.0 1.0 0.0 0.0 1.0 0.0
354 2.0 1.0 1.0 0.0 3.0 1.0 0.0 0.0 3.0 3.0 0.0 2.0 0.0 0.0 3.0 3.0 1.0 2.0 2.0 1.0 1.0 0.0 0.0 0.0 2.0 1.0 3.0 1.0 0.0 1.0 2.0 1.0
357 1.0 0.0 0.0 1.0 0.0 0.0 0.0 0.0 1.0 1.0 0.0 1.0 0.0 1.0 3.0 2.0 0.0 0.0 0.0 0.0 1.0 0.0 0.0 0.0 0.0 0.0 1.0 0.0 0.0 0.0 0.0 0.0
