150 19169631.0 19168164.0 19164254.0 19155287.0 19162104.0 19154545.0 19160492.0 19154254.0 19160641.0 19147614.0 19161578.0 19153454.0 19162811.0 19162148.0 19159237.0 19153647.0 19161502.0 19161671.0 19160419.0 19159011.0 19152849.0 19160441.0 19151896.0 19158102.0 19153021.0 19158272.0 19151932.0 19156856.0 19152326.0 19159140.0 19161174.0 19161536.0
153 19333333.0 19331207.0 19325030.0 19315469.0 19323000.0 19315203.0 19320536.0 19314887.0 19319701.0 19308560.0 19320661.0 19314514.0 19321945.0 19320469.0 19318252.0 19314818.0 19320467.0 19319789.0 19319552.0 19318016.0 19313905.0 19319087.0 19313311.0 19317806.0 19313976.0 19318437.0 19313369.0 19317310.0 19313600.0 19319112.0 19320878.0 19321610.0
156 19566735.0 19565694.0 19562351.0 19557864.0 19561138.0 19558206.0 19559758.0 19557986.0 19560029.0 19552026.0 19560417.0 19557616.0 19561218.0 19560875.0 19558792.0 19557376.0 19560806.0 19561010.0 19560351.0 19559878.0 19556741.0 19560480.0 19556076.0 19559554.0 19557069.0 19559434.0 19556423.0 19559046.0 19556761.0 19560644.0 19561790.0 19561532.0
159 19457202.0 19456779.0 19454719.0 19451333.0 19454138.0 19451385.0 19453114.0 19451319.0 19453457.0 19447207.0 19454015.0 19450992.0 19454245.0 19453964.0 19452251.0 19451491.0 19454147.0 19453050.0 19453534.0 19452914.0 19450667.0 19452984.0 19450251.0 19452562.0 19450948.0 19452890.0 19450540.0 19452173.0 19450687.0 19453459.0 19454275.0 19454448.0
162 19536204.0 19535957.0 19534528.0 19533555.0 19534718.0 19531545.0 19533853.0 19532398.0 19532972.0 19528527.0 19534900.0 19532935.0 19534891.0 19533474.0 19532292.0 19532192.0 19532619.0 19529243.0 19529762.0 19528683.0 19527401.0 19528238.0 19526223.0 19527987.0 19526480.0 19527644.0 19525701.0 19527468.0 19525831.0 19527362.0 19527394.0 19527746.0
165 19692789.0 19691865.0 19682907.0 19659876.0 19683118.0 19644923.0 19680878.0 19653103.0 19674428.0 19633902.0 19678730.0 19657289.0 19681894.0 19668177.0 19669996.0 19666034.0 19669281.0 19671111.0 19668122.0 19662069.0 19647416.0 19662737.0 19646845.0 19653402.0 19648180.0 19654058.0 19644505.0 19655137.0 19644953.0 19654180.0 19659649.0 19661530.0
168 18569741.0 18554560.0 18477100.0 17994939.0 18476109.0 17777792.0 18503240.0 17917172.0 18389310.0 17606055.0 18392043.0 17967302.0 18420077.0 18220904.0 18273232.0 18163424.0 18238878.0 18420375.0 18320899.0 18237873.0 17812831.0 18299651.0 17815754.0 18059392.0 17859648.0 18086778.0 17763036.0 18128638.0 17789240.0 18113661.0 18275177.0 18305606.0
171 9920632.0 9874963.0 9858229.0 9937677.0 10008438.0 9608093.0 10285412.0 10120052.0 10092180.0 9259186.0 10148091.0 10332376.0 10327432.0 9695198.0 10063071.0 10952676.0 9817022.0 10475995.0 10047943.0 9880242.0 9680524.0 10108154.0 9712815.0 9257815.0 9818739.0 9246368.0 9427600.0 9414252.0 9416117.0 9270274.0 9735138.0 9656125.0
174 7744510.0 7709438.0 7792775.0 8246474.0 7954623.0 7925155.0 8223647.0 8396607.0 8092489.0 7570635.0 8134502.0 8529482.0 8272540.0 7742392.0 8086370.0 9032619.0 7824760.0 8421265.0 8028177.0 7892394.0 7900626.0 8107776.0 7934145.0 7317673.0 8049457.0 7282744.0 7686540.0 7429734.0 7660089.0 7293674.0 7669722.0 7561321.0
177 719252.0 705012.0 714600.0 773256.0 750377.0 708184.0 842266.0 813206.0 799365.0 772627.0 800934.0 828146.0 808336.0 717024.0 788707.0 947014.0 716909.0 865902.0 796515.0 756695.0 690745.0 821736.0 702056.0 643977.0 736166.0 657823.0 686187.0 690168.0 673109.0 657915.0 726163.0 713466.0
180 106034.0 100513.0 95741.0 101825.0 100470.0 99283.0 125026.0 118943.0 126536.0 240372.0 119599.0 114857.0 107460.0 114659.0 120084.0 128544.0 104119.0 120131.0 117873.0 116059.0 91464.0 128300.0 100131.0 99637.0 107247.0 114014.0 109081.0 123796.0 100885.0 109447.0 108193.0 115344.0
183 100602.0 93643.0 87774.0 87272.0 88893.0 92082.0 100593.0 101531.0 109187.0 238721.0 100482.0 98498.0 92231.0 105435.0 106259.0 98455.0 96777.0 89652.0 95156.0 98516.0 85675.0 102410.0 94591.0 93102.0 98634.0 105721.0 104447.0 113097.0 96044.0 99147.0 88369.0 97237.0
186 100691.0 93590.0 87481.0 87204.0 89104.0 91907.0 100961.0 101034.0 108909.0 236794.0 100425.0 97693.0 91140.0 105207.0 106453.0 98945.0 96264.0 88906.0 95224.0 98724.0 85066.0 102246.0 95050.0 93256.0 97782.0 105302.0 103542.0 112724.0 96005.0 98594.0 87844.0 96745.0
189 100462.0 93384.0 88028.0 87554.0 88675.0 92678.0 100052.0 101369.0 109058.0 238065.0 101108.0 97820.0 91128.0 104806.0 106133.0 99060.0 95917.0 89138.0 94821.0 98366.0 85282.0 102328.0 94463.0 92787.0 98413.0 105331.0 103793.0 112368.0 96053.0 98749.0 87694.0 96378.0
192 100515.0 92433.0 88097.0 86932.0 89304.0 92585.0 101057.0 100833.0 109679.0 236705.0 100425.0 97726.0 91065.0 104795.0 106160.0 98514.0 96126.0 88821.0 94042.0 98546.0 85070.0 101365.0 94383.0 93158.0 96711.0 104951.0 103436.0 111946.0 95080.0 98198.0 87350.0 95914.0
195 100636.0 92151.0 87665.0 87108.0 88504.0 91734.0 100463.0 100824.0 108753.0 234764.0 100237.0 97358.0 91490.0 104075.0 105757.0 98804.0 95881.0 88943.0 94115.0 97762.0 85036.0 101743.0 94360.0 92314.0 96680.0 104667.0 102678.0 112979.0 94268.0 97898.0 85711.0 96512.0
198 98694.0 90721.0 85825.0 86459.0 88076.0 90678.0 100081.0 100131.0 108303.0 231614.0 99734.0 97195.0 90404.0 101213.0 105744.0 97318.0 94408.0 88174.0 94441.0 95723.0 83718.0 100732.0 93083.0 90715.0 94133.0 103605.0 98257.0 112169.0 89640.0 93749.0 80264.0 94302.0
201 95353.0 82036.0 82353.0 84052.0 87101.0 85958.0 99147.0 97154.0 105091.0 214764.0 98127.0 94922.0 87808.0 91113.0 104821.0 91888.0 88079.0 85688.0 91247.0 86299.0 79569.0 97347.0 83570.0 85490.0 82975.0 98830.0 80468.0 111106.0 72557.0 79970.0 62546.0 89931.0
204 78737.0 56296.0 67239.0 73849.0 82738.0 65445.0 96526.0 82156.0 91517.0 156440.0 91098.0 85991.0 75252.0 62856.0 100225.0 70252.0 66804.0 73723.0 79519.0 61640.0 62496.0 83485.0 58905.0 64803.0 53989.0 82935.0 44502.0 104051.0 39485.0 49944.0 33095.0 75412.0
207 42270.0 22789.0 35756.0 47284.0 62838.0 29970.0 82485.0 46574.0 54697.0 65496.0 66401.0 59023.0 44109.0 26996.0 83960.0 32870.0 31881.0 44978.0 48855.0 27876.0 31169.0 49960.0 25256.0 30833.0 19943.0 54116.0 13402.0 80749.0 12256.0 18317.0 9867.0 48625.0
210 10081.0 4819.0 8744.0 14483.0 24962.0 6421.0 42679.0 11890.0 14852.0 13338.0 23784.0 19399.0 10966.0 6930.0 43940.0 7396.0 7291.0 12508.0 13221.0 6793.0 6979.0 14079.0 5583.0 6962.0 4549.0 21066.0 3719.0 36298.0 3501.0 4322.0 2965.0 16425.0
213 3495.0 2590.0 2908.0 3815.0 6175.0 2890.0 11272.0 3522.0 4250.0 8012.0 5567.0 4801.0 3247.0 3327.0 12919.0 3072.0 3068.0 3420.0 3767.0 3027.0 2900.0 3988.0 2827.0 3076.0 2769.0 5912.0 2836.0 9559.0 2583.0 2677.0 2210.0 4412.0
216 2814.0 2353.0 2307.0 2706.0 2949.0 2538.0 3963.0 2891.0 3117.0 7216.0 3242.0 2991.0 2602.0 2800.0 4421.0 2725.0 2580.0 2446.0 2751.0 2524.0 2434.0 2933.0 2441.0 2536.0 2448.0 3321.0 2485.0 4182.0 2233.0 2412.0 1951.0 2921.0
219 2380.0 2079.0 2108.0 2325.0 2468.0 2265.0 3100.0 2529.0 2763.0 6608.0 2812.0 2611.0 2258.0 2408.0 3326.0 2454.0 2333.0 2276.0 2365.0 2226.0 2056.0 2653.0 2263.0 2380.0 2117.0 2809.0 2278.0 3395.0 1950.0 2080.0 1690.0 2562.0
222 2132.0 1741.0 1762.0 1969.0 2190.0 1966.0 2727.0 2157.0 2434.0 5822.0 2551.0 2373.0 2067.0 2059.0 2951.0 2038.0 2057.0 1937.0 2186.0 1906.0 1831.0 2398.0 1901.0 2054.0 1809.0 2404.0 2007.0 3079.0 1754.0 1810.0 1509.0 2254.0
225 1917.0 1616.0 1658.0 1745.0 1856.0 1746.0 2299.0 1881.0 2023.0 5285.0 2121.0 2040.0 1740.0 1990.0 2582.0 1877.0 1783.0 1704.0 1776.0 1739.0 1610.0 2039.0 1757.0 1737.0 1716.0 2190.0 1858.0 2646.0 1733.0 1663.0 1454.0 1945.0
228 1832.0 1622.0 1599.0 1551.0 1784.0 1752.0 2107.0 1829.0 2094.0 5298.0 1971.0 1851.0 1701.0 1886.0 2357.0 1764.0 1748.0 1630.0 1723.0 1682.0 1526.0 1862.0 1656.0 1766.0 1623.0 2078.0 1875.0 2396.0 1665.0 1612.0 1350.0 1836.0
231 1665.0 1543.0 1559.0 1581.0 1566.0 1642.0 2019.0 1725.0 1966.0 5043.0 1951.0 1826.0 1662.0 1871.0 2217.0 1693.0 1682.0 1589.0 1704.0 1666.0 1535.0 1915.0 1576.0 1649.0 1599.0 1993.0 1786.0 2317.0 1591.0 1563.0 1377.0 1801.0
234 1701.0 1540.0 1482.0 1497.0 1688.0 1611.0 1872.0 1652.0 1998.0 4978.0 1922.0 1874.0 1614.0 1823.0 2167.0 1658.0 1657.0 1560.0 1607.0 1680.0 1435.0 1884.0 1596.0 1731.0 1550.0 1959.0 1751.0 2292.0 1509.0 1503.0 1321.0 1715.0
237 1679.0 1423.0 1508.0 1585.0 1586.0 1590.0 1875.0 1711.0 2018.0 4901.0 1852.0 1815.0 1578.0 1733.0 2088.0 1549.0 1639.0 1478.0 1631.0 1570.0 1424.0 1808.0 1674.0 1599.0 1510.0 1902.0 1632.0 2255.0 1485.0 1573.0 1316.0 1805.0
240 1657.0 1380.0 1457.0 1439.0 1604.0 1545.0 1913.0 1644.0 1899.0 4667.0 1848.0 1704.0 1546.0 1623.0 2015.0 1618.0 1590.0 1521.0 1567.0 1477.0 1352.0 1798.0 1492.0 1657.0 1555.0 1809.0 1567.0 2164.0 1378.0 1474.0 1095.0 1781.0
243 1532.0 1288.0 1347.0 1460.0 1521.0 1462.0 1838.0 1546.0 1746.0 4288.0 1793.0 1612.0 1460.0 1494.0 1982.0 1528.0 1515.0 1302.0 1528.0 1365.0 1325.0 1696.0 1337.0 1515.0 1367.0 1733.0 1350.0 2234.0 1188.0 1273.0 916.0 1659.0
246 1441.0 1145.0 1276.0 1372.0 1493.0 1329.0 1807.0 1463.0 1719.0 3816.0 1644.0 1590.0 1417.0 1238.0 1988.0 1380.0 1315.0 1282.0 1447.0 1098.0 1181.0 1522.0 1260.0 1383.0 1068.0 1665.0 950.0 2178.0 807.0 954.0 616.0 1512.0
249 1276.0 755.0 1079.0 1225.0 1404.0 1047.0 1754.0 1247.0 1393.0 2788.0 1628.0 1437.0 1267.0 893.0 1863.0 977.0 1077.0 1217.0 1311.0 812.0 962.0 1293.0 872.0 1089.0 663.0 1516.0 519.0 2022.0 412.0 616.0 270.0 1265.0
252 856.0 402.0 671.0 970.0 1287.0 641.0 1604.0 895.0 1012.0 1560.0 1379.0 1214.0 924.0 499.0 1729.0 626.0 725.0 775.0 921.0 506.0 641.0 946.0 482.0 725.0 347.0 1166.0 207.0 1887.0 180.0 318.0 97.0 982.0
255 435.0 163.0 346.0 534.0 911.0 245.0 1331.0 442.0 531.0 603.0 923.0 762.0 443.0 217.0 1499.0 240.0 347.0 416.0 508.0 215.0 310.0 555.0 200.0 324.0 132.0 855.0 93.0 1456.0 73.0 112.0 43.0 581.0
258 237.0 71.0 179.0 383.0 599.0 128.0 1050.0 241.0 319.0 329.0 698.0 481.0 253.0 115.0 1270.0 149.0 179.0 206.0 256.0 110.0 189.0 297.0 103.0 168.0 81.0 600.0 85.0 1123.0 68.0 59.0 49.0 412.0
261 88.0 46.0 72.0 144.0 267.0 67.0 560.0 97.0 106.0 197.0 251.0 209.0 76.0 61.0 766.0 65.0 96.0 88.0 102.0 65.0 62.0 100.0 76.0 77.0 63.0 264.0 67.0 570.0 56.0 68.0 48.0 155.0
264 55.0 48.0 47.0 61.0 93.0 62.0 229.0 66.0 79.0 190.0 100.0 106.0 61.0 59.0 381.0 76.0 63.0 42.0 50.0 51.0 53.0 73.0 47.0 43.0 51.0 141.0 69.0 236.0 51.0 49.0 35.0 75.0
267 70.0 39.0 36.0 44.0 67.0 40.0 110.0 56.0 59.0 181.0 77.0 63.0 57.0 63.0 126.0 57.0 46.0 50.0 57.0 44.0 39.0 70.0 56.0 54.0 46.0 82.0 54.0 119.0 43.0 40.0 35.0 73.0
270 44.0 41.0 52.0 48.0 63.0 35.0 79.0 44.0 70.0 149.0 68.0 50.0 57.0 44.0 95.0 47.0 56.0 56.0 53.0 45.0 50.0 65.0 41.0 48.0 45.0 76.0 55.0 82.0 41.0 43.0 30.0 66.0
273 54.0 43.0 37.0 38.0 53.0 34.0 73.0 53.0 64.0 144.0 55.0 55.0 49.0 53.0 68.0 41.0 50.0 34.0 43.0 43.0 37.0 55.0 38.0 29.0 34.0 58.0 44.0 81.0 34.0 30.0 22.0 50.0
276 51.0 41.0 26.0 37.0 40.0 40.0 65.0 46.0 52.0 131.0 49.0 43.0 49.0 54.0 69.0 62.0 54.0 47.0 37.0 29.0 50.0 52.0 42.0 38.0 31.0 61.0 41.0 76.0 43.0 34.0 26.0 60.0
279 38.0 35.0 37.0 36.0 55.0 47.0 55.0 42.0 42.0 137.0 59.0 48.0 37.0 28.0 74.0 45.0 43.0 45.0 40.0 36.0 37.0 47.0 39.0 50.0 49.0 55.0 43.0 59.0 30.0 39.0 33.0 50.0
282 50.0 27.0 47.0 43.0 38.0 32.0 57.0 40.0 51.0 137.0 57.0 38.0 34.0 47.0 57.0 43.0 36.0 36.0 42.0 41.0 45.0 49.0 40.0 30.0 38.0 48.0 44.0 76.0 45.0 21.0 28.0 43.0
285 36.0 46.0 39.0 35.0 38.0 52.0 56.0 39.0 50.0 114.0 47.0 64.0 41.0 35.0 62.0 38.0 43.0 38.0 34.0 37.0 28.0 47.0 40.0 37.0 37.0 46.0 37.0 72.0 30.0 30.0 26.0 45.0
288 33.0 25.0 28.0 39.0 40.0 33.0 44.0 39.0 35.0 118.0 59.0 38.0 48.0 31.0 76.0 36.0 35.0 31.0 29.0 33.0 45.0 33.0 30.0 35.0 34.0 49.0 34.0 52.0 19.0 27.0 12.0 39.0
291 33.0 24.0 31.0 36.0 44.0 34.0 72.0 25.0 47.0 89.0 42.0 55.0 27.0 41.0 62.0 31.0 34.0 22.0 43.0 30.0 28.0 37.0 30.0 33.0 27.0 36.0 31.0 56.0 21.0 14.0 5.0 45.0
294 28.0 14.0 20.0 32.0 38.0 24.0 43.0 35.0 31.0 85.0 38.0 37.0 28.0 21.0 57.0 27.0 23.0 22.0 32.0 34.0 27.0 37.0 19.0 32.0 17.0 39.0 14.0 50.0 2.0 10.0 4.0 42.0
297 32.0 9.0 22.0 31.0 35.0 19.0 46.0 24.0 35.0 53.0 40.0 25.0 28.0 14.0 47.0 15.0 19.0 15.0 25.0 14.0 15.0 25.0 10.0 16.0 8.0 33.0 5.0 61.0 5.0 5.0 2.0 34.0
300 16.0 5.0 10.0 21.0 30.0 3.0 42.0 21.0 21.0 16.0 35.0 30.0 11.0 6.0 50.0 5.0 15.0 17.0 18.0 5.0 9.0 19.0 7.0 17.0 3.0 27.0 2.0 54.0 2.0 3.0 4.0 17.0
303 8.0 5.0 10.0 17.0 31.0 10.0 29.0 4.0 15.0 18.0 17.0 22.0 4.0 4.0 37.0 3.0 6.0 9.0 12.0 6.0 9.0 8.0 6.0 11.0 1.0 19.0 5.0 41.0 4.0 5.0 1.0 14.0
306 3.0 1.0 1.0 6.0 6.0 4.0 20.0 2.0 6.0 3.0 12.0 11.0 8.0 2.0 42.0 1.0 5.0 1.0 5.0 2.0 4.0 8.0 4.0 4.0 3.0 18.0 4.0 24.0 1.0 2.0 1.0 5.0
309 6.0 1.0 2.0 1.0 5.0 3.0 16.0 2.0 3.0 3.0 3.0 6.0 3.0 2.0 21.0 1.0 1.0 4.0 2.0 2.0 0.0 4.0 1.0 6.0 3.0 8.0 0.0 11.0 1.0 3.0 1.0 4.0
312 5.0 1.0 3.0 6.0 5.0 1.0 2.0 3.0 5.0 3.0 4.0 3.0 1.0 4.0 11.0 3.0 2.0 4.0 3.0 5.0 3.0 3.0 3.0 3.0 2.0 4.0 1.0 8.0 1.0 2.0 2.0 6.0
315 2.0 2.0 1.0 1.0 3.0 0.0 5.0 0.0 5.0 10.0 5.0 3.0 1.0 4.0 5.0 4.0 3.0 2.0 7.0 1.0 2.0 2.0 3.0 0.0 3.0 1.0 1.0 3.0 2.0 1.0 1.0 1.0
318 0.0 2.0 2.0 1.0 2.0 1.0 3.0 4.0 2.0 5.0 4.0 5.0 3.0 2.0 3.0 2.0 2.0 3.0 2.0 2.0 5.0 5.0 3.0 6.0 2.0 2.0 4.0 7.0 2.0 4.0 1.0 2.0
321 1.0 2.0 4.0 1.0 1.0 2.0 5.0 1.0 2.0 5.0 1.0 2.0 0.0 0.0 3.0 0.0 2.0 3.0 2.0 0.0 1.0 1.0 1.0 1.0 1.0 0.0 0.0 5.0 1.0 0.0 2.0 2.0
324 2.0 2.0 2.0 1.0 3.0 2.0 2.0 0.0 3.0 3.0 3.0 2.0 1.0 0.0 4.0 6.0 3.0 0.0 3.0 4.0 6.0 3.0 2.0 2.0 1.0 2.0 3.0 2.0 3.0 0.0 0.0 2.0
327 2.0 1.0 3.0 0.0 2.0 1.0 1.0 1.0 3.0 1.0 3.0 3.0 0.0 1.0 4.0 2.0 4.0 2.0 2.0 1.0 1.0 2.0 0.0 3.0 2.0 1.0 3.0 3.0 1.0 0.0 0.0 6.0
330 1.0 0.0 2.0 0.0 1.0 1.0 3.0 5.0 2.0 1.0 3.0 3.0 2.0 1.0 5.0 2.0 1.0 1.0 2.0 3.0 1.0 0.0 1.0 2.0 1.0 1.0 2.0 2.0 0.0 1.0 1.0 4.0
333 2.0 3.0 1.0 0.0 2.0 2.0 3.0 3.0 2.0 6.0 5.0 3.0 1.0 0.0 3.0 1.0 4.0 0.0 2.0 0.0 1.0 3.0 2.0 1.0 0.0 3.0 1.0 2.0 1.0 3.0 0.0 2.0
336 2.0 1.0 1.0 1.0 1.0 1.0 2.0 2.0 2.0 1.0 2.0 5.0 1.0 1.0 0.0 0.0 1.0 1.0 1.0 1.0 1.0 0.0 1.0 0.0 1.0 3.0 1.0 0.0 1.0 0.0 0.0 1.0
339 5.0 2.0 3.0 1.0 1.0 1.0 8.0 3.0 3.0 3.0 4.0 3.0 5.0 1.0 3.0 2.0 0.0 5.0 4.0 3.0 2.0 4.0 1.0 1.0 2.0 2.0 2.0 1.0 1.0 2.0 2.0 2.0
342 1.0 0.0 0.0 1.0 2.0 0.0 0.0 1.0 0.0 4.0 1.0 1.0 0.0 1.0 3.0 0.0 1.0 1.0 1.0 0.0 1.0 2.0 0.0 0.0 1.0 2.0 0.0 0.0 1.0 0.0 0.0 1.0
345 0.0 0.0 1.0 2.0 1.0 3.0 1.0 0.0 0.0 1.0 2.0 1.0 4.0 2.0 5.0 0.0 1.0 4.0 0.0 0.0 1.0 0.0 1.0 2.0 1.0 3.0 0.0 2.0 0.0 1.0 2.0 1.0
348 0.0 1.0 0.0 1.0 0.0 2.0 0.0 1.0 0.0 1.0 1.0 1.0 0.0 2.0 0.0 0.0 0.0 1.0 0.0 0.0 0.0 1.0 1.0 0.0 0.0 2.0 0.0 1.0 1.0 0.0 2.0 1.0
351 1.0 1.0 0.0 1.0 0.0 0.0 2.0 0.0 1.0 0.0 1.0 0.0 0.0 0.0 2.0 0.0 1.0 1.0 1.0 1.0 1.0 0.0 0.0 0.0 0.0 2.0 0.0 0.0 0.0 0.0 0.0 0.0
354 0.0 0.0 1.0 1.0 1.0 0.0 1.0 1.0 1.0 0.0 2.0 2.0 3.0 1.0 4.0 0.0 1.0 0.0 0.0 2.0 0.0 2.0 2.0 1.0 3.0 0.0 0.0 2.0 1.0 0.0 2.0 0.0
357 0.0 0.0 1.0 0.0 0.0 1.0 0.0 0.0 0.0 0.0 0.0 0.0 0.0 0.0 0.0 0.0 0.0 0.0 0.0 0.0 0.0 0.0 0.0 0.0 0.0 0.0 0.0 0.0 1.0 0.0 1.0 1.0
