150 12504.0 15164.0 15261.0 13331.0 17155.0 17072.0 13086.0 19546.0 15153.0 13401.0 12957.0 13211.0 18741.0 11414.0 12627.0 12474.0 10518.0 12589.0 14843.0 19634.0 24317.0 12650.0 15561.0 21409.0 15124.0 18985.0 12971.0 14543.0 11484.0 11572.0 12613.0 10879.0
153 6723320.0 6711302.0 6713382.0 6692891.0 6726463.0 6711239.0 6678708.0 6737251.0 6673006.0 6695018.0 6677614.0 6692834.0 6703683.0 6682644.0 6695935.0 6668974.0 6705495.0 6671903.0 6684684.0 6698936.0 6745995.0 6668598.0 6678425.0 6753862.0 6683732.0 6713251.0 6683017.0 6695634.0 6662260.0 6670463.0 6684225.0 6662631.0
156 18641927.0 18633796.0 18632184.0 18619225.0 18629283.0 18615182.0 18625988.0 18614857.0 18623663.0 18618279.0 18625816.0 18619502.0 18625134.0 18627279.0 18627266.0 18616700.0 18626437.0 18624297.0 18623591.0 18626083.0 18612108.0 18624297.0 18613678.0 18624309.0 18611834.0 18620392.0 18616820.0 18622012.0 18617081.0 18623153.0 18625623.0 18625812.0
159 18996173.0 18990198.0 18988030.0 18980583.0 18986406.0 18979067.0 18983977.0 18978867.0 18983137.0 18980098.0 18983456.0 18980439.0 18983577.0 18983787.0 18983713.0 18979524.0 18983565.0 18982925.0 18982962.0 18983996.0 18978087.0 18983142.0 18978480.0 18983595.0 18977887.0 18982186.0 18979673.0 18982874.0 18979879.0 18983531.0 18984963.0 18985664.0
162 19290837.0 19287116.0 19286291.0 19280454.0 19284967.0 19279708.0 19283422.0 19279731.0 19282977.0 19279993.0 19282672.0 19280179.0 19283084.0 19283149.0 19283002.0 19279943.0 19282876.0 19282409.0 19282568.0 19283456.0 19279275.0 19282443.0 19279216.0 19283196.0 19279219.0 19282457.0 19279798.0 19282788.0 19279970.0 19283316.0 19284545.0 19285144.0
165 19637673.0 19635894.0 19635795.0 19629737.0 19634437.0 19629063.0 19633633.0 19629156.0 19633355.0 19629221.0 19633022.0 19629250.0 19633437.0 19633423.0 19633622.0 19629010.0 19633007.0 19632729.0 19632643.0 19633412.0 19628467.0 19632711.0 19628462.0 19633218.0 19628529.0 19632844.0 19628944.0 19632723.0 19628982.0 19633292.0 19634410.0 19635098.0
168 19797814.0 19797424.0 19797735.0 19792937.0 19796487.0 19792224.0 19796196.0 19792276.0 19796560.0 19792249.0 19796339.0 19792276.0 19796606.0 19796670.0 19796930.0 19791972.0 19795715.0 19796123.0 19795714.0 19796433.0 19791569.0 19795807.0 19791623.0 19795949.0 19791766.0 19796074.0 19792003.0 19795346.0 19792135.0 19795914.0 19796604.0 19797071.0
171 19738571.0 19738131.0 19737936.0 19733134.0 19736722.0 19731956.0 19735775.0 19731883.0 19735539.0 19732765.0 19735494.0 19732954.0 19735794.0 19735693.0 19735927.0 19732311.0 19735539.0 19735117.0 19734899.0 19735675.0 19731235.0 19735092.0 19731668.0 19735494.0 19731589.0 19734964.0 19732686.0 19734820.0 19732703.0 19735061.0 19735938.0 19735941.0
174 20063067.0 20063395.0 20063629.0 20061725.0 20062729.0 20060355.0 20062365.0 20060542.0 20062419.0 20060773.0 20062306.0 20060774.0 20062921.0 20062631.0 20063266.0 20060941.0 20062319.0 20062510.0 20062001.0 20062585.0 20058855.0 20061789.0 20059107.0 20061936.0 20059127.0 20061599.0 20059447.0 20061317.0 20059700.0 20061532.0 20061960.0 20061798.0
177 19814130.0 19812446.0 19812591.0 19809507.0 19810903.0 19807214.0 19810076.0 19807927.0 19810113.0 19808330.0 19810294.0 19808633.0 19810591.0 19810471.0 19811338.0 19809198.0 19810141.0 19810173.0 19809244.0 19809871.0 19805980.0 19808865.0 19806178.0 19808806.0 19806199.0 19808351.0 19806271.0 19808190.0 19806704.0 19808302.0 19808607.0 19808577.0
180 19149038.0 19112709.0 19098256.0 18974581.0 19065442.0 18906613.0 19075321.0 18882634.0 19066777.0 18908293.0 19057637.0 18943374.0 19041177.0 19052487.0 19042174.0 18988702.0 19007100.0 19055279.0 19020290.0 19021118.0 18901477.0 19018430.0 18936577.0 18971934.0 18932330.0 18995643.0 18911697.0 18988463.0 18939354.0 19005610.0 18995879.0 19036462.0
183 8761008.0 8678814.0 8668649.0 8777482.0 8502641.0 8450526.0 8797232.0 8237234.0 8900139.0 8514436.0 8849606.0 8820844.0 8741617.0 8842041.0 8781826.0 9280674.0 8417293.0 8991871.0 8673793.0 8717790.0 8354181.0 8716542.0 8849416.0 8262568.0 8752049.0 8520062.0 8487299.0 8428846.0 8788222.0 8574109.0 8404499.0 8761229.0
186 7071965.0 7061668.0 7080770.0 7551030.0 6924475.0 7199469.0 7259363.0 6921007.0 7379112.0 7244143.0 7338798.0 7615048.0 7196707.0 7307558.0 7232015.0 8138465.0 6848078.0 7487363.0 7123646.0 7179531.0 7020040.0 7151890.0 7665019.0 6675290.0 7543214.0 6935180.0 7238325.0 6831198.0 7588583.0 6972161.0 6768907.0 7156226.0
189 821601.0 802001.0 806051.0 865010.0 759770.0 751494.0 856657.0 682940.0 913519.0 752467.0 889458.0 867507.0 834589.0 846507.0 813664.0 1030818.0 689538.0 919197.0 778576.0 862893.0 760404.0 787088.0 887936.0 686018.0 854112.0 741063.0 767738.0 691642.0 844838.0 724319.0 682215.0 774823.0
192 161743.0 170786.0 176805.0 200373.0 176199.0 185555.0 197987.0 171108.0 231450.0 179173.0 220991.0 202469.0 221742.0 189314.0 177744.0 241091.0 151945.0 218898.0 189693.0 273732.0 215546.0 191073.0 221937.0 188262.0 201057.0 185504.0 181085.0 160411.0 191055.0 165297.0 169177.0 181312.0
195 143080.0 154891.0 158662.0 151466.0 162023.0 162930.0 164541.0 160579.0 189637.0 156365.0 171641.0 160531.0 200710.0 150697.0 150870.0 159950.0 138822.0 158157.0 170588.0 249232.0 195932.0 175335.0 179454.0 177531.0 159564.0 168066.0 157131.0 145793.0 155775.0 146295.0 155161.0 154217.0
198 142810.0 154851.0 158540.0 148180.0 160704.0 162655.0 163050.0 160089.0 186888.0 155078.0 168930.0 158325.0 199850.0 149431.0 150892.0 153676.0 139216.0 155033.0 168970.0 247358.0 194663.0 170949.0 176734.0 177197.0 155469.0 166905.0 154880.0 145110.0 152113.0 146433.0 153577.0 152603.0
201 142821.0 154717.0 157942.0 147305.0 160578.0 161741.0 163573.0 160460.0 186236.0 155422.0 169958.0 157952.0 199622.0 148108.0 150553.0 153510.0 139194.0 153864.0 169715.0 247153.0 194782.0 172724.0 176530.0 177168.0 155136.0 168105.0 154440.0 145888.0 151372.0 146180.0 154547.0 151052.0
204 142045.0 155456.0 157583.0 146980.0 160249.0 161072.0 162733.0 160384.0 185875.0 154626.0 168603.0 156855.0 199501.0 148400.0 150351.0 153315.0 137647.0 153035.0 169108.0 246412.0 193670.0 167135.0 177062.0 176537.0 155335.0 167086.0 154395.0 144887.0 152334.0 146004.0 153053.0 151667.0
207 140207.0 153947.0 157523.0 146922.0 160173.0 160966.0 162654.0 159306.0 185579.0 152910.0 168124.0 156293.0 198636.0 147507.0 149040.0 152195.0 133447.0 153193.0 167909.0 244095.0 193420.0 166177.0 175764.0 174992.0 154433.0 166902.0 153422.0 143861.0 150066.0 144396.0 151405.0 150501.0
210 136757.0 152763.0 156336.0 145169.0 157627.0 160471.0 160187.0 158225.0 184888.0 150680.0 166408.0 152889.0 196297.0 145260.0 145895.0 150841.0 116712.0 151778.0 166729.0 235846.0 192355.0 163364.0 173949.0 172259.0 153733.0 165174.0 149295.0 142459.0 148001.0 140746.0 143231.0 146520.0
213 116929.0 149072.0 148616.0 140617.0 152526.0 156169.0 154685.0 155782.0 179708.0 140851.0 155005.0 139615.0 191991.0 133356.0 130376.0 148584.0 73673.0 147834.0 160796.0 204260.0 189040.0 141786.0 169003.0 164933.0 151677.0 160876.0 133737.0 135680.0 136473.0 127009.0 115170.0 129914.0
216 74777.0 131035.0 128141.0 123827.0 130627.0 145681.0 132860.0 147085.0 165436.0 106842.0 122261.0 100908.0 173084.0 100440.0 92569.0 136641.0 30348.0 132583.0 139981.0 134027.0 176525.0 95799.0 152746.0 137407.0 140714.0 145098.0 95009.0 113601.0 106726.0 89537.0 66973.0 93844.0
219 27088.0 82620.0 82109.0 79835.0 78688.0 107655.0 82454.0 113398.0 118937.0 50201.0 62202.0 44328.0 116186.0 48410.0 38676.0 99739.0 8397.0 89890.0 90084.0 50133.0 138386.0 40140.0 107738.0 80711.0 109043.0 104778.0 40610.0 65937.0 54781.0 38837.0 22522.0 43536.0
222 7316.0 29549.0 32808.0 31444.0 26794.0 50380.0 30149.0 57244.0 52815.0 13735.0 18546.0 12207.0 45550.0 13912.0 10391.0 49779.0 4153.0 36383.0 36216.0 13375.0 75039.0 10954.0 48718.0 28870.0 57758.0 50469.0 11423.0 23029.0 17136.0 10513.0 6781.0 12715.0
225 3965.0 7148.0 7972.0 7388.0 6825.0 12050.0 7412.0 13864.0 11930.0 4947.0 5789.0 4787.0 10641.0 4715.0 4556.0 12937.0 3387.0 8205.0 8810.0 7302.0 20667.0 5217.0 11734.0 7653.0 16034.0 12991.0 4892.0 5864.0 5432.0 4498.0 4256.0 4794.0
228 3446.0 4569.0 4779.0 4359.0 4641.0 5612.0 4941.0 5722.0 5998.0 4403.0 4660.0 4206.0 6191.0 3985.0 3920.0 5505.0 2934.0 4707.0 5376.0 6530.0 8022.0 4571.0 5876.0 5393.0 6058.0 6143.0 4160.0 4225.0 4255.0 3858.0 3858.0 3925.0
231 2961.0 4156.0 4142.0 3627.0 4175.0 4653.0 4252.0 4673.0 5272.0 3754.0 4070.0 3780.0 5507.0 3582.0 3542.0 4500.0 2564.0 4093.0 4541.0 5614.0 5966.0 4033.0 5025.0 4538.0 4580.0 4949.0 3634.0 3836.0 3822.0 3311.0 3208.0 3491.0
234 2626.0 3694.0 3845.0 3258.0 3679.0 4238.0 3807.0 4172.0 4739.0 3200.0 3585.0 3292.0 4907.0 3103.0 3029.0 3922.0 2247.0 3611.0 4128.0 4854.0 5193.0 3685.0 4612.0 4121.0 3858.0 4402.0 3205.0 3324.0 3347.0 2927.0 2913.0 2937.0
237 2305.0 3111.0 3261.0 2952.0 3132.0 3831.0 3337.0 3749.0 4113.0 2889.0 3188.0 2730.0 4259.0 2686.0 2710.0 3521.0 2075.0 3136.0 3558.0 4239.0 4580.0 3129.0 4091.0 3650.0 3570.0 3999.0 2853.0 2962.0 2876.0 2735.0 2580.0 2776.0
240 2166.0 2799.0 2928.0 2595.0 2866.0 3341.0 3012.0 3300.0 3558.0 2789.0 2924.0 2530.0 3810.0 2458.0 2565.0 3087.0 2138.0 2712.0 3207.0 4074.0 4024.0 2955.0 3684.0 3343.0 3142.0 3462.0 2710.0 2705.0 2608.0 2565.0 2397.0 2500.0
243 2059.0 2658.0 2832.0 2419.0 2704.0 3114.0 2925.0 3082.0 3423.0 2600.0 2818.0 2460.0 3569.0 2372.0 2520.0 2938.0 1976.0 2609.0 3157.0 3952.0 3830.0 3074.0 3477.0 3197.0 2951.0 3292.0 2579.0 2631.0 2642.0 2477.0 2493.0 2456.0
246 2066.0 2699.0 2787.0 2367.0 2612.0 2993.0 2766.0 2961.0 3345.0 2579.0 2726.0 2266.0 3503.0 2317.0 2394.0 2744.0 1844.0 2519.0 3044.0 3769.0 3543.0 2871.0 3350.0 2941.0 2828.0 3207.0 2500.0 2526.0 2524.0 2387.0 2307.0 2459.0
249 1930.0 2560.0 2683.0 2224.0 2630.0 2793.0 2768.0 2988.0 3318.0 2415.0 2636.0 2281.0 3329.0 2285.0 2312.0 2693.0 1723.0 2462.0 3004.0 3750.0 3448.0 2688.0 3148.0 2966.0 2661.0 3110.0 2312.0 2437.0 2496.0 2258.0 2362.0 2312.0
252 1885.0 2515.0 2682.0 2120.0 2516.0 2923.0 2606.0 2982.0 3129.0 2430.0 2535.0 2264.0 3260.0 2188.0 2291.0 2728.0 1489.0 2454.0 2926.0 3438.0 3558.0 2599.0 3159.0 2942.0 2672.0 3026.0 2356.0 2444.0 2325.0 2251.0 2172.0 2279.0
255 1737.0 2385.0 2440.0 2096.0 2490.0 2761.0 2608.0 2848.0 3022.0 2138.0 2375.0 2036.0 3129.0 2015.0 2137.0 2670.0 1064.0 2319.0 2815.0 3053.0 3455.0 2387.0 3025.0 2803.0 2609.0 2961.0 2146.0 2324.0 2259.0 2127.0 1832.0 2101.0
258 1116.0 2164.0 2271.0 1938.0 2230.0 2545.0 2171.0 2711.0 2744.0 1763.0 1842.0 1533.0 2935.0 1601.0 1584.0 2265.0 379.0 2166.0 2527.0 1967.0 3171.0 1717.0 2858.0 2458.0 2366.0 2786.0 1580.0 2074.0 1759.0 1493.0 1115.0 1559.0
261 604.0 1886.0 1916.0 1618.0 1788.0 2437.0 1870.0 2514.0 2445.0 1259.0 1342.0 946.0 2623.0 1141.0 944.0 2086.0 146.0 1874.0 2116.0 1059.0 2906.0 973.0 2541.0 2059.0 2236.0 2600.0 1005.0 1679.0 1246.0 973.0 507.0 914.0
264 267.0 1364.0 1416.0 1154.0 1288.0 1995.0 1222.0 2070.0 1841.0 716.0 734.0 445.0 1935.0 571.0 476.0 1691.0 77.0 1300.0 1555.0 448.0 2622.0 504.0 1896.0 1548.0 1833.0 2103.0 458.0 1184.0 717.0 494.0 224.0 545.0
267 140.0 755.0 851.0 666.0 725.0 1335.0 709.0 1613.0 1120.0 259.0 307.0 173.0 1215.0 254.0 172.0 1093.0 75.0 742.0 835.0 167.0 2060.0 145.0 1131.0 857.0 1388.0 1405.0 174.0 601.0 292.0 176.0 106.0 190.0
270 67.0 313.0 393.0 265.0 280.0 698.0 242.0 985.0 487.0 128.0 131.0 98.0 557.0 114.0 104.0 611.0 60.0 330.0 366.0 126.0 1204.0 90.0 540.0 355.0 820.0 789.0 105.0 232.0 143.0 93.0 73.0 89.0
273 71.0 116.0 153.0 116.0 102.0 256.0 118.0 362.0 175.0 104.0 86.0 74.0 187.0 63.0 72.0 242.0 47.0 126.0 147.0 127.0 615.0 88.0 209.0 133.0 348.0 334.0 84.0 124.0 84.0 69.0 74.0 93.0
276 68.0 86.0 95.0 75.0 100.0 148.0 106.0 164.0 141.0 77.0 78.0 68.0 124.0 65.0 83.0 115.0 51.0 93.0 111.0 112.0 236.0 99.0 126.0 133.0 174.0 137.0 62.0 95.0 83.0 74.0 78.0 73.0
279 41.0 74.0 95.0 78.0 79.0 98.0 79.0 113.0 100.0 68.0 73.0 58.0 113.0 63.0 76.0 87.0 45.0 68.0 91.0 94.0 147.0 74.0 106.0 87.0 96.0 110.0 65.0 83.0 67.0 63.0 51.0 63.0
282 55.0 68.0 87.0 54.0 61.0 110.0 79.0 87.0 95.0 60.0 75.0 47.0 92.0 53.0 62.0 100.0 49.0 61.0 89.0 112.0 125.0 66.0 100.0 85.0 73.0 112.0 57.0 76.0 77.0 51.0 64.0 64.0
285 48.0 62.0 80.0 53.0 74.0 101.0 82.0 88.0 84.0 51.0 49.0 55.0 78.0 70.0 62.0 96.0 34.0 56.0 87.0 84.0 122.0 58.0 98.0 83.0 81.0 113.0 74.0 85.0 50.0 60.0 51.0 54.0
288 36.0 76.0 63.0 54.0 65.0 88.0 73.0 95.0 83.0 62.0 77.0 50.0 73.0 61.0 62.0 76.0 31.0 69.0 67.0 80.0 89.0 67.0 93.0 83.0 83.0 97.0 51.0 61.0 59.0 51.0 57.0 55.0
291 41.0 60.0 61.0 47.0 67.0 83.0 80.0 79.0 66.0 58.0 58.0 42.0 84.0 55.0 49.0 69.0 28.0 65.0 80.0 71.0 92.0 69.0 78.0 61.0 86.0 94.0 51.0 63.0 42.0 43.0 53.0 52.0
294 35.0 50.0 47.0 39.0 54.0 73.0 51.0 89.0 80.0 71.0 54.0 46.0 88.0 54.0 43.0 56.0 26.0 64.0 85.0 77.0 77.0 74.0 87.0 68.0 58.0 95.0 50.0 69.0 56.0 48.0 46.0 45.0
297 27.0 73.0 54.0 34.0 51.0 79.0 72.0 77.0 87.0 53.0 58.0 29.0 74.0 42.0 35.0 67.0 12.0 58.0 73.0 47.0 92.0 58.0 75.0 74.0 66.0 75.0 48.0 64.0 54.0 39.0 36.0 48.0
300 22.0 71.0 52.0 50.0 61.0 73.0 65.0 73.0 72.0 48.0 44.0 41.0 76.0 45.0 47.0 58.0 8.0 46.0 59.0 47.0 79.0 37.0 81.0 65.0 60.0 77.0 39.0 49.0 47.0 37.0 21.0 31.0
303 22.0 52.0 50.0 36.0 41.0 64.0 47.0 59.0 66.0 44.0 33.0 17.0 74.0 28.0 40.0 55.0 7.0 67.0 77.0 32.0 78.0 30.0 76.0 63.0 58.0 78.0 34.0 58.0 33.0 36.0 17.0 28.0
306 16.0 42.0 49.0 46.0 46.0 57.0 48.0 66.0 61.0 23.0 24.0 15.0 62.0 14.0 13.0 60.0 3.0 46.0 48.0 7.0 81.0 29.0 62.0 56.0 57.0 79.0 19.0 36.0 30.0 23.0 5.0 23.0
309 4.0 38.0 44.0 36.0 29.0 53.0 33.0 56.0 38.0 19.0 16.0 9.0 56.0 14.0 5.0 37.0 1.0 28.0 40.0 7.0 74.0 11.0 58.0 45.0 40.0 54.0 9.0 43.0 18.0 10.0 4.0 8.0
312 1.0 14.0 26.0 16.0 24.0 54.0 27.0 39.0 35.0 4.0 10.0 6.0 26.0 6.0 7.0 33.0 1.0 18.0 36.0 4.0 69.0 0.0 41.0 30.0 47.0 56.0 1.0 25.0 6.0 9.0 3.0 9.0
315 0.0 10.0 20.0 11.0 10.0 28.0 7.0 38.0 15.0 8.0 6.0 1.0 20.0 5.0 3.0 17.0 3.0 10.0 18.0 5.0 43.0 2.0 20.0 22.0 35.0 26.0 3.0 8.0 6.0 5.0 2.0 3.0
318 2.0 8.0 6.0 7.0 5.0 13.0 3.0 22.0 5.0 7.0 6.0 2.0 9.0 3.0 3.0 8.0 2.0 7.0 14.0 3.0 34.0 1.0 12.0 13.0 21.0 37.0 5.0 4.0 4.0 5.0 0.0 3.0
321 2.0 3.0 9.0 2.0 4.0 8.0 0.0 12.0 7.0 2.0 2.0 1.0 4.0 7.0 5.0 6.0 0.0 3.0 4.0 2.0 13.0 2.0 6.0 4.0 12.0 10.0 0.0 3.0 5.0 3.0 1.0 2.0
324 3.0 3.0 3.0 3.0 3.0 2.0 4.0 8.0 3.0 4.0 1.0 4.0 9.0 1.0 4.0 4.0 3.0 3.0 6.0 0.0 8.0 1.0 2.0 4.0 6.0 5.0 5.0 4.0 2.0 3.0 2.0 1.0
327 2.0 6.0 4.0 1.0 2.0 5.0 2.0 8.0 4.0 1.0 1.0 1.0 5.0 1.0 1.0 2.0 1.0 3.0 2.0 3.0 3.0 2.0 4.0 5.0 4.0 1.0 6.0 3.0 1.0 3.0 3.0 0.0
330 2.0 1.0 4.0 0.0 5.0 5.0 2.0 4.0 5.0 2.0 1.0 1.0 3.0 1.0 1.0 1.0 0.0 3.0 7.0 2.0 3.0 2.0 2.0 2.0 3.0 5.0 0.0 4.0 1.0 1.0 0.0 2.0
333 1.0 2.0 6.0 3.0 2.0 2.0 4.0 6.0 4.0 1.0 1.0 0.0 3.0 1.0 3.0 0.0 2.0 3.0 5.0 1.0 7.0 1.0 5.0 0.0 1.0 1.0 1.0 4.0 1.0 1.0 4.0 3.0
336 0.0 0.0 3.0 0.0 1.0 4.0 3.0 1.0 0.0 1.0 3.0 0.0 2.0 0.0 0.0 1.0 0.0 4.0 2.0 5.0 3.0 2.0 2.0 1.0 1.0 3.0 1.0 4.0 2.0 0.0 1.0 0.0
339 1.0 4.0 3.0 4.0 1.0 3.0 0.0 1.0 2.0 3.0 0.0 2.0 1.0 0.0 2.0 4.0 0.0 0.0 2.0 0.0 1.0 3.0 6.0 0.0 1.0 3.0 5.0 4.0 0.0 0.0 1.0 5.0
342 0.0 2.0 2.0 2.0 2.0 1.0 1.0 0.0 4.0 1.0 1.0 1.0 5.0 2.0 0.0 3.0 0.0 1.0 4.0 0.0 2.0 2.0 0.0 3.0 3.0 3.0 2.0 4.0 2.0 2.0 2.0 1.0
345 3.0 1.0 4.0 3.0 5.0 2.0 3.0 5.0 3.0 0.0 3.0 2.0 4.0 1.0 1.0 2.0 2.0 2.0 3.0 2.0 3.0 1.0 4.0 1.0 7.0 3.0 2.0 7.0 7.0 2.0 1.0 2.0
348 1.0 4.0 2.0 1.0 1.0 1.0 3.0 1.0 0.0 0.0 2.0 1.0 3.0 1.0 0.0 2.0 0.0 0.0 2.0 2.0 7.0 2.0 5.0 2.0 4.0 3.0 2.0 1.0 0.0 0.0 0.0 2.0
351 2.0 1.0 2.0 0.0 1.0 3.0 3.0 3.0 2.0 1.0 1.0 0.0 2.0 0.0 1.0 2.0 0.0 0.0 5.0 1.0 0.0 2.0 3.0 0.0 2.0 2.0 1.0 2.0 2.0 1.0 1.0 3.0
354 0.0 2.0 2.0 0.0 1.0 6.0 1.0 0.0 2.0 0.0 1.0 0.0 0.0 0.0 3.0 0.0 1.0 1.0 2.0 1.0 2.0 0.0 5.0 4.0 1.0 6.0 3.0 1.0 0.0 0.0 0.0 2.0
357 1.0 4.0 2.0 0.0 1.0 3.0 0.0 5.0 1.0 0.0 0.0 0.0 3.0 0.0 1.0 4.0 0.0 0.0 2.0 1.0 2.0 1.0 2.0 1.0 1.0 0.0 0.0 0.0 0.0 1.0 0.0 0.0
