150 3733.0 4215.0 3237.0 5664.0 5561.0 5430.0 3690.0 4941.0 6290.0 5845.0 4616.0 4534.0 7064.0 7317.0 5725.0 6475.0 4234.0 1431.0 4841.0 5113.0 3612.0 3527.0 1977.0 5784.0 5689.0 6214.0 5657.0 8163.0 5254.0 5409.0 5050.0 4480.0
153 25630.0 28935.0 21257.0 34308.0 36447.0 37936.0 22163.0 33069.0 40513.0 37940.0 33124.0 29367.0 50359.0 48429.0 38928.0 39534.0 29513.0 13626.0 36314.0 31636.0 27814.0 26448.0 17373.0 40751.0 40753.0 48034.0 38575.0 60863.0 44662.0 48249.0 39023.0 38317.0
156 9865653.0 9863868.0 9837899.0 9827755.0 9858362.0 9837533.0 9822390.0 9831576.0 9849063.0 9831027.0 9857154.0 9819644.0 9868715.0 9860252.0 9869607.0 9821444.0 9862749.0 9821610.0 9876125.0 9844983.0 9832358.0 9850884.0 9799167.0 9851283.0 9835325.0 9863261.0 9828948.0 9885606.0 9850861.0 9884847.0 9856477.0 9877290.0
159 18490008.0 18486536.0 18480323.0 18449124.0 18474607.0 18449719.0 18471685.0 18451384.0 18466461.0 18448931.0 18471563.0 18451131.0 18469608.0 18470424.0 18476855.0 18445740.0 18475732.0 18482420.0 18477707.0 18468369.0 18454679.0 18479470.0 18454880.0 18466461.0 18446629.0 18469521.0 18444468.0 18465316.0 18449496.0 18471268.0 18473162.0 18484610.0
162 18925978.0 18923043.0 18916315.0 18890303.0 18912673.0 18890532.0 18908478.0 18891453.0 18904728.0 18889762.0 18908829.0 18891338.0 18907695.0 18906944.0 18913995.0 18886369.0 18911775.0 18916645.0 18913551.0 18904333.0 18893506.0 18913641.0 18894664.0 18903248.0 18886317.0 18904838.0 18884808.0 18901791.0 18888686.0 18906308.0 18907518.0 18915458.0
165 19103447.0 19100620.0 19095399.0 19076293.0 19091486.0 19077019.0 19089267.0 19077297.0 19085937.0 19075983.0 19090059.0 19077536.0 19087755.0 19087836.0 19093462.0 19072764.0 19092530.0 19098721.0 19093865.0 19086876.0 19079776.0 19094951.0 19081113.0 19086261.0 19072996.0 19086966.0 19071804.0 19084298.0 19075150.0 19088301.0 19088986.0 19094377.0
168 19460406.0 19458798.0 19453867.0 19436464.0 19449934.0 19437761.0 19447712.0 19438275.0 19443163.0 19436157.0 19450628.0 19437952.0 19445097.0 19443559.0 19450550.0 19431942.0 19452832.0 19458239.0 19453350.0 19445296.0 19443278.0 19453917.0 19444297.0 19443481.0 19432826.0 19443235.0 19431674.0 19441062.0 19435773.0 19447948.0 19445938.0 19451793.0
171 19834180.0 19834141.0 19833149.0 19827988.0 19833667.0 19827419.0 19832691.0 19827327.0 19832944.0 19824552.0 19833502.0 19826046.0 19833283.0 19833577.0 19835456.0 19820217.0 19834615.0 19835143.0 19835162.0 19832984.0 19827708.0 19835112.0 19827739.0 19832894.0 19823954.0 19833047.0 19824039.0 19832831.0 19826015.0 19832956.0 19833772.0 19834771.0
174 19745718.0 19745877.0 19745434.0 19746288.0 19745909.0 19745745.0 19745708.0 19746076.0 19746270.0 19744430.0 19746063.0 19745276.0 19746516.0 19747621.0 19747866.0 19741962.0 19746904.0 19747365.0 19747210.0 19746319.0 19743215.0 19747071.0 19742925.0 19746322.0 19742200.0 19746422.0 19741864.0 19745925.0 19742449.0 19745719.0 19746380.0 19746385.0
177 19467645.0 19467873.0 19467142.0 19467224.0 19467639.0 19466814.0 19467019.0 19466714.0 19467390.0 19466539.0 19467373.0 19467280.0 19467831.0 19468482.0 19469043.0 19466106.0 19468004.0 19468524.0 19468132.0 19467655.0 19465920.0 19467932.0 19465710.0 19467294.0 19465251.0 19467274.0 19464697.0 19466900.0 19464947.0 19466779.0 19467169.0 19467393.0
180 19377468.0 19364540.0 19357075.0 19266785.0 19336286.0 19231131.0 19333542.0 19243465.0 19304980.0 19254833.0 19288173.0 19265447.0 19305718.0 19317524.0 19319354.0 19284781.0 19293837.0 19304148.0 19301089.0 19292785.0 19241976.0 19291535.0 19242346.0 19279476.0 19245765.0 19282863.0 19236543.0 19269715.0 19234941.0 19270539.0 19281822.0 19289750.0
183 17158962.0 16971263.0 16972926.0 16284870.0 16728438.0 16061255.0 16808220.0 16181078.0 16543250.0 16197681.0 16410061.0 16262233.0 16542500.0 16670553.0 16641093.0 16456086.0 16475719.0 16589156.0 16557005.0 16581381.0 16198628.0 16539688.0 16206605.0 16476964.0 16216878.0 16534614.0 16191089.0 16449168.0 16152870.0 16474302.0 16573899.0 16647636.0
186 9600621.0 9448716.0 9767249.0 9799270.0 9581171.0 9473717.0 9828099.0 9799230.0 9564317.0 9808619.0 9334325.0 9932442.0 9579699.0 9920543.0 9847674.0 10334787.0 9451090.0 9714017.0 9632951.0 9760103.0 9682989.0 9643611.0 9706944.0 9536842.0 9713108.0 9626830.0 9664761.0 9421706.0 9455924.0 9436174.0 9649871.0 9594161.0
189 7699393.0 7525452.0 7898331.0 8265411.0 7696212.0 7899601.0 7986185.0 8313959.0 7698620.0 8282625.0 7459490.0 8426477.0 7697817.0 8096456.0 7976056.0 8945684.0 7527262.0 7815088.0 7716419.0 7886261.0 8126904.0 7727020.0 8151568.0 7617794.0 8171520.0 7713774.0 8155421.0 7488829.0 7899411.0 7498821.0 7699117.0 7597711.0
192 134336.0 126125.0 137225.0 163315.0 144289.0 137903.0 156563.0 152542.0 151744.0 153867.0 122789.0 170595.0 149995.0 212327.0 176437.0 268006.0 127070.0 139942.0 149851.0 175022.0 159918.0 148029.0 133473.0 150206.0 161540.0 158455.0 175768.0 171374.0 149996.0 148452.0 162317.0 146951.0
195 118773.0 116479.0 108359.0 133280.0 124476.0 120328.0 105832.0 115391.0 129559.0 119227.0 112716.0 118618.0 120616.0 131332.0 121448.0 134346.0 113115.0 101302.0 120322.0 124231.0 131201.0 113448.0 107097.0 125121.0 119986.0 117442.0 131204.0 146793.0 116288.0 118985.0 123783.0 117151.0
198 118167.0 115671.0 107624.0 131090.0 124105.0 119666.0 104452.0 114761.0 129307.0 118114.0 111947.0 116171.0 119844.0 127119.0 119879.0 123755.0 113028.0 100590.0 119529.0 122768.0 130010.0 112935.0 106530.0 123789.0 118667.0 115562.0 128942.0 145880.0 115663.0 118309.0 122258.0 116079.0
201 118618.0 116143.0 106930.0 130393.0 123877.0 119518.0 104117.0 114127.0 129104.0 118162.0 112290.0 115948.0 119346.0 126854.0 120253.0 122756.0 112434.0 99908.0 119437.0 122319.0 130414.0 112413.0 105750.0 123992.0 119127.0 115608.0 128288.0 146335.0 114756.0 117450.0 122302.0 115416.0
204 118491.0 116052.0 106633.0 130849.0 122505.0 119002.0 104061.0 113477.0 129560.0 117871.0 111450.0 115979.0 119817.0 127054.0 119871.0 123306.0 112019.0 100177.0 119601.0 122613.0 129250.0 111791.0 106111.0 123578.0 118886.0 114997.0 128144.0 146038.0 114616.0 117138.0 121518.0 115314.0
207 117475.0 115556.0 108501.0 130530.0 122785.0 118804.0 104044.0 113706.0 129373.0 117774.0 111297.0 114873.0 119756.0 126645.0 120240.0 123434.0 112890.0 97844.0 118722.0 121890.0 129052.0 111601.0 104514.0 123002.0 118381.0 115943.0 128659.0 146210.0 114009.0 117978.0 121434.0 115723.0
210 115347.0 114730.0 106572.0 130415.0 123070.0 118125.0 103718.0 113047.0 128660.0 117486.0 110330.0 115279.0 118957.0 125979.0 119918.0 123472.0 110512.0 90498.0 118206.0 122427.0 124633.0 110133.0 99414.0 123160.0 119062.0 115323.0 127318.0 145011.0 114270.0 117202.0 120583.0 114971.0
213 101782.0 110868.0 102083.0 129436.0 121423.0 116396.0 102654.0 111783.0 127644.0 116486.0 105354.0 113921.0 119064.0 126199.0 118132.0 122548.0 101979.0 64271.0 113268.0 121329.0 108514.0 100837.0 76437.0 121605.0 117769.0 114869.0 127020.0 144108.0 112220.0 113769.0 119519.0 111611.0
216 66424.0 89040.0 80918.0 126881.0 115286.0 106292.0 99472.0 105342.0 125137.0 114347.0 82302.0 107727.0 116177.0 126036.0 114996.0 123224.0 74363.0 27056.0 95123.0 117136.0 64501.0 72191.0 35946.0 116579.0 115933.0 113521.0 122986.0 140360.0 102671.0 101212.0 112339.0 99099.0
219 25560.0 44814.0 41828.0 112004.0 89193.0 77118.0 81097.0 84913.0 109689.0 101303.0 44599.0 85315.0 109107.0 123522.0 97453.0 121180.0 34247.0 6793.0 54056.0 100094.0 20105.0 32342.0 9518.0 95707.0 105045.0 107834.0 103948.0 123284.0 74852.0 70352.0 87077.0 68969.0
222 6402.0 11209.0 10699.0 68377.0 41075.0 31775.0 41636.0 45469.0 69468.0 61992.0 13384.0 45002.0 81620.0 112429.0 55817.0 110973.0 8954.0 2658.0 14925.0 58728.0 5005.0 8312.0 3130.0 48161.0 71687.0 83338.0 59665.0 78080.0 32110.0 28333.0 42078.0 26488.0
225 3269.0 3839.0 3570.0 24135.0 11674.0 8491.0 11514.0 14988.0 26663.0 21338.0 4382.0 15071.0 41214.0 78583.0 19038.0 81944.0 3686.0 2219.0 4503.0 19950.0 3384.0 3372.0 2438.0 14720.0 28898.0 41334.0 19824.0 30926.0 8865.0 7687.0 12155.0 7052.0
228 2687.0 2915.0 2608.0 6072.0 4260.0 3674.0 3572.0 4352.0 6678.0 5458.0 2879.0 4581.0 12042.0 30592.0 5346.0 35532.0 2928.0 1780.0 3206.0 5372.0 2808.0 2671.0 2063.0 4800.0 7244.0 10631.0 5659.0 8364.0 3652.0 3471.0 4072.0 3354.0
231 2203.0 2499.0 2244.0 3994.0 3366.0 3054.0 2875.0 3127.0 3866.0 3534.0 2493.0 3289.0 4414.0 8258.0 3525.0 9822.0 2440.0 1526.0 3000.0 3572.0 2445.0 2242.0 1731.0 3574.0 3839.0 4167.0 3810.0 4597.0 2947.0 2934.0 3433.0 3039.0
234 2024.0 2131.0 1913.0 3485.0 2892.0 2730.0 2464.0 2722.0 3449.0 3136.0 2207.0 2817.0 3464.0 4217.0 3108.0 4512.0 2044.0 1389.0 2432.0 3132.0 2076.0 1943.0 1487.0 3210.0 3205.0 3278.0 3348.0 4005.0 2592.0 2498.0 2978.0 2555.0
237 1794.0 1977.0 1702.0 3112.0 2486.0 2438.0 2114.0 2438.0 2954.0 2770.0 1897.0 2348.0 3096.0 3730.0 2743.0 3585.0 1972.0 1292.0 2240.0 2797.0 1999.0 1702.0 1494.0 2790.0 2809.0 2946.0 2907.0 3549.0 2210.0 2301.0 2583.0 2238.0
240 1795.0 1945.0 1568.0 2770.0 2340.0 2292.0 1862.0 2152.0 2701.0 2499.0 1843.0 2194.0 2699.0 3121.0 2416.0 3241.0 1839.0 1301.0 2065.0 2413.0 1981.0 1705.0 1358.0 2443.0 2495.0 2544.0 2514.0 3165.0 2112.0 2031.0 2343.0 2110.0
243 1742.0 1863.0 1572.0 2559.0 2188.0 2168.0 1743.0 2112.0 2443.0 2301.0 1836.0 2023.0 2417.0 2848.0 2217.0 2940.0 1872.0 1187.0 2007.0 2368.0 1928.0 1658.0 1402.0 2371.0 2299.0 2386.0 2413.0 2978.0 1995.0 2018.0 2295.0 1984.0
246 1731.0 1889.0 1568.0 2539.0 2114.0 2067.0 1832.0 2024.0 2555.0 2147.0 1815.0 2072.0 2434.0 2592.0 2180.0 2580.0 1803.0 1199.0 1893.0 2222.0 1848.0 1616.0 1240.0 2320.0 2258.0 2277.0 2411.0 2803.0 1932.0 1867.0 2173.0 2028.0
249 1616.0 1822.0 1525.0 2548.0 2067.0 2079.0 1703.0 1946.0 2331.0 2126.0 1812.0 1964.0 2255.0 2519.0 2073.0 2522.0 1771.0 991.0 1882.0 2109.0 1793.0 1613.0 1222.0 2305.0 2248.0 2186.0 2384.0 2837.0 1926.0 1871.0 2131.0 1962.0
252 1530.0 1779.0 1518.0 2419.0 2002.0 2068.0 1633.0 1895.0 2242.0 2152.0 1661.0 1970.0 2280.0 2487.0 2145.0 2474.0 1705.0 797.0 1807.0 2116.0 1589.0 1548.0 1022.0 2142.0 2174.0 2088.0 2284.0 2746.0 1877.0 1867.0 2099.0 1874.0
255 1251.0 1582.0 1394.0 2333.0 1995.0 1919.0 1654.0 1851.0 2227.0 2172.0 1657.0 1823.0 2307.0 2314.0 2027.0 2402.0 1536.0 461.0 1758.0 2002.0 1310.0 1388.0 652.0 2201.0 2174.0 2109.0 2269.0 2740.0 1753.0 1744.0 2057.0 1826.0
258 636.0 1058.0 849.0 2165.0 1763.0 1776.0 1561.0 1688.0 2162.0 2004.0 1095.0 1709.0 2002.0 2394.0 1918.0 2318.0 932.0 82.0 1331.0 1956.0 416.0 750.0 149.0 2051.0 2033.0 1996.0 2109.0 2574.0 1566.0 1627.0 1809.0 1548.0
261 315.0 651.0 488.0 2071.0 1567.0 1430.0 1281.0 1499.0 2056.0 1879.0 708.0 1428.0 2021.0 2254.0 1780.0 2280.0 528.0 44.0 944.0 1815.0 148.0 398.0 62.0 1799.0 1874.0 1903.0 1929.0 2403.0 1334.0 1234.0 1619.0 1213.0
264 98.0 263.0 197.0 1703.0 1123.0 954.0 956.0 1191.0 1741.0 1576.0 333.0 1041.0 1799.0 2200.0 1480.0 2202.0 234.0 19.0 453.0 1364.0 59.0 144.0 41.0 1504.0 1709.0 1840.0 1671.0 2123.0 943.0 836.0 1131.0 772.0
267 50.0 115.0 63.0 1162.0 585.0 522.0 546.0 740.0 1206.0 1118.0 132.0 653.0 1654.0 2001.0 1040.0 2143.0 92.0 38.0 152.0 952.0 53.0 61.0 35.0 845.0 1361.0 1547.0 1081.0 1619.0 499.0 390.0 643.0 334.0
270 46.0 52.0 41.0 554.0 237.0 188.0 191.0 354.0 728.0 561.0 81.0 307.0 1094.0 1892.0 530.0 1893.0 60.0 23.0 80.0 488.0 51.0 52.0 35.0 377.0 830.0 1180.0 459.0 1006.0 197.0 133.0 237.0 129.0
273 55.0 63.0 50.0 202.0 95.0 98.0 90.0 156.0 390.0 240.0 63.0 155.0 746.0 1501.0 218.0 1514.0 64.0 27.0 59.0 185.0 34.0 46.0 21.0 141.0 367.0 671.0 218.0 480.0 64.0 82.0 106.0 70.0
276 39.0 42.0 34.0 104.0 61.0 62.0 61.0 78.0 158.0 103.0 60.0 82.0 323.0 907.0 112.0 910.0 59.0 13.0 42.0 103.0 39.0 33.0 33.0 94.0 158.0 266.0 106.0 176.0 58.0 60.0 69.0 70.0
279 32.0 55.0 27.0 80.0 73.0 59.0 38.0 57.0 91.0 85.0 42.0 56.0 161.0 376.0 81.0 455.0 57.0 17.0 47.0 74.0 31.0 32.0 30.0 80.0 90.0 117.0 79.0 129.0 49.0 50.0 71.0 49.0
282 42.0 46.0 37.0 69.0 57.0 56.0 54.0 52.0 70.0 77.0 51.0 53.0 84.0 157.0 53.0 187.0 39.0 28.0 45.0 66.0 40.0 36.0 30.0 60.0 80.0 89.0 71.0 106.0 54.0 60.0 67.0 60.0
285 42.0 30.0 25.0 76.0 57.0 54.0 52.0 65.0 80.0 67.0 46.0 44.0 72.0 102.0 62.0 116.0 53.0 20.0 42.0 58.0 30.0 26.0 28.0 56.0 73.0 72.0 68.0 92.0 48.0 50.0 63.0 50.0
288 25.0 36.0 29.0 67.0 47.0 45.0 30.0 53.0 78.0 70.0 46.0 40.0 68.0 87.0 57.0 89.0 51.0 14.0 42.0 57.0 27.0 38.0 29.0 73.0 60.0 62.0 68.0 91.0 44.0 42.0 54.0 48.0
291 33.0 37.0 32.0 70.0 64.0 51.0 42.0 48.0 65.0 55.0 33.0 54.0 70.0 80.0 55.0 98.0 41.0 7.0 36.0 54.0 27.0 41.0 18.0 59.0 73.0 59.0 75.0 90.0 50.0 51.0 63.0 37.0
294 29.0 32.0 29.0 55.0 47.0 57.0 33.0 54.0 77.0 43.0 36.0 55.0 69.0 60.0 42.0 68.0 25.0 5.0 35.0 50.0 20.0 29.0 9.0 61.0 62.0 58.0 76.0 75.0 46.0 37.0 41.0 41.0
297 20.0 30.0 20.0 63.0 50.0 41.0 48.0 70.0 54.0 52.0 30.0 52.0 72.0 61.0 58.0 71.0 28.0 2.0 36.0 64.0 27.0 27.0 1.0 52.0 65.0 69.0 62.0 68.0 41.0 37.0 39.0 52.0
300 15.0 24.0 10.0 53.0 42.0 42.0 36.0 41.0 54.0 56.0 25.0 44.0 59.0 51.0 52.0 89.0 27.0 1.0 34.0 59.0 8.0 10.0 3.0 60.0 58.0 49.0 60.0 65.0 44.0 41.0 44.0 35.0
303 4.0 23.0 5.0 43.0 39.0 45.0 35.0 39.0 57.0 50.0 20.0 43.0 56.0 58.0 51.0 70.0 20.0 1.0 26.0 51.0 6.0 10.0 1.0 49.0 63.0 40.0 52.0 83.0 36.0 30.0 39.0 41.0
306 4.0 13.0 8.0 58.0 35.0 39.0 28.0 35.0 62.0 54.0 12.0 32.0 70.0 76.0 43.0 66.0 4.0 0.0 21.0 55.0 5.0 2.0 2.0 51.0 36.0 48.0 43.0 64.0 19.0 27.0 43.0 24.0
309 4.0 4.0 3.0 43.0 27.0 29.0 27.0 26.0 61.0 42.0 1.0 20.0 63.0 62.0 37.0 70.0 4.0 3.0 8.0 30.0 1.0 4.0 0.0 37.0 36.0 61.0 35.0 71.0 32.0 15.0 27.0 17.0
312 0.0 3.0 2.0 45.0 15.0 15.0 16.0 22.0 40.0 41.0 4.0 23.0 34.0 56.0 36.0 65.0 5.0 1.0 7.0 32.0 3.0 2.0 0.0 24.0 38.0 46.0 45.0 56.0 23.0 9.0 15.0 12.0
315 1.0 2.0 1.0 16.0 9.0 9.0 10.0 16.0 23.0 18.0 1.0 12.0 38.0 47.0 19.0 51.0 3.0 1.0 3.0 15.0 2.0 5.0 2.0 17.0 32.0 41.0 27.0 33.0 10.0 8.0 8.0 3.0
318 0.0 1.0 5.0 16.0 9.0 4.0 5.0 6.0 23.0 9.0 2.0 6.0 35.0 58.0 17.0 53.0 4.0 3.0 3.0 14.0 2.0 0.0 0.0 12.0 20.0 23.0 8.0 27.0 4.0 4.0 4.0 1.0
321 1.0 0.0 2.0 13.0 2.0 1.0 4.0 4.0 11.0 8.0 1.0 4.0 19.0 45.0 5.0 43.0 1.0 1.0 3.0 5.0 0.0 1.0 1.0 4.0 6.0 18.0 6.0 13.0 5.0 2.0 2.0 3.0
324 2.0 3.0 1.0 3.0 2.0 4.0 3.0 7.0 5.0 5.0 3.0 4.0 13.0 21.0 6.0 30.0 4.0 1.0 4.0 0.0 1.0 4.0 0.0 5.0 8.0 10.0 4.0 10.0 6.0 3.0 4.0 2.0
327 0.0 1.0 1.0 3.0 3.0 3.0 1.0 5.0 2.0 3.0 0.0 4.0 5.0 24.0 3.0 16.0 3.0 0.0 1.0 3.0 2.0 1.0 0.0 8.0 3.0 5.0 1.0 8.0 5.0 2.0 3.0 1.0
330 2.0 1.0 1.0 2.0 1.0 1.0 7.0 7.0 2.0 4.0 3.0 1.0 8.0 10.0 3.0 13.0 0.0 0.0 3.0 1.0 1.0 1.0 0.0 3.0 2.0 5.0 0.0 2.0 0.0 1.0 2.0 2.0
333 2.0 1.0 0.0 2.0 3.0 1.0 1.0 1.0 0.0 4.0 4.0 1.0 4.0 9.0 5.0 11.0 2.0 2.0 2.0 4.0 2.0 3.0 0.0 1.0 0.0 4.0 3.0 7.0 1.0 0.0 1.0 1.0
336 0.0 1.0 2.0 5.0 1.0 3.0 2.0 1.0 2.0 3.0 1.0 0.0 2.0 1.0 3.0 6.0 2.0 1.0 4.0 0.0 1.0 2.0 2.0 2.0 7.0 0.0 3.0 2.0 1.0 2.0 3.0 3.0
339 0.0 2.0 4.0 1.0 5.0 5.0 1.0 4.0 5.0 2.0 2.0 4.0 5.0 0.0 6.0 6.0 4.0 0.0 3.0 3.0 1.0 0.0 1.0 5.0 2.0 6.0 4.0 4.0 4.0 1.0 6.0 5.0
342 1.0 1.0 1.0 1.0 2.0 1.0 2.0 2.0 0.0 6.0 0.0 1.0 3.0 4.0 2.0 5.0 2.0 0.0 0.0 4.0 0.0 0.0 1.0 0.0 3.0 6.0 3.0 1.0 2.0 1.0 3.0 2.0
345 0.0 2.0 2.0 3.0 3.0 2.0 1.0 0.0 1.0 1.0 2.0 3.0 2.0 3.0 4.0 6.0 2.0 0.0 1.0 4.0 0.0 0.0 2.0 3.0 7.0 3.0 3.0 7.0 3.0 3.0 6.0 2.0
348 1.0 2.0 0.0 4.0 0.0 2.0 2.0 1.0 1.0 1.0 1.0 2.0 2.0 2.0 3.0 8.0 1.0 0.0 0.0 2.0 1.0 0.0 0.0 3.0 1.0 1.0 1.0 2.0 0.0 1.0 1.0 2.0
351 0.0 2.0 0.0 2.0 3.0 1.0 1.0 0.0 3.0 2.0 1.0 0.0 3.0 3.0 1.0 4.0 0.0 0.0 0.0 3.0 0.0 0.0 0.0 0.0 2.0 3.0 1.0 2.0 1.0 2.0 2.0 0.0
354 1.0 2.0 3.0 3.0 3.0 2.0 2.0 4.0 4.0 2.0 1.0 6.0 3.0 1.0 2.0 3.0 1.0 1.0 2.0 4.0 1.0 3.0 1.0 5.0 4.0 2.0 2.0 4.0 4.0 2.0 2.0 2.0
357 2.0 0.0 0.0 3.0 1.0 1.0 0.0 2.0 3.0 1.0 2.0 2.0 6.0 4.0 3.0 2.0 0.0 0.0 0.0 4.0 1.0 0.0 0.0 0.0 2.0 4.0 0.0 2.0 1.0 1.0 0.0 2.0
