150 27070.0 10548.0 9618.0 15598.0 19096.0 14271.0 12072.0 16044.0 13324.0 16427.0 16262.0 9177.0 11607.0 9318.0 12153.0 10428.0 16104.0 13507.0 12100.0 13911.0 12420.0 12973.0 10637.0 20840.0 15409.0 19235.0 15664.0 12262.0 11980.0 16909.0 10766.0 9112.0
153 114171.0 47198.0 36990.0 63637.0 76654.0 63409.0 46992.0 71583.0 54639.0 83266.0 68211.0 34869.0 41777.0 36943.0 50967.0 35908.0 72419.0 60246.0 51232.0 59365.0 49087.0 48212.0 40816.0 97975.0 57568.0 88132.0 64172.0 46764.0 51770.0 82847.0 48356.0 35992.0
156 18437775.0 18438804.0 18436957.0 18424619.0 18429332.0 18425725.0 18434517.0 18427667.0 18433030.0 18426936.0 18432877.0 18429083.0 18435994.0 18436406.0 18435505.0 18425439.0 18433157.0 18431226.0 18435567.0 18431633.0 18425035.0 18431131.0 18426813.0 18428806.0 18417567.0 18429933.0 18418451.0 18428442.0 18427894.0 18433983.0 18438114.0 18436735.0
159 18673481.0 18673157.0 18671801.0 18664204.0 18668037.0 18665234.0 18670650.0 18666537.0 18670197.0 18665635.0 18670023.0 18667338.0 18671383.0 18671170.0 18671040.0 18665138.0 18669986.0 18668922.0 18671259.0 18669244.0 18665181.0 18669003.0 18665943.0 18667520.0 18657122.0 18668471.0 18657709.0 18667428.0 18666342.0 18671177.0 18672811.0 18672599.0
162 19034620.0 19033569.0 19032627.0 19028408.0 19031054.0 19029035.0 19031815.0 19029691.0 19031710.0 19029422.0 19031499.0 19030162.0 19031831.0 19031867.0 19031904.0 19029030.0 19031886.0 19031231.0 19032019.0 19031461.0 19029176.0 19031305.0 19029460.0 19030832.0 19023902.0 19031785.0 19023801.0 19031061.0 19029819.0 19033067.0 19033638.0 19033291.0
165 19299559.0 19298025.0 19297305.0 19294833.0 19297294.0 19295108.0 19296718.0 19295271.0 19296813.0 19295161.0 19296565.0 19295436.0 19296673.0 19296466.0 19296656.0 19295032.0 19296854.0 19296484.0 19296872.0 19296480.0 19295141.0 19296569.0 19295297.0 19296791.0 19292682.0 19297056.0 19292566.0 19296738.0 19295396.0 19297926.0 19297984.0 19297879.0
168 19486594.0 19485462.0 19484775.0 19482010.0 19484416.0 19482252.0 19484113.0 19482502.0 19483997.0 19482457.0 19483871.0 19482811.0 19484056.0 19484067.0 19484167.0 19482262.0 19484231.0 19483761.0 19484404.0 19483850.0 19482496.0 19483933.0 19482550.0 19484008.0 19480449.0 19484332.0 19480514.0 19483846.0 19482754.0 19485003.0 19485387.0 19485107.0
171 19770288.0 19769338.0 19768762.0 19765349.0 19768451.0 19765810.0 19768215.0 19766199.0 19768204.0 19766186.0 19767848.0 19766911.0 19768525.0 19768270.0 19768424.0 19765819.0 19768135.0 19767497.0 19768436.0 19767546.0 19765753.0 19767507.0 19765702.0 19767810.0 19763290.0 19767861.0 19763141.0 19767608.0 19765983.0 19768383.0 19768712.0 19768509.0
174 20026766.0 20024753.0 20023633.0 20021170.0 20025352.0 20021117.0 20023010.0 20021486.0 20023262.0 20021628.0 20022545.0 20023253.0 20023761.0 20021995.0 20022798.0 20022094.0 20021886.0 20021310.0 20021990.0 20020348.0 20019355.0 20020384.0 20018516.0 20020365.0 20016735.0 20019827.0 20015818.0 20020100.0 20018120.0 20020138.0 20020196.0 20020038.0
177 19692878.0 19688555.0 19679678.0 19641925.0 19697750.0 19622252.0 19672892.0 19618679.0 19668620.0 19613804.0 19666553.0 19637707.0 19678492.0 19658989.0 19661476.0 19648926.0 19658956.0 19656957.0 19655828.0 19650854.0 19621580.0 19652936.0 19611021.0 19640481.0 19628886.0 19641804.0 19613470.0 19648595.0 19609737.0 19646064.0 19647660.0 19659695.0
180 9768642.0 9897511.0 9862736.0 10002241.0 10380001.0 9688075.0 9993159.0 9568333.0 9828816.0 9438471.0 9956376.0 10051175.0 10226817.0 9860584.0 9844700.0 10383333.0 9752745.0 9882451.0 9720692.0 9792065.0 9653908.0 9919787.0 9426966.0 9454700.0 10128619.0 9500937.0 9679211.0 9808636.0 9336407.0 9631763.0 9623678.0 10114464.0
183 7689823.0 7834464.0 7846832.0 8336005.0 8350719.0 8007880.0 8025296.0 7864250.0 7870277.0 7720906.0 8006954.0 8332635.0 8242396.0 7918712.0 7868101.0 8659195.0 7767487.0 7926036.0 7727275.0 7830155.0 7896808.0 7965782.0 7671124.0 7474188.0 8475270.0 7517601.0 7996110.0 7819072.0 7614999.0 7636611.0 7613629.0 8085138.0
186 1356343.0 1371371.0 1380241.0 1580537.0 1647681.0 1432429.0 1450097.0 1365085.0 1392274.0 1307486.0 1452719.0 1541665.0 1511068.0 1387352.0 1360182.0 1709621.0 1305267.0 1383137.0 1275602.0 1333020.0 1379107.0 1397676.0 1286780.0 1205984.0 1653437.0 1230824.0 1461438.0 1314840.0 1309286.0 1263913.0 1229326.0 1384955.0
189 137609.0 111364.0 122051.0 156657.0 197689.0 140230.0 138700.0 142940.0 140782.0 118323.0 161034.0 134980.0 149383.0 131070.0 135317.0 178885.0 131494.0 138398.0 126704.0 134569.0 136193.0 148651.0 123704.0 130432.0 185089.0 143630.0 153345.0 143023.0 125229.0 137228.0 122993.0 134770.0
192 134280.0 105064.0 112024.0 124974.0 152690.0 125761.0 123610.0 135459.0 126514.0 112938.0 143819.0 108904.0 132120.0 114557.0 123650.0 130577.0 125700.0 119342.0 121558.0 122829.0 125632.0 126011.0 119884.0 126448.0 143921.0 135499.0 132199.0 128121.0 115002.0 123646.0 110258.0 112831.0
195 133082.0 105323.0 111303.0 124601.0 152200.0 125378.0 124044.0 136543.0 126349.0 112587.0 144629.0 108696.0 131829.0 114780.0 124467.0 129873.0 125487.0 118624.0 120131.0 121707.0 125460.0 125508.0 119611.0 125690.0 142641.0 134462.0 131407.0 128981.0 115056.0 123104.0 109585.0 112349.0
198 133437.0 105419.0 112243.0 125322.0 151909.0 124690.0 124069.0 136235.0 126148.0 112814.0 144860.0 108053.0 132411.0 114645.0 124474.0 129621.0 124894.0 119008.0 120658.0 122101.0 126411.0 125046.0 119490.0 126185.0 141998.0 135354.0 131597.0 128592.0 114867.0 123160.0 109017.0 112069.0
201 132712.0 105681.0 112207.0 124752.0 151816.0 124679.0 124332.0 136099.0 125477.0 112192.0 148494.0 108235.0 131955.0 114085.0 123431.0 129534.0 126377.0 118670.0 119984.0 122210.0 125583.0 125178.0 118889.0 126090.0 141950.0 134858.0 131378.0 128923.0 114203.0 123432.0 109778.0 112577.0
204 133760.0 105007.0 111527.0 124916.0 151832.0 124521.0 123263.0 135511.0 125051.0 112077.0 148765.0 108381.0 131111.0 113022.0 123266.0 129209.0 124280.0 119014.0 119921.0 122007.0 125737.0 124739.0 118976.0 126170.0 141512.0 134503.0 131145.0 127982.0 114316.0 122914.0 108644.0 111447.0
207 131923.0 104428.0 110050.0 123886.0 151004.0 123604.0 122996.0 134129.0 124438.0 111881.0 139421.0 107028.0 129692.0 111898.0 121669.0 127692.0 124330.0 117547.0 118235.0 120914.0 124342.0 124318.0 116249.0 124618.0 142057.0 134212.0 130795.0 126834.0 112076.0 122267.0 106834.0 110063.0
210 131217.0 100747.0 105476.0 123954.0 150319.0 122839.0 121404.0 131796.0 123230.0 109523.0 142444.0 104811.0 126680.0 105339.0 117373.0 119987.0 122426.0 116438.0 112372.0 120014.0 121797.0 123055.0 110018.0 123956.0 140287.0 132306.0 129297.0 125748.0 107640.0 119093.0 98055.0 104404.0
213 129835.0 85040.0 85945.0 122259.0 149428.0 115453.0 112742.0 118044.0 115325.0 100538.0 134828.0 91733.0 106824.0 77756.0 95304.0 111009.0 115087.0 113431.0 90684.0 114952.0 104340.0 117999.0 82458.0 119547.0 139227.0 124555.0 127558.0 116245.0 85101.0 109667.0 70794.0 80571.0
216 120513.0 49489.0 48793.0 116233.0 144413.0 89626.0 83688.0 80967.0 89703.0 72470.0 106761.0 58400.0 65849.0 39425.0 54418.0 81888.0 90967.0 97350.0 51338.0 95881.0 65252.0 100225.0 42792.0 101867.0 129291.0 99904.0 113066.0 87731.0 48159.0 83514.0 36158.0 46375.0
219 87434.0 15725.0 15469.0 89459.0 121934.0 42925.0 37117.0 31836.0 43160.0 30450.0 53388.0 20420.0 21039.0 11325.0 16248.0 37212.0 46367.0 57310.0 15910.0 52980.0 22116.0 60460.0 12470.0 60770.0 98470.0 53758.0 75739.0 41653.0 16527.0 42830.0 10724.0 15919.0
222 34544.0 4071.0 4168.0 37332.0 69286.0 10375.0 8555.0 7267.0 10331.0 6821.0 13634.0 4959.0 5211.0 3696.0 4500.0 9003.0 12157.0 16347.0 4572.0 13916.0 5413.0 18760.0 4175.0 17139.0 43523.0 14409.0 26548.0 10187.0 4561.0 11290.0 3527.0 4357.0
225 7475.0 2927.0 2886.0 7729.0 18782.0 3963.0 3907.0 3950.0 3917.0 3381.0 5048.0 2965.0 3865.0 2927.0 3402.0 4015.0 4414.0 4403.0 3416.0 4368.0 3657.0 4959.0 3330.0 4757.0 9636.0 4711.0 6101.0 4071.0 3239.0 3949.0 2775.0 2853.0
228 4263.0 2619.0 2695.0 4208.0 5800.0 3365.0 3365.0 3481.0 3233.0 2888.0 4092.0 2584.0 3205.0 2564.0 2977.0 3405.0 3584.0 3229.0 2959.0 3488.0 3119.0 3825.0 2843.0 3707.0 4677.0 3852.0 3928.0 3367.0 2780.0 3344.0 2370.0 2445.0
231 3564.0 2169.0 2224.0 3612.0 4574.0 2969.0 2851.0 3016.0 2829.0 2527.0 3609.0 2280.0 2869.0 2193.0 2572.0 3046.0 3333.0 2918.0 2585.0 3029.0 2663.0 3293.0 2532.0 3247.0 4134.0 3489.0 3583.0 2965.0 2406.0 2872.0 2088.0 2221.0
234 3276.0 1909.0 1941.0 3268.0 4132.0 2528.0 2518.0 2592.0 2544.0 2303.0 3080.0 1934.0 2519.0 1999.0 2347.0 2649.0 2856.0 2525.0 2333.0 2868.0 2362.0 2981.0 2366.0 2957.0 3645.0 3076.0 3035.0 2696.0 2111.0 2659.0 1982.0 1970.0
237 2842.0 1850.0 1922.0 2831.0 3538.0 2293.0 2379.0 2381.0 2240.0 1991.0 2755.0 1808.0 2385.0 2007.0 2142.0 2487.0 2685.0 2361.0 2204.0 2605.0 2320.0 2584.0 2265.0 2505.0 3176.0 2818.0 2655.0 2495.0 2112.0 2338.0 1903.0 1839.0
240 2668.0 1879.0 1887.0 2685.0 3304.0 2236.0 2275.0 2299.0 2170.0 1984.0 2590.0 1772.0 2293.0 1887.0 2073.0 2178.0 2591.0 2191.0 2183.0 2388.0 2169.0 2621.0 2104.0 2423.0 2910.0 2682.0 2527.0 2361.0 2060.0 2155.0 1769.0 1855.0
243 2649.0 1816.0 1886.0 2565.0 3064.0 2151.0 2158.0 2325.0 2160.0 1918.0 2650.0 1684.0 2327.0 1861.0 2066.0 2378.0 2471.0 2206.0 2225.0 2452.0 2164.0 2451.0 2184.0 2499.0 2892.0 2623.0 2403.0 2368.0 1922.0 2217.0 1675.0 1929.0
246 2549.0 1754.0 1865.0 2499.0 3071.0 2057.0 2109.0 2247.0 2057.0 1927.0 2639.0 1761.0 2129.0 1875.0 1967.0 2200.0 2417.0 2200.0 2152.0 2346.0 2065.0 2455.0 2075.0 2439.0 2625.0 2582.0 2459.0 2316.0 1956.0 2114.0 1756.0 1694.0
249 2466.0 1686.0 1811.0 2502.0 2933.0 2187.0 2233.0 2215.0 2087.0 1923.0 2588.0 1639.0 2088.0 1729.0 1888.0 2198.0 2424.0 2101.0 2023.0 2421.0 2003.0 2410.0 1943.0 2407.0 2698.0 2573.0 2463.0 2419.0 1858.0 2111.0 1581.0 1725.0
252 2499.0 1625.0 1687.0 2422.0 2858.0 2001.0 2014.0 2129.0 2049.0 1814.0 2355.0 1623.0 2023.0 1638.0 1812.0 2161.0 2365.0 2013.0 1962.0 2194.0 2056.0 2308.0 1865.0 2395.0 2662.0 2476.0 2373.0 2179.0 1773.0 2103.0 1531.0 1550.0
255 2328.0 1587.0 1508.0 2332.0 2855.0 1930.0 2036.0 1938.0 1957.0 1779.0 2330.0 1515.0 1827.0 1458.0 1740.0 2005.0 2280.0 1975.0 1861.0 2233.0 1874.0 2257.0 1614.0 2258.0 2582.0 2435.0 2282.0 2122.0 1668.0 1964.0 1325.0 1343.0
258 2345.0 1281.0 1133.0 2285.0 2779.0 1746.0 1843.0 1776.0 1784.0 1652.0 2342.0 1238.0 1548.0 997.0 1323.0 1786.0 2127.0 1844.0 1419.0 2064.0 1616.0 2100.0 1161.0 2122.0 2534.0 2223.0 2316.0 1951.0 1268.0 1859.0 885.0 1007.0
261 2264.0 853.0 718.0 2126.0 2569.0 1499.0 1510.0 1411.0 1498.0 1377.0 1880.0 855.0 996.0 499.0 874.0 1338.0 1868.0 1695.0 939.0 1894.0 1075.0 1833.0 681.0 2031.0 2342.0 1940.0 2007.0 1517.0 769.0 1558.0 480.0 601.0
264 2096.0 419.0 354.0 2037.0 2450.0 1112.0 1050.0 952.0 1079.0 931.0 1438.0 438.0 468.0 214.0 406.0 804.0 1482.0 1440.0 439.0 1500.0 551.0 1499.0 297.0 1707.0 2193.0 1534.0 1772.0 1089.0 433.0 1198.0 221.0 268.0
267 1749.0 169.0 136.0 1656.0 2322.0 562.0 521.0 400.0 588.0 501.0 764.0 159.0 182.0 73.0 175.0 417.0 887.0 957.0 181.0 893.0 229.0 1058.0 115.0 1207.0 1726.0 1011.0 1255.0 509.0 183.0 719.0 98.0 123.0
270 1080.0 66.0 58.0 1072.0 1777.0 207.0 186.0 125.0 196.0 145.0 306.0 88.0 90.0 50.0 83.0 159.0 381.0 419.0 84.0 381.0 106.0 427.0 81.0 592.0 1098.0 385.0 635.0 189.0 86.0 319.0 56.0 56.0
273 604.0 65.0 55.0 530.0 1194.0 104.0 104.0 83.0 84.0 74.0 130.0 58.0 82.0 55.0 79.0 90.0 187.0 126.0 81.0 162.0 76.0 186.0 69.0 261.0 525.0 146.0 269.0 88.0 82.0 124.0 46.0 56.0
276 228.0 61.0 51.0 206.0 501.0 73.0 59.0 70.0 61.0 69.0 86.0 58.0 59.0 43.0 64.0 85.0 105.0 78.0 71.0 74.0 62.0 115.0 69.0 103.0 234.0 115.0 123.0 78.0 53.0 81.0 34.0 47.0
279 119.0 55.0 69.0 103.0 237.0 66.0 73.0 64.0 67.0 69.0 79.0 45.0 60.0 46.0 57.0 76.0 88.0 74.0 75.0 82.0 67.0 90.0 76.0 79.0 121.0 93.0 99.0 67.0 63.0 82.0 42.0 38.0
282 107.0 49.0 54.0 107.0 113.0 59.0 60.0 71.0 62.0 47.0 72.0 48.0 48.0 51.0 49.0 66.0 84.0 66.0 62.0 86.0 45.0 65.0 57.0 100.0 84.0 79.0 86.0 67.0 58.0 80.0 38.0 41.0
285 73.0 66.0 47.0 83.0 114.0 61.0 55.0 66.0 51.0 52.0 76.0 43.0 58.0 43.0 42.0 57.0 85.0 53.0 48.0 72.0 57.0 72.0 65.0 81.0 89.0 79.0 72.0 48.0 63.0 57.0 35.0 44.0
288 67.0 33.0 32.0 72.0 86.0 60.0 61.0 60.0 46.0 37.0 74.0 36.0 54.0 35.0 49.0 49.0 80.0 64.0 64.0 65.0 52.0 60.0 40.0 76.0 74.0 87.0 80.0 68.0 57.0 71.0 37.0 50.0
291 60.0 48.0 44.0 69.0 104.0 59.0 67.0 54.0 46.0 61.0 69.0 47.0 51.0 45.0 51.0 62.0 67.0 45.0 48.0 75.0 49.0 55.0 52.0 87.0 77.0 55.0 82.0 73.0 31.0 49.0 20.0 43.0
294 67.0 43.0 34.0 64.0 78.0 44.0 58.0 58.0 52.0 42.0 67.0 41.0 52.0 33.0 58.0 51.0 58.0 49.0 46.0 72.0 53.0 58.0 53.0 63.0 82.0 67.0 67.0 57.0 43.0 64.0 40.0 32.0
297 82.0 57.0 32.0 69.0 96.0 59.0 37.0 64.0 51.0 53.0 69.0 26.0 46.0 26.0 47.0 49.0 80.0 45.0 39.0 59.0 44.0 77.0 41.0 58.0 77.0 77.0 45.0 58.0 47.0 45.0 29.0 33.0
300 56.0 27.0 36.0 54.0 83.0 45.0 53.0 50.0 55.0 48.0 65.0 27.0 43.0 30.0 25.0 56.0 75.0 37.0 36.0 53.0 39.0 56.0 37.0 57.0 72.0 75.0 74.0 33.0 41.0 48.0 26.0 29.0
303 46.0 26.0 24.0 67.0 58.0 35.0 55.0 37.0 47.0 51.0 55.0 23.0 34.0 17.0 28.0 47.0 52.0 39.0 35.0 58.0 38.0 53.0 39.0 56.0 75.0 49.0 59.0 36.0 24.0 35.0 7.0 26.0
306 62.0 17.0 19.0 68.0 71.0 37.0 46.0 30.0 41.0 29.0 45.0 21.0 25.0 14.0 6.0 31.0 54.0 48.0 24.0 54.0 25.0 46.0 17.0 55.0 48.0 56.0 41.0 38.0 19.0 44.0 17.0 9.0
309 56.0 9.0 9.0 50.0 69.0 33.0 38.0 19.0 31.0 27.0 34.0 12.0 9.0 6.0 7.0 18.0 31.0 36.0 17.0 47.0 13.0 43.0 6.0 52.0 63.0 39.0 41.0 33.0 10.0 33.0 8.0 1.0
312 57.0 8.0 5.0 56.0 57.0 30.0 21.0 17.0 21.0 15.0 23.0 6.0 5.0 2.0 6.0 13.0 36.0 20.0 7.0 28.0 2.0 28.0 7.0 41.0 39.0 40.0 36.0 13.0 9.0 24.0 4.0 3.0
315 49.0 0.0 3.0 52.0 60.0 12.0 8.0 5.0 10.0 8.0 14.0 3.0 4.0 2.0 3.0 7.0 21.0 22.0 4.0 27.0 4.0 28.0 3.0 27.0 46.0 28.0 28.0 10.0 6.0 13.0 1.0 3.0
318 30.0 2.0 0.0 30.0 44.0 7.0 8.0 6.0 9.0 6.0 11.0 1.0 5.0 4.0 2.0 6.0 11.0 9.0 2.0 11.0 2.0 14.0 2.0 16.0 30.0 11.0 21.0 5.0 2.0 9.0 1.0 3.0
321 24.0 1.0 1.0 20.0 32.0 3.0 2.0 6.0 3.0 3.0 3.0 2.0 3.0 1.0 3.0 4.0 11.0 6.0 6.0 4.0 5.0 10.0 2.0 13.0 14.0 4.0 10.0 2.0 1.0 4.0 1.0 3.0
324 14.0 7.0 3.0 12.0 25.0 4.0 3.0 3.0 5.0 3.0 7.0 2.0 5.0 3.0 4.0 3.0 6.0 6.0 8.0 4.0 5.0 4.0 5.0 5.0 14.0 4.0 6.0 3.0 4.0 5.0 4.0 1.0
327 7.0 0.0 1.0 1.0 15.0 3.0 3.0 3.0 3.0 1.0 7.0 0.0 1.0 2.0 3.0 5.0 4.0 4.0 1.0 3.0 3.0 0.0 3.0 6.0 6.0 3.0 3.0 3.0 4.0 2.0 3.0 1.0
330 4.0 1.0 0.0 3.0 4.0 2.0 3.0 2.0 4.0 2.0 1.0 1.0 2.0 0.0 2.0 1.0 5.0 3.0 0.0 3.0 2.0 4.0 4.0 3.0 5.0 4.0 4.0 2.0 1.0 3.0 0.0 0.0
333 1.0 2.0 3.0 4.0 5.0 1.0 5.0 2.0 3.0 2.0 1.0 1.0 1.0 3.0 4.0 5.0 5.0 3.0 1.0 4.0 3.0 6.0 1.0 2.0 5.0 3.0 3.0 2.0 4.0 2.0 2.0 2.0
336 1.0 1.0 0.0 4.0 7.0 4.0 3.0 2.0 2.0 2.0 4.0 1.0 2.0 2.0 2.0 3.0 4.0 2.0 3.0 5.0 4.0 3.0 5.0 4.0 2.0 7.0 1.0 3.0 3.0 0.0 1.0 0.0
339 4.0 4.0 2.0 3.0 2.0 3.0 1.0 1.0 2.0 1.0 6.0 0.0 1.0 1.0 2.0 4.0 1.0 2.0 2.0 3.0 0.0 4.0 4.0 0.0 2.0 0.0 2.0 2.0 1.0 2.0 2.0 1.0
342 4.0 0.0 0.0 0.0 4.0 1.0 3.0 3.0 1.0 1.0 4.0 1.0 2.0 1.0 3.0 0.0 1.0 1.0 3.0 1.0 1.0 2.0 2.0 3.0 2.0 4.0 4.0 2.0 1.0 4.0 1.0 2.0
345 6.0 2.0 0.0 5.0 5.0 4.0 4.0 5.0 2.0 0.0 2.0 1.0 1.0 1.0 2.0 3.0 0.0 2.0 3.0 6.0 3.0 5.0 1.0 1.0 2.0 2.0 3.0 2.0 1.0 1.0 0.0 1.0
348 2.0 4.0 1.0 2.0 5.0 0.0 1.0 4.0 4.0 2.0 4.0 1.0 0.0 1.0 0.0 3.0 4.0 2.0 0.0 0.0 1.0 6.0 0.0 4.0 3.0 4.0 5.0 2.0 2.0 3.0 1.0 2.0
351 2.0 0.0 1.0 2.0 1.0 1.0 2.0 2.0 0.0 2.0 0.0 1.0 0.0 0.0 3.0 0.0 3.0 1.0 2.0 5.0 0.0 1.0 1.0 1.0 2.0 0.0 3.0 4.0 1.0 0.0 0.0 0.0
354 3.0 0.0 0.0 1.0 7.0 1.0 1.0 0.0 0.0 3.0 0.0 0.0 0.0 0.0 3.0 1.0 2.0 3.0 0.0 4.0 0.0 6.0 0.0 4.0 5.0 0.0 3.0 2.0 2.0 1.0 2.0 1.0
357 2.0 1.0 0.0 2.0 3.0 1.0 0.0 1.0 3.0 0.0 2.0 0.0 0.0 0.0 0.0 1.0 2.0 0.0 1.0 0.0 0.0 0.0 1.0 0.0 6.0 1.0 4.0 2.0 1.0 3.0 0.0 0.0
