150 5611.0 8138.0 9669.0 9406.0 6155.0 7724.0 7632.0 7277.0 4527.0 8826.0 5319.0 10359.0 7452.0 6863.0 6853.0 5165.0 8679.0 7345.0 5557.0 7668.0 8078.0 5603.0 9106.0 6684.0 4541.0 7265.0 8822.0 4899.0 8318.0 4952.0 7188.0 5793.0
153 16285748.0 16286140.0 16277276.0 16262314.0 16278250.0 16262621.0 16273332.0 16264016.0 16268950.0 16261504.0 16270233.0 16259139.0 16271908.0 16276903.0 16276354.0 16253799.0 16274272.0 16270358.0 16265986.0 16266742.0 16253087.0 16262196.0 16246034.0 16271069.0 16248725.0 16269525.0 16243847.0 16260208.0 16247623.0 16261703.0 16263772.0 16259338.0
156 17590454.0 17588691.0 17581574.0 17563328.0 17578489.0 17562445.0 17575374.0 17563665.0 17573116.0 17563263.0 17574802.0 17563071.0 17575970.0 17577716.0 17579496.0 17564728.0 17575671.0 17575348.0 17572691.0 17573388.0 17560481.0 17571103.0 17555490.0 17571108.0 17559300.0 17570911.0 17556176.0 17569212.0 17557185.0 17574604.0 17571600.0 17571477.0
159 17925520.0 17924827.0 17921070.0 17911292.0 17918732.0 17911026.0 17917523.0 17911380.0 17915738.0 17911109.0 17916469.0 17910681.0 17916914.0 17917434.0 17917812.0 17912299.0 17916950.0 17916548.0 17915237.0 17915621.0 17910491.0 17914662.0 17908944.0 17914249.0 17910559.0 17914737.0 17909405.0 17914642.0 17909464.0 17916881.0 17915694.0 17916033.0
162 18192303.0 18191766.0 18186460.0 18172816.0 18182713.0 18172064.0 18181228.0 18172151.0 18178755.0 18172529.0 18179711.0 18172223.0 18180658.0 18181018.0 18182633.0 18173799.0 18180094.0 18179972.0 18177861.0 18178642.0 18171709.0 18177160.0 18170882.0 18176068.0 18171420.0 18176759.0 18170806.0 18177038.0 18170955.0 18180205.0 18178396.0 18178469.0
165 18393775.0 18393793.0 18391317.0 18385815.0 18389240.0 18385541.0 18388882.0 18385532.0 18388389.0 18385488.0 18388884.0 18385275.0 18389203.0 18389376.0 18390444.0 18385644.0 18389146.0 18389372.0 18388272.0 18388946.0 18384903.0 18388209.0 18384411.0 18387705.0 18384822.0 18387830.0 18384207.0 18388081.0 18384475.0 18389733.0 18388743.0 18388827.0
168 18603381.0 18603639.0 18603305.0 18601739.0 18602607.0 18601687.0 18602562.0 18601747.0 18602316.0 18601604.0 18602419.0 18601624.0 18602568.0 18602617.0 18602688.0 18601609.0 18602576.0 18602536.0 18602283.0 18602547.0 18601459.0 18602251.0 18601338.0 18602155.0 18601489.0 18602288.0 18601227.0 18602221.0 18601322.0 18602626.0 18602530.0 18602564.0
171 18721426.0 18721652.0 18721510.0 18719378.0 18720658.0 18719295.0 18720788.0 18719328.0 18720603.0 18719748.0 18720579.0 18719572.0 18720836.0 18721233.0 18721597.0 18719729.0 18720952.0 18720940.0 18720416.0 18720820.0 18718645.0 18720424.0 18718259.0 18720136.0 18718490.0 18720362.0 18718071.0 18720344.0 18718218.0 18721323.0 18720821.0 18720689.0
174 18770668.0 18770534.0 18769972.0 18770597.0 18768112.0 18770270.0 18768110.0 18770180.0 18767734.0 18771466.0 18767852.0 18770652.0 18768932.0 18769123.0 18769935.0 18769838.0 18768759.0 18769142.0 18767576.0 18768448.0 18766515.0 18766846.0 18765304.0 18765541.0 18765042.0 18765318.0 18764176.0 18765973.0 18764421.0 18766395.0 18765425.0 18765326.0
177 18603464.0 18600813.0 18599339.0 18591335.0 18595697.0 18589635.0 18595040.0 18589724.0 18593398.0 18591815.0 18593083.0 18591890.0 18594626.0 18594463.0 18593676.0 18593838.0 18593852.0 18593696.0 18592170.0 18592872.0 18589984.0 18591025.0 18588540.0 18589215.0 18588482.0 18589159.0 18587065.0 18589843.0 18587975.0 18590709.0 18589546.0 18589708.0
180 17759631.0 17714907.0 17698257.0 17574822.0 17672839.0 17546862.0 17671818.0 17538928.0 17654855.0 17556421.0 17656391.0 17572238.0 17666913.0 17658440.0 17649104.0 17629773.0 17663715.0 17665164.0 17659117.0 17652337.0 17588161.0 17645281.0 17583586.0 17600844.0 17580636.0 17605534.0 17566341.0 17644787.0 17574170.0 17655527.0 17642233.0 17674801.0
183 10183765.0 10119058.0 10122365.0 10045419.0 10090875.0 9985654.0 10152904.0 9935731.0 10141154.0 10071676.0 10179432.0 10186111.0 10254433.0 10228452.0 10216075.0 10539123.0 10269544.0 10304659.0 10262272.0 10232887.0 10289601.0 10196887.0 10294081.0 9866854.0 10228034.0 9869077.0 10147323.0 10175623.0 10164845.0 10231485.0 10133806.0 10307697.0
186 10289477.0 10233580.0 10244069.0 10379143.0 10231740.0 10342681.0 10306645.0 10275883.0 10294551.0 10423258.0 10335645.0 10544539.0 10408864.0 10383585.0 10367910.0 10904405.0 10427243.0 10464012.0 10420481.0 10373729.0 10671432.0 10346643.0 10683872.0 9970033.0 10595172.0 9955694.0 10499085.0 10305134.0 10507280.0 10348928.0 10249260.0 10427586.0
189 7441283.0 7377877.0 7381676.0 7510038.0 7369224.0 7454035.0 7464545.0 7355491.0 7414898.0 7531930.0 7460569.0 7666292.0 7543657.0 7509140.0 7476168.0 8118477.0 7579257.0 7605814.0 7543225.0 7472610.0 7827757.0 7433306.0 7864840.0 6982774.0 7727790.0 6970385.0 7640895.0 7392075.0 7632427.0 7441651.0 7328411.0 7540207.0
192 144892.0 144376.0 149743.0 141411.0 135846.0 128854.0 175174.0 118614.0 142711.0 140408.0 144530.0 166387.0 170221.0 166603.0 140213.0 230411.0 214358.0 198935.0 155970.0 159649.0 190384.0 140163.0 203274.0 92337.0 150272.0 106283.0 206421.0 146765.0 151704.0 144246.0 136618.0 159860.0
195 84456.0 91511.0 99227.0 98651.0 85604.0 92686.0 98581.0 96273.0 85271.0 92631.0 87304.0 111408.0 90998.0 92528.0 88466.0 90061.0 116367.0 98340.0 86859.0 96110.0 108272.0 89600.0 109135.0 80057.0 90764.0 90121.0 161903.0 86397.0 100575.0 83855.0 91526.0 98521.0
198 83335.0 92101.0 98160.0 97131.0 84813.0 91744.0 95795.0 95285.0 83109.0 91264.0 85349.0 109740.0 89638.0 89613.0 88035.0 84575.0 112524.0 94728.0 84854.0 95001.0 103662.0 88754.0 102589.0 79469.0 86794.0 90030.0 158856.0 83811.0 98126.0 81513.0 90828.0 94918.0
201 83283.0 92036.0 98729.0 97246.0 84381.0 91775.0 96290.0 94863.0 82799.0 91256.0 84595.0 109924.0 88375.0 89633.0 87151.0 84108.0 112694.0 94682.0 84683.0 94305.0 103067.0 88420.0 101731.0 78605.0 86127.0 88470.0 157848.0 83210.0 98033.0 81291.0 90029.0 94955.0
204 81597.0 90657.0 98107.0 96437.0 81839.0 90670.0 94168.0 92079.0 80568.0 90443.0 82277.0 108685.0 88125.0 89399.0 85770.0 82593.0 111244.0 94316.0 83942.0 93708.0 102528.0 87119.0 102046.0 74653.0 83387.0 85391.0 155091.0 81485.0 97659.0 78905.0 89146.0 93784.0
207 76610.0 89052.0 97582.0 96020.0 73934.0 87125.0 93091.0 81412.0 70941.0 88708.0 71970.0 106442.0 87891.0 86549.0 80380.0 77984.0 108764.0 92382.0 80984.0 92503.0 100436.0 84508.0 101538.0 61699.0 72699.0 73904.0 139640.0 75342.0 96465.0 72559.0 85768.0 91203.0
210 61667.0 81877.0 96758.0 92416.0 51755.0 73874.0 87614.0 56045.0 48871.0 81946.0 49397.0 105262.0 85779.0 76856.0 63588.0 62727.0 97972.0 88237.0 73251.0 90563.0 95153.0 74081.0 99692.0 36130.0 47435.0 49555.0 102705.0 57134.0 91824.0 54617.0 73813.0 80902.0
213 31773.0 61179.0 93183.0 79209.0 22223.0 46540.0 69901.0 24253.0 20849.0 62159.0 21105.0 93162.0 77926.0 53221.0 32729.0 35228.0 68765.0 71282.0 50567.0 80155.0 74998.0 49870.0 92328.0 12662.0 18372.0 21125.0 50837.0 28220.0 75227.0 26237.0 47355.0 55536.0
216 7756.0 24840.0 74504.0 41604.0 5009.0 15209.0 33499.0 5589.0 4705.0 25918.0 4951.0 54514.0 51289.0 19784.0 7610.0 9756.0 26603.0 34632.0 18291.0 48471.0 36349.0 16840.0 65643.0 3064.0 4284.0 5320.0 14338.0 6650.0 38321.0 6184.0 16123.0 21100.0
219 2516.0 6523.0 41657.0 12889.0 2266.0 4285.0 9722.0 2592.0 2221.0 7270.0 2251.0 17900.0 19920.0 5304.0 2643.0 2946.0 7447.0 10215.0 4836.0 17191.0 10777.0 4340.0 30097.0 1932.0 2262.0 2507.0 5260.0 2369.0 11663.0 2391.0 4403.0 5755.0
222 1860.0 2628.0 12724.0 3756.0 1830.0 2404.0 3082.0 2140.0 1688.0 2944.0 1831.0 4788.0 5237.0 2436.0 1955.0 1958.0 3267.0 3134.0 2275.0 4549.0 3612.0 2351.0 8382.0 1699.0 1897.0 1961.0 3726.0 1885.0 3704.0 1748.0 2368.0 2678.0
225 1550.0 2064.0 3613.0 2710.0 1546.0 1949.0 2157.0 1832.0 1431.0 2133.0 1527.0 2988.0 2469.0 2045.0 1710.0 1666.0 2513.0 2311.0 1941.0 2445.0 2427.0 1896.0 3182.0 1336.0 1525.0 1614.0 3229.0 1639.0 2460.0 1550.0 2020.0 2128.0
228 1286.0 1716.0 2596.0 2252.0 1288.0 1708.0 2011.0 1386.0 1145.0 1871.0 1229.0 2636.0 2139.0 1670.0 1406.0 1367.0 2105.0 1958.0 1679.0 2144.0 2129.0 1682.0 2504.0 1044.0 1177.0 1279.0 2554.0 1351.0 2008.0 1208.0 1706.0 1850.0
231 1058.0 1406.0 2321.0 1899.0 1039.0 1386.0 1567.0 1215.0 970.0 1634.0 985.0 2285.0 1802.0 1408.0 1159.0 1125.0 1810.0 1694.0 1298.0 1829.0 1884.0 1388.0 2181.0 957.0 1026.0 1119.0 2251.0 1127.0 1789.0 1062.0 1407.0 1521.0
234 970.0 1233.0 1934.0 1562.0 930.0 1185.0 1320.0 1174.0 818.0 1325.0 930.0 1784.0 1550.0 1126.0 1033.0 944.0 1440.0 1333.0 1099.0 1546.0 1529.0 1161.0 1850.0 925.0 943.0 1011.0 1980.0 946.0 1438.0 894.0 1204.0 1361.0
237 867.0 1070.0 1714.0 1454.0 893.0 1088.0 1162.0 1054.0 871.0 1164.0 886.0 1657.0 1281.0 1112.0 978.0 942.0 1338.0 1230.0 1049.0 1366.0 1392.0 1095.0 1616.0 905.0 881.0 989.0 1866.0 932.0 1326.0 867.0 1123.0 1189.0
240 835.0 1020.0 1597.0 1463.0 872.0 1134.0 1056.0 1024.0 810.0 1175.0 821.0 1627.0 1163.0 985.0 989.0 872.0 1241.0 1146.0 991.0 1291.0 1310.0 1125.0 1412.0 868.0 879.0 996.0 1818.0 919.0 1231.0 804.0 1107.0 1160.0
243 824.0 1064.0 1435.0 1294.0 815.0 1100.0 981.0 1027.0 749.0 1089.0 847.0 1568.0 1180.0 1003.0 920.0 821.0 1237.0 1099.0 911.0 1247.0 1295.0 1034.0 1362.0 755.0 829.0 879.0 1797.0 880.0 1241.0 828.0 1084.0 1130.0
246 762.0 963.0 1459.0 1282.0 760.0 985.0 1057.0 908.0 676.0 1081.0 689.0 1474.0 1115.0 920.0 880.0 751.0 1205.0 1096.0 962.0 1225.0 1204.0 1026.0 1317.0 622.0 726.0 781.0 1518.0 739.0 1197.0 745.0 997.0 1130.0
249 660.0 972.0 1341.0 1234.0 577.0 973.0 1001.0 669.0 496.0 1004.0 492.0 1471.0 1196.0 932.0 768.0 691.0 1124.0 992.0 891.0 1216.0 1155.0 1004.0 1326.0 431.0 420.0 580.0 1179.0 613.0 1129.0 557.0 902.0 1006.0
252 473.0 884.0 1393.0 1188.0 334.0 705.0 931.0 398.0 287.0 949.0 285.0 1356.0 1096.0 748.0 535.0 489.0 984.0 968.0 765.0 1087.0 1076.0 780.0 1256.0 211.0 204.0 363.0 842.0 416.0 1064.0 347.0 755.0 810.0
255 225.0 702.0 1266.0 1085.0 149.0 515.0 702.0 197.0 96.0 820.0 102.0 1249.0 1001.0 571.0 287.0 286.0 723.0 793.0 540.0 1042.0 965.0 532.0 1124.0 62.0 77.0 169.0 381.0 193.0 915.0 163.0 548.0 606.0
258 73.0 447.0 1280.0 803.0 44.0 289.0 519.0 70.0 35.0 564.0 46.0 1145.0 893.0 348.0 117.0 113.0 425.0 543.0 263.0 846.0 604.0 255.0 1092.0 31.0 33.0 74.0 164.0 49.0 616.0 58.0 243.0 303.0
261 27.0 204.0 1097.0 528.0 23.0 104.0 301.0 32.0 33.0 251.0 29.0 730.0 652.0 141.0 36.0 33.0 183.0 299.0 104.0 548.0 320.0 87.0 779.0 28.0 23.0 25.0 78.0 32.0 381.0 29.0 105.0 110.0
264 30.0 67.0 822.0 184.0 22.0 51.0 120.0 25.0 17.0 88.0 24.0 304.0 333.0 48.0 29.0 35.0 84.0 96.0 35.0 278.0 118.0 31.0 488.0 31.0 25.0 25.0 49.0 29.0 141.0 21.0 53.0 47.0
267 26.0 43.0 477.0 85.0 20.0 30.0 37.0 21.0 15.0 43.0 15.0 113.0 135.0 24.0 26.0 28.0 34.0 44.0 26.0 107.0 50.0 39.0 209.0 22.0 23.0 16.0 41.0 21.0 74.0 22.0 26.0 49.0
270 21.0 23.0 191.0 32.0 12.0 21.0 33.0 35.0 12.0 41.0 21.0 57.0 52.0 20.0 23.0 16.0 43.0 34.0 25.0 52.0 28.0 23.0 75.0 13.0 24.0 16.0 46.0 16.0 47.0 18.0 23.0 22.0
273 14.0 22.0 82.0 39.0 17.0 28.0 24.0 17.0 11.0 40.0 12.0 43.0 43.0 24.0 18.0 10.0 34.0 17.0 25.0 35.0 32.0 22.0 50.0 11.0 17.0 16.0 29.0 19.0 39.0 19.0 18.0 31.0
276 12.0 26.0 48.0 37.0 20.0 17.0 19.0 19.0 13.0 29.0 11.0 31.0 22.0 20.0 20.0 25.0 22.0 31.0 23.0 21.0 26.0 21.0 37.0 17.0 12.0 18.0 43.0 14.0 27.0 18.0 23.0 28.0
279 17.0 12.0 35.0 32.0 11.0 16.0 31.0 11.0 13.0 28.0 16.0 31.0 23.0 21.0 18.0 15.0 24.0 19.0 16.0 28.0 29.0 20.0 33.0 14.0 7.0 16.0 23.0 11.0 25.0 23.0 25.0 20.0
282 7.0 13.0 29.0 25.0 16.0 13.0 22.0 17.0 9.0 23.0 16.0 35.0 30.0 10.0 16.0 16.0 14.0 18.0 21.0 23.0 18.0 29.0 23.0 13.0 18.0 15.0 23.0 17.0 21.0 16.0 13.0 19.0
285 15.0 21.0 23.0 26.0 16.0 26.0 24.0 12.0 11.0 17.0 7.0 33.0 20.0 19.0 13.0 12.0 16.0 14.0 19.0 21.0 28.0 17.0 39.0 11.0 9.0 8.0 21.0 16.0 22.0 9.0 15.0 16.0
288 12.0 19.0 31.0 22.0 13.0 24.0 14.0 16.0 7.0 28.0 6.0 35.0 21.0 18.0 12.0 9.0 12.0 15.0 17.0 14.0 22.0 21.0 29.0 8.0 10.0 10.0 20.0 13.0 17.0 13.0 13.0 29.0
291 10.0 13.0 28.0 31.0 6.0 13.0 13.0 11.0 7.0 11.0 5.0 28.0 19.0 20.0 17.0 6.0 19.0 12.0 16.0 20.0 20.0 12.0 33.0 4.0 4.0 6.0 17.0 6.0 16.0 12.0 13.0 10.0
294 5.0 19.0 29.0 21.0 4.0 14.0 10.0 8.0 6.0 18.0 5.0 27.0 21.0 12.0 9.0 5.0 9.0 14.0 15.0 17.0 15.0 9.0 24.0 4.0 4.0 6.0 13.0 0.0 21.0 5.0 9.0 13.0
297 2.0 9.0 31.0 17.0 1.0 5.0 7.0 5.0 1.0 11.0 1.0 20.0 20.0 9.0 5.0 4.0 12.0 13.0 10.0 25.0 15.0 7.0 25.0 1.0 1.0 1.0 4.0 1.0 18.0 2.0 9.0 10.0
300 3.0 9.0 31.0 22.0 0.0 5.0 8.0 3.0 3.0 13.0 0.0 22.0 19.0 4.0 3.0 1.0 8.0 8.0 4.0 19.0 8.0 6.0 17.0 2.0 1.0 0.0 1.0 2.0 13.0 1.0 5.0 5.0
303 4.0 5.0 17.0 12.0 2.0 8.0 9.0 0.0 0.0 6.0 1.0 27.0 21.0 4.0 1.0 1.0 3.0 6.0 5.0 10.0 12.0 1.0 18.0 0.0 0.0 0.0 1.0 2.0 7.0 2.0 4.0 0.0
306 1.0 3.0 30.0 9.0 2.0 1.0 7.0 2.0 0.0 4.0 0.0 17.0 11.0 0.0 0.0 0.0 1.0 9.0 0.0 8.0 1.0 2.0 13.0 2.0 0.0 0.0 0.0 0.0 6.0 0.0 2.0 0.0
309 3.0 2.0 15.0 3.0 0.0 1.0 1.0 2.0 0.0 1.0 1.0 6.0 8.0 3.0 0.0 3.0 1.0 2.0 2.0 7.0 2.0 2.0 15.0 4.0 3.0 0.0 2.0 2.0 5.0 2.0 2.0 1.0
312 0.0 0.0 11.0 2.0 1.0 0.0 3.0 0.0 0.0 0.0 0.0 1.0 1.0 2.0 1.0 1.0 0.0 2.0 0.0 5.0 0.0 0.0 8.0 0.0 1.0 0.0 0.0 0.0 1.0 0.0 2.0 2.0
315 1.0 1.0 7.0 3.0 1.0 1.0 3.0 0.0 1.0 1.0 2.0 2.0 2.0 1.0 1.0 3.0 1.0 0.0 0.0 0.0 0.0 0.0 1.0 0.0 0.0 2.0 1.0 2.0 0.0 0.0 0.0 2.0
318 0.0 0.0 3.0 1.0 2.0 2.0 1.0 0.0 0.0 0.0 0.0 1.0 1.0 2.0 1.0 0.0 1.0 0.0 1.0 2.0 2.0 0.0 0.0 1.0 0.0 0.0 0.0 1.0 2.0 2.0 1.0 2.0
321 1.0 2.0 2.0 0.0 0.0 0.0 2.0 0.0 1.0 1.0 1.0 0.0 2.0 2.0 1.0 0.0 0.0 1.0 0.0 2.0 1.0 1.0 0.0 0.0 1.0 0.0 2.0 1.0 0.0 0.0 3.0 1.0
324 2.0 0.0 4.0 1.0 1.0 1.0 0.0 1.0 2.0 0.0 1.0 1.0 0.0 0.0 2.0 1.0 0.0 1.0 2.0 0.0 2.0 4.0 2.0 1.0 0.0 0.0 1.0 1.0 1.0 0.0 0.0 1.0
327 0.0 0.0 0.0 0.0 0.0 0.0 0.0 1.0 0.0 1.0 0.0 0.0 2.0 1.0 1.0 0.0 0.0 0.0 0.0 0.0 0.0 2.0 0.0 1.0 0.0 1.0 1.0 0.0 3.0 0.0 1.0 0.0
330 1.0 1.0 1.0 1.0 0.0 0.0 2.0 0.0 0.0 0.0 0.0 1.0 3.0 1.0 3.0 1.0 1.0 0.0 0.0 1.0 2.0 2.0 1.0 1.0 1.0 4.0 2.0 1.0 0.0 1.0 2.0 1.0
333 0.0 3.0 1.0 0.0 1.0 0.0 1.0 0.0 0.0 0.0 0.0 0.0 0.0 0.0 0.0 0.0 0.0 1.0 0.0 0.0 1.0 0.0 0.0 1.0 1.0 0.0 0.0 1.0 1.0 0.0 0.0 1.0
336 2.0 0.0 2.0 3.0 0.0 0.0 1.0 1.0 2.0 3.0 1.0 1.0 0.0 0.0 0.0 2.0 0.0 1.0 1.0 2.0 1.0 0.0 0.0 0.0 0.0 1.0 1.0 0.0 0.0 0.0 2.0 0.0
339 1.0 1.0 0.0 0.0 0.0 0.0 1.0 0.0 0.0 0.0 1.0 1.0 1.0 1.0 0.0 0.0 0.0 0.0 1.0 1.0 0.0 0.0 1.0 1.0 0.0 0.0 1.0 0.0 1.0 0.0 0.0 2.0
342 0.0 0.0 1.0 1.0 1.0 0.0 1.0 1.0 0.0 2.0 1.0 1.0 1.0 2.0 2.0 4.0 0.0 0.0 1.0 0.0 2.0 2.0 2.0 0.0 0.0 0.0 0.0 3.0 1.0 2.0 1.0 3.0
345 0.0 0.0 0.0 0.0 1.0 0.0 2.0 0.0 0.0 1.0 0.0 0.0 1.0 0.0 1.0 1.0 0.0 1.0 0.0 2.0 0.0 1.0 1.0 1.0 2.0 0.0 0.0 0.0 0.0 0.0 0.0 0.0
348 0.0 0.0 3.0 1.0 1.0 0.0 0.0 2.0 1.0 0.0 0.0 1.0 0.0 0.0 1.0 0.0 1.0 0.0 0.0 0.0 0.0 0.0 0.0 0.0 0.0 0.0 0.0 1.0 0.0 0.0 0.0 0.0
351 0.0 0.0 1.0 1.0 1.0 0.0 1.0 0.0 1.0 2.0 0.0 0.0 0.0 1.0 0.0 3.0 1.0 0.0 0.0 1.0 0.0 0.0 1.0 0.0 1.0 1.0 1.0 2.0 0.0 0.0 2.0 0.0
354 1.0 1.0 1.0 1.0 0.0 0.0 0.0 0.0 0.0 0.0 0.0 1.0 1.0 0.0 0.0 0.0 1.0 0.0 0.0 0.0 0.0 0.0 0.0 0.0 0.0 0.0 0.0 0.0 0.0 0.0 1.0 1.0
357 0.0 1.0 2.0 0.0 0.0 1.0 0.0 1.0 0.0 0.0 0.0 0.0 1.0 0.0 0.0 1.0 1.0 1.0 1.0 1.0 1.0 0.0 1.0 0.0 1.0 1.0 0.0 1.0 1.0 0.0 0.0 0.0
