150 6162.0 6458.0 8409.0 5235.0 7733.0 8504.0 7147.0 6401.0 6336.0 12025.0 7194.0 9564.0 8684.0 7695.0 7968.0 5225.0 8193.0 7155.0 5662.0 8428.0 10345.0 6675.0 8008.0 8795.0 6227.0 12622.0 11464.0 10054.0 10423.0 9649.0 11311.0 7434.0
153 17647860.0 17646068.0 17644498.0 17638002.0 17643005.0 17638258.0 17642159.0 17637732.0 17642378.0 17636342.0 17642342.0 17632539.0 17642968.0 17639604.0 17642604.0 17634442.0 17642954.0 17641342.0 17639642.0 17640679.0 17638329.0 17638497.0 17630900.0 17640075.0 17634551.0 17642363.0 17635686.0 17642337.0 17636526.0 17645467.0 17647835.0 17644002.0
156 18073324.0 18070705.0 18067790.0 18058687.0 18067477.0 18057715.0 18064898.0 18058440.0 18064700.0 18056291.0 18064591.0 18054834.0 18065259.0 18064955.0 18065161.0 18057903.0 18065344.0 18063610.0 18063627.0 18062988.0 18057207.0 18061440.0 18053867.0 18062524.0 18056820.0 18062219.0 18055439.0 18063364.0 18055861.0 18064463.0 18066856.0 18066649.0
159 18286336.0 18284271.0 18282487.0 18274485.0 18282519.0 18273598.0 18280054.0 18274099.0 18280038.0 18272691.0 18279889.0 18272389.0 18280412.0 18280864.0 18280260.0 18274480.0 18280275.0 18278760.0 18279197.0 18278675.0 18272716.0 18277305.0 18271451.0 18278229.0 18273082.0 18277662.0 18271763.0 18278228.0 18272131.0 18278374.0 18280634.0 18280618.0
162 18538332.0 18537325.0 18536422.0 18533768.0 18536318.0 18533374.0 18535248.0 18533602.0 18535249.0 18532466.0 18535225.0 18531819.0 18535199.0 18535640.0 18535442.0 18533160.0 18535258.0 18534958.0 18535031.0 18534971.0 18533024.0 18534530.0 18531713.0 18534889.0 18532904.0 18534898.0 18532351.0 18535035.0 18532603.0 18535263.0 18536019.0 18535978.0
165 18703975.0 18702545.0 18701012.0 18695986.0 18701093.0 18695743.0 18698925.0 18696061.0 18698922.0 18695650.0 18698943.0 18695382.0 18699755.0 18700183.0 18699946.0 18695727.0 18699263.0 18698284.0 18698235.0 18698362.0 18694679.0 18697514.0 18694158.0 18698142.0 18694724.0 18697896.0 18694138.0 18697900.0 18694212.0 18697681.0 18698363.0 18698673.0
168 18646811.0 18646344.0 18645490.0 18643425.0 18645393.0 18643331.0 18644523.0 18643504.0 18644413.0 18643312.0 18644366.0 18643276.0 18644516.0 18644358.0 18644262.0 18643367.0 18644328.0 18644081.0 18644076.0 18644275.0 18643171.0 18643951.0 18642885.0 18644095.0 18643089.0 18644264.0 18643011.0 18644151.0 18643051.0 18644179.0 18644549.0 18644718.0
171 18719823.0 18719796.0 18719767.0 18718916.0 18719787.0 18718977.0 18719262.0 18719297.0 18719308.0 18719175.0 18719232.0 18719185.0 18719368.0 18719256.0 18719371.0 18719629.0 18719229.0 18719087.0 18719083.0 18719270.0 18718506.0 18719076.0 18718223.0 18719136.0 18718469.0 18719152.0 18718341.0 18719233.0 18718425.0 18719153.0 18719384.0 18719360.0
174 18777002.0 18775902.0 18775682.0 18770144.0 18777379.0 18769051.0 18773325.0 18771595.0 18771370.0 18772212.0 18772923.0 18773585.0 18772887.0 18773436.0 18771602.0 18774666.0 18771667.0 18771063.0 18770995.0 18770061.0 18768057.0 18769710.0 18767107.0 18768910.0 18767646.0 18767608.0 18765947.0 18767472.0 18766161.0 18766641.0 18767571.0 18767822.0
177 18645190.0 18628678.0 18625638.0 18509953.0 18644624.0 18444512.0 18612957.0 18478275.0 18580613.0 18483311.0 18602439.0 18548943.0 18609149.0 18613278.0 18590470.0 18573994.0 18599282.0 18591151.0 18594414.0 18574508.0 18450764.0 18579001.0 18482559.0 18562613.0 18498596.0 18537765.0 18431561.0 18546949.0 18440768.0 18527531.0 18551167.0 18568831.0
180 11605170.0 11559258.0 11595858.0 11386119.0 11758142.0 11197174.0 11643527.0 11358846.0 11470960.0 11372190.0 11634647.0 11699939.0 11686097.0 11773855.0 11617003.0 11820175.0 11677333.0 11681774.0 11754562.0 11566644.0 11260565.0 11716159.0 11516352.0 11604039.0 11625164.0 11359146.0 11208140.0 11474955.0 11284952.0 11287581.0 11456695.0 11727684.0
183 10044087.0 10031587.0 10107645.0 10146830.0 10290738.0 9904451.0 10198218.0 10118078.0 9991489.0 10130865.0 10193621.0 10587917.0 10264010.0 10375966.0 10176598.0 10712996.0 10248172.0 10252633.0 10343987.0 10108381.0 9983655.0 10297621.0 10364985.0 10153927.0 10513736.0 9835470.0 9939512.0 9982210.0 10036681.0 9731614.0 9931227.0 10244265.0
186 6621397.0 6615049.0 6709376.0 6826287.0 6861754.0 6563713.0 6785964.0 6764441.0 6556251.0 6790765.0 6752786.0 7291299.0 6817521.0 6935212.0 6703483.0 7366344.0 6782352.0 6793090.0 6873544.0 6638393.0 6637432.0 6847260.0 7035846.0 6689470.0 7202618.0 6362962.0 6619128.0 6513181.0 6726650.0 6240928.0 6435446.0 6739608.0
189 1643715.0 1636353.0 1699043.0 1615240.0 1785891.0 1514021.0 1723784.0 1587439.0 1586478.0 1643591.0 1711331.0 1896729.0 1752350.0 1836125.0 1667887.0 1883293.0 1729031.0 1742621.0 1776344.0 1673378.0 1562853.0 1787570.0 1708758.0 1708766.0 1783906.0 1563907.0 1557378.0 1638068.0 1605633.0 1493069.0 1602657.0 1751735.0
192 88022.0 86424.0 101779.0 75943.0 100479.0 83069.0 88236.0 77434.0 86733.0 100015.0 95088.0 115578.0 98484.0 118644.0 91833.0 95461.0 93065.0 96171.0 89946.0 98813.0 91597.0 94761.0 96197.0 97606.0 93408.0 105785.0 91823.0 103072.0 92862.0 86924.0 98313.0 109009.0
195 86880.0 84206.0 97367.0 73117.0 92810.0 81944.0 82450.0 74824.0 85200.0 95967.0 89434.0 99637.0 92203.0 110707.0 90004.0 85550.0 89505.0 89991.0 83531.0 94520.0 89867.0 83423.0 91530.0 93542.0 84918.0 103574.0 89352.0 97913.0 88397.0 84774.0 94168.0 99214.0
198 86359.0 84282.0 97309.0 72946.0 92643.0 81729.0 82210.0 74881.0 84472.0 96156.0 89457.0 99363.0 92384.0 110415.0 89528.0 85116.0 88342.0 90281.0 83812.0 94766.0 89677.0 82983.0 92084.0 92719.0 84893.0 103715.0 89312.0 97646.0 88616.0 84356.0 93845.0 99276.0
201 85774.0 83737.0 97219.0 70083.0 91947.0 80938.0 82542.0 73949.0 83309.0 96334.0 88785.0 99190.0 92134.0 109439.0 89491.0 84641.0 88376.0 89567.0 82607.0 94161.0 88968.0 82784.0 91669.0 92779.0 84150.0 103829.0 88487.0 97719.0 87341.0 82125.0 92981.0 97676.0
204 81449.0 79847.0 96428.0 57537.0 92273.0 77594.0 81643.0 69785.0 76830.0 95136.0 87803.0 98851.0 91822.0 108438.0 88030.0 80596.0 87435.0 88100.0 78648.0 93025.0 85271.0 82016.0 90518.0 91818.0 80310.0 102559.0 86880.0 94853.0 85151.0 71326.0 89260.0 93691.0
207 63372.0 65627.0 94155.0 32276.0 90738.0 64094.0 79240.0 53547.0 54303.0 92513.0 80456.0 96873.0 88260.0 102746.0 81544.0 64884.0 81904.0 81625.0 64049.0 86564.0 69665.0 79947.0 88340.0 88475.0 63629.0 99277.0 78991.0 83658.0 76406.0 44053.0 77939.0 78602.0
210 32321.0 37151.0 83628.0 11343.0 85196.0 37595.0 68364.0 27016.0 24205.0 82679.0 58512.0 92760.0 76752.0 81622.0 60063.0 36501.0 65138.0 63859.0 36520.0 69484.0 39681.0 71426.0 78699.0 75992.0 34812.0 87479.0 58603.0 57013.0 54214.0 16937.0 53491.0 50538.0
213 8632.0 11286.0 53942.0 2795.0 61913.0 11511.0 40781.0 6989.0 5773.0 54447.0 24721.0 74933.0 45559.0 41248.0 26037.0 11351.0 32825.0 31766.0 11075.0 36692.0 12048.0 48299.0 50935.0 45069.0 10013.0 57083.0 26818.0 22333.0 23801.0 4045.0 21909.0 20255.0
216 2640.0 2982.0 18865.0 1660.0 25338.0 2919.0 12712.0 2159.0 2276.0 19690.0 5906.0 38553.0 13838.0 10961.0 5981.0 3052.0 8654.0 8689.0 2939.0 10506.0 3105.0 19028.0 18252.0 14071.0 2820.0 21936.0 6850.0 5437.0 6167.0 2051.0 5345.0 5123.0
219 1922.0 1940.0 4707.0 1338.0 5957.0 1941.0 3354.0 1669.0 1809.0 4734.0 2303.0 11062.0 3420.0 3441.0 2479.0 1932.0 2828.0 2855.0 1820.0 3159.0 2145.0 4860.0 4533.0 3579.0 1978.0 5770.0 2490.0 2404.0 2476.0 1668.0 2387.0 2474.0
222 1661.0 1597.0 2462.0 1068.0 2633.0 1653.0 2034.0 1399.0 1525.0 2613.0 1966.0 3351.0 2301.0 2532.0 1991.0 1649.0 2185.0 2143.0 1691.0 2172.0 1780.0 2168.0 2428.0 2364.0 1695.0 2885.0 2091.0 2042.0 1941.0 1369.0 2007.0 1909.0
225 1306.0 1284.0 2075.0 887.0 2169.0 1366.0 1702.0 1120.0 1164.0 2194.0 1628.0 2489.0 2029.0 2252.0 1652.0 1354.0 1818.0 1805.0 1335.0 1871.0 1537.0 1843.0 2131.0 1996.0 1377.0 2214.0 1700.0 1627.0 1661.0 1131.0 1697.0 1651.0
228 1127.0 1051.0 1731.0 802.0 1795.0 1114.0 1540.0 955.0 961.0 1749.0 1398.0 2146.0 1590.0 1725.0 1421.0 1097.0 1556.0 1495.0 1099.0 1519.0 1253.0 1555.0 1798.0 1654.0 1082.0 2025.0 1353.0 1365.0 1303.0 922.0 1397.0 1290.0
231 1006.0 979.0 1521.0 753.0 1571.0 1025.0 1202.0 861.0 962.0 1569.0 1113.0 1789.0 1376.0 1592.0 1168.0 940.0 1290.0 1269.0 979.0 1272.0 1093.0 1278.0 1479.0 1360.0 1012.0 1674.0 1115.0 1096.0 1142.0 898.0 1234.0 1077.0
234 950.0 957.0 1251.0 722.0 1318.0 1002.0 1129.0 882.0 928.0 1270.0 1084.0 1548.0 1239.0 1326.0 1160.0 1003.0 1179.0 1180.0 1003.0 1219.0 1083.0 1150.0 1344.0 1360.0 928.0 1468.0 1064.0 1084.0 1107.0 877.0 1114.0 1095.0
237 944.0 892.0 1204.0 636.0 1312.0 977.0 1068.0 774.0 868.0 1221.0 1004.0 1332.0 1242.0 1333.0 1065.0 878.0 1102.0 1133.0 987.0 1160.0 1015.0 1062.0 1234.0 1243.0 946.0 1432.0 1018.0 1076.0 1092.0 884.0 1051.0 1049.0
240 899.0 895.0 1178.0 589.0 1160.0 947.0 1117.0 788.0 896.0 1231.0 1094.0 1312.0 1163.0 1240.0 1069.0 875.0 1149.0 1071.0 894.0 1103.0 970.0 1027.0 1228.0 1154.0 895.0 1383.0 1124.0 1029.0 1022.0 817.0 1030.0 1015.0
243 868.0 826.0 1194.0 445.0 1167.0 920.0 1068.0 718.0 754.0 1150.0 1004.0 1157.0 1059.0 1245.0 1006.0 798.0 1066.0 1071.0 901.0 1132.0 958.0 1011.0 1228.0 1088.0 843.0 1319.0 1058.0 933.0 926.0 640.0 954.0 997.0
246 693.0 679.0 1172.0 266.0 1141.0 833.0 1012.0 598.0 581.0 1195.0 958.0 1222.0 1097.0 1186.0 957.0 660.0 1063.0 946.0 696.0 989.0 831.0 948.0 1172.0 1182.0 745.0 1278.0 991.0 914.0 892.0 446.0 895.0 851.0
249 438.0 508.0 1137.0 125.0 1125.0 612.0 953.0 429.0 353.0 1170.0 821.0 1232.0 984.0 1119.0 907.0 425.0 958.0 876.0 547.0 964.0 675.0 910.0 1163.0 1089.0 510.0 1183.0 835.0 765.0 784.0 231.0 851.0 617.0
252 226.0 274.0 986.0 47.0 1090.0 375.0 828.0 194.0 126.0 1016.0 587.0 1191.0 873.0 942.0 700.0 214.0 776.0 735.0 281.0 794.0 378.0 854.0 1051.0 977.0 251.0 1115.0 654.0 529.0 638.0 88.0 589.0 429.0
255 73.0 101.0 754.0 17.0 930.0 174.0 618.0 65.0 47.0 862.0 345.0 1079.0 713.0 618.0 438.0 54.0 600.0 418.0 97.0 578.0 163.0 688.0 872.0 716.0 85.0 957.0 415.0 256.0 333.0 29.0 309.0 213.0
258 24.0 31.0 327.0 19.0 525.0 40.0 230.0 30.0 25.0 456.0 82.0 812.0 315.0 174.0 102.0 29.0 192.0 136.0 32.0 199.0 37.0 327.0 402.0 270.0 28.0 477.0 144.0 70.0 117.0 23.0 93.0 52.0
261 26.0 24.0 126.0 19.0 255.0 24.0 96.0 16.0 18.0 191.0 34.0 428.0 82.0 69.0 32.0 20.0 76.0 55.0 24.0 73.0 26.0 134.0 153.0 114.0 18.0 232.0 45.0 27.0 33.0 21.0 23.0 21.0
264 15.0 24.0 46.0 23.0 62.0 16.0 49.0 17.0 18.0 65.0 30.0 161.0 47.0 34.0 25.0 32.0 33.0 32.0 21.0 35.0 22.0 61.0 63.0 47.0 19.0 93.0 35.0 26.0 26.0 15.0 33.0 33.0
267 12.0 17.0 38.0 15.0 38.0 19.0 33.0 20.0 13.0 41.0 30.0 65.0 40.0 26.0 26.0 18.0 31.0 21.0 13.0 28.0 12.0 29.0 43.0 34.0 24.0 49.0 20.0 19.0 28.0 12.0 25.0 18.0
270 20.0 13.0 26.0 7.0 28.0 20.0 25.0 14.0 21.0 37.0 22.0 41.0 24.0 24.0 25.0 11.0 23.0 16.0 14.0 29.0 22.0 34.0 33.0 25.0 17.0 43.0 29.0 18.0 22.0 14.0 26.0 15.0
273 12.0 15.0 23.0 14.0 33.0 20.0 21.0 13.0 12.0 23.0 21.0 36.0 23.0 34.0 17.0 12.0 20.0 25.0 12.0 22.0 13.0 16.0 18.0 25.0 20.0 31.0 18.0 19.0 12.0 11.0 22.0 20.0
276 21.0 10.0 21.0 12.0 27.0 17.0 29.0 11.0 18.0 25.0 20.0 30.0 28.0 22.0 16.0 8.0 25.0 26.0 19.0 19.0 19.0 20.0 26.0 29.0 15.0 24.0 14.0 14.0 15.0 13.0 27.0 18.0
279 21.0 23.0 24.0 9.0 22.0 16.0 18.0 21.0 18.0 24.0 22.0 25.0 20.0 29.0 21.0 8.0 10.0 23.0 11.0 21.0 19.0 10.0 22.0 20.0 11.0 28.0 18.0 15.0 17.0 12.0 22.0 18.0
282 6.0 15.0 20.0 6.0 17.0 17.0 21.0 8.0 5.0 30.0 19.0 18.0 12.0 25.0 24.0 14.0 13.0 20.0 14.0 21.0 9.0 18.0 34.0 22.0 12.0 22.0 19.0 14.0 15.0 7.0 16.0 19.0
285 12.0 12.0 15.0 3.0 16.0 8.0 25.0 2.0 8.0 21.0 11.0 23.0 15.0 22.0 15.0 8.0 19.0 15.0 7.0 23.0 13.0 14.0 14.0 19.0 9.0 23.0 17.0 8.0 13.0 5.0 20.0 14.0
288 4.0 9.0 17.0 2.0 31.0 8.0 21.0 5.0 6.0 22.0 16.0 18.0 23.0 30.0 17.0 4.0 30.0 15.0 8.0 17.0 13.0 15.0 27.0 21.0 9.0 25.0 15.0 9.0 15.0 3.0 8.0 10.0
291 4.0 6.0 16.0 0.0 21.0 5.0 18.0 1.0 3.0 22.0 7.0 15.0 24.0 14.0 20.0 3.0 12.0 14.0 2.0 23.0 8.0 10.0 24.0 20.0 4.0 26.0 12.0 6.0 9.0 2.0 9.0 3.0
294 1.0 1.0 10.0 1.0 19.0 5.0 21.0 0.0 0.0 12.0 7.0 21.0 11.0 14.0 11.0 2.0 20.0 13.0 2.0 12.0 10.0 16.0 35.0 15.0 2.0 31.0 16.0 6.0 9.0 2.0 9.0 3.0
297 2.0 1.0 7.0 0.0 19.0 3.0 11.0 1.0 1.0 11.0 5.0 23.0 15.0 11.0 6.0 0.0 10.0 6.0 1.0 11.0 2.0 11.0 17.0 20.0 2.0 13.0 8.0 2.0 4.0 1.0 6.0 6.0
300 0.0 1.0 10.0 0.0 14.0 1.0 5.0 0.0 1.0 8.0 2.0 13.0 14.0 6.0 0.0 0.0 6.0 4.0 1.0 4.0 1.0 4.0 9.0 10.0 4.0 14.0 5.0 3.0 4.0 5.0 2.0 0.0
303 2.0 0.0 3.0 2.0 6.0 0.0 5.0 1.0 1.0 8.0 1.0 13.0 2.0 4.0 3.0 0.0 4.0 4.0 0.0 5.0 0.0 2.0 7.0 8.0 0.0 8.0 4.0 3.0 3.0 3.0 5.0 0.0
306 0.0 0.0 1.0 1.0 5.0 0.0 0.0 0.0 0.0 2.0 0.0 7.0 1.0 0.0 1.0 0.0 1.0 0.0 2.0 0.0 1.0 1.0 5.0 1.0 0.0 5.0 0.0 0.0 0.0 1.0 3.0 0.0
309 2.0 2.0 1.0 1.0 2.0 1.0 5.0 1.0 0.0 3.0 1.0 6.0 1.0 2.0 2.0 1.0 2.0 1.0 3.0 2.0 1.0 3.0 3.0 2.0 1.0 3.0 0.0 0.0 2.0 1.0 0.0 0.0
312 0.0 1.0 0.0 0.0 1.0 0.0 1.0 1.0 0.0 1.0 0.0 1.0 0.0 2.0 1.0 1.0 1.0 0.0 1.0 1.0 0.0 1.0 2.0 1.0 1.0 0.0 1.0 0.0 1.0 0.0 1.0 0.0
315 2.0 1.0 0.0 1.0 0.0 1.0 2.0 0.0 3.0 2.0 0.0 1.0 3.0 1.0 1.0 0.0 0.0 2.0 1.0 2.0 0.0 0.0 0.0 1.0 1.0 0.0 2.0 1.0 0.0 0.0 2.0 0.0
318 0.0 0.0 2.0 0.0 0.0 2.0 0.0 1.0 0.0 3.0 0.0 2.0 5.0 2.0 0.0 2.0 2.0 1.0 1.0 2.0 0.0 2.0 2.0 0.0 0.0 1.0 2.0 2.0 2.0 0.0 2.0 0.0
321 0.0 1.0 1.0 0.0 1.0 1.0 1.0 1.0 0.0 1.0 0.0 0.0 2.0 0.0 2.0 0.0 2.0 1.0 3.0 2.0 1.0 0.0 1.0 2.0 0.0 0.0 0.0 0.0 1.0 1.0 0.0 0.0
324 1.0 0.0 2.0 0.0 2.0 0.0 1.0 0.0 1.0 0.0 0.0 3.0 3.0 3.0 2.0 1.0 1.0 0.0 1.0 0.0 0.0 1.0 0.0 0.0 2.0 4.0 2.0 1.0 0.0 1.0 2.0 2.0
327 1.0 2.0 4.0 0.0 0.0 1.0 0.0 0.0 0.0 1.0 1.0 1.0 3.0 2.0 0.0 0.0 1.0 1.0 1.0 0.0 1.0 0.0 1.0 0.0 0.0 1.0 0.0 0.0 0.0 0.0 0.0 1.0
330 0.0 0.0 2.0 1.0 0.0 0.0 1.0 0.0 0.0 1.0 1.0 2.0 1.0 2.0 1.0 0.0 2.0 2.0 0.0 1.0 2.0 0.0 2.0 2.0 0.0 1.0 0.0 0.0 0.0 0.0 1.0 1.0
333 0.0 1.0 0.0 0.0 1.0 0.0 1.0 0.0 0.0 1.0 2.0 2.0 0.0 0.0 0.0 1.0 0.0 0.0 0.0 1.0 1.0 0.0 0.0 2.0 1.0 0.0 0.0 0.0 0.0 0.0 1.0 0.0
336 0.0 0.0 1.0 0.0 2.0 1.0 2.0 2.0 0.0 2.0 1.0 0.0 1.0 1.0 1.0 1.0 1.0 1.0 0.0 1.0 1.0 2.0 2.0 0.0 1.0 0.0 1.0 1.0 1.0 0.0 0.0 0.0
339 1.0 0.0 0.0 0.0 0.0 0.0 0.0 1.0 2.0 1.0 0.0 2.0 3.0 0.0 0.0 0.0 0.0 0.0 0.0 2.0 0.0 3.0 1.0 1.0 0.0 1.0 2.0 0.0 0.0 0.0 0.0 0.0
342 0.0 0.0 0.0 2.0 0.0 0.0 0.0 0.0 0.0 0.0 1.0 3.0 0.0 3.0 0.0 0.0 1.0 1.0 1.0 0.0 1.0 0.0 1.0 0.0 0.0 0.0 0.0 0.0 0.0 0.0 0.0 0.0
345 1.0 0.0 0.0 0.0 1.0 1.0 0.0 0.0 0.0 1.0 1.0 1.0 0.0 1.0 0.0 1.0 1.0 0.0 1.0 2.0 0.0 1.0 0.0 0.0 0.0 0.0 0.0 0.0 0.0 1.0 0.0 0.0
348 0.0 2.0 0.0 0.0 0.0 0.0 0.0 0.0 0.0 0.0 0.0 0.0 0.0 0.0 0.0 0.0 1.0 1.0 0.0 0.0 0.0 0.0 0.0 1.0 0.0 1.0 2.0 0.0 0.0 0.0 0.0 2.0
351 1.0 0.0 0.0 0.0 0.0 1.0 0.0 1.0 0.0 2.0 0.0 0.0 0.0 2.0 0.0 0.0 2.0 0.0 2.0 0.0 1.0 0.0 2.0 0.0 1.0 1.0 0.0 0.0 1.0 0.0 1.0 1.0
354 0.0 0.0 1.0 0.0 1.0 0.0 1.0 0.0 0.0 0.0 0.0 1.0 0.0 1.0 0.0 0.0 0.0 0.0 0.0 0.0 0.0 3.0 0.0 0.0 0.0 0.0 0.0 0.0 0.0 0.0 0.0 0.0
357 0.0 1.0 0.0 1.0 1.0 1.0 0.0 0.0 1.0 0.0 1.0 1.0 1.0 0.0 0.0 0.0 1.0 1.0 2.0 2.0 1.0 0.0 0.0 0.0 0.0 0.0 0.0 0.0 1.0 0.0 0.0 0.0
