150 17827538.0 17810682.0 17802803.0 17789363.0 17809336.0 17789863.0 17788430.0 17789042.0 17806429.0 17782261.0 17809444.0 17783142.0 17810162.0 17809331.0 17796963.0 17757210.0 17806677.0 17804428.0 17802661.0 17806367.0 17775859.0 17792133.0 17786665.0 17802402.0 17733970.0 17803695.0 17787613.0 17805561.0 17782872.0 17799457.0 17751883.0 17814898.0
153 18551377.0 18536544.0 18529470.0 18521248.0 18537263.0 18522537.0 18516154.0 18523561.0 18537744.0 18515879.0 18535556.0 18516317.0 18533659.0 18534782.0 18522555.0 18490795.0 18533452.0 18529748.0 18532094.0 18537917.0 18515452.0 18520543.0 18525088.0 18533980.0 18465349.0 18536367.0 18527922.0 18533607.0 18519622.0 18531289.0 18475223.0 18537930.0
156 18948426.0 18932838.0 18927971.0 18917729.0 18935002.0 18919793.0 18914049.0 18920703.0 18935331.0 18912277.0 18932290.0 18912158.0 18929033.0 18931833.0 18919182.0 18889131.0 18930028.0 18927768.0 18929319.0 18935149.0 18913566.0 18917811.0 18922380.0 18931894.0 18865406.0 18934490.0 18925320.0 18932094.0 18916541.0 18929667.0 18879179.0 18936405.0
159 19570325.0 19552157.0 19550712.0 19536913.0 19558782.0 19538695.0 19528644.0 19541764.0 19557855.0 19530157.0 19553963.0 19529707.0 19549796.0 19554588.0 19540963.0 19510748.0 19551954.0 19551923.0 19552261.0 19557558.0 19535059.0 19541198.0 19542346.0 19555336.0 19491527.0 19557944.0 19546125.0 19555299.0 19536306.0 19553533.0 19509536.0 19559809.0
162 19923028.0 19900199.0 19904273.0 19884878.0 19912932.0 19888593.0 19882091.0 19892612.0 19910487.0 19879388.0 19905581.0 19879035.0 19899269.0 19907246.0 19891525.0 19862091.0 19902674.0 19907066.0 19902937.0 19909574.0 19885188.0 19893148.0 19891335.0 19908917.0 19849112.0 19909035.0 19895265.0 19909728.0 19884059.0 19906326.0 19873132.0 19910675.0
165 20018894.0 19993514.0 20001285.0 19978461.0 20010702.0 19982369.0 19977946.0 19985193.0 20006578.0 19971688.0 20000615.0 19970455.0 19993307.0 20003341.0 19985790.0 19957027.0 19997955.0 20005432.0 19998498.0 20005190.0 19979688.0 19987722.0 19985111.0 20005118.0 19947824.0 20005050.0 19989241.0 20006853.0 19978550.0 20002629.0 19977365.0 20006756.0
168 19985604.0 19962853.0 19970088.0 19943941.0 19978303.0 19948314.0 19946868.0 19953575.0 19974341.0 19936507.0 19969854.0 19937867.0 19963045.0 19972152.0 19955055.0 19926689.0 19966484.0 19973118.0 19966637.0 19972965.0 19945667.0 19955271.0 19951064.0 19972023.0 19914624.0 19971046.0 19954774.0 19974060.0 19942923.0 19968841.0 19944739.0 19973546.0
171 19695216.0 19654756.0 19681405.0 19460191.0 19668411.0 19435505.0 19631392.0 19501212.0 19639779.0 19425745.0 19670336.0 19492425.0 19647467.0 19622776.0 19583150.0 19560391.0 19637639.0 19655332.0 19605836.0 19622468.0 19547126.0 19591811.0 19512047.0 19614580.0 19467319.0 19596874.0 19536211.0 19629092.0 19484565.0 19594527.0 19572362.0 19641976.0
174 9986605.0 10099097.0 10341346.0 9803510.0 10132165.0 9734591.0 10460212.0 10237829.0 10127158.0 9920008.0 10641706.0 10546163.0 10492224.0 10098688.0 10173387.0 11346597.0 10398468.0 10615482.0 10014449.0 10182717.0 10687876.0 10199552.0 10213313.0 10174758.0 10519496.0 9823586.0 10339381.0 10298904.0 9887522.0 9825473.0 10261685.0 10235093.0
177 8227626.0 8347496.0 8571749.0 8267251.0 8420498.0 8219302.0 8753896.0 8715690.0 8405453.0 8380002.0 8899486.0 8984779.0 8714644.0 8350173.0 8437685.0 9757241.0 8651894.0 8862824.0 8269234.0 8433987.0 9136353.0 8462124.0 8657292.0 8440938.0 8986471.0 8072709.0 8821947.0 8537302.0 8331945.0 8063052.0 8526907.0 8409027.0
180 2186940.0 2265270.0 2392602.0 2235173.0 2285568.0 2221332.0 2546979.0 2410846.0 2262797.0 2294061.0 2503340.0 2552028.0 2370659.0 2243270.0 2317705.0 3005532.0 2390309.0 2496854.0 2229726.0 2277493.0 2615014.0 2376760.0 2393890.0 2297238.0 2723870.0 2148454.0 2476776.0 2354536.0 2284034.0 2168407.0 2597058.0 2287141.0
183 223978.0 233978.0 288287.0 240901.0 250772.0 244410.0 333544.0 244696.0 212484.0 256583.0 253860.0 271926.0 227311.0 221361.0 271569.0 450809.0 241347.0 273326.0 238903.0 205141.0 271814.0 300214.0 227422.0 225441.0 521223.0 220885.0 222812.0 254692.0 235107.0 250777.0 611135.0 245287.0
186 220181.0 220255.0 258364.0 233809.0 240959.0 237517.0 296361.0 227035.0 198540.0 244114.0 204655.0 231940.0 210599.0 207775.0 257949.0 346399.0 218728.0 234947.0 226897.0 187394.0 235442.0 266556.0 201565.0 208162.0 484667.0 210379.0 188258.0 227833.0 215699.0 240748.0 588234.0 217733.0
189 219832.0 220896.0 258318.0 235119.0 240945.0 236886.0 296549.0 227864.0 196833.0 243851.0 204009.0 231740.0 210397.0 205790.0 257735.0 344016.0 218165.0 234339.0 227348.0 187370.0 234071.0 265576.0 201111.0 208687.0 476809.0 211533.0 187615.0 226806.0 215636.0 240048.0 587293.0 216097.0
192 220143.0 221363.0 258634.0 233884.0 239703.0 238315.0 297841.0 227375.0 196788.0 243832.0 204222.0 231374.0 210959.0 207124.0 256660.0 343977.0 217937.0 233578.0 227153.0 186615.0 234244.0 264963.0 201196.0 207589.0 476566.0 211587.0 187093.0 227109.0 215713.0 239386.0 594892.0 217298.0
195 219568.0 221050.0 259071.0 234457.0 239335.0 237454.0 295730.0 226220.0 197144.0 245747.0 203925.0 231751.0 209531.0 207071.0 255915.0 340182.0 218923.0 234072.0 227134.0 187224.0 233980.0 265710.0 201687.0 207642.0 475847.0 211507.0 187223.0 227015.0 215788.0 240472.0 586938.0 216599.0
198 219280.0 221401.0 258059.0 233115.0 239187.0 236326.0 296145.0 226574.0 196788.0 244489.0 203048.0 231430.0 210085.0 207935.0 257324.0 341660.0 218470.0 232626.0 227179.0 187027.0 233521.0 264016.0 201910.0 207326.0 472732.0 210163.0 185897.0 225358.0 215714.0 238886.0 585472.0 216006.0
201 218606.0 220705.0 257663.0 233929.0 238275.0 235926.0 296754.0 225789.0 196540.0 243978.0 202507.0 231294.0 210716.0 207269.0 256414.0 341906.0 218790.0 231775.0 226888.0 185829.0 233557.0 264541.0 199479.0 206079.0 472621.0 209841.0 186258.0 226362.0 215611.0 239126.0 583370.0 216637.0
204 218022.0 219870.0 256869.0 234055.0 238835.0 235486.0 297131.0 224685.0 195865.0 243001.0 202769.0 230933.0 209515.0 206774.0 255896.0 339672.0 217592.0 232383.0 225878.0 185753.0 232628.0 263996.0 199592.0 206601.0 471640.0 209072.0 186283.0 224663.0 215633.0 240179.0 587589.0 214972.0
207 217248.0 218977.0 256606.0 231836.0 238242.0 235517.0 294490.0 224829.0 195516.0 241676.0 202610.0 230016.0 209135.0 205739.0 254772.0 338535.0 217355.0 233559.0 225499.0 184274.0 232484.0 263169.0 198483.0 205748.0 451717.0 209703.0 185026.0 224648.0 214561.0 238546.0 584239.0 214055.0
210 216666.0 218375.0 256377.0 231839.0 237560.0 234396.0 292469.0 223473.0 195216.0 241010.0 201588.0 229077.0 209189.0 206145.0 255173.0 338836.0 217105.0 232061.0 225060.0 185135.0 231074.0 262646.0 198815.0 205283.0 451098.0 208960.0 185379.0 223528.0 214128.0 236280.0 578127.0 213859.0
213 215817.0 218277.0 255149.0 231615.0 234918.0 233646.0 292463.0 223071.0 193662.0 240576.0 200595.0 228579.0 207602.0 203270.0 254455.0 339193.0 216464.0 231549.0 223676.0 183891.0 230222.0 261340.0 198664.0 204956.0 448935.0 208131.0 184312.0 223311.0 212249.0 236228.0 577531.0 213213.0
216 214744.0 217462.0 253915.0 230000.0 235114.0 232250.0 291381.0 222853.0 193959.0 239408.0 200547.0 227892.0 208433.0 203606.0 252716.0 335607.0 214901.0 230507.0 223626.0 183797.0 229580.0 260448.0 197531.0 203148.0 460125.0 207113.0 183376.0 222047.0 212324.0 235589.0 572611.0 213075.0
219 209599.0 216913.0 252362.0 228868.0 233554.0 230716.0 287696.0 220290.0 191763.0 238121.0 199567.0 227012.0 205669.0 201412.0 251607.0 333316.0 213638.0 226573.0 222073.0 181067.0 227986.0 259023.0 196253.0 200361.0 452029.0 204458.0 181044.0 216875.0 210480.0 232304.0 563898.0 211196.0
222 191132.0 215616.0 248908.0 227342.0 226253.0 226629.0 284774.0 215581.0 185931.0 236168.0 197474.0 226698.0 204526.0 194099.0 249776.0 331138.0 210686.0 215299.0 218376.0 173621.0 222444.0 258224.0 189409.0 190633.0 431581.0 198262.0 172643.0 200628.0 208381.0 223326.0 545883.0 207019.0
225 124059.0 215444.0 231865.0 222440.0 186710.0 204812.0 284370.0 189764.0 156757.0 230079.0 190940.0 224070.0 202691.0 161775.0 244499.0 319430.0 201763.0 170161.0 204300.0 144149.0 198022.0 252222.0 163067.0 151044.0 350897.0 169489.0 141062.0 141454.0 195773.0 188614.0 479411.0 188625.0
228 50291.0 209838.0 182512.0 203905.0 111818.0 147054.0 271286.0 127873.0 97676.0 204870.0 167609.0 218950.0 193714.0 98951.0 224961.0 276829.0 172785.0 97768.0 166529.0 89127.0 141827.0 234735.0 107725.0 84674.0 201456.0 114179.0 85416.0 65766.0 163023.0 122340.0 329709.0 146759.0
231 17345.0 193468.0 100575.0 151577.0 43796.0 68668.0 226632.0 55075.0 37911.0 146125.0 116718.0 198700.0 160895.0 39392.0 169076.0 174898.0 116462.0 37618.0 95687.0 37289.0 66151.0 183533.0 46891.0 30317.0 79649.0 51253.0 34688.0 21956.0 102403.0 53361.0 146219.0 84434.0
234 10341.0 135341.0 32952.0 71433.0 15662.0 21305.0 120054.0 17480.0 12791.0 64419.0 50710.0 136424.0 88794.0 14139.0 77024.0 59986.0 48793.0 14329.0 31953.0 12950.0 20447.0 89926.0 15119.0 12145.0 29988.0 17227.0 12104.0 11516.0 40450.0 18332.0 47793.0 29061.0
237 8761.0 63759.0 15888.0 26535.0 11229.0 12884.0 41483.0 11673.0 9389.0 24531.0 18681.0 61374.0 32368.0 10182.0 26852.0 22633.0 18372.0 10678.0 15224.0 9028.0 12367.0 32204.0 10421.0 9594.0 20814.0 11033.0 8765.0 9617.0 16935.0 12531.0 32894.0 13716.0
240 7882.0 22461.0 12279.0 14667.0 9814.0 10666.0 19141.0 9967.0 8261.0 14422.0 10967.0 21445.0 14729.0 8761.0 15902.0 15851.0 11479.0 9467.0 11668.0 7717.0 10562.0 15835.0 8696.0 8640.0 17906.0 9438.0 7612.0 8653.0 11560.0 10706.0 28168.0 10581.0
243 7482.0 14174.0 10933.0 11825.0 9053.0 9642.0 15377.0 9110.0 7489.0 12018.0 9558.0 14017.0 11648.0 7839.0 13243.0 13362.0 9642.0 8670.0 10018.0 6909.0 9541.0 12782.0 7624.0 7941.0 16260.0 8559.0 7144.0 8033.0 9845.0 10053.0 26392.0 9382.0
246 6978.0 11878.0 10275.0 10260.0 8589.0 8986.0 13104.0 8551.0 7273.0 10663.0 8234.0 11824.0 9924.0 7578.0 11359.0 12140.0 8520.0 8283.0 8943.0 6521.0 8972.0 10902.0 7139.0 7546.0 15269.0 8219.0 6607.0 7661.0 8601.0 9247.0 24749.0 8741.0
249 6922.0 9737.0 9746.0 9421.0 8121.0 8601.0 11587.0 8146.0 6946.0 9618.0 7459.0 9960.0 8639.0 7410.0 10384.0 11035.0 7728.0 8007.0 8585.0 6126.0 8401.0 9811.0 6727.0 7467.0 14667.0 7767.0 6337.0 7615.0 7946.0 9108.0 23819.0 8363.0
252 6921.0 8986.0 9470.0 9136.0 8031.0 8379.0 10855.0 8020.0 6745.0 9123.0 7023.0 9220.0 8143.0 7267.0 10072.0 10627.0 7531.0 7970.0 8159.0 6087.0 8188.0 9211.0 6824.0 7428.0 14410.0 7653.0 6403.0 7344.0 7805.0 8995.0 23658.0 8332.0
255 6871.0 8487.0 9399.0 8773.0 8036.0 8606.0 10818.0 7980.0 6692.0 9221.0 7000.0 8802.0 7883.0 7215.0 9693.0 10559.0 7186.0 7835.0 8050.0 6076.0 8330.0 8953.0 6741.0 7233.0 14115.0 7614.0 6324.0 7134.0 7565.0 8844.0 23294.0 8110.0
258 6698.0 8346.0 9193.0 8702.0 7897.0 8187.0 10658.0 7760.0 6553.0 9010.0 7045.0 8632.0 7897.0 6995.0 9404.0 10343.0 7248.0 7911.0 7975.0 5913.0 8246.0 8743.0 6686.0 7026.0 13932.0 7455.0 6232.0 7001.0 7508.0 8644.0 22969.0 8022.0
261 6679.0 8149.0 8974.0 8518.0 7954.0 8209.0 10261.0 7689.0 6619.0 8876.0 6895.0 8330.0 7753.0 6898.0 9476.0 10069.0 7364.0 7391.0 7938.0 5898.0 8068.0 8669.0 6376.0 6960.0 13534.0 7315.0 6149.0 6917.0 7374.0 8708.0 22225.0 7999.0
264 6474.0 8346.0 8967.0 8433.0 7612.0 7917.0 9985.0 7585.0 6458.0 8736.0 6888.0 8347.0 7810.0 6972.0 9388.0 9906.0 7052.0 7400.0 7819.0 5943.0 7896.0 8711.0 6368.0 6817.0 13269.0 7239.0 6246.0 6813.0 7224.0 8438.0 21625.0 7878.0
267 6420.0 7938.0 8753.0 8350.0 7516.0 8011.0 9894.0 7450.0 6262.0 8550.0 6791.0 8387.0 7752.0 6867.0 9133.0 9918.0 6794.0 7352.0 7624.0 5715.0 7780.0 8393.0 6243.0 6874.0 13011.0 7201.0 5941.0 6704.0 7324.0 8436.0 21400.0 7752.0
270 6197.0 7871.0 8714.0 8253.0 7382.0 7748.0 9763.0 7313.0 6281.0 8419.0 6582.0 8117.0 7363.0 6690.0 9216.0 9650.0 6933.0 7200.0 7501.0 5563.0 7558.0 8498.0 6144.0 6691.0 12758.0 7110.0 5814.0 6439.0 7128.0 8181.0 20920.0 7557.0
273 6046.0 7851.0 8539.0 8062.0 7273.0 7597.0 9698.0 7190.0 6052.0 8228.0 6572.0 8109.0 7386.0 6661.0 9037.0 9414.0 6731.0 6948.0 7451.0 5448.0 7341.0 8289.0 5926.0 6369.0 12606.0 7128.0 5658.0 6308.0 6892.0 8013.0 20491.0 7288.0
276 5958.0 7746.0 8530.0 8252.0 6986.0 7465.0 9671.0 7002.0 5933.0 8023.0 6395.0 7840.0 7312.0 6424.0 8895.0 9248.0 6572.0 6848.0 7263.0 5404.0 7279.0 8078.0 6074.0 6367.0 12010.0 6809.0 5759.0 6124.0 6889.0 7673.0 19699.0 7274.0
279 5732.0 7566.0 8038.0 7735.0 6792.0 7205.0 9454.0 6855.0 5786.0 7973.0 6336.0 7836.0 7141.0 6187.0 8585.0 8940.0 6502.0 6637.0 7114.0 5221.0 7079.0 7892.0 5766.0 6052.0 11598.0 6606.0 5317.0 6129.0 6761.0 7528.0 18973.0 7138.0
282 5003.0 7508.0 7937.0 7688.0 6643.0 6908.0 9190.0 6578.0 5398.0 7838.0 6104.0 7835.0 7025.0 5856.0 8304.0 8780.0 6302.0 5986.0 7138.0 4875.0 6646.0 7800.0 5575.0 5821.0 10959.0 6397.0 5108.0 5644.0 6601.0 7357.0 18071.0 6846.0
285 3925.0 7329.0 7535.0 7517.0 6155.0 6822.0 9158.0 6183.0 5062.0 7692.0 5928.0 7347.0 6904.0 5344.0 8131.0 8325.0 6229.0 5256.0 6681.0 4542.0 6412.0 7508.0 5036.0 5233.0 9868.0 5988.0 4638.0 4439.0 6297.0 6687.0 16143.0 6407.0
288 2380.0 7312.0 6861.0 7108.0 4960.0 5948.0 8667.0 5408.0 4138.0 7427.0 5540.0 7327.0 6729.0 4407.0 8097.0 8071.0 5918.0 4038.0 6327.0 3749.0 5626.0 7445.0 4166.0 4020.0 7923.0 5124.0 3553.0 3020.0 5839.0 5738.0 13677.0 5797.0
291 1187.0 6894.0 5601.0 7052.0 3445.0 4886.0 8619.0 4174.0 2999.0 7048.0 5399.0 6968.0 6467.0 3137.0 7745.0 7283.0 5711.0 2546.0 5809.0 2735.0 4299.0 7035.0 3211.0 2568.0 5584.0 4050.0 2359.0 1513.0 5344.0 4388.0 10032.0 4880.0
294 600.0 6689.0 4097.0 6222.0 2018.0 3518.0 7793.0 2568.0 1593.0 6088.0 4434.0 6658.0 6096.0 1790.0 7110.0 5786.0 4789.0 1349.0 4732.0 1564.0 2674.0 6361.0 1856.0 1291.0 3043.0 2617.0 1307.0 732.0 4403.0 2593.0 5993.0 3397.0
297 410.0 6318.0 2334.0 5009.0 932.0 1763.0 6745.0 1176.0 685.0 4652.0 3061.0 6291.0 5512.0 762.0 5812.0 3705.0 3511.0 666.0 2937.0 728.0 1224.0 5286.0 894.0 608.0 1422.0 1283.0 556.0 476.0 3061.0 1294.0 2635.0 2042.0
300 374.0 5544.0 1126.0 3670.0 530.0 943.0 5044.0 591.0 447.0 3209.0 2008.0 5616.0 4365.0 474.0 4146.0 2017.0 2349.0 431.0 1564.0 430.0 668.0 3969.0 495.0 442.0 880.0 672.0 390.0 411.0 1850.0 726.0 1624.0 1053.0
303 349.0 4529.0 677.0 2274.0 429.0 585.0 3100.0 487.0 397.0 1807.0 1051.0 4374.0 2942.0 409.0 2379.0 971.0 1196.0 411.0 825.0 375.0 497.0 2333.0 380.0 402.0 763.0 523.0 351.0 340.0 1049.0 590.0 1336.0 631.0
306 317.0 2838.0 548.0 1163.0 439.0 459.0 1446.0 434.0 345.0 875.0 549.0 2699.0 1498.0 417.0 1145.0 653.0 648.0 385.0 526.0 316.0 441.0 1158.0 368.0 399.0 707.0 426.0 342.0 353.0 602.0 495.0 1301.0 497.0
309 298.0 1502.0 500.0 704.0 389.0 435.0 815.0 415.0 350.0 646.0 445.0 1434.0 772.0 380.0 721.0 567.0 448.0 379.0 436.0 285.0 389.0 646.0 310.0 368.0 659.0 396.0 289.0 337.0 440.0 479.0 1132.0 481.0
312 293.0 856.0 472.0 563.0 396.0 407.0 624.0 383.0 307.0 522.0 342.0 763.0 576.0 360.0 538.0 494.0 380.0 359.0 438.0 279.0 434.0 569.0 294.0 348.0 604.0 415.0 304.0 343.0 427.0 441.0 1161.0 427.0
315 272.0 579.0 441.0 505.0 382.0 405.0 607.0 374.0 330.0 485.0 356.0 571.0 448.0 368.0 528.0 460.0 362.0 334.0 396.0 240.0 376.0 477.0 335.0 331.0 642.0 389.0 294.0 339.0 394.0 459.0 1136.0 398.0
318 286.0 514.0 462.0 453.0 392.0 401.0 493.0 358.0 344.0 456.0 350.0 470.0 411.0 322.0 506.0 416.0 357.0 366.0 433.0 238.0 414.0 438.0 307.0 317.0 597.0 381.0 305.0 327.0 370.0 439.0 1107.0 421.0
321 281.0 450.0 419.0 441.0 368.0 370.0 556.0 364.0 298.0 456.0 327.0 439.0 391.0 318.0 453.0 440.0 334.0 310.0 367.0 243.0 367.0 421.0 302.0 324.0 560.0 372.0 278.0 342.0 328.0 488.0 1071.0 399.0
324 280.0 435.0 401.0 422.0 311.0 381.0 512.0 346.0 289.0 447.0 331.0 448.0 428.0 297.0 459.0 437.0 304.0 334.0 382.0 239.0 378.0 429.0 286.0 329.0 631.0 368.0 287.0 314.0 378.0 399.0 1043.0 426.0
327 260.0 392.0 433.0 403.0 346.0 393.0 504.0 328.0 299.0 450.0 342.0 442.0 358.0 349.0 468.0 462.0 333.0 335.0 406.0 250.0 331.0 391.0 276.0 324.0 525.0 361.0 273.0 272.0 356.0 417.0 1011.0 382.0
330 234.0 452.0 396.0 417.0 360.0 369.0 492.0 341.0 295.0 416.0 317.0 426.0 362.0 301.0 427.0 441.0 321.0 327.0 375.0 231.0 381.0 404.0 282.0 308.0 535.0 340.0 250.0 251.0 318.0 378.0 963.0 402.0
333 242.0 417.0 367.0 428.0 340.0 348.0 413.0 339.0 276.0 442.0 286.0 402.0 357.0 292.0 442.0 416.0 267.0 295.0 370.0 205.0 328.0 381.0 264.0 303.0 507.0 337.0 256.0 267.0 321.0 415.0 897.0 374.0
336 224.0 391.0 403.0 388.0 339.0 332.0 464.0 340.0 270.0 403.0 281.0 381.0 379.0 293.0 494.0 418.0 309.0 302.0 328.0 217.0 330.0 407.0 263.0 288.0 515.0 330.0 213.0 251.0 331.0 389.0 905.0 375.0
339 198.0 367.0 353.0 393.0 293.0 338.0 448.0 321.0 259.0 374.0 290.0 387.0 386.0 261.0 441.0 400.0 300.0 281.0 363.0 193.0 335.0 386.0 266.0 281.0 485.0 316.0 231.0 224.0 308.0 371.0 867.0 380.0
342 146.0 415.0 380.0 392.0 269.0 377.0 448.0 277.0 250.0 398.0 247.0 373.0 354.0 252.0 409.0 340.0 279.0 267.0 337.0 205.0 278.0 369.0 226.0 205.0 439.0 279.0 202.0 180.0 301.0 328.0 784.0 347.0
345 137.0 345.0 346.0 372.0 256.0 280.0 519.0 256.0 235.0 378.0 260.0 380.0 353.0 235.0 420.0 356.0 305.0 224.0 300.0 201.0 262.0 346.0 194.0 216.0 331.0 308.0 181.0 161.0 309.0 309.0 702.0 314.0
348 74.0 368.0 287.0 351.0 210.0 252.0 475.0 227.0 180.0 330.0 242.0 368.0 322.0 170.0 383.0 342.0 260.0 153.0 320.0 155.0 252.0 330.0 202.0 183.0 335.0 244.0 142.0 99.0 297.0 246.0 554.0 292.0
351 59.0 371.0 247.0 335.0 156.0 235.0 391.0 188.0 126.0 315.0 251.0 366.0 280.0 138.0 378.0 329.0 225.0 104.0 270.0 125.0 184.0 325.0 150.0 130.0 237.0 212.0 91.0 59.0 264.0 216.0 440.0 254.0
354 26.0 330.0 221.0 306.0 108.0 174.0 437.0 138.0 68.0 316.0 205.0 305.0 320.0 85.0 343.0 271.0 248.0 61.0 262.0 78.0 142.0 296.0 77.0 73.0 176.0 134.0 63.0 25.0 207.0 164.0 311.0 177.0
357 26.0 351.0 130.0 306.0 54.0 109.0 322.0 75.0 56.0 257.0 160.0 365.0 269.0 59.0 323.0 217.0 195.0 40.0 156.0 41.0 94.0 276.0 59.0 42.0 91.0 76.0 38.0 35.0 186.0 90.0 184.0 132.0
360 18.0 325.0 81.0 235.0 41.0 65.0 265.0 40.0 28.0 233.0 118.0 281.0 259.0 28.0 255.0 126.0 177.0 24.0 130.0 22.0 44.0 220.0 28.0 15.0 57.0 47.0 18.0 22.0 142.0 47.0 109.0 89.0
363 14.0 311.0 45.0 197.0 26.0 41.0 247.0 22.0 22.0 161.0 94.0 303.0 234.0 26.0 227.0 96.0 126.0 21.0 86.0 15.0 31.0 178.0 16.0 20.0 41.0 38.0 10.0 21.0 89.0 37.0 67.0 47.0
366 16.0 242.0 32.0 134.0 23.0 23.0 196.0 31.0 18.0 94.0 40.0 254.0 168.0 23.0 157.0 45.0 73.0 25.0 41.0 16.0 30.0 153.0 19.0 16.0 36.0 34.0 21.0 20.0 67.0 20.0 55.0 37.0
369 21.0 178.0 26.0 80.0 15.0 26.0 100.0 30.0 19.0 64.0 30.0 177.0 110.0 29.0 92.0 34.0 38.0 19.0 38.0 13.0 24.0 77.0 18.0 20.0 36.0 35.0 18.0 11.0 45.0 35.0 68.0 31.0
372 14.0 159.0 36.0 54.0 16.0 28.0 72.0 14.0 26.0 40.0 18.0 134.0 53.0 23.0 43.0 29.0 26.0 28.0 22.0 17.0 18.0 44.0 16.0 18.0 39.0 21.0 22.0 15.0 29.0 30.0 70.0 26.0
375 12.0 80.0 21.0 33.0 20.0 26.0 55.0 22.0 16.0 40.0 18.0 76.0 40.0 24.0 43.0 24.0 21.0 19.0 26.0 15.0 26.0 30.0 20.0 13.0 25.0 22.0 17.0 18.0 26.0 23.0 65.0 28.0
378 13.0 44.0 15.0 26.0 15.0 18.0 42.0 19.0 16.0 31.0 15.0 37.0 31.0 15.0 26.0 25.0 24.0 11.0 25.0 9.0 21.0 43.0 14.0 16.0 30.0 24.0 11.0 21.0 22.0 21.0 57.0 19.0
381 9.0 39.0 24.0 17.0 13.0 33.0 29.0 24.0 14.0 30.0 16.0 33.0 27.0 22.0 31.0 22.0 13.0 24.0 28.0 14.0 19.0 38.0 15.0 17.0 26.0 17.0 14.0 12.0 16.0 21.0 61.0 25.0
384 23.0 29.0 22.0 25.0 20.0 29.0 32.0 17.0 16.0 29.0 17.0 26.0 25.0 20.0 32.0 28.0 14.0 17.0 18.0 9.0 21.0 26.0 16.0 19.0 29.0 16.0 15.0 11.0 13.0 26.0 57.0 19.0
387 10.0 20.0 31.0 21.0 6.0 21.0 30.0 20.0 18.0 38.0 17.0 22.0 24.0 12.0 23.0 24.0 25.0 16.0 27.0 10.0 23.0 40.0 22.0 21.0 25.0 23.0 14.0 13.0 25.0 26.0 56.0 21.0
390 11.0 31.0 24.0 21.0 23.0 18.0 35.0 22.0 21.0 27.0 18.0 32.0 22.0 12.0 28.0 26.0 14.0 21.0 23.0 19.0 16.0 20.0 14.0 14.0 33.0 21.0 15.0 16.0 15.0 19.0 51.0 22.0
393 16.0 29.0 17.0 22.0 11.0 26.0 32.0 14.0 10.0 27.0 17.0 20.0 22.0 11.0 31.0 22.0 14.0 14.0 21.0 10.0 20.0 24.0 12.0 16.0 33.0 20.0 16.0 18.0 15.0 20.0 53.0 26.0
396 4.0 32.0 21.0 20.0 14.0 10.0 25.0 14.0 12.0 21.0 18.0 19.0 22.0 11.0 31.0 19.0 25.0 14.0 22.0 12.0 13.0 23.0 14.0 16.0 20.0 21.0 12.0 5.0 16.0 22.0 56.0 16.0
399 4.0 25.0 17.0 26.0 12.0 17.0 33.0 15.0 11.0 21.0 15.0 21.0 22.0 14.0 17.0 24.0 20.0 19.0 12.0 18.0 14.0 19.0 7.0 19.0 25.0 15.0 13.0 4.0 20.0 25.0 48.0 24.0
402 9.0 20.0 14.0 30.0 15.0 17.0 31.0 20.0 12.0 35.0 12.0 16.0 31.0 17.0 20.0 13.0 11.0 6.0 21.0 11.0 10.0 19.0 13.0 8.0 29.0 17.0 7.0 3.0 20.0 16.0 31.0 27.0
405 1.0 15.0 17.0 19.0 11.0 17.0 20.0 9.0 6.0 28.0 17.0 25.0 20.0 13.0 25.0 17.0 19.0 11.0 10.0 11.0 10.0 18.0 9.0 14.0 13.0 10.0 5.0 3.0 16.0 18.0 28.0 19.0
408 2.0 26.0 14.0 21.0 9.0 16.0 26.0 13.0 8.0 14.0 5.0 18.0 22.0 10.0 21.0 15.0 17.0 6.0 12.0 6.0 6.0 15.0 9.0 5.0 11.0 13.0 4.0 1.0 17.0 12.0 25.0 13.0
411 1.0 17.0 10.0 19.0 10.0 6.0 20.0 9.0 9.0 22.0 9.0 17.0 17.0 5.0 28.0 15.0 8.0 2.0 13.0 8.0 7.0 18.0 4.0 3.0 8.0 12.0 5.0 3.0 13.0 9.0 16.0 11.0
414 0.0 27.0 7.0 18.0 3.0 8.0 21.0 8.0 3.0 19.0 12.0 26.0 18.0 4.0 26.0 12.0 12.0 1.0 14.0 7.0 8.0 12.0 1.0 4.0 4.0 6.0 1.0 2.0 8.0 1.0 16.0 7.0
417 2.0 26.0 11.0 11.0 2.0 6.0 22.0 2.0 3.0 16.0 15.0 17.0 17.0 1.0 23.0 14.0 9.0 2.0 11.0 2.0 3.0 12.0 2.0 4.0 1.0 5.0 2.0 1.0 12.0 7.0 3.0 3.0
420 1.0 13.0 5.0 16.0 0.0 5.0 15.0 1.0 2.0 16.0 5.0 24.0 30.0 1.0 13.0 5.0 10.0 2.0 8.0 0.0 2.0 12.0 1.0 2.0 2.0 5.0 0.0 3.0 7.0 1.0 6.0 2.0
423 2.0 25.0 3.0 7.0 2.0 2.0 17.0 1.0 1.0 10.0 0.0 17.0 10.0 3.0 15.0 6.0 5.0 1.0 10.0 2.0 2.0 10.0 3.0 0.0 3.0 2.0 1.0 0.0 4.0 1.0 4.0 1.0
426 3.0 19.0 4.0 9.0 0.0 3.0 9.0 4.0 1.0 7.0 3.0 15.0 5.0 4.0 7.0 3.0 3.0 1.0 4.0 1.0 1.0 8.0 2.0 2.0 2.0 2.0 1.0 0.0 5.0 2.0 4.0 2.0
429 2.0 18.0 1.0 4.0 2.0 3.0 10.0 1.0 3.0 0.0 0.0 11.0 9.0 1.0 3.0 1.0 0.0 2.0 1.0 1.0 0.0 5.0 0.0 3.0 3.0 0.0 1.0 1.0 2.0 1.0 6.0 1.0
432 3.0 12.0 1.0 8.0 2.0 0.0 7.0 2.0 1.0 2.0 2.0 10.0 3.0 0.0 4.0 1.0 0.0 2.0 2.0 0.0 2.0 6.0 1.0 2.0 1.0 1.0 3.0 1.0 1.0 0.0 6.0 1.0
435 2.0 7.0 5.0 2.0 1.0 3.0 4.0 1.0 0.0 1.0 3.0 7.0 5.0 1.0 2.0 1.0 2.0 3.0 2.0 1.0 1.0 4.0 0.0 3.0 3.0 2.0 3.0 2.0 0.0 2.0 2.0 0.0
438 0.0 8.0 3.0 0.0 1.0 1.0 1.0 4.0 2.0 2.0 6.0 8.0 3.0 2.0 4.0 0.0 1.0 1.0 2.0 1.0 3.0 2.0 1.0 0.0 1.0 1.0 2.0 1.0 1.0 2.0 4.0 3.0
441 0.0 6.0 2.0 1.0 0.0 0.0 2.0 2.0 0.0 0.0 1.0 7.0 4.0 0.0 3.0 3.0 1.0 0.0 0.0 0.0 1.0 1.0 1.0 1.0 2.0 1.0 0.0 0.0 3.0 3.0 4.0 1.0
444 0.0 3.0 3.0 0.0 2.0 3.0 3.0 0.0 2.0 1.0 0.0 4.0 1.0 0.0 0.0 0.0 2.0 4.0 1.0 0.0 1.0 0.0 2.0 4.0 2.0 0.0 1.0 1.0 2.0 2.0 6.0 2.0
447 0.0 1.0 3.0 2.0 3.0 2.0 4.0 0.0 1.0 1.0 2.0 2.0 3.0 1.0 2.0 2.0 0.0 1.0 2.0 0.0 1.0 2.0 0.0 1.0 2.0 1.0 0.0 0.0 1.0 4.0 3.0 0.0
