150 449848.0 388812.0 502499.0 482367.0 509161.0 419111.0 399381.0 481839.0 417704.0 402161.0 392113.0 437071.0 450583.0 440967.0 392383.0 362219.0 473094.0 403101.0 375677.0 385957.0 394077.0 361488.0 411324.0 452680.0 393755.0 395418.0 393614.0 372950.0 362082.0 478329.0 402855.0 475739.0
153 18056621.0 18053860.0 18032409.0 18004952.0 18020915.0 18022979.0 18035670.0 18004471.0 18033528.0 18019917.0 18041271.0 18012540.0 18025466.0 18027098.0 18036874.0 18033273.0 18028164.0 18036688.0 18047737.0 18041059.0 18020499.0 18047584.0 18008950.0 18027199.0 18019510.0 18046068.0 18018779.0 18046834.0 18028370.0 18029905.0 18051746.0 18031517.0
156 18556586.0 18553979.0 18531601.0 18496732.0 18518681.0 18514394.0 18531652.0 18496598.0 18530092.0 18513599.0 18539305.0 18504891.0 18522337.0 18520120.0 18531257.0 18527343.0 18521739.0 18530898.0 18542393.0 18533864.0 18515340.0 18542854.0 18503833.0 18519306.0 18514496.0 18541183.0 18513789.0 18542621.0 18524011.0 18525483.0 18547821.0 18526237.0
159 18926780.0 18927712.0 18906668.0 18867871.0 18894605.0 18884528.0 18907706.0 18867044.0 18906147.0 18884121.0 18915400.0 18875169.0 18897581.0 18895979.0 18906986.0 18899263.0 18897655.0 18906448.0 18916567.0 18909116.0 18888325.0 18917888.0 18876187.0 18897525.0 18886440.0 18915490.0 18886160.0 18917186.0 18895563.0 18901142.0 18921442.0 18900154.0
162 19305130.0 19306843.0 19286933.0 19246070.0 19277002.0 19260863.0 19289049.0 19244218.0 19288635.0 19259475.0 19297627.0 19250330.0 19280072.0 19281673.0 19289852.0 19275938.0 19282230.0 19290879.0 19299134.0 19293135.0 19266089.0 19300734.0 19254897.0 19281293.0 19263353.0 19298347.0 19263454.0 19300950.0 19274412.0 19285272.0 19303492.0 19282974.0
165 19604202.0 19611460.0 19595500.0 19556732.0 19582474.0 19566832.0 19595179.0 19553189.0 19593563.0 19562771.0 19599802.0 19554407.0 19585606.0 19587760.0 19592284.0 19580526.0 19589774.0 19596423.0 19604387.0 19597482.0 19572843.0 19605745.0 19560115.0 19586077.0 19567310.0 19601025.0 19567051.0 19606651.0 19578063.0 19589817.0 19604356.0 19590842.0
168 19685613.0 19695031.0 19679847.0 19639338.0 19664621.0 19646680.0 19679303.0 19634770.0 19677958.0 19643497.0 19683931.0 19634832.0 19670546.0 19670629.0 19674881.0 19661363.0 19673573.0 19681151.0 19687525.0 19681273.0 19652946.0 19689955.0 19640863.0 19669387.0 19646976.0 19684334.0 19647070.0 19690274.0 19658875.0 19672895.0 19686909.0 19674211.0
171 19689689.0 19700113.0 19684777.0 19638414.0 19667498.0 19644196.0 19680923.0 19633621.0 19680030.0 19642198.0 19684157.0 19632342.0 19672568.0 19671407.0 19675854.0 19663959.0 19675123.0 19681892.0 19689606.0 19682081.0 19656255.0 19690847.0 19643884.0 19670965.0 19648985.0 19685360.0 19648871.0 19692571.0 19661703.0 19674045.0 19687716.0 19678683.0
174 19425794.0 19428563.0 19414883.0 19331660.0 19391179.0 19317202.0 19398766.0 19324347.0 19398517.0 19325523.0 19404063.0 19315838.0 19392687.0 19392073.0 19394317.0 19371950.0 19392015.0 19401683.0 19404209.0 19397883.0 19363969.0 19403748.0 19347634.0 19381316.0 19353347.0 19394218.0 19349386.0 19399870.0 19363336.0 19382654.0 19393485.0 19388420.0
177 18765438.0 18803401.0 18787747.0 18272231.0 18649597.0 18193608.0 18707587.0 18211848.0 18640055.0 18254767.0 18652865.0 18263949.0 18646837.0 18624416.0 18637724.0 18459574.0 18552499.0 18666954.0 18637256.0 18606200.0 18438287.0 18627661.0 18385019.0 18531404.0 18405759.0 18598207.0 18362251.0 18616996.0 18384215.0 18582388.0 18603789.0 18677678.0
180 8187404.0 8257682.0 8386009.0 8060172.0 8248868.0 7722860.0 8383794.0 7897137.0 8280454.0 7923848.0 8271913.0 7982489.0 8409388.0 8332263.0 8382833.0 8456664.0 8075971.0 8442140.0 8269860.0 8257721.0 8319083.0 8251190.0 8308001.0 8068374.0 8305405.0 8156821.0 8145632.0 8247022.0 7966956.0 8201697.0 8139838.0 8420982.0
183 4229512.0 4263256.0 4443352.0 4335185.0 4345705.0 3996217.0 4457611.0 4173231.0 4360631.0 4174743.0 4318358.0 4250190.0 4494382.0 4383307.0 4433383.0 4743984.0 4131219.0 4530421.0 4319427.0 4325478.0 4582732.0 4293790.0 4634616.0 4160268.0 4580880.0 4223977.0 4473602.0 4338954.0 4217613.0 4308862.0 4200137.0 4483434.0
186 339458.0 302936.0 428160.0 388002.0 426375.0 310678.0 358060.0 375344.0 363886.0 313099.0 322776.0 355050.0 400872.0 374303.0 357122.0 346825.0 362416.0 381949.0 311424.0 331853.0 356683.0 300314.0 382347.0 363190.0 361799.0 328099.0 350819.0 336569.0 284702.0 417358.0 323999.0 434801.0
189 311622.0 272076.0 382348.0 360223.0 383092.0 294028.0 292266.0 358465.0 303876.0 287274.0 277544.0 320540.0 332123.0 323744.0 279773.0 258494.0 341493.0 295593.0 257967.0 272797.0 292589.0 250655.0 320524.0 332928.0 284137.0 272844.0 285532.0 265755.0 254703.0 350037.0 270567.0 369723.0
192 311974.0 272800.0 381556.0 360621.0 383746.0 294002.0 291138.0 359156.0 304007.0 287256.0 276726.0 318768.0 332069.0 325019.0 278122.0 255274.0 342239.0 292631.0 257141.0 273282.0 291659.0 250523.0 319578.0 331985.0 281487.0 271375.0 285185.0 262899.0 253789.0 348791.0 269383.0 368390.0
195 313445.0 272403.0 382675.0 360899.0 384563.0 294418.0 292221.0 359800.0 305358.0 288247.0 278045.0 320185.0 333334.0 325564.0 278666.0 255455.0 343232.0 293701.0 257438.0 273396.0 292317.0 250799.0 319828.0 332164.0 282805.0 271141.0 284392.0 262811.0 255114.0 348920.0 268707.0 368205.0
198 313083.0 273816.0 378333.0 361233.0 383781.0 294563.0 292007.0 358393.0 304605.0 288187.0 277242.0 320237.0 333743.0 325772.0 279675.0 256589.0 343031.0 293354.0 258007.0 273585.0 292983.0 250097.0 321231.0 348369.0 281810.0 272664.0 284538.0 264379.0 254963.0 347540.0 269418.0 369965.0
201 312756.0 273241.0 377636.0 361505.0 384458.0 295644.0 292052.0 360003.0 305041.0 288440.0 277725.0 319787.0 333012.0 326122.0 279824.0 255467.0 342988.0 293721.0 256815.0 273192.0 292687.0 250375.0 319796.0 336756.0 282956.0 273030.0 285275.0 262925.0 255531.0 346873.0 270001.0 370217.0
204 313970.0 272954.0 378004.0 361966.0 385472.0 295250.0 293195.0 360141.0 305152.0 289412.0 277760.0 319983.0 333456.0 326571.0 279736.0 256807.0 345194.0 295223.0 257563.0 273097.0 292752.0 251373.0 321362.0 348045.0 282651.0 272508.0 285165.0 264343.0 255483.0 348683.0 269892.0 368900.0
207 313136.0 272524.0 371602.0 361353.0 383339.0 293887.0 292735.0 358794.0 304682.0 288996.0 278008.0 320420.0 333050.0 325396.0 278251.0 256462.0 341814.0 292767.0 257064.0 272434.0 291301.0 249804.0 319351.0 338567.0 284465.0 272479.0 284333.0 262904.0 254383.0 346770.0 268775.0 368456.0
210 311054.0 270433.0 372446.0 358585.0 381351.0 293218.0 291722.0 358781.0 303518.0 287291.0 277438.0 319586.0 331539.0 323604.0 277363.0 255158.0 342081.0 292271.0 257394.0 271860.0 291246.0 249162.0 318740.0 333024.0 282954.0 270893.0 284437.0 262869.0 254116.0 347015.0 268208.0 370054.0
213 311380.0 271534.0 381067.0 359378.0 382805.0 292702.0 290330.0 357965.0 302499.0 287298.0 276145.0 318431.0 332523.0 324141.0 278159.0 254098.0 341236.0 290654.0 256575.0 272474.0 291578.0 249299.0 319466.0 336604.0 281885.0 271173.0 283579.0 261709.0 254212.0 345130.0 268730.0 368989.0
216 310597.0 271106.0 381148.0 359796.0 381539.0 293243.0 290691.0 357138.0 302168.0 286472.0 276387.0 318765.0 331840.0 323699.0 278778.0 253736.0 339767.0 291293.0 256666.0 272372.0 290735.0 248928.0 317350.0 337805.0 280780.0 270279.0 283459.0 261143.0 253079.0 346160.0 266909.0 368489.0
219 310182.0 270694.0 379788.0 358632.0 381749.0 291964.0 290247.0 355988.0 302159.0 285477.0 275106.0 319133.0 330080.0 322155.0 277181.0 253441.0 339090.0 289957.0 255974.0 271860.0 289377.0 247863.0 317039.0 345408.0 281461.0 270083.0 282542.0 260486.0 253243.0 345440.0 268085.0 366705.0
222 308736.0 269053.0 376631.0 354181.0 379241.0 290784.0 288682.0 353729.0 299752.0 284777.0 274495.0 316989.0 329102.0 321144.0 275975.0 252955.0 337163.0 288535.0 255557.0 269218.0 286617.0 245961.0 314850.0 335212.0 279434.0 269539.0 282192.0 259648.0 252457.0 343250.0 266182.0 365227.0
225 307622.0 267652.0 373525.0 353302.0 377636.0 289599.0 287128.0 351113.0 299204.0 283704.0 272971.0 314865.0 327522.0 319566.0 275749.0 251296.0 335683.0 286574.0 253958.0 269138.0 286608.0 245511.0 312781.0 330403.0 277727.0 268132.0 279937.0 257841.0 249119.0 341278.0 266076.0 363753.0
228 305810.0 263242.0 371165.0 350403.0 373317.0 287888.0 284952.0 348696.0 295595.0 281104.0 271292.0 312829.0 324024.0 317793.0 273758.0 250746.0 332087.0 285368.0 251803.0 267654.0 283939.0 243255.0 308128.0 323571.0 276426.0 266699.0 278078.0 255237.0 246436.0 339425.0 264064.0 357872.0
231 302111.0 247058.0 358946.0 344199.0 369189.0 287266.0 281200.0 336906.0 289084.0 280091.0 265350.0 309769.0 316778.0 313204.0 270986.0 244041.0 322435.0 279078.0 248149.0 263905.0 270260.0 234720.0 293741.0 328075.0 274896.0 264364.0 272879.0 245398.0 233477.0 336806.0 261579.0 353335.0
234 292563.0 197343.0 316537.0 320782.0 358650.0 278219.0 263039.0 298296.0 262968.0 268438.0 246154.0 306321.0 290336.0 294028.0 265674.0 217711.0 290443.0 255669.0 231840.0 252563.0 225958.0 203341.0 247500.0 313967.0 269189.0 256765.0 256968.0 212974.0 191776.0 325977.0 251768.0 336207.0
237 241251.0 98360.0 195905.0 232743.0 305556.0 239950.0 193912.0 186735.0 177618.0 221483.0 174633.0 282280.0 208327.0 216881.0 233346.0 141655.0 191007.0 180682.0 173879.0 203589.0 122607.0 120340.0 139481.0 273405.0 233787.0 218152.0 193610.0 128324.0 99646.0 282729.0 211478.0 260209.0
240 159806.0 41013.0 92763.0 131336.0 212539.0 170664.0 109005.0 89195.0 92059.0 144063.0 96110.0 224255.0 122062.0 121685.0 167971.0 70279.0 95628.0 96463.0 100288.0 131121.0 51665.0 53958.0 62307.0 191990.0 163078.0 151139.0 112907.0 59373.0 40687.0 206594.0 146558.0 157027.0
243 70085.0 19064.0 35713.0 50566.0 98666.0 82138.0 40686.0 33989.0 35343.0 61011.0 36216.0 124575.0 49068.0 45781.0 79188.0 26589.0 36627.0 35562.0 38324.0 55363.0 21747.0 20595.0 26191.0 82961.0 72169.0 67773.0 43383.0 22404.0 18045.0 102963.0 68109.0 58609.0
246 28154.0 14559.0 23391.0 25391.0 38319.0 30243.0 20051.0 21953.0 19831.0 23820.0 18096.0 44368.0 22876.0 22458.0 28240.0 15213.0 21836.0 18327.0 17428.0 22044.0 15742.0 14172.0 18200.0 31813.0 25350.0 24246.0 19962.0 14463.0 13683.0 37545.0 24961.0 26903.0
249 20503.0 12810.0 20128.0 20914.0 26583.0 20178.0 16564.0 18284.0 16455.0 18176.0 14712.0 24672.0 18359.0 18721.0 18965.0 12686.0 18692.0 15061.0 14447.0 16695.0 13468.0 12314.0 15831.0 21756.0 18185.0 17548.0 16098.0 12640.0 12078.0 23665.0 17021.0 22148.0
252 16688.0 11866.0 17756.0 18177.0 21917.0 16613.0 14071.0 16480.0 13931.0 15053.0 12916.0 19657.0 15571.0 16286.0 15689.0 11517.0 16645.0 13579.0 12341.0 13774.0 12359.0 11043.0 14296.0 18344.0 15242.0 14621.0 13716.0 11275.0 10997.0 19007.0 13909.0 19454.0
255 14721.0 11613.0 16637.0 16960.0 19139.0 14352.0 13123.0 15415.0 13234.0 13334.0 12131.0 16799.0 14613.0 15366.0 13406.0 10664.0 15854.0 12516.0 11260.0 12369.0 11666.0 10491.0 13530.0 15801.0 12989.0 12795.0 12537.0 10637.0 10664.0 16649.0 12409.0 18030.0
258 13301.0 11261.0 15821.0 16220.0 17328.0 13137.0 12348.0 15505.0 12563.0 12138.0 11475.0 14766.0 13620.0 14444.0 12290.0 10543.0 15191.0 12143.0 10567.0 11452.0 11636.0 10157.0 13290.0 14545.0 11903.0 11632.0 11914.0 10503.0 10216.0 14745.0 11185.0 17223.0
261 12961.0 11104.0 15804.0 15675.0 16990.0 12670.0 12528.0 14956.0 12265.0 12156.0 11328.0 14084.0 13287.0 14187.0 12060.0 10011.0 14910.0 11904.0 10726.0 11339.0 11088.0 9948.0 13133.0 14482.0 11554.0 11344.0 11474.0 10183.0 10175.0 14366.0 10989.0 17039.0
264 13058.0 10972.0 15435.0 15737.0 16885.0 12675.0 12201.0 15014.0 12195.0 12163.0 11157.0 14015.0 13356.0 13944.0 11831.0 10184.0 14916.0 11607.0 10317.0 11216.0 11198.0 9976.0 13056.0 14474.0 11465.0 11245.0 11623.0 10028.0 10054.0 14200.0 11006.0 16798.0
267 12720.0 10928.0 15373.0 15627.0 16732.0 12647.0 12119.0 14489.0 12229.0 12061.0 11174.0 13740.0 13041.0 14135.0 11674.0 9851.0 14502.0 11704.0 10316.0 11306.0 11142.0 9656.0 12603.0 14325.0 11219.0 11032.0 11439.0 10059.0 9932.0 14088.0 10720.0 16474.0
270 12545.0 10670.0 14775.0 15223.0 16507.0 12420.0 11904.0 14267.0 11928.0 11707.0 10861.0 13635.0 12871.0 13880.0 11485.0 9876.0 14327.0 11524.0 10197.0 10961.0 10784.0 9570.0 12482.0 13904.0 11230.0 10951.0 10991.0 9990.0 9902.0 13968.0 10600.0 16247.0
273 12611.0 10455.0 14801.0 15000.0 16313.0 12224.0 11882.0 14295.0 11778.0 11629.0 10898.0 13551.0 12649.0 13771.0 11268.0 9478.0 14008.0 11325.0 10083.0 10836.0 10847.0 9451.0 12392.0 13969.0 11084.0 11118.0 11156.0 9758.0 9548.0 13588.0 10372.0 16172.0
276 12145.0 10267.0 14581.0 14828.0 16059.0 11828.0 11562.0 13933.0 11590.0 11593.0 10950.0 13140.0 12331.0 13296.0 11306.0 9523.0 13987.0 11122.0 10108.0 10596.0 10514.0 9360.0 12052.0 13573.0 10907.0 10813.0 10982.0 9385.0 9692.0 13709.0 10465.0 15895.0
279 12097.0 10017.0 14443.0 14533.0 15797.0 11988.0 11473.0 13739.0 11162.0 11275.0 10431.0 13226.0 12152.0 13383.0 10959.0 9426.0 13723.0 10942.0 9804.0 10654.0 10357.0 9233.0 11986.0 13365.0 10590.0 10793.0 10921.0 9292.0 9266.0 13297.0 10329.0 15630.0
282 11923.0 9827.0 14154.0 14512.0 15363.0 11671.0 11189.0 13379.0 11378.0 11141.0 10226.0 12930.0 12093.0 13110.0 11120.0 9113.0 13333.0 10648.0 9537.0 10385.0 10224.0 9086.0 11622.0 12686.0 10655.0 10452.0 10606.0 9121.0 9282.0 12951.0 9914.0 15419.0
285 11759.0 9848.0 13552.0 14258.0 15073.0 11509.0 11100.0 13103.0 10877.0 10970.0 10147.0 12634.0 11792.0 12564.0 10749.0 9170.0 13201.0 10362.0 9510.0 10175.0 9715.0 8863.0 11263.0 12723.0 10286.0 10370.0 10304.0 9107.0 8986.0 12587.0 9927.0 15093.0
288 11438.0 9181.0 13166.0 13719.0 15125.0 11341.0 10616.0 12635.0 10506.0 10933.0 10090.0 12416.0 11606.0 12273.0 10565.0 8787.0 12795.0 10375.0 9119.0 9999.0 9659.0 8658.0 10940.0 12951.0 10155.0 10301.0 10243.0 8904.0 8932.0 12817.0 9682.0 14958.0
291 11353.0 8998.0 13028.0 13367.0 14852.0 11026.0 10402.0 12469.0 10559.0 10495.0 9829.0 12252.0 11320.0 12184.0 10408.0 8725.0 12643.0 9887.0 9099.0 9825.0 9356.0 8508.0 10541.0 12528.0 9944.0 10030.0 10029.0 8561.0 8424.0 12386.0 9370.0 14495.0
294 10845.0 8433.0 12213.0 13049.0 14168.0 10752.0 10062.0 11842.0 9861.0 10148.0 9271.0 12012.0 10835.0 11720.0 10008.0 8230.0 12089.0 9539.0 8850.0 9676.0 8603.0 8136.0 9977.0 12147.0 9538.0 9536.0 9817.0 8140.0 7975.0 11957.0 9347.0 14062.0
297 10586.0 6973.0 11411.0 12160.0 13792.0 10514.0 9632.0 10892.0 9189.0 9722.0 8695.0 11727.0 10258.0 11079.0 9787.0 7627.0 11277.0 9187.0 8653.0 9128.0 7606.0 7248.0 8689.0 11434.0 9605.0 9505.0 9462.0 7333.0 6915.0 11576.0 9018.0 13424.0
300 10099.0 5064.0 9266.0 10862.0 13145.0 10208.0 8703.0 9349.0 8005.0 9345.0 7868.0 11446.0 8975.0 10140.0 9489.0 6315.0 9840.0 7754.0 7997.0 8659.0 5674.0 5864.0 6365.0 11244.0 8883.0 9164.0 8347.0 5947.0 5301.0 10911.0 8682.0 12364.0
303 9270.0 3090.0 6490.0 8934.0 11723.0 9448.0 6809.0 6973.0 6089.0 8435.0 6358.0 11002.0 7406.0 8446.0 8789.0 4685.0 7704.0 5899.0 6786.0 7552.0 3520.0 4097.0 4205.0 10135.0 8415.0 8387.0 7051.0 4124.0 3148.0 10106.0 7807.0 10234.0
306 7753.0 1699.0 4105.0 6739.0 10100.0 8604.0 5007.0 4691.0 4274.0 7021.0 4709.0 10017.0 5508.0 6293.0 7468.0 3189.0 5453.0 4087.0 5342.0 6224.0 1944.0 2481.0 2452.0 8846.0 7219.0 7139.0 5461.0 2496.0 1770.0 8692.0 6829.0 7810.0
309 5658.0 963.0 2046.0 3895.0 7092.0 6752.0 2670.0 2409.0 2149.0 4793.0 2494.0 8490.0 3201.0 3421.0 5260.0 1645.0 2891.0 2132.0 3181.0 3876.0 1020.0 1186.0 1215.0 6846.0 5178.0 5041.0 2980.0 1188.0 828.0 6734.0 4889.0 4441.0
312 3531.0 730.0 1310.0 2064.0 4653.0 4784.0 1471.0 1363.0 1280.0 2859.0 1354.0 6342.0 1779.0 1796.0 3379.0 882.0 1687.0 1208.0 1678.0 2355.0 786.0 782.0 925.0 4496.0 3115.0 3163.0 1680.0 787.0 675.0 4601.0 3126.0 2316.0
315 2007.0 669.0 1038.0 1259.0 2506.0 2833.0 945.0 1055.0 833.0 1476.0 884.0 3984.0 1103.0 1163.0 1804.0 721.0 1141.0 810.0 919.0 1263.0 634.0 628.0 818.0 2272.0 1564.0 1620.0 994.0 651.0 620.0 2596.0 1637.0 1420.0
318 1118.0 623.0 967.0 1051.0 1512.0 1484.0 812.0 878.0 742.0 1022.0 712.0 1967.0 823.0 997.0 1086.0 670.0 964.0 718.0 719.0 866.0 638.0 564.0 750.0 1323.0 968.0 956.0 792.0 551.0 615.0 1444.0 958.0 1144.0
321 886.0 608.0 915.0 999.0 1138.0 998.0 754.0 847.0 710.0 754.0 646.0 1181.0 782.0 883.0 793.0 545.0 929.0 633.0 642.0 724.0 616.0 576.0 705.0 928.0 752.0 809.0 677.0 549.0 569.0 1039.0 724.0 1091.0
324 806.0 655.0 882.0 951.0 1013.0 819.0 732.0 807.0 621.0 700.0 658.0 953.0 759.0 816.0 796.0 585.0 837.0 601.0 579.0 672.0 606.0 548.0 695.0 883.0 666.0 671.0 672.0 563.0 568.0 853.0 673.0 1063.0
327 787.0 618.0 843.0 936.0 1002.0 737.0 701.0 804.0 666.0 730.0 614.0 896.0 674.0 814.0 655.0 653.0 835.0 614.0 611.0 653.0 592.0 528.0 685.0 781.0 667.0 634.0 644.0 521.0 576.0 835.0 583.0 1018.0
330 707.0 583.0 771.0 897.0 963.0 715.0 712.0 771.0 643.0 678.0 611.0 840.0 657.0 829.0 651.0 538.0 829.0 616.0 596.0 630.0 570.0 506.0 665.0 746.0 651.0 595.0 605.0 560.0 575.0 719.0 579.0 965.0
333 682.0 594.0 795.0 870.0 936.0 721.0 657.0 755.0 661.0 642.0 600.0 820.0 704.0 731.0 630.0 514.0 810.0 633.0 533.0 607.0 574.0 493.0 646.0 772.0 651.0 581.0 613.0 488.0 531.0 724.0 624.0 934.0
336 733.0 550.0 758.0 844.0 908.0 672.0 612.0 753.0 596.0 644.0 558.0 780.0 661.0 761.0 630.0 492.0 784.0 564.0 570.0 593.0 516.0 509.0 632.0 756.0 564.0 644.0 600.0 508.0 508.0 755.0 585.0 877.0
339 669.0 552.0 777.0 822.0 912.0 684.0 654.0 766.0 637.0 611.0 594.0 823.0 685.0 751.0 638.0 461.0 787.0 578.0 520.0 577.0 541.0 462.0 662.0 747.0 666.0 581.0 572.0 489.0 512.0 741.0 574.0 896.0
342 718.0 547.0 712.0 764.0 920.0 708.0 598.0 696.0 600.0 671.0 584.0 737.0 618.0 727.0 619.0 527.0 755.0 591.0 517.0 596.0 561.0 499.0 618.0 742.0 591.0 555.0 563.0 517.0 510.0 710.0 598.0 911.0
345 635.0 484.0 689.0 736.0 884.0 691.0 611.0 718.0 586.0 613.0 522.0 752.0 642.0 684.0 665.0 444.0 713.0 571.0 519.0 563.0 507.0 468.0 553.0 680.0 574.0 572.0 575.0 426.0 437.0 683.0 522.0 875.0
348 660.0 472.0 708.0 762.0 835.0 672.0 590.0 695.0 580.0 584.0 522.0 749.0 609.0 690.0 565.0 444.0 706.0 551.0 521.0 510.0 469.0 485.0 595.0 695.0 576.0 571.0 549.0 444.0 429.0 685.0 542.0 872.0
351 613.0 489.0 688.0 725.0 848.0 658.0 536.0 712.0 533.0 580.0 523.0 745.0 598.0 668.0 568.0 466.0 747.0 498.0 486.0 497.0 434.0 401.0 554.0 666.0 546.0 529.0 533.0 442.0 452.0 627.0 485.0 793.0
354 629.0 439.0 632.0 724.0 779.0 626.0 539.0 595.0 498.0 572.0 514.0 692.0 519.0 610.0 567.0 422.0 657.0 439.0 495.0 507.0 436.0 394.0 527.0 665.0 555.0 526.0 497.0 417.0 447.0 616.0 511.0 800.0
357 617.0 373.0 569.0 691.0 803.0 562.0 540.0 580.0 483.0 527.0 453.0 692.0 500.0 596.0 565.0 395.0 629.0 416.0 468.0 494.0 366.0 394.0 458.0 615.0 539.0 494.0 513.0 382.0 373.0 629.0 475.0 794.0
360 554.0 306.0 520.0 627.0 727.0 553.0 489.0 579.0 417.0 529.0 428.0 641.0 451.0 620.0 546.0 363.0 582.0 437.0 451.0 500.0 302.0 362.0 363.0 636.0 560.0 518.0 497.0 335.0 335.0 576.0 477.0 745.0
363 544.0 233.0 454.0 596.0 749.0 565.0 453.0 448.0 405.0 536.0 418.0 610.0 451.0 545.0 453.0 350.0 548.0 375.0 410.0 428.0 284.0 295.0 312.0 572.0 456.0 472.0 437.0 304.0 231.0 545.0 448.0 655.0
366 518.0 140.0 367.0 486.0 666.0 509.0 383.0 382.0 285.0 502.0 338.0 584.0 380.0 522.0 470.0 269.0 486.0 309.0 384.0 403.0 158.0 236.0 221.0 544.0 444.0 457.0 369.0 200.0 154.0 535.0 402.0 563.0
369 442.0 77.0 240.0 418.0 589.0 509.0 294.0 295.0 227.0 389.0 277.0 570.0 278.0 390.0 459.0 194.0 332.0 258.0 317.0 350.0 102.0 172.0 150.0 511.0 411.0 416.0 280.0 156.0 99.0 471.0 364.0 462.0
372 393.0 63.0 161.0 295.0 477.0 473.0 197.0 172.0 137.0 344.0 177.0 524.0 248.0 274.0 353.0 109.0 225.0 147.0 229.0 273.0 68.0 82.0 68.0 412.0 356.0 359.0 204.0 108.0 75.0 412.0 309.0 323.0
375 305.0 60.0 76.0 186.0 364.0 403.0 122.0 123.0 88.0 266.0 104.0 462.0 158.0 158.0 262.0 76.0 142.0 89.0 173.0 195.0 47.0 58.0 67.0 333.0 251.0 274.0 161.0 45.0 50.0 305.0 237.0 211.0
378 221.0 48.0 55.0 125.0 268.0 307.0 67.0 82.0 57.0 177.0 98.0 355.0 102.0 108.0 198.0 52.0 126.0 69.0 107.0 145.0 58.0 33.0 52.0 272.0 172.0 184.0 90.0 41.0 37.0 272.0 186.0 116.0
381 143.0 44.0 57.0 83.0 163.0 207.0 65.0 64.0 54.0 112.0 47.0 300.0 45.0 54.0 104.0 27.0 70.0 61.0 53.0 79.0 37.0 35.0 53.0 173.0 108.0 102.0 54.0 38.0 40.0 182.0 107.0 73.0
384 76.0 49.0 55.0 59.0 93.0 116.0 51.0 62.0 41.0 52.0 45.0 140.0 44.0 62.0 59.0 38.0 58.0 42.0 54.0 51.0 45.0 36.0 47.0 72.0 53.0 56.0 46.0 39.0 42.0 84.0 58.0 74.0
387 57.0 33.0 55.0 51.0 79.0 61.0 50.0 49.0 52.0 37.0 45.0 99.0 57.0 73.0 49.0 43.0 59.0 42.0 34.0 43.0 50.0 27.0 55.0 59.0 34.0 64.0 45.0 32.0 29.0 78.0 58.0 69.0
390 46.0 41.0 44.0 52.0 72.0 71.0 35.0 48.0 38.0 52.0 53.0 67.0 55.0 58.0 58.0 35.0 57.0 34.0 41.0 47.0 33.0 34.0 40.0 67.0 51.0 44.0 30.0 38.0 28.0 48.0 43.0 87.0
393 49.0 38.0 57.0 56.0 59.0 54.0 40.0 42.0 36.0 42.0 31.0 55.0 38.0 61.0 49.0 30.0 55.0 41.0 45.0 35.0 31.0 29.0 36.0 34.0 30.0 49.0 36.0 26.0 35.0 45.0 35.0 58.0
396 52.0 34.0 50.0 46.0 73.0 49.0 47.0 49.0 38.0 47.0 41.0 47.0 44.0 53.0 40.0 35.0 48.0 45.0 31.0 36.0 29.0 22.0 36.0 36.0 45.0 48.0 39.0 33.0 31.0 45.0 24.0 56.0
399 42.0 32.0 53.0 48.0 61.0 41.0 52.0 40.0 38.0 43.0 49.0 73.0 34.0 46.0 52.0 31.0 50.0 37.0 38.0 31.0 38.0 31.0 30.0 53.0 44.0 39.0 34.0 23.0 30.0 57.0 39.0 56.0
402 35.0 31.0 32.0 53.0 63.0 51.0 32.0 43.0 39.0 44.0 46.0 49.0 39.0 54.0 53.0 34.0 56.0 32.0 43.0 40.0 25.0 28.0 35.0 39.0 47.0 27.0 33.0 23.0 31.0 43.0 21.0 68.0
405 45.0 34.0 40.0 49.0 63.0 38.0 39.0 42.0 29.0 38.0 34.0 49.0 39.0 41.0 33.0 26.0 52.0 33.0 29.0 35.0 25.0 26.0 42.0 38.0 42.0 44.0 28.0 37.0 27.0 37.0 25.0 61.0
408 37.0 29.0 41.0 61.0 55.0 37.0 40.0 45.0 20.0 42.0 39.0 41.0 35.0 53.0 38.0 27.0 57.0 39.0 31.0 33.0 30.0 34.0 38.0 34.0 45.0 36.0 32.0 27.0 22.0 54.0 28.0 57.0
411 41.0 25.0 37.0 60.0 69.0 39.0 40.0 43.0 38.0 40.0 25.0 47.0 31.0 32.0 45.0 25.0 37.0 36.0 24.0 40.0 23.0 27.0 34.0 40.0 37.0 31.0 33.0 20.0 18.0 49.0 31.0 63.0
414 43.0 28.0 32.0 51.0 46.0 47.0 46.0 40.0 29.0 31.0 23.0 49.0 31.0 42.0 32.0 19.0 44.0 33.0 33.0 33.0 18.0 14.0 36.0 44.0 35.0 34.0 33.0 22.0 23.0 41.0 36.0 49.0
417 40.0 17.0 39.0 44.0 39.0 49.0 30.0 27.0 24.0 38.0 29.0 33.0 33.0 42.0 29.0 23.0 47.0 34.0 31.0 29.0 16.0 19.0 29.0 27.0 40.0 25.0 26.0 19.0 22.0 31.0 29.0 48.0
420 27.0 17.0 26.0 44.0 40.0 37.0 33.0 38.0 22.0 32.0 19.0 37.0 26.0 41.0 44.0 21.0 41.0 24.0 23.0 33.0 15.0 19.0 13.0 37.0 40.0 33.0 27.0 11.0 18.0 29.0 20.0 45.0
423 31.0 9.0 19.0 44.0 36.0 42.0 31.0 28.0 13.0 23.0 23.0 34.0 14.0 30.0 26.0 9.0 37.0 19.0 30.0 30.0 14.0 14.0 4.0 31.0 25.0 27.0 31.0 11.0 8.0 39.0 28.0 36.0
426 26.0 5.0 18.0 20.0 49.0 43.0 22.0 20.0 16.0 37.0 18.0 29.0 23.0 27.0 29.0 6.0 19.0 12.0 18.0 28.0 7.0 11.0 9.0 34.0 27.0 14.0 23.0 10.0 7.0 34.0 19.0 28.0
429 27.0 4.0 7.0 30.0 29.0 35.0 25.0 19.0 10.0 27.0 12.0 35.0 19.0 21.0 34.0 6.0 23.0 11.0 16.0 21.0 4.0 9.0 6.0 33.0 24.0 24.0 27.0 9.0 4.0 24.0 33.0 20.0
432 35.0 2.0 7.0 32.0 26.0 36.0 10.0 15.0 8.0 22.0 8.0 31.0 13.0 14.0 25.0 5.0 13.0 6.0 18.0 24.0 4.0 4.0 9.0 33.0 22.0 18.0 9.0 0.0 3.0 25.0 14.0 21.0
435 23.0 2.0 2.0 12.0 26.0 15.0 8.0 8.0 3.0 11.0 6.0 24.0 9.0 15.0 11.0 3.0 13.0 2.0 8.0 15.0 3.0 5.0 2.0 29.0 18.0 22.0 8.0 3.0 2.0 15.0 14.0 8.0
438 17.0 3.0 5.0 15.0 21.0 17.0 3.0 3.0 1.0 10.0 5.0 23.0 14.0 5.0 7.0 3.0 6.0 8.0 9.0 20.0 2.0 4.0 4.0 16.0 12.0 14.0 4.0 2.0 3.0 16.0 17.0 11.0
441 10.0 2.0 1.0 2.0 9.0 21.0 8.0 5.0 1.0 5.0 1.0 19.0 3.0 3.0 9.0 3.0 1.0 2.0 3.0 8.0 1.0 3.0 5.0 10.0 13.0 7.0 5.0 3.0 1.0 14.0 16.0 2.0
444 4.0 2.0 1.0 3.0 5.0 7.0 5.0 4.0 3.0 4.0 5.0 15.0 3.0 2.0 4.0 3.0 3.0 3.0 4.0 4.0 4.0 1.0 6.0 6.0 5.0 5.0 3.0 1.0 1.0 9.0 6.0 4.0
447 7.0 4.0 2.0 5.0 10.0 6.0 6.0 2.0 7.0 3.0 3.0 11.0 3.0 7.0 3.0 2.0 3.0 0.0 3.0 4.0 2.0 2.0 2.0 5.0 2.0 3.0 1.0 0.0 3.0 5.0 2.0 1.0
