150 15797253.0 15793009.0 15789828.0 15753252.0 15784712.0 15758341.0 15767562.0 15763953.0 15763023.0 15762126.0 15771568.0 15757824.0 15774318.0 15770009.0 15778218.0 15763444.0 15780949.0 15772129.0 15774644.0 15769738.0 15761065.0 15776284.0 15753852.0 15776416.0 15750154.0 15773235.0 15759178.0 15769091.0 15756876.0 15776042.0 15792510.0 15781945.0
153 18281983.0 18272325.0 18264059.0 18238697.0 18267950.0 18243106.0 18257081.0 18245085.0 18248454.0 18236093.0 18254053.0 18233800.0 18258088.0 18248482.0 18251400.0 18235697.0 18250313.0 18254441.0 18255393.0 18248643.0 18243791.0 18241992.0 18220972.0 18258330.0 18228792.0 18252113.0 18226927.0 18247289.0 18222925.0 18255836.0 18259358.0 18259265.0
156 18554649.0 18546604.0 18537940.0 18516735.0 18542535.0 18520788.0 18532197.0 18522271.0 18524328.0 18513067.0 18530479.0 18510832.0 18531958.0 18522877.0 18525301.0 18512955.0 18525452.0 18529444.0 18531351.0 18524728.0 18521613.0 18518055.0 18499585.0 18534413.0 18507741.0 18528806.0 18506131.0 18524011.0 18501574.0 18531481.0 18535769.0 18535508.0
159 18830484.0 18824657.0 18815865.0 18794812.0 18821179.0 18799178.0 18811233.0 18800777.0 18803441.0 18790911.0 18809584.0 18788007.0 18811123.0 18801210.0 18803946.0 18791136.0 18804081.0 18808508.0 18810704.0 18803502.0 18800164.0 18797778.0 18776953.0 18812597.0 18786928.0 18808254.0 18783744.0 18802749.0 18779805.0 18811019.0 18814564.0 18813773.0
162 19113630.0 19108640.0 19100547.0 19079274.0 19106585.0 19083038.0 19097313.0 19084060.0 19088917.0 19073296.0 19095426.0 19071475.0 19095867.0 19085806.0 19089366.0 19074149.0 19090113.0 19093742.0 19096290.0 19088693.0 19085345.0 19082970.0 19060250.0 19098704.0 19071832.0 19093934.0 19066675.0 19088293.0 19062176.0 19096210.0 19099918.0 19099393.0
165 19302756.0 19297712.0 19288346.0 19265411.0 19295867.0 19269786.0 19287901.0 19269767.0 19279512.0 19258941.0 19285336.0 19256862.0 19285043.0 19273428.0 19278118.0 19260676.0 19280099.0 19282114.0 19286011.0 19277794.0 19272209.0 19272491.0 19245159.0 19287161.0 19258188.0 19282751.0 19252067.0 19276079.0 19247223.0 19284711.0 19287316.0 19287487.0
168 19344164.0 19337812.0 19325092.0 19303685.0 19335172.0 19305813.0 19330765.0 19306040.0 19322998.0 19294138.0 19328355.0 19292413.0 19325473.0 19313094.0 19320144.0 19298175.0 19323600.0 19323103.0 19331997.0 19318561.0 19309307.0 19314031.0 19280790.0 19327090.0 19294674.0 19322353.0 19287171.0 19313926.0 19282111.0 19323885.0 19325232.0 19326572.0
171 19326371.0 19320895.0 19307162.0 19285182.0 19317857.0 19284288.0 19315129.0 19283282.0 19307710.0 19269483.0 19313163.0 19268901.0 19308117.0 19294056.0 19305447.0 19277334.0 19310457.0 19306586.0 19318180.0 19302383.0 19289304.0 19298078.0 19257355.0 19308178.0 19273880.0 19303700.0 19262750.0 19291719.0 19256878.0 19302913.0 19304706.0 19308024.0
174 19007125.0 18973871.0 18941796.0 18860737.0 18945175.0 18829726.0 18947301.0 18815426.0 18928548.0 18786116.0 18922725.0 18813462.0 18932343.0 18920388.0 18925119.0 18840341.0 18929453.0 18916799.0 18931439.0 18911711.0 18871787.0 18913897.0 18807264.0 18907834.0 18858826.0 18903998.0 18817362.0 18889473.0 18811836.0 18899860.0 18897839.0 18912889.0
177 11367694.0 10556439.0 10348333.0 10322496.0 10274326.0 9910658.0 10650514.0 9835674.0 10514445.0 9768454.0 10328078.0 10110058.0 10376382.0 10597102.0 10338549.0 10111775.0 10351845.0 10399716.0 10477929.0 10364096.0 10254919.0 10336834.0 10011514.0 10313987.0 10452987.0 10345306.0 9937167.0 10400972.0 10072995.0 10389526.0 10204131.0 10616400.0
180 8359261.0 8094630.0 8118116.0 8527013.0 8068798.0 8136462.0 8409246.0 8064630.0 8386929.0 7994217.0 8241181.0 8367607.0 8278061.0 8522784.0 8287966.0 8327775.0 8290951.0 8347706.0 8382960.0 8286598.0 8487544.0 8260965.0 8239763.0 8242062.0 8694757.0 8254424.0 8156653.0 8301204.0 8283640.0 8263016.0 8084115.0 8381763.0
183 2191413.0 2066151.0 2092154.0 2343412.0 2046583.0 2121733.0 2246244.0 2089758.0 2246889.0 2079003.0 2174602.0 2272057.0 2168662.0 2355998.0 2202719.0 2255296.0 2216937.0 2256000.0 2233137.0 2215515.0 2333461.0 2253462.0 2261310.0 2163991.0 2483334.0 2167923.0 2214930.0 2237246.0 2298308.0 2190004.0 2114219.0 2242750.0
186 275358.0 274852.0 264515.0 275505.0 239613.0 245076.0 270294.0 236793.0 280290.0 262641.0 267712.0 280699.0 250624.0 299098.0 284761.0 286163.0 308054.0 268197.0 276483.0 282880.0 262288.0 346749.0 322962.0 251392.0 317856.0 266107.0 297416.0 285354.0 315411.0 268387.0 280231.0 289426.0
189 269986.0 274060.0 260804.0 258020.0 239243.0 242472.0 253114.0 234547.0 269772.0 261680.0 260244.0 269919.0 242560.0 268332.0 275113.0 274413.0 297950.0 248596.0 264203.0 270664.0 244288.0 329643.0 311404.0 242627.0 281692.0 261139.0 290673.0 264673.0 298059.0 253443.0 271152.0 269032.0
192 269234.0 273700.0 262240.0 258177.0 239255.0 242816.0 254344.0 234242.0 269191.0 260402.0 260160.0 271479.0 242412.0 266459.0 274635.0 274290.0 297617.0 249248.0 263889.0 270398.0 245459.0 327386.0 312501.0 241878.0 276463.0 261627.0 290655.0 264042.0 298213.0 254524.0 271607.0 267423.0
195 269251.0 272786.0 262012.0 256663.0 238120.0 242441.0 253561.0 234295.0 272942.0 260580.0 259282.0 272314.0 242337.0 266469.0 274579.0 275276.0 298734.0 248083.0 262412.0 268916.0 244842.0 326691.0 311260.0 241047.0 285429.0 260624.0 289621.0 263672.0 297297.0 252386.0 272052.0 267725.0
198 268246.0 273974.0 262134.0 257921.0 238154.0 242148.0 253368.0 233992.0 272258.0 259840.0 259701.0 270347.0 242314.0 267184.0 274810.0 274317.0 297819.0 248234.0 264526.0 270534.0 244763.0 325951.0 312140.0 241007.0 284874.0 260354.0 289161.0 263387.0 291293.0 252535.0 272090.0 267146.0
201 268769.0 273613.0 261933.0 257081.0 236614.0 241005.0 253901.0 234008.0 271906.0 260193.0 259265.0 270476.0 241534.0 266886.0 273888.0 273877.0 298954.0 248610.0 263748.0 270011.0 245007.0 327256.0 310848.0 240980.0 284435.0 259741.0 289241.0 263703.0 293942.0 252368.0 271616.0 268574.0
204 267859.0 273257.0 260429.0 256103.0 236582.0 241689.0 253192.0 233050.0 271457.0 258817.0 257107.0 270551.0 241049.0 267575.0 273955.0 274045.0 298143.0 247393.0 263116.0 268807.0 243906.0 325997.0 311424.0 240216.0 282931.0 259670.0 288490.0 263529.0 290823.0 251984.0 270923.0 267372.0
207 267776.0 271808.0 260141.0 255206.0 236893.0 240882.0 253337.0 231880.0 270523.0 259575.0 257950.0 269115.0 240596.0 265555.0 273236.0 272659.0 296664.0 247590.0 262621.0 268233.0 243710.0 324209.0 310031.0 239889.0 283308.0 258093.0 287732.0 262117.0 290375.0 251538.0 269627.0 266016.0
210 266883.0 271986.0 259959.0 254233.0 235298.0 239568.0 251315.0 231147.0 269506.0 258700.0 257171.0 267530.0 239645.0 265531.0 273158.0 272456.0 295854.0 247329.0 261407.0 267365.0 241933.0 324788.0 311111.0 239017.0 282721.0 258024.0 286824.0 261965.0 289604.0 250069.0 269005.0 265503.0
213 266399.0 270743.0 260112.0 254687.0 234095.0 238574.0 251000.0 230907.0 269240.0 256700.0 256073.0 269097.0 238866.0 264903.0 272923.0 271682.0 294537.0 246170.0 260658.0 266882.0 241607.0 324479.0 310529.0 239176.0 282137.0 257506.0 286631.0 260647.0 289544.0 249611.0 268992.0 264479.0
216 265203.0 268971.0 258476.0 253723.0 234614.0 238415.0 250207.0 229417.0 270171.0 256563.0 255651.0 267897.0 238705.0 264804.0 271281.0 270846.0 293617.0 244849.0 258622.0 266475.0 241197.0 322909.0 309311.0 238381.0 280384.0 256500.0 285358.0 260669.0 287806.0 249110.0 267385.0 265351.0
219 263470.0 267484.0 258024.0 251733.0 232396.0 236961.0 249648.0 228730.0 265899.0 255521.0 254349.0 265756.0 237768.0 263153.0 269260.0 268676.0 291810.0 244889.0 258145.0 265070.0 239701.0 322600.0 304203.0 236408.0 278537.0 255244.0 283439.0 258788.0 286516.0 247877.0 266684.0 263391.0
222 261042.0 263823.0 256623.0 248537.0 230822.0 232531.0 245610.0 227427.0 264485.0 253222.0 250463.0 266445.0 235016.0 262567.0 267659.0 267161.0 289696.0 242973.0 255526.0 263175.0 236823.0 320689.0 305918.0 233983.0 277991.0 252466.0 282195.0 258168.0 285579.0 246124.0 263873.0 261865.0
225 251543.0 249506.0 253886.0 244853.0 220927.0 216051.0 236866.0 220621.0 256560.0 251612.0 239322.0 262694.0 234293.0 260615.0 266464.0 265346.0 285521.0 240601.0 245331.0 260943.0 227122.0 320114.0 302924.0 231176.0 273117.0 250089.0 279581.0 256464.0 283954.0 243932.0 263171.0 258858.0
228 207796.0 191799.0 246945.0 216274.0 176817.0 155930.0 195025.0 191378.0 221018.0 240738.0 192150.0 257330.0 225891.0 259438.0 258276.0 249846.0 262141.0 226811.0 205640.0 252331.0 185805.0 311967.0 293508.0 213961.0 255573.0 234508.0 268738.0 254940.0 282083.0 240268.0 253966.0 252004.0
231 126786.0 106228.0 215523.0 146362.0 100304.0 77607.0 117559.0 126797.0 145908.0 199331.0 111304.0 239408.0 198095.0 256572.0 225904.0 204190.0 199110.0 189545.0 129953.0 220550.0 112186.0 296438.0 258568.0 167502.0 202472.0 184765.0 234020.0 249130.0 275250.0 221444.0 229304.0 224145.0
234 49569.0 39350.0 143495.0 64549.0 36689.0 26716.0 44547.0 54239.0 61500.0 119996.0 41979.0 178907.0 130088.0 238347.0 146972.0 118592.0 103211.0 116926.0 52417.0 151134.0 43291.0 241798.0 177730.0 89488.0 110024.0 100019.0 152340.0 225892.0 250486.0 170330.0 166196.0 161957.0
237 20709.0 16375.0 59417.0 21157.0 14464.0 12961.0 16105.0 18061.0 20073.0 43952.0 16064.0 83833.0 51543.0 183081.0 56272.0 42485.0 34471.0 44748.0 18202.0 64525.0 15222.0 137197.0 74130.0 28855.0 35545.0 32734.0 58822.0 162465.0 161920.0 86096.0 75537.0 75802.0
240 15253.0 12933.0 23571.0 13760.0 11331.0 10826.0 11995.0 12111.0 14108.0 18577.0 12296.0 31026.0 19619.0 102681.0 22009.0 18604.0 17825.0 17997.0 12848.0 25067.0 11236.0 56372.0 28575.0 14140.0 16926.0 15868.0 23121.0 87378.0 80269.0 32303.0 29290.0 29528.0
243 13181.0 11123.0 14667.0 11820.0 10116.0 10040.0 10657.0 10310.0 12275.0 13569.0 10834.0 16664.0 13151.0 39378.0 14863.0 14076.0 14508.0 12340.0 11521.0 15241.0 9958.0 24615.0 18234.0 11268.0 13098.0 12577.0 16040.0 33894.0 29751.0 15537.0 15855.0 15907.0
246 12327.0 10421.0 12061.0 10581.0 8817.0 9246.0 9869.0 9405.0 11072.0 11785.0 9830.0 13033.0 10959.0 17872.0 12144.0 11758.0 12555.0 10525.0 10103.0 12622.0 9165.0 17851.0 15205.0 10043.0 11298.0 11217.0 13419.0 16912.0 16583.0 11981.0 12756.0 12415.0
249 11630.0 9935.0 10639.0 9682.0 8588.0 9017.0 9336.0 8669.0 10630.0 10824.0 9487.0 11355.0 10219.0 14297.0 10873.0 10880.0 11350.0 9381.0 9766.0 11184.0 8611.0 15722.0 13226.0 9198.0 10249.0 10436.0 11945.0 13687.0 13790.0 10875.0 11250.0 11139.0
252 11393.0 9919.0 10149.0 9497.0 8386.0 8648.0 8937.0 8451.0 10298.0 10202.0 9233.0 10811.0 9599.0 12034.0 10134.0 10324.0 11240.0 8607.0 9613.0 10407.0 8295.0 14282.0 12427.0 8684.0 9586.0 9832.0 11357.0 11869.0 11983.0 9982.0 10558.0 10256.0
255 11122.0 9738.0 10013.0 9256.0 8399.0 8338.0 9140.0 8314.0 10375.0 10227.0 9122.0 10063.0 9131.0 10909.0 9703.0 9849.0 10684.0 8519.0 9370.0 10010.0 8212.0 13385.0 12010.0 8522.0 9651.0 9627.0 10617.0 10856.0 12037.0 9746.0 10232.0 9899.0
258 10845.0 9479.0 9653.0 9324.0 8210.0 8456.0 8717.0 8225.0 10096.0 10023.0 8735.0 9774.0 9270.0 10577.0 9594.0 9901.0 10589.0 8430.0 9092.0 9870.0 7923.0 13051.0 11829.0 8462.0 9248.0 9738.0 10676.0 10535.0 11370.0 9535.0 9755.0 9719.0
261 10743.0 9388.0 9378.0 9122.0 8201.0 8225.0 8595.0 8228.0 9851.0 9840.0 8775.0 9511.0 9018.0 10307.0 9406.0 9543.0 10370.0 8178.0 9085.0 9786.0 8024.0 12906.0 11637.0 8212.0 9307.0 9161.0 10637.0 10016.0 11434.0 9164.0 9659.0 9461.0
264 10619.0 9209.0 9260.0 8929.0 8020.0 8133.0 8420.0 8101.0 9847.0 9700.0 8541.0 9810.0 8899.0 10290.0 9261.0 9478.0 10210.0 8181.0 8986.0 9515.0 7903.0 12696.0 11368.0 8202.0 9087.0 9162.0 10425.0 10144.0 11315.0 9070.0 9457.0 9436.0
267 10228.0 9183.0 9308.0 8528.0 7874.0 8093.0 8286.0 7976.0 9560.0 9586.0 8491.0 9581.0 8776.0 10108.0 9427.0 9455.0 9919.0 8193.0 9036.0 9501.0 7632.0 12198.0 11282.0 8034.0 8806.0 9031.0 10205.0 9960.0 11170.0 9321.0 9516.0 9284.0
270 10044.0 8905.0 9038.0 8379.0 7667.0 7778.0 8027.0 7849.0 9579.0 9420.0 8226.0 9316.0 8707.0 9828.0 9091.0 9171.0 9914.0 8086.0 8689.0 9225.0 7514.0 12401.0 11174.0 7870.0 8638.0 8989.0 10057.0 9896.0 11144.0 9060.0 9150.0 9160.0
273 9910.0 8774.0 8785.0 8209.0 7507.0 7607.0 8057.0 7598.0 9282.0 9529.0 8115.0 9221.0 8405.0 9853.0 8937.0 9035.0 9940.0 7840.0 8700.0 9326.0 7217.0 12460.0 10924.0 7790.0 8690.0 8705.0 10045.0 9658.0 10900.0 8820.0 9075.0 9040.0
276 9829.0 8487.0 8800.0 8170.0 7410.0 7438.0 7930.0 7514.0 9188.0 9196.0 8040.0 9045.0 8261.0 9655.0 8953.0 9109.0 9736.0 7871.0 8476.0 9037.0 7233.0 12064.0 10808.0 7598.0 8342.0 8699.0 10150.0 9728.0 10849.0 8898.0 9002.0 8927.0
279 9468.0 8156.0 8446.0 8009.0 7316.0 7366.0 7455.0 7260.0 8770.0 8875.0 7743.0 8775.0 8148.0 9649.0 8508.0 8738.0 9466.0 7525.0 8369.0 9016.0 6999.0 11838.0 10537.0 7540.0 8173.0 8505.0 9542.0 9413.0 10439.0 8684.0 8942.0 8756.0
282 9147.0 8102.0 8457.0 7704.0 6746.0 6901.0 7178.0 7121.0 8425.0 8765.0 7462.0 8836.0 7956.0 9240.0 8481.0 8335.0 9164.0 7291.0 7879.0 8818.0 6830.0 11814.0 10186.0 7305.0 7984.0 8315.0 9332.0 9343.0 10119.0 8602.0 8689.0 8352.0
285 7187.0 7469.0 8169.0 7217.0 6615.0 6266.0 6802.0 6767.0 8037.0 8462.0 7013.0 8628.0 7723.0 9156.0 8185.0 8192.0 8767.0 7216.0 7482.0 8581.0 6336.0 11487.0 9806.0 7012.0 7734.0 7864.0 9256.0 9229.0 9932.0 8260.0 8305.0 8353.0
288 6366.0 6438.0 7799.0 6572.0 5646.0 5066.0 5657.0 6178.0 7172.0 8209.0 5881.0 8138.0 7571.0 9126.0 8024.0 8009.0 8470.0 6822.0 6611.0 8210.0 5551.0 11157.0 9473.0 6731.0 7533.0 7571.0 8865.0 8942.0 9714.0 7878.0 8154.0 7952.0
291 5225.0 4976.0 7512.0 5549.0 4452.0 3543.0 4452.0 5525.0 5813.0 7786.0 4713.0 8154.0 7122.0 8930.0 7484.0 7399.0 7849.0 6521.0 5320.0 7847.0 4348.0 10950.0 9100.0 6296.0 6734.0 7099.0 8577.0 8840.0 9414.0 7707.0 8062.0 7764.0
294 3352.0 3150.0 7020.0 3861.0 2826.0 1909.0 2447.0 3955.0 3704.0 6876.0 2946.0 7642.0 6466.0 8626.0 7003.0 6424.0 6390.0 5566.0 3343.0 7044.0 2674.0 10282.0 8281.0 5150.0 5347.0 5923.0 7668.0 8582.0 9163.0 7346.0 7447.0 6943.0
297 1847.0 1664.0 5784.0 2202.0 1422.0 938.0 1278.0 2430.0 2102.0 5502.0 1431.0 6736.0 5171.0 8397.0 5901.0 4783.0 4609.0 4274.0 1830.0 5880.0 1328.0 9513.0 7220.0 3763.0 3566.0 4319.0 6192.0 8262.0 8842.0 6434.0 6442.0 5964.0
300 863.0 825.0 4211.0 1085.0 654.0 545.0 659.0 1182.0 903.0 3592.0 730.0 5232.0 3585.0 7942.0 4243.0 2933.0 2463.0 2742.0 857.0 3933.0 628.0 7939.0 5008.0 2005.0 1804.0 2346.0 4114.0 7594.0 8056.0 4901.0 5156.0 4559.0
303 572.0 577.0 2754.0 589.0 503.0 476.0 487.0 689.0 689.0 2051.0 526.0 3454.0 2053.0 7008.0 2505.0 1519.0 1261.0 1625.0 631.0 2440.0 451.0 6085.0 3265.0 996.0 974.0 1183.0 2418.0 6492.0 7145.0 3445.0 3416.0 2713.0
306 501.0 511.0 1409.0 507.0 422.0 474.0 475.0 505.0 559.0 1054.0 486.0 1958.0 1057.0 5755.0 1180.0 832.0 812.0 835.0 564.0 1232.0 436.0 3847.0 1675.0 648.0 616.0 723.0 1169.0 4978.0 5252.0 1975.0 1843.0 1574.0
309 484.0 489.0 687.0 520.0 400.0 425.0 416.0 478.0 544.0 652.0 439.0 943.0 656.0 3767.0 678.0 575.0 612.0 508.0 498.0 718.0 393.0 1959.0 899.0 421.0 522.0 545.0 742.0 3244.0 3282.0 961.0 883.0 820.0
312 437.0 452.0 652.0 451.0 400.0 459.0 420.0 465.0 554.0 647.0 420.0 649.0 526.0 2195.0 581.0 547.0 594.0 485.0 500.0 610.0 392.0 1087.0 747.0 426.0 472.0 506.0 647.0 1865.0 1831.0 646.0 661.0 615.0
315 421.0 488.0 557.0 408.0 393.0 450.0 436.0 404.0 557.0 597.0 408.0 564.0 505.0 1188.0 517.0 502.0 510.0 390.0 457.0 533.0 401.0 824.0 727.0 386.0 420.0 474.0 585.0 1006.0 1058.0 518.0 518.0 538.0
318 391.0 439.0 507.0 472.0 409.0 413.0 388.0 401.0 507.0 523.0 417.0 518.0 482.0 738.0 475.0 478.0 519.0 408.0 450.0 505.0 390.0 731.0 580.0 395.0 428.0 456.0 594.0 729.0 733.0 522.0 488.0 462.0
321 443.0 441.0 458.0 410.0 378.0 406.0 368.0 369.0 489.0 551.0 366.0 482.0 461.0 638.0 482.0 468.0 490.0 405.0 405.0 491.0 370.0 696.0 591.0 371.0 404.0 525.0 566.0 631.0 665.0 470.0 532.0 457.0
324 383.0 481.0 498.0 417.0 388.0 382.0 390.0 379.0 504.0 528.0 421.0 451.0 459.0 591.0 450.0 475.0 485.0 379.0 415.0 505.0 315.0 722.0 596.0 383.0 390.0 452.0 524.0 545.0 649.0 452.0 440.0 470.0
327 371.0 437.0 506.0 371.0 382.0 398.0 376.0 396.0 443.0 515.0 384.0 479.0 428.0 567.0 428.0 441.0 487.0 379.0 416.0 456.0 355.0 692.0 566.0 416.0 434.0 423.0 496.0 513.0 637.0 434.0 469.0 472.0
330 391.0 380.0 422.0 417.0 362.0 341.0 360.0 361.0 441.0 501.0 348.0 446.0 399.0 505.0 431.0 463.0 446.0 393.0 387.0 490.0 327.0 657.0 583.0 412.0 379.0 440.0 492.0 486.0 605.0 439.0 446.0 453.0
333 393.0 380.0 406.0 362.0 320.0 333.0 351.0 349.0 429.0 466.0 370.0 488.0 473.0 476.0 427.0 449.0 445.0 350.0 391.0 457.0 309.0 638.0 552.0 384.0 370.0 437.0 552.0 550.0 565.0 445.0 455.0 386.0
336 385.0 382.0 428.0 372.0 372.0 354.0 348.0 354.0 421.0 477.0 350.0 469.0 446.0 494.0 446.0 401.0 464.0 361.0 383.0 464.0 333.0 614.0 560.0 362.0 427.0 428.0 469.0 486.0 539.0 447.0 442.0 422.0
339 363.0 377.0 418.0 348.0 324.0 310.0 349.0 340.0 364.0 483.0 318.0 430.0 406.0 470.0 425.0 410.0 439.0 365.0 390.0 415.0 298.0 635.0 530.0 335.0 365.0 410.0 468.0 481.0 486.0 458.0 422.0 437.0
342 311.0 372.0 398.0 327.0 303.0 291.0 303.0 333.0 392.0 440.0 316.0 414.0 414.0 507.0 397.0 354.0 408.0 303.0 342.0 428.0 300.0 570.0 490.0 359.0 344.0 419.0 464.0 514.0 512.0 442.0 410.0 427.0
345 307.0 349.0 404.0 303.0 287.0 262.0 262.0 322.0 348.0 411.0 264.0 451.0 375.0 459.0 388.0 360.0 414.0 322.0 355.0 432.0 290.0 566.0 451.0 314.0 344.0 371.0 450.0 487.0 552.0 438.0 424.0 405.0
348 283.0 291.0 407.0 282.0 195.0 201.0 221.0 269.0 350.0 439.0 271.0 381.0 368.0 416.0 354.0 344.0 424.0 315.0 296.0 363.0 215.0 577.0 492.0 336.0 299.0 330.0 423.0 481.0 501.0 410.0 403.0 389.0
351 212.0 232.0 377.0 249.0 218.0 123.0 173.0 255.0 281.0 351.0 224.0 361.0 388.0 494.0 340.0 350.0 385.0 295.0 249.0 369.0 161.0 547.0 448.0 267.0 273.0 355.0 422.0 462.0 471.0 371.0 361.0 363.0
354 200.0 163.0 367.0 190.0 121.0 95.0 100.0 187.0 181.0 343.0 153.0 347.0 377.0 428.0 343.0 316.0 338.0 261.0 183.0 357.0 123.0 523.0 465.0 271.0 233.0 305.0 365.0 460.0 462.0 390.0 335.0 347.0
357 102.0 94.0 321.0 137.0 90.0 67.0 62.0 134.0 120.0 324.0 84.0 308.0 282.0 446.0 324.0 278.0 270.0 231.0 115.0 291.0 73.0 520.0 373.0 209.0 188.0 240.0 341.0 421.0 467.0 301.0 325.0 298.0
360 66.0 72.0 273.0 74.0 49.0 39.0 32.0 100.0 68.0 270.0 49.0 332.0 220.0 404.0 228.0 208.0 210.0 194.0 70.0 250.0 45.0 445.0 309.0 167.0 124.0 187.0 235.0 379.0 398.0 307.0 274.0 268.0
363 39.0 33.0 216.0 46.0 39.0 26.0 28.0 75.0 42.0 189.0 48.0 252.0 178.0 420.0 201.0 148.0 139.0 127.0 51.0 219.0 44.0 453.0 266.0 86.0 79.0 119.0 229.0 409.0 422.0 250.0 263.0 239.0
366 30.0 28.0 185.0 32.0 26.0 28.0 18.0 38.0 27.0 152.0 21.0 222.0 125.0 341.0 132.0 79.0 76.0 86.0 31.0 127.0 19.0 375.0 204.0 63.0 55.0 53.0 154.0 335.0 375.0 203.0 216.0 138.0
369 27.0 30.0 97.0 27.0 19.0 34.0 18.0 44.0 19.0 69.0 14.0 117.0 79.0 310.0 75.0 63.0 47.0 56.0 36.0 88.0 19.0 292.0 118.0 36.0 33.0 43.0 71.0 315.0 281.0 135.0 145.0 105.0
372 18.0 27.0 62.0 32.0 23.0 19.0 24.0 25.0 37.0 53.0 15.0 69.0 43.0 299.0 52.0 42.0 49.0 39.0 23.0 42.0 19.0 193.0 71.0 30.0 21.0 27.0 49.0 253.0 256.0 90.0 76.0 54.0
375 23.0 32.0 24.0 34.0 20.0 19.0 21.0 18.0 36.0 21.0 22.0 51.0 37.0 190.0 28.0 38.0 50.0 17.0 35.0 38.0 24.0 119.0 41.0 26.0 27.0 34.0 30.0 193.0 185.0 52.0 46.0 33.0
378 13.0 30.0 39.0 34.0 25.0 16.0 20.0 17.0 20.0 41.0 17.0 36.0 40.0 149.0 32.0 28.0 21.0 20.0 24.0 33.0 24.0 53.0 42.0 29.0 30.0 27.0 29.0 120.0 105.0 33.0 44.0 37.0
381 19.0 20.0 22.0 32.0 21.0 19.0 24.0 26.0 31.0 28.0 30.0 32.0 41.0 75.0 21.0 37.0 28.0 25.0 18.0 29.0 18.0 45.0 26.0 21.0 18.0 28.0 30.0 76.0 68.0 40.0 24.0 34.0
384 22.0 16.0 21.0 21.0 17.0 21.0 25.0 13.0 30.0 35.0 22.0 33.0 26.0 43.0 19.0 26.0 31.0 14.0 26.0 27.0 22.0 50.0 31.0 22.0 16.0 25.0 31.0 34.0 62.0 30.0 31.0 27.0
387 31.0 25.0 26.0 19.0 20.0 26.0 18.0 25.0 20.0 24.0 18.0 29.0 38.0 30.0 20.0 29.0 17.0 17.0 31.0 28.0 18.0 49.0 36.0 22.0 22.0 20.0 29.0 45.0 45.0 33.0 39.0 34.0
390 19.0 28.0 28.0 17.0 21.0 27.0 19.0 29.0 22.0 31.0 19.0 30.0 27.0 31.0 24.0 24.0 33.0 16.0 19.0 26.0 20.0 43.0 31.0 28.0 18.0 28.0 30.0 37.0 30.0 22.0 36.0 19.0
393 21.0 16.0 32.0 23.0 23.0 19.0 26.0 22.0 26.0 25.0 13.0 29.0 24.0 30.0 21.0 25.0 36.0 18.0 20.0 29.0 16.0 36.0 35.0 17.0 21.0 22.0 30.0 30.0 33.0 29.0 33.0 23.0
396 11.0 16.0 27.0 22.0 14.0 15.0 16.0 17.0 25.0 23.0 25.0 28.0 20.0 37.0 25.0 24.0 15.0 15.0 22.0 38.0 16.0 32.0 35.0 22.0 14.0 21.0 42.0 27.0 27.0 21.0 25.0 23.0
399 18.0 21.0 23.0 12.0 9.0 9.0 14.0 23.0 26.0 22.0 11.0 24.0 27.0 33.0 21.0 23.0 32.0 18.0 24.0 24.0 17.0 28.0 37.0 18.0 15.0 18.0 32.0 27.0 36.0 24.0 24.0 39.0
402 20.0 21.0 32.0 13.0 14.0 9.0 17.0 22.0 24.0 30.0 15.0 28.0 24.0 28.0 31.0 23.0 29.0 17.0 24.0 24.0 12.0 37.0 40.0 19.0 23.0 15.0 28.0 18.0 29.0 21.0 22.0 31.0
405 15.0 9.0 25.0 10.0 16.0 6.0 11.0 18.0 14.0 28.0 11.0 24.0 30.0 27.0 23.0 30.0 20.0 11.0 18.0 21.0 7.0 25.0 28.0 19.0 17.0 20.0 25.0 38.0 30.0 27.0 25.0 27.0
408 12.0 8.0 22.0 18.0 13.0 10.0 10.0 25.0 16.0 21.0 11.0 26.0 13.0 25.0 16.0 25.0 17.0 11.0 7.0 11.0 11.0 33.0 32.0 6.0 18.0 15.0 18.0 29.0 31.0 22.0 19.0 18.0
411 8.0 6.0 20.0 16.0 4.0 7.0 6.0 7.0 13.0 25.0 9.0 21.0 17.0 28.0 16.0 21.0 15.0 13.0 8.0 16.0 5.0 34.0 22.0 14.0 21.0 13.0 24.0 26.0 28.0 19.0 19.0 20.0
414 3.0 12.0 16.0 13.0 6.0 5.0 4.0 12.0 6.0 14.0 3.0 24.0 12.0 29.0 12.0 21.0 14.0 19.0 10.0 28.0 5.0 23.0 22.0 11.0 9.0 16.0 19.0 24.0 27.0 26.0 19.0 14.0
417 3.0 2.0 18.0 14.0 1.0 1.0 0.0 6.0 1.0 17.0 3.0 17.0 11.0 29.0 15.0 9.0 11.0 9.0 3.0 21.0 0.0 25.0 26.0 9.0 4.0 12.0 23.0 26.0 36.0 14.0 18.0 20.0
420 3.0 1.0 5.0 1.0 2.0 0.0 3.0 6.0 4.0 10.0 1.0 11.0 13.0 22.0 8.0 11.0 10.0 5.0 2.0 7.0 3.0 17.0 14.0 5.0 5.0 10.0 15.0 22.0 33.0 16.0 18.0 15.0
423 1.0 1.0 8.0 2.0 3.0 0.0 0.0 3.0 1.0 17.0 6.0 17.0 14.0 23.0 9.0 6.0 5.0 6.0 2.0 12.0 2.0 30.0 12.0 3.0 6.0 6.0 11.0 27.0 20.0 17.0 9.0 4.0
426 1.0 4.0 6.0 3.0 0.0 2.0 3.0 2.0 3.0 15.0 1.0 15.0 10.0 21.0 13.0 3.0 4.0 4.0 0.0 5.0 1.0 25.0 8.0 6.0 0.0 4.0 3.0 18.0 21.0 11.0 7.0 9.0
429 4.0 2.0 4.0 3.0 0.0 0.0 2.0 1.0 0.0 8.0 2.0 7.0 3.0 12.0 4.0 3.0 5.0 0.0 2.0 5.0 7.0 12.0 10.0 3.0 0.0 3.0 4.0 15.0 20.0 14.0 3.0 4.0
432 0.0 3.0 7.0 1.0 2.0 2.0 4.0 1.0 2.0 2.0 3.0 5.0 3.0 18.0 3.0 3.0 2.0 5.0 0.0 2.0 2.0 8.0 2.0 1.0 0.0 7.0 6.0 14.0 18.0 5.0 2.0 3.0
435 1.0 1.0 0.0 2.0 2.0 2.0 0.0 0.0 2.0 3.0 1.0 2.0 3.0 13.0 1.0 1.0 0.0 2.0 4.0 3.0 3.0 6.0 3.0 1.0 1.0 0.0 1.0 8.0 9.0 3.0 5.0 2.0
438 2.0 2.0 2.0 3.0 1.0 0.0 1.0 2.0 0.0 7.0 3.0 0.0 1.0 7.0 3.0 1.0 2.0 1.0 2.0 0.0 1.0 5.0 3.0 1.0 3.0 3.0 6.0 9.0 7.0 3.0 2.0 0.0
441 3.0 2.0 0.0 1.0 1.0 1.0 2.0 3.0 1.0 2.0 2.0 6.0 0.0 9.0 1.0 3.0 1.0 2.0 1.0 1.0 0.0 4.0 3.0 1.0 3.0 0.0 2.0 6.0 7.0 0.0 2.0 1.0
444 3.0 1.0 3.0 0.0 0.0 2.0 1.0 0.0 3.0 5.0 1.0 1.0 1.0 2.0 6.0 1.0 1.0 0.0 0.0 0.0 2.0 1.0 2.0 1.0 1.0 1.0 3.0 4.0 2.0 2.0 2.0 3.0
447 1.0 2.0 1.0 2.0 2.0 3.0 0.0 1.0 4.0 2.0 3.0 3.0 2.0 0.0 1.0 1.0 1.0 1.0 0.0 0.0 3.0 3.0 1.0 1.0 4.0 0.0 1.0 2.0 3.0 6.0 2.0 3.0
