150 208579.0 160152.0 160392.0 190960.0 239129.0 199578.0 186570.0 214736.0 196152.0 179366.0 215092.0 152775.0 196520.0 162290.0 195417.0 176797.0 194302.0 184356.0 185188.0 184580.0 191884.0 181277.0 167100.0 195542.0 210520.0 209377.0 201116.0 187512.0 169948.0 195999.0 164978.0 161406.0
153 734227.0 697767.0 698312.0 715524.0 759474.0 720034.0 717642.0 737779.0 716654.0 705950.0 734476.0 688867.0 735123.0 704374.0 727671.0 712907.0 721535.0 703890.0 719074.0 710119.0 716360.0 710759.0 707589.0 720796.0 732127.0 738514.0 721787.0 721684.0 711547.0 734620.0 719344.0 700706.0
156 18420095.0 18424966.0 18420421.0 18406792.0 18404304.0 18404611.0 18413279.0 18403044.0 18412650.0 18410728.0 18407684.0 18412090.0 18410663.0 18417352.0 18413784.0 18404754.0 18415258.0 18414056.0 18416270.0 18414607.0 18403997.0 18413686.0 18407288.0 18413135.0 18397431.0 18412201.0 18400402.0 18410586.0 18411810.0 18418525.0 18425445.0 18421118.0
159 18692862.0 18698516.0 18695008.0 18680819.0 18679781.0 18678675.0 18688289.0 18677485.0 18687598.0 18684231.0 18682812.0 18686107.0 18685933.0 18692272.0 18689076.0 18679115.0 18689162.0 18688735.0 18690996.0 18689619.0 18678524.0 18688609.0 18681947.0 18687727.0 18672402.0 18687112.0 18675106.0 18686116.0 18685882.0 18692888.0 18699208.0 18695988.0
162 19028822.0 19034826.0 19031955.0 19017366.0 19015802.0 19014920.0 19025357.0 19013302.0 19024552.0 19020050.0 19019247.0 19023074.0 19022603.0 19028946.0 19025384.0 19015829.0 19026039.0 19024598.0 19027865.0 19026590.0 19015059.0 19025680.0 19018617.0 19024673.0 19008097.0 19023907.0 19010593.0 19023782.0 19022812.0 19029592.0 19036533.0 19032644.0
165 19255698.0 19262370.0 19259715.0 19242175.0 19243325.0 19239199.0 19252392.0 19238562.0 19251293.0 19244331.0 19246712.0 19247785.0 19250342.0 19255891.0 19252401.0 19240833.0 19253077.0 19251612.0 19255622.0 19253865.0 19240379.0 19252834.0 19243901.0 19250903.0 19232691.0 19251083.0 19234613.0 19250496.0 19246990.0 19256503.0 19263789.0 19260402.0
168 19474011.0 19482088.0 19479615.0 19459033.0 19462705.0 19456733.0 19472122.0 19455328.0 19470314.0 19462113.0 19465555.0 19465731.0 19470078.0 19476090.0 19472174.0 19458593.0 19472861.0 19470483.0 19475452.0 19472937.0 19457899.0 19471319.0 19461357.0 19469401.0 19449693.0 19469655.0 19451863.0 19469801.0 19464684.0 19475254.0 19483607.0 19480170.0
171 19791832.0 19800718.0 19798190.0 19775638.0 19781039.0 19772703.0 19790895.0 19772169.0 19789345.0 19778843.0 19784025.0 19783179.0 19789909.0 19795158.0 19791611.0 19775421.0 19790910.0 19788534.0 19794199.0 19790335.0 19775042.0 19789703.0 19777332.0 19787141.0 19765850.0 19786953.0 19766825.0 19787623.0 19781244.0 19792430.0 19801675.0 19798302.0
174 19986008.0 19996446.0 19993539.0 19963618.0 19977713.0 19952508.0 19986367.0 19952127.0 19984628.0 19955539.0 19979285.0 19972623.0 19987690.0 19990312.0 19987586.0 19965723.0 19984636.0 19982091.0 19989143.0 19981915.0 19959456.0 19981605.0 19961399.0 19977133.0 19948301.0 19977058.0 19943876.0 19978496.0 19965780.0 19982708.0 19993051.0 19990299.0
177 19616512.0 19638376.0 19626530.0 19512991.0 19629623.0 19462486.0 19613758.0 19453726.0 19595241.0 19458564.0 19592364.0 19520440.0 19623946.0 19600808.0 19596971.0 19534360.0 19591579.0 19586486.0 19597393.0 19584249.0 19483026.0 19588389.0 19472074.0 19554077.0 19480193.0 19560081.0 19447591.0 19580796.0 19478177.0 19579774.0 19595098.0 19612786.0
180 9496982.0 9633052.0 9613597.0 9779661.0 10100173.0 9465135.0 9750390.0 9340687.0 9592598.0 9211348.0 9712978.0 9815984.0 9973737.0 9629721.0 9600708.0 10135361.0 9511720.0 9648354.0 9488621.0 9561733.0 9427393.0 9691583.0 9204116.0 9224794.0 9892780.0 9276497.0 9459790.0 9579881.0 9125916.0 9401850.0 9403525.0 9873407.0
183 7300578.0 7438033.0 7458365.0 7913803.0 7929319.0 7602732.0 7621896.0 7457214.0 7470463.0 7318767.0 7597919.0 7904426.0 7814393.0 7516882.0 7460057.0 8212261.0 7365945.0 7522575.0 7331641.0 7430950.0 7494572.0 7567217.0 7280551.0 7085518.0 8045235.0 7135438.0 7599623.0 7425821.0 7239908.0 7250229.0 7237880.0 7684082.0
186 1023504.0 1017489.0 1035955.0 1176368.0 1284760.0 1055878.0 1095381.0 998981.0 1051669.0 938127.0 1103839.0 1134944.0 1150817.0 1038778.0 1022253.0 1296031.0 968791.0 1040635.0 948273.0 996224.0 1010947.0 1059221.0 926511.0 890478.0 1247066.0 924740.0 1085296.0 994136.0 950238.0 952325.0 918162.0 1051580.0
189 198051.0 162140.0 179211.0 213025.0 272770.0 204171.0 201002.0 211807.0 203801.0 172840.0 228008.0 187762.0 221241.0 187892.0 202909.0 245093.0 189798.0 192467.0 187950.0 188858.0 197275.0 204919.0 182633.0 187910.0 246725.0 205792.0 214799.0 203797.0 180289.0 198674.0 179005.0 194752.0
192 192889.0 156102.0 168871.0 182903.0 230546.0 189961.0 186401.0 204208.0 187700.0 167275.0 212407.0 163336.0 202559.0 173958.0 190181.0 199975.0 183084.0 175319.0 181743.0 177112.0 188433.0 182023.0 178578.0 182111.0 206557.0 197626.0 194022.0 188737.0 170378.0 183960.0 165662.0 171501.0
195 193578.0 155878.0 168255.0 183522.0 229438.0 189139.0 186177.0 204236.0 188245.0 167412.0 212387.0 162542.0 203895.0 174079.0 191215.0 200147.0 184089.0 175772.0 181907.0 176252.0 188183.0 181860.0 179026.0 181992.0 205171.0 197435.0 194066.0 189342.0 169336.0 182987.0 164522.0 170136.0
198 193748.0 156540.0 168779.0 182586.0 227983.0 188624.0 185528.0 203489.0 187668.0 166688.0 214161.0 162826.0 203415.0 173966.0 191961.0 199807.0 183662.0 174193.0 182326.0 176124.0 187061.0 182315.0 179429.0 182018.0 206394.0 196476.0 193523.0 188541.0 169439.0 183896.0 164831.0 169901.0
201 194272.0 155904.0 169927.0 182926.0 230161.0 191221.0 185923.0 204613.0 188427.0 166855.0 214539.0 162714.0 203850.0 172964.0 190299.0 198845.0 182865.0 174961.0 182724.0 176489.0 188318.0 181768.0 179279.0 183423.0 206943.0 197076.0 193566.0 189531.0 169563.0 183204.0 165009.0 170277.0
204 193872.0 155650.0 167671.0 183511.0 230182.0 189476.0 185999.0 202933.0 187850.0 166880.0 215180.0 162812.0 203349.0 173070.0 190272.0 189802.0 184171.0 175592.0 181545.0 175541.0 187397.0 181954.0 178775.0 182985.0 206911.0 197166.0 194000.0 189736.0 169786.0 184390.0 164647.0 171208.0
207 193151.0 155199.0 168546.0 182795.0 229534.0 189622.0 184836.0 202015.0 187301.0 167903.0 214766.0 162681.0 203259.0 171860.0 188738.0 188470.0 183098.0 174491.0 182236.0 175447.0 188338.0 181704.0 177355.0 182708.0 206262.0 197004.0 193267.0 189165.0 168981.0 182500.0 164141.0 170323.0
210 192335.0 155151.0 166646.0 182085.0 228826.0 189603.0 184118.0 201903.0 187080.0 166439.0 213398.0 162476.0 202593.0 171643.0 188685.0 187744.0 182076.0 173530.0 180828.0 175532.0 186780.0 180097.0 177167.0 181961.0 204447.0 195884.0 192448.0 189193.0 168122.0 183005.0 164268.0 170436.0
213 192350.0 155079.0 167624.0 181396.0 228730.0 188628.0 183489.0 201348.0 187155.0 166834.0 212000.0 161605.0 201759.0 172466.0 191339.0 187786.0 181306.0 173229.0 180514.0 175345.0 186510.0 180688.0 176445.0 181454.0 203958.0 195072.0 192687.0 187980.0 168501.0 181709.0 163395.0 168823.0
216 191867.0 154719.0 167444.0 181171.0 226757.0 188273.0 184946.0 201761.0 186721.0 166182.0 213644.0 161280.0 202173.0 171945.0 190893.0 187601.0 182524.0 173638.0 180764.0 175672.0 186778.0 179909.0 176504.0 180134.0 203578.0 194847.0 191848.0 187292.0 167818.0 182336.0 162705.0 168698.0
219 192007.0 153744.0 166550.0 180042.0 228739.0 187643.0 184176.0 202025.0 185699.0 166255.0 211448.0 160226.0 202294.0 170255.0 190146.0 186815.0 181311.0 173269.0 179850.0 174751.0 185018.0 178869.0 176496.0 180392.0 203912.0 195124.0 191994.0 187287.0 167014.0 182744.0 163440.0 168674.0
222 190595.0 154077.0 165816.0 179892.0 227624.0 186490.0 183315.0 200728.0 185534.0 164881.0 209729.0 159554.0 200125.0 169772.0 189663.0 191908.0 180389.0 172880.0 179537.0 173291.0 184331.0 178560.0 175027.0 180269.0 203146.0 193935.0 190268.0 185980.0 166633.0 182083.0 161217.0 168151.0
225 190319.0 153145.0 165389.0 179568.0 225991.0 187364.0 182143.0 198900.0 184797.0 164999.0 209038.0 159423.0 199299.0 169213.0 187915.0 196421.0 180449.0 172644.0 179015.0 173394.0 184904.0 176978.0 174770.0 178743.0 202255.0 193731.0 190396.0 185509.0 166225.0 180746.0 160929.0 167424.0
228 189328.0 152541.0 164679.0 179605.0 224462.0 185418.0 182011.0 198768.0 184016.0 164101.0 209003.0 158462.0 198123.0 167716.0 186431.0 195058.0 179014.0 171172.0 177120.0 172051.0 183469.0 176845.0 172692.0 179048.0 201782.0 192737.0 189706.0 184125.0 164729.0 179601.0 160347.0 165669.0
231 188915.0 150387.0 161547.0 177955.0 223951.0 184970.0 180543.0 196795.0 183469.0 163484.0 206755.0 157252.0 195683.0 163125.0 182307.0 193328.0 178096.0 170899.0 172687.0 171450.0 182306.0 175430.0 164388.0 177897.0 200516.0 192399.0 188050.0 182704.0 160718.0 177862.0 152682.0 160657.0
234 187844.0 143762.0 150177.0 178250.0 223718.0 182524.0 176541.0 192720.0 182104.0 159968.0 204849.0 150678.0 187414.0 147047.0 170421.0 189294.0 173215.0 168601.0 158112.0 168809.0 172932.0 172610.0 140944.0 174909.0 199164.0 187468.0 186825.0 177785.0 145800.0 173743.0 134270.0 147908.0
237 184455.0 113485.0 112851.0 174068.0 220711.0 169792.0 158948.0 168818.0 167816.0 145499.0 192026.0 123141.0 153504.0 102986.0 131061.0 168373.0 154071.0 161032.0 114919.0 155299.0 139422.0 160147.0 90395.0 165256.0 194499.0 172183.0 178916.0 156357.0 106562.0 157665.0 93832.0 111716.0
240 168288.0 63999.0 60249.0 161201.0 212394.0 133537.0 109353.0 112819.0 129101.0 106840.0 152410.0 72953.0 90804.0 51624.0 69792.0 119472.0 110306.0 133445.0 58720.0 118922.0 80359.0 125191.0 39684.0 134906.0 175674.0 134023.0 152316.0 109298.0 57364.0 119155.0 47216.0 63632.0
243 124707.0 24241.0 23163.0 121584.0 182689.0 74339.0 49944.0 50912.0 71547.0 53972.0 85837.0 28768.0 33793.0 19608.0 26304.0 57517.0 54480.0 83673.0 21927.0 63403.0 31779.0 72926.0 15576.0 82230.0 130622.0 78344.0 101462.0 53692.0 22775.0 67674.0 18345.0 26644.0
246 60241.0 10091.0 10433.0 57235.0 116377.0 25788.0 17095.0 17936.0 24380.0 17812.0 30399.0 10916.0 13738.0 9728.0 11977.0 19475.0 18718.0 31347.0 10961.0 21591.0 12910.0 27548.0 9730.0 30791.0 63029.0 28995.0 42575.0 18788.0 10482.0 24942.0 9139.0 11240.0
249 25197.0 7973.0 8268.0 22837.0 57948.0 13350.0 10890.0 11918.0 12888.0 10616.0 15554.0 8434.0 10632.0 8140.0 9510.0 11990.0 11595.0 13807.0 9181.0 11833.0 10144.0 13486.0 8589.0 14578.0 26228.0 14771.0 18150.0 11932.0 8525.0 12784.0 7700.0 8599.0
252 13273.0 6930.0 7166.0 12007.0 21298.0 10132.0 9013.0 9804.0 9751.0 8580.0 11909.0 7244.0 9404.0 7172.0 8166.0 10054.0 9489.0 9647.0 8102.0 9499.0 8571.0 9848.0 7858.0 10654.0 13521.0 11020.0 11712.0 9503.0 7492.0 9595.0 6788.0 7278.0
255 11019.0 6344.0 6602.0 9924.0 14299.0 8683.0 8116.0 8582.0 8387.0 7289.0 10240.0 6481.0 8482.0 6755.0 7595.0 8648.0 8753.0 8330.0 7648.0 8445.0 7719.0 8843.0 7481.0 9008.0 11312.0 9468.0 9977.0 8321.0 6889.0 8542.0 6327.0 6684.0
258 9088.0 6106.0 6367.0 8619.0 11779.0 7779.0 7506.0 7908.0 7451.0 6750.0 9169.0 6014.0 8168.0 6560.0 7123.0 7907.0 8129.0 7293.0 7203.0 7826.0 7312.0 8076.0 7127.0 7844.0 9635.0 8589.0 8332.0 7606.0 6703.0 7541.0 5989.0 6360.0
261 8207.0 5849.0 6163.0 7823.0 10332.0 7389.0 7257.0 7661.0 7265.0 6409.0 8707.0 5923.0 7823.0 6384.0 6847.0 7608.0 7639.0 6743.0 7138.0 7488.0 7030.0 7612.0 7026.0 7468.0 8784.0 7957.0 7699.0 7465.0 6449.0 7244.0 5867.0 6212.0
264 8067.0 5919.0 6039.0 7584.0 9676.0 7281.0 7056.0 7555.0 6889.0 6277.0 8471.0 5819.0 7553.0 6243.0 6891.0 7445.0 7527.0 6522.0 6858.0 7306.0 6949.0 7541.0 6944.0 7255.0 8552.0 7866.0 7682.0 7376.0 6321.0 7110.0 5789.0 6020.0
267 7807.0 5735.0 6110.0 7242.0 9243.0 7182.0 6929.0 7347.0 6888.0 6109.0 8375.0 5706.0 7596.0 6105.0 6801.0 7394.0 7482.0 6603.0 6746.0 7088.0 6956.0 7347.0 6889.0 7172.0 8248.0 7636.0 7403.0 7371.0 6409.0 7019.0 5818.0 6045.0
270 7780.0 5624.0 6026.0 7456.0 9293.0 7024.0 7020.0 7400.0 6772.0 6224.0 8198.0 5622.0 7592.0 6052.0 6615.0 7437.0 7288.0 6429.0 6827.0 7075.0 6792.0 7204.0 6848.0 7137.0 8154.0 7782.0 7361.0 7045.0 6263.0 6991.0 5695.0 6067.0
273 7668.0 5494.0 6062.0 7367.0 8952.0 6851.0 6995.0 7134.0 6651.0 6193.0 8233.0 5554.0 7307.0 6003.0 6522.0 7453.0 7318.0 6513.0 6856.0 7026.0 6786.0 7188.0 6774.0 7131.0 8111.0 7663.0 7527.0 7072.0 6116.0 6829.0 5776.0 5943.0
276 7455.0 5546.0 5852.0 7049.0 8901.0 6830.0 6919.0 7081.0 6692.0 6105.0 8062.0 5435.0 7201.0 6033.0 6418.0 7220.0 7166.0 6475.0 6802.0 6997.0 6764.0 7140.0 6554.0 6988.0 7953.0 7694.0 7221.0 6995.0 5944.0 6655.0 5534.0 5784.0
279 7557.0 5418.0 5698.0 7182.0 8946.0 6775.0 6690.0 6917.0 6538.0 5929.0 7941.0 5321.0 7031.0 5804.0 6514.0 6976.0 7103.0 6359.0 6584.0 6807.0 6363.0 7053.0 6409.0 7046.0 8051.0 7627.0 6989.0 6943.0 5987.0 6644.0 5574.0 5801.0
282 7411.0 5234.0 5735.0 7049.0 8883.0 6534.0 6736.0 6931.0 6360.0 5912.0 7456.0 5284.0 7159.0 5699.0 6464.0 7064.0 6950.0 6282.0 6443.0 6583.0 6537.0 6999.0 6390.0 6907.0 7795.0 7410.0 6975.0 6784.0 5843.0 6724.0 5483.0 5591.0
285 7289.0 5229.0 5625.0 6821.0 8636.0 6619.0 6617.0 6798.0 6336.0 5820.0 7272.0 5216.0 7032.0 5687.0 6239.0 6801.0 6868.0 5967.0 6318.0 6627.0 6350.0 6832.0 6203.0 6787.0 7723.0 7413.0 7050.0 6741.0 5640.0 6533.0 5301.0 5562.0
288 7248.0 5118.0 5433.0 6733.0 8726.0 6579.0 6358.0 6649.0 6206.0 5729.0 7637.0 5173.0 6777.0 5473.0 6224.0 6819.0 6699.0 6025.0 6285.0 6462.0 6338.0 6657.0 6080.0 6663.0 7552.0 7118.0 6787.0 6704.0 5586.0 6261.0 5211.0 5419.0
291 7147.0 5150.0 5330.0 6792.0 8563.0 6439.0 6235.0 6459.0 6063.0 5530.0 7589.0 5099.0 6716.0 5425.0 5854.0 6727.0 6709.0 5787.0 6072.0 6405.0 6027.0 6509.0 5749.0 6520.0 7500.0 7097.0 6696.0 6559.0 5498.0 6382.0 5056.0 5362.0
294 7209.0 5027.0 5137.0 6567.0 8348.0 6216.0 6166.0 6344.0 6029.0 5595.0 7363.0 4761.0 6524.0 5226.0 5693.0 6416.0 6499.0 5825.0 5831.0 6299.0 5943.0 6284.0 5643.0 6444.0 7451.0 7021.0 6568.0 6255.0 5294.0 6277.0 4706.0 5029.0
297 6883.0 4880.0 4905.0 6530.0 8265.0 6250.0 5763.0 6290.0 6025.0 5392.0 7140.0 4717.0 6307.0 4903.0 5561.0 6385.0 6394.0 5743.0 5797.0 6082.0 5822.0 6307.0 5121.0 6288.0 7104.0 6815.0 6465.0 6132.0 5099.0 5887.0 4309.0 4884.0
300 6723.0 4451.0 4387.0 6306.0 8130.0 5883.0 5777.0 6050.0 5717.0 5249.0 6976.0 4350.0 5943.0 4245.0 5218.0 6085.0 6180.0 5700.0 5200.0 5915.0 5449.0 6053.0 4398.0 6028.0 7032.0 6753.0 6339.0 5974.0 4645.0 5877.0 3849.0 4396.0
303 6513.0 4062.0 3851.0 6343.0 7929.0 5910.0 5469.0 5646.0 5462.0 4956.0 6823.0 3970.0 5238.0 3396.0 4385.0 5701.0 5840.0 5400.0 4382.0 5620.0 4939.0 5894.0 3298.0 5949.0 6918.0 6475.0 6204.0 5431.0 3814.0 5629.0 3115.0 3548.0
306 6363.0 3169.0 2907.0 5840.0 7864.0 5396.0 4937.0 4974.0 5041.0 4645.0 6394.0 3020.0 4199.0 2349.0 3462.0 4902.0 5280.0 5101.0 3320.0 5340.0 3913.0 5365.0 2208.0 5680.0 6734.0 5940.0 5755.0 4734.0 2859.0 5173.0 2160.0 2661.0
309 6083.0 2109.0 1721.0 5657.0 7311.0 4496.0 3758.0 3962.0 4267.0 3937.0 5213.0 1996.0 2691.0 1399.0 2166.0 3618.0 4259.0 4626.0 2022.0 4376.0 2455.0 4484.0 1107.0 5190.0 6194.0 5101.0 5167.0 3636.0 1845.0 4255.0 1287.0 1709.0
312 5559.0 1173.0 945.0 5147.0 7102.0 3436.0 2612.0 2409.0 3236.0 2990.0 4186.0 1155.0 1450.0 758.0 1199.0 2430.0 3102.0 3766.0 1054.0 3327.0 1495.0 3287.0 644.0 4193.0 5473.0 4107.0 4245.0 2350.0 1018.0 3378.0 705.0 1013.0
315 4501.0 640.0 484.0 4233.0 6388.0 2142.0 1376.0 1428.0 2056.0 1759.0 2622.0 594.0 761.0 456.0 639.0 1319.0 1975.0 2644.0 587.0 1999.0 786.0 2088.0 485.0 2992.0 4413.0 2784.0 3180.0 1385.0 575.0 2303.0 461.0 560.0
318 3299.0 414.0 369.0 2971.0 5358.0 1092.0 688.0 724.0 993.0 913.0 1315.0 364.0 519.0 356.0 437.0 649.0 964.0 1435.0 460.0 963.0 506.0 1163.0 462.0 1779.0 2720.0 1486.0 1878.0 689.0 421.0 1328.0 361.0 374.0
321 1985.0 356.0 355.0 1518.0 3724.0 607.0 463.0 492.0 541.0 495.0 707.0 343.0 490.0 363.0 369.0 487.0 584.0 718.0 414.0 558.0 404.0 649.0 417.0 919.0 1545.0 745.0 943.0 496.0 389.0 657.0 330.0 400.0
324 1042.0 349.0 317.0 804.0 2079.0 430.0 469.0 429.0 477.0 399.0 519.0 277.0 425.0 328.0 363.0 427.0 485.0 509.0 396.0 492.0 447.0 489.0 424.0 583.0 842.0 614.0 574.0 433.0 367.0 462.0 287.0 324.0
327 687.0 303.0 338.0 535.0 1187.0 414.0 399.0 392.0 360.0 385.0 499.0 268.0 413.0 332.0 347.0 399.0 479.0 417.0 361.0 454.0 369.0 475.0 387.0 484.0 571.0 470.0 501.0 436.0 374.0 428.0 304.0 317.0
330 576.0 291.0 346.0 503.0 798.0 396.0 403.0 391.0 357.0 324.0 464.0 261.0 409.0 310.0 360.0 405.0 448.0 403.0 373.0 447.0 362.0 385.0 356.0 427.0 534.0 511.0 451.0 412.0 349.0 418.0 289.0 290.0
333 477.0 288.0 297.0 456.0 633.0 408.0 363.0 396.0 356.0 354.0 446.0 295.0 360.0 332.0 354.0 350.0 452.0 384.0 399.0 382.0 356.0 423.0 364.0 401.0 471.0 462.0 440.0 387.0 328.0 382.0 286.0 314.0
336 434.0 307.0 290.0 433.0 517.0 363.0 393.0 388.0 359.0 300.0 438.0 265.0 370.0 331.0 325.0 350.0 429.0 382.0 362.0 371.0 322.0 431.0 383.0 454.0 469.0 456.0 399.0 385.0 317.0 366.0 265.0 288.0
339 439.0 290.0 307.0 418.0 499.0 370.0 375.0 403.0 374.0 353.0 453.0 297.0 415.0 328.0 319.0 394.0 418.0 334.0 364.0 439.0 361.0 359.0 334.0 378.0 438.0 437.0 387.0 345.0 346.0 398.0 307.0 288.0
342 438.0 284.0 268.0 406.0 531.0 383.0 357.0 366.0 377.0 316.0 417.0 260.0 381.0 279.0 300.0 362.0 397.0 326.0 359.0 375.0 373.0 388.0 323.0 397.0 453.0 414.0 383.0 383.0 357.0 370.0 283.0 315.0
345 403.0 282.0 324.0 408.0 483.0 399.0 342.0 360.0 330.0 300.0 444.0 262.0 366.0 297.0 288.0 339.0 408.0 344.0 344.0 396.0 303.0 373.0 334.0 398.0 485.0 402.0 354.0 355.0 330.0 362.0 270.0 284.0
348 408.0 258.0 252.0 418.0 459.0 353.0 365.0 362.0 310.0 344.0 437.0 230.0 395.0 282.0 316.0 335.0 402.0 310.0 346.0 407.0 290.0 391.0 269.0 357.0 460.0 447.0 407.0 332.0 318.0 360.0 246.0 282.0
351 376.0 254.0 259.0 397.0 441.0 318.0 340.0 341.0 319.0 306.0 384.0 256.0 358.0 290.0 319.0 310.0 369.0 364.0 346.0 339.0 362.0 372.0 327.0 392.0 399.0 403.0 368.0 356.0 256.0 355.0 288.0 269.0
354 441.0 247.0 271.0 399.0 472.0 362.0 339.0 318.0 343.0 294.0 403.0 240.0 339.0 250.0 297.0 369.0 391.0 293.0 307.0 350.0 306.0 382.0 281.0 351.0 421.0 439.0 373.0 310.0 310.0 314.0 253.0 252.0
357 404.0 233.0 259.0 351.0 477.0 331.0 332.0 352.0 299.0 287.0 405.0 233.0 347.0 226.0 275.0 330.0 381.0 304.0 292.0 376.0 290.0 386.0 276.0 364.0 397.0 413.0 379.0 340.0 281.0 318.0 239.0 265.0
360 368.0 245.0 247.0 373.0 464.0 322.0 303.0 296.0 295.0 286.0 400.0 252.0 313.0 232.0 265.0 298.0 345.0 327.0 280.0 362.0 295.0 338.0 265.0 331.0 418.0 398.0 363.0 324.0 233.0 323.0 215.0 239.0
363 355.0 207.0 215.0 347.0 487.0 308.0 298.0 293.0 290.0 264.0 380.0 177.0 280.0 194.0 260.0 298.0 347.0 308.0 252.0 350.0 309.0 311.0 224.0 354.0 389.0 353.0 352.0 298.0 247.0 294.0 175.0 220.0
366 361.0 211.0 186.0 345.0 437.0 280.0 300.0 301.0 261.0 281.0 326.0 195.0 287.0 153.0 233.0 257.0 312.0 260.0 262.0 333.0 252.0 353.0 178.0 308.0 372.0 359.0 319.0 292.0 200.0 311.0 151.0 174.0
369 382.0 209.0 168.0 314.0 398.0 292.0 240.0 281.0 290.0 253.0 315.0 168.0 229.0 137.0 203.0 245.0 299.0 255.0 225.0 300.0 226.0 313.0 117.0 328.0 364.0 356.0 283.0 280.0 197.0 264.0 126.0 148.0
372 343.0 159.0 119.0 309.0 427.0 253.0 256.0 217.0 224.0 237.0 301.0 124.0 170.0 78.0 147.0 192.0 289.0 250.0 165.0 266.0 174.0 267.0 95.0 294.0 348.0 321.0 288.0 188.0 137.0 268.0 77.0 101.0
375 316.0 101.0 85.0 286.0 413.0 241.0 208.0 189.0 220.0 216.0 259.0 88.0 119.0 53.0 97.0 188.0 239.0 225.0 102.0 284.0 134.0 234.0 45.0 302.0 334.0 298.0 303.0 186.0 84.0 205.0 48.0 69.0
378 322.0 68.0 52.0 279.0 402.0 176.0 138.0 162.0 159.0 175.0 199.0 55.0 77.0 35.0 74.0 109.0 207.0 186.0 55.0 205.0 101.0 193.0 37.0 254.0 278.0 231.0 235.0 130.0 68.0 202.0 34.0 55.0
381 294.0 29.0 35.0 279.0 344.0 145.0 101.0 117.0 144.0 129.0 178.0 39.0 55.0 22.0 45.0 93.0 140.0 180.0 35.0 141.0 39.0 166.0 29.0 197.0 262.0 198.0 202.0 85.0 44.0 156.0 23.0 26.0
384 225.0 28.0 26.0 222.0 314.0 61.0 42.0 43.0 75.0 62.0 111.0 20.0 21.0 20.0 32.0 36.0 69.0 107.0 33.0 86.0 28.0 86.0 30.0 137.0 166.0 136.0 131.0 46.0 21.0 96.0 19.0 27.0
387 168.0 21.0 19.0 137.0 286.0 41.0 27.0 37.0 44.0 48.0 60.0 15.0 27.0 24.0 24.0 29.0 54.0 74.0 24.0 52.0 21.0 52.0 21.0 79.0 129.0 79.0 70.0 47.0 27.0 63.0 21.0 23.0
390 131.0 18.0 18.0 107.0 214.0 24.0 38.0 28.0 29.0 35.0 47.0 21.0 20.0 17.0 19.0 24.0 34.0 45.0 27.0 20.0 35.0 34.0 33.0 51.0 96.0 39.0 52.0 25.0 20.0 30.0 22.0 13.0
393 64.0 22.0 17.0 54.0 187.0 29.0 29.0 31.0 27.0 25.0 32.0 18.0 18.0 17.0 20.0 22.0 38.0 32.0 20.0 35.0 16.0 30.0 13.0 57.0 55.0 34.0 41.0 20.0 27.0 25.0 23.0 18.0
396 37.0 20.0 17.0 39.0 110.0 22.0 27.0 19.0 26.0 17.0 27.0 10.0 25.0 25.0 18.0 27.0 25.0 31.0 25.0 35.0 19.0 34.0 18.0 30.0 40.0 38.0 30.0 13.0 24.0 25.0 15.0 17.0
399 41.0 21.0 16.0 26.0 73.0 21.0 17.0 15.0 35.0 23.0 22.0 12.0 21.0 17.0 13.0 27.0 34.0 26.0 29.0 24.0 26.0 25.0 23.0 28.0 38.0 29.0 24.0 28.0 22.0 25.0 18.0 18.0
402 37.0 27.0 9.0 45.0 53.0 20.0 27.0 19.0 20.0 19.0 36.0 18.0 20.0 14.0 23.0 23.0 33.0 16.0 25.0 40.0 23.0 20.0 22.0 30.0 24.0 23.0 32.0 23.0 24.0 27.0 19.0 16.0
405 32.0 25.0 17.0 40.0 34.0 18.0 17.0 20.0 20.0 15.0 18.0 13.0 21.0 15.0 17.0 18.0 23.0 17.0 18.0 30.0 14.0 32.0 18.0 32.0 27.0 26.0 22.0 28.0 20.0 18.0 16.0 23.0
408 27.0 18.0 14.0 20.0 30.0 22.0 28.0 19.0 29.0 18.0 27.0 16.0 19.0 18.0 19.0 15.0 24.0 22.0 26.0 28.0 18.0 26.0 23.0 27.0 31.0 27.0 32.0 21.0 23.0 19.0 5.0 16.0
411 29.0 17.0 14.0 25.0 33.0 29.0 12.0 14.0 17.0 17.0 27.0 17.0 26.0 15.0 25.0 16.0 17.0 24.0 21.0 22.0 17.0 33.0 12.0 29.0 29.0 20.0 21.0 21.0 16.0 19.0 19.0 12.0
414 33.0 20.0 20.0 19.0 28.0 14.0 16.0 14.0 16.0 19.0 23.0 19.0 17.0 19.0 13.0 30.0 30.0 20.0 22.0 23.0 17.0 24.0 20.0 34.0 33.0 23.0 23.0 19.0 18.0 23.0 16.0 25.0
417 33.0 14.0 17.0 33.0 29.0 28.0 20.0 16.0 23.0 27.0 29.0 14.0 20.0 12.0 16.0 14.0 28.0 20.0 24.0 17.0 16.0 23.0 15.0 25.0 30.0 29.0 26.0 28.0 14.0 20.0 11.0 15.0
420 25.0 16.0 14.0 30.0 29.0 19.0 25.0 13.0 17.0 16.0 27.0 7.0 15.0 14.0 15.0 15.0 26.0 21.0 15.0 30.0 13.0 25.0 11.0 29.0 19.0 10.0 22.0 22.0 14.0 17.0 13.0 11.0
423 29.0 15.0 8.0 18.0 34.0 15.0 21.0 17.0 14.0 19.0 16.0 13.0 18.0 12.0 13.0 16.0 24.0 21.0 6.0 25.0 14.0 31.0 8.0 22.0 27.0 24.0 30.0 18.0 16.0 22.0 14.0 12.0
426 29.0 10.0 15.0 18.0 32.0 22.0 15.0 18.0 19.0 25.0 24.0 10.0 9.0 9.0 7.0 26.0 20.0 14.0 19.0 12.0 15.0 15.0 10.0 20.0 16.0 24.0 25.0 23.0 11.0 19.0 12.0 16.0
429 29.0 11.0 16.0 11.0 31.0 20.0 11.0 12.0 16.0 21.0 24.0 6.0 6.0 8.0 13.0 15.0 18.0 17.0 13.0 15.0 12.0 21.0 7.0 21.0 39.0 31.0 23.0 19.0 8.0 23.0 8.0 7.0
432 18.0 7.0 14.0 20.0 30.0 14.0 14.0 11.0 16.0 20.0 17.0 13.0 15.0 2.0 7.0 11.0 15.0 18.0 13.0 14.0 11.0 14.0 4.0 16.0 33.0 17.0 20.0 19.0 8.0 13.0 12.0 9.0
435 22.0 8.0 5.0 25.0 36.0 14.0 14.0 18.0 16.0 12.0 17.0 4.0 11.0 4.0 6.0 17.0 12.0 13.0 3.0 23.0 13.0 12.0 2.0 22.0 20.0 11.0 22.0 7.0 3.0 13.0 5.0 3.0
438 16.0 2.0 4.0 17.0 35.0 11.0 9.0 4.0 6.0 8.0 21.0 5.0 10.0 2.0 3.0 5.0 17.0 13.0 5.0 17.0 8.0 12.0 1.0 17.0 25.0 20.0 16.0 15.0 6.0 15.0 4.0 2.0
441 19.0 6.0 3.0 13.0 30.0 6.0 9.0 8.0 8.0 12.0 13.0 0.0 3.0 3.0 10.0 9.0 9.0 15.0 0.0 14.0 8.0 13.0 3.0 21.0 25.0 21.0 10.0 15.0 2.0 15.0 1.0 0.0
444 20.0 1.0 2.0 22.0 28.0 9.0 6.0 9.0 5.0 8.0 14.0 2.0 2.0 4.0 2.0 5.0 6.0 16.0 3.0 15.0 6.0 9.0 1.0 14.0 21.0 14.0 15.0 7.0 4.0 7.0 1.0 2.0
447 22.0 0.0 1.0 11.0 26.0 9.0 1.0 5.0 6.0 3.0 7.0 1.0 1.0 3.0 3.0 5.0 6.0 5.0 4.0 9.0 3.0 7.0 2.0 6.0 11.0 10.0 13.0 2.0 1.0 10.0 0.0 3.0
