150 247389.0 240907.0 248016.0 250450.0 343979.0 270451.0 246300.0 260304.0 235682.0 236701.0 263457.0 334273.0 266283.0 240100.0 225119.0 235019.0 270960.0 230753.0 216649.0 246510.0 254319.0 318009.0 211674.0 262873.0 189846.0 247322.0 234947.0 258937.0 211302.0 224505.0 211500.0 240679.0
153 16611000.0 16594141.0 16594273.0 16576889.0 16589167.0 16580110.0 16583096.0 16584489.0 16580815.0 16576510.0 16585897.0 16569894.0 16583861.0 16587748.0 16586998.0 16566963.0 16586843.0 16581460.0 16586019.0 16579061.0 16586559.0 16580849.0 16572024.0 16584561.0 16570518.0 16580814.0 16566625.0 16574434.0 16571873.0 16579414.0 16583181.0 16580048.0
156 18457955.0 18441764.0 18438309.0 18422591.0 18422933.0 18418641.0 18429853.0 18422707.0 18429627.0 18422916.0 18428727.0 18403972.0 18428666.0 18434007.0 18433600.0 18417116.0 18428000.0 18429236.0 18434786.0 18425823.0 18423979.0 18418108.0 18423814.0 18428269.0 18422526.0 18428138.0 18415368.0 18420201.0 18423588.0 18430260.0 18433834.0 18431316.0
159 18773738.0 18760538.0 18757351.0 18742866.0 18743052.0 18739568.0 18750436.0 18744537.0 18750319.0 18743846.0 18750077.0 18725533.0 18748118.0 18754052.0 18753567.0 18738464.0 18748794.0 18750073.0 18756463.0 18748028.0 18745951.0 18741330.0 18745530.0 18751171.0 18744913.0 18750340.0 18737701.0 18743288.0 18745382.0 18752132.0 18756002.0 18753390.0
162 19073959.0 19061424.0 19060961.0 19042128.0 19044247.0 19038690.0 19051646.0 19044286.0 19050575.0 19042711.0 19051100.0 19023625.0 19048448.0 19054204.0 19054251.0 19037399.0 19050239.0 19051050.0 19056758.0 19048860.0 19045854.0 19043490.0 19044869.0 19052030.0 19044810.0 19051765.0 19037405.0 19045220.0 19044528.0 19053490.0 19058144.0 19054285.0
165 19305992.0 19297589.0 19297577.0 19276820.0 19282287.0 19272603.0 19288955.0 19279544.0 19287551.0 19276778.0 19288421.0 19257378.0 19285778.0 19291757.0 19291707.0 19272586.0 19288321.0 19287942.0 19294871.0 19286266.0 19280707.0 19282158.0 19279322.0 19288830.0 19280798.0 19288112.0 19272239.0 19282544.0 19279486.0 19290490.0 19295484.0 19291242.0
168 19696004.0 19689284.0 19689526.0 19662491.0 19672583.0 19656654.0 19681106.0 19664519.0 19679206.0 19661691.0 19680942.0 19640289.0 19676599.0 19682461.0 19682945.0 19657048.0 19679458.0 19679450.0 19686053.0 19676676.0 19665298.0 19673405.0 19664026.0 19678641.0 19667282.0 19678248.0 19656355.0 19672573.0 19664585.0 19681412.0 19686614.0 19681834.0
171 19832975.0 19827704.0 19827195.0 19799985.0 19809688.0 19792487.0 19818742.0 19801451.0 19816274.0 19798446.0 19818060.0 19774851.0 19813486.0 19819901.0 19820767.0 19793837.0 19816736.0 19817171.0 19823920.0 19814295.0 19802696.0 19811822.0 19801143.0 19815445.0 19804208.0 19815695.0 19793587.0 19810365.0 19801295.0 19819415.0 19824702.0 19819346.0
174 19777522.0 19770763.0 19771219.0 19741597.0 19751512.0 19733462.0 19761695.0 19743403.0 19759498.0 19740542.0 19762714.0 19714068.0 19757035.0 19763619.0 19764692.0 19736346.0 19761293.0 19760733.0 19768385.0 19757974.0 19743731.0 19756702.0 19742163.0 19757021.0 19746307.0 19757669.0 19734168.0 19752177.0 19742505.0 19761667.0 19767927.0 19761670.0
177 19592527.0 19585454.0 19579551.0 19500862.0 19548990.0 19453465.0 19565513.0 19473363.0 19558221.0 19487272.0 19560807.0 19435835.0 19555429.0 19561856.0 19565244.0 19514303.0 19558275.0 19560345.0 19563665.0 19553907.0 19502041.0 19546929.0 19512198.0 19544421.0 19525534.0 19547759.0 19495398.0 19539686.0 19516852.0 19553887.0 19558987.0 19554933.0
180 17810322.0 17806820.0 17696272.0 17279606.0 17569778.0 17055142.0 17631360.0 17005590.0 17572079.0 17153186.0 17551771.0 17105168.0 17524302.0 17537136.0 17548446.0 17360417.0 17498552.0 17566942.0 17484941.0 17530413.0 17100487.0 17444541.0 17245863.0 17378229.0 17272678.0 17469727.0 17171440.0 17449795.0 17246975.0 17498289.0 17521792.0 17616401.0
183 7818215.0 7985307.0 7867712.0 8001636.0 7828840.0 7561855.0 7949959.0 7349921.0 7972484.0 7855037.0 7948053.0 7896387.0 7938402.0 7947359.0 8023873.0 8469281.0 7890627.0 8101714.0 7808296.0 8031082.0 7517242.0 7802265.0 8118231.0 7602563.0 8142223.0 7815469.0 7880797.0 7806017.0 8045457.0 7862977.0 7862864.0 8109881.0
186 5033755.0 5197892.0 5095607.0 5407802.0 5088429.0 4973492.0 5180327.0 4731731.0 5206015.0 5250334.0 5189660.0 5304702.0 5147051.0 5157213.0 5220372.0 5875994.0 5100764.0 5328300.0 5024034.0 5262371.0 4903013.0 5034776.0 5583582.0 4815420.0 5580125.0 5031053.0 5314322.0 5022005.0 5498659.0 5046394.0 5059874.0 5316633.0
189 367261.0 413145.0 379238.0 397496.0 455487.0 330188.0 420146.0 292330.0 400966.0 343562.0 429351.0 433842.0 400020.0 383382.0 387883.0 481749.0 393913.0 425810.0 345912.0 411659.0 308107.0 432750.0 382401.0 332014.0 387753.0 373566.0 341869.0 385888.0 353464.0 352111.0 364230.0 426014.0
192 243502.0 259893.0 254488.0 270270.0 338663.0 266565.0 277678.0 256445.0 260523.0 246152.0 294884.0 331191.0 267789.0 252273.0 246088.0 286203.0 281538.0 265949.0 242047.0 274621.0 254764.0 336048.0 254068.0 259392.0 265451.0 262960.0 257471.0 285387.0 247087.0 245773.0 250075.0 277996.0
195 238630.0 249849.0 248461.0 247594.0 331797.0 260109.0 262715.0 255479.0 243569.0 230560.0 279251.0 314323.0 258039.0 240287.0 233849.0 252423.0 273532.0 246189.0 234630.0 259814.0 247043.0 330623.0 224717.0 255519.0 239237.0 252124.0 244275.0 277115.0 225535.0 236470.0 237672.0 255623.0
198 238298.0 249909.0 247073.0 246081.0 329070.0 259466.0 262597.0 255214.0 243435.0 231195.0 284392.0 314041.0 258759.0 241724.0 234613.0 251017.0 272886.0 245890.0 234574.0 259225.0 247269.0 329394.0 222353.0 255704.0 237437.0 251252.0 243580.0 275821.0 223797.0 235730.0 236340.0 253616.0
201 237878.0 249892.0 248636.0 246872.0 327836.0 258867.0 262760.0 254897.0 244190.0 232049.0 284722.0 313665.0 258134.0 240187.0 235098.0 250928.0 273630.0 246425.0 235327.0 259146.0 246690.0 330413.0 223214.0 255783.0 237156.0 251277.0 244204.0 277219.0 224305.0 236322.0 237572.0 254619.0
204 240060.0 250597.0 248829.0 246488.0 328695.0 260195.0 263946.0 255697.0 244573.0 231924.0 282152.0 314568.0 260008.0 240713.0 234400.0 252385.0 274097.0 247242.0 235418.0 260198.0 247380.0 331679.0 223175.0 253949.0 238812.0 251628.0 244177.0 277344.0 224321.0 236629.0 238710.0 254576.0
207 238939.0 250077.0 247516.0 246216.0 328947.0 259830.0 263175.0 256449.0 245574.0 231458.0 285558.0 313364.0 257767.0 241951.0 235278.0 252292.0 274391.0 247714.0 234192.0 258880.0 247012.0 330333.0 223731.0 253703.0 239067.0 251191.0 244417.0 277264.0 225559.0 237195.0 237823.0 256439.0
210 237656.0 249642.0 246826.0 246429.0 328901.0 257627.0 262636.0 253852.0 243495.0 231311.0 280075.0 311563.0 258116.0 240461.0 234347.0 251885.0 274056.0 245590.0 234677.0 259496.0 247956.0 328508.0 223281.0 252964.0 237155.0 251479.0 242455.0 276734.0 223357.0 236451.0 236619.0 254883.0
213 237579.0 250600.0 247690.0 245039.0 329824.0 257523.0 262430.0 255349.0 243371.0 231293.0 283196.0 310020.0 258512.0 240099.0 234568.0 251968.0 274185.0 245925.0 234152.0 258637.0 246780.0 328638.0 222276.0 252914.0 237419.0 251164.0 243281.0 276493.0 222646.0 235326.0 236433.0 253789.0
216 237924.0 249698.0 247198.0 245315.0 329495.0 258816.0 262192.0 254205.0 242825.0 231213.0 281612.0 312623.0 256691.0 239803.0 233925.0 251331.0 272760.0 245376.0 233138.0 257487.0 247858.0 328131.0 221586.0 248728.0 237466.0 250527.0 242897.0 275078.0 224052.0 235365.0 236173.0 253398.0
219 236742.0 248844.0 247387.0 244154.0 329689.0 257027.0 261990.0 254229.0 243252.0 230780.0 276579.0 309116.0 258178.0 239138.0 233632.0 250619.0 271830.0 245710.0 233389.0 258957.0 245181.0 327637.0 221917.0 253394.0 237619.0 250340.0 242995.0 274838.0 222772.0 235608.0 235581.0 252977.0
222 236277.0 248493.0 246219.0 244263.0 329932.0 255758.0 260423.0 252214.0 241933.0 229684.0 275110.0 311513.0 255916.0 239258.0 232506.0 250627.0 271496.0 245159.0 232630.0 258887.0 245180.0 327030.0 221948.0 252268.0 236613.0 249610.0 242137.0 274630.0 221545.0 234984.0 235772.0 252498.0
225 236344.0 246692.0 244730.0 243085.0 327980.0 255891.0 259075.0 251187.0 241202.0 229639.0 274311.0 309427.0 255930.0 238709.0 232131.0 248271.0 270634.0 243846.0 231708.0 255625.0 244076.0 323392.0 221003.0 251796.0 235167.0 248417.0 240235.0 271942.0 220693.0 234074.0 234671.0 250812.0
228 235550.0 246492.0 244783.0 243540.0 325713.0 256081.0 260085.0 251013.0 240934.0 228746.0 273463.0 310819.0 255465.0 237788.0 231418.0 247893.0 269414.0 243039.0 230600.0 256019.0 242721.0 322555.0 219306.0 250609.0 234524.0 247911.0 238835.0 272983.0 220887.0 233280.0 234499.0 250667.0
231 235922.0 246990.0 243513.0 242616.0 324353.0 254765.0 258226.0 248444.0 240859.0 227595.0 274011.0 309849.0 254009.0 237030.0 230065.0 246763.0 268411.0 242543.0 228972.0 253929.0 241857.0 321023.0 218488.0 247103.0 233031.0 245527.0 239400.0 271373.0 220860.0 232601.0 232144.0 250640.0
234 232206.0 244110.0 240748.0 241605.0 322452.0 252591.0 256486.0 241519.0 238861.0 227192.0 275292.0 308318.0 252359.0 235681.0 228236.0 245097.0 265530.0 241262.0 222764.0 252192.0 238001.0 315117.0 217750.0 244609.0 228689.0 244620.0 237025.0 268411.0 218849.0 227889.0 226313.0 248930.0
237 227834.0 239068.0 233256.0 239587.0 318977.0 250958.0 252259.0 215087.0 236690.0 222626.0 267202.0 304579.0 249686.0 230574.0 219274.0 242131.0 253578.0 235453.0 199534.0 246531.0 224203.0 292595.0 213937.0 232094.0 210762.0 236459.0 230590.0 257587.0 215485.0 215586.0 207351.0 242813.0
240 213115.0 221148.0 204233.0 235324.0 308459.0 241253.0 233816.0 153300.0 228486.0 212437.0 228709.0 300408.0 243104.0 212571.0 190752.0 231318.0 217394.0 218240.0 147533.0 227004.0 186667.0 230999.0 198953.0 201015.0 164493.0 213522.0 208580.0 226751.0 202904.0 180026.0 159794.0 226513.0
243 165702.0 166134.0 137143.0 220021.0 273130.0 208339.0 178869.0 75464.0 199236.0 175315.0 155186.0 288054.0 210782.0 162447.0 127032.0 195458.0 145373.0 168581.0 76498.0 176125.0 117117.0 131158.0 156679.0 140207.0 93770.0 157110.0 154555.0 158514.0 165125.0 111739.0 88552.0 182858.0
246 97499.0 90490.0 67238.0 176036.0 201615.0 145238.0 101863.0 30700.0 139504.0 113808.0 75458.0 246033.0 147754.0 92476.0 60335.0 126218.0 73986.0 96258.0 31245.0 106556.0 55438.0 53708.0 96303.0 70927.0 40563.0 88267.0 87388.0 80589.0 103919.0 50199.0 37457.0 115850.0
249 38552.0 32996.0 24989.0 97005.0 102962.0 66941.0 38529.0 16752.0 64933.0 47138.0 27696.0 158267.0 65483.0 35081.0 22673.0 50978.0 30220.0 35608.0 15795.0 43192.0 22121.0 22914.0 39322.0 26968.0 18081.0 34184.0 33883.0 30646.0 42162.0 19963.0 17105.0 49198.0
252 18734.0 17577.0 15361.0 40075.0 42608.0 28690.0 19811.0 13739.0 26558.0 20783.0 17421.0 73154.0 26457.0 17804.0 14859.0 21741.0 18489.0 18153.0 12961.0 20713.0 15000.0 17444.0 18623.0 16678.0 13570.0 18433.0 18360.0 19243.0 18904.0 14168.0 13114.0 22127.0
255 14217.0 14035.0 13134.0 19271.0 24086.0 18323.0 15575.0 12176.0 16533.0 14745.0 14417.0 31960.0 17713.0 14082.0 12519.0 15713.0 15382.0 14097.0 11330.0 15702.0 12829.0 15340.0 13546.0 14305.0 11850.0 14920.0 14533.0 16176.0 14153.0 12108.0 11622.0 15904.0
258 12190.0 11950.0 11475.0 14352.0 18920.0 14649.0 13082.0 10981.0 13274.0 12375.0 12714.0 22032.0 14147.0 11905.0 10769.0 13053.0 13816.0 11837.0 10166.0 13201.0 11484.0 13791.0 11385.0 12283.0 10572.0 12182.0 12572.0 13981.0 11642.0 10741.0 10246.0 13498.0
261 10758.0 11237.0 10739.0 12725.0 16780.0 13322.0 12097.0 10420.0 11831.0 11046.0 12057.0 19480.0 12687.0 11083.0 10368.0 12044.0 12934.0 11122.0 9720.0 12196.0 10594.0 13047.0 10367.0 11787.0 9848.0 11590.0 11402.0 13084.0 10643.0 9956.0 9840.0 12274.0
264 10397.0 11017.0 10396.0 11611.0 15794.0 12255.0 11496.0 10359.0 10836.0 10546.0 11315.0 17230.0 11662.0 10531.0 9800.0 11245.0 12435.0 10595.0 9955.0 11904.0 10270.0 12759.0 9712.0 11077.0 9725.0 11039.0 11205.0 12922.0 10145.0 9970.0 9587.0 11538.0
267 10019.0 10482.0 10267.0 10939.0 15089.0 11933.0 11177.0 10001.0 10748.0 9980.0 11015.0 16501.0 11256.0 10263.0 9430.0 11001.0 12078.0 10392.0 9499.0 11316.0 10129.0 12532.0 9250.0 10714.0 9705.0 10552.0 10808.0 12417.0 9962.0 9826.0 9394.0 11378.0
270 9994.0 10495.0 10132.0 10610.0 14805.0 11542.0 11006.0 10039.0 10495.0 10034.0 10829.0 15833.0 11034.0 10288.0 9480.0 10670.0 11918.0 10054.0 9361.0 11390.0 10090.0 12311.0 9399.0 11039.0 9450.0 10712.0 10790.0 12462.0 9623.0 9693.0 9261.0 11121.0
273 9974.0 10202.0 9925.0 10523.0 14726.0 11403.0 10943.0 9792.0 10401.0 10028.0 10956.0 15497.0 11014.0 9934.0 9430.0 10774.0 11789.0 10021.0 9249.0 11045.0 9732.0 12285.0 9020.0 11006.0 9442.0 10491.0 10505.0 12332.0 9765.0 9358.0 9099.0 10900.0
276 9825.0 10305.0 9886.0 10163.0 14570.0 11422.0 10765.0 9591.0 10287.0 9934.0 10775.0 15467.0 10988.0 10209.0 9234.0 10567.0 11837.0 9904.0 9326.0 10852.0 9699.0 11784.0 9098.0 10376.0 9127.0 10419.0 10430.0 12062.0 9541.0 9368.0 9180.0 11014.0
279 9548.0 9946.0 9744.0 10231.0 14273.0 11280.0 10927.0 9607.0 10072.0 9653.0 10416.0 15240.0 10804.0 9550.0 9330.0 10554.0 11685.0 9826.0 9095.0 10757.0 9714.0 11623.0 8914.0 10452.0 9200.0 10219.0 10494.0 12208.0 9405.0 9291.0 9160.0 10662.0
282 9492.0 10027.0 9568.0 10184.0 13993.0 11191.0 10688.0 9569.0 10030.0 9546.0 10249.0 15362.0 10950.0 9727.0 9079.0 10311.0 11345.0 9559.0 8964.0 10490.0 9559.0 11622.0 8894.0 10320.0 8859.0 10204.0 10235.0 11678.0 9276.0 9114.0 8953.0 10601.0
285 9389.0 9752.0 9305.0 10063.0 13978.0 10766.0 10384.0 9308.0 9987.0 9447.0 10281.0 14907.0 10615.0 9667.0 8648.0 10379.0 11383.0 9509.0 8771.0 10705.0 9466.0 11381.0 8653.0 10078.0 8768.0 9992.0 10191.0 11515.0 9201.0 8810.0 8583.0 10501.0
288 9455.0 9642.0 9206.0 9889.0 13650.0 10595.0 10273.0 9082.0 9816.0 9239.0 10071.0 14885.0 10518.0 9481.0 8700.0 10031.0 10810.0 9190.0 8571.0 10328.0 9175.0 11232.0 8425.0 9713.0 8774.0 9643.0 9816.0 11450.0 9177.0 8720.0 8581.0 10159.0
291 9153.0 9335.0 9070.0 9833.0 13527.0 10586.0 9963.0 8823.0 9638.0 9215.0 9839.0 14652.0 10332.0 9152.0 8482.0 9848.0 10979.0 9165.0 8456.0 10029.0 8986.0 11072.0 8260.0 9765.0 8554.0 9710.0 9746.0 11170.0 8953.0 8683.0 8294.0 10222.0
294 9071.0 9244.0 9073.0 9549.0 13480.0 10398.0 9885.0 8845.0 9355.0 8981.0 9619.0 14607.0 10150.0 9093.0 8572.0 9723.0 10754.0 8991.0 8209.0 10042.0 8987.0 10660.0 8097.0 9504.0 8147.0 9516.0 9559.0 10915.0 8672.0 8514.0 8205.0 10136.0
297 8825.0 9155.0 8640.0 9524.0 13054.0 10356.0 9626.0 8533.0 9068.0 8739.0 9544.0 14107.0 9823.0 8836.0 8186.0 9383.0 10235.0 8870.0 8233.0 9804.0 8627.0 10418.0 8080.0 9366.0 7954.0 9220.0 9341.0 10829.0 8439.0 8198.0 8020.0 9784.0
300 8363.0 9008.0 8430.0 9412.0 12828.0 10006.0 9552.0 8066.0 9144.0 8567.0 8976.0 14071.0 9886.0 8700.0 8047.0 9127.0 10016.0 8544.0 7681.0 9666.0 8383.0 9854.0 7882.0 9082.0 7533.0 9145.0 9169.0 10495.0 8308.0 7847.0 7496.0 9529.0
303 8470.0 8772.0 8288.0 9218.0 12563.0 9739.0 9315.0 7326.0 8687.0 8460.0 8532.0 13829.0 9585.0 8476.0 7649.0 8974.0 9791.0 8222.0 6602.0 9446.0 7840.0 9224.0 7748.0 8927.0 7008.0 8779.0 8960.0 9826.0 8158.0 7586.0 6848.0 9322.0
306 8100.0 8120.0 7654.0 9091.0 12163.0 9739.0 8877.0 6158.0 8586.0 7974.0 8072.0 13670.0 9257.0 8094.0 7004.0 8662.0 8906.0 7895.0 5615.0 8802.0 7233.0 7954.0 7436.0 8334.0 6038.0 8267.0 8384.0 9367.0 7774.0 6839.0 5683.0 8913.0
309 7437.0 7541.0 6772.0 8682.0 11615.0 9267.0 8038.0 4517.0 8113.0 7610.0 6889.0 13337.0 8866.0 7359.0 6109.0 8249.0 7677.0 7295.0 4063.0 8209.0 5973.0 6095.0 6768.0 7324.0 4453.0 7338.0 7473.0 7940.0 7332.0 5456.0 4314.0 8203.0
312 6395.0 5966.0 4836.0 8297.0 10864.0 8497.0 6735.0 2680.0 7266.0 6969.0 5181.0 12907.0 8213.0 5900.0 4547.0 7187.0 5840.0 5906.0 2370.0 6815.0 4409.0 3935.0 5544.0 5847.0 2825.0 6031.0 6107.0 6134.0 6241.0 3774.0 2700.0 6814.0
315 4994.0 4318.0 3239.0 7593.0 9504.0 7325.0 4916.0 1498.0 5881.0 5596.0 3287.0 11810.0 7085.0 4549.0 2804.0 5489.0 3855.0 4244.0 1225.0 5089.0 2839.0 2077.0 4212.0 4089.0 1497.0 4401.0 4390.0 4124.0 4730.0 2194.0 1418.0 5346.0
318 3514.0 2632.0 1768.0 6539.0 7820.0 5760.0 3074.0 890.0 4310.0 4170.0 2055.0 10711.0 5426.0 2957.0 1642.0 3893.0 2425.0 2686.0 828.0 3462.0 1614.0 1233.0 2896.0 2605.0 944.0 2862.0 2742.0 2426.0 3272.0 1240.0 877.0 3796.0
321 2009.0 1364.0 1031.0 4946.0 5426.0 3918.0 1641.0 710.0 2680.0 2493.0 1108.0 8577.0 3575.0 1579.0 917.0 2212.0 1387.0 1484.0 660.0 1988.0 947.0 836.0 1687.0 1453.0 625.0 1546.0 1470.0 1292.0 1856.0 744.0 638.0 2203.0
324 1185.0 838.0 716.0 3122.0 3356.0 2226.0 978.0 651.0 1492.0 1323.0 784.0 6268.0 1992.0 983.0 655.0 1162.0 939.0 782.0 584.0 1192.0 740.0 752.0 958.0 870.0 594.0 934.0 992.0 964.0 1049.0 637.0 557.0 1165.0
327 816.0 761.0 613.0 1765.0 1903.0 1307.0 784.0 585.0 933.0 843.0 694.0 3908.0 1093.0 726.0 571.0 829.0 805.0 681.0 520.0 891.0 619.0 707.0 676.0 769.0 571.0 736.0 818.0 836.0 774.0 630.0 534.0 877.0
330 653.0 635.0 612.0 1008.0 1249.0 967.0 704.0 517.0 712.0 703.0 642.0 2215.0 911.0 703.0 505.0 710.0 753.0 634.0 528.0 722.0 596.0 695.0 607.0 682.0 531.0 735.0 703.0 777.0 629.0 537.0 525.0 839.0
333 636.0 658.0 579.0 823.0 1068.0 756.0 650.0 552.0 706.0 650.0 629.0 1480.0 717.0 641.0 532.0 695.0 709.0 555.0 542.0 729.0 580.0 656.0 566.0 682.0 512.0 623.0 678.0 794.0 604.0 544.0 519.0 695.0
336 631.0 615.0 528.0 662.0 943.0 783.0 598.0 533.0 649.0 611.0 645.0 1277.0 726.0 580.0 523.0 609.0 722.0 564.0 548.0 655.0 546.0 681.0 563.0 651.0 521.0 611.0 618.0 760.0 578.0 544.0 532.0 660.0
339 593.0 595.0 527.0 645.0 876.0 707.0 605.0 511.0 605.0 581.0 573.0 1066.0 663.0 605.0 519.0 621.0 691.0 587.0 541.0 674.0 543.0 616.0 534.0 608.0 511.0 622.0 646.0 744.0 568.0 505.0 535.0 614.0
342 548.0 573.0 557.0 616.0 890.0 676.0 630.0 474.0 606.0 607.0 519.0 1033.0 637.0 602.0 494.0 606.0 707.0 562.0 499.0 637.0 581.0 597.0 514.0 643.0 491.0 608.0 630.0 748.0 567.0 491.0 449.0 653.0
345 563.0 529.0 539.0 604.0 876.0 660.0 589.0 469.0 575.0 554.0 539.0 1005.0 653.0 525.0 497.0 588.0 670.0 565.0 426.0 629.0 520.0 645.0 513.0 594.0 496.0 606.0 606.0 710.0 575.0 502.0 502.0 622.0
348 544.0 561.0 525.0 554.0 816.0 668.0 617.0 474.0 557.0 553.0 518.0 1007.0 590.0 514.0 450.0 531.0 673.0 503.0 495.0 632.0 512.0 630.0 469.0 606.0 454.0 586.0 582.0 670.0 525.0 532.0 462.0 603.0
351 559.0 521.0 467.0 580.0 781.0 637.0 627.0 493.0 602.0 488.0 533.0 1002.0 609.0 554.0 521.0 547.0 676.0 527.0 500.0 579.0 493.0 584.0 489.0 602.0 419.0 556.0 604.0 695.0 552.0 494.0 410.0 666.0
354 536.0 525.0 455.0 558.0 824.0 640.0 532.0 406.0 518.0 512.0 478.0 962.0 590.0 544.0 467.0 547.0 639.0 552.0 448.0 574.0 498.0 588.0 498.0 629.0 406.0 561.0 587.0 637.0 520.0 430.0 452.0 630.0
357 521.0 528.0 460.0 620.0 740.0 600.0 574.0 444.0 538.0 491.0 475.0 981.0 574.0 466.0 494.0 557.0 635.0 480.0 452.0 586.0 474.0 561.0 465.0 551.0 448.0 497.0 562.0 632.0 501.0 453.0 448.0 602.0
360 525.0 503.0 475.0 551.0 757.0 599.0 519.0 430.0 506.0 509.0 495.0 965.0 593.0 507.0 456.0 532.0 594.0 507.0 429.0 583.0 473.0 538.0 420.0 507.0 411.0 506.0 551.0 608.0 502.0 439.0 394.0 597.0
363 517.0 461.0 468.0 509.0 777.0 568.0 537.0 383.0 503.0 509.0 463.0 959.0 559.0 497.0 441.0 542.0 599.0 476.0 384.0 584.0 459.0 495.0 446.0 501.0 400.0 482.0 533.0 607.0 501.0 395.0 388.0 533.0
366 466.0 469.0 461.0 518.0 706.0 603.0 487.0 379.0 509.0 505.0 458.0 871.0 571.0 457.0 389.0 518.0 532.0 438.0 357.0 534.0 417.0 464.0 411.0 453.0 368.0 478.0 500.0 560.0 481.0 368.0 356.0 513.0
369 456.0 462.0 411.0 553.0 715.0 558.0 455.0 370.0 486.0 452.0 422.0 863.0 510.0 465.0 396.0 513.0 488.0 474.0 300.0 534.0 399.0 405.0 412.0 513.0 326.0 462.0 474.0 548.0 458.0 361.0 301.0 509.0
372 419.0 419.0 372.0 489.0 685.0 545.0 480.0 288.0 483.0 450.0 377.0 857.0 481.0 433.0 370.0 462.0 459.0 401.0 247.0 530.0 355.0 361.0 357.0 411.0 268.0 413.0 483.0 507.0 387.0 309.0 265.0 490.0
375 399.0 415.0 335.0 488.0 652.0 502.0 432.0 211.0 461.0 423.0 378.0 760.0 462.0 418.0 310.0 445.0 369.0 386.0 187.0 449.0 294.0 271.0 342.0 402.0 225.0 403.0 425.0 429.0 408.0 268.0 200.0 432.0
378 381.0 317.0 270.0 445.0 575.0 468.0 340.0 162.0 390.0 361.0 276.0 776.0 470.0 343.0 260.0 366.0 351.0 343.0 146.0 400.0 211.0 240.0 317.0 378.0 154.0 331.0 346.0 385.0 335.0 179.0 177.0 406.0
381 320.0 278.0 207.0 439.0 563.0 455.0 302.0 97.0 340.0 367.0 210.0 732.0 439.0 282.0 182.0 327.0 258.0 271.0 67.0 362.0 217.0 149.0 274.0 283.0 93.0 287.0 269.0 276.0 292.0 147.0 90.0 341.0
384 245.0 195.0 138.0 406.0 473.0 421.0 228.0 45.0 257.0 275.0 136.0 689.0 368.0 196.0 116.0 268.0 161.0 169.0 57.0 245.0 110.0 75.0 192.0 206.0 58.0 170.0 229.0 185.0 220.0 98.0 53.0 298.0
387 163.0 112.0 76.0 355.0 371.0 342.0 118.0 49.0 196.0 194.0 81.0 599.0 298.0 127.0 59.0 166.0 125.0 109.0 40.0 180.0 56.0 59.0 123.0 123.0 43.0 136.0 134.0 99.0 134.0 47.0 36.0 207.0
390 116.0 85.0 53.0 272.0 313.0 249.0 84.0 42.0 151.0 141.0 62.0 558.0 214.0 83.0 50.0 136.0 81.0 91.0 40.0 125.0 42.0 59.0 88.0 90.0 34.0 90.0 97.0 70.0 86.0 43.0 41.0 131.0
393 80.0 52.0 47.0 226.0 206.0 156.0 66.0 40.0 91.0 80.0 39.0 407.0 128.0 52.0 35.0 80.0 56.0 53.0 41.0 67.0 48.0 55.0 39.0 59.0 32.0 47.0 61.0 77.0 62.0 31.0 24.0 80.0
396 73.0 37.0 36.0 145.0 161.0 105.0 45.0 34.0 54.0 67.0 32.0 333.0 101.0 46.0 48.0 36.0 48.0 44.0 41.0 62.0 38.0 45.0 37.0 58.0 26.0 55.0 53.0 61.0 49.0 34.0 35.0 57.0
399 50.0 50.0 33.0 83.0 95.0 73.0 44.0 46.0 43.0 39.0 34.0 223.0 53.0 38.0 37.0 60.0 57.0 34.0 28.0 57.0 38.0 40.0 48.0 42.0 31.0 44.0 52.0 43.0 36.0 40.0 35.0 50.0
402 36.0 39.0 38.0 49.0 84.0 56.0 49.0 29.0 52.0 49.0 40.0 163.0 57.0 48.0 35.0 40.0 50.0 33.0 36.0 46.0 34.0 44.0 31.0 39.0 28.0 49.0 52.0 42.0 47.0 41.0 26.0 44.0
405 47.0 42.0 28.0 61.0 71.0 55.0 37.0 24.0 42.0 44.0 47.0 88.0 55.0 43.0 30.0 53.0 53.0 34.0 23.0 38.0 42.0 43.0 34.0 45.0 33.0 41.0 40.0 45.0 48.0 32.0 28.0 44.0
408 35.0 48.0 38.0 44.0 53.0 43.0 37.0 29.0 42.0 45.0 35.0 68.0 34.0 35.0 35.0 44.0 42.0 40.0 20.0 52.0 34.0 36.0 33.0 44.0 23.0 23.0 37.0 46.0 33.0 28.0 27.0 50.0
411 32.0 40.0 36.0 42.0 50.0 46.0 38.0 34.0 38.0 30.0 29.0 79.0 51.0 43.0 32.0 27.0 56.0 35.0 26.0 58.0 34.0 34.0 28.0 41.0 27.0 34.0 33.0 51.0 30.0 39.0 23.0 37.0
414 56.0 39.0 27.0 43.0 57.0 54.0 41.0 21.0 41.0 28.0 39.0 63.0 35.0 36.0 21.0 33.0 51.0 24.0 28.0 50.0 41.0 30.0 24.0 53.0 31.0 41.0 46.0 47.0 35.0 35.0 27.0 37.0
417 27.0 45.0 36.0 53.0 53.0 39.0 38.0 19.0 41.0 45.0 29.0 58.0 42.0 40.0 30.0 46.0 52.0 29.0 24.0 42.0 27.0 37.0 31.0 42.0 24.0 29.0 42.0 47.0 20.0 27.0 22.0 39.0
420 29.0 31.0 25.0 39.0 44.0 38.0 36.0 20.0 30.0 43.0 30.0 90.0 36.0 27.0 37.0 35.0 50.0 31.0 28.0 31.0 24.0 29.0 32.0 37.0 23.0 23.0 29.0 40.0 42.0 24.0 34.0 43.0
423 30.0 21.0 27.0 45.0 55.0 37.0 40.0 20.0 30.0 28.0 22.0 66.0 26.0 40.0 27.0 47.0 46.0 27.0 19.0 33.0 32.0 34.0 34.0 43.0 22.0 41.0 29.0 36.0 33.0 16.0 12.0 35.0
426 19.0 26.0 19.0 34.0 57.0 51.0 35.0 25.0 29.0 26.0 25.0 73.0 33.0 30.0 33.0 27.0 33.0 25.0 21.0 32.0 32.0 33.0 28.0 33.0 22.0 25.0 31.0 53.0 34.0 24.0 25.0 39.0
429 33.0 33.0 16.0 46.0 45.0 41.0 30.0 17.0 25.0 42.0 33.0 72.0 36.0 25.0 22.0 29.0 39.0 23.0 21.0 43.0 20.0 28.0 35.0 24.0 22.0 42.0 19.0 34.0 36.0 25.0 17.0 29.0
432 32.0 27.0 24.0 40.0 54.0 33.0 30.0 18.0 34.0 29.0 25.0 58.0 33.0 30.0 22.0 26.0 31.0 38.0 16.0 36.0 28.0 20.0 25.0 29.0 21.0 35.0 30.0 36.0 25.0 29.0 19.0 38.0
435 27.0 30.0 17.0 38.0 38.0 32.0 29.0 10.0 25.0 33.0 18.0 58.0 28.0 21.0 13.0 28.0 32.0 22.0 15.0 30.0 24.0 21.0 25.0 34.0 14.0 32.0 26.0 34.0 30.0 17.0 11.0 32.0
438 24.0 23.0 18.0 21.0 44.0 28.0 32.0 11.0 29.0 29.0 29.0 59.0 25.0 19.0 10.0 27.0 21.0 25.0 4.0 27.0 14.0 12.0 23.0 31.0 16.0 20.0 16.0 30.0 23.0 12.0 12.0 29.0
441 25.0 15.0 7.0 30.0 36.0 39.0 29.0 8.0 25.0 25.0 15.0 49.0 31.0 19.0 12.0 29.0 19.0 13.0 5.0 24.0 18.0 5.0 16.0 23.0 8.0 24.0 23.0 23.0 28.0 11.0 7.0 29.0
444 25.0 13.0 10.0 30.0 43.0 37.0 11.0 6.0 16.0 17.0 15.0 44.0 32.0 18.0 3.0 27.0 18.0 9.0 4.0 16.0 11.0 4.0 13.0 29.0 4.0 21.0 11.0 20.0 13.0 7.0 5.0 26.0
447 16.0 13.0 3.0 34.0 30.0 23.0 13.0 3.0 17.0 24.0 7.0 46.0 26.0 16.0 7.0 21.0 14.0 14.0 3.0 19.0 8.0 6.0 14.0 12.0 4.0 18.0 17.0 14.0 15.0 3.0 3.0 13.0
