150 312282.0 323066.0 338551.0 308020.0 324784.0 330130.0 301234.0 303343.0 330537.0 316758.0 327632.0 328920.0 304372.0 301505.0 313893.0 300905.0 332332.0 287478.0 311121.0 304469.0 290291.0 295455.0 312225.0 308787.0 294694.0 288999.0 354534.0 344560.0 316218.0 313761.0 323720.0 309457.0
153 17886471.0 17865999.0 17867494.0 17859284.0 17868982.0 17853883.0 17872825.0 17866425.0 17864033.0 17866196.0 17867050.0 17859954.0 17872764.0 17869329.0 17865218.0 17862164.0 17872945.0 17867656.0 17868554.0 17870167.0 17862787.0 17873897.0 17850423.0 17870277.0 17857330.0 17872847.0 17846633.0 17869763.0 17858722.0 17866517.0 17874107.0 17885249.0
156 18719581.0 18705880.0 18705850.0 18700283.0 18707669.0 18693939.0 18712450.0 18704575.0 18703985.0 18702721.0 18706416.0 18696945.0 18711866.0 18709721.0 18706619.0 18702922.0 18709005.0 18710839.0 18710026.0 18710973.0 18705275.0 18714338.0 18694540.0 18710376.0 18700748.0 18715241.0 18687614.0 18708133.0 18699341.0 18709320.0 18713857.0 18722135.0
159 19352183.0 19338823.0 19339224.0 19328693.0 19340236.0 19321791.0 19344473.0 19332765.0 19334887.0 19331098.0 19337027.0 19325035.0 19343983.0 19340905.0 19337747.0 19332293.0 19341027.0 19341859.0 19341130.0 19341319.0 19334513.0 19345531.0 19323273.0 19341675.0 19330071.0 19347096.0 19316177.0 19339729.0 19328887.0 19340721.0 19345942.0 19352455.0
162 19679667.0 19669569.0 19669931.0 19658800.0 19669938.0 19652831.0 19675366.0 19663330.0 19665434.0 19661176.0 19668141.0 19655294.0 19674638.0 19671034.0 19668110.0 19663748.0 19671145.0 19672441.0 19672174.0 19671751.0 19665706.0 19676064.0 19653535.0 19671982.0 19660867.0 19677619.0 19646584.0 19670044.0 19660207.0 19671138.0 19675874.0 19682079.0
165 19857794.0 19848434.0 19848597.0 19834376.0 19849265.0 19828008.0 19854843.0 19838790.0 19843402.0 19836755.0 19847084.0 19830200.0 19853714.0 19849624.0 19847441.0 19840115.0 19850195.0 19851167.0 19850625.0 19849866.0 19841988.0 19854496.0 19828717.0 19849747.0 19836496.0 19856534.0 19821358.0 19848168.0 19835927.0 19849729.0 19855020.0 19860250.0
168 19896353.0 19889595.0 19888331.0 19876152.0 19889398.0 19869203.0 19896228.0 19880033.0 19883760.0 19878500.0 19888736.0 19872092.0 19894937.0 19890643.0 19889780.0 19881761.0 19891853.0 19893033.0 19891940.0 19891118.0 19883749.0 19896240.0 19869188.0 19890379.0 19877702.0 19898348.0 19862821.0 19889078.0 19876978.0 19891690.0 19896711.0 19901817.0
171 19942084.0 19935769.0 19934141.0 19920665.0 19935674.0 19911830.0 19942750.0 19923990.0 19930613.0 19921243.0 19935333.0 19915458.0 19942755.0 19937529.0 19936633.0 19927056.0 19938503.0 19940567.0 19938826.0 19937846.0 19928039.0 19943076.0 19912118.0 19937140.0 19920917.0 19944973.0 19903591.0 19934863.0 19919785.0 19938139.0 19943422.0 19948183.0
174 19806213.0 19798300.0 19792850.0 19753751.0 19798081.0 19730429.0 19804341.0 19748530.0 19787368.0 19736594.0 19794820.0 19733353.0 19804720.0 19796166.0 19796741.0 19775181.0 19797155.0 19800264.0 19798170.0 19794828.0 19777183.0 19801447.0 19749655.0 19792212.0 19763533.0 19802191.0 19730457.0 19789468.0 19755045.0 19794977.0 19799961.0 19805975.0
177 18957931.0 18986605.0 18863020.0 18655329.0 18938961.0 18593813.0 18890767.0 18579266.0 18844953.0 18536657.0 18840620.0 18602180.0 18878153.0 18868537.0 18874763.0 18732902.0 18812323.0 18919843.0 18889826.0 18842599.0 18716017.0 18874796.0 18670692.0 18807972.0 18694101.0 18834902.0 18595845.0 18844053.0 18613337.0 18870985.0 18890906.0 18889244.0
180 9541361.0 9830795.0 9528656.0 9681395.0 9817853.0 9647869.0 9664743.0 9452200.0 9702136.0 9308228.0 9684730.0 9656851.0 9727379.0 9791509.0 9858104.0 9995685.0 9528400.0 9986188.0 9817960.0 9682423.0 9907149.0 9739624.0 10000808.0 9516866.0 9975893.0 9501844.0 9714931.0 9608885.0 9553788.0 9706744.0 9686467.0 9550311.0
183 8089890.0 8383078.0 8085916.0 8421679.0 8374193.0 8424317.0 8224875.0 8240598.0 8267634.0 8084536.0 8257386.0 8437869.0 8260161.0 8360148.0 8420089.0 8755738.0 8082220.0 8533627.0 8361559.0 8249569.0 8693092.0 8307608.0 8826796.0 8068020.0 8779278.0 8035727.0 8532296.0 8151409.0 8348787.0 8245424.0 8207632.0 8060616.0
186 983133.0 1093047.0 1005046.0 1039606.0 1100891.0 1069400.0 1021102.0 982557.0 1064133.0 959728.0 1038349.0 1066389.0 1016184.0 1076502.0 1095008.0 1157600.0 987533.0 1122243.0 1080990.0 1034276.0 1130647.0 1064865.0 1178157.0 990460.0 1164176.0 974310.0 1127661.0 1050738.0 1054131.0 1056712.0 1051785.0 988775.0
189 190716.0 217967.0 221960.0 197824.0 219841.0 222375.0 194708.0 185134.0 218722.0 195444.0 213738.0 216048.0 192539.0 198986.0 209762.0 205790.0 207700.0 199531.0 206797.0 193640.0 195059.0 196035.0 222918.0 194796.0 209459.0 184610.0 248008.0 228619.0 220551.0 213737.0 219760.0 192659.0
192 188962.0 210522.0 218736.0 193025.0 208806.0 216264.0 190701.0 185039.0 212158.0 194107.0 209913.0 209722.0 188370.0 186561.0 201683.0 190144.0 209133.0 180883.0 196661.0 187405.0 180045.0 181843.0 204704.0 190374.0 187277.0 180610.0 237752.0 218794.0 211777.0 203484.0 207807.0 185188.0
195 189195.0 210903.0 220678.0 193643.0 208534.0 215712.0 191019.0 184737.0 211532.0 194346.0 210012.0 209992.0 188360.0 188028.0 201297.0 189987.0 207445.0 180380.0 197415.0 186587.0 179250.0 180999.0 204808.0 190286.0 187234.0 179719.0 238206.0 219566.0 212540.0 202833.0 207067.0 184904.0
198 188283.0 210813.0 218997.0 193275.0 208486.0 215626.0 189424.0 184260.0 211671.0 193684.0 210104.0 209458.0 189097.0 187619.0 200425.0 189900.0 209959.0 180765.0 196640.0 187005.0 179164.0 181495.0 204551.0 191146.0 187159.0 180455.0 237200.0 219452.0 211769.0 202872.0 206747.0 185030.0
201 189733.0 211877.0 219895.0 193337.0 208817.0 215875.0 190417.0 183323.0 212124.0 193480.0 209967.0 210660.0 189146.0 188019.0 200925.0 190312.0 206959.0 181164.0 196191.0 187038.0 179321.0 182236.0 204019.0 190394.0 186958.0 180861.0 237884.0 218745.0 211840.0 202880.0 207872.0 184819.0
204 189546.0 210936.0 221581.0 192691.0 209480.0 216239.0 189424.0 184333.0 212796.0 194171.0 210852.0 211099.0 189699.0 189097.0 201557.0 190723.0 211055.0 181896.0 196039.0 186938.0 180315.0 182785.0 204548.0 190055.0 187396.0 179747.0 237570.0 219006.0 212247.0 202475.0 207876.0 183915.0
207 189158.0 210523.0 218511.0 192216.0 209067.0 215432.0 189805.0 183690.0 211879.0 193472.0 210187.0 209754.0 187931.0 187403.0 199724.0 188966.0 207557.0 181039.0 196355.0 186344.0 179421.0 181266.0 204202.0 190131.0 186447.0 178960.0 235761.0 218668.0 211004.0 201366.0 206193.0 183664.0
210 188477.0 210037.0 218247.0 191860.0 208067.0 215647.0 189077.0 183115.0 210470.0 192991.0 208542.0 208634.0 187991.0 186966.0 198909.0 188275.0 207753.0 180308.0 195078.0 185910.0 178174.0 181311.0 203910.0 189314.0 185825.0 179329.0 236069.0 217516.0 211056.0 201366.0 206135.0 183214.0
213 186874.0 209019.0 217851.0 191530.0 207315.0 214238.0 188168.0 182738.0 213533.0 192111.0 208435.0 208757.0 188072.0 185892.0 197944.0 188343.0 205012.0 179312.0 194527.0 185432.0 178439.0 180509.0 202107.0 188044.0 185589.0 178414.0 235096.0 213417.0 210259.0 200495.0 205376.0 182486.0
216 187359.0 208761.0 216986.0 191454.0 207990.0 214914.0 187863.0 182367.0 209282.0 192180.0 208343.0 208202.0 186929.0 186541.0 199648.0 188196.0 206807.0 179572.0 194768.0 184855.0 177449.0 179876.0 202489.0 188484.0 185323.0 178924.0 235080.0 213070.0 209812.0 200655.0 205357.0 182571.0
219 187185.0 208341.0 217460.0 191133.0 206688.0 213146.0 188325.0 182796.0 209743.0 190696.0 208997.0 208046.0 187290.0 185561.0 198549.0 188160.0 205468.0 178974.0 193635.0 183995.0 177171.0 179974.0 201518.0 188642.0 184453.0 177283.0 234721.0 212607.0 209110.0 200008.0 204945.0 181910.0
222 186121.0 207977.0 217091.0 189879.0 205360.0 212066.0 186520.0 181398.0 208568.0 190717.0 206573.0 206300.0 185875.0 185584.0 197804.0 187011.0 207189.0 178540.0 192865.0 183669.0 177493.0 179612.0 201277.0 187209.0 184370.0 177385.0 233418.0 212446.0 207313.0 199103.0 204623.0 180876.0
225 185581.0 207628.0 215727.0 189431.0 204714.0 212399.0 185983.0 181164.0 208162.0 190677.0 206377.0 204753.0 184398.0 184457.0 196334.0 186680.0 203757.0 177475.0 193031.0 183013.0 175543.0 178993.0 200588.0 185403.0 183123.0 175334.0 232493.0 210922.0 206252.0 198627.0 202928.0 180777.0
228 184778.0 207529.0 216050.0 188622.0 204749.0 211920.0 184392.0 180420.0 207366.0 189118.0 205301.0 205289.0 184786.0 184919.0 195707.0 184887.0 203314.0 176228.0 192157.0 183151.0 175071.0 178258.0 199566.0 185232.0 183154.0 174131.0 230958.0 210724.0 205827.0 197553.0 202347.0 179026.0
231 183907.0 205401.0 213839.0 187142.0 203437.0 209096.0 183065.0 178274.0 206746.0 186124.0 203737.0 204484.0 182641.0 183538.0 194018.0 182907.0 202603.0 175088.0 190210.0 181529.0 173210.0 176290.0 198587.0 183260.0 182128.0 166912.0 230437.0 208728.0 202606.0 194617.0 198407.0 176607.0
234 183776.0 201383.0 209813.0 185742.0 201379.0 207284.0 174271.0 172783.0 209217.0 178292.0 200491.0 202118.0 177550.0 181024.0 187874.0 174844.0 195065.0 172479.0 187709.0 179631.0 166230.0 170599.0 196333.0 181771.0 178645.0 146055.0 226538.0 207054.0 191810.0 185124.0 186061.0 163790.0
237 176763.0 187405.0 198114.0 179730.0 197792.0 197116.0 141615.0 151056.0 202605.0 144762.0 183381.0 194580.0 158044.0 173296.0 163266.0 144441.0 171497.0 156844.0 175528.0 170153.0 143028.0 150948.0 189060.0 170428.0 168937.0 101128.0 213806.0 193832.0 154670.0 156407.0 149973.0 135985.0
240 162702.0 154963.0 165021.0 157247.0 184687.0 165469.0 90781.0 108168.0 193951.0 93831.0 141342.0 171122.0 115531.0 150063.0 116824.0 95403.0 123313.0 120721.0 145384.0 146076.0 98763.0 112092.0 164735.0 142410.0 143377.0 55073.0 179683.0 162078.0 101720.0 110742.0 99167.0 94412.0
243 119476.0 94926.0 101329.0 104869.0 144532.0 101719.0 36979.0 52031.0 162275.0 40098.0 74765.0 115854.0 54566.0 99959.0 55734.0 40847.0 59580.0 63509.0 89411.0 97334.0 45646.0 58170.0 110810.0 87912.0 92002.0 21742.0 112390.0 101707.0 44617.0 53870.0 43733.0 46364.0
246 62239.0 40007.0 42634.0 46454.0 81687.0 42563.0 15378.0 19341.0 102662.0 16440.0 28380.0 53775.0 19979.0 44960.0 20979.0 15932.0 22399.0 23586.0 39153.0 44987.0 17394.0 22087.0 51932.0 36937.0 41362.0 11429.0 48552.0 42209.0 17128.0 20920.0 17420.0 18546.0
249 25161.0 17238.0 18316.0 18583.0 34263.0 18558.0 10720.0 11666.0 43911.0 11606.0 14706.0 21846.0 11568.0 17683.0 12543.0 10887.0 13278.0 12099.0 17380.0 18303.0 10489.0 11751.0 20751.0 15922.0 17392.0 9030.0 20196.0 17361.0 11854.0 12219.0 12029.0 10799.0
252 13669.0 12194.0 13217.0 12269.0 16502.0 13403.0 9161.0 9577.0 18589.0 9831.0 12106.0 13719.0 9778.0 11809.0 10458.0 9292.0 10748.0 9616.0 12056.0 11568.0 9078.0 9605.0 13081.0 11529.0 11536.0 8187.0 14420.0 12778.0 9962.0 10141.0 9985.0 9254.0
255 11233.0 10456.0 11200.0 10451.0 12096.0 11274.0 8406.0 8492.0 13614.0 8987.0 10557.0 11384.0 8578.0 9895.0 9170.0 8142.0 9546.0 8466.0 10247.0 9965.0 7854.0 8362.0 11254.0 9905.0 9818.0 7590.0 11994.0 10936.0 8893.0 9042.0 9099.0 8348.0
258 9379.0 9290.0 9853.0 9055.0 10314.0 9966.0 7915.0 7654.0 11329.0 8058.0 9669.0 9973.0 8155.0 8583.0 8315.0 7457.0 8656.0 7440.0 9188.0 8708.0 7177.0 7611.0 9906.0 8770.0 8544.0 7124.0 10815.0 9378.0 8429.0 8392.0 8437.0 7561.0
261 8435.0 8726.0 9424.0 8443.0 9397.0 9490.0 7786.0 7577.0 10080.0 7891.0 9043.0 9133.0 7694.0 8284.0 8193.0 7368.0 8408.0 7128.0 8713.0 7926.0 6877.0 7353.0 9313.0 8279.0 8054.0 7038.0 10222.0 9061.0 8301.0 7965.0 8403.0 7316.0
264 8056.0 8651.0 9092.0 8313.0 8898.0 9268.0 7551.0 7275.0 9758.0 7875.0 8989.0 9104.0 7627.0 7919.0 7883.0 7196.0 8337.0 7008.0 8435.0 7701.0 6925.0 7282.0 8889.0 8241.0 7597.0 6791.0 9641.0 8863.0 7992.0 7773.0 8023.0 7182.0
267 8015.0 8529.0 9010.0 8203.0 8632.0 8985.0 7392.0 7429.0 9440.0 7619.0 8865.0 8833.0 7420.0 7789.0 7898.0 7204.0 8167.0 6974.0 8418.0 7763.0 6888.0 7007.0 8889.0 8064.0 7751.0 6740.0 9678.0 8737.0 7996.0 7747.0 8199.0 7150.0
270 7848.0 8190.0 8956.0 8017.0 8561.0 9185.0 7206.0 7266.0 9431.0 7705.0 8731.0 8661.0 7431.0 7863.0 7925.0 7063.0 8145.0 6827.0 8251.0 7579.0 6687.0 7198.0 8784.0 7929.0 7630.0 6717.0 9442.0 8746.0 7939.0 7699.0 8036.0 7131.0
273 7906.0 8127.0 8822.0 7947.0 8487.0 8872.0 7208.0 7082.0 9316.0 7630.0 8541.0 8445.0 7271.0 7684.0 7624.0 7133.0 8126.0 6750.0 8110.0 7524.0 6634.0 7016.0 8465.0 7902.0 7399.0 6714.0 9419.0 8793.0 7566.0 7579.0 7797.0 6944.0
276 7700.0 8220.0 8921.0 7808.0 8302.0 8810.0 7139.0 6826.0 9084.0 7484.0 8764.0 8484.0 7147.0 7592.0 7467.0 7049.0 7822.0 6623.0 8116.0 7293.0 6544.0 6958.0 8430.0 7826.0 7444.0 6507.0 9477.0 8634.0 7660.0 7602.0 7644.0 6894.0
279 7415.0 8049.0 8527.0 7700.0 8348.0 8705.0 7044.0 6907.0 9103.0 7369.0 8592.0 8503.0 7221.0 7513.0 7456.0 6868.0 7811.0 6761.0 7785.0 7313.0 6367.0 6696.0 8465.0 7784.0 7353.0 6390.0 9147.0 8516.0 7516.0 7505.0 7704.0 7023.0
282 7490.0 7877.0 8517.0 7780.0 8164.0 8659.0 6824.0 6883.0 8852.0 7095.0 8209.0 8263.0 6815.0 7415.0 7286.0 6575.0 7535.0 6656.0 7719.0 7223.0 6389.0 6889.0 8416.0 7376.0 7164.0 6349.0 8977.0 8111.0 7292.0 7231.0 7417.0 6771.0
285 7443.0 7857.0 8380.0 7578.0 8059.0 8512.0 6801.0 6615.0 8689.0 7088.0 8281.0 8210.0 6962.0 7520.0 7311.0 6543.0 7473.0 6452.0 7706.0 7241.0 6256.0 6608.0 8212.0 7254.0 6999.0 6217.0 9003.0 8029.0 7268.0 7038.0 7457.0 6569.0
288 7326.0 7751.0 8361.0 7411.0 8111.0 8245.0 6723.0 6366.0 8627.0 7135.0 8037.0 8024.0 6669.0 7177.0 7256.0 6391.0 7458.0 6288.0 7743.0 6992.0 6163.0 6422.0 7969.0 7324.0 6818.0 5962.0 8658.0 7935.0 7236.0 6952.0 7310.0 6613.0
291 7081.0 7371.0 8018.0 7355.0 7865.0 8086.0 6479.0 6392.0 8361.0 6829.0 7979.0 7781.0 6630.0 7029.0 6995.0 6487.0 7251.0 6269.0 7523.0 6726.0 5957.0 6274.0 8117.0 7046.0 6778.0 5930.0 8720.0 7537.0 7038.0 6898.0 7149.0 6204.0
294 6866.0 7329.0 7745.0 7182.0 7688.0 8085.0 6419.0 6314.0 8404.0 6757.0 7789.0 7640.0 6426.0 7053.0 6813.0 6297.0 6963.0 6138.0 7310.0 6718.0 5993.0 6226.0 7708.0 7067.0 6778.0 5669.0 8453.0 7703.0 6859.0 6602.0 6894.0 6172.0
297 7113.0 7121.0 7743.0 6890.0 7416.0 7956.0 6151.0 6174.0 8187.0 6533.0 7627.0 7578.0 6390.0 6751.0 6586.0 5907.0 6983.0 5988.0 7090.0 6724.0 5632.0 6138.0 7615.0 6918.0 6498.0 5417.0 8251.0 7395.0 6554.0 6403.0 6694.0 6129.0
300 6741.0 6996.0 7497.0 6862.0 7483.0 7603.0 6118.0 5973.0 8059.0 6224.0 7584.0 7468.0 6070.0 6777.0 6270.0 5623.0 6634.0 5802.0 6991.0 6532.0 5475.0 5962.0 7534.0 6716.0 6516.0 4706.0 8129.0 7387.0 6481.0 6177.0 6223.0 5827.0
303 6601.0 6716.0 7303.0 6639.0 7242.0 7412.0 5254.0 5690.0 7941.0 5911.0 7240.0 7206.0 5904.0 6519.0 5907.0 5156.0 6199.0 5455.0 6663.0 6231.0 5146.0 5589.0 7340.0 6576.0 6194.0 3772.0 7842.0 7003.0 5818.0 5691.0 5534.0 5265.0
306 6369.0 6295.0 6792.0 6454.0 7226.0 6964.0 4479.0 5157.0 7794.0 5023.0 6744.0 6854.0 5308.0 6354.0 5369.0 4479.0 5774.0 4990.0 6496.0 6079.0 4342.0 4967.0 6987.0 6195.0 5697.0 2842.0 7484.0 6762.0 4863.0 4869.0 4805.0 4463.0
309 6189.0 5338.0 6018.0 5960.0 6650.0 6313.0 3163.0 4185.0 7600.0 3858.0 5842.0 6510.0 4305.0 5882.0 4008.0 3194.0 4740.0 4110.0 5569.0 5483.0 3295.0 3959.0 6199.0 5634.0 5134.0 1750.0 6579.0 6180.0 3693.0 3796.0 3321.0 3468.0
312 5642.0 4239.0 5013.0 5232.0 6246.0 5183.0 1876.0 2971.0 6965.0 2453.0 4486.0 5670.0 2960.0 4865.0 2869.0 1892.0 3359.0 2828.0 4678.0 4640.0 2222.0 2925.0 5478.0 4639.0 4317.0 954.0 5265.0 5003.0 2376.0 2530.0 2116.0 2546.0
315 4859.0 2809.0 3520.0 3776.0 5231.0 3621.0 974.0 1945.0 6444.0 1421.0 2799.0 4426.0 1699.0 3679.0 1610.0 1061.0 1966.0 1650.0 3265.0 3519.0 1207.0 1739.0 3880.0 3346.0 2963.0 589.0 3890.0 3839.0 1213.0 1505.0 1114.0 1531.0
318 3566.0 1639.0 2125.0 2414.0 3782.0 2166.0 643.0 959.0 5263.0 750.0 1493.0 2965.0 851.0 2208.0 881.0 576.0 1055.0 918.0 1999.0 2231.0 615.0 915.0 2403.0 2020.0 1764.0 503.0 2273.0 2249.0 739.0 851.0 695.0 839.0
321 2109.0 911.0 1213.0 1350.0 2396.0 1243.0 486.0 598.0 3887.0 560.0 894.0 1773.0 584.0 1199.0 572.0 523.0 644.0 593.0 1180.0 1254.0 492.0 558.0 1395.0 1091.0 985.0 416.0 1215.0 1171.0 573.0 570.0 541.0 545.0
324 1216.0 588.0 707.0 786.0 1302.0 742.0 408.0 543.0 2176.0 500.0 636.0 985.0 511.0 731.0 511.0 435.0 567.0 447.0 759.0 772.0 425.0 483.0 802.0 683.0 676.0 410.0 799.0 735.0 500.0 467.0 498.0 512.0
327 697.0 566.0 621.0 586.0 797.0 658.0 422.0 465.0 1239.0 454.0 559.0 690.0 474.0 550.0 446.0 355.0 499.0 382.0 598.0 544.0 401.0 423.0 645.0 555.0 535.0 395.0 660.0 575.0 513.0 421.0 460.0 438.0
330 562.0 494.0 567.0 545.0 622.0 576.0 457.0 430.0 823.0 427.0 582.0 599.0 426.0 509.0 444.0 389.0 496.0 388.0 520.0 430.0 348.0 402.0 566.0 539.0 431.0 346.0 643.0 560.0 507.0 470.0 457.0 433.0
333 555.0 454.0 551.0 506.0 559.0 546.0 400.0 434.0 706.0 419.0 568.0 503.0 405.0 453.0 423.0 377.0 451.0 366.0 491.0 454.0 375.0 415.0 536.0 528.0 450.0 354.0 548.0 536.0 429.0 397.0 453.0 370.0
336 508.0 465.0 548.0 506.0 556.0 515.0 408.0 416.0 605.0 467.0 536.0 524.0 432.0 453.0 458.0 381.0 487.0 369.0 490.0 437.0 353.0 408.0 523.0 471.0 428.0 369.0 564.0 503.0 452.0 415.0 426.0 426.0
339 487.0 444.0 461.0 478.0 474.0 533.0 384.0 420.0 542.0 454.0 513.0 443.0 416.0 446.0 455.0 353.0 399.0 349.0 458.0 417.0 360.0 374.0 521.0 460.0 415.0 339.0 563.0 509.0 417.0 397.0 378.0 388.0
342 471.0 451.0 499.0 458.0 502.0 485.0 387.0 416.0 554.0 417.0 537.0 507.0 380.0 433.0 438.0 336.0 414.0 344.0 448.0 432.0 350.0 372.0 508.0 441.0 445.0 337.0 552.0 477.0 442.0 391.0 436.0 370.0
345 437.0 412.0 463.0 430.0 475.0 502.0 365.0 358.0 623.0 441.0 497.0 494.0 372.0 427.0 407.0 359.0 413.0 385.0 464.0 441.0 320.0 372.0 529.0 454.0 417.0 337.0 547.0 421.0 397.0 390.0 407.0 381.0
348 470.0 416.0 451.0 461.0 476.0 467.0 366.0 346.0 555.0 384.0 499.0 462.0 366.0 468.0 404.0 348.0 417.0 387.0 450.0 445.0 325.0 373.0 488.0 398.0 391.0 323.0 523.0 468.0 417.0 397.0 440.0 357.0
351 427.0 402.0 456.0 423.0 459.0 469.0 364.0 366.0 544.0 366.0 480.0 458.0 358.0 422.0 382.0 367.0 427.0 356.0 460.0 395.0 326.0 361.0 486.0 425.0 352.0 310.0 505.0 440.0 416.0 351.0 377.0 369.0
354 423.0 363.0 470.0 411.0 453.0 456.0 295.0 350.0 501.0 380.0 441.0 486.0 359.0 410.0 359.0 349.0 383.0 335.0 410.0 392.0 314.0 348.0 496.0 389.0 357.0 269.0 480.0 429.0 388.0 378.0 356.0 332.0
357 422.0 419.0 443.0 384.0 479.0 482.0 333.0 347.0 524.0 334.0 440.0 412.0 353.0 361.0 374.0 326.0 365.0 334.0 418.0 382.0 327.0 329.0 443.0 414.0 377.0 281.0 469.0 414.0 369.0 365.0 350.0 334.0
360 394.0 378.0 420.0 379.0 479.0 465.0 302.0 352.0 504.0 326.0 460.0 431.0 333.0 451.0 326.0 288.0 344.0 284.0 420.0 379.0 301.0 305.0 430.0 417.0 341.0 255.0 518.0 383.0 363.0 318.0 348.0 332.0
363 389.0 383.0 423.0 396.0 398.0 463.0 265.0 361.0 506.0 345.0 424.0 439.0 347.0 376.0 340.0 339.0 364.0 311.0 421.0 366.0 296.0 363.0 399.0 394.0 310.0 252.0 470.0 407.0 402.0 330.0 341.0 327.0
366 392.0 384.0 466.0 366.0 365.0 452.0 289.0 292.0 514.0 306.0 429.0 388.0 299.0 373.0 298.0 293.0 340.0 288.0 374.0 346.0 272.0 306.0 409.0 367.0 359.0 200.0 440.0 394.0 334.0 268.0 298.0 311.0
369 389.0 313.0 391.0 379.0 400.0 409.0 266.0 316.0 453.0 290.0 401.0 416.0 303.0 378.0 289.0 221.0 351.0 271.0 373.0 321.0 250.0 288.0 423.0 370.0 348.0 145.0 402.0 392.0 277.0 293.0 270.0 283.0
372 385.0 351.0 421.0 352.0 395.0 398.0 203.0 290.0 440.0 234.0 403.0 396.0 247.0 336.0 246.0 200.0 307.0 232.0 380.0 327.0 199.0 285.0 396.0 397.0 331.0 120.0 389.0 346.0 276.0 245.0 214.0 238.0
375 361.0 312.0 362.0 329.0 359.0 329.0 163.0 237.0 477.0 217.0 327.0 387.0 225.0 319.0 216.0 154.0 227.0 214.0 321.0 312.0 164.0 226.0 355.0 315.0 256.0 94.0 343.0 332.0 171.0 206.0 190.0 212.0
378 342.0 242.0 306.0 310.0 356.0 326.0 144.0 173.0 418.0 181.0 278.0 354.0 184.0 329.0 190.0 124.0 195.0 190.0 313.0 274.0 133.0 165.0 354.0 291.0 250.0 61.0 333.0 276.0 164.0 148.0 133.0 154.0
381 320.0 185.0 253.0 263.0 325.0 267.0 103.0 157.0 405.0 123.0 207.0 282.0 136.0 253.0 140.0 78.0 166.0 123.0 254.0 252.0 101.0 134.0 292.0 246.0 177.0 51.0 277.0 249.0 98.0 101.0 82.0 106.0
384 263.0 126.0 237.0 224.0 274.0 220.0 43.0 112.0 400.0 73.0 172.0 246.0 85.0 214.0 77.0 37.0 109.0 67.0 200.0 189.0 58.0 93.0 212.0 184.0 170.0 35.0 224.0 183.0 55.0 72.0 54.0 86.0
387 187.0 87.0 151.0 170.0 214.0 133.0 25.0 60.0 330.0 49.0 115.0 190.0 58.0 158.0 53.0 38.0 55.0 46.0 153.0 140.0 35.0 44.0 159.0 139.0 102.0 24.0 145.0 131.0 56.0 43.0 33.0 53.0
390 146.0 52.0 70.0 87.0 181.0 90.0 30.0 45.0 262.0 45.0 65.0 119.0 32.0 105.0 35.0 26.0 46.0 42.0 89.0 93.0 19.0 41.0 119.0 83.0 74.0 27.0 89.0 111.0 36.0 34.0 36.0 35.0
393 128.0 30.0 55.0 64.0 102.0 57.0 22.0 48.0 216.0 34.0 53.0 75.0 25.0 58.0 31.0 20.0 30.0 32.0 65.0 58.0 27.0 35.0 88.0 68.0 36.0 24.0 69.0 54.0 31.0 27.0 32.0 33.0
396 70.0 31.0 41.0 46.0 79.0 48.0 18.0 16.0 153.0 38.0 48.0 67.0 28.0 43.0 30.0 28.0 21.0 21.0 33.0 42.0 26.0 20.0 56.0 36.0 31.0 19.0 44.0 62.0 26.0 31.0 32.0 23.0
399 48.0 36.0 34.0 29.0 44.0 29.0 23.0 33.0 99.0 32.0 36.0 44.0 33.0 37.0 25.0 25.0 38.0 24.0 36.0 33.0 28.0 27.0 37.0 34.0 37.0 17.0 53.0 33.0 37.0 22.0 27.0 33.0
402 45.0 38.0 49.0 41.0 41.0 45.0 17.0 31.0 82.0 17.0 29.0 38.0 30.0 25.0 35.0 26.0 30.0 32.0 34.0 42.0 25.0 39.0 40.0 29.0 30.0 22.0 38.0 31.0 42.0 31.0 25.0 25.0
405 44.0 31.0 40.0 24.0 48.0 38.0 27.0 33.0 43.0 30.0 40.0 40.0 13.0 41.0 25.0 17.0 37.0 18.0 28.0 32.0 20.0 25.0 31.0 29.0 33.0 21.0 35.0 42.0 35.0 26.0 33.0 20.0
408 36.0 20.0 21.0 35.0 29.0 25.0 20.0 22.0 43.0 25.0 41.0 35.0 28.0 40.0 20.0 21.0 25.0 19.0 32.0 27.0 26.0 24.0 33.0 26.0 29.0 18.0 44.0 24.0 24.0 23.0 30.0 26.0
411 41.0 29.0 31.0 31.0 35.0 40.0 28.0 19.0 50.0 29.0 32.0 28.0 21.0 38.0 21.0 27.0 35.0 16.0 39.0 32.0 23.0 25.0 39.0 22.0 27.0 16.0 32.0 37.0 35.0 34.0 30.0 28.0
414 30.0 34.0 33.0 45.0 35.0 40.0 20.0 28.0 45.0 22.0 29.0 33.0 24.0 26.0 29.0 23.0 28.0 23.0 34.0 29.0 15.0 26.0 41.0 31.0 26.0 18.0 27.0 31.0 23.0 21.0 23.0 27.0
417 31.0 32.0 28.0 39.0 25.0 30.0 21.0 17.0 41.0 20.0 29.0 38.0 29.0 27.0 17.0 22.0 27.0 16.0 22.0 19.0 26.0 21.0 34.0 25.0 22.0 16.0 37.0 34.0 20.0 25.0 26.0 24.0
420 35.0 24.0 31.0 30.0 37.0 29.0 25.0 14.0 35.0 25.0 34.0 28.0 13.0 33.0 28.0 16.0 26.0 19.0 35.0 27.0 16.0 20.0 29.0 28.0 33.0 12.0 30.0 35.0 28.0 32.0 26.0 21.0
423 35.0 21.0 30.0 32.0 26.0 27.0 25.0 25.0 31.0 24.0 23.0 31.0 13.0 27.0 32.0 18.0 25.0 20.0 25.0 19.0 19.0 20.0 32.0 29.0 25.0 16.0 27.0 40.0 21.0 27.0 29.0 29.0
426 25.0 24.0 23.0 27.0 19.0 28.0 18.0 17.0 34.0 15.0 22.0 35.0 24.0 31.0 27.0 24.0 30.0 13.0 33.0 26.0 14.0 21.0 28.0 43.0 15.0 14.0 28.0 34.0 22.0 24.0 25.0 24.0
429 32.0 28.0 23.0 24.0 21.0 30.0 14.0 25.0 39.0 24.0 20.0 25.0 23.0 27.0 23.0 13.0 20.0 19.0 31.0 21.0 27.0 19.0 23.0 22.0 17.0 12.0 35.0 35.0 21.0 20.0 15.0 15.0
432 27.0 25.0 24.0 33.0 25.0 26.0 13.0 31.0 39.0 19.0 28.0 38.0 19.0 23.0 10.0 14.0 27.0 23.0 36.0 23.0 14.0 19.0 28.0 19.0 30.0 7.0 26.0 27.0 20.0 14.0 15.0 28.0
435 35.0 20.0 25.0 28.0 25.0 15.0 15.0 19.0 33.0 26.0 30.0 22.0 15.0 25.0 13.0 12.0 16.0 13.0 17.0 23.0 15.0 9.0 24.0 33.0 22.0 10.0 31.0 22.0 13.0 11.0 15.0 12.0
438 25.0 12.0 17.0 24.0 26.0 15.0 13.0 15.0 23.0 13.0 31.0 20.0 12.0 14.0 14.0 13.0 15.0 13.0 20.0 22.0 8.0 14.0 23.0 22.0 21.0 8.0 34.0 20.0 10.0 7.0 10.0 18.0
441 26.0 17.0 21.0 25.0 28.0 22.0 11.0 16.0 21.0 16.0 22.0 21.0 14.0 22.0 17.0 10.0 16.0 9.0 18.0 12.0 10.0 13.0 19.0 16.0 11.0 4.0 27.0 20.0 11.0 9.0 7.0 11.0
444 22.0 6.0 13.0 24.0 17.0 18.0 6.0 8.0 41.0 8.0 16.0 25.0 10.0 17.0 12.0 4.0 9.0 7.0 16.0 13.0 4.0 12.0 17.0 25.0 10.0 3.0 16.0 13.0 7.0 8.0 9.0 9.0
447 24.0 9.0 8.0 9.0 17.0 13.0 2.0 10.0 24.0 12.0 5.0 20.0 8.0 17.0 5.0 7.0 6.0 4.0 13.0 17.0 8.0 3.0 16.0 12.0 7.0 4.0 14.0 20.0 9.0 1.0 2.0 5.0
