150 213011.0 174138.0 204780.0 230502.0 108080.0 480864.0 108001.0 149892.0 197938.0 178176.0 150799.0 140062.0 206030.0 167593.0 144222.0 107861.0 195062.0 126677.0 73913.0 137904.0 194838.0 163250.0 184483.0 160634.0 125546.0 167314.0 237256.0 85213.0 187969.0 106491.0 130641.0 117262.0
153 294189.0 272427.0 299394.0 306993.0 270601.0 618464.0 271065.0 282711.0 328851.0 284266.0 290538.0 278803.0 310983.0 278441.0 311572.0 313683.0 301887.0 285169.0 241502.0 301778.0 288190.0 275332.0 300154.0 316473.0 299743.0 317662.0 363117.0 251620.0 296201.0 260862.0 272551.0 286812.0
156 16712535.0 16688593.0 16687505.0 16641849.0 16693755.0 16599545.0 16668686.0 16641785.0 16663111.0 16634725.0 16668563.0 16643146.0 16664310.0 16676226.0 16675771.0 16626773.0 16677686.0 16667233.0 16674380.0 16658819.0 16633570.0 16664539.0 16630030.0 16653188.0 16625632.0 16669840.0 16607033.0 16650547.0 16631065.0 16659723.0 16673875.0 16668319.0
159 18511151.0 18502188.0 18495905.0 18462400.0 18500852.0 18385173.0 18487050.0 18466817.0 18475429.0 18463725.0 18484581.0 18468298.0 18478392.0 18490340.0 18481674.0 18448466.0 18487315.0 18483945.0 18490559.0 18477909.0 18463469.0 18485891.0 18459198.0 18474744.0 18454839.0 18483123.0 18435219.0 18480981.0 18459625.0 18485914.0 18493764.0 18487888.0
162 18842491.0 18831014.0 18825264.0 18792886.0 18829624.0 18714074.0 18816662.0 18799215.0 18804816.0 18794052.0 18816354.0 18799381.0 18808309.0 18820012.0 18812225.0 18778129.0 18819334.0 18814955.0 18820961.0 18810031.0 18795581.0 18818742.0 18791136.0 18807735.0 18786509.0 18817141.0 18767102.0 18813550.0 18792228.0 18819240.0 18828280.0 18821199.0
165 19093830.0 19085063.0 19080077.0 19050794.0 19085904.0 18973903.0 19074265.0 19058578.0 19060799.0 19052334.0 19074534.0 19058864.0 19064920.0 19072486.0 19066081.0 19040238.0 19074585.0 19072123.0 19076453.0 19067646.0 19056204.0 19075062.0 19052054.0 19067588.0 19048536.0 19077205.0 19028203.0 19072626.0 19053996.0 19076914.0 19086320.0 19079826.0
168 19329745.0 19323282.0 19318250.0 19290088.0 19325487.0 19210763.0 19314769.0 19297378.0 19300819.0 19291097.0 19314408.0 19297720.0 19304973.0 19313458.0 19308519.0 19277746.0 19315078.0 19313772.0 19317507.0 19308698.0 19293977.0 19316367.0 19289707.0 19308995.0 19286553.0 19317660.0 19266046.0 19313717.0 19292142.0 19317369.0 19326279.0 19319185.0
171 19639510.0 19633555.0 19629965.0 19603429.0 19640897.0 19527364.0 19629781.0 19609884.0 19615372.0 19601380.0 19629103.0 19609143.0 19619705.0 19625025.0 19623656.0 19590664.0 19629030.0 19629511.0 19633857.0 19625135.0 19604360.0 19629916.0 19600994.0 19624712.0 19598261.0 19633640.0 19576908.0 19629942.0 19603608.0 19632490.0 19640453.0 19634270.0
174 19734870.0 19727507.0 19724471.0 19694173.0 19739586.0 19621708.0 19726103.0 19702651.0 19710724.0 19693583.0 19725097.0 19702583.0 19714535.0 19718416.0 19719247.0 19686754.0 19724759.0 19725386.0 19731651.0 19721290.0 19696768.0 19724621.0 19693473.0 19720499.0 19692456.0 19729950.0 19668658.0 19725562.0 19696402.0 19727966.0 19736383.0 19731770.0
177 19719487.0 19709724.0 19707631.0 19662582.0 19723836.0 19576360.0 19709639.0 19677116.0 19692747.0 19665517.0 19708580.0 19679010.0 19696807.0 19701249.0 19705200.0 19667859.0 19710208.0 19709272.0 19717972.0 19705508.0 19671701.0 19707398.0 19667706.0 19702482.0 19671108.0 19712700.0 19641899.0 19706956.0 19672842.0 19709427.0 19718134.0 19715252.0
180 19526664.0 19509660.0 19490994.0 19259176.0 19490679.0 19080910.0 19468802.0 19283284.0 19447707.0 19287705.0 19437312.0 19312557.0 19433430.0 19457911.0 19459887.0 19350250.0 19457407.0 19429751.0 19472809.0 19436133.0 19310163.0 19441890.0 19281058.0 19419116.0 19328470.0 19417313.0 19277876.0 19425894.0 19313909.0 19428578.0 19434396.0 19443148.0
183 11182473.0 11149215.0 10762686.0 9589022.0 10416124.0 9439424.0 10523145.0 9504713.0 10588204.0 9828419.0 10086247.0 9692526.0 10302190.0 10585373.0 10438437.0 10228694.0 10311173.0 10071838.0 10549444.0 10291747.0 9702660.0 10407725.0 9453728.0 10134753.0 9814210.0 9927694.0 9913595.0 10420055.0 9609927.0 10371391.0 10281214.0 10657140.0
186 6919253.0 6969298.0 6943666.0 6651731.0 6817877.0 6674643.0 6935162.0 6641256.0 7064066.0 6990107.0 6718386.0 6824527.0 6921033.0 7124524.0 7037319.0 7290408.0 6925847.0 6730929.0 7080914.0 6913231.0 6809534.0 6997927.0 6605920.0 6779102.0 6931043.0 6561995.0 7049317.0 6965849.0 6718076.0 6919046.0 6794750.0 7005942.0
189 1965782.0 2003354.0 2005890.0 1899021.0 1890013.0 2104974.0 1997899.0 1877043.0 2135086.0 2092969.0 1878142.0 1982132.0 2023481.0 2133251.0 2077667.0 2317106.0 2004318.0 1896681.0 2069024.0 2011586.0 2004194.0 2075880.0 1906348.0 1947645.0 2084576.0 1814316.0 2223351.0 2054375.0 1987053.0 2010711.0 1922263.0 2033779.0
192 241933.0 237640.0 258537.0 259803.0 244319.0 553023.0 257214.0 243410.0 309547.0 256309.0 248435.0 241770.0 270612.0 254717.0 280791.0 332155.0 254917.0 248581.0 250784.0 273638.0 248744.0 254952.0 259126.0 277628.0 280605.0 262981.0 340263.0 261358.0 260435.0 250297.0 239549.0 274149.0
195 237866.0 232219.0 252970.0 257479.0 243523.0 552157.0 255383.0 241509.0 291334.0 244863.0 247216.0 236131.0 263023.0 236469.0 271626.0 311557.0 248676.0 246675.0 241579.0 267203.0 241106.0 234804.0 255069.0 272186.0 272279.0 261319.0 322656.0 246404.0 253053.0 237925.0 231105.0 264486.0
198 238567.0 232034.0 253292.0 257203.0 244301.0 543660.0 253412.0 242842.0 288331.0 243453.0 248184.0 236590.0 263646.0 237134.0 271850.0 312272.0 248813.0 247676.0 240699.0 267136.0 241995.0 234318.0 256093.0 276379.0 272138.0 261703.0 321768.0 246236.0 251879.0 237426.0 231004.0 263421.0
201 240253.0 232627.0 254527.0 258298.0 244234.0 545461.0 256046.0 242785.0 289115.0 245072.0 247591.0 236990.0 263675.0 237845.0 272731.0 312140.0 248991.0 247972.0 242056.0 267467.0 242601.0 235649.0 256727.0 275730.0 272942.0 261007.0 317645.0 245800.0 253081.0 237561.0 231638.0 264583.0
204 241168.0 233358.0 253606.0 258017.0 244031.0 545650.0 255690.0 242967.0 291828.0 245583.0 248270.0 237530.0 264471.0 237743.0 275529.0 312689.0 249280.0 247833.0 242177.0 267810.0 241963.0 236110.0 256088.0 276971.0 273141.0 262169.0 319131.0 245614.0 253700.0 237610.0 232486.0 263945.0
207 239394.0 233404.0 254196.0 258532.0 243972.0 550203.0 251847.0 241507.0 291737.0 245395.0 247872.0 238144.0 263374.0 238058.0 274951.0 311376.0 249899.0 247474.0 241745.0 267506.0 243242.0 236034.0 256816.0 276240.0 272281.0 260533.0 319539.0 246207.0 252589.0 237507.0 231759.0 264372.0
210 238515.0 233019.0 253894.0 258020.0 243736.0 542655.0 254078.0 241503.0 291206.0 244825.0 246620.0 236593.0 263115.0 237232.0 273179.0 310223.0 247842.0 246703.0 240276.0 265557.0 242709.0 234827.0 255815.0 273968.0 273087.0 260936.0 317430.0 244896.0 251848.0 237353.0 230696.0 264114.0
213 237870.0 232525.0 253858.0 255613.0 243152.0 542094.0 253964.0 240175.0 290259.0 244628.0 246591.0 236511.0 263078.0 237158.0 275258.0 309731.0 248708.0 246524.0 240370.0 265461.0 241802.0 234348.0 255762.0 273431.0 272653.0 260238.0 316146.0 244407.0 252029.0 236685.0 230749.0 262813.0
216 237038.0 232480.0 252548.0 257543.0 242413.0 541289.0 254902.0 240683.0 290302.0 244436.0 246101.0 236786.0 263262.0 235866.0 274044.0 310070.0 249081.0 246224.0 237663.0 265816.0 240824.0 234274.0 253966.0 274118.0 271733.0 260501.0 317198.0 244486.0 251378.0 236913.0 230129.0 263118.0
219 238421.0 231885.0 252717.0 257157.0 242317.0 536071.0 255462.0 241177.0 289771.0 243671.0 246805.0 236540.0 262796.0 236142.0 273861.0 309921.0 248531.0 245953.0 238071.0 266156.0 240261.0 233902.0 253559.0 273812.0 271470.0 259924.0 315935.0 244750.0 251406.0 236632.0 230784.0 263543.0
222 237550.0 232072.0 252563.0 255526.0 241654.0 531959.0 253571.0 239863.0 288776.0 243302.0 244732.0 236186.0 261803.0 235295.0 272639.0 307985.0 246270.0 245753.0 236329.0 265014.0 240565.0 233086.0 253070.0 270943.0 269580.0 258012.0 319935.0 243113.0 250391.0 234757.0 229949.0 261700.0
225 238446.0 231504.0 250511.0 254562.0 240181.0 529230.0 250689.0 238939.0 288161.0 242392.0 244852.0 234464.0 261633.0 234661.0 271468.0 307444.0 246512.0 243725.0 236093.0 264253.0 239102.0 233634.0 251981.0 268172.0 269414.0 256961.0 319249.0 242676.0 250778.0 235379.0 228608.0 260342.0
228 236476.0 228756.0 251817.0 253550.0 238757.0 526653.0 247809.0 238124.0 286817.0 241627.0 242861.0 233235.0 259510.0 233742.0 270956.0 306769.0 244513.0 243659.0 235113.0 263570.0 238453.0 231548.0 251589.0 268650.0 267585.0 255843.0 317229.0 241720.0 248605.0 233720.0 227770.0 259644.0
231 236097.0 229279.0 249967.0 253070.0 233790.0 525761.0 243608.0 236828.0 286639.0 241333.0 241565.0 232066.0 259305.0 233436.0 267697.0 306570.0 243520.0 241717.0 232365.0 261032.0 237521.0 230785.0 249617.0 266393.0 266597.0 255578.0 315138.0 239723.0 247461.0 232939.0 226973.0 257434.0
234 234656.0 226816.0 247437.0 251840.0 212720.0 522447.0 241744.0 231856.0 283795.0 239166.0 237098.0 229176.0 253946.0 231985.0 266391.0 300034.0 241801.0 232190.0 223831.0 256412.0 236667.0 230485.0 245751.0 263222.0 263092.0 243155.0 313855.0 234962.0 245335.0 228393.0 221127.0 252581.0
237 228216.0 222697.0 242754.0 247994.0 149188.0 493233.0 223773.0 212459.0 279925.0 236160.0 216095.0 216376.0 249373.0 229595.0 252510.0 281655.0 233200.0 199511.0 192841.0 235859.0 229115.0 226191.0 227914.0 247404.0 250092.0 199710.0 310376.0 216241.0 235025.0 211207.0 198885.0 231719.0
240 205771.0 204263.0 224141.0 230958.0 73877.0 411227.0 177223.0 161289.0 267546.0 223735.0 164234.0 177634.0 236786.0 219222.0 213040.0 231344.0 200980.0 136056.0 129685.0 186697.0 208868.0 211181.0 181177.0 205603.0 208440.0 125828.0 301078.0 171144.0 204117.0 167666.0 148546.0 182114.0
243 146380.0 150613.0 169512.0 181267.0 26409.0 257035.0 100714.0 85287.0 221671.0 185425.0 87342.0 106326.0 195149.0 182849.0 133035.0 139875.0 132067.0 62119.0 56640.0 105661.0 157234.0 166123.0 104127.0 123975.0 125257.0 51461.0 267097.0 98347.0 135674.0 95946.0 77920.0 102812.0
246 66759.0 72355.0 83220.0 97225.0 13772.0 102941.0 36114.0 29259.0 130924.0 110164.0 30665.0 39308.0 113401.0 103705.0 49683.0 54103.0 53579.0 21699.0 19448.0 36878.0 78108.0 86342.0 37049.0 44976.0 45542.0 19475.0 177870.0 35131.0 54061.0 33986.0 25912.0 36328.0
249 26621.0 29120.0 33525.0 41196.0 11371.0 47873.0 17900.0 15448.0 57316.0 49945.0 16113.0 17792.0 49406.0 42959.0 21258.0 23916.0 21512.0 14172.0 13096.0 18414.0 31775.0 33523.0 17980.0 20075.0 20422.0 14168.0 86413.0 16168.0 21265.0 15900.0 13905.0 17859.0
252 14858.0 15350.0 17242.0 18983.0 10210.0 32565.0 13486.0 12288.0 23480.0 20394.0 12642.0 12748.0 20474.0 17520.0 15060.0 16877.0 14241.0 11955.0 11346.0 14281.0 16135.0 15626.0 13677.0 14885.0 14951.0 12633.0 32755.0 12333.0 14195.0 11955.0 11365.0 13449.0
255 12453.0 12631.0 13976.0 14894.0 9733.0 27667.0 12096.0 10993.0 17314.0 14899.0 11660.0 11226.0 15286.0 13639.0 13241.0 15136.0 12256.0 11158.0 10242.0 12685.0 13344.0 12794.0 11789.0 13083.0 13592.0 11729.0 21653.0 11033.0 12075.0 10429.0 10080.0 12110.0
258 10455.0 10540.0 11981.0 12388.0 9278.0 23870.0 11066.0 10099.0 14358.0 12303.0 10588.0 10350.0 12793.0 11374.0 11754.0 13526.0 10605.0 10437.0 9550.0 11603.0 11332.0 10583.0 10655.0 12027.0 11913.0 11016.0 17270.0 10317.0 10635.0 9668.0 9293.0 11009.0
261 9732.0 9641.0 10832.0 11093.0 9075.0 22571.0 10754.0 9865.0 12707.0 11029.0 10238.0 9528.0 11626.0 10166.0 11051.0 12976.0 10103.0 9924.0 9443.0 11099.0 10353.0 9767.0 10272.0 11536.0 11641.0 10782.0 15427.0 9748.0 10048.0 9297.0 9000.0 10598.0
264 9753.0 9617.0 10337.0 10863.0 8799.0 21659.0 10365.0 9739.0 12357.0 10574.0 9874.0 9546.0 11311.0 9703.0 11165.0 12878.0 9819.0 9902.0 9427.0 11018.0 10124.0 9438.0 9971.0 11300.0 11097.0 10526.0 14460.0 9355.0 9796.0 9103.0 8802.0 10406.0
267 9265.0 9445.0 10333.0 10722.0 8764.0 21726.0 10375.0 9598.0 11785.0 10458.0 10060.0 9376.0 10665.0 9495.0 11128.0 12713.0 9595.0 9746.0 9322.0 10747.0 9899.0 9238.0 9902.0 11260.0 11165.0 10320.0 14030.0 9440.0 9795.0 8939.0 8639.0 10230.0
270 9441.0 9101.0 10213.0 10400.0 8501.0 20968.0 10239.0 9397.0 11796.0 10095.0 9819.0 9233.0 10811.0 9376.0 10611.0 12294.0 9516.0 9600.0 9281.0 10754.0 10013.0 9039.0 9882.0 10856.0 10990.0 10234.0 13860.0 9257.0 9709.0 8912.0 8576.0 10068.0
273 9384.0 8949.0 10132.0 10309.0 8729.0 20666.0 10025.0 9408.0 11412.0 10225.0 9646.0 9346.0 10712.0 9305.0 10294.0 12390.0 9438.0 9625.0 8968.0 10491.0 9852.0 9063.0 9788.0 10841.0 10864.0 10165.0 13829.0 8893.0 9389.0 8882.0 8347.0 9860.0
276 9150.0 9094.0 10152.0 10187.0 8545.0 20939.0 10031.0 9069.0 11493.0 10055.0 9481.0 8995.0 10474.0 9025.0 10253.0 12209.0 9222.0 9261.0 8970.0 10339.0 9699.0 8988.0 9529.0 10753.0 10626.0 10012.0 13528.0 8930.0 9278.0 8710.0 8277.0 9872.0
279 9020.0 8793.0 9865.0 10068.0 8229.0 20121.0 9993.0 8923.0 11690.0 9846.0 9193.0 8819.0 10527.0 8971.0 10122.0 11896.0 9118.0 9281.0 8611.0 10276.0 9703.0 8827.0 9543.0 10444.0 10471.0 9798.0 13345.0 8908.0 9150.0 8658.0 8192.0 9841.0
282 8850.0 8936.0 9619.0 9928.0 8360.0 19879.0 9433.0 8883.0 11335.0 9854.0 9302.0 8882.0 10118.0 8805.0 9934.0 11242.0 9073.0 9031.0 8601.0 10155.0 9603.0 8642.0 9381.0 10377.0 10326.0 9520.0 13182.0 8675.0 8944.0 8436.0 8029.0 9605.0
285 8783.0 8565.0 9596.0 9463.0 7967.0 19491.0 9431.0 8601.0 10952.0 9550.0 8885.0 8689.0 10095.0 8610.0 9967.0 11285.0 9041.0 8899.0 8473.0 9869.0 9238.0 8693.0 9017.0 10454.0 9990.0 9554.0 12907.0 8559.0 8914.0 8089.0 8067.0 9571.0
288 8569.0 8474.0 9476.0 9686.0 7703.0 19451.0 9132.0 8549.0 10773.0 9464.0 8944.0 8471.0 9901.0 8533.0 9966.0 11141.0 8842.0 8698.0 8329.0 10034.0 9044.0 8487.0 9195.0 10077.0 9960.0 9276.0 12649.0 8424.0 8770.0 8067.0 7807.0 9236.0
291 8540.0 8392.0 9266.0 9591.0 7446.0 18701.0 8987.0 8309.0 10816.0 9210.0 8672.0 8296.0 9776.0 8511.0 9605.0 11044.0 8654.0 8414.0 8154.0 9559.0 9002.0 8250.0 8793.0 9991.0 9899.0 9185.0 12798.0 8207.0 8727.0 7892.0 7770.0 8936.0
294 8431.0 8257.0 9210.0 9227.0 6921.0 18050.0 8943.0 8213.0 10585.0 8973.0 8434.0 8041.0 9532.0 8363.0 9322.0 10697.0 8505.0 8116.0 8019.0 9465.0 8640.0 8060.0 8640.0 9596.0 9631.0 8857.0 12371.0 7863.0 8328.0 7820.0 7435.0 8699.0
297 8105.0 7934.0 8994.0 8990.0 6315.0 17637.0 8542.0 7790.0 10208.0 9025.0 8206.0 7933.0 9341.0 8333.0 9130.0 10383.0 8357.0 7957.0 7504.0 8909.0 8533.0 7980.0 8199.0 9337.0 9416.0 8326.0 12237.0 7868.0 8290.0 7443.0 7055.0 8579.0
300 7828.0 7765.0 8665.0 8814.0 4841.0 16817.0 7993.0 7569.0 10057.0 8830.0 7661.0 7557.0 9005.0 8044.0 8708.0 9836.0 7778.0 7086.0 6881.0 8612.0 8445.0 7671.0 7783.0 8855.0 8993.0 7484.0 12194.0 7040.0 7855.0 6988.0 6615.0 8001.0
303 7575.0 7314.0 8262.0 8614.0 3273.0 16060.0 7159.0 6800.0 9899.0 8462.0 6802.0 6952.0 8874.0 7630.0 7923.0 8866.0 7687.0 5910.0 5302.0 7589.0 7943.0 7496.0 7168.0 8364.0 8294.0 6120.0 11404.0 6316.0 7533.0 6313.0 5732.0 7151.0
306 7051.0 7031.0 7724.0 8126.0 1858.0 14755.0 5941.0 5464.0 9220.0 8050.0 5544.0 6000.0 8513.0 7282.0 6980.0 7398.0 6728.0 4552.0 3633.0 6401.0 7732.0 7215.0 6175.0 7273.0 7073.0 4205.0 11249.0 5041.0 6838.0 5159.0 4801.0 5866.0
309 6215.0 5882.0 6992.0 7514.0 898.0 12380.0 4248.0 3839.0 8243.0 7224.0 3754.0 4428.0 7738.0 6860.0 5405.0 5393.0 5501.0 2757.0 1983.0 4526.0 6853.0 6453.0 4456.0 5530.0 5461.0 2412.0 10628.0 3595.0 5575.0 3623.0 3026.0 4153.0
312 4831.0 4469.0 5251.0 6166.0 591.0 9046.0 2490.0 2155.0 6917.0 6189.0 2155.0 2857.0 6587.0 5692.0 3371.0 3203.0 3835.0 1458.0 918.0 2555.0 5411.0 4912.0 2642.0 3374.0 3344.0 1149.0 9438.0 1955.0 3739.0 1998.0 1607.0 2366.0
315 3155.0 2972.0 3644.0 4536.0 508.0 5765.0 1344.0 1166.0 5365.0 4724.0 1103.0 1503.0 4986.0 4242.0 1700.0 1779.0 2220.0 774.0 673.0 1364.0 3810.0 3413.0 1456.0 1872.0 1656.0 752.0 7710.0 997.0 2151.0 1039.0 815.0 1227.0
318 1692.0 1552.0 1968.0 2714.0 458.0 2945.0 801.0 726.0 3184.0 2970.0 730.0 815.0 3052.0 2494.0 926.0 987.0 1078.0 611.0 562.0 822.0 2146.0 1817.0 799.0 984.0 948.0 566.0 5339.0 643.0 1049.0 676.0 565.0 727.0
321 906.0 836.0 1015.0 1476.0 447.0 1760.0 661.0 587.0 1611.0 1546.0 644.0 622.0 1663.0 1166.0 729.0 816.0 741.0 580.0 548.0 677.0 1109.0 865.0 636.0 720.0 716.0 602.0 3074.0 554.0 697.0 562.0 473.0 649.0
324 645.0 634.0 778.0 899.0 424.0 1347.0 605.0 514.0 1007.0 900.0 576.0 542.0 937.0 732.0 662.0 765.0 620.0 576.0 515.0 651.0 731.0 611.0 540.0 664.0 694.0 565.0 1630.0 501.0 618.0 472.0 455.0 629.0
327 561.0 529.0 619.0 691.0 405.0 1230.0 592.0 527.0 812.0 692.0 566.0 517.0 709.0 600.0 579.0 703.0 563.0 541.0 474.0 644.0 634.0 529.0 561.0 659.0 628.0 599.0 1149.0 451.0 592.0 527.0 461.0 509.0
330 536.0 514.0 566.0 602.0 408.0 1126.0 536.0 495.0 703.0 636.0 590.0 512.0 693.0 561.0 582.0 693.0 508.0 522.0 458.0 668.0 619.0 561.0 498.0 646.0 650.0 553.0 978.0 468.0 519.0 479.0 461.0 546.0
333 477.0 488.0 553.0 582.0 415.0 1146.0 524.0 501.0 698.0 606.0 538.0 508.0 629.0 545.0 504.0 688.0 529.0 504.0 497.0 576.0 585.0 505.0 537.0 611.0 626.0 533.0 813.0 499.0 455.0 447.0 424.0 572.0
336 494.0 471.0 530.0 558.0 425.0 1149.0 580.0 513.0 693.0 585.0 537.0 463.0 621.0 499.0 541.0 640.0 485.0 502.0 456.0 579.0 616.0 460.0 546.0 581.0 615.0 499.0 797.0 476.0 501.0 498.0 446.0 580.0
339 506.0 469.0 554.0 624.0 395.0 1100.0 525.0 469.0 649.0 569.0 506.0 447.0 548.0 455.0 527.0 614.0 518.0 513.0 461.0 523.0 588.0 486.0 469.0 553.0 579.0 483.0 810.0 494.0 497.0 449.0 421.0 516.0
342 484.0 468.0 542.0 590.0 442.0 1029.0 477.0 435.0 623.0 563.0 479.0 478.0 582.0 461.0 541.0 641.0 472.0 489.0 423.0 509.0 522.0 418.0 479.0 576.0 598.0 499.0 788.0 450.0 499.0 429.0 434.0 476.0
345 479.0 454.0 519.0 567.0 360.0 1013.0 553.0 484.0 656.0 592.0 503.0 415.0 558.0 483.0 594.0 612.0 464.0 460.0 430.0 525.0 512.0 441.0 487.0 541.0 569.0 499.0 799.0 413.0 485.0 427.0 410.0 487.0
348 456.0 435.0 484.0 522.0 386.0 984.0 516.0 416.0 605.0 548.0 468.0 440.0 567.0 444.0 479.0 596.0 437.0 459.0 406.0 533.0 535.0 465.0 436.0 523.0 509.0 509.0 733.0 439.0 455.0 371.0 408.0 441.0
351 491.0 465.0 529.0 501.0 354.0 979.0 518.0 458.0 572.0 568.0 423.0 427.0 550.0 451.0 510.0 595.0 430.0 430.0 410.0 506.0 485.0 426.0 449.0 495.0 521.0 473.0 679.0 430.0 449.0 392.0 357.0 442.0
354 467.0 433.0 481.0 526.0 316.0 907.0 478.0 390.0 511.0 518.0 444.0 436.0 505.0 418.0 514.0 603.0 413.0 451.0 375.0 452.0 496.0 446.0 449.0 538.0 529.0 427.0 675.0 394.0 392.0 392.0 369.0 484.0
357 392.0 429.0 476.0 558.0 296.0 905.0 462.0 354.0 570.0 479.0 442.0 415.0 517.0 459.0 486.0 544.0 418.0 402.0 379.0 480.0 528.0 429.0 441.0 507.0 486.0 439.0 653.0 386.0 426.0 335.0 395.0 439.0
360 413.0 387.0 447.0 482.0 253.0 846.0 455.0 371.0 552.0 495.0 390.0 340.0 538.0 435.0 484.0 504.0 438.0 402.0 335.0 497.0 470.0 376.0 443.0 451.0 498.0 411.0 674.0 411.0 404.0 359.0 355.0 439.0
363 404.0 390.0 418.0 488.0 197.0 833.0 412.0 374.0 473.0 448.0 398.0 346.0 454.0 420.0 442.0 478.0 384.0 342.0 284.0 420.0 476.0 371.0 398.0 425.0 485.0 404.0 662.0 367.0 380.0 326.0 307.0 384.0
366 420.0 383.0 405.0 428.0 138.0 806.0 359.0 346.0 515.0 444.0 401.0 346.0 444.0 379.0 370.0 428.0 350.0 275.0 252.0 400.0 461.0 401.0 359.0 428.0 429.0 306.0 657.0 294.0 372.0 298.0 265.0 340.0
369 364.0 340.0 376.0 451.0 71.0 741.0 313.0 296.0 475.0 430.0 321.0 251.0 458.0 417.0 364.0 371.0 333.0 226.0 179.0 321.0 375.0 338.0 285.0 381.0 393.0 212.0 601.0 265.0 337.0 235.0 227.0 332.0
372 333.0 308.0 356.0 402.0 47.0 661.0 249.0 201.0 438.0 435.0 248.0 247.0 431.0 351.0 284.0 272.0 328.0 190.0 111.0 273.0 432.0 319.0 222.0 336.0 294.0 155.0 579.0 176.0 272.0 194.0 169.0 216.0
375 280.0 245.0 298.0 388.0 30.0 590.0 172.0 156.0 379.0 357.0 133.0 187.0 391.0 308.0 227.0 183.0 262.0 114.0 63.0 188.0 330.0 265.0 198.0 259.0 258.0 84.0 564.0 131.0 255.0 135.0 114.0 167.0
378 236.0 206.0 241.0 352.0 25.0 468.0 114.0 82.0 352.0 306.0 102.0 126.0 316.0 277.0 165.0 132.0 172.0 57.0 37.0 125.0 281.0 215.0 125.0 169.0 165.0 44.0 520.0 99.0 174.0 90.0 64.0 100.0
381 169.0 135.0 202.0 237.0 23.0 320.0 58.0 59.0 290.0 259.0 58.0 78.0 267.0 240.0 104.0 92.0 117.0 47.0 32.0 77.0 192.0 182.0 65.0 98.0 91.0 49.0 478.0 51.0 128.0 40.0 38.0 53.0
384 126.0 94.0 125.0 194.0 22.0 204.0 51.0 50.0 187.0 201.0 38.0 67.0 208.0 149.0 71.0 54.0 81.0 39.0 30.0 56.0 130.0 114.0 51.0 68.0 49.0 44.0 397.0 39.0 60.0 37.0 44.0 49.0
387 77.0 73.0 88.0 109.0 24.0 146.0 43.0 28.0 124.0 128.0 34.0 36.0 141.0 91.0 49.0 42.0 53.0 26.0 34.0 49.0 92.0 68.0 41.0 52.0 52.0 36.0 256.0 30.0 39.0 28.0 32.0 37.0
390 35.0 41.0 51.0 86.0 29.0 80.0 35.0 34.0 88.0 80.0 32.0 34.0 78.0 63.0 28.0 59.0 45.0 35.0 31.0 47.0 60.0 48.0 45.0 40.0 46.0 47.0 181.0 31.0 42.0 32.0 26.0 35.0
393 32.0 26.0 49.0 46.0 29.0 71.0 30.0 38.0 50.0 65.0 41.0 27.0 64.0 57.0 37.0 38.0 31.0 28.0 29.0 37.0 37.0 24.0 34.0 44.0 43.0 39.0 106.0 21.0 34.0 32.0 32.0 26.0
396 42.0 31.0 38.0 45.0 33.0 65.0 34.0 24.0 52.0 44.0 30.0 35.0 53.0 30.0 34.0 42.0 31.0 39.0 31.0 43.0 34.0 34.0 32.0 42.0 46.0 27.0 61.0 29.0 27.0 26.0 20.0 40.0
399 39.0 27.0 42.0 34.0 23.0 70.0 37.0 33.0 47.0 39.0 25.0 25.0 44.0 24.0 42.0 31.0 23.0 35.0 25.0 44.0 34.0 34.0 30.0 38.0 36.0 32.0 58.0 28.0 30.0 28.0 22.0 34.0
402 31.0 21.0 40.0 28.0 24.0 75.0 28.0 30.0 47.0 34.0 44.0 19.0 41.0 42.0 34.0 31.0 36.0 32.0 27.0 36.0 43.0 32.0 26.0 46.0 38.0 32.0 64.0 33.0 31.0 40.0 18.0 40.0
405 20.0 28.0 41.0 28.0 18.0 61.0 37.0 32.0 41.0 41.0 30.0 34.0 37.0 29.0 38.0 25.0 29.0 32.0 29.0 25.0 32.0 39.0 15.0 46.0 40.0 38.0 64.0 29.0 24.0 28.0 31.0 30.0
408 23.0 34.0 37.0 41.0 17.0 53.0 34.0 33.0 37.0 39.0 34.0 20.0 44.0 29.0 26.0 42.0 23.0 22.0 19.0 29.0 43.0 31.0 39.0 33.0 38.0 31.0 60.0 34.0 31.0 25.0 31.0 27.0
411 33.0 28.0 29.0 31.0 24.0 68.0 38.0 28.0 26.0 40.0 25.0 18.0 23.0 41.0 30.0 25.0 30.0 24.0 20.0 29.0 38.0 37.0 24.0 37.0 31.0 36.0 45.0 23.0 21.0 25.0 20.0 32.0
414 30.0 31.0 32.0 36.0 24.0 66.0 39.0 17.0 29.0 35.0 18.0 22.0 34.0 25.0 24.0 25.0 26.0 20.0 25.0 27.0 38.0 27.0 27.0 35.0 18.0 24.0 48.0 29.0 31.0 20.0 21.0 25.0
417 29.0 32.0 33.0 34.0 13.0 56.0 30.0 31.0 43.0 25.0 27.0 20.0 32.0 26.0 27.0 38.0 32.0 35.0 18.0 26.0 20.0 19.0 31.0 25.0 38.0 29.0 50.0 21.0 34.0 24.0 16.0 20.0
420 27.0 25.0 28.0 38.0 10.0 47.0 34.0 22.0 40.0 42.0 35.0 25.0 23.0 23.0 19.0 23.0 23.0 22.0 11.0 23.0 28.0 31.0 18.0 33.0 22.0 25.0 44.0 19.0 25.0 24.0 16.0 27.0
423 19.0 17.0 31.0 31.0 5.0 41.0 22.0 27.0 27.0 22.0 15.0 19.0 39.0 36.0 32.0 19.0 24.0 21.0 15.0 28.0 23.0 37.0 25.0 21.0 21.0 17.0 48.0 18.0 19.0 24.0 13.0 22.0
426 26.0 27.0 24.0 27.0 10.0 47.0 20.0 17.0 34.0 21.0 19.0 19.0 24.0 28.0 26.0 26.0 26.0 22.0 18.0 22.0 20.0 22.0 17.0 27.0 27.0 12.0 39.0 16.0 27.0 13.0 15.0 33.0
429 22.0 21.0 24.0 29.0 6.0 40.0 21.0 14.0 33.0 32.0 13.0 22.0 31.0 32.0 11.0 23.0 23.0 12.0 7.0 25.0 34.0 23.0 26.0 21.0 18.0 12.0 41.0 18.0 26.0 18.0 12.0 19.0
432 26.0 17.0 34.0 27.0 4.0 39.0 13.0 10.0 28.0 36.0 14.0 14.0 23.0 20.0 23.0 18.0 13.0 9.0 7.0 16.0 31.0 21.0 11.0 20.0 22.0 12.0 45.0 11.0 19.0 12.0 12.0 15.0
435 22.0 18.0 22.0 27.0 2.0 30.0 11.0 9.0 27.0 29.0 18.0 12.0 27.0 21.0 16.0 9.0 17.0 6.0 2.0 16.0 29.0 20.0 5.0 20.0 18.0 7.0 28.0 6.0 16.0 11.0 5.0 14.0
438 15.0 17.0 15.0 17.0 4.0 28.0 12.0 3.0 16.0 26.0 15.0 9.0 19.0 16.0 7.0 7.0 13.0 2.0 5.0 12.0 38.0 12.0 8.0 15.0 14.0 3.0 36.0 7.0 10.0 4.0 4.0 5.0
441 16.0 8.0 15.0 22.0 1.0 30.0 5.0 5.0 25.0 13.0 5.0 8.0 18.0 18.0 11.0 6.0 16.0 3.0 2.0 10.0 13.0 9.0 3.0 5.0 8.0 3.0 29.0 6.0 10.0 5.0 4.0 6.0
444 6.0 8.0 15.0 28.0 1.0 21.0 3.0 3.0 16.0 11.0 5.0 4.0 15.0 14.0 3.0 7.0 7.0 4.0 0.0 0.0 13.0 14.0 4.0 13.0 6.0 2.0 17.0 1.0 3.0 1.0 5.0 6.0
447 9.0 3.0 2.0 9.0 1.0 11.0 2.0 1.0 13.0 11.0 3.0 3.0 7.0 13.0 4.0 2.0 4.0 2.0 5.0 0.0 12.0 9.0 1.0 2.0 6.0 3.0 28.0 4.0 5.0 6.0 0.0 6.0
