150 293430.0 419356.0 418216.0 444747.0 388432.0 639879.0 415291.0 437202.0 364082.0 386760.0 431229.0 476437.0 391853.0 446378.0 422131.0 435545.0 388199.0 428301.0 443189.0 389610.0 439243.0 411690.0 342991.0 471592.0 407967.0 423166.0 412701.0 562251.0 405764.0 403280.0 471022.0 424898.0
153 18227942.0 18209842.0 18214469.0 18200484.0 18217700.0 18151830.0 18202833.0 18198386.0 18218920.0 18205631.0 18208955.0 18188369.0 18213480.0 18203050.0 18217037.0 18198811.0 18227476.0 18207750.0 18212184.0 18219624.0 18194643.0 18218511.0 18212487.0 18204594.0 18196898.0 18214574.0 18207875.0 18185173.0 18202998.0 18216153.0 18210263.0 18212589.0
156 18557196.0 18544257.0 18546876.0 18528147.0 18549506.0 18482469.0 18533140.0 18525445.0 18549153.0 18533845.0 18539950.0 18515818.0 18543654.0 18532730.0 18548043.0 18527614.0 18559336.0 18536988.0 18543160.0 18549960.0 18523383.0 18549425.0 18540359.0 18535606.0 18524824.0 18544896.0 18535023.0 18518635.0 18531506.0 18547355.0 18543892.0 18547742.0
159 18933915.0 18920402.0 18923672.0 18898717.0 18924820.0 18859134.0 18908253.0 18896239.0 18923808.0 18904973.0 18913753.0 18887152.0 18918075.0 18907335.0 18922125.0 18897989.0 18933623.0 18910159.0 18916704.0 18923701.0 18893329.0 18922695.0 18912057.0 18910067.0 18895187.0 18919353.0 18906070.0 18894491.0 18902758.0 18921432.0 18919179.0 18922839.0
162 19314324.0 19298840.0 19302969.0 19273336.0 19302889.0 19235471.0 19286438.0 19270137.0 19302637.0 19281242.0 19291504.0 19261944.0 19295191.0 19285809.0 19301104.0 19274526.0 19312175.0 19287104.0 19294739.0 19301723.0 19269296.0 19300896.0 19289744.0 19287742.0 19270245.0 19297132.0 19281196.0 19274806.0 19279751.0 19300855.0 19298295.0 19302440.0
165 19618830.0 19596904.0 19604288.0 19570259.0 19603233.0 19536263.0 19587263.0 19567535.0 19605084.0 19578751.0 19591725.0 19559283.0 19594616.0 19587879.0 19600236.0 19572907.0 19614377.0 19586255.0 19594710.0 19603198.0 19565764.0 19601316.0 19587600.0 19587928.0 19566722.0 19598278.0 19579510.0 19580060.0 19576931.0 19602520.0 19600041.0 19604418.0
168 19706908.0 19678236.0 19687307.0 19652714.0 19685115.0 19618995.0 19670112.0 19650415.0 19690617.0 19661349.0 19674827.0 19641608.0 19677179.0 19672673.0 19683886.0 19655524.0 19700147.0 19668563.0 19677299.0 19686957.0 19647577.0 19684062.0 19668031.0 19670538.0 19647978.0 19680492.0 19660350.0 19667299.0 19657971.0 19687014.0 19685457.0 19690421.0
171 19718422.0 19684074.0 19696125.0 19662323.0 19693280.0 19633456.0 19678865.0 19660440.0 19703761.0 19671271.0 19686133.0 19652291.0 19686909.0 19685112.0 19695787.0 19665369.0 19712428.0 19679317.0 19689195.0 19696649.0 19657344.0 19693879.0 19675149.0 19679808.0 19656292.0 19688491.0 19667115.0 19680493.0 19664594.0 19696263.0 19695773.0 19703174.0
174 19437397.0 19407748.0 19416475.0 19336256.0 19410485.0 19318606.0 19392378.0 19336984.0 19417695.0 19357066.0 19398271.0 19329794.0 19397380.0 19397895.0 19403392.0 19356288.0 19419772.0 19384538.0 19396474.0 19405179.0 19337226.0 19400265.0 19365176.0 19382827.0 19336478.0 19392364.0 19348297.0 19382334.0 19346468.0 19399299.0 19399037.0 19408186.0
177 18645753.0 18700758.0 18677797.0 18230223.0 18669485.0 18226093.0 18653649.0 18267021.0 18632837.0 18343358.0 18568747.0 18262328.0 18589265.0 18625994.0 18512088.0 18364024.0 18576793.0 18525694.0 18519684.0 18581511.0 18298931.0 18550097.0 18366844.0 18493070.0 18322652.0 18561471.0 18241110.0 18543983.0 18286825.0 18570088.0 18617792.0 18669600.0
180 8746608.0 8416293.0 8365011.0 7698149.0 8437608.0 8162177.0 8640353.0 8046821.0 8436636.0 8255869.0 8293614.0 8101500.0 8397668.0 8615124.0 7951379.0 8337571.0 8064995.0 8197891.0 8052534.0 8256553.0 8151687.0 8113350.0 8215489.0 7998917.0 8333573.0 8192332.0 7588349.0 8209098.0 7864109.0 8131631.0 8374197.0 8559483.0
183 4268272.0 3871106.0 3821659.0 3404957.0 3884139.0 3844267.0 4056874.0 3677396.0 3848400.0 3814448.0 3762099.0 3711526.0 3832517.0 4030579.0 3469151.0 3858899.0 3532203.0 3683204.0 3571346.0 3695848.0 3771198.0 3605894.0 3772653.0 3551302.0 3896029.0 3678603.0 3318725.0 3724948.0 3531765.0 3588576.0 3787528.0 3905156.0
186 305518.0 414134.0 387968.0 344661.0 393703.0 551897.0 469570.0 374188.0 368500.0 359338.0 400357.0 401979.0 388083.0 472201.0 330129.0 390305.0 325317.0 388291.0 374921.0 351096.0 393530.0 359093.0 297008.0 399179.0 382728.0 387596.0 313357.0 515921.0 332354.0 350126.0 431869.0 419405.0
189 268248.0 310798.0 314836.0 325623.0 285906.0 507148.0 322656.0 327851.0 288764.0 284776.0 322845.0 364529.0 291368.0 362332.0 302815.0 330715.0 280171.0 319920.0 326848.0 290176.0 331952.0 298144.0 252848.0 355265.0 310462.0 312585.0 300382.0 466074.0 299600.0 302565.0 361794.0 339341.0
192 267667.0 306388.0 312116.0 327089.0 280165.0 508349.0 313831.0 324193.0 287288.0 280915.0 318937.0 362615.0 286585.0 356454.0 301847.0 328233.0 278784.0 319036.0 326371.0 287084.0 328285.0 296420.0 250262.0 355961.0 306156.0 310256.0 299469.0 469640.0 296869.0 302477.0 363260.0 334901.0
195 267112.0 307101.0 312376.0 327988.0 280907.0 513273.0 313210.0 325566.0 286584.0 281669.0 318754.0 364226.0 286316.0 356131.0 303077.0 328542.0 280038.0 318375.0 326383.0 287781.0 329311.0 296039.0 250383.0 356269.0 304644.0 311716.0 300520.0 469387.0 298950.0 302754.0 361613.0 336065.0
198 268423.0 307709.0 312750.0 328261.0 280189.0 512033.0 313517.0 325683.0 287255.0 282026.0 319988.0 363678.0 287560.0 355888.0 302644.0 329132.0 281491.0 318562.0 327355.0 286916.0 330029.0 296364.0 251315.0 355880.0 306005.0 310750.0 300087.0 470729.0 297559.0 303669.0 359452.0 336443.0
201 267867.0 307409.0 312758.0 326544.0 280553.0 534994.0 312955.0 326632.0 287163.0 282187.0 318885.0 364389.0 287812.0 357254.0 303278.0 329283.0 280523.0 318942.0 326962.0 288170.0 328945.0 296234.0 250563.0 356626.0 305787.0 310268.0 300969.0 467627.0 298480.0 304452.0 360288.0 337272.0
204 267799.0 308305.0 313373.0 327547.0 281347.0 530512.0 315767.0 327088.0 287138.0 283482.0 321385.0 365937.0 288228.0 357744.0 303430.0 329331.0 281313.0 319817.0 327889.0 287908.0 330030.0 297150.0 251932.0 357524.0 306998.0 311460.0 301345.0 467904.0 297706.0 304100.0 360713.0 338044.0
207 266785.0 308414.0 312284.0 327438.0 280901.0 532499.0 313322.0 326758.0 286066.0 282272.0 319441.0 362861.0 288027.0 355722.0 301602.0 328271.0 279784.0 317860.0 326525.0 287307.0 329303.0 296604.0 250207.0 357634.0 306201.0 310553.0 301026.0 465589.0 298800.0 303192.0 360238.0 336464.0
210 266888.0 307459.0 309667.0 327442.0 280076.0 526422.0 312908.0 325482.0 285551.0 280957.0 319261.0 364267.0 286983.0 355126.0 301337.0 328589.0 279191.0 318140.0 326050.0 286552.0 329007.0 295508.0 250417.0 355705.0 305672.0 309967.0 299373.0 465137.0 296890.0 302817.0 358681.0 334716.0
213 265879.0 306372.0 307578.0 325612.0 280215.0 519407.0 313122.0 325550.0 285567.0 280849.0 319122.0 362627.0 286658.0 355214.0 301410.0 327817.0 279756.0 318557.0 326764.0 286792.0 328602.0 294109.0 250174.0 355008.0 303995.0 309574.0 300276.0 464781.0 296154.0 302040.0 358508.0 336187.0
216 264142.0 305969.0 310376.0 326530.0 279734.0 511380.0 312217.0 323965.0 286133.0 279334.0 318088.0 361203.0 285246.0 356661.0 300975.0 327112.0 278845.0 317151.0 325100.0 286740.0 327608.0 295026.0 250427.0 355406.0 304428.0 309367.0 299909.0 465716.0 296124.0 302356.0 361615.0 335491.0
219 263816.0 305823.0 309923.0 325274.0 278198.0 507472.0 312094.0 323653.0 284277.0 280001.0 317972.0 359426.0 285751.0 355374.0 299314.0 325092.0 278143.0 316223.0 324848.0 284442.0 327259.0 294090.0 249334.0 352981.0 302964.0 308614.0 298196.0 461916.0 295371.0 301345.0 358632.0 333497.0
222 263030.0 306328.0 305724.0 322768.0 278856.0 504170.0 310869.0 323025.0 283677.0 278852.0 316387.0 356965.0 284281.0 353106.0 299243.0 324838.0 276588.0 316690.0 322823.0 283689.0 325948.0 293309.0 248136.0 352654.0 303556.0 306201.0 297298.0 458554.0 294193.0 299303.0 356107.0 330982.0
225 256787.0 303392.0 302562.0 321698.0 276470.0 498379.0 308531.0 320921.0 279887.0 276900.0 315190.0 354534.0 282985.0 350206.0 295791.0 322127.0 272209.0 314153.0 320420.0 281107.0 323221.0 290520.0 245806.0 349633.0 300171.0 304209.0 293442.0 453679.0 291384.0 295510.0 353229.0 327759.0
228 231722.0 302227.0 302133.0 320710.0 274885.0 488348.0 307828.0 319399.0 273763.0 275331.0 314086.0 353972.0 281614.0 346207.0 293235.0 318420.0 264198.0 312568.0 318179.0 279696.0 322285.0 288294.0 243559.0 345365.0 299911.0 302370.0 288412.0 438901.0 288980.0 290114.0 349784.0 323313.0
231 166108.0 300538.0 298537.0 318082.0 273466.0 467221.0 305054.0 317183.0 253238.0 272051.0 311446.0 349612.0 278907.0 340092.0 279098.0 309592.0 233195.0 311871.0 313691.0 271027.0 319375.0 284409.0 231746.0 340462.0 298128.0 298079.0 265368.0 398416.0 277237.0 268167.0 338918.0 303386.0
234 83111.0 297953.0 285492.0 310620.0 268542.0 390184.0 301978.0 310967.0 193387.0 258523.0 304982.0 330153.0 273706.0 313578.0 237009.0 278530.0 166186.0 308528.0 297011.0 240072.0 305697.0 265956.0 196640.0 320491.0 292549.0 281601.0 209919.0 315599.0 242469.0 214077.0 306931.0 247804.0
237 27286.0 290858.0 226694.0 273344.0 245509.0 206976.0 288208.0 287078.0 91829.0 207723.0 280571.0 262074.0 242935.0 231358.0 143997.0 193297.0 73447.0 295979.0 241775.0 163199.0 258337.0 206207.0 118122.0 253083.0 273822.0 223589.0 113452.0 181867.0 161862.0 117187.0 216202.0 139136.0
240 15508.0 266653.0 139713.0 199712.0 190454.0 85708.0 241347.0 227013.0 34958.0 125973.0 217967.0 163231.0 181653.0 130346.0 65415.0 101604.0 28798.0 258057.0 156645.0 83630.0 180984.0 123736.0 52322.0 158578.0 221250.0 140209.0 46786.0 84223.0 83410.0 48754.0 113517.0 58319.0
243 12791.0 199218.0 58572.0 102879.0 103256.0 41339.0 149986.0 130759.0 17895.0 52608.0 123267.0 70466.0 96462.0 52606.0 26514.0 40041.0 16248.0 178843.0 69861.0 32570.0 90590.0 51622.0 21013.0 70597.0 135065.0 62178.0 21754.0 37975.0 33731.0 22363.0 45209.0 26173.0
246 11622.0 105720.0 24760.0 41690.0 40968.0 30805.0 64008.0 54478.0 14301.0 22849.0 50940.0 31206.0 39747.0 25364.0 18267.0 21833.0 13476.0 90053.0 29969.0 18502.0 37823.0 23750.0 14209.0 31253.0 57960.0 26843.0 16826.0 27277.0 19596.0 16620.0 24830.0 19143.0
249 10859.0 40244.0 17222.0 23384.0 20237.0 28491.0 26911.0 25518.0 12864.0 16661.0 24717.0 22070.0 20565.0 19468.0 15592.0 17752.0 12100.0 35651.0 20631.0 15564.0 22484.0 17370.0 12189.0 22267.0 25735.0 18988.0 14586.0 23797.0 15641.0 14741.0 20289.0 16845.0
252 10428.0 23083.0 15101.0 19364.0 16000.0 25284.0 20095.0 20407.0 11952.0 14171.0 19359.0 19369.0 16776.0 17213.0 14302.0 16064.0 11375.0 22753.0 17515.0 13501.0 18632.0 14925.0 11005.0 18860.0 19799.0 16227.0 13664.0 21803.0 13937.0 13666.0 18256.0 15760.0
255 10227.0 18628.0 13760.0 16641.0 14161.0 24352.0 17192.0 17491.0 11381.0 12621.0 16758.0 17405.0 14362.0 16138.0 13417.0 15247.0 10847.0 19126.0 15622.0 12636.0 16048.0 13534.0 10374.0 16635.0 17121.0 14227.0 12851.0 20621.0 13042.0 12897.0 17133.0 14868.0
258 10079.0 16777.0 13531.0 15505.0 12900.0 23863.0 15580.0 16280.0 11294.0 12220.0 15836.0 16930.0 13678.0 15625.0 13228.0 14329.0 10730.0 17043.0 14861.0 12530.0 15133.0 12982.0 10289.0 15967.0 15560.0 13390.0 12669.0 20259.0 12634.0 12737.0 16563.0 14787.0
261 10066.0 14611.0 12987.0 14565.0 11797.0 23482.0 14260.0 15055.0 11115.0 11294.0 14613.0 16442.0 12639.0 14668.0 12899.0 14138.0 10659.0 14811.0 13938.0 12152.0 14289.0 12413.0 10036.0 15326.0 14139.0 12853.0 12536.0 20008.0 12136.0 12492.0 16276.0 14525.0
264 9643.0 13847.0 12986.0 14258.0 11799.0 23065.0 13525.0 14481.0 10639.0 11124.0 14055.0 15952.0 12167.0 14799.0 12651.0 14082.0 10383.0 14327.0 13954.0 11923.0 13751.0 12278.0 9832.0 15179.0 13858.0 12963.0 12425.0 19659.0 12002.0 12399.0 16210.0 14187.0
267 9677.0 13406.0 12338.0 14107.0 11594.0 22924.0 13450.0 14295.0 10871.0 11142.0 13876.0 15800.0 12334.0 14454.0 12523.0 13778.0 10280.0 14009.0 14062.0 11891.0 13842.0 12118.0 9715.0 15144.0 13540.0 12628.0 12413.0 19112.0 12020.0 12238.0 15835.0 13806.0
270 9435.0 13108.0 12195.0 13974.0 11614.0 22414.0 13457.0 14101.0 10566.0 11013.0 13804.0 15849.0 12041.0 14559.0 12402.0 13422.0 10156.0 13816.0 13607.0 11664.0 13726.0 12059.0 9870.0 14775.0 13424.0 12482.0 12274.0 18985.0 11568.0 11975.0 15666.0 13901.0
273 9261.0 13069.0 12354.0 13720.0 11577.0 22209.0 13348.0 13953.0 10562.0 10830.0 13609.0 15297.0 11967.0 14018.0 12210.0 13175.0 10265.0 13541.0 13289.0 11316.0 13419.0 11887.0 9556.0 14590.0 13279.0 12719.0 12113.0 18665.0 11572.0 12032.0 15367.0 13545.0
276 9194.0 12848.0 11718.0 13732.0 11005.0 22378.0 13152.0 13713.0 10228.0 10555.0 13231.0 15281.0 11845.0 13930.0 12007.0 13156.0 9836.0 13384.0 13292.0 11168.0 13440.0 11752.0 9427.0 14284.0 13253.0 12486.0 11714.0 18536.0 11366.0 11592.0 15111.0 13469.0
279 8946.0 12687.0 11572.0 13494.0 10901.0 22377.0 12789.0 13592.0 10113.0 10488.0 13466.0 15071.0 11691.0 13804.0 11970.0 13068.0 9699.0 13221.0 12987.0 11225.0 12766.0 11510.0 9215.0 14030.0 12917.0 12149.0 11481.0 17902.0 11111.0 11485.0 14913.0 13172.0
282 8598.0 12672.0 11598.0 13203.0 11073.0 21332.0 12578.0 13081.0 9958.0 10311.0 12936.0 14956.0 11427.0 13411.0 11735.0 12873.0 9650.0 13165.0 12693.0 10911.0 12823.0 11264.0 8988.0 13730.0 12732.0 11970.0 11312.0 17471.0 11035.0 11334.0 14691.0 12894.0
285 8514.0 12535.0 11205.0 13143.0 10733.0 20722.0 12402.0 13109.0 9634.0 10320.0 13127.0 14566.0 11221.0 12964.0 11469.0 12593.0 9369.0 12659.0 12644.0 10971.0 12462.0 11195.0 8911.0 13703.0 12732.0 11799.0 11089.0 17109.0 10728.0 10823.0 14272.0 12510.0
288 7702.0 12135.0 10909.0 12805.0 10537.0 19508.0 12170.0 13003.0 9397.0 9906.0 12563.0 13957.0 11296.0 12843.0 11086.0 12226.0 9137.0 12715.0 12264.0 10343.0 12353.0 10730.0 8628.0 13430.0 12282.0 11480.0 10837.0 16455.0 10517.0 10732.0 14024.0 12238.0
291 6742.0 12190.0 10605.0 12614.0 10504.0 18758.0 11870.0 12698.0 9000.0 9697.0 12575.0 13797.0 10819.0 12469.0 10936.0 11885.0 8497.0 12562.0 12189.0 10311.0 12205.0 10433.0 8442.0 12896.0 12216.0 11284.0 10453.0 15697.0 10230.0 10267.0 13261.0 11797.0
294 5083.0 11940.0 10459.0 12304.0 10224.0 17725.0 11904.0 12393.0 8362.0 9609.0 12260.0 13506.0 10801.0 12168.0 10338.0 11628.0 7847.0 12313.0 11956.0 9906.0 11780.0 10267.0 7977.0 12666.0 11777.0 10982.0 9833.0 14730.0 9604.0 9591.0 13301.0 11149.0
297 2966.0 11770.0 10049.0 11896.0 10108.0 16293.0 11696.0 12245.0 6984.0 9330.0 11887.0 12948.0 10396.0 11625.0 9831.0 10974.0 6424.0 11993.0 11274.0 9360.0 11514.0 9855.0 7493.0 12159.0 11643.0 10809.0 8934.0 13264.0 9236.0 8170.0 12321.0 9760.0
300 1484.0 11208.0 9647.0 11737.0 9637.0 13492.0 11080.0 12032.0 5349.0 8565.0 11578.0 12259.0 10028.0 10447.0 8542.0 9783.0 4720.0 11696.0 10875.0 8329.0 10889.0 9447.0 6473.0 11434.0 11206.0 10243.0 7105.0 10905.0 8276.0 6754.0 11001.0 8077.0
303 830.0 10964.0 8468.0 11091.0 9237.0 9986.0 10752.0 11470.0 3266.0 8059.0 11080.0 11036.0 9502.0 8864.0 6902.0 8223.0 2954.0 11448.0 9859.0 6767.0 10190.0 8393.0 4724.0 10216.0 10894.0 9350.0 5191.0 8138.0 6782.0 4732.0 9332.0 5631.0
306 625.0 10607.0 7274.0 10273.0 8752.0 6193.0 10357.0 10916.0 1831.0 6746.0 10496.0 9357.0 8744.0 6942.0 4867.0 6265.0 1552.0 11233.0 8822.0 5152.0 9277.0 7163.0 3206.0 8767.0 10367.0 7883.0 3400.0 5519.0 5250.0 2935.0 6933.0 3330.0
309 572.0 10129.0 5024.0 8692.0 7341.0 3064.0 9314.0 9567.0 928.0 4661.0 8876.0 6795.0 7127.0 4370.0 2694.0 3861.0 841.0 10169.0 6504.0 3102.0 7213.0 5014.0 1630.0 6409.0 9008.0 5563.0 1772.0 2860.0 3086.0 1533.0 4200.0 1675.0
312 519.0 9116.0 3188.0 6699.0 5629.0 1982.0 7416.0 7689.0 699.0 2886.0 6957.0 4434.0 5402.0 2495.0 1478.0 2088.0 671.0 8847.0 4590.0 1679.0 5119.0 3132.0 887.0 4302.0 7181.0 3648.0 968.0 1747.0 1725.0 1003.0 2439.0 1076.0
315 523.0 7691.0 1623.0 4480.0 3650.0 1617.0 5274.0 5385.0 602.0 1565.0 4793.0 2509.0 3523.0 1382.0 970.0 1262.0 586.0 7309.0 2628.0 962.0 3146.0 1639.0 681.0 2367.0 5188.0 2010.0 878.0 1416.0 1017.0 752.0 1491.0 925.0
318 526.0 5598.0 1036.0 2651.0 2047.0 1505.0 3170.0 3274.0 639.0 944.0 2876.0 1449.0 1990.0 1074.0 778.0 1001.0 590.0 5074.0 1496.0 787.0 1783.0 1069.0 583.0 1428.0 3027.0 1150.0 746.0 1256.0 790.0 729.0 1079.0 870.0
321 480.0 3640.0 861.0 1528.0 1195.0 1388.0 1686.0 1920.0 602.0 724.0 1697.0 1114.0 1205.0 871.0 743.0 874.0 528.0 3195.0 1019.0 692.0 1139.0 837.0 581.0 1128.0 1805.0 919.0 732.0 1149.0 753.0 707.0 989.0 821.0
324 432.0 1940.0 733.0 1090.0 827.0 1340.0 1106.0 1208.0 588.0 671.0 1098.0 983.0 875.0 851.0 738.0 878.0 522.0 1810.0 858.0 727.0 938.0 752.0 517.0 932.0 1237.0 829.0 709.0 1077.0 641.0 736.0 957.0 802.0
327 523.0 1232.0 698.0 965.0 717.0 1304.0 959.0 1015.0 546.0 625.0 961.0 951.0 805.0 780.0 706.0 795.0 526.0 1202.0 759.0 698.0 873.0 658.0 525.0 869.0 933.0 733.0 713.0 1036.0 645.0 664.0 965.0 761.0
330 446.0 979.0 656.0 873.0 648.0 1245.0 854.0 910.0 547.0 616.0 865.0 918.0 727.0 779.0 706.0 770.0 497.0 956.0 842.0 646.0 795.0 674.0 524.0 823.0 922.0 737.0 700.0 1056.0 637.0 649.0 886.0 773.0
333 481.0 876.0 627.0 794.0 654.0 1202.0 778.0 832.0 533.0 590.0 802.0 906.0 658.0 779.0 674.0 724.0 526.0 890.0 736.0 642.0 768.0 660.0 535.0 818.0 825.0 722.0 642.0 1059.0 638.0 665.0 873.0 753.0
336 433.0 791.0 643.0 839.0 583.0 1189.0 749.0 834.0 512.0 555.0 746.0 840.0 692.0 766.0 680.0 784.0 476.0 797.0 763.0 649.0 721.0 612.0 472.0 826.0 748.0 636.0 672.0 1021.0 595.0 649.0 934.0 700.0
339 442.0 771.0 630.0 776.0 634.0 1179.0 723.0 809.0 529.0 516.0 775.0 880.0 687.0 741.0 629.0 749.0 450.0 845.0 704.0 635.0 721.0 599.0 524.0 783.0 764.0 651.0 655.0 1003.0 622.0 648.0 876.0 716.0
342 406.0 740.0 626.0 779.0 610.0 1157.0 756.0 819.0 477.0 573.0 748.0 778.0 646.0 712.0 684.0 733.0 530.0 751.0 734.0 636.0 768.0 595.0 449.0 790.0 768.0 662.0 687.0 972.0 617.0 581.0 813.0 733.0
345 384.0 726.0 592.0 788.0 606.0 1035.0 710.0 752.0 533.0 532.0 691.0 794.0 690.0 674.0 618.0 735.0 438.0 780.0 712.0 589.0 718.0 597.0 449.0 775.0 797.0 643.0 583.0 881.0 550.0 590.0 850.0 731.0
348 404.0 725.0 597.0 728.0 575.0 1112.0 739.0 779.0 479.0 522.0 723.0 778.0 627.0 669.0 629.0 647.0 439.0 743.0 696.0 548.0 722.0 559.0 456.0 758.0 734.0 613.0 586.0 878.0 568.0 567.0 734.0 687.0
351 323.0 672.0 588.0 734.0 564.0 1060.0 746.0 740.0 465.0 517.0 660.0 752.0 640.0 704.0 600.0 666.0 397.0 744.0 663.0 537.0 649.0 538.0 423.0 738.0 694.0 642.0 569.0 898.0 523.0 524.0 721.0 614.0
354 205.0 653.0 543.0 696.0 587.0 940.0 638.0 769.0 433.0 477.0 702.0 779.0 570.0 661.0 540.0 626.0 379.0 719.0 657.0 535.0 611.0 513.0 451.0 720.0 734.0 558.0 507.0 796.0 524.0 501.0 761.0 576.0
357 160.0 624.0 577.0 732.0 559.0 848.0 632.0 787.0 329.0 482.0 696.0 709.0 570.0 629.0 520.0 639.0 329.0 725.0 607.0 541.0 635.0 520.0 387.0 659.0 741.0 605.0 485.0 771.0 494.0 400.0 717.0 524.0
360 89.0 651.0 530.0 642.0 540.0 794.0 599.0 680.0 295.0 455.0 676.0 653.0 508.0 554.0 539.0 556.0 268.0 677.0 599.0 453.0 613.0 505.0 374.0 639.0 632.0 581.0 444.0 646.0 436.0 407.0 667.0 433.0
363 47.0 614.0 478.0 632.0 483.0 641.0 569.0 684.0 241.0 437.0 676.0 638.0 513.0 487.0 430.0 493.0 201.0 641.0 582.0 412.0 561.0 472.0 307.0 604.0 691.0 523.0 347.0 551.0 449.0 341.0 574.0 403.0
366 39.0 565.0 429.0 587.0 452.0 570.0 573.0 654.0 153.0 384.0 580.0 634.0 491.0 458.0 338.0 454.0 164.0 670.0 508.0 362.0 515.0 455.0 256.0 599.0 602.0 524.0 306.0 421.0 354.0 281.0 520.0 269.0
369 30.0 561.0 374.0 562.0 498.0 394.0 537.0 623.0 102.0 354.0 604.0 534.0 513.0 371.0 290.0 399.0 83.0 608.0 500.0 307.0 471.0 395.0 188.0 479.0 597.0 456.0 213.0 335.0 290.0 155.0 420.0 198.0
372 35.0 562.0 311.0 520.0 413.0 227.0 534.0 548.0 45.0 289.0 562.0 457.0 424.0 313.0 179.0 272.0 60.0 611.0 392.0 229.0 434.0 318.0 124.0 457.0 527.0 337.0 137.0 216.0 224.0 102.0 308.0 110.0
375 34.0 555.0 243.0 503.0 391.0 160.0 500.0 529.0 46.0 205.0 460.0 353.0 401.0 185.0 128.0 164.0 41.0 494.0 349.0 143.0 356.0 264.0 70.0 308.0 510.0 275.0 69.0 145.0 132.0 59.0 245.0 67.0
378 34.0 466.0 178.0 447.0 299.0 123.0 401.0 440.0 28.0 151.0 413.0 262.0 314.0 108.0 81.0 129.0 44.0 468.0 255.0 113.0 316.0 180.0 42.0 249.0 442.0 206.0 57.0 101.0 98.0 50.0 141.0 59.0
381 28.0 423.0 86.0 312.0 228.0 76.0 313.0 345.0 29.0 86.0 299.0 178.0 223.0 89.0 65.0 62.0 32.0 410.0 183.0 68.0 202.0 114.0 24.0 152.0 345.0 133.0 55.0 78.0 43.0 47.0 84.0 54.0
384 31.0 379.0 70.0 194.0 121.0 91.0 219.0 256.0 28.0 58.0 222.0 99.0 137.0 64.0 52.0 57.0 28.0 341.0 127.0 39.0 111.0 75.0 44.0 87.0 221.0 88.0 60.0 68.0 41.0 39.0 71.0 45.0
387 25.0 284.0 54.0 112.0 69.0 87.0 138.0 154.0 24.0 45.0 134.0 74.0 100.0 50.0 46.0 47.0 37.0 251.0 72.0 45.0 81.0 49.0 30.0 82.0 142.0 64.0 44.0 59.0 38.0 29.0 63.0 44.0
390 34.0 205.0 38.0 74.0 59.0 79.0 92.0 85.0 42.0 33.0 103.0 63.0 63.0 49.0 42.0 55.0 32.0 203.0 52.0 59.0 63.0 58.0 26.0 52.0 87.0 45.0 46.0 68.0 34.0 36.0 53.0 47.0
393 20.0 119.0 39.0 68.0 51.0 75.0 57.0 80.0 23.0 32.0 61.0 65.0 48.0 39.0 55.0 57.0 28.0 130.0 55.0 50.0 53.0 34.0 24.0 58.0 76.0 37.0 43.0 64.0 34.0 40.0 67.0 40.0
396 23.0 89.0 42.0 51.0 35.0 88.0 50.0 68.0 26.0 38.0 51.0 67.0 40.0 41.0 45.0 48.0 25.0 81.0 50.0 42.0 57.0 39.0 28.0 54.0 55.0 35.0 41.0 55.0 35.0 35.0 52.0 49.0
399 21.0 60.0 44.0 74.0 39.0 65.0 53.0 53.0 32.0 31.0 48.0 57.0 33.0 47.0 47.0 56.0 20.0 61.0 48.0 41.0 47.0 40.0 34.0 42.0 61.0 45.0 36.0 54.0 37.0 35.0 59.0 37.0
402 21.0 63.0 51.0 48.0 48.0 74.0 46.0 60.0 39.0 30.0 58.0 64.0 46.0 44.0 38.0 42.0 22.0 57.0 50.0 37.0 46.0 44.0 22.0 51.0 59.0 43.0 36.0 52.0 47.0 33.0 49.0 52.0
405 17.0 53.0 37.0 55.0 38.0 75.0 53.0 63.0 25.0 30.0 53.0 49.0 43.0 45.0 27.0 44.0 29.0 50.0 40.0 44.0 49.0 53.0 31.0 44.0 49.0 40.0 33.0 66.0 40.0 31.0 67.0 41.0
408 11.0 33.0 36.0 56.0 33.0 69.0 57.0 48.0 18.0 27.0 44.0 54.0 54.0 44.0 33.0 36.0 22.0 52.0 52.0 31.0 38.0 36.0 27.0 65.0 58.0 32.0 42.0 49.0 37.0 32.0 56.0 34.0
411 13.0 57.0 37.0 53.0 46.0 70.0 55.0 44.0 22.0 35.0 57.0 40.0 49.0 33.0 46.0 44.0 24.0 50.0 52.0 18.0 39.0 44.0 28.0 39.0 43.0 36.0 32.0 57.0 37.0 36.0 54.0 25.0
414 5.0 39.0 27.0 49.0 25.0 54.0 46.0 48.0 31.0 30.0 51.0 31.0 53.0 31.0 38.0 39.0 16.0 56.0 42.0 33.0 34.0 34.0 23.0 46.0 49.0 27.0 27.0 58.0 26.0 33.0 49.0 33.0
417 3.0 36.0 42.0 53.0 35.0 43.0 47.0 47.0 22.0 25.0 43.0 44.0 28.0 34.0 25.0 44.0 15.0 35.0 47.0 46.0 37.0 30.0 21.0 28.0 41.0 30.0 27.0 47.0 30.0 27.0 38.0 32.0
420 4.0 48.0 33.0 43.0 34.0 46.0 41.0 36.0 11.0 32.0 43.0 44.0 35.0 26.0 28.0 35.0 10.0 54.0 42.0 26.0 29.0 37.0 17.0 33.0 41.0 29.0 29.0 29.0 29.0 16.0 31.0 24.0
423 3.0 34.0 24.0 41.0 50.0 40.0 42.0 27.0 10.0 15.0 38.0 42.0 41.0 33.0 13.0 23.0 13.0 42.0 37.0 35.0 33.0 29.0 18.0 39.0 40.0 27.0 22.0 29.0 23.0 25.0 32.0 16.0
426 0.0 37.0 28.0 39.0 29.0 20.0 39.0 37.0 6.0 19.0 49.0 28.0 23.0 31.0 26.0 16.0 8.0 48.0 35.0 23.0 37.0 20.0 8.0 43.0 34.0 34.0 18.0 24.0 22.0 3.0 22.0 21.0
429 3.0 38.0 29.0 38.0 28.0 13.0 33.0 38.0 4.0 21.0 42.0 46.0 23.0 26.0 20.0 15.0 4.0 42.0 25.0 22.0 27.0 18.0 9.0 31.0 33.0 31.0 10.0 18.0 8.0 6.0 25.0 10.0
432 3.0 45.0 25.0 27.0 30.0 8.0 40.0 35.0 2.0 16.0 33.0 31.0 33.0 19.0 10.0 11.0 1.0 34.0 31.0 18.0 31.0 13.0 4.0 29.0 29.0 25.0 11.0 21.0 15.0 7.0 20.0 8.0
435 1.0 44.0 8.0 34.0 22.0 3.0 34.0 36.0 1.0 13.0 32.0 23.0 22.0 7.0 11.0 13.0 6.0 39.0 16.0 14.0 17.0 17.0 4.0 27.0 35.0 12.0 5.0 11.0 11.0 5.0 22.0 3.0
438 3.0 43.0 14.0 24.0 12.0 4.0 29.0 29.0 0.0 16.0 26.0 15.0 22.0 10.0 0.0 9.0 5.0 36.0 16.0 7.0 23.0 12.0 6.0 13.0 35.0 16.0 3.0 1.0 4.0 5.0 6.0 5.0
441 2.0 26.0 10.0 23.0 16.0 3.0 12.0 26.0 2.0 7.0 9.0 21.0 17.0 5.0 5.0 7.0 0.0 31.0 9.0 10.0 12.0 2.0 0.0 15.0 28.0 11.0 4.0 8.0 4.0 2.0 5.0 8.0
444 0.0 29.0 2.0 20.0 14.0 7.0 15.0 17.0 2.0 2.0 14.0 7.0 12.0 5.0 5.0 2.0 4.0 24.0 5.0 2.0 4.0 9.0 1.0 8.0 18.0 7.0 7.0 5.0 7.0 1.0 6.0 2.0
447 2.0 18.0 5.0 18.0 8.0 7.0 8.0 13.0 4.0 2.0 11.0 8.0 7.0 5.0 2.0 7.0 3.0 20.0 8.0 4.0 6.0 5.0 1.0 9.0 10.0 8.0 0.0 7.0 3.0 3.0 2.0 3.0
