150 18708723.0 18703621.0 18703307.0 18694100.0 18701736.0 18694241.0 18695492.0 18692352.0 18691547.0 18691278.0 18684941.0 18688387.0 18694341.0 18693906.0 18688073.0 18686106.0 18693688.0 18694643.0 18695165.0 18691936.0 18689442.0 18696512.0 18687293.0 18693464.0 18690425.0 18698451.0 18680769.0 18692379.0 18689553.0 18697008.0 18699959.0 18699107.0
153 19130695.0 19126344.0 19125749.0 19118195.0 19124666.0 19117661.0 19119516.0 19115912.0 19115541.0 19114669.0 19109433.0 19110944.0 19118098.0 19117664.0 19111681.0 19109287.0 19118294.0 19118024.0 19118839.0 19115444.0 19112770.0 19120168.0 19110227.0 19117553.0 19113780.0 19122281.0 19103898.0 19116290.0 19112707.0 19121080.0 19123152.0 19123076.0
156 19552353.0 19547347.0 19546959.0 19540762.0 19546168.0 19539622.0 19542305.0 19538171.0 19537496.0 19536037.0 19532770.0 19531997.0 19540393.0 19539566.0 19532796.0 19530528.0 19543554.0 19540517.0 19541393.0 19538191.0 19534800.0 19542653.0 19531832.0 19540302.0 19536015.0 19545476.0 19524979.0 19539503.0 19534943.0 19544101.0 19545699.0 19546427.0
159 19827169.0 19822232.0 19822146.0 19814316.0 19821298.0 19814731.0 19817220.0 19812400.0 19811746.0 19811029.0 19806793.0 19807397.0 19814962.0 19814520.0 19807049.0 19805360.0 19818800.0 19815986.0 19817176.0 19813373.0 19810175.0 19818347.0 19806927.0 19816172.0 19810826.0 19821870.0 19799698.0 19815813.0 19809892.0 19820176.0 19822465.0 19823221.0
162 20182335.0 20176749.0 20177713.0 20170289.0 20177306.0 20170141.0 20173572.0 20168202.0 20168376.0 20166881.0 20163986.0 20163261.0 20171984.0 20170935.0 20164466.0 20162640.0 20175515.0 20172246.0 20173387.0 20169718.0 20165992.0 20173837.0 20162531.0 20171578.0 20166982.0 20177904.0 20155900.0 20171497.0 20165903.0 20175717.0 20177590.0 20178802.0
165 20238720.0 20233445.0 20233012.0 20224955.0 20232330.0 20223753.0 20228432.0 20221078.0 20223060.0 20219160.0 20219937.0 20214787.0 20226287.0 20224479.0 20217942.0 20214259.0 20230034.0 20225531.0 20226583.0 20222955.0 20216433.0 20226274.0 20212518.0 20224078.0 20217375.0 20229562.0 20206090.0 20222887.0 20217028.0 20227003.0 20228207.0 20229870.0
168 19974696.0 19968867.0 19950530.0 19858491.0 19949079.0 19822285.0 19932270.0 19809879.0 19906850.0 19804509.0 19915394.0 19841002.0 19922608.0 19915710.0 19903908.0 19873850.0 19930472.0 19922618.0 19920273.0 19890921.0 19824511.0 19894602.0 19804729.0 19877491.0 19823303.0 19889024.0 19801866.0 19883318.0 19832481.0 19879339.0 19891298.0 19906150.0
171 12186906.0 12144519.0 11893839.0 11121129.0 11893260.0 10959497.0 11793974.0 10900677.0 11642256.0 10977937.0 11753051.0 11549555.0 11742692.0 11734000.0 11788348.0 11984568.0 11793844.0 12015357.0 11896532.0 11483917.0 11223511.0 11503776.0 11111486.0 11198076.0 11136207.0 11331651.0 11277212.0 11387882.0 11328389.0 11240102.0 11344992.0 11706722.0
174 9172483.0 9251910.0 9172137.0 9407584.0 9336946.0 9352599.0 9347684.0 9292855.0 9356510.0 9359777.0 9500765.0 9917985.0 9532341.0 9505415.0 9613297.0 10330372.0 9577850.0 9847104.0 9659439.0 9285878.0 9579730.0 9302802.0 9480025.0 8988079.0 9473854.0 9078982.0 9686586.0 9132643.0 9693820.0 8973655.0 9025950.0 9291598.0
177 6404378.0 6480894.0 6410414.0 6741462.0 6566636.0 6724374.0 6574242.0 6683097.0 6611245.0 6733584.0 6749697.0 7241156.0 6775947.0 6752548.0 6879184.0 7594395.0 6805223.0 7063346.0 6883732.0 6572365.0 6935633.0 6604344.0 6851730.0 6317830.0 6847743.0 6386222.0 7077804.0 6440309.0 7040341.0 6297001.0 6310661.0 6548319.0
180 198283.0 234143.0 208355.0 207612.0 219614.0 209395.0 236995.0 201923.0 255111.0 220476.0 298270.0 311236.0 237788.0 269213.0 326630.0 349577.0 251870.0 279741.0 264033.0 254191.0 239376.0 254278.0 244250.0 230996.0 225360.0 219439.0 316833.0 258749.0 260118.0 213485.0 203749.0 237636.0
183 128670.0 146864.0 121936.0 118596.0 128159.0 119194.0 138397.0 124635.0 143164.0 126857.0 186915.0 137300.0 137139.0 140326.0 168317.0 148138.0 136317.0 132024.0 136675.0 144777.0 130692.0 131586.0 139578.0 145916.0 125189.0 127821.0 165305.0 156509.0 129499.0 127693.0 126173.0 139340.0
186 126606.0 145272.0 120417.0 117324.0 126205.0 116785.0 136343.0 123376.0 139416.0 124360.0 186632.0 128848.0 135074.0 134642.0 160310.0 137635.0 134577.0 125020.0 130981.0 141036.0 125835.0 125206.0 135967.0 144339.0 120899.0 123345.0 154542.0 150120.0 121243.0 123081.0 123818.0 131246.0
189 127093.0 145641.0 119583.0 118024.0 126752.0 116929.0 135763.0 123589.0 139583.0 125167.0 186073.0 127074.0 135467.0 134900.0 159687.0 138229.0 135048.0 124881.0 131523.0 139746.0 125922.0 124608.0 134360.0 144443.0 120455.0 123326.0 153368.0 148893.0 121044.0 122553.0 123246.0 131484.0
192 126881.0 145959.0 120242.0 117695.0 126654.0 117253.0 136094.0 124238.0 139390.0 124319.0 186159.0 128073.0 135597.0 134587.0 160501.0 137629.0 134663.0 125863.0 131299.0 140425.0 125934.0 123895.0 133782.0 144159.0 120766.0 122752.0 153392.0 149792.0 120903.0 122681.0 123439.0 131670.0
195 126661.0 145358.0 119700.0 117235.0 126186.0 117186.0 135902.0 123406.0 139280.0 124555.0 186047.0 127941.0 134725.0 135461.0 160910.0 137638.0 150338.0 125275.0 130433.0 140825.0 125474.0 124579.0 133593.0 143992.0 121402.0 122781.0 153948.0 149630.0 121237.0 122439.0 122986.0 130593.0
198 126897.0 144516.0 119291.0 117039.0 126217.0 116649.0 135719.0 122403.0 139726.0 124329.0 186617.0 127449.0 134514.0 134611.0 159882.0 137324.0 149601.0 124753.0 129953.0 139939.0 125693.0 124216.0 133827.0 143875.0 120366.0 122591.0 153264.0 150117.0 120781.0 121152.0 123103.0 130318.0
201 125861.0 145383.0 119775.0 117098.0 126364.0 116795.0 135403.0 123574.0 139248.0 124093.0 185354.0 127315.0 135092.0 135133.0 160430.0 137878.0 149018.0 125193.0 129995.0 139930.0 125006.0 123855.0 132736.0 145005.0 120735.0 122272.0 152783.0 150262.0 120417.0 122246.0 122521.0 130191.0
204 125911.0 143857.0 119426.0 115859.0 125610.0 116129.0 134303.0 122051.0 138917.0 123753.0 184644.0 127101.0 134629.0 133973.0 159357.0 136344.0 149245.0 124486.0 130077.0 139306.0 125765.0 123686.0 133400.0 142969.0 120114.0 121922.0 152599.0 148658.0 119848.0 121435.0 122304.0 130239.0
207 125628.0 144085.0 119470.0 115393.0 125055.0 115709.0 134349.0 122759.0 139057.0 122943.0 188972.0 127131.0 134186.0 133793.0 158621.0 135548.0 148086.0 123687.0 129364.0 139251.0 125641.0 123033.0 132606.0 142322.0 119896.0 121088.0 151443.0 149123.0 119627.0 120969.0 122528.0 130035.0
210 125253.0 143907.0 118766.0 115865.0 124644.0 116178.0 134401.0 122934.0 137820.0 123122.0 189218.0 127293.0 134615.0 133572.0 159000.0 136687.0 148002.0 124219.0 129064.0 138604.0 124115.0 122780.0 132692.0 143842.0 119987.0 121639.0 152308.0 149011.0 119932.0 121164.0 121676.0 129383.0
213 125526.0 143183.0 117807.0 115627.0 125353.0 115236.0 134490.0 121749.0 137711.0 122589.0 188214.0 125761.0 133476.0 133602.0 158142.0 136249.0 147389.0 123519.0 128761.0 138109.0 124443.0 122962.0 132046.0 141755.0 119075.0 120191.0 151569.0 147462.0 119970.0 120916.0 121473.0 129177.0
216 125023.0 143268.0 117953.0 114353.0 124841.0 114745.0 133498.0 121866.0 137741.0 122497.0 187443.0 126323.0 133858.0 132446.0 157917.0 135111.0 147658.0 123509.0 128711.0 137471.0 123996.0 122538.0 132154.0 141752.0 119297.0 120346.0 150702.0 147939.0 118797.0 121346.0 120984.0 128339.0
219 123709.0 141764.0 117712.0 114346.0 124384.0 113410.0 133215.0 120507.0 133293.0 121321.0 187123.0 126192.0 133065.0 132175.0 156915.0 134168.0 145890.0 122413.0 127515.0 137397.0 122760.0 121789.0 131173.0 142168.0 118567.0 119725.0 150414.0 147299.0 117986.0 119904.0 120590.0 127131.0
222 121541.0 140949.0 117403.0 113150.0 122749.0 110895.0 132839.0 118823.0 133168.0 120834.0 185393.0 124752.0 132083.0 131542.0 156571.0 134015.0 142566.0 122336.0 127002.0 136862.0 122180.0 121804.0 130457.0 139776.0 117392.0 115451.0 150429.0 145252.0 116246.0 118828.0 119092.0 122626.0
225 107817.0 137855.0 115758.0 107239.0 120897.0 97467.0 127899.0 111535.0 132979.0 115652.0 177915.0 124688.0 130858.0 129715.0 155983.0 132905.0 126727.0 118861.0 123112.0 134417.0 117006.0 118795.0 123741.0 134074.0 109523.0 102958.0 148810.0 141452.0 108254.0 112227.0 113546.0 109071.0
228 72767.0 121986.0 107242.0 82635.0 113771.0 66098.0 111044.0 87364.0 131043.0 97827.0 150616.0 124018.0 121269.0 123015.0 154374.0 126438.0 86858.0 105271.0 106634.0 125426.0 98075.0 108979.0 103533.0 113169.0 89377.0 74938.0 142527.0 126793.0 85032.0 94772.0 96514.0 81538.0
231 31879.0 82854.0 81903.0 43697.0 88256.0 29088.0 70811.0 46277.0 122042.0 61590.0 95642.0 119381.0 92537.0 98874.0 148912.0 100887.0 37693.0 69870.0 68592.0 100150.0 59682.0 83160.0 64633.0 70053.0 51445.0 39172.0 119087.0 88612.0 47256.0 62354.0 62786.0 44187.0
234 11572.0 37377.0 44681.0 15016.0 45417.0 10424.0 28688.0 16578.0 95750.0 26845.0 38789.0 102835.0 47785.0 58650.0 127816.0 56300.0 12881.0 29963.0 28243.0 57564.0 23377.0 45187.0 27470.0 28248.0 19887.0 14599.0 74510.0 41115.0 17664.0 28592.0 27868.0 17410.0
237 7066.0 13035.0 16554.0 7304.0 14836.0 6131.0 10510.0 7524.0 50681.0 9933.0 14148.0 65044.0 15830.0 21453.0 82541.0 18943.0 7968.0 10333.0 10001.0 21041.0 9009.0 16658.0 10618.0 10599.0 8089.0 7080.0 27849.0 13939.0 7592.0 10483.0 9999.0 7977.0
240 6177.0 8296.0 8069.0 5903.0 8071.0 5281.0 7700.0 6341.0 20571.0 6800.0 10024.0 29387.0 8439.0 9818.0 37663.0 9206.0 6919.0 6868.0 7149.0 9892.0 6619.0 8215.0 7412.0 7640.0 6438.0 5984.0 12119.0 8726.0 6154.0 6685.0 7009.0 6349.0
243 5626.0 6964.0 6237.0 5419.0 6635.0 4803.0 6788.0 5540.0 9683.0 5871.0 8681.0 11426.0 6894.0 7248.0 14387.0 7252.0 6285.0 5855.0 6503.0 7605.0 5799.0 6415.0 6258.0 6691.0 5659.0 5331.0 8490.0 7145.0 5534.0 5803.0 5950.0 5702.0
246 5136.0 6323.0 5430.0 5145.0 6060.0 4552.0 6083.0 5175.0 7684.0 5405.0 7862.0 7939.0 5978.0 6201.0 9885.0 6469.0 6010.0 5394.0 6018.0 6466.0 5374.0 5628.0 5909.0 5843.0 5263.0 4995.0 7316.0 6478.0 4939.0 5200.0 5377.0 5312.0
249 4977.0 5779.0 4938.0 4622.0 5359.0 4223.0 5894.0 4853.0 6673.0 5115.0 7394.0 6639.0 5495.0 5615.0 8242.0 5853.0 5553.0 4966.0 5445.0 5951.0 5111.0 5023.0 5608.0 5576.0 5170.0 4774.0 6647.0 5910.0 4770.0 4838.0 5007.0 5098.0
252 4798.0 5524.0 4581.0 4661.0 5319.0 4103.0 5479.0 4648.0 5883.0 4791.0 7038.0 5832.0 5212.0 5274.0 7268.0 5484.0 5548.0 4717.0 5363.0 5574.0 4787.0 4817.0 5284.0 5314.0 4933.0 4713.0 6061.0 5560.0 4663.0 4670.0 4890.0 5121.0
255 4756.0 5356.0 4496.0 4678.0 5090.0 4075.0 5426.0 4571.0 5570.0 4839.0 6959.0 5308.0 5043.0 4965.0 6763.0 5304.0 5343.0 4632.0 5261.0 5369.0 4779.0 4653.0 5041.0 5244.0 4770.0 4536.0 5897.0 5387.0 4503.0 4468.0 4753.0 4902.0
258 4768.0 5388.0 4249.0 4582.0 5126.0 4038.0 5509.0 4619.0 5555.0 4687.0 6771.0 5086.0 4998.0 4902.0 6460.0 5302.0 5317.0 4616.0 5298.0 5249.0 4513.0 4531.0 5146.0 5049.0 4773.0 4447.0 5655.0 5437.0 4497.0 4588.0 4854.0 4755.0
261 4672.0 5257.0 4301.0 4538.0 4874.0 3978.0 5547.0 4645.0 5352.0 4646.0 6817.0 4918.0 4811.0 4893.0 6244.0 5234.0 5396.0 4559.0 5144.0 5244.0 4622.0 4520.0 5079.0 5031.0 4659.0 4358.0 5815.0 5367.0 4458.0 4301.0 4585.0 4743.0
264 4645.0 5376.0 4462.0 4375.0 4992.0 3923.0 5437.0 4537.0 5433.0 4629.0 6681.0 4876.0 4851.0 4810.0 6187.0 5359.0 4765.0 4466.0 5164.0 5159.0 4596.0 4488.0 5011.0 5095.0 4779.0 4304.0 5762.0 5185.0 4225.0 4403.0 4696.0 4707.0
267 4441.0 5214.0 4244.0 4411.0 4828.0 3848.0 5334.0 4396.0 5235.0 4496.0 6591.0 4903.0 4716.0 4734.0 6069.0 5211.0 4775.0 4448.0 5019.0 5183.0 4582.0 4376.0 4822.0 4945.0 4424.0 4302.0 5659.0 5212.0 4197.0 4228.0 4507.0 4693.0
270 4435.0 5065.0 4140.0 4232.0 4802.0 3772.0 5197.0 4384.0 5283.0 4408.0 6557.0 4925.0 4891.0 4697.0 6018.0 5203.0 4709.0 4310.0 5053.0 5005.0 4419.0 4299.0 4981.0 4789.0 4555.0 4325.0 5563.0 5211.0 4152.0 4262.0 4475.0 4560.0
273 4309.0 4989.0 4268.0 4179.0 4665.0 3841.0 5141.0 4357.0 5227.0 4473.0 6396.0 4911.0 4709.0 4698.0 5971.0 5024.0 4587.0 4316.0 4919.0 5107.0 4310.0 4374.0 4832.0 4762.0 4450.0 4083.0 5436.0 5009.0 4232.0 4270.0 4499.0 4494.0
276 4208.0 4940.0 4173.0 4221.0 4653.0 3631.0 4988.0 4257.0 5172.0 4278.0 6161.0 4734.0 4500.0 4636.0 5861.0 4964.0 4492.0 4259.0 4749.0 4880.0 4305.0 4392.0 4701.0 4621.0 4411.0 4038.0 5545.0 5033.0 4040.0 4117.0 4311.0 4313.0
279 4245.0 4778.0 4111.0 4199.0 4604.0 3550.0 5002.0 4142.0 5168.0 4277.0 5981.0 4672.0 4438.0 4536.0 5743.0 4845.0 4334.0 4169.0 4714.0 4855.0 4192.0 4088.0 4583.0 4538.0 4312.0 4019.0 5250.0 4841.0 4049.0 4074.0 4243.0 4265.0
282 3967.0 4756.0 4018.0 3901.0 4635.0 3600.0 4825.0 3969.0 5062.0 4210.0 5851.0 4619.0 4388.0 4425.0 5762.0 4786.0 4690.0 3943.0 4610.0 4599.0 4151.0 4211.0 4640.0 4495.0 4250.0 3928.0 5282.0 4792.0 4019.0 4079.0 4092.0 4165.0
285 3927.0 4600.0 3954.0 3859.0 4465.0 3364.0 4859.0 3914.0 4837.0 3982.0 5660.0 4583.0 4378.0 4475.0 5522.0 4602.0 4660.0 4036.0 4488.0 4600.0 4156.0 4105.0 4396.0 4478.0 4167.0 3800.0 5114.0 4582.0 3854.0 3865.0 4093.0 3930.0
288 3657.0 4509.0 3917.0 3813.0 4329.0 3112.0 4540.0 3850.0 4945.0 4080.0 5463.0 4522.0 4114.0 4254.0 5649.0 4744.0 4261.0 3815.0 4462.0 4556.0 3955.0 4082.0 4318.0 4229.0 3987.0 3470.0 5128.0 4717.0 3590.0 3789.0 4007.0 3721.0
291 3049.0 4350.0 3565.0 3459.0 4243.0 2596.0 4411.0 3541.0 4782.0 3881.0 5068.0 4309.0 4185.0 4048.0 5497.0 4477.0 3588.0 3654.0 4244.0 4488.0 3691.0 3853.0 4035.0 4102.0 3575.0 3142.0 4900.0 4372.0 3222.0 3612.0 3871.0 3285.0
294 2271.0 4032.0 3464.0 2841.0 4008.0 1904.0 3952.0 2913.0 4645.0 3355.0 4545.0 4185.0 4077.0 3979.0 5348.0 4255.0 2708.0 3409.0 3748.0 4214.0 3287.0 3608.0 3609.0 3671.0 3150.0 2400.0 4717.0 4104.0 2650.0 3257.0 3340.0 2473.0
297 1374.0 3388.0 3074.0 1931.0 3617.0 1132.0 3087.0 2167.0 4543.0 2656.0 3595.0 4207.0 3527.0 3637.0 5193.0 3958.0 1703.0 2685.0 2926.0 3978.0 2378.0 3153.0 2902.0 2875.0 2357.0 1643.0 4302.0 3369.0 1820.0 2521.0 2686.0 1751.0
300 710.0 2466.0 2559.0 1085.0 2921.0 563.0 2074.0 1296.0 4353.0 1928.0 2273.0 4184.0 3055.0 2994.0 4996.0 3119.0 861.0 1883.0 1842.0 3235.0 1573.0 2569.0 1893.0 2008.0 1472.0 913.0 3712.0 2639.0 1100.0 1870.0 1934.0 1003.0
303 387.0 1521.0 1823.0 529.0 2013.0 321.0 1153.0 610.0 3832.0 1140.0 1104.0 3841.0 2114.0 2345.0 4824.0 2203.0 462.0 1049.0 983.0 2343.0 827.0 1879.0 1087.0 1155.0 767.0 505.0 2947.0 1668.0 605.0 1090.0 1249.0 544.0
306 310.0 805.0 1097.0 339.0 1155.0 268.0 577.0 409.0 3076.0 654.0 676.0 3393.0 1291.0 1537.0 4385.0 1305.0 341.0 553.0 499.0 1553.0 459.0 1080.0 563.0 611.0 418.0 297.0 1925.0 889.0 353.0 655.0 632.0 381.0
309 306.0 446.0 620.0 293.0 565.0 224.0 394.0 303.0 2223.0 385.0 446.0 2679.0 653.0 753.0 3406.0 633.0 318.0 363.0 366.0 784.0 294.0 570.0 364.0 381.0 351.0 263.0 960.0 478.0 279.0 359.0 387.0 315.0
312 257.0 369.0 347.0 282.0 378.0 217.0 328.0 271.0 1356.0 314.0 405.0 1845.0 407.0 454.0 2391.0 401.0 298.0 271.0 341.0 447.0 261.0 376.0 327.0 341.0 310.0 241.0 518.0 382.0 281.0 326.0 267.0 282.0
315 274.0 298.0 264.0 277.0 343.0 226.0 342.0 264.0 677.0 278.0 390.0 1062.0 335.0 323.0 1462.0 325.0 266.0 257.0 332.0 365.0 264.0 289.0 327.0 312.0 269.0 254.0 378.0 313.0 236.0 256.0 272.0 266.0
318 275.0 291.0 245.0 283.0 292.0 173.0 332.0 243.0 500.0 264.0 344.0 567.0 297.0 279.0 761.0 317.0 310.0 257.0 309.0 306.0 273.0 281.0 329.0 247.0 277.0 257.0 366.0 310.0 253.0 256.0 279.0 256.0
321 250.0 274.0 240.0 240.0 295.0 190.0 299.0 248.0 374.0 260.0 356.0 347.0 267.0 286.0 488.0 305.0 304.0 245.0 281.0 269.0 217.0 253.0 273.0 281.0 241.0 244.0 335.0 288.0 250.0 238.0 272.0 219.0
324 260.0 287.0 236.0 237.0 274.0 194.0 318.0 267.0 362.0 239.0 306.0 364.0 251.0 278.0 418.0 321.0 256.0 215.0 305.0 295.0 259.0 248.0 280.0 274.0 266.0 230.0 305.0 260.0 245.0 242.0 267.0 237.0
327 228.0 270.0 235.0 246.0 273.0 221.0 304.0 240.0 309.0 260.0 313.0 298.0 275.0 254.0 373.0 312.0 249.0 251.0 306.0 264.0 259.0 227.0 268.0 249.0 268.0 229.0 316.0 252.0 235.0 237.0 241.0 263.0
330 230.0 284.0 252.0 243.0 266.0 218.0 313.0 240.0 302.0 274.0 297.0 299.0 260.0 247.0 356.0 306.0 244.0 234.0 292.0 280.0 248.0 236.0 277.0 257.0 267.0 205.0 310.0 289.0 225.0 230.0 263.0 277.0
333 215.0 283.0 214.0 213.0 255.0 174.0 298.0 225.0 304.0 235.0 295.0 269.0 261.0 234.0 360.0 253.0 256.0 245.0 267.0 285.0 225.0 228.0 277.0 242.0 270.0 213.0 317.0 241.0 221.0 220.0 218.0 285.0
336 214.0 250.0 203.0 232.0 264.0 194.0 279.0 216.0 319.0 237.0 328.0 244.0 255.0 242.0 337.0 232.0 216.0 210.0 273.0 275.0 241.0 239.0 266.0 251.0 225.0 200.0 295.0 251.0 205.0 233.0 226.0 235.0
339 255.0 288.0 214.0 218.0 256.0 172.0 304.0 236.0 284.0 267.0 290.0 270.0 271.0 235.0 327.0 254.0 243.0 204.0 257.0 305.0 226.0 221.0 260.0 276.0 264.0 205.0 306.0 263.0 206.0 237.0 241.0 209.0
342 193.0 259.0 216.0 218.0 273.0 196.0 286.0 204.0 302.0 242.0 285.0 294.0 244.0 258.0 277.0 252.0 259.0 186.0 283.0 272.0 229.0 211.0 219.0 238.0 229.0 205.0 272.0 248.0 212.0 226.0 233.0 211.0
345 184.0 232.0 225.0 222.0 223.0 169.0 245.0 218.0 278.0 197.0 287.0 282.0 229.0 231.0 332.0 258.0 213.0 218.0 256.0 259.0 205.0 209.0 226.0 219.0 246.0 198.0 263.0 246.0 196.0 212.0 216.0 192.0
348 204.0 237.0 191.0 219.0 249.0 163.0 231.0 188.0 272.0 208.0 271.0 236.0 212.0 219.0 339.0 251.0 234.0 177.0 264.0 271.0 205.0 203.0 248.0 212.0 183.0 185.0 258.0 254.0 202.0 192.0 230.0 225.0
351 168.0 234.0 192.0 199.0 227.0 156.0 245.0 182.0 293.0 217.0 275.0 255.0 247.0 225.0 308.0 235.0 181.0 224.0 229.0 238.0 199.0 193.0 220.0 207.0 228.0 165.0 253.0 234.0 190.0 153.0 208.0 171.0
354 157.0 228.0 180.0 150.0 237.0 114.0 224.0 176.0 288.0 187.0 236.0 261.0 198.0 213.0 284.0 214.0 178.0 195.0 192.0 227.0 198.0 183.0 185.0 204.0 185.0 171.0 264.0 201.0 161.0 168.0 210.0 136.0
357 112.0 244.0 190.0 145.0 262.0 78.0 201.0 146.0 262.0 172.0 229.0 245.0 194.0 202.0 281.0 225.0 143.0 177.0 174.0 219.0 149.0 168.0 162.0 182.0 168.0 129.0 258.0 186.0 100.0 163.0 161.0 111.0
360 88.0 188.0 165.0 106.0 227.0 60.0 194.0 123.0 283.0 144.0 168.0 207.0 198.0 164.0 321.0 203.0 97.0 157.0 148.0 188.0 145.0 174.0 144.0 147.0 121.0 91.0 231.0 172.0 119.0 147.0 137.0 86.0
363 57.0 152.0 136.0 73.0 178.0 33.0 140.0 91.0 247.0 129.0 143.0 221.0 199.0 170.0 293.0 187.0 65.0 114.0 122.0 195.0 87.0 156.0 129.0 120.0 84.0 73.0 213.0 157.0 78.0 122.0 104.0 61.0
366 43.0 114.0 120.0 46.0 158.0 20.0 88.0 60.0 237.0 83.0 78.0 209.0 144.0 162.0 250.0 194.0 35.0 86.0 95.0 156.0 70.0 122.0 87.0 105.0 54.0 41.0 160.0 132.0 45.0 76.0 72.0 46.0
369 21.0 83.0 77.0 27.0 124.0 22.0 70.0 39.0 219.0 70.0 44.0 206.0 129.0 136.0 251.0 123.0 25.0 62.0 57.0 109.0 39.0 77.0 64.0 69.0 52.0 18.0 163.0 75.0 30.0 56.0 55.0 28.0
372 21.0 50.0 55.0 27.0 74.0 11.0 28.0 30.0 180.0 32.0 35.0 189.0 72.0 78.0 241.0 75.0 24.0 47.0 20.0 88.0 26.0 64.0 27.0 37.0 23.0 11.0 94.0 45.0 14.0 33.0 39.0 15.0
375 13.0 32.0 49.0 15.0 47.0 19.0 25.0 13.0 136.0 24.0 14.0 165.0 57.0 42.0 211.0 44.0 27.0 24.0 30.0 54.0 19.0 46.0 23.0 18.0 20.0 19.0 69.0 32.0 24.0 21.0 20.0 14.0
378 20.0 19.0 29.0 13.0 42.0 15.0 25.0 18.0 120.0 14.0 21.0 151.0 25.0 45.0 186.0 31.0 18.0 21.0 24.0 41.0 21.0 32.0 17.0 17.0 16.0 19.0 49.0 27.0 18.0 14.0 17.0 11.0
381 11.0 20.0 20.0 17.0 21.0 10.0 22.0 13.0 89.0 23.0 24.0 110.0 20.0 28.0 162.0 28.0 22.0 15.0 19.0 35.0 15.0 25.0 19.0 27.0 14.0 12.0 25.0 18.0 16.0 17.0 19.0 12.0
384 19.0 17.0 16.0 14.0 28.0 9.0 25.0 11.0 39.0 20.0 28.0 65.0 27.0 17.0 81.0 22.0 17.0 9.0 30.0 22.0 18.0 15.0 12.0 18.0 14.0 8.0 32.0 12.0 18.0 13.0 15.0 15.0
387 18.0 19.0 18.0 18.0 16.0 11.0 25.0 10.0 30.0 20.0 19.0 29.0 16.0 20.0 46.0 20.0 15.0 16.0 19.0 18.0 21.0 17.0 15.0 14.0 22.0 9.0 25.0 13.0 16.0 18.0 17.0 12.0
390 14.0 17.0 10.0 16.0 15.0 8.0 21.0 8.0 18.0 18.0 16.0 30.0 14.0 15.0 37.0 20.0 13.0 6.0 24.0 13.0 11.0 20.0 16.0 12.0 13.0 17.0 19.0 14.0 15.0 10.0 17.0 21.0
393 15.0 9.0 11.0 23.0 19.0 11.0 28.0 18.0 21.0 14.0 14.0 23.0 15.0 20.0 27.0 21.0 15.0 12.0 23.0 17.0 14.0 16.0 20.0 15.0 11.0 12.0 24.0 12.0 10.0 12.0 16.0 19.0
396 18.0 15.0 13.0 16.0 14.0 14.0 24.0 14.0 21.0 13.0 20.0 12.0 17.0 15.0 27.0 18.0 22.0 12.0 18.0 16.0 15.0 19.0 19.0 12.0 16.0 10.0 22.0 12.0 14.0 16.0 13.0 15.0
399 18.0 20.0 12.0 11.0 9.0 8.0 21.0 15.0 18.0 13.0 21.0 27.0 19.0 23.0 28.0 26.0 17.0 11.0 18.0 18.0 15.0 13.0 18.0 20.0 12.0 12.0 16.0 14.0 9.0 20.0 13.0 18.0
402 9.0 10.0 10.0 13.0 15.0 4.0 14.0 17.0 24.0 14.0 22.0 14.0 11.0 13.0 23.0 17.0 9.0 12.0 19.0 11.0 9.0 14.0 9.0 16.0 11.0 16.0 15.0 15.0 13.0 11.0 17.0 16.0
405 13.0 19.0 10.0 16.0 21.0 10.0 13.0 12.0 25.0 16.0 18.0 21.0 12.0 7.0 19.0 18.0 23.0 11.0 18.0 14.0 7.0 17.0 12.0 9.0 19.0 12.0 26.0 17.0 13.0 13.0 16.0 18.0
408 15.0 10.0 9.0 13.0 17.0 8.0 21.0 5.0 16.0 14.0 14.0 16.0 17.0 17.0 17.0 17.0 14.0 16.0 19.0 11.0 17.0 12.0 19.0 9.0 17.0 4.0 24.0 9.0 9.0 15.0 11.0 8.0
411 6.0 11.0 14.0 11.0 13.0 5.0 15.0 13.0 19.0 8.0 12.0 12.0 13.0 17.0 24.0 12.0 15.0 14.0 17.0 12.0 14.0 15.0 17.0 13.0 14.0 11.0 16.0 9.0 11.0 12.0 12.0 8.0
414 8.0 13.0 7.0 9.0 15.0 3.0 17.0 10.0 21.0 10.0 17.0 15.0 12.0 21.0 9.0 15.0 17.0 16.0 19.0 15.0 8.0 15.0 6.0 10.0 19.0 6.0 14.0 10.0 6.0 11.0 13.0 9.0
417 4.0 8.0 6.0 13.0 10.0 9.0 10.0 7.0 20.0 17.0 10.0 15.0 13.0 15.0 25.0 15.0 5.0 7.0 10.0 9.0 12.0 11.0 14.0 8.0 7.0 12.0 18.0 9.0 7.0 13.0 16.0 2.0
420 3.0 9.0 13.0 12.0 20.0 4.0 12.0 8.0 10.0 11.0 7.0 13.0 14.0 13.0 20.0 14.0 7.0 6.0 9.0 7.0 8.0 7.0 10.0 8.0 3.0 9.0 17.0 14.0 9.0 9.0 11.0 5.0
423 4.0 6.0 6.0 2.0 8.0 3.0 4.0 3.0 22.0 6.0 12.0 18.0 12.0 11.0 20.0 3.0 4.0 5.0 5.0 9.0 8.0 12.0 8.0 13.0 7.0 6.0 13.0 10.0 5.0 7.0 7.0 3.0
426 2.0 7.0 4.0 5.0 9.0 1.0 8.0 8.0 14.0 6.0 5.0 18.0 12.0 10.0 21.0 12.0 1.0 5.0 3.0 8.0 3.0 5.0 6.0 10.0 5.0 2.0 8.0 11.0 1.0 8.0 6.0 4.0
429 3.0 3.0 8.0 0.0 11.0 1.0 2.0 1.0 19.0 2.0 4.0 13.0 8.0 9.0 20.0 13.0 1.0 2.0 6.0 10.0 2.0 13.0 4.0 3.0 6.0 0.0 10.0 5.0 2.0 3.0 11.0 2.0
432 1.0 6.0 5.0 5.0 6.0 1.0 2.0 1.0 14.0 4.0 5.0 9.0 6.0 7.0 18.0 7.0 3.0 6.0 4.0 4.0 2.0 8.0 1.0 4.0 1.0 3.0 11.0 4.0 3.0 5.0 5.0 4.0
435 0.0 2.0 5.0 3.0 5.0 3.0 3.0 0.0 9.0 4.0 3.0 14.0 6.0 5.0 19.0 7.0 1.0 3.0 4.0 3.0 1.0 4.0 2.0 3.0 2.0 4.0 2.0 1.0 1.0 0.0 3.0 1.0
438 3.0 6.0 5.0 0.0 3.0 1.0 3.0 0.0 7.0 5.0 1.0 14.0 1.0 2.0 20.0 3.0 1.0 3.0 2.0 2.0 0.0 1.0 1.0 3.0 3.0 0.0 3.0 3.0 0.0 5.0 5.0 2.0
441 2.0 1.0 1.0 0.0 2.0 2.0 2.0 0.0 5.0 0.0 1.0 8.0 4.0 1.0 6.0 2.0 0.0 1.0 2.0 0.0 1.0 1.0 2.0 0.0 3.0 2.0 4.0 3.0 2.0 3.0 0.0 1.0
444 2.0 2.0 1.0 1.0 1.0 0.0 1.0 1.0 9.0 2.0 0.0 7.0 0.0 3.0 13.0 3.0 4.0 0.0 1.0 1.0 1.0 2.0 1.0 1.0 2.0 0.0 0.0 2.0 2.0 1.0 2.0 4.0
447 3.0 3.0 1.0 1.0 3.0 3.0 2.0 1.0 4.0 0.0 1.0 8.0 1.0 2.0 7.0 1.0 0.0 2.0 2.0 3.0 2.0 1.0 0.0 3.0 0.0 0.0 0.0 0.0 1.0 4.0 2.0 0.0
