150 423171.0 212219.0 239801.0 251213.0 229816.0 237129.0 383607.0 290840.0 222003.0 215594.0 232652.0 203903.0 324159.0 219602.0 321074.0 239854.0 280966.0 249377.0 222401.0 249865.0 217659.0 229616.0 276302.0 248938.0 231861.0 202626.0 317669.0 238131.0 254790.0 267990.0 235231.0 264877.0
153 8455295.0 8355813.0 8365059.0 8363774.0 8373738.0 8362326.0 8422141.0 8377450.0 8348451.0 8385993.0 8360788.0 8349983.0 8403369.0 8347464.0 8415761.0 8356878.0 8403797.0 8358468.0 8350723.0 8360803.0 8348759.0 8386753.0 8376948.0 8367163.0 8365235.0 8353547.0 8405418.0 8377285.0 8380617.0 8392485.0 8398018.0 8387967.0
156 18344262.0 18375951.0 18369527.0 18334632.0 18375205.0 18336140.0 18321575.0 18321055.0 18353350.0 18345735.0 18357717.0 18345845.0 18344397.0 18363360.0 18340204.0 18338763.0 18356664.0 18350458.0 18357748.0 18346783.0 18340104.0 18359339.0 18324510.0 18348620.0 18338038.0 18361665.0 18317075.0 18360196.0 18330729.0 18354812.0 18372909.0 18357466.0
159 18580692.0 18615833.0 18611119.0 18595964.0 18614751.0 18597442.0 18575291.0 18584542.0 18607352.0 18606548.0 18605016.0 18604295.0 18593486.0 18608864.0 18591482.0 18595822.0 18602276.0 18601460.0 18608878.0 18600431.0 18600620.0 18609654.0 18585626.0 18603568.0 18600012.0 18616299.0 18581609.0 18611521.0 18592707.0 18607192.0 18619897.0 18608620.0
162 19114456.0 19145917.0 19141264.0 19124709.0 19145255.0 19125492.0 19108906.0 19113258.0 19137663.0 19135538.0 19135566.0 19132741.0 19127226.0 19140363.0 19123129.0 19125047.0 19133473.0 19133216.0 19140381.0 19132843.0 19130095.0 19139810.0 19114348.0 19135015.0 19128970.0 19147348.0 19110121.0 19143417.0 19120900.0 19138622.0 19150255.0 19140950.0
165 19354493.0 19384410.0 19380019.0 19362952.0 19383964.0 19362110.0 19350862.0 19350247.0 19376961.0 19372598.0 19373272.0 19369818.0 19368941.0 19378437.0 19365348.0 19362693.0 19373499.0 19372998.0 19379842.0 19372327.0 19367224.0 19377477.0 19350839.0 19374399.0 19366661.0 19386203.0 19347308.0 19382656.0 19357245.0 19377427.0 19388518.0 19381596.0
168 19551887.0 19584481.0 19579593.0 19560656.0 19583189.0 19559785.0 19553110.0 19548187.0 19576693.0 19570608.0 19572044.0 19567646.0 19571704.0 19578556.0 19564581.0 19560004.0 19573413.0 19573580.0 19580331.0 19572385.0 19565126.0 19575982.0 19548175.0 19574274.0 19564488.0 19586202.0 19544044.0 19583215.0 19554496.0 19577000.0 19588175.0 19583691.0
171 19684474.0 19715630.0 19709852.0 19691376.0 19714021.0 19689545.0 19685160.0 19678573.0 19707138.0 19700750.0 19701922.0 19697557.0 19705354.0 19707721.0 19697473.0 19690906.0 19702660.0 19704336.0 19711302.0 19703013.0 19694929.0 19705665.0 19677080.0 19704824.0 19693775.0 19716835.0 19673815.0 19713316.0 19682199.0 19706759.0 19719076.0 19717650.0
174 19523947.0 19558561.0 19552545.0 19515937.0 19556707.0 19501649.0 19523182.0 19492973.0 19544781.0 19516525.0 19539821.0 19520628.0 19546496.0 19547640.0 19533211.0 19522669.0 19541321.0 19542640.0 19549428.0 19539782.0 19520542.0 19538919.0 19490381.0 19538792.0 19516810.0 19550082.0 19484255.0 19546268.0 19488792.0 19539524.0 19552227.0 19550724.0
177 17758536.0 17931768.0 17709145.0 17306344.0 17581346.0 17101140.0 17661594.0 17179536.0 17604400.0 17012816.0 17570974.0 17238771.0 17666799.0 17676334.0 17415778.0 17478317.0 17498706.0 17700783.0 17673086.0 17634063.0 17255013.0 17407849.0 17154010.0 17552605.0 17210482.0 17487646.0 17111504.0 17579410.0 17002159.0 17510249.0 17516434.0 17785441.0
180 9755495.0 10017547.0 9691480.0 9873890.0 9504170.0 9510953.0 9957409.0 9866933.0 9773395.0 9223448.0 9752914.0 9809603.0 10001774.0 10039451.0 9495032.0 10468436.0 9561961.0 10108068.0 9996497.0 9979800.0 9840899.0 9345058.0 9726266.0 9735597.0 9773160.0 9391617.0 9709976.0 9648923.0 9162782.0 9470409.0 9370029.0 9968428.0
183 6055684.0 6211531.0 5962916.0 6239623.0 5789201.0 5916130.0 6233251.0 6254094.0 6053607.0 5660979.0 6008148.0 6120551.0 6214055.0 6268326.0 5811362.0 6722186.0 5842157.0 6332804.0 6220226.0 6234934.0 6202381.0 5693542.0 6137128.0 6045698.0 6200141.0 5731982.0 6195597.0 5964643.0 5669949.0 5829132.0 5719083.0 6271971.0
186 938650.0 834979.0 759007.0 778590.0 681446.0 681809.0 943670.0 806307.0 763496.0 609729.0 763983.0 720453.0 876981.0 860080.0 776726.0 939607.0 750713.0 893739.0 814751.0 845191.0 746021.0 681705.0 781441.0 800108.0 768076.0 682555.0 834416.0 785399.0 662903.0 776383.0 712390.0 914377.0
189 405317.0 193724.0 212549.0 226059.0 196821.0 209071.0 350918.0 262992.0 197739.0 180727.0 207132.0 180508.0 293246.0 200792.0 292449.0 223455.0 252016.0 231961.0 201203.0 228503.0 195458.0 198267.0 248723.0 223612.0 209566.0 179188.0 281404.0 212019.0 222573.0 236524.0 194613.0 260708.0
192 398126.0 190657.0 212383.0 224135.0 197245.0 207738.0 349586.0 264796.0 197068.0 181962.0 206662.0 179552.0 290612.0 196130.0 301422.0 214538.0 251788.0 225042.0 198169.0 224928.0 193371.0 196552.0 246433.0 221293.0 205187.0 178956.0 277149.0 208184.0 223041.0 234516.0 191966.0 240755.0
195 401031.0 191235.0 212447.0 223633.0 197539.0 207976.0 351620.0 261786.0 196691.0 181285.0 205515.0 178934.0 292160.0 195689.0 302363.0 214945.0 252723.0 225106.0 198430.0 225191.0 193414.0 197769.0 243948.0 221865.0 206063.0 179909.0 284447.0 208581.0 222349.0 233818.0 192599.0 240513.0
198 401646.0 191623.0 212932.0 224020.0 197732.0 208685.0 352890.0 262999.0 196623.0 182230.0 206910.0 179399.0 291338.0 195660.0 297936.0 214478.0 248947.0 225153.0 198202.0 225573.0 193804.0 197945.0 245648.0 221350.0 205950.0 179288.0 284946.0 208935.0 222658.0 234908.0 192312.0 240194.0
201 383309.0 191644.0 213059.0 226185.0 197056.0 208184.0 352598.0 260392.0 197384.0 181914.0 208192.0 182493.0 290877.0 196618.0 294016.0 214979.0 247241.0 225545.0 198419.0 225968.0 193571.0 198296.0 247336.0 221740.0 206386.0 178984.0 282583.0 208651.0 222524.0 234687.0 192547.0 252637.0
204 386390.0 190272.0 211829.0 225838.0 197292.0 208151.0 349573.0 262011.0 196688.0 180673.0 207412.0 180156.0 290395.0 195405.0 291179.0 214169.0 245316.0 224586.0 198116.0 225283.0 194191.0 198174.0 243583.0 220523.0 205518.0 178872.0 278889.0 209217.0 222585.0 234047.0 192025.0 252686.0
207 378153.0 190259.0 211467.0 225424.0 195570.0 207898.0 348714.0 264666.0 195645.0 182295.0 207289.0 178668.0 290129.0 195461.0 280335.0 213461.0 244373.0 224000.0 197359.0 223625.0 193175.0 197909.0 244013.0 220846.0 205542.0 179011.0 277809.0 208561.0 222451.0 234147.0 192217.0 252662.0
210 398776.0 189286.0 211155.0 225069.0 195018.0 208253.0 350683.0 261399.0 195910.0 180167.0 205803.0 178629.0 289161.0 195115.0 280455.0 213409.0 246826.0 223744.0 197032.0 224314.0 193273.0 196872.0 242900.0 220081.0 204813.0 177895.0 282777.0 208944.0 222563.0 233938.0 191451.0 250063.0
213 400769.0 189628.0 211021.0 224621.0 195023.0 207556.0 349843.0 263251.0 195283.0 180080.0 205672.0 178032.0 288629.0 194556.0 281625.0 212726.0 246875.0 222922.0 197346.0 223130.0 192683.0 196441.0 244293.0 220328.0 205056.0 177984.0 281484.0 207538.0 221412.0 232437.0 190873.0 249446.0
216 392068.0 189129.0 210891.0 222588.0 195294.0 207103.0 347749.0 261171.0 195658.0 179391.0 205395.0 177943.0 288594.0 194698.0 277426.0 214305.0 246956.0 223292.0 197992.0 224838.0 192733.0 197282.0 246049.0 220121.0 202750.0 177525.0 280261.0 208967.0 221874.0 232634.0 190364.0 251614.0
219 396717.0 188104.0 210176.0 221842.0 196032.0 205613.0 347185.0 261573.0 194929.0 178594.0 204971.0 178440.0 286325.0 194593.0 270998.0 210897.0 245732.0 222764.0 196031.0 222719.0 191667.0 195948.0 244376.0 218694.0 202429.0 177061.0 281775.0 207175.0 220525.0 231611.0 190636.0 250113.0
222 394008.0 189330.0 210788.0 221235.0 195306.0 205646.0 346993.0 260472.0 194718.0 178563.0 204018.0 177437.0 284958.0 193853.0 269421.0 211580.0 245928.0 222654.0 196244.0 222514.0 191643.0 195787.0 243395.0 219142.0 202979.0 176992.0 277908.0 207254.0 220387.0 231107.0 190580.0 250198.0
225 364757.0 188038.0 209368.0 221216.0 192905.0 204672.0 344522.0 258230.0 193479.0 178361.0 203355.0 176411.0 283966.0 192635.0 264992.0 210549.0 247977.0 221136.0 195402.0 221989.0 190666.0 194724.0 242111.0 216661.0 199989.0 175111.0 276092.0 204785.0 219274.0 229681.0 189319.0 247375.0
228 365842.0 186785.0 208357.0 220157.0 192357.0 203630.0 340289.0 256953.0 192779.0 175082.0 202919.0 175208.0 280879.0 192184.0 260628.0 209435.0 248716.0 219563.0 193732.0 220735.0 188875.0 194546.0 242644.0 216165.0 200869.0 171281.0 275436.0 203680.0 218551.0 228256.0 186604.0 242542.0
231 367457.0 183829.0 204875.0 217644.0 188141.0 201619.0 337311.0 255269.0 190946.0 161688.0 202381.0 171913.0 272966.0 190283.0 263556.0 207852.0 244900.0 217926.0 190957.0 219061.0 183733.0 193451.0 240012.0 212726.0 195397.0 160340.0 272875.0 197304.0 215081.0 222645.0 175347.0 223699.0
234 362060.0 173944.0 198909.0 208425.0 175833.0 193431.0 332258.0 243896.0 184499.0 128409.0 202046.0 160642.0 242660.0 185624.0 254325.0 202465.0 238304.0 210257.0 178072.0 211128.0 168795.0 189025.0 232998.0 202810.0 181991.0 131481.0 259496.0 180229.0 206447.0 211003.0 149646.0 187719.0
237 348773.0 138346.0 167010.0 167579.0 130407.0 159405.0 304341.0 202020.0 152271.0 65484.0 195175.0 119085.0 150458.0 165359.0 222662.0 175426.0 201371.0 180900.0 133241.0 179529.0 121347.0 174472.0 208109.0 164569.0 131488.0 76164.0 219497.0 132403.0 174104.0 168350.0 96524.0 118250.0
240 311897.0 79517.0 104534.0 94854.0 64563.0 93747.0 227296.0 117659.0 89113.0 23452.0 173325.0 58068.0 55515.0 112560.0 143993.0 112057.0 126205.0 117888.0 65418.0 113101.0 59623.0 130332.0 143488.0 97309.0 65440.0 30264.0 132398.0 67654.0 111577.0 99572.0 42689.0 52560.0
243 215459.0 31371.0 44123.0 38005.0 24428.0 38446.0 119420.0 43973.0 35063.0 12012.0 119773.0 21195.0 23040.0 51782.0 58805.0 46408.0 50645.0 51363.0 23803.0 47483.0 22377.0 68228.0 69238.0 39166.0 24986.0 13418.0 55163.0 25649.0 49309.0 42321.0 17492.0 22110.0
246 94558.0 13652.0 17713.0 17085.0 13362.0 16835.0 43329.0 19167.0 15264.0 9538.0 52359.0 11761.0 17428.0 19004.0 22120.0 18003.0 21028.0 19590.0 13134.0 19307.0 12833.0 25297.0 26168.0 17147.0 13258.0 9866.0 23367.0 13458.0 19984.0 18418.0 11299.0 14029.0
249 39540.0 10646.0 13112.0 13371.0 10941.0 13036.0 25089.0 15291.0 11869.0 8692.0 21608.0 9654.0 15459.0 12722.0 16651.0 13259.0 15879.0 13713.0 11140.0 14138.0 10720.0 14923.0 17820.0 13346.0 11163.0 8827.0 17759.0 11242.0 14577.0 13992.0 9511.0 12440.0
252 26256.0 9277.0 11079.0 11795.0 9729.0 11336.0 20856.0 12992.0 10236.0 8175.0 14619.0 8435.0 14494.0 10745.0 15010.0 11442.0 13970.0 11506.0 9897.0 12260.0 9392.0 12206.0 14566.0 11477.0 10085.0 8075.0 15568.0 10066.0 12193.0 11877.0 8619.0 11327.0
255 22307.0 8399.0 9938.0 10859.0 9144.0 10382.0 18928.0 12105.0 9590.0 7764.0 12307.0 7899.0 13476.0 9672.0 13184.0 10123.0 12804.0 10619.0 9250.0 11001.0 8763.0 10678.0 13081.0 10493.0 9429.0 7731.0 14015.0 9526.0 11082.0 10790.0 7961.0 10888.0
258 19001.0 8013.0 9481.0 10482.0 8636.0 9776.0 17323.0 11085.0 9048.0 7510.0 10803.0 7452.0 13521.0 8849.0 12681.0 9436.0 12159.0 9833.0 9061.0 10418.0 8597.0 9449.0 12149.0 9667.0 8858.0 7721.0 13471.0 9252.0 10217.0 10089.0 7737.0 10540.0
261 17747.0 7825.0 9153.0 10114.0 8628.0 9617.0 16736.0 10815.0 8896.0 7530.0 10057.0 7388.0 13096.0 8595.0 12871.0 9059.0 11813.0 9445.0 8808.0 10206.0 8287.0 9141.0 11865.0 9884.0 8881.0 7469.0 13118.0 8993.0 9947.0 9834.0 7538.0 10384.0
264 17388.0 7725.0 9253.0 10202.0 8556.0 9499.0 16825.0 10916.0 8742.0 7503.0 9906.0 7164.0 12931.0 8378.0 12547.0 8914.0 11632.0 9425.0 8902.0 9968.0 8250.0 9168.0 11714.0 9832.0 8772.0 7499.0 12735.0 8800.0 9946.0 9691.0 7461.0 10237.0
267 16933.0 7698.0 9136.0 10156.0 8262.0 9554.0 16605.0 10557.0 8640.0 7364.0 9784.0 7266.0 12835.0 8138.0 12490.0 9188.0 11573.0 9355.0 8567.0 9822.0 8233.0 8960.0 11365.0 9585.0 8744.0 7317.0 12682.0 8727.0 9758.0 9584.0 7656.0 10009.0
270 16554.0 7560.0 9123.0 9804.0 8360.0 9378.0 16571.0 10411.0 8472.0 7211.0 9670.0 7001.0 12559.0 8116.0 12332.0 8943.0 11525.0 9264.0 8449.0 9836.0 8071.0 8966.0 11159.0 9414.0 8617.0 7312.0 13134.0 8662.0 9831.0 9245.0 7521.0 10006.0
273 16620.0 7625.0 8951.0 9578.0 8226.0 9169.0 16470.0 10315.0 8525.0 7052.0 9578.0 6984.0 12669.0 8133.0 11734.0 8846.0 11393.0 9135.0 8481.0 9810.0 8008.0 8900.0 11193.0 9535.0 8606.0 7160.0 12501.0 8424.0 9612.0 9231.0 7322.0 9872.0
276 16231.0 7345.0 8731.0 9603.0 8120.0 9171.0 15899.0 10273.0 8303.0 6969.0 9387.0 6802.0 12421.0 7940.0 11454.0 8669.0 11035.0 8866.0 8194.0 9508.0 7932.0 8737.0 11069.0 9220.0 8290.0 7104.0 12247.0 8365.0 9539.0 9230.0 7210.0 9665.0
279 16569.0 7201.0 8737.0 9612.0 8083.0 9004.0 15661.0 9889.0 8081.0 7063.0 9324.0 7000.0 12528.0 7886.0 11504.0 8438.0 11329.0 8924.0 8166.0 9506.0 7815.0 8595.0 10976.0 9115.0 8335.0 6959.0 12456.0 8168.0 9561.0 8916.0 7040.0 9533.0
282 17302.0 7160.0 8419.0 9248.0 7795.0 8870.0 15500.0 10131.0 8176.0 6957.0 9170.0 6859.0 11991.0 7683.0 11251.0 8350.0 11156.0 8721.0 8014.0 9383.0 7725.0 8427.0 10945.0 9208.0 8181.0 6885.0 12172.0 8206.0 9216.0 8922.0 7102.0 9166.0
285 16812.0 7014.0 8309.0 9110.0 7877.0 8842.0 15232.0 9767.0 8121.0 6777.0 9123.0 6606.0 11677.0 7605.0 10894.0 8184.0 11083.0 8631.0 7916.0 9190.0 7411.0 8436.0 10882.0 9106.0 7991.0 6813.0 11603.0 8120.0 9321.0 8601.0 6916.0 9126.0
288 15736.0 6985.0 8295.0 8879.0 7520.0 8679.0 14742.0 9409.0 7898.0 6528.0 8985.0 6472.0 11487.0 7587.0 11482.0 8219.0 11018.0 8259.0 7956.0 9091.0 7559.0 8286.0 10476.0 8750.0 7939.0 6625.0 11571.0 7969.0 9164.0 8184.0 6759.0 8824.0
291 15656.0 6757.0 8209.0 8904.0 7428.0 8419.0 14269.0 9421.0 7675.0 6614.0 8921.0 6320.0 11332.0 7431.0 11423.0 8026.0 10682.0 8158.0 7587.0 8894.0 7241.0 8268.0 10390.0 8588.0 7557.0 6499.0 11355.0 7756.0 8771.0 8300.0 6450.0 8567.0
294 15476.0 6698.0 7969.0 8673.0 7080.0 8277.0 13904.0 9116.0 7544.0 6130.0 8777.0 6121.0 10870.0 7256.0 10828.0 7802.0 10464.0 8208.0 7575.0 8688.0 6961.0 8105.0 10274.0 8349.0 7397.0 6110.0 11174.0 7593.0 8676.0 8131.0 6350.0 7955.0
297 15043.0 6371.0 7697.0 8530.0 7027.0 7891.0 13451.0 8932.0 7443.0 5796.0 8613.0 6020.0 10366.0 7146.0 10415.0 7536.0 10136.0 7948.0 7083.0 8455.0 6849.0 7724.0 10051.0 8191.0 7082.0 5581.0 11175.0 7196.0 8504.0 8067.0 5954.0 7317.0
300 14732.0 5993.0 7516.0 7991.0 6589.0 7816.0 13247.0 8230.0 7100.0 4718.0 8517.0 5632.0 9452.0 6968.0 9797.0 7277.0 9741.0 7476.0 6749.0 8085.0 6169.0 7772.0 9576.0 7739.0 6848.0 4516.0 10789.0 6513.0 8156.0 7729.0 5077.0 6074.0
303 14534.0 5462.0 6943.0 7338.0 5962.0 7181.0 12493.0 7668.0 6514.0 3491.0 8209.0 4964.0 7322.0 6465.0 9208.0 6963.0 9179.0 7049.0 5953.0 7613.0 5313.0 7285.0 9259.0 7221.0 5822.0 3398.0 9759.0 5806.0 7599.0 7030.0 4302.0 4625.0
306 13841.0 4429.0 6039.0 5862.0 4580.0 6310.0 11635.0 6265.0 5412.0 1994.0 8082.0 3781.0 4458.0 5764.0 8341.0 5998.0 8215.0 6024.0 4538.0 6631.0 3897.0 7201.0 8375.0 6189.0 4395.0 2162.0 8609.0 4369.0 6615.0 5717.0 3015.0 2938.0
309 13318.0 3053.0 4464.0 4057.0 3001.0 4602.0 9196.0 4457.0 3707.0 1063.0 7520.0 2424.0 2136.0 4634.0 6845.0 4650.0 6607.0 4468.0 2657.0 4904.0 2309.0 6371.0 6922.0 4256.0 2872.0 1035.0 6051.0 2753.0 5121.0 4164.0 1734.0 1596.0
312 12008.0 1895.0 2950.0 2439.0 1705.0 3132.0 6743.0 2715.0 2255.0 690.0 6921.0 1424.0 1267.0 3287.0 4903.0 3066.0 4713.0 3006.0 1381.0 3163.0 1217.0 5239.0 5225.0 2790.0 1666.0 666.0 4125.0 1627.0 3699.0 2865.0 989.0 894.0
315 9413.0 968.0 1597.0 1324.0 959.0 1666.0 4058.0 1418.0 1201.0 535.0 5628.0 797.0 944.0 1867.0 2831.0 1681.0 2625.0 1660.0 849.0 1755.0 775.0 3492.0 3230.0 1423.0 938.0 509.0 2201.0 908.0 2202.0 1576.0 621.0 675.0
318 6448.0 589.0 918.0 855.0 691.0 945.0 2108.0 842.0 714.0 508.0 3975.0 535.0 852.0 959.0 1422.0 871.0 1354.0 885.0 655.0 956.0 615.0 1979.0 1732.0 806.0 631.0 427.0 1226.0 646.0 1221.0 930.0 432.0 678.0
321 2860.0 501.0 667.0 682.0 621.0 670.0 1282.0 668.0 535.0 429.0 1731.0 426.0 818.0 627.0 921.0 621.0 886.0 597.0 562.0 691.0 519.0 898.0 937.0 676.0 565.0 454.0 957.0 562.0 815.0 643.0 435.0 587.0
324 1590.0 452.0 575.0 684.0 504.0 666.0 1124.0 690.0 564.0 455.0 1056.0 360.0 798.0 572.0 730.0 531.0 785.0 573.0 514.0 649.0 481.0 729.0 857.0 645.0 532.0 458.0 840.0 510.0 688.0 575.0 447.0 550.0
327 1309.0 467.0 549.0 602.0 530.0 601.0 1123.0 585.0 539.0 417.0 782.0 415.0 794.0 528.0 753.0 572.0 809.0 553.0 496.0 635.0 516.0 617.0 771.0 568.0 531.0 414.0 828.0 488.0 666.0 527.0 395.0 539.0
330 1157.0 451.0 535.0 639.0 466.0 590.0 1077.0 667.0 543.0 460.0 702.0 407.0 838.0 466.0 676.0 522.0 734.0 537.0 494.0 605.0 490.0 606.0 731.0 601.0 500.0 447.0 781.0 470.0 643.0 517.0 403.0 559.0
333 1154.0 414.0 521.0 610.0 498.0 557.0 1014.0 612.0 557.0 443.0 610.0 410.0 727.0 488.0 683.0 532.0 672.0 506.0 497.0 571.0 477.0 580.0 758.0 590.0 468.0 408.0 760.0 520.0 595.0 525.0 436.0 574.0
336 1090.0 433.0 499.0 561.0 485.0 548.0 1026.0 590.0 503.0 363.0 599.0 384.0 761.0 484.0 681.0 494.0 706.0 545.0 487.0 591.0 462.0 587.0 726.0 566.0 494.0 402.0 756.0 463.0 641.0 537.0 379.0 573.0
339 1024.0 404.0 528.0 619.0 497.0 576.0 961.0 574.0 477.0 369.0 662.0 344.0 682.0 421.0 650.0 467.0 677.0 516.0 489.0 577.0 445.0 563.0 755.0 498.0 470.0 402.0 748.0 507.0 568.0 524.0 346.0 531.0
342 1047.0 384.0 514.0 550.0 503.0 555.0 1016.0 568.0 495.0 381.0 567.0 361.0 702.0 434.0 619.0 480.0 657.0 462.0 467.0 606.0 410.0 516.0 662.0 519.0 446.0 380.0 759.0 449.0 630.0 478.0 333.0 543.0
345 1072.0 410.0 479.0 519.0 428.0 539.0 906.0 543.0 485.0 400.0 594.0 372.0 688.0 484.0 664.0 470.0 715.0 437.0 484.0 548.0 432.0 556.0 670.0 558.0 496.0 377.0 724.0 486.0 586.0 448.0 329.0 476.0
348 1034.0 389.0 482.0 535.0 441.0 542.0 885.0 597.0 447.0 395.0 588.0 344.0 660.0 418.0 619.0 469.0 629.0 478.0 452.0 550.0 422.0 528.0 693.0 530.0 468.0 381.0 722.0 446.0 526.0 515.0 331.0 490.0
351 907.0 414.0 521.0 505.0 422.0 523.0 909.0 497.0 487.0 372.0 581.0 313.0 667.0 439.0 532.0 448.0 699.0 482.0 461.0 489.0 454.0 482.0 631.0 489.0 461.0 392.0 703.0 448.0 540.0 460.0 365.0 460.0
354 959.0 347.0 422.0 515.0 458.0 541.0 892.0 503.0 419.0 304.0 554.0 343.0 640.0 423.0 572.0 433.0 664.0 439.0 459.0 517.0 375.0 509.0 664.0 498.0 386.0 356.0 697.0 389.0 525.0 431.0 326.0 439.0
357 985.0 370.0 442.0 482.0 393.0 493.0 811.0 546.0 463.0 322.0 506.0 310.0 575.0 404.0 576.0 413.0 640.0 400.0 397.0 475.0 357.0 475.0 643.0 484.0 423.0 319.0 650.0 415.0 535.0 443.0 320.0 390.0
360 855.0 347.0 439.0 463.0 419.0 478.0 817.0 469.0 436.0 265.0 565.0 315.0 559.0 396.0 486.0 432.0 631.0 425.0 345.0 521.0 325.0 502.0 647.0 494.0 416.0 295.0 628.0 387.0 456.0 424.0 289.0 366.0
363 902.0 314.0 416.0 462.0 368.0 455.0 795.0 458.0 385.0 264.0 537.0 325.0 499.0 394.0 503.0 376.0 592.0 396.0 413.0 451.0 321.0 455.0 529.0 476.0 389.0 241.0 640.0 372.0 470.0 391.0 270.0 276.0
366 859.0 293.0 378.0 420.0 333.0 413.0 774.0 424.0 348.0 195.0 556.0 234.0 407.0 371.0 473.0 355.0 606.0 364.0 309.0 413.0 288.0 396.0 607.0 417.0 367.0 170.0 609.0 303.0 465.0 364.0 225.0 190.0
369 755.0 262.0 355.0 338.0 287.0 374.0 752.0 388.0 340.0 136.0 500.0 226.0 277.0 308.0 469.0 331.0 524.0 319.0 274.0 423.0 240.0 414.0 543.0 358.0 268.0 139.0 518.0 250.0 415.0 314.0 186.0 157.0
372 752.0 205.0 324.0 304.0 235.0 348.0 589.0 304.0 264.0 90.0 515.0 168.0 165.0 306.0 396.0 303.0 494.0 271.0 201.0 323.0 159.0 386.0 489.0 360.0 211.0 92.0 409.0 216.0 393.0 279.0 112.0 85.0
375 759.0 126.0 219.0 218.0 155.0 270.0 516.0 219.0 220.0 50.0 453.0 103.0 117.0 240.0 351.0 247.0 396.0 183.0 146.0 263.0 110.0 416.0 399.0 225.0 145.0 58.0 352.0 123.0 266.0 187.0 80.0 76.0
378 668.0 102.0 159.0 130.0 103.0 175.0 374.0 159.0 134.0 35.0 393.0 69.0 73.0 178.0 303.0 182.0 286.0 167.0 70.0 189.0 64.0 349.0 308.0 160.0 91.0 30.0 274.0 87.0 249.0 187.0 49.0 56.0
381 547.0 51.0 87.0 82.0 74.0 129.0 254.0 97.0 72.0 32.0 363.0 41.0 66.0 112.0 191.0 118.0 169.0 101.0 37.0 96.0 37.0 245.0 209.0 90.0 62.0 35.0 148.0 52.0 159.0 110.0 48.0 36.0
384 511.0 41.0 65.0 66.0 47.0 67.0 176.0 80.0 55.0 27.0 301.0 33.0 48.0 75.0 123.0 64.0 145.0 61.0 59.0 80.0 38.0 219.0 157.0 75.0 46.0 43.0 108.0 34.0 97.0 73.0 29.0 31.0
387 373.0 33.0 44.0 49.0 38.0 62.0 117.0 50.0 45.0 25.0 220.0 35.0 59.0 51.0 77.0 49.0 89.0 38.0 37.0 55.0 24.0 129.0 110.0 50.0 30.0 32.0 63.0 33.0 70.0 64.0 33.0 38.0
390 251.0 37.0 44.0 55.0 37.0 64.0 76.0 41.0 41.0 23.0 172.0 24.0 66.0 46.0 57.0 43.0 62.0 29.0 40.0 51.0 25.0 77.0 60.0 48.0 41.0 21.0 69.0 36.0 59.0 38.0 29.0 37.0
393 171.0 29.0 47.0 37.0 28.0 43.0 94.0 39.0 37.0 37.0 107.0 25.0 58.0 31.0 41.0 38.0 59.0 32.0 40.0 43.0 36.0 55.0 64.0 42.0 28.0 19.0 59.0 32.0 42.0 49.0 32.0 45.0
396 131.0 22.0 24.0 40.0 39.0 48.0 71.0 33.0 41.0 28.0 75.0 30.0 50.0 36.0 63.0 36.0 50.0 33.0 34.0 37.0 45.0 49.0 59.0 59.0 38.0 26.0 51.0 35.0 51.0 34.0 30.0 28.0
399 99.0 32.0 35.0 36.0 24.0 39.0 72.0 31.0 24.0 24.0 69.0 26.0 43.0 35.0 46.0 18.0 56.0 35.0 22.0 38.0 29.0 40.0 59.0 34.0 26.0 32.0 46.0 38.0 48.0 37.0 30.0 30.0
402 93.0 35.0 36.0 32.0 24.0 44.0 66.0 47.0 32.0 30.0 50.0 19.0 46.0 40.0 39.0 33.0 53.0 40.0 29.0 38.0 24.0 44.0 54.0 30.0 29.0 27.0 53.0 31.0 48.0 36.0 15.0 35.0
405 70.0 26.0 33.0 32.0 36.0 47.0 69.0 45.0 42.0 30.0 47.0 25.0 44.0 35.0 32.0 38.0 52.0 39.0 34.0 43.0 31.0 23.0 49.0 32.0 39.0 19.0 46.0 29.0 41.0 40.0 27.0 29.0
408 76.0 22.0 31.0 36.0 26.0 44.0 53.0 23.0 42.0 28.0 40.0 17.0 46.0 24.0 42.0 33.0 49.0 29.0 31.0 56.0 35.0 33.0 46.0 40.0 29.0 20.0 51.0 35.0 34.0 26.0 23.0 31.0
411 72.0 17.0 28.0 29.0 24.0 37.0 71.0 35.0 27.0 22.0 39.0 22.0 36.0 16.0 42.0 37.0 53.0 31.0 36.0 37.0 28.0 34.0 46.0 39.0 25.0 22.0 46.0 33.0 35.0 32.0 15.0 17.0
414 78.0 27.0 24.0 43.0 37.0 29.0 57.0 37.0 37.0 24.0 36.0 21.0 32.0 22.0 41.0 28.0 45.0 29.0 29.0 28.0 26.0 44.0 35.0 32.0 34.0 22.0 53.0 36.0 41.0 24.0 14.0 25.0
417 68.0 22.0 41.0 39.0 32.0 32.0 50.0 28.0 33.0 23.0 32.0 20.0 33.0 28.0 38.0 27.0 43.0 30.0 34.0 41.0 27.0 42.0 48.0 36.0 18.0 18.0 46.0 22.0 44.0 31.0 16.0 29.0
420 65.0 31.0 30.0 43.0 20.0 27.0 58.0 45.0 31.0 24.0 32.0 18.0 35.0 33.0 40.0 35.0 52.0 29.0 31.0 27.0 23.0 29.0 42.0 29.0 31.0 17.0 44.0 26.0 32.0 30.0 19.0 19.0
423 61.0 24.0 34.0 28.0 19.0 38.0 60.0 32.0 37.0 16.0 39.0 14.0 35.0 24.0 49.0 29.0 56.0 33.0 21.0 23.0 20.0 31.0 45.0 27.0 23.0 20.0 53.0 27.0 41.0 20.0 13.0 18.0
426 69.0 17.0 30.0 25.0 22.0 28.0 51.0 34.0 23.0 8.0 38.0 18.0 24.0 35.0 37.0 31.0 44.0 23.0 21.0 22.0 15.0 36.0 53.0 28.0 16.0 12.0 36.0 18.0 38.0 30.0 16.0 17.0
429 68.0 15.0 32.0 27.0 19.0 33.0 48.0 21.0 24.0 11.0 41.0 22.0 21.0 17.0 37.0 26.0 33.0 24.0 24.0 27.0 13.0 28.0 39.0 27.0 19.0 15.0 42.0 19.0 33.0 15.0 9.0 14.0
432 69.0 15.0 14.0 28.0 18.0 29.0 40.0 19.0 29.0 7.0 42.0 10.0 13.0 23.0 28.0 18.0 26.0 22.0 14.0 19.0 11.0 30.0 27.0 24.0 15.0 6.0 25.0 19.0 31.0 20.0 11.0 8.0
435 62.0 9.0 26.0 18.0 17.0 22.0 50.0 17.0 12.0 4.0 38.0 10.0 4.0 11.0 29.0 17.0 29.0 21.0 15.0 29.0 6.0 34.0 46.0 28.0 12.0 4.0 23.0 17.0 21.0 16.0 5.0 3.0
438 62.0 14.0 17.0 17.0 9.0 26.0 37.0 9.0 8.0 6.0 35.0 13.0 9.0 16.0 32.0 19.0 25.0 16.0 2.0 14.0 5.0 36.0 24.0 23.0 15.0 8.0 23.0 11.0 17.0 19.0 11.0 2.0
441 45.0 3.0 15.0 8.0 3.0 16.0 22.0 11.0 12.0 4.0 37.0 6.0 3.0 8.0 16.0 14.0 14.0 12.0 1.0 12.0 3.0 15.0 34.0 11.0 7.0 1.0 18.0 7.0 10.0 10.0 6.0 3.0
444 43.0 4.0 12.0 11.0 2.0 11.0 16.0 4.0 5.0 2.0 31.0 7.0 5.0 6.0 12.0 15.0 11.0 7.0 3.0 9.0 2.0 15.0 19.0 14.0 5.0 3.0 8.0 6.0 9.0 3.0 4.0 3.0
447 45.0 3.0 8.0 4.0 4.0 9.0 12.0 3.0 6.0 0.0 22.0 4.0 6.0 5.0 11.0 3.0 6.0 6.0 1.0 3.0 3.0 14.0 12.0 2.0 3.0 2.0 6.0 1.0 13.0 5.0 1.0 4.0
