150 13541641.0 13491978.0 13479834.0 13454049.0 13477046.0 13482245.0 13461998.0 13473671.0 13443882.0 13477288.0 13443609.0 13460712.0 13483136.0 13463221.0 13496196.0 13455507.0 13502359.0 13440613.0 13493053.0 13474197.0 13441202.0 13484240.0 13439947.0 13458779.0 13410038.0 13471182.0 13443619.0 13454636.0 13428040.0 13460575.0 13510591.0 13477757.0
153 18404842.0 18403534.0 18395081.0 18363501.0 18382097.0 18322581.0 18384136.0 18347867.0 18377965.0 18293644.0 18377711.0 18355952.0 18378481.0 18385339.0 18381630.0 18354478.0 18386196.0 18370407.0 18360810.0 18376214.0 18350008.0 18379996.0 18338723.0 18367002.0 18349042.0 18375656.0 18335621.0 18369897.0 18345315.0 18369888.0 18393880.0 18391426.0
156 18937409.0 18942927.0 18938167.0 18913189.0 18927998.0 18871394.0 18931842.0 18897193.0 18927981.0 18836929.0 18927370.0 18905319.0 18923828.0 18930916.0 18924480.0 18903476.0 18928141.0 18920108.0 18905595.0 18923124.0 18902533.0 18925757.0 18891144.0 18917255.0 18904124.0 18923213.0 18888683.0 18919912.0 18899492.0 18919403.0 18934546.0 18932993.0
159 19172815.0 19179382.0 19175470.0 19157578.0 19168808.0 19115605.0 19171116.0 19141037.0 19167016.0 19081187.0 19165456.0 19150868.0 19163142.0 19167241.0 19163252.0 19148125.0 19165881.0 19159902.0 19144006.0 19164332.0 19148355.0 19167958.0 19136960.0 19161614.0 19150571.0 19165998.0 19135550.0 19164311.0 19146511.0 19162563.0 19173871.0 19173922.0
162 19418292.0 19425601.0 19421802.0 19404176.0 19415814.0 19360210.0 19417928.0 19386986.0 19412560.0 19325252.0 19409743.0 19397391.0 19408802.0 19411966.0 19409653.0 19394784.0 19412669.0 19406386.0 19392650.0 19411612.0 19394569.0 19415356.0 19383249.0 19408911.0 19396597.0 19413114.0 19381473.0 19411423.0 19393336.0 19409374.0 19419963.0 19419639.0
165 19591287.0 19598120.0 19595602.0 19580455.0 19589785.0 19534713.0 19592115.0 19562013.0 19585507.0 19496816.0 19580391.0 19572703.0 19580896.0 19583202.0 19581938.0 19567987.0 19584903.0 19578576.0 19565356.0 19584061.0 19567610.0 19588242.0 19554346.0 19582865.0 19568499.0 19586205.0 19553688.0 19584829.0 19566422.0 19582703.0 19591458.0 19591513.0
168 19659579.0 19664213.0 19662200.0 19640717.0 19656048.0 19583791.0 19658610.0 19609927.0 19650481.0 19532146.0 19643101.0 19627398.0 19644887.0 19647134.0 19648548.0 19627156.0 19651411.0 19641186.0 19632639.0 19647769.0 19628780.0 19652105.0 19610143.0 19645231.0 19629688.0 19647840.0 19611815.0 19645468.0 19628736.0 19643690.0 19652492.0 19652633.0
171 19367540.0 19368569.0 19360817.0 19292488.0 19344987.0 19163751.0 19348093.0 19212591.0 19330615.0 19093256.0 19320883.0 19253388.0 19322902.0 19334980.0 19337957.0 19267244.0 19344264.0 19318484.0 19325165.0 19324999.0 19275513.0 19328362.0 19237436.0 19315287.0 19284375.0 19319106.0 19245807.0 19313482.0 19287987.0 19312911.0 19324365.0 19325142.0
174 13320398.0 13115596.0 12797511.0 11341802.0 12171309.0 11034949.0 12267032.0 11083732.0 11837611.0 11205374.0 12105642.0 11188106.0 11801323.0 12158555.0 11732915.0 11620742.0 11734868.0 11913675.0 12069028.0 11632385.0 11442016.0 11580270.0 11208762.0 11639174.0 11749812.0 11726715.0 11192847.0 11709133.0 11620221.0 11749191.0 11534412.0 12034659.0
177 9763937.0 9823956.0 9917528.0 9831159.0 9739870.0 9668786.0 9960429.0 9737204.0 9809052.0 9910903.0 10113226.0 9813079.0 9826743.0 10189607.0 9834693.0 10255615.0 9818322.0 10027681.0 10177280.0 9751123.0 10051859.0 9684407.0 9792562.0 9761738.0 10336534.0 9810180.0 9745713.0 9794463.0 10198498.0 9819054.0 9552530.0 9942823.0
180 7187303.0 7241700.0 7376137.0 7443074.0 7191946.0 7311496.0 7440493.0 7386880.0 7266596.0 7590555.0 7629600.0 7427031.0 7310716.0 7682754.0 7303831.0 7919315.0 7273948.0 7522310.0 7688345.0 7232039.0 7684528.0 7164097.0 7394609.0 7260132.0 7949053.0 7295356.0 7357938.0 7280985.0 7838869.0 7304232.0 7000048.0 7393508.0
183 275997.0 165427.0 185710.0 180141.0 184531.0 303300.0 195428.0 217702.0 176168.0 423967.0 205652.0 182739.0 199739.0 225675.0 204430.0 239157.0 199880.0 227717.0 330950.0 192572.0 218830.0 185459.0 226311.0 207299.0 207084.0 202882.0 224466.0 218545.0 234752.0 234243.0 186587.0 210852.0
186 225944.0 143242.0 151569.0 158770.0 165259.0 288401.0 149891.0 196649.0 151671.0 393009.0 158310.0 162555.0 172042.0 161241.0 180880.0 170944.0 181970.0 173429.0 277751.0 166728.0 171512.0 159701.0 201273.0 170478.0 155394.0 164701.0 199261.0 167420.0 176860.0 182977.0 163157.0 150213.0
189 223894.0 143485.0 150344.0 158108.0 164603.0 288917.0 148968.0 196496.0 151841.0 391917.0 157821.0 162130.0 171963.0 160509.0 180048.0 169258.0 181389.0 171530.0 274780.0 166041.0 168962.0 158292.0 203564.0 169527.0 154189.0 163884.0 198309.0 164316.0 174056.0 181000.0 163589.0 146422.0
192 228179.0 143806.0 150431.0 157833.0 164772.0 288945.0 148640.0 196617.0 151003.0 402887.0 156865.0 162443.0 171029.0 159467.0 179526.0 169448.0 181055.0 171755.0 275582.0 165802.0 168996.0 158842.0 202407.0 169804.0 154554.0 163037.0 201752.0 164958.0 173442.0 181562.0 163925.0 147414.0
195 229047.0 143197.0 151642.0 157279.0 164708.0 288407.0 148140.0 195819.0 151562.0 403275.0 158029.0 163153.0 172283.0 159799.0 180015.0 169065.0 180994.0 172424.0 276181.0 166076.0 170890.0 158407.0 201607.0 170737.0 154432.0 163684.0 203914.0 164678.0 174193.0 181230.0 163245.0 147056.0
198 232021.0 143791.0 151321.0 157285.0 164954.0 287032.0 148064.0 196638.0 151195.0 406877.0 157112.0 162971.0 172904.0 159940.0 179849.0 169908.0 181720.0 171814.0 275316.0 166746.0 169698.0 158475.0 199130.0 169141.0 154511.0 162745.0 201858.0 164197.0 174233.0 181578.0 163476.0 146883.0
201 222987.0 142725.0 149951.0 156491.0 163944.0 286197.0 148453.0 170183.0 150899.0 404767.0 157085.0 162569.0 170509.0 159625.0 179069.0 169656.0 180085.0 171459.0 274169.0 166124.0 169702.0 157465.0 197023.0 169125.0 154185.0 162374.0 202618.0 163903.0 173032.0 180524.0 162784.0 146603.0
204 223436.0 142673.0 150567.0 155989.0 163966.0 285429.0 147213.0 194524.0 150592.0 405073.0 155631.0 161267.0 170930.0 158440.0 178862.0 168591.0 180366.0 171127.0 274021.0 164384.0 169185.0 157175.0 198915.0 167622.0 152982.0 161913.0 201536.0 163061.0 172525.0 180135.0 161984.0 146565.0
207 221111.0 141486.0 148563.0 155747.0 163167.0 283919.0 147015.0 194827.0 150007.0 391966.0 155213.0 161397.0 169521.0 157425.0 177729.0 167032.0 179676.0 169932.0 272855.0 164291.0 167926.0 156438.0 201553.0 167730.0 152274.0 161263.0 200532.0 162611.0 171513.0 179696.0 161313.0 145504.0
210 221268.0 140986.0 148443.0 155948.0 165945.0 288617.0 146905.0 194817.0 149267.0 387992.0 154509.0 161392.0 170398.0 158254.0 177816.0 167474.0 178700.0 170309.0 271134.0 163690.0 167576.0 156110.0 199893.0 167408.0 151402.0 160576.0 200645.0 162075.0 172029.0 179126.0 161949.0 144566.0
213 219890.0 142112.0 148583.0 154959.0 164399.0 288113.0 145605.0 193708.0 149250.0 394141.0 154461.0 159389.0 169814.0 158236.0 176239.0 166821.0 178522.0 169536.0 268842.0 162942.0 167175.0 156122.0 200342.0 166454.0 152258.0 159771.0 198414.0 161453.0 171342.0 178418.0 159931.0 144312.0
216 220550.0 141764.0 148641.0 155179.0 163859.0 287886.0 146218.0 193832.0 149493.0 394578.0 154672.0 160541.0 169421.0 157806.0 176292.0 166057.0 178465.0 169459.0 267132.0 163261.0 167534.0 156154.0 200173.0 166850.0 151219.0 160089.0 199486.0 161160.0 172210.0 178311.0 160588.0 144781.0
219 221088.0 142156.0 148614.0 155485.0 165696.0 286977.0 146947.0 194250.0 149805.0 394787.0 155477.0 160820.0 170203.0 157959.0 177262.0 168042.0 179675.0 169264.0 264656.0 164578.0 168788.0 156104.0 197469.0 167015.0 152762.0 161614.0 199837.0 162754.0 171906.0 179674.0 162211.0 144583.0
222 217665.0 140120.0 147134.0 153420.0 162568.0 283100.0 145000.0 191889.0 148015.0 376202.0 153303.0 158382.0 167899.0 156275.0 174685.0 164873.0 176744.0 167360.0 263786.0 161660.0 166439.0 153025.0 198929.0 165580.0 150771.0 159806.0 197404.0 161054.0 170145.0 176841.0 159515.0 143916.0
225 214299.0 138437.0 143389.0 144287.0 160056.0 278929.0 139174.0 191635.0 143207.0 372860.0 152410.0 157007.0 166671.0 156120.0 172725.0 164108.0 172505.0 166942.0 261515.0 160075.0 164837.0 149195.0 196360.0 163635.0 149540.0 159763.0 195587.0 159319.0 168891.0 175638.0 156715.0 142440.0
228 199897.0 128660.0 127319.0 116094.0 145110.0 268552.0 116309.0 189834.0 130246.0 382816.0 150617.0 150679.0 165581.0 154365.0 163036.0 162757.0 153724.0 164395.0 260493.0 151026.0 157866.0 134836.0 189855.0 155239.0 147409.0 154759.0 190408.0 156379.0 160673.0 170809.0 147816.0 140560.0
231 149874.0 97495.0 84068.0 63433.0 101975.0 220198.0 68293.0 177535.0 90655.0 364495.0 147481.0 127157.0 157658.0 146187.0 131138.0 154974.0 104499.0 150899.0 231591.0 119596.0 130016.0 93079.0 162249.0 126014.0 140104.0 140740.0 169059.0 144195.0 135511.0 152192.0 117589.0 132612.0
234 77091.0 48914.0 34424.0 22897.0 45142.0 126706.0 25045.0 137569.0 41097.0 300148.0 131899.0 77388.0 130170.0 118977.0 72961.0 127979.0 44537.0 111550.0 151742.0 65906.0 75759.0 41049.0 105815.0 71571.0 111877.0 102748.0 111579.0 110780.0 79993.0 104910.0 67073.0 105424.0
237 27256.0 17217.0 12373.0 9739.0 15575.0 45578.0 9791.0 74928.0 14465.0 170219.0 93168.0 31214.0 78539.0 70436.0 27464.0 81399.0 16022.0 56691.0 60410.0 25098.0 28571.0 14468.0 47895.0 27363.0 59983.0 50068.0 49572.0 61300.0 31215.0 48826.0 26779.0 61712.0
240 13718.0 8759.0 7704.0 7291.0 9134.0 21005.0 6958.0 29085.0 8847.0 62587.0 44940.0 12897.0 33651.0 30035.0 12798.0 37117.0 10078.0 21228.0 23340.0 11491.0 12430.0 8677.0 19302.0 12085.0 22899.0 18693.0 20171.0 24626.0 12786.0 19130.0 12023.0 25669.0
243 11020.0 6954.0 6486.0 6393.0 7453.0 16189.0 6249.0 13617.0 7007.0 28624.0 15934.0 8694.0 13157.0 11963.0 9314.0 14285.0 8539.0 10853.0 15554.0 8684.0 9014.0 7330.0 11972.0 8496.0 10390.0 9775.0 12488.0 10774.0 9007.0 10837.0 8583.0 10675.0
246 9498.0 5900.0 5807.0 5833.0 6672.0 14361.0 5421.0 10797.0 6268.0 22748.0 9828.0 7375.0 9490.0 8552.0 7899.0 9954.0 7433.0 8900.0 13414.0 7332.0 7675.0 6502.0 10203.0 7311.0 8210.0 8098.0 10591.0 8271.0 7794.0 8718.0 7409.0 8132.0
249 8708.0 5414.0 5306.0 5579.0 6302.0 13357.0 5232.0 9052.0 5813.0 19378.0 8261.0 6535.0 8140.0 7284.0 7165.0 8485.0 6792.0 7660.0 11759.0 6783.0 6885.0 6064.0 9019.0 6641.0 7079.0 7187.0 9265.0 7125.0 7140.0 7568.0 6793.0 6834.0
252 7973.0 5191.0 5101.0 5508.0 5731.0 12689.0 5251.0 8381.0 5812.0 17051.0 7101.0 6195.0 7075.0 6506.0 6912.0 7217.0 6707.0 6779.0 11041.0 6404.0 6254.0 5880.0 8212.0 6198.0 6181.0 6464.0 8568.0 6670.0 6729.0 6943.0 6287.0 6184.0
255 8038.0 5288.0 5060.0 5208.0 6036.0 12244.0 5061.0 8081.0 5498.0 16537.0 6388.0 6027.0 6661.0 6124.0 6650.0 6632.0 6346.0 6498.0 10565.0 6244.0 6001.0 5788.0 8056.0 6089.0 5915.0 6370.0 8333.0 6259.0 6563.0 6637.0 6153.0 5804.0
258 7873.0 5151.0 5129.0 5217.0 5843.0 12161.0 4962.0 7685.0 5493.0 16122.0 6288.0 5799.0 6405.0 5909.0 6517.0 6683.0 6266.0 6206.0 10594.0 6253.0 6073.0 5660.0 7858.0 6025.0 5871.0 6224.0 8320.0 6054.0 6581.0 6481.0 6043.0 5741.0
261 7508.0 5127.0 4931.0 5105.0 5743.0 12183.0 5123.0 7764.0 5299.0 16140.0 6112.0 5744.0 6296.0 5876.0 6428.0 6640.0 6253.0 6223.0 10376.0 6116.0 6002.0 5738.0 7753.0 5950.0 5710.0 6103.0 8196.0 6027.0 6547.0 6399.0 5977.0 5618.0
264 7936.0 4954.0 4912.0 5105.0 5654.0 12026.0 4860.0 7612.0 5390.0 16049.0 6034.0 5607.0 6365.0 5921.0 6376.0 6587.0 6314.0 6217.0 10133.0 6182.0 5988.0 5518.0 7579.0 5889.0 5563.0 6100.0 8160.0 5942.0 6377.0 6437.0 5854.0 5534.0
267 7833.0 4988.0 4906.0 4956.0 5721.0 11888.0 4842.0 7417.0 5259.0 16013.0 6103.0 5656.0 6244.0 5791.0 6411.0 6465.0 6124.0 6198.0 9955.0 5998.0 5893.0 5467.0 7930.0 5886.0 5657.0 5738.0 7955.0 5854.0 6205.0 6241.0 5835.0 5373.0
270 7657.0 4902.0 4617.0 5148.0 5510.0 11585.0 4620.0 7392.0 5208.0 15613.0 5952.0 5557.0 6159.0 5777.0 6200.0 6438.0 6079.0 6061.0 9719.0 5909.0 5832.0 5404.0 7660.0 5708.0 5616.0 5811.0 7723.0 5874.0 6102.0 6220.0 5666.0 5422.0
273 7323.0 4829.0 4862.0 4876.0 5457.0 11262.0 4603.0 7356.0 5226.0 15086.0 5934.0 5424.0 6086.0 5695.0 5920.0 6379.0 5969.0 6046.0 9618.0 5931.0 5593.0 5206.0 7419.0 5652.0 5526.0 5772.0 7755.0 5736.0 6042.0 6185.0 5673.0 5370.0
276 7255.0 4839.0 4578.0 4881.0 5375.0 11011.0 4556.0 7257.0 5135.0 14125.0 5753.0 5473.0 5995.0 5479.0 6111.0 6186.0 5854.0 5930.0 9601.0 5744.0 5609.0 5171.0 7260.0 5561.0 5394.0 5817.0 7809.0 5673.0 5992.0 6031.0 5660.0 5206.0
279 7102.0 4734.0 4581.0 4693.0 5284.0 11001.0 4526.0 7273.0 4866.0 14505.0 5689.0 5396.0 5872.0 5430.0 5952.0 6045.0 5708.0 5844.0 9407.0 5680.0 5647.0 5218.0 7164.0 5341.0 5381.0 5533.0 7321.0 5486.0 5764.0 5915.0 5522.0 5221.0
282 6970.0 4529.0 4394.0 4531.0 5118.0 10760.0 4458.0 7093.0 4943.0 13845.0 5662.0 5306.0 5916.0 5350.0 5734.0 6111.0 5636.0 5789.0 9354.0 5649.0 5586.0 5108.0 7138.0 5394.0 5263.0 5549.0 7366.0 5495.0 5705.0 5720.0 5472.0 5089.0
285 6685.0 4514.0 4270.0 4460.0 4911.0 10555.0 4345.0 6854.0 4762.0 13736.0 5479.0 5109.0 5755.0 5183.0 5565.0 5859.0 5532.0 5756.0 8997.0 5345.0 5216.0 4956.0 6844.0 5362.0 5135.0 5326.0 7157.0 5402.0 5612.0 5743.0 5236.0 4995.0
288 6387.0 4291.0 4075.0 4011.0 4783.0 10141.0 3853.0 6768.0 4579.0 14148.0 5519.0 4955.0 5668.0 5008.0 5625.0 5634.0 5351.0 5570.0 8788.0 5250.0 5188.0 4653.0 6754.0 5164.0 5064.0 5335.0 6953.0 5161.0 5390.0 5632.0 4989.0 4900.0
291 6207.0 4013.0 3724.0 3556.0 4470.0 9848.0 3322.0 6593.0 4196.0 13513.0 5271.0 4896.0 5509.0 5204.0 5345.0 5554.0 5016.0 5283.0 8557.0 5063.0 5037.0 4343.0 6627.0 4878.0 5029.0 5089.0 6809.0 5112.0 5284.0 5392.0 4987.0 4814.0
294 6276.0 3713.0 3074.0 2686.0 3852.0 9282.0 2658.0 6357.0 3474.0 12930.0 5267.0 4545.0 5257.0 4895.0 5086.0 5494.0 4405.0 5200.0 8166.0 4678.0 4695.0 3769.0 6339.0 4522.0 4823.0 4982.0 6516.0 4818.0 4914.0 5017.0 4540.0 4707.0
297 5047.0 2878.0 2222.0 1699.0 2937.0 8103.0 1663.0 6162.0 2606.0 12714.0 5088.0 4185.0 5358.0 4726.0 4183.0 5263.0 3441.0 4984.0 7440.0 4058.0 4046.0 2839.0 5793.0 3967.0 4657.0 4621.0 6126.0 4729.0 4247.0 4824.0 4047.0 4439.0
300 3342.0 2002.0 1246.0 843.0 1887.0 6180.0 886.0 5652.0 1568.0 11805.0 5016.0 3216.0 5005.0 4316.0 3303.0 4940.0 2286.0 4281.0 5955.0 3071.0 3015.0 1807.0 4873.0 3085.0 4276.0 4358.0 5342.0 4207.0 3293.0 4045.0 3271.0 4148.0
303 1989.0 1087.0 615.0 467.0 905.0 3827.0 410.0 4753.0 822.0 9607.0 4502.0 2119.0 4317.0 3641.0 1939.0 4248.0 1139.0 3178.0 4016.0 1775.0 1975.0 915.0 3393.0 1967.0 3426.0 3240.0 3841.0 3395.0 1968.0 2891.0 1974.0 3365.0
306 1047.0 549.0 381.0 305.0 556.0 2128.0 321.0 3470.0 460.0 7384.0 3892.0 1277.0 3391.0 2871.0 979.0 3304.0 595.0 2190.0 2392.0 1009.0 1023.0 527.0 2219.0 1102.0 2540.0 2141.0 2430.0 2539.0 1073.0 1918.0 1135.0 2506.0
309 608.0 391.0 302.0 286.0 375.0 1096.0 289.0 2122.0 353.0 4681.0 2724.0 622.0 2271.0 1832.0 569.0 2276.0 427.0 1179.0 1149.0 545.0 577.0 395.0 1141.0 564.0 1406.0 1145.0 1245.0 1449.0 596.0 985.0 657.0 1527.0
312 463.0 284.0 266.0 273.0 316.0 797.0 267.0 1028.0 299.0 2330.0 1689.0 459.0 1229.0 1044.0 423.0 1299.0 375.0 601.0 745.0 419.0 380.0 302.0 658.0 384.0 725.0 607.0 695.0 763.0 425.0 567.0 401.0 792.0
315 436.0 294.0 258.0 240.0 307.0 768.0 264.0 632.0 300.0 1304.0 875.0 360.0 642.0 527.0 393.0 660.0 366.0 440.0 578.0 402.0 372.0 312.0 544.0 382.0 407.0 466.0 540.0 457.0 377.0 406.0 358.0 459.0
318 433.0 287.0 259.0 253.0 315.0 721.0 272.0 549.0 265.0 972.0 524.0 316.0 433.0 367.0 348.0 481.0 299.0 401.0 546.0 389.0 334.0 298.0 458.0 347.0 368.0 391.0 479.0 376.0 358.0 334.0 362.0 376.0
321 388.0 249.0 225.0 268.0 296.0 639.0 222.0 487.0 301.0 939.0 390.0 314.0 348.0 337.0 321.0 435.0 332.0 341.0 541.0 341.0 323.0 285.0 481.0 321.0 339.0 348.0 512.0 331.0 331.0 306.0 307.0 355.0
324 391.0 270.0 222.0 242.0 290.0 641.0 225.0 428.0 267.0 914.0 379.0 292.0 394.0 324.0 332.0 389.0 330.0 346.0 491.0 325.0 312.0 252.0 447.0 301.0 327.0 323.0 446.0 327.0 328.0 328.0 308.0 334.0
327 382.0 272.0 236.0 253.0 236.0 643.0 228.0 426.0 297.0 836.0 349.0 288.0 337.0 301.0 298.0 391.0 297.0 328.0 515.0 311.0 279.0 288.0 437.0 304.0 294.0 300.0 459.0 345.0 344.0 367.0 325.0 303.0
330 386.0 222.0 280.0 246.0 291.0 661.0 203.0 455.0 290.0 806.0 304.0 295.0 340.0 328.0 339.0 367.0 286.0 341.0 550.0 310.0 285.0 292.0 415.0 284.0 282.0 305.0 445.0 311.0 307.0 301.0 295.0 284.0
333 401.0 238.0 258.0 238.0 229.0 656.0 228.0 418.0 276.0 863.0 351.0 279.0 360.0 289.0 315.0 311.0 272.0 313.0 474.0 299.0 258.0 253.0 411.0 292.0 323.0 333.0 413.0 327.0 311.0 296.0 296.0 286.0
336 315.0 238.0 238.0 221.0 290.0 647.0 239.0 425.0 271.0 856.0 353.0 280.0 348.0 292.0 296.0 354.0 311.0 301.0 514.0 298.0 271.0 290.0 395.0 300.0 268.0 320.0 395.0 300.0 307.0 313.0 294.0 295.0
339 337.0 240.0 198.0 232.0 249.0 638.0 192.0 349.0 239.0 839.0 330.0 279.0 321.0 298.0 292.0 343.0 292.0 299.0 501.0 290.0 284.0 283.0 430.0 279.0 278.0 306.0 426.0 261.0 323.0 279.0 266.0 274.0
342 323.0 224.0 214.0 203.0 246.0 585.0 212.0 375.0 212.0 718.0 296.0 258.0 308.0 282.0 285.0 331.0 283.0 309.0 465.0 298.0 286.0 248.0 386.0 263.0 286.0 308.0 407.0 306.0 273.0 294.0 264.0 296.0
345 345.0 236.0 202.0 204.0 244.0 556.0 178.0 364.0 237.0 757.0 334.0 254.0 319.0 270.0 286.0 334.0 255.0 276.0 474.0 320.0 256.0 244.0 391.0 270.0 278.0 304.0 396.0 298.0 296.0 281.0 266.0 262.0
348 318.0 219.0 202.0 177.0 214.0 589.0 172.0 385.0 224.0 730.0 330.0 252.0 313.0 331.0 255.0 323.0 250.0 285.0 451.0 282.0 272.0 235.0 396.0 248.0 294.0 266.0 357.0 282.0 300.0 250.0 271.0 268.0
351 308.0 215.0 166.0 175.0 233.0 539.0 192.0 382.0 214.0 673.0 302.0 252.0 296.0 270.0 264.0 291.0 236.0 255.0 429.0 262.0 262.0 228.0 339.0 238.0 258.0 274.0 357.0 273.0 273.0 250.0 267.0 268.0
354 306.0 187.0 147.0 125.0 187.0 515.0 151.0 350.0 201.0 723.0 277.0 219.0 304.0 234.0 278.0 295.0 209.0 251.0 393.0 222.0 230.0 205.0 356.0 216.0 233.0 280.0 309.0 236.0 292.0 231.0 226.0 255.0
357 251.0 160.0 142.0 110.0 155.0 449.0 115.0 350.0 149.0 658.0 294.0 216.0 298.0 250.0 222.0 291.0 201.0 274.0 388.0 223.0 216.0 182.0 320.0 224.0 264.0 270.0 328.0 256.0 232.0 257.0 220.0 247.0
360 196.0 125.0 93.0 73.0 140.0 425.0 70.0 333.0 112.0 635.0 301.0 212.0 287.0 233.0 159.0 282.0 169.0 217.0 334.0 205.0 198.0 147.0 277.0 213.0 244.0 266.0 296.0 248.0 231.0 229.0 188.0 242.0
363 151.0 107.0 75.0 47.0 88.0 366.0 44.0 292.0 90.0 566.0 267.0 184.0 261.0 232.0 198.0 259.0 124.0 237.0 309.0 148.0 166.0 84.0 245.0 152.0 220.0 234.0 296.0 234.0 173.0 207.0 179.0 231.0
366 100.0 70.0 37.0 36.0 59.0 229.0 24.0 280.0 43.0 529.0 251.0 123.0 243.0 204.0 121.0 245.0 75.0 151.0 231.0 116.0 123.0 87.0 201.0 120.0 195.0 172.0 227.0 178.0 114.0 147.0 130.0 200.0
369 74.0 52.0 30.0 16.0 31.0 170.0 22.0 259.0 37.0 506.0 232.0 94.0 209.0 177.0 98.0 202.0 40.0 143.0 162.0 77.0 77.0 34.0 153.0 91.0 177.0 148.0 204.0 145.0 93.0 122.0 62.0 147.0
372 42.0 29.0 23.0 22.0 26.0 112.0 12.0 186.0 19.0 418.0 210.0 71.0 179.0 127.0 60.0 177.0 28.0 117.0 98.0 58.0 54.0 15.0 100.0 61.0 135.0 107.0 126.0 135.0 41.0 87.0 56.0 124.0
375 23.0 20.0 17.0 18.0 21.0 71.0 10.0 142.0 23.0 258.0 161.0 40.0 149.0 111.0 36.0 137.0 23.0 58.0 71.0 38.0 37.0 18.0 57.0 30.0 80.0 76.0 83.0 87.0 34.0 51.0 43.0 69.0
378 26.0 16.0 13.0 14.0 24.0 51.0 17.0 96.0 24.0 178.0 109.0 20.0 88.0 63.0 30.0 106.0 31.0 39.0 37.0 19.0 21.0 25.0 42.0 19.0 54.0 47.0 54.0 63.0 27.0 35.0 28.0 47.0
381 24.0 22.0 20.0 13.0 20.0 45.0 15.0 52.0 20.0 104.0 92.0 16.0 51.0 48.0 25.0 53.0 19.0 28.0 37.0 17.0 18.0 22.0 22.0 13.0 33.0 38.0 52.0 33.0 17.0 17.0 20.0 21.0
384 22.0 25.0 11.0 12.0 16.0 34.0 21.0 42.0 17.0 66.0 51.0 33.0 39.0 17.0 25.0 35.0 31.0 24.0 36.0 25.0 14.0 18.0 33.0 13.0 27.0 27.0 27.0 15.0 21.0 20.0 17.0 21.0
387 25.0 13.0 12.0 10.0 15.0 33.0 10.0 27.0 21.0 58.0 39.0 19.0 33.0 18.0 25.0 34.0 18.0 21.0 37.0 19.0 26.0 13.0 28.0 16.0 26.0 15.0 31.0 22.0 20.0 22.0 18.0 20.0
390 29.0 16.0 13.0 20.0 26.0 33.0 14.0 31.0 14.0 46.0 24.0 12.0 24.0 23.0 16.0 35.0 19.0 17.0 24.0 18.0 17.0 13.0 25.0 23.0 21.0 27.0 29.0 16.0 27.0 17.0 15.0 15.0
393 20.0 17.0 15.0 8.0 10.0 55.0 8.0 24.0 17.0 36.0 22.0 21.0 28.0 19.0 17.0 24.0 17.0 16.0 26.0 20.0 19.0 21.0 22.0 16.0 22.0 18.0 26.0 23.0 17.0 16.0 19.0 24.0
396 22.0 12.0 18.0 9.0 14.0 38.0 15.0 23.0 14.0 41.0 31.0 18.0 25.0 18.0 16.0 22.0 16.0 28.0 35.0 17.0 15.0 18.0 29.0 16.0 27.0 20.0 22.0 21.0 28.0 15.0 17.0 20.0
399 27.0 12.0 10.0 11.0 10.0 36.0 16.0 37.0 8.0 61.0 20.0 24.0 28.0 14.0 20.0 33.0 19.0 24.0 24.0 20.0 19.0 11.0 36.0 13.0 18.0 23.0 27.0 15.0 12.0 21.0 22.0 18.0
402 16.0 12.0 13.0 14.0 15.0 28.0 12.0 35.0 15.0 34.0 21.0 15.0 26.0 18.0 15.0 26.0 16.0 27.0 36.0 22.0 11.0 12.0 29.0 25.0 12.0 18.0 25.0 15.0 24.0 16.0 14.0 15.0
405 16.0 18.0 16.0 10.0 11.0 37.0 7.0 31.0 17.0 52.0 24.0 15.0 24.0 15.0 24.0 19.0 21.0 24.0 33.0 11.0 16.0 9.0 28.0 13.0 16.0 18.0 24.0 16.0 14.0 16.0 11.0 13.0
408 11.0 12.0 11.0 13.0 8.0 40.0 8.0 22.0 18.0 40.0 22.0 14.0 23.0 18.0 14.0 25.0 20.0 19.0 28.0 10.0 16.0 16.0 17.0 21.0 15.0 23.0 24.0 15.0 23.0 11.0 10.0 16.0
411 16.0 10.0 12.0 8.0 16.0 39.0 6.0 24.0 15.0 42.0 17.0 18.0 22.0 12.0 18.0 20.0 14.0 22.0 25.0 18.0 18.0 16.0 16.0 14.0 17.0 19.0 30.0 14.0 20.0 10.0 21.0 15.0
414 17.0 9.0 10.0 12.0 15.0 24.0 12.0 19.0 9.0 35.0 19.0 17.0 13.0 19.0 22.0 23.0 17.0 17.0 22.0 19.0 12.0 14.0 19.0 12.0 14.0 17.0 19.0 23.0 12.0 14.0 15.0 14.0
417 15.0 5.0 5.0 0.0 7.0 27.0 5.0 25.0 6.0 47.0 15.0 11.0 26.0 24.0 10.0 24.0 11.0 14.0 29.0 4.0 16.0 15.0 16.0 13.0 18.0 11.0 17.0 12.0 19.0 15.0 17.0 14.0
420 12.0 9.0 5.0 7.0 8.0 22.0 5.0 12.0 5.0 44.0 14.0 12.0 23.0 18.0 10.0 7.0 7.0 18.0 21.0 9.0 14.0 9.0 18.0 17.0 13.0 10.0 21.0 15.0 14.0 9.0 5.0 14.0
423 10.0 13.0 1.0 2.0 3.0 22.0 0.0 15.0 7.0 46.0 12.0 5.0 17.0 10.0 8.0 13.0 12.0 12.0 28.0 9.0 5.0 3.0 20.0 7.0 12.0 22.0 18.0 24.0 6.0 12.0 10.0 16.0
426 8.0 2.0 5.0 1.0 4.0 10.0 1.0 15.0 3.0 31.0 21.0 10.0 23.0 14.0 5.0 18.0 4.0 9.0 13.0 8.0 7.0 2.0 21.0 4.0 7.0 10.0 13.0 15.0 8.0 10.0 7.0 14.0
429 5.0 2.0 0.0 1.0 2.0 15.0 0.0 7.0 5.0 31.0 16.0 4.0 9.0 13.0 5.0 10.0 0.0 10.0 14.0 4.0 7.0 1.0 7.0 6.0 7.0 5.0 10.0 11.0 4.0 9.0 10.0 11.0
432 1.0 1.0 1.0 3.0 3.0 4.0 1.0 13.0 2.0 19.0 15.0 3.0 13.0 7.0 6.0 12.0 2.0 6.0 8.0 3.0 5.0 4.0 5.0 5.0 9.0 4.0 7.0 9.0 4.0 4.0 6.0 8.0
435 2.0 4.0 1.0 1.0 2.0 5.0 3.0 8.0 1.0 18.0 8.0 3.0 14.0 9.0 1.0 11.0 2.0 8.0 9.0 6.0 4.0 1.0 6.0 6.0 10.0 6.0 8.0 10.0 4.0 2.0 2.0 3.0
438 2.0 2.0 1.0 1.0 2.0 3.0 1.0 6.0 1.0 14.0 10.0 3.0 9.0 5.0 5.0 12.0 2.0 5.0 6.0 4.0 4.0 2.0 1.0 2.0 2.0 4.0 4.0 4.0 2.0 0.0 0.0 6.0
441 3.0 1.0 0.0 0.0 3.0 3.0 1.0 5.0 2.0 4.0 8.0 1.0 9.0 5.0 4.0 3.0 2.0 1.0 4.0 1.0 1.0 2.0 4.0 4.0 2.0 4.0 5.0 2.0 2.0 1.0 1.0 4.0
444 0.0 0.0 1.0 0.0 2.0 2.0 2.0 2.0 5.0 10.0 7.0 1.0 4.0 2.0 0.0 3.0 0.0 2.0 3.0 0.0 1.0 2.0 1.0 1.0 5.0 2.0 5.0 2.0 2.0 0.0 2.0 1.0
447 1.0 1.0 1.0 2.0 1.0 2.0 0.0 0.0 0.0 5.0 2.0 2.0 1.0 1.0 0.0 3.0 0.0 2.0 4.0 3.0 1.0 0.0 6.0 3.0 0.0 4.0 4.0 2.0 2.0 3.0 3.0 3.0
