150 106766.0 178744.0 379868.0 195511.0 221417.0 162459.0 119102.0 257288.0 104795.0 196873.0 265660.0 142795.0 86918.0 183528.0 223121.0 159809.0 142523.0 126952.0 139870.0 196882.0 101320.0 258530.0 168912.0 187272.0 125913.0 192386.0 167296.0 174948.0 347251.0 233308.0 135817.0 161230.0
153 1031298.0 1011703.0 1305189.0 1063104.0 1117841.0 1001260.0 981037.0 1057406.0 955834.0 1057428.0 1055648.0 1014594.0 956842.0 1023561.0 1085887.0 1000734.0 1018974.0 976729.0 1059829.0 1049953.0 947120.0 1060101.0 988582.0 1074778.0 991135.0 1056161.0 999857.0 1008400.0 1283481.0 1124006.0 982469.0 984161.0
156 17174043.0 17207807.0 17169597.0 17150216.0 17176159.0 17148954.0 17163058.0 17147487.0 17161785.0 17157038.0 17176403.0 17150347.0 17179665.0 17185106.0 17182171.0 17146724.0 17172386.0 17175426.0 17174279.0 17166164.0 17148172.0 17164639.0 17148907.0 17162059.0 17142639.0 17171764.0 17149069.0 17157824.0 17088641.0 17163273.0 17185467.0 17195418.0
159 18792164.0 18831744.0 18770862.0 18774644.0 18786046.0 18781104.0 18789644.0 18774326.0 18791686.0 18782095.0 18794078.0 18779354.0 18803603.0 18806860.0 18798670.0 18778342.0 18793100.0 18801014.0 18793815.0 18791259.0 18788230.0 18790031.0 18783983.0 18785568.0 18776672.0 18797031.0 18781826.0 18790628.0 18695070.0 18785300.0 18819129.0 18828715.0
162 19236196.0 19266259.0 19213274.0 19212060.0 19228123.0 19217570.0 19231605.0 19211175.0 19232273.0 19218116.0 19234900.0 19217058.0 19244495.0 19247061.0 19237958.0 19216140.0 19235164.0 19241250.0 19235726.0 19230612.0 19225709.0 19228874.0 19219600.0 19225461.0 19214428.0 19234987.0 19217032.0 19229281.0 19136662.0 19224891.0 19254566.0 19261322.0
165 19642899.0 19669140.0 19617266.0 19614444.0 19632085.0 19622270.0 19633557.0 19613929.0 19634707.0 19621074.0 19636217.0 19621140.0 19646353.0 19649637.0 19640076.0 19620344.0 19635596.0 19642500.0 19637723.0 19632900.0 19630331.0 19631546.0 19624646.0 19627977.0 19619871.0 19639268.0 19622604.0 19634554.0 19537239.0 19628450.0 19658582.0 19664307.0
168 19862880.0 19881594.0 19835088.0 19829989.0 19850358.0 19836991.0 19852860.0 19828027.0 19853641.0 19835189.0 19852462.0 19836518.0 19865223.0 19865748.0 19857105.0 19834525.0 19854328.0 19859819.0 19857030.0 19851834.0 19846051.0 19848693.0 19837715.0 19847600.0 19835174.0 19857608.0 19836792.0 19851770.0 19750742.0 19847325.0 19875457.0 19879114.0
171 19894355.0 19905992.0 19862312.0 19860386.0 19880505.0 19866716.0 19885192.0 19858880.0 19886551.0 19867124.0 19881787.0 19867593.0 19898399.0 19896384.0 19887540.0 19865447.0 19887109.0 19892395.0 19891029.0 19883342.0 19877960.0 19878499.0 19869032.0 19880897.0 19866480.0 19891090.0 19867487.0 19885272.0 19783980.0 19881013.0 19909251.0 19910894.0
174 19950029.0 19956426.0 19919124.0 19914468.0 19936714.0 19918169.0 19939661.0 19912000.0 19940223.0 19919661.0 19935733.0 19920082.0 19954169.0 19950295.0 19940897.0 19918624.0 19942025.0 19946338.0 19948519.0 19935521.0 19929559.0 19933060.0 19919284.0 19932882.0 19915995.0 19943331.0 19917517.0 19935669.0 19836556.0 19932894.0 19961230.0 19961651.0
177 19826531.0 19854306.0 19793783.0 19738198.0 19807855.0 19747671.0 19816813.0 19714936.0 19814270.0 19732951.0 19803554.0 19754322.0 19823172.0 19812893.0 19797218.0 19762274.0 19805873.0 19811330.0 19805512.0 19788710.0 19772439.0 19786916.0 19744002.0 19778106.0 19753468.0 19790154.0 19742354.0 19786163.0 19628829.0 19776472.0 19814301.0 19820574.0
180 18127722.0 18718977.0 18376838.0 17658296.0 18269478.0 17711172.0 18433673.0 17519885.0 18483863.0 17489952.0 18231683.0 17677477.0 18280662.0 18112445.0 18067921.0 17915303.0 18237954.0 18278931.0 18115471.0 18103627.0 17823145.0 18125191.0 17658378.0 18004252.0 17820663.0 18044746.0 17658953.0 18153425.0 17536213.0 18052828.0 18214346.0 18328909.0
183 10097955.0 9990724.0 9871936.0 9591208.0 9780406.0 9795506.0 10066635.0 9510359.0 10214842.0 9457733.0 9892042.0 9751488.0 9907820.0 9695143.0 9676643.0 10133250.0 9930329.0 9981928.0 9715412.0 9728474.0 9884800.0 9808294.0 9709716.0 9599846.0 10033931.0 9584407.0 9706152.0 9786781.0 9887915.0 9589943.0 9692169.0 9773556.0
186 8149833.0 7812936.0 7751807.0 7597775.0 7630136.0 7844136.0 7910296.0 7533366.0 8066793.0 7475329.0 7720808.0 7759405.0 7725177.0 7509872.0 7496424.0 8146925.0 7742589.0 7785723.0 7516561.0 7544371.0 7857143.0 7631560.0 7723521.0 7417964.0 8075251.0 7385603.0 7745529.0 7595928.0 7971697.0 7392391.0 7476414.0 7539399.0
189 992920.0 1024359.0 1227973.0 903589.0 1017832.0 953943.0 1071465.0 869551.0 1135393.0 850100.0 1026610.0 916534.0 970383.0 909429.0 931711.0 1095279.0 1011537.0 994841.0 945899.0 937993.0 928976.0 999665.0 882161.0 916967.0 1045437.0 889526.0 910580.0 954080.0 1249460.0 948536.0 880906.0 892134.0
192 349856.0 345767.0 593149.0 365493.0 433127.0 351139.0 391530.0 346198.0 415031.0 334234.0 384158.0 344034.0 341315.0 323104.0 358010.0 403287.0 376894.0 346836.0 383009.0 362034.0 321621.0 378577.0 309831.0 378784.0 387159.0 350098.0 327516.0 352454.0 633820.0 412132.0 305271.0 299875.0
195 339672.0 292962.0 551157.0 345677.0 405898.0 303992.0 331920.0 325929.0 316696.0 316430.0 330932.0 316307.0 301184.0 296857.0 328916.0 317193.0 336500.0 297398.0 365148.0 340951.0 283677.0 353459.0 284504.0 366717.0 327697.0 336868.0 296457.0 323316.0 584446.0 397257.0 281989.0 274098.0
198 339945.0 289711.0 545559.0 344506.0 403995.0 302703.0 326706.0 325412.0 309418.0 315009.0 328343.0 313702.0 299704.0 296257.0 328938.0 310797.0 333200.0 294859.0 359478.0 338852.0 279555.0 350562.0 282663.0 364310.0 319805.0 337135.0 294240.0 321370.0 577165.0 398233.0 282855.0 271296.0
201 341994.0 290609.0 554094.0 344513.0 408005.0 301475.0 323654.0 326758.0 309449.0 315392.0 328660.0 313497.0 300903.0 296251.0 330188.0 312677.0 331992.0 296338.0 359553.0 340529.0 279863.0 340736.0 283162.0 365866.0 321125.0 336611.0 294278.0 322000.0 581112.0 397468.0 281547.0 272042.0
204 340599.0 290926.0 552301.0 346779.0 390787.0 301300.0 324048.0 325278.0 309787.0 314715.0 328530.0 314149.0 300571.0 296799.0 328836.0 312832.0 332266.0 296015.0 356427.0 339300.0 279699.0 340274.0 283770.0 366895.0 321596.0 336560.0 294308.0 321411.0 579547.0 400918.0 282136.0 271735.0
207 339799.0 290336.0 553075.0 345521.0 406076.0 301613.0 326471.0 324729.0 309179.0 314043.0 328044.0 312695.0 300307.0 297287.0 327673.0 311918.0 332561.0 294856.0 358576.0 339797.0 279768.0 340395.0 282887.0 366780.0 321290.0 336810.0 294986.0 321501.0 580938.0 397656.0 282511.0 271878.0
210 338733.0 288202.0 551550.0 343183.0 398815.0 300782.0 326212.0 324641.0 309201.0 313245.0 329162.0 312782.0 297687.0 295506.0 326659.0 309470.0 333546.0 292925.0 361786.0 338544.0 277987.0 339484.0 281513.0 366205.0 320455.0 334531.0 292680.0 321722.0 580369.0 398548.0 280528.0 271663.0
213 338346.0 288169.0 546760.0 343660.0 401021.0 299397.0 323845.0 324288.0 306792.0 313494.0 327544.0 311633.0 296058.0 294382.0 327724.0 309431.0 331230.0 292993.0 359276.0 336548.0 278410.0 339546.0 281383.0 363909.0 318237.0 335578.0 293015.0 319121.0 577170.0 394840.0 278566.0 270013.0
216 337299.0 286377.0 548829.0 342845.0 398588.0 299699.0 323184.0 322546.0 305352.0 313269.0 325979.0 310044.0 296620.0 294506.0 326174.0 309391.0 331978.0 292201.0 360686.0 336389.0 277003.0 337516.0 280872.0 362657.0 316887.0 333543.0 291703.0 318967.0 576357.0 393728.0 278841.0 268842.0
219 336119.0 285754.0 545044.0 341201.0 398026.0 297799.0 323335.0 322388.0 305361.0 310083.0 325591.0 310124.0 296715.0 292796.0 325337.0 307802.0 329842.0 290770.0 360026.0 335224.0 277996.0 336577.0 280276.0 361242.0 317258.0 331392.0 290546.0 318172.0 575374.0 394772.0 277708.0 269049.0
222 334824.0 286521.0 547718.0 340779.0 375621.0 297386.0 324379.0 321000.0 304676.0 310122.0 325348.0 308853.0 295308.0 291970.0 324749.0 308287.0 326846.0 289869.0 356493.0 335029.0 276581.0 336222.0 279039.0 360551.0 317958.0 331226.0 290553.0 318923.0 575195.0 392880.0 277380.0 268361.0
225 332756.0 285243.0 539354.0 339186.0 374317.0 296802.0 320161.0 319498.0 303462.0 308244.0 324293.0 306337.0 294186.0 288885.0 322463.0 305843.0 324619.0 289894.0 354029.0 333241.0 274998.0 334152.0 278332.0 360063.0 314423.0 328898.0 288775.0 315281.0 571314.0 392639.0 275542.0 267429.0
228 329306.0 283793.0 532956.0 336875.0 376350.0 293538.0 318485.0 316182.0 301740.0 307994.0 322022.0 305046.0 291309.0 288489.0 320952.0 303892.0 322261.0 287023.0 351926.0 332527.0 273082.0 332967.0 277029.0 357691.0 313528.0 326555.0 287188.0 312887.0 566889.0 388068.0 273348.0 264711.0
231 327206.0 282242.0 535206.0 335589.0 370145.0 293651.0 317658.0 316367.0 301680.0 305343.0 321149.0 302558.0 287029.0 285984.0 318663.0 304128.0 320310.0 285879.0 346005.0 328722.0 270406.0 330900.0 274607.0 354796.0 312860.0 323542.0 285915.0 312013.0 563395.0 384990.0 270369.0 263817.0
234 318359.0 279852.0 526884.0 331239.0 367068.0 290695.0 314472.0 313525.0 298227.0 301048.0 318516.0 299284.0 280169.0 282636.0 315322.0 299769.0 316631.0 282192.0 327907.0 327741.0 267074.0 335295.0 273784.0 347796.0 309334.0 321834.0 282714.0 309831.0 557378.0 377365.0 260506.0 260756.0
237 285286.0 277478.0 517094.0 325745.0 378050.0 287148.0 308105.0 307903.0 294549.0 287278.0 316125.0 282548.0 244130.0 265206.0 307879.0 292550.0 303781.0 274863.0 265643.0 320760.0 250204.0 323952.0 270342.0 325024.0 301008.0 294329.0 276486.0 302858.0 549170.0 361371.0 229811.0 248065.0
240 200613.0 266038.0 478416.0 295835.0 330975.0 271142.0 277312.0 286494.0 278940.0 243052.0 310890.0 224004.0 162994.0 209078.0 276277.0 267491.0 256236.0 242673.0 156442.0 295286.0 195404.0 305104.0 254818.0 254071.0 275541.0 227121.0 252287.0 276505.0 519391.0 302097.0 155310.0 210457.0
243 95619.0 221437.0 361419.0 216947.0 223421.0 221272.0 200852.0 223598.0 228439.0 156034.0 294171.0 126214.0 73896.0 120663.0 206725.0 201179.0 163273.0 165702.0 64606.0 231691.0 109322.0 246094.0 207204.0 146395.0 204908.0 126315.0 188772.0 208610.0 447978.0 190765.0 72339.0 138560.0
246 37326.0 137748.0 190568.0 110488.0 105861.0 131570.0 95080.0 124028.0 132899.0 72075.0 238251.0 48269.0 28161.0 49089.0 114192.0 112213.0 72783.0 76502.0 28540.0 134837.0 41814.0 144605.0 123401.0 60609.0 108715.0 51241.0 101668.0 111461.0 307565.0 82697.0 27637.0 64053.0
249 21490.0 55938.0 72928.0 39900.0 39917.0 51075.0 33283.0 47336.0 49964.0 28536.0 139020.0 21455.0 16555.0 21643.0 46168.0 44216.0 28926.0 27953.0 20682.0 53826.0 18994.0 55498.0 48746.0 27951.0 40158.0 23428.0 38371.0 41670.0 148661.0 33862.0 15993.0 24504.0
252 18294.0 23147.0 40034.0 22717.0 24729.0 23183.0 19998.0 23531.0 22607.0 18980.0 58896.0 17037.0 14151.0 16224.0 23341.0 22377.0 20158.0 17793.0 18562.0 26002.0 15029.0 26179.0 22060.0 21955.0 21864.0 18490.0 20234.0 23044.0 64998.0 25021.0 13697.0 16049.0
255 16365.0 16716.0 33083.0 18877.0 20907.0 17672.0 17232.0 18703.0 17627.0 16461.0 27358.0 14927.0 13215.0 14252.0 18313.0 17624.0 17760.0 15032.0 17102.0 20452.0 13290.0 20381.0 16872.0 19309.0 17735.0 16533.0 16521.0 18538.0 43041.0 21712.0 12576.0 13837.0
258 15450.0 14129.0 28498.0 16586.0 18670.0 15041.0 15463.0 15510.0 15001.0 14694.0 20186.0 13706.0 12118.0 12619.0 16198.0 14629.0 15702.0 13403.0 16104.0 17599.0 12097.0 16879.0 14347.0 17938.0 15703.0 14899.0 14439.0 16236.0 35601.0 19923.0 11652.0 12390.0
261 14881.0 13113.0 26828.0 15884.0 17789.0 14296.0 14783.0 14206.0 14026.0 13816.0 17487.0 13221.0 11790.0 12123.0 15079.0 13978.0 15459.0 12743.0 15701.0 16728.0 11665.0 15534.0 13441.0 17396.0 14961.0 14490.0 13667.0 15063.0 32296.0 18720.0 11319.0 11814.0
264 14696.0 12412.0 25859.0 15092.0 17924.0 13558.0 13822.0 13581.0 13458.0 13641.0 15838.0 12767.0 11488.0 11659.0 14692.0 13031.0 14582.0 12389.0 15552.0 15926.0 11490.0 14574.0 12706.0 17053.0 14176.0 14155.0 13243.0 14643.0 30933.0 18716.0 11371.0 11283.0
267 14492.0 12086.0 25008.0 14984.0 17830.0 13100.0 14004.0 13202.0 13189.0 13276.0 15197.0 12377.0 11377.0 11648.0 14499.0 12633.0 14485.0 11990.0 15381.0 15933.0 11206.0 14254.0 12380.0 16781.0 13789.0 14097.0 12777.0 14330.0 29767.0 18186.0 10834.0 11328.0
270 14112.0 11646.0 24510.0 14831.0 17511.0 12853.0 13418.0 13207.0 12884.0 13194.0 14571.0 12198.0 11385.0 11375.0 14132.0 12567.0 14323.0 11896.0 15774.0 15304.0 10959.0 13882.0 12213.0 16430.0 13663.0 13656.0 12695.0 14386.0 29298.0 18189.0 10905.0 11173.0
273 14160.0 11751.0 24408.0 14520.0 17217.0 12781.0 13292.0 12877.0 12860.0 13026.0 14874.0 12341.0 11065.0 11370.0 13869.0 12721.0 14316.0 11688.0 15751.0 15509.0 10985.0 14062.0 12236.0 16318.0 13551.0 13549.0 12288.0 13942.0 29153.0 17946.0 10511.0 11046.0
276 14028.0 11414.0 23797.0 14285.0 16880.0 12523.0 13108.0 12676.0 12765.0 13148.0 14492.0 11950.0 11226.0 11302.0 13812.0 12347.0 13840.0 11635.0 15198.0 14947.0 10876.0 14363.0 12118.0 16278.0 13303.0 13268.0 12399.0 14008.0 28790.0 17837.0 10432.0 10989.0
279 13735.0 11452.0 23532.0 13801.0 16613.0 12524.0 12912.0 12550.0 12248.0 12500.0 14127.0 11735.0 10693.0 10965.0 13488.0 12219.0 13792.0 11495.0 14905.0 15005.0 10553.0 13319.0 11681.0 15887.0 13179.0 13079.0 12170.0 13897.0 28379.0 17344.0 10280.0 10846.0
282 13360.0 11473.0 22915.0 13716.0 16279.0 12264.0 12903.0 12507.0 12481.0 12368.0 14004.0 11731.0 10511.0 10772.0 13362.0 11999.0 13602.0 11081.0 14256.0 14915.0 10406.0 13253.0 11480.0 15413.0 12886.0 12912.0 12039.0 13584.0 27551.0 17168.0 10169.0 10437.0
285 13048.0 11121.0 22359.0 13558.0 16093.0 12221.0 12504.0 12259.0 12214.0 11956.0 13449.0 11404.0 10253.0 10754.0 13235.0 11666.0 13528.0 11072.0 13824.0 14481.0 10169.0 13269.0 11415.0 15410.0 12944.0 12612.0 11709.0 13112.0 27261.0 16744.0 9888.0 10304.0
288 12810.0 10921.0 21813.0 13246.0 14660.0 11880.0 12282.0 12016.0 11651.0 12066.0 13581.0 11280.0 10083.0 10296.0 12888.0 11482.0 12964.0 10723.0 13247.0 14197.0 9935.0 12767.0 11005.0 14931.0 12286.0 12250.0 11483.0 13039.0 26322.0 16320.0 9716.0 10124.0
291 12575.0 10833.0 21532.0 13170.0 14949.0 11541.0 12072.0 11642.0 11710.0 11727.0 13455.0 10759.0 9717.0 10114.0 12699.0 11331.0 12500.0 10532.0 12681.0 13835.0 9905.0 12688.0 11278.0 14615.0 12300.0 12283.0 11289.0 12875.0 26256.0 16032.0 9322.0 10060.0
294 12110.0 10542.0 20979.0 12987.0 14798.0 11549.0 11889.0 11645.0 11616.0 11402.0 13182.0 10493.0 9279.0 9888.0 12367.0 11056.0 12297.0 10400.0 12553.0 13613.0 9262.0 12264.0 10853.0 14273.0 11989.0 11886.0 11212.0 12481.0 25634.0 15755.0 9135.0 9894.0
297 11777.0 10300.0 20332.0 12421.0 14436.0 11024.0 11557.0 11070.0 11298.0 11190.0 12979.0 10342.0 8974.0 9541.0 12186.0 10923.0 12040.0 9991.0 11597.0 13239.0 9273.0 12096.0 10649.0 13737.0 11581.0 11293.0 10760.0 12037.0 25187.0 15200.0 8712.0 9409.0
300 10859.0 10101.0 19729.0 12146.0 14021.0 10790.0 11000.0 10803.0 10739.0 10606.0 12904.0 9682.0 8024.0 9068.0 11729.0 10595.0 11357.0 9702.0 9545.0 13134.0 8794.0 11735.0 10383.0 13088.0 11301.0 11035.0 10446.0 11813.0 24166.0 14585.0 7802.0 9257.0
303 9353.0 9643.0 19063.0 11545.0 13522.0 10512.0 10608.0 10577.0 10399.0 9999.0 12547.0 9035.0 6683.0 8467.0 11378.0 10158.0 10601.0 9243.0 7672.0 12559.0 7765.0 11314.0 9934.0 11916.0 11131.0 9966.0 10140.0 11515.0 23474.0 13315.0 6592.0 8574.0
306 6862.0 9318.0 17520.0 11071.0 12054.0 10064.0 9800.0 9961.0 9933.0 8859.0 12274.0 7092.0 4743.0 7059.0 10737.0 9292.0 9436.0 8386.0 5017.0 11844.0 6218.0 11288.0 9464.0 9812.0 10082.0 7975.0 9245.0 10467.0 22249.0 11510.0 4793.0 7619.0
309 4427.0 8653.0 15250.0 9441.0 10074.0 9262.0 8338.0 9039.0 8789.0 7144.0 11658.0 5164.0 2768.0 5291.0 9321.0 8172.0 7087.0 6813.0 2797.0 10425.0 4398.0 10061.0 8638.0 7303.0 8588.0 5997.0 7999.0 9435.0 20267.0 9090.0 2994.0 6216.0
312 2366.0 7448.0 11849.0 7212.0 7424.0 7754.0 5860.0 7335.0 6971.0 5033.0 11344.0 3110.0 1395.0 3400.0 7650.0 6106.0 4788.0 4766.0 1496.0 8522.0 2508.0 8200.0 7225.0 4491.0 6656.0 3660.0 6282.0 7318.0 17598.0 6285.0 1560.0 4293.0
315 1399.0 5485.0 7875.0 4787.0 4351.0 5682.0 3356.0 5241.0 4758.0 2969.0 10100.0 1603.0 814.0 1900.0 5390.0 4045.0 2698.0 2725.0 1098.0 6207.0 1185.0 6173.0 5382.0 2467.0 4197.0 1941.0 4229.0 4753.0 13750.0 3528.0 913.0 2626.0
318 1084.0 3613.0 4428.0 2661.0 2247.0 3367.0 1821.0 3152.0 2728.0 1732.0 8450.0 978.0 760.0 1036.0 3357.0 2368.0 1463.0 1465.0 978.0 3982.0 899.0 3486.0 3440.0 1558.0 2227.0 1217.0 2358.0 2685.0 9698.0 1930.0 717.0 1399.0
321 936.0 2167.0 2781.0 1624.0 1515.0 2044.0 1159.0 1832.0 1606.0 1119.0 6666.0 803.0 660.0 803.0 2111.0 1503.0 1182.0 1019.0 911.0 2391.0 724.0 2256.0 2058.0 1274.0 1417.0 970.0 1472.0 1623.0 6470.0 1484.0 684.0 962.0
324 876.0 1224.0 1889.0 1077.0 1246.0 1181.0 930.0 1224.0 1011.0 863.0 4204.0 755.0 668.0 675.0 1298.0 997.0 963.0 761.0 890.0 1472.0 656.0 1322.0 1116.0 1132.0 1015.0 871.0 993.0 1115.0 3860.0 1258.0 643.0 754.0
327 881.0 863.0 1612.0 982.0 1097.0 932.0 794.0 890.0 849.0 842.0 2573.0 777.0 618.0 691.0 1012.0 866.0 911.0 739.0 865.0 1167.0 657.0 1017.0 867.0 1049.0 916.0 827.0 833.0 980.0 2662.0 1189.0 609.0 715.0
330 793.0 792.0 1459.0 898.0 1048.0 786.0 818.0 782.0 818.0 830.0 1430.0 678.0 605.0 629.0 909.0 731.0 882.0 695.0 926.0 1072.0 656.0 878.0 809.0 977.0 812.0 798.0 823.0 880.0 2088.0 1086.0 615.0 651.0
333 864.0 743.0 1364.0 854.0 1016.0 787.0 792.0 745.0 764.0 706.0 1127.0 660.0 622.0 641.0 924.0 747.0 815.0 698.0 856.0 1010.0 547.0 804.0 803.0 1040.0 814.0 738.0 710.0 887.0 1973.0 1110.0 623.0 663.0
336 810.0 699.0 1331.0 872.0 932.0 837.0 748.0 733.0 787.0 748.0 999.0 637.0 580.0 621.0 814.0 753.0 820.0 689.0 833.0 909.0 659.0 765.0 746.0 994.0 810.0 786.0 729.0 855.0 1958.0 1092.0 560.0 629.0
339 769.0 666.0 1292.0 787.0 1001.0 735.0 825.0 723.0 744.0 703.0 985.0 675.0 527.0 608.0 823.0 718.0 788.0 676.0 781.0 948.0 605.0 807.0 704.0 973.0 774.0 788.0 691.0 828.0 1834.0 1057.0 569.0 643.0
342 835.0 609.0 1326.0 838.0 930.0 735.0 713.0 701.0 706.0 724.0 916.0 655.0 554.0 581.0 819.0 655.0 822.0 627.0 772.0 941.0 585.0 754.0 718.0 934.0 806.0 754.0 677.0 810.0 1745.0 1042.0 549.0 623.0
345 752.0 599.0 1332.0 821.0 909.0 728.0 733.0 718.0 697.0 673.0 845.0 619.0 536.0 581.0 786.0 635.0 760.0 664.0 737.0 910.0 555.0 765.0 699.0 906.0 829.0 733.0 714.0 780.0 1814.0 1013.0 507.0 616.0
348 687.0 646.0 1218.0 744.0 900.0 740.0 670.0 671.0 710.0 696.0 901.0 635.0 542.0 570.0 768.0 634.0 791.0 596.0 816.0 911.0 570.0 742.0 666.0 905.0 733.0 699.0 671.0 748.0 1740.0 976.0 474.0 573.0
351 753.0 586.0 1250.0 780.0 928.0 710.0 724.0 641.0 664.0 656.0 813.0 580.0 540.0 546.0 759.0 626.0 744.0 583.0 707.0 826.0 550.0 723.0 668.0 823.0 694.0 693.0 636.0 754.0 1619.0 951.0 505.0 607.0
354 710.0 604.0 1221.0 749.0 864.0 616.0 670.0 609.0 630.0 666.0 777.0 530.0 478.0 551.0 755.0 622.0 723.0 566.0 696.0 806.0 515.0 679.0 649.0 875.0 700.0 638.0 653.0 701.0 1533.0 991.0 457.0 559.0
357 711.0 608.0 1144.0 742.0 861.0 620.0 646.0 597.0 628.0 649.0 821.0 501.0 465.0 534.0 798.0 598.0 672.0 576.0 620.0 829.0 481.0 700.0 650.0 784.0 725.0 612.0 655.0 732.0 1561.0 876.0 430.0 543.0
360 677.0 561.0 1106.0 684.0 792.0 651.0 650.0 588.0 631.0 639.0 827.0 526.0 421.0 464.0 667.0 613.0 677.0 516.0 594.0 810.0 472.0 718.0 676.0 777.0 650.0 550.0 602.0 718.0 1545.0 856.0 395.0 548.0
363 570.0 528.0 1044.0 622.0 706.0 598.0 590.0 592.0 598.0 558.0 759.0 535.0 404.0 471.0 657.0 555.0 683.0 533.0 545.0 800.0 452.0 673.0 566.0 759.0 652.0 605.0 589.0 690.0 1428.0 871.0 374.0 501.0
366 503.0 537.0 1041.0 658.0 712.0 605.0 589.0 507.0 563.0 541.0 722.0 465.0 340.0 456.0 681.0 543.0 586.0 487.0 405.0 759.0 414.0 617.0 625.0 681.0 658.0 540.0 528.0 672.0 1469.0 834.0 311.0 501.0
369 409.0 506.0 984.0 614.0 612.0 578.0 588.0 546.0 548.0 522.0 763.0 444.0 258.0 366.0 609.0 538.0 551.0 456.0 312.0 727.0 356.0 586.0 564.0 599.0 581.0 493.0 572.0 604.0 1349.0 669.0 307.0 447.0
372 331.0 485.0 917.0 587.0 626.0 544.0 456.0 497.0 545.0 450.0 688.0 357.0 179.0 372.0 651.0 493.0 451.0 380.0 220.0 675.0 276.0 560.0 502.0 502.0 494.0 424.0 488.0 580.0 1293.0 580.0 212.0 392.0
375 217.0 496.0 741.0 518.0 525.0 537.0 411.0 452.0 474.0 393.0 717.0 254.0 120.0 260.0 537.0 435.0 340.0 318.0 134.0 601.0 191.0 559.0 471.0 409.0 472.0 283.0 426.0 543.0 1268.0 542.0 135.0 298.0
378 119.0 400.0 611.0 461.0 370.0 454.0 304.0 383.0 384.0 290.0 600.0 157.0 73.0 184.0 440.0 329.0 260.0 261.0 80.0 541.0 114.0 440.0 420.0 258.0 359.0 212.0 321.0 442.0 1052.0 371.0 76.0 229.0
381 82.0 355.0 472.0 337.0 272.0 335.0 210.0 290.0 238.0 193.0 643.0 99.0 46.0 133.0 355.0 262.0 158.0 161.0 82.0 411.0 65.0 414.0 338.0 163.0 262.0 118.0 263.0 346.0 894.0 253.0 64.0 180.0
384 60.0 238.0 307.0 233.0 161.0 236.0 113.0 235.0 181.0 122.0 523.0 64.0 35.0 64.0 257.0 168.0 110.0 85.0 59.0 300.0 46.0 298.0 260.0 105.0 167.0 72.0 198.0 219.0 647.0 144.0 45.0 109.0
387 65.0 167.0 198.0 116.0 106.0 148.0 72.0 169.0 105.0 72.0 457.0 45.0 30.0 40.0 181.0 97.0 76.0 70.0 67.0 231.0 40.0 185.0 187.0 88.0 95.0 74.0 96.0 141.0 489.0 92.0 33.0 87.0
390 54.0 123.0 129.0 90.0 77.0 91.0 83.0 94.0 74.0 68.0 380.0 43.0 46.0 45.0 135.0 56.0 59.0 52.0 50.0 131.0 42.0 98.0 126.0 82.0 71.0 49.0 64.0 97.0 323.0 83.0 38.0 56.0
393 57.0 65.0 100.0 76.0 47.0 64.0 62.0 67.0 60.0 54.0 250.0 43.0 30.0 29.0 79.0 57.0 74.0 42.0 62.0 79.0 38.0 67.0 67.0 85.0 59.0 54.0 64.0 71.0 214.0 83.0 37.0 54.0
396 61.0 54.0 78.0 60.0 63.0 56.0 63.0 42.0 50.0 43.0 179.0 43.0 34.0 28.0 69.0 51.0 53.0 44.0 65.0 72.0 36.0 50.0 55.0 68.0 59.0 42.0 58.0 68.0 163.0 71.0 34.0 45.0
399 50.0 40.0 89.0 61.0 83.0 53.0 47.0 44.0 49.0 52.0 109.0 47.0 33.0 28.0 61.0 46.0 50.0 43.0 47.0 74.0 37.0 50.0 67.0 70.0 55.0 43.0 39.0 56.0 143.0 92.0 29.0 50.0
402 59.0 39.0 95.0 53.0 70.0 40.0 54.0 32.0 44.0 48.0 86.0 42.0 32.0 39.0 47.0 42.0 55.0 43.0 52.0 75.0 42.0 51.0 49.0 59.0 49.0 56.0 51.0 75.0 129.0 65.0 37.0 49.0
405 58.0 50.0 84.0 60.0 70.0 48.0 60.0 49.0 52.0 40.0 69.0 44.0 34.0 30.0 55.0 49.0 54.0 51.0 42.0 54.0 36.0 49.0 61.0 62.0 64.0 37.0 54.0 59.0 143.0 78.0 28.0 49.0
408 45.0 47.0 76.0 62.0 54.0 55.0 52.0 40.0 42.0 40.0 62.0 32.0 32.0 40.0 57.0 49.0 56.0 35.0 47.0 66.0 34.0 44.0 44.0 53.0 50.0 48.0 42.0 60.0 131.0 66.0 27.0 27.0
411 44.0 39.0 68.0 48.0 59.0 58.0 44.0 45.0 61.0 44.0 56.0 38.0 27.0 32.0 45.0 41.0 49.0 39.0 37.0 66.0 27.0 42.0 51.0 54.0 44.0 50.0 44.0 53.0 128.0 60.0 26.0 33.0
414 56.0 34.0 72.0 59.0 61.0 46.0 44.0 49.0 49.0 46.0 60.0 38.0 24.0 30.0 58.0 43.0 47.0 33.0 38.0 58.0 27.0 41.0 40.0 54.0 45.0 44.0 33.0 40.0 124.0 47.0 30.0 45.0
417 52.0 27.0 71.0 50.0 54.0 43.0 45.0 33.0 33.0 44.0 46.0 48.0 24.0 42.0 48.0 35.0 56.0 28.0 44.0 64.0 27.0 44.0 49.0 53.0 49.0 37.0 48.0 45.0 123.0 55.0 22.0 34.0
420 47.0 35.0 78.0 37.0 47.0 37.0 38.0 40.0 45.0 47.0 45.0 32.0 19.0 26.0 50.0 35.0 52.0 39.0 26.0 54.0 33.0 36.0 42.0 41.0 46.0 34.0 56.0 55.0 129.0 58.0 23.0 26.0
423 42.0 38.0 71.0 51.0 64.0 40.0 39.0 39.0 46.0 39.0 51.0 32.0 22.0 28.0 53.0 34.0 41.0 43.0 39.0 62.0 24.0 48.0 31.0 42.0 44.0 44.0 42.0 41.0 116.0 49.0 20.0 26.0
426 27.0 33.0 56.0 52.0 44.0 44.0 31.0 30.0 24.0 33.0 50.0 23.0 18.0 28.0 45.0 37.0 36.0 39.0 15.0 50.0 24.0 31.0 31.0 46.0 35.0 34.0 30.0 49.0 109.0 44.0 29.0 50.0
429 20.0 29.0 42.0 42.0 54.0 38.0 38.0 28.0 39.0 31.0 51.0 19.0 8.0 15.0 46.0 36.0 31.0 33.0 27.0 58.0 11.0 28.0 37.0 35.0 39.0 31.0 40.0 46.0 101.0 48.0 12.0 23.0
432 14.0 44.0 47.0 46.0 38.0 31.0 33.0 34.0 33.0 23.0 51.0 19.0 6.0 23.0 45.0 28.0 26.0 37.0 16.0 44.0 17.0 36.0 39.0 34.0 38.0 28.0 34.0 46.0 75.0 37.0 14.0 27.0
435 14.0 32.0 35.0 36.0 34.0 28.0 27.0 25.0 27.0 26.0 57.0 13.0 6.0 13.0 29.0 30.0 24.0 26.0 8.0 50.0 14.0 29.0 29.0 26.0 27.0 22.0 31.0 42.0 91.0 40.0 12.0 19.0
438 13.0 32.0 35.0 24.0 35.0 31.0 22.0 24.0 28.0 22.0 39.0 7.0 4.0 11.0 25.0 22.0 14.0 13.0 7.0 44.0 7.0 21.0 25.0 11.0 24.0 16.0 23.0 30.0 82.0 22.0 3.0 15.0
441 4.0 22.0 30.0 21.0 13.0 25.0 19.0 24.0 16.0 11.0 55.0 8.0 4.0 9.0 20.0 20.0 19.0 8.0 3.0 37.0 4.0 17.0 22.0 11.0 16.0 12.0 24.0 23.0 67.0 17.0 3.0 14.0
444 4.0 21.0 21.0 19.0 13.0 24.0 12.0 20.0 16.0 11.0 47.0 10.0 3.0 5.0 30.0 12.0 17.0 13.0 4.0 29.0 2.0 21.0 19.0 7.0 11.0 7.0 19.0 22.0 63.0 10.0 2.0 11.0
447 5.0 13.0 22.0 11.0 9.0 17.0 4.0 24.0 11.0 4.0 43.0 1.0 3.0 7.0 21.0 8.0 10.0 6.0 3.0 17.0 1.0 12.0 11.0 7.0 9.0 3.0 12.0 12.0 40.0 10.0 2.0 9.0
