150 16364444.0 16351340.0 16344176.0 16309247.0 16348619.0 16314097.0 16328442.0 16313052.0 16326567.0 16311658.0 16339757.0 16310334.0 16339155.0 16344485.0 16335396.0 16301903.0 16334864.0 16342678.0 16333509.0 16325344.0 16316834.0 16330396.0 16290100.0 16310595.0 16300273.0 16320898.0 16292065.0 16321153.0 16275666.0 16322682.0 16332179.0 16331262.0
153 18607692.0 18601037.0 18590076.0 18553641.0 18590994.0 18563300.0 18576182.0 18553734.0 18580585.0 18553109.0 18589398.0 18564990.0 18589783.0 18584932.0 18582145.0 18554786.0 18583959.0 18588274.0 18583591.0 18560312.0 18570024.0 18587204.0 18538819.0 18550564.0 18551759.0 18566222.0 18557068.0 18574091.0 18473722.0 18573761.0 18588338.0 18589991.0
156 19164909.0 19162295.0 19152166.0 19115164.0 19149587.0 19126647.0 19137276.0 19115418.0 19141850.0 19112906.0 19150084.0 19127292.0 19150038.0 19142538.0 19141932.0 19118108.0 19144504.0 19147629.0 19144705.0 19119155.0 19134006.0 19149802.0 19103698.0 19114669.0 19115939.0 19131579.0 19124496.0 19140438.0 19033097.0 19139168.0 19154071.0 19155258.0
159 19518586.0 19512433.0 19503824.0 19470274.0 19502502.0 19481843.0 19492362.0 19472023.0 19495242.0 19467506.0 19502255.0 19484666.0 19502848.0 19494876.0 19494690.0 19473804.0 19496964.0 19501179.0 19498502.0 19475107.0 19491496.0 19505151.0 19460215.0 19470921.0 19473453.0 19487456.0 19482670.0 19497300.0 19388501.0 19496141.0 19509906.0 19509780.0
162 19821299.0 19814338.0 19807992.0 19772048.0 19808290.0 19784110.0 19797615.0 19775322.0 19800103.0 19769145.0 19807506.0 19788417.0 19807951.0 19799723.0 19800382.0 19775668.0 19802656.0 19806953.0 19804990.0 19785423.0 19795793.0 19811960.0 19762650.0 19778422.0 19775110.0 19793873.0 19786733.0 19804293.0 19695967.0 19803447.0 19815794.0 19814238.0
165 20018653.0 20007271.0 20003509.0 19969518.0 20008167.0 19982430.0 19996257.0 19974094.0 19999194.0 19967541.0 20004582.0 19987633.0 20006729.0 19997814.0 19999778.0 19973031.0 20000038.0 20005406.0 20005631.0 19992077.0 19994683.0 20013113.0 19961196.0 19977821.0 19973529.0 19992466.0 19985433.0 20006556.0 19897981.0 20004924.0 20016073.0 20013490.0
168 20150371.0 20134931.0 20132523.0 20099763.0 20140789.0 20112389.0 20125134.0 20104211.0 20129496.0 20097624.0 20133624.0 20116734.0 20137203.0 20126067.0 20128599.0 20102294.0 20129253.0 20134836.0 20137346.0 20128051.0 20123739.0 20145018.0 20088824.0 20106601.0 20102606.0 20120006.0 20113582.0 20137775.0 20026031.0 20135826.0 20146275.0 20143583.0
171 20041596.0 20014311.0 20012508.0 19964127.0 20020996.0 19975175.0 20001817.0 19973501.0 20004962.0 19955815.0 20011533.0 19989387.0 20013369.0 20002260.0 20002842.0 19967246.0 20003671.0 20011661.0 20014150.0 20006053.0 19992449.0 20020052.0 19949498.0 19976686.0 19965500.0 19990832.0 19980109.0 20008709.0 19882900.0 20007434.0 20018543.0 20017773.0
174 18685729.0 19021230.0 18597892.0 17903930.0 18667791.0 17614640.0 18638422.0 17757807.0 18569734.0 17651138.0 18453599.0 17910802.0 18291458.0 18481071.0 18273371.0 17959889.0 18350488.0 18565853.0 18318080.0 18209992.0 17787717.0 18352922.0 17853373.0 18221913.0 17929030.0 18331028.0 17951812.0 18217689.0 17639728.0 18329664.0 18360156.0 18556145.0
177 10480014.0 10556126.0 9949445.0 9901159.0 10105676.0 9424832.0 10237088.0 9816731.0 10258272.0 9655892.0 10024027.0 9990880.0 9776502.0 10211627.0 9854500.0 10156478.0 9937927.0 10351991.0 9861351.0 9758605.0 9550826.0 9871780.0 9975713.0 9860511.0 9995328.0 9914226.0 9998284.0 9585540.0 9753498.0 9776975.0 9715910.0 10048925.0
180 8812614.0 8493499.0 8067409.0 8163938.0 8215961.0 7678104.0 8325025.0 8059241.0 8358095.0 7879593.0 8080616.0 8182798.0 7849317.0 8238269.0 7900177.0 8331380.0 7984631.0 8337052.0 7888634.0 7789089.0 7738720.0 7885950.0 8184711.0 7915977.0 8194293.0 7942200.0 8184704.0 7609325.0 7983883.0 7790021.0 7720880.0 8043581.0
183 2280298.0 2318047.0 2123606.0 2146060.0 2160999.0 1895817.0 2212584.0 2078753.0 2248783.0 2008650.0 2099358.0 2097051.0 2004519.0 2170376.0 2013198.0 2169891.0 2077405.0 2182581.0 2011490.0 2041068.0 1909006.0 1983973.0 2141088.0 2105701.0 2129210.0 2082961.0 2084876.0 1916797.0 2286771.0 2001981.0 1938844.0 2081179.0
186 310021.0 393279.0 372714.0 361002.0 383310.0 289723.0 353873.0 357942.0 357386.0 340263.0 321625.0 313792.0 309777.0 330900.0 310180.0 321619.0 320178.0 308155.0 311743.0 438583.0 265795.0 289618.0 354478.0 400981.0 320065.0 358157.0 285416.0 327623.0 645883.0 350813.0 304942.0 317745.0
189 302848.0 320950.0 353996.0 328670.0 361335.0 281482.0 315001.0 344588.0 293606.0 325945.0 301726.0 290248.0 295759.0 302662.0 295192.0 295047.0 295362.0 276102.0 300016.0 433485.0 257142.0 276731.0 328659.0 383752.0 290922.0 339444.0 266016.0 323166.0 608516.0 337489.0 294998.0 296185.0
192 303317.0 318368.0 353784.0 325659.0 359765.0 282169.0 312610.0 341904.0 290851.0 324306.0 300602.0 289272.0 293748.0 301472.0 294583.0 291519.0 294378.0 274281.0 299201.0 433217.0 256394.0 275444.0 327423.0 381575.0 289032.0 336691.0 263432.0 320314.0 627308.0 336240.0 294714.0 293839.0
195 302505.0 317595.0 353650.0 325969.0 360408.0 280281.0 312184.0 342991.0 290526.0 323366.0 300522.0 288440.0 295041.0 301209.0 295165.0 292762.0 293137.0 275116.0 298167.0 432685.0 255047.0 274162.0 326838.0 381467.0 289128.0 335979.0 264049.0 320918.0 617456.0 336303.0 292832.0 293433.0
198 301272.0 318414.0 352194.0 326576.0 358289.0 279943.0 312166.0 342654.0 289657.0 323166.0 300919.0 287477.0 294526.0 301214.0 294283.0 291680.0 293914.0 276124.0 297404.0 430772.0 255235.0 273494.0 326382.0 380730.0 287840.0 335147.0 263103.0 319144.0 625280.0 334428.0 292966.0 292366.0
201 300308.0 317877.0 353246.0 325788.0 357348.0 282308.0 311665.0 343220.0 289908.0 322941.0 299862.0 285001.0 293351.0 300503.0 293668.0 291615.0 293165.0 274245.0 298069.0 430297.0 253435.0 273326.0 325540.0 380357.0 288309.0 333947.0 263041.0 318643.0 623467.0 333738.0 292443.0 291358.0
204 299119.0 316747.0 351634.0 324574.0 355193.0 281046.0 311186.0 331975.0 289254.0 322875.0 298897.0 286052.0 293588.0 299204.0 292744.0 291477.0 291600.0 273566.0 296515.0 428792.0 253834.0 273426.0 324798.0 379948.0 287404.0 335115.0 262783.0 317193.0 625967.0 333220.0 291425.0 292582.0
207 296957.0 315749.0 350463.0 323341.0 355944.0 280017.0 310624.0 339455.0 287545.0 320550.0 297883.0 285457.0 291179.0 299500.0 291906.0 289415.0 290103.0 272020.0 295392.0 428229.0 252702.0 272074.0 324252.0 379357.0 286621.0 331072.0 261765.0 317229.0 626124.0 332892.0 290236.0 290624.0
210 296716.0 314128.0 351621.0 323627.0 355195.0 276426.0 308990.0 338667.0 288761.0 320327.0 296317.0 284082.0 290530.0 299459.0 290528.0 290202.0 289724.0 271531.0 294121.0 426181.0 252981.0 270902.0 323585.0 377660.0 286424.0 333499.0 261400.0 324065.0 621021.0 332816.0 288973.0 290366.0
213 295643.0 313719.0 348881.0 322732.0 354042.0 276956.0 309395.0 338335.0 286529.0 318740.0 297282.0 284190.0 290463.0 297350.0 289566.0 289446.0 289434.0 271569.0 292798.0 422495.0 251241.0 270165.0 322082.0 376006.0 284955.0 333920.0 260794.0 317359.0 602976.0 331455.0 289042.0 289940.0
216 294226.0 313912.0 346846.0 322862.0 353834.0 276634.0 306046.0 336303.0 285859.0 317770.0 295331.0 283038.0 288592.0 295852.0 289883.0 288070.0 288584.0 270146.0 291775.0 419589.0 250106.0 268325.0 322103.0 375095.0 285486.0 331852.0 258187.0 318562.0 602648.0 329572.0 287625.0 287887.0
219 291221.0 310158.0 345309.0 319185.0 348250.0 274514.0 304891.0 333567.0 284146.0 316639.0 293408.0 279924.0 286418.0 293953.0 286599.0 286085.0 286680.0 268118.0 288894.0 412344.0 247780.0 264016.0 317778.0 371875.0 282977.0 325770.0 258621.0 314369.0 590606.0 326312.0 285246.0 285453.0
222 284198.0 309577.0 342793.0 318130.0 345041.0 272551.0 303470.0 330219.0 282385.0 313669.0 292056.0 276722.0 284017.0 293429.0 286125.0 284030.0 284565.0 265812.0 285675.0 390007.0 242056.0 258246.0 318560.0 371297.0 280697.0 326241.0 254386.0 305689.0 590741.0 320837.0 280308.0 282300.0
225 251369.0 307562.0 339194.0 315715.0 337187.0 267084.0 301160.0 322961.0 281142.0 311499.0 290632.0 263866.0 277570.0 290503.0 281346.0 282083.0 282248.0 261313.0 266388.0 311297.0 218022.0 227572.0 316019.0 366251.0 280912.0 319628.0 244559.0 269930.0 585345.0 300869.0 259604.0 271674.0
228 169530.0 305023.0 327590.0 312021.0 300555.0 240771.0 296518.0 286248.0 276962.0 304254.0 283037.0 215729.0 252619.0 283248.0 267832.0 276066.0 275423.0 239264.0 211409.0 180447.0 160427.0 157591.0 309691.0 357589.0 277889.0 312677.0 210846.0 186093.0 527622.0 243075.0 205630.0 236733.0
231 77481.0 296462.0 282593.0 301186.0 211022.0 177022.0 277145.0 209970.0 257011.0 276684.0 254165.0 129668.0 187542.0 253227.0 222521.0 253663.0 247186.0 181392.0 121461.0 70706.0 84788.0 72007.0 292273.0 324462.0 266400.0 286030.0 144749.0 86973.0 418975.0 144932.0 118070.0 162140.0
234 26656.0 261848.0 176004.0 259526.0 91147.0 82228.0 211955.0 95667.0 199286.0 201405.0 177780.0 47428.0 93462.0 174450.0 132949.0 189083.0 175950.0 85909.0 43356.0 29184.0 29687.0 24031.0 234030.0 237550.0 229330.0 209734.0 62256.0 29374.0 240524.0 53472.0 41486.0 69919.0
237 16638.0 173077.0 68682.0 168928.0 31431.0 27609.0 109838.0 31555.0 106641.0 99108.0 79374.0 18692.0 32687.0 79207.0 51256.0 96549.0 83672.0 27643.0 18534.0 22606.0 14192.0 14113.0 133946.0 117189.0 149629.0 104187.0 21617.0 17427.0 97235.0 22103.0 17932.0 24693.0
240 14506.0 78788.0 27960.0 79672.0 19760.0 16090.0 42230.0 19086.0 42572.0 38620.0 29647.0 14261.0 17317.0 30222.0 21949.0 37890.0 31966.0 15624.0 14822.0 20648.0 11765.0 12574.0 54902.0 45647.0 68748.0 41637.0 14289.0 15551.0 47969.0 16898.0 14435.0 16134.0
243 13517.0 29260.0 19794.0 31856.0 17260.0 13586.0 20950.0 16399.0 19573.0 20772.0 17737.0 12857.0 14233.0 18124.0 16104.0 19481.0 18301.0 13242.0 12740.0 19224.0 10581.0 11667.0 25127.0 25893.0 26906.0 22202.0 12272.0 14077.0 37626.0 15610.0 13010.0 13541.0
246 12731.0 18625.0 17183.0 19894.0 16064.0 12416.0 16396.0 15186.0 14775.0 16974.0 14942.0 11867.0 12673.0 14973.0 14051.0 15827.0 14856.0 11836.0 11904.0 18234.0 9884.0 10658.0 18964.0 21453.0 17808.0 17890.0 11281.0 13297.0 33626.0 14418.0 12170.0 12243.0
249 12381.0 15866.0 15174.0 16591.0 15097.0 11235.0 14331.0 14312.0 13163.0 14588.0 13249.0 11319.0 11307.0 13301.0 13141.0 13775.0 13115.0 10886.0 11179.0 17818.0 9343.0 10209.0 16317.0 18911.0 14744.0 15461.0 10584.0 12854.0 30927.0 13593.0 11415.0 11504.0
252 11877.0 13932.0 14426.0 15045.0 14345.0 10566.0 13284.0 13428.0 11881.0 13496.0 12141.0 10805.0 10927.0 12433.0 12296.0 12687.0 12164.0 10565.0 11217.0 17453.0 9141.0 10091.0 14598.0 17182.0 13373.0 14478.0 10174.0 12474.0 29342.0 13271.0 11262.0 10988.0
255 11902.0 12884.0 13804.0 13946.0 13941.0 10220.0 12577.0 13303.0 11424.0 12995.0 11542.0 10596.0 10445.0 11649.0 11832.0 12130.0 11533.0 10509.0 10848.0 17376.0 8990.0 10012.0 13990.0 16610.0 12468.0 13511.0 10004.0 12277.0 28589.0 13015.0 11055.0 10687.0
258 11701.0 12439.0 13479.0 13359.0 13771.0 10356.0 12024.0 12809.0 10830.0 12537.0 11069.0 10506.0 10440.0 11731.0 11823.0 11991.0 11576.0 10247.0 10613.0 16869.0 8884.0 9683.0 13522.0 16197.0 11758.0 13391.0 9961.0 12122.0 28975.0 12916.0 10882.0 10620.0
261 11418.0 12329.0 13202.0 13047.0 13515.0 9972.0 11991.0 12819.0 10846.0 12630.0 11254.0 10446.0 10196.0 11380.0 11510.0 11783.0 11042.0 9816.0 10481.0 16459.0 8623.0 9683.0 13302.0 16079.0 11650.0 13063.0 9725.0 11775.0 27739.0 12749.0 10597.0 10636.0
264 11345.0 11988.0 13321.0 12932.0 13525.0 9815.0 11737.0 12813.0 10706.0 12376.0 11048.0 10240.0 10225.0 11199.0 11389.0 11521.0 11156.0 9968.0 10252.0 16308.0 8457.0 9462.0 13315.0 16013.0 11755.0 12919.0 9574.0 11559.0 27560.0 12404.0 10285.0 10395.0
267 11169.0 11782.0 12865.0 12962.0 12953.0 9727.0 11817.0 12660.0 10354.0 11989.0 10809.0 10004.0 10071.0 11052.0 11251.0 11560.0 10879.0 9712.0 10109.0 15894.0 8403.0 9317.0 13135.0 15528.0 11376.0 13092.0 9430.0 11292.0 26940.0 12177.0 10202.0 10362.0
270 10885.0 11665.0 12978.0 12584.0 13050.0 9568.0 11402.0 12450.0 10327.0 12057.0 10705.0 9837.0 9880.0 11056.0 11139.0 11288.0 10782.0 9491.0 9782.0 15460.0 8233.0 9177.0 12725.0 15338.0 11150.0 12694.0 9248.0 11070.0 26491.0 11855.0 10261.0 10034.0
273 10505.0 11625.0 12645.0 12424.0 12634.0 9376.0 11287.0 12264.0 10089.0 11843.0 10356.0 9734.0 9522.0 10627.0 10902.0 10874.0 10723.0 9433.0 9829.0 15220.0 8065.0 8906.0 12712.0 15061.0 11002.0 12373.0 9069.0 11211.0 26079.0 11655.0 9734.0 9895.0
276 10416.0 11323.0 12556.0 12269.0 12443.0 9289.0 10978.0 11966.0 10178.0 11574.0 10363.0 9349.0 9543.0 10803.0 10892.0 10839.0 10414.0 8887.0 9642.0 14658.0 7951.0 8643.0 12388.0 14922.0 10990.0 12203.0 9086.0 10975.0 24652.0 11339.0 9551.0 9617.0
279 10078.0 11128.0 12122.0 12144.0 12082.0 9174.0 10837.0 11607.0 9807.0 11399.0 10264.0 9163.0 9220.0 10555.0 10547.0 10699.0 10327.0 8911.0 9226.0 13780.0 7790.0 8345.0 12311.0 14605.0 10804.0 12217.0 8882.0 10445.0 24558.0 11115.0 9547.0 9510.0
282 9551.0 10815.0 11793.0 11647.0 11579.0 8819.0 10648.0 11221.0 9522.0 11166.0 9934.0 8912.0 9019.0 10212.0 10067.0 10555.0 9924.0 8680.0 9145.0 12652.0 7480.0 8153.0 11997.0 14330.0 10529.0 11919.0 8534.0 10041.0 23595.0 10754.0 8967.0 9061.0
285 8466.0 10591.0 11633.0 11511.0 11252.0 8711.0 10691.0 10923.0 9689.0 10788.0 9965.0 8552.0 8794.0 9940.0 9981.0 10205.0 9934.0 8603.0 8528.0 10182.0 6991.0 7199.0 11795.0 13952.0 10570.0 11318.0 8186.0 8887.0 22518.0 10156.0 8461.0 8704.0
288 6880.0 10356.0 11342.0 11163.0 10787.0 8186.0 10028.0 10083.0 9163.0 10583.0 9425.0 7610.0 8326.0 9732.0 9581.0 9985.0 9584.0 8132.0 7447.0 7281.0 5855.0 5736.0 11418.0 13605.0 10166.0 11232.0 7384.0 7319.0 21082.0 8991.0 7634.0 8148.0
291 4699.0 10181.0 10767.0 10984.0 9335.0 7513.0 9918.0 9506.0 8939.0 10166.0 9245.0 6296.0 7689.0 9387.0 9317.0 9797.0 9186.0 7555.0 6020.0 4466.0 4455.0 4135.0 11029.0 13168.0 9909.0 10763.0 6489.0 5458.0 19745.0 7588.0 6056.0 7216.0
294 2490.0 10167.0 9932.0 10762.0 7625.0 6680.0 9370.0 7970.0 8484.0 9807.0 8637.0 4277.0 6689.0 8777.0 8557.0 9050.0 8747.0 6173.0 4157.0 2155.0 2912.0 2308.0 10578.0 12469.0 9397.0 10407.0 5045.0 3125.0 17554.0 5423.0 4014.0 5644.0
297 1161.0 9487.0 8373.0 10352.0 4847.0 4788.0 8530.0 5687.0 7893.0 8721.0 7870.0 2394.0 5119.0 7675.0 7066.0 8308.0 8011.0 4321.0 2108.0 1238.0 1533.0 1061.0 9798.0 11002.0 9301.0 9380.0 3235.0 1409.0 13510.0 2941.0 2144.0 3650.0
300 802.0 8743.0 6236.0 9680.0 2768.0 2981.0 7147.0 3249.0 6581.0 7653.0 6333.0 1172.0 3233.0 6123.0 5279.0 6904.0 6468.0 2448.0 1048.0 1023.0 805.0 673.0 8706.0 9130.0 8695.0 8035.0 1788.0 880.0 9504.0 1466.0 991.0 1950.0
303 725.0 7291.0 3942.0 8435.0 1444.0 1611.0 5343.0 1622.0 5128.0 5891.0 4647.0 754.0 1788.0 4346.0 3322.0 5311.0 4802.0 1280.0 727.0 940.0 573.0 572.0 7072.0 6813.0 7252.0 6101.0 908.0 729.0 5752.0 939.0 726.0 1062.0
306 692.0 5411.0 1991.0 6368.0 949.0 802.0 3338.0 957.0 3267.0 3638.0 2723.0 608.0 949.0 2487.0 1731.0 3342.0 2842.0 691.0 636.0 914.0 521.0 549.0 4841.0 4183.0 5878.0 3836.0 616.0 686.0 3212.0 792.0 623.0 746.0
309 655.0 3249.0 1031.0 4149.0 836.0 620.0 1626.0 841.0 1743.0 1910.0 1322.0 565.0 668.0 1242.0 940.0 1778.0 1431.0 591.0 604.0 870.0 462.0 512.0 2770.0 2225.0 3738.0 1953.0 578.0 685.0 2034.0 728.0 551.0 655.0
312 659.0 1703.0 876.0 2195.0 732.0 579.0 978.0 789.0 956.0 1047.0 805.0 554.0 600.0 833.0 748.0 972.0 825.0 552.0 525.0 901.0 420.0 557.0 1453.0 1273.0 1968.0 1084.0 548.0 633.0 1766.0 696.0 583.0 561.0
315 614.0 1002.0 743.0 1328.0 736.0 516.0 818.0 699.0 707.0 870.0 710.0 526.0 550.0 697.0 701.0 812.0 670.0 524.0 520.0 885.0 430.0 491.0 1028.0 1123.0 1124.0 922.0 520.0 616.0 1677.0 682.0 567.0 586.0
318 563.0 814.0 709.0 917.0 709.0 542.0 733.0 638.0 611.0 767.0 647.0 512.0 533.0 649.0 700.0 738.0 625.0 520.0 503.0 890.0 414.0 535.0 807.0 1007.0 805.0 802.0 510.0 560.0 1558.0 637.0 525.0 557.0
321 638.0 662.0 737.0 768.0 687.0 473.0 675.0 676.0 567.0 680.0 629.0 501.0 464.0 567.0 648.0 659.0 624.0 507.0 502.0 762.0 413.0 427.0 827.0 889.0 733.0 691.0 520.0 569.0 1476.0 633.0 546.0 545.0
324 592.0 608.0 682.0 701.0 694.0 524.0 623.0 661.0 592.0 705.0 588.0 497.0 471.0 582.0 592.0 672.0 561.0 518.0 477.0 750.0 422.0 429.0 752.0 898.0 646.0 691.0 535.0 549.0 1420.0 612.0 514.0 488.0
327 632.0 615.0 665.0 658.0 651.0 481.0 576.0 633.0 570.0 683.0 560.0 473.0 475.0 584.0 623.0 603.0 602.0 459.0 463.0 812.0 386.0 489.0 708.0 853.0 639.0 650.0 510.0 601.0 1408.0 569.0 555.0 489.0
330 546.0 615.0 622.0 679.0 632.0 523.0 622.0 605.0 507.0 645.0 541.0 507.0 481.0 534.0 604.0 566.0 626.0 434.0 417.0 731.0 356.0 465.0 710.0 886.0 598.0 644.0 496.0 543.0 1403.0 573.0 486.0 459.0
333 509.0 614.0 620.0 694.0 664.0 456.0 598.0 625.0 502.0 685.0 536.0 462.0 467.0 560.0 595.0 615.0 571.0 410.0 447.0 661.0 357.0 420.0 717.0 819.0 598.0 634.0 459.0 495.0 1405.0 538.0 440.0 447.0
336 514.0 571.0 635.0 706.0 606.0 446.0 583.0 602.0 551.0 602.0 502.0 410.0 496.0 562.0 577.0 618.0 544.0 456.0 431.0 640.0 361.0 412.0 666.0 835.0 596.0 696.0 446.0 488.0 1253.0 558.0 470.0 428.0
339 494.0 575.0 577.0 636.0 576.0 468.0 575.0 605.0 465.0 554.0 540.0 420.0 447.0 560.0 559.0 559.0 557.0 441.0 420.0 559.0 318.0 357.0 680.0 807.0 579.0 627.0 442.0 493.0 1307.0 542.0 412.0 412.0
342 418.0 528.0 606.0 666.0 542.0 396.0 526.0 588.0 471.0 600.0 481.0 401.0 405.0 540.0 566.0 590.0 545.0 383.0 421.0 489.0 304.0 365.0 659.0 786.0 609.0 613.0 385.0 421.0 1193.0 529.0 407.0 415.0
345 345.0 541.0 579.0 616.0 527.0 392.0 552.0 505.0 483.0 571.0 496.0 430.0 387.0 495.0 534.0 574.0 509.0 420.0 332.0 360.0 274.0 284.0 622.0 764.0 579.0 548.0 379.0 372.0 1182.0 439.0 369.0 383.0
348 271.0 529.0 561.0 606.0 506.0 401.0 524.0 470.0 457.0 557.0 492.0 322.0 387.0 427.0 477.0 518.0 522.0 381.0 296.0 250.0 278.0 236.0 625.0 768.0 559.0 644.0 360.0 317.0 1168.0 407.0 331.0 372.0
351 184.0 517.0 510.0 594.0 444.0 345.0 527.0 459.0 451.0 532.0 483.0 286.0 332.0 482.0 487.0 487.0 452.0 376.0 272.0 192.0 211.0 160.0 565.0 701.0 549.0 519.0 298.0 241.0 992.0 320.0 274.0 344.0
354 113.0 468.0 462.0 545.0 348.0 337.0 444.0 392.0 419.0 458.0 467.0 216.0 309.0 470.0 425.0 441.0 431.0 297.0 190.0 78.0 144.0 106.0 598.0 714.0 544.0 536.0 265.0 145.0 911.0 255.0 199.0 266.0
357 67.0 481.0 436.0 556.0 254.0 234.0 470.0 301.0 383.0 491.0 396.0 148.0 236.0 444.0 381.0 478.0 376.0 226.0 107.0 57.0 75.0 55.0 552.0 590.0 521.0 500.0 180.0 96.0 827.0 169.0 115.0 192.0
360 60.0 441.0 380.0 553.0 204.0 207.0 430.0 222.0 352.0 455.0 344.0 72.0 198.0 358.0 330.0 395.0 343.0 172.0 62.0 64.0 50.0 38.0 517.0 536.0 527.0 480.0 88.0 57.0 607.0 110.0 76.0 130.0
363 45.0 377.0 289.0 485.0 110.0 140.0 362.0 147.0 299.0 344.0 287.0 55.0 141.0 289.0 239.0 349.0 301.0 104.0 49.0 59.0 39.0 40.0 467.0 491.0 427.0 421.0 71.0 43.0 474.0 70.0 49.0 85.0
366 40.0 363.0 192.0 460.0 80.0 95.0 273.0 95.0 253.0 299.0 245.0 35.0 101.0 250.0 191.0 273.0 261.0 56.0 40.0 56.0 22.0 29.0 390.0 375.0 415.0 320.0 43.0 36.0 318.0 67.0 40.0 56.0
369 41.0 302.0 124.0 382.0 55.0 39.0 187.0 59.0 183.0 243.0 169.0 29.0 48.0 142.0 114.0 209.0 182.0 41.0 41.0 53.0 23.0 31.0 303.0 271.0 331.0 247.0 45.0 57.0 190.0 52.0 31.0 33.0
372 40.0 224.0 57.0 301.0 49.0 36.0 104.0 45.0 132.0 162.0 117.0 33.0 39.0 94.0 58.0 145.0 101.0 25.0 40.0 40.0 25.0 25.0 210.0 161.0 277.0 155.0 32.0 41.0 126.0 44.0 36.0 37.0
375 39.0 159.0 37.0 224.0 48.0 33.0 81.0 59.0 82.0 91.0 59.0 26.0 39.0 48.0 48.0 82.0 71.0 33.0 23.0 57.0 17.0 34.0 137.0 117.0 194.0 94.0 34.0 33.0 133.0 33.0 41.0 37.0
378 37.0 94.0 37.0 135.0 54.0 31.0 67.0 38.0 60.0 77.0 52.0 29.0 27.0 43.0 37.0 76.0 48.0 34.0 31.0 48.0 29.0 32.0 77.0 75.0 129.0 54.0 37.0 32.0 107.0 41.0 31.0 29.0
381 34.0 64.0 42.0 86.0 42.0 23.0 43.0 36.0 35.0 32.0 29.0 27.0 32.0 41.0 47.0 47.0 44.0 28.0 25.0 46.0 22.0 24.0 50.0 71.0 64.0 59.0 31.0 23.0 95.0 46.0 29.0 34.0
384 38.0 54.0 45.0 57.0 40.0 23.0 40.0 38.0 39.0 43.0 40.0 19.0 28.0 41.0 42.0 39.0 43.0 31.0 27.0 37.0 15.0 27.0 47.0 61.0 65.0 41.0 25.0 36.0 91.0 27.0 36.0 41.0
387 36.0 29.0 37.0 65.0 37.0 34.0 37.0 41.0 32.0 44.0 28.0 29.0 32.0 41.0 35.0 36.0 33.0 33.0 30.0 44.0 19.0 24.0 40.0 48.0 52.0 35.0 31.0 35.0 86.0 40.0 27.0 31.0
390 30.0 31.0 26.0 53.0 36.0 26.0 41.0 33.0 38.0 49.0 41.0 26.0 23.0 40.0 35.0 46.0 36.0 26.0 31.0 30.0 25.0 21.0 45.0 63.0 47.0 43.0 32.0 37.0 91.0 43.0 21.0 27.0
393 25.0 40.0 37.0 39.0 32.0 21.0 33.0 30.0 43.0 37.0 28.0 31.0 18.0 26.0 37.0 37.0 26.0 22.0 23.0 31.0 16.0 22.0 41.0 50.0 53.0 34.0 24.0 30.0 77.0 40.0 29.0 24.0
396 36.0 31.0 41.0 53.0 31.0 21.0 38.0 40.0 36.0 48.0 27.0 21.0 25.0 32.0 34.0 44.0 30.0 22.0 32.0 33.0 16.0 25.0 48.0 42.0 41.0 50.0 22.0 24.0 68.0 30.0 24.0 20.0
399 20.0 39.0 38.0 40.0 35.0 26.0 24.0 28.0 25.0 30.0 35.0 23.0 22.0 35.0 39.0 36.0 29.0 32.0 12.0 25.0 23.0 19.0 36.0 53.0 45.0 45.0 23.0 22.0 63.0 31.0 24.0 20.0
402 18.0 31.0 24.0 39.0 37.0 25.0 27.0 33.0 32.0 47.0 27.0 24.0 18.0 29.0 31.0 45.0 49.0 30.0 20.0 17.0 23.0 3.0 34.0 44.0 44.0 36.0 29.0 17.0 75.0 24.0 13.0 35.0
405 16.0 25.0 53.0 33.0 29.0 29.0 28.0 28.0 30.0 33.0 32.0 15.0 25.0 30.0 31.0 25.0 29.0 17.0 16.0 15.0 10.0 7.0 27.0 40.0 31.0 34.0 17.0 22.0 60.0 21.0 12.0 21.0
408 11.0 34.0 32.0 44.0 29.0 27.0 34.0 20.0 25.0 39.0 24.0 14.0 21.0 33.0 33.0 32.0 33.0 20.0 21.0 8.0 10.0 11.0 40.0 45.0 45.0 34.0 21.0 16.0 65.0 17.0 12.0 17.0
411 9.0 45.0 28.0 38.0 23.0 21.0 23.0 22.0 31.0 43.0 23.0 14.0 25.0 26.0 22.0 31.0 29.0 15.0 13.0 2.0 9.0 12.0 37.0 55.0 31.0 30.0 16.0 12.0 53.0 12.0 13.0 12.0
414 7.0 28.0 18.0 40.0 13.0 28.0 27.0 23.0 15.0 42.0 21.0 13.0 20.0 33.0 25.0 24.0 25.0 16.0 6.0 6.0 7.0 3.0 37.0 28.0 30.0 39.0 21.0 10.0 47.0 7.0 3.0 12.0
417 6.0 26.0 32.0 33.0 15.0 14.0 27.0 18.0 29.0 20.0 20.0 10.0 22.0 25.0 17.0 21.0 13.0 12.0 2.0 4.0 0.0 3.0 42.0 32.0 25.0 43.0 8.0 3.0 32.0 11.0 6.0 6.0
420 3.0 22.0 21.0 32.0 9.0 14.0 26.0 13.0 23.0 20.0 25.0 4.0 17.0 20.0 29.0 33.0 27.0 11.0 8.0 2.0 4.0 2.0 34.0 32.0 30.0 25.0 7.0 3.0 37.0 2.0 4.0 6.0
423 2.0 21.0 17.0 33.0 4.0 13.0 26.0 2.0 16.0 27.0 15.0 4.0 4.0 12.0 15.0 18.0 16.0 6.0 2.0 6.0 1.0 5.0 34.0 22.0 29.0 27.0 4.0 2.0 32.0 5.0 4.0 9.0
426 3.0 26.0 8.0 32.0 3.0 10.0 15.0 3.0 19.0 23.0 14.0 2.0 6.0 17.0 19.0 22.0 20.0 7.0 5.0 2.0 3.0 1.0 19.0 16.0 29.0 16.0 1.0 1.0 18.0 3.0 2.0 1.0
429 6.0 17.0 4.0 23.0 0.0 3.0 9.0 5.0 11.0 8.0 14.0 2.0 4.0 10.0 6.0 11.0 14.0 1.0 1.0 0.0 0.0 0.0 18.0 26.0 17.0 9.0 1.0 3.0 10.0 2.0 2.0 1.0
432 4.0 15.0 4.0 22.0 2.0 4.0 12.0 2.0 10.0 11.0 10.0 0.0 2.0 9.0 5.0 12.0 10.0 0.0 3.0 3.0 1.0 2.0 14.0 10.0 14.0 8.0 2.0 3.0 11.0 5.0 1.0 1.0
435 4.0 11.0 3.0 16.0 2.0 1.0 4.0 3.0 4.0 13.0 6.0 0.0 3.0 2.0 2.0 7.0 9.0 2.0 4.0 5.0 1.0 1.0 13.0 10.0 17.0 4.0 5.0 3.0 8.0 3.0 2.0 1.0
438 4.0 12.0 7.0 15.0 4.0 1.0 5.0 0.0 6.0 4.0 3.0 1.0 3.0 3.0 4.0 1.0 4.0 4.0 0.0 2.0 0.0 2.0 5.0 6.0 4.0 6.0 3.0 0.0 8.0 6.0 0.0 2.0
441 2.0 3.0 4.0 12.0 4.0 1.0 1.0 0.0 5.0 4.0 2.0 2.0 4.0 5.0 3.0 1.0 1.0 2.0 2.0 1.0 0.0 1.0 4.0 5.0 7.0 10.0 0.0 1.0 6.0 2.0 3.0 1.0
444 2.0 4.0 1.0 8.0 3.0 1.0 1.0 1.0 1.0 2.0 7.0 3.0 2.0 1.0 5.0 2.0 3.0 2.0 2.0 1.0 2.0 0.0 4.0 1.0 3.0 3.0 1.0 1.0 4.0 3.0 4.0 0.0
447 4.0 5.0 1.0 3.0 2.0 2.0 2.0 2.0 3.0 3.0 4.0 3.0 1.0 2.0 1.0 4.0 3.0 4.0 2.0 1.0 3.0 1.0 1.0 3.0 5.0 4.0 1.0 0.0 8.0 2.0 2.0 1.0
