150 156838.0 256164.0 278082.0 283572.0 412943.0 222857.0 282128.0 245375.0 279602.0 264367.0 206208.0 297220.0 321532.0 299893.0 284807.0 299145.0 253086.0 225900.0 231976.0 267693.0 196782.0 154839.0 225758.0 266490.0 190904.0 246140.0 225892.0 236911.0 329755.0 314430.0 302355.0 305465.0
153 17174829.0 17172112.0 17175152.0 17148507.0 17152623.0 17160800.0 17152305.0 17153023.0 17158116.0 17153314.0 17164395.0 17154447.0 17163933.0 17159888.0 17168564.0 17143837.0 17167268.0 17163058.0 17165930.0 17170205.0 17151965.0 17163204.0 17149010.0 17156584.0 17154178.0 17162607.0 17157769.0 17155008.0 17133181.0 17139870.0 17162348.0 17157706.0
156 18427596.0 18432944.0 18432294.0 18410549.0 18399773.0 18425355.0 18413048.0 18410673.0 18419862.0 18415520.0 18424090.0 18411410.0 18420442.0 18417675.0 18425147.0 18404181.0 18429418.0 18425974.0 18429608.0 18432761.0 18417403.0 18430453.0 18415317.0 18423275.0 18423505.0 18430485.0 18423811.0 18427371.0 18396022.0 18408373.0 18426002.0 18424191.0
159 18749861.0 18758932.0 18757987.0 18730515.0 18726232.0 18745295.0 18737256.0 18732117.0 18741941.0 18735708.0 18747137.0 18731360.0 18743284.0 18739609.0 18746417.0 18724200.0 18751556.0 18747625.0 18752504.0 18754973.0 18738564.0 18753443.0 18735151.0 18745528.0 18743950.0 18753685.0 18743312.0 18749464.0 18716702.0 18733463.0 18749404.0 18749004.0
162 19049949.0 19057603.0 19056688.0 19026602.0 19026188.0 19041492.0 19035466.0 19030108.0 19039554.0 19032110.0 19045014.0 19026743.0 19040911.0 19037209.0 19042411.0 19020444.0 19048586.0 19044716.0 19049680.0 19051987.0 19036782.0 19051407.0 19032004.0 19043636.0 19040525.0 19052035.0 19040447.0 19048147.0 19012312.0 19032599.0 19047885.0 19046575.0
165 19285946.0 19292500.0 19290624.0 19257411.0 19261087.0 19272811.0 19269907.0 19262421.0 19274644.0 19262978.0 19278784.0 19257282.0 19274851.0 19271474.0 19275504.0 19252038.0 19281955.0 19279142.0 19283184.0 19285619.0 19269050.0 19285016.0 19264308.0 19277689.0 19272897.0 19287135.0 19271718.0 19282365.0 19242489.0 19267296.0 19282333.0 19281428.0
168 19678280.0 19681526.0 19681148.0 19647567.0 19654063.0 19663897.0 19662904.0 19653491.0 19666091.0 19653724.0 19671212.0 19647700.0 19667206.0 19663086.0 19666085.0 19641425.0 19674295.0 19670844.0 19675843.0 19677498.0 19659709.0 19677845.0 19653741.0 19669044.0 19663107.0 19677755.0 19661278.0 19673565.0 19631221.0 19655173.0 19671392.0 19669667.0
171 19823955.0 19822053.0 19823433.0 19788943.0 19799443.0 19805064.0 19806910.0 19795911.0 19808838.0 19795368.0 19815976.0 19790659.0 19809361.0 19805231.0 19807128.0 19784106.0 19816235.0 19813382.0 19820235.0 19817614.0 19800658.0 19822510.0 19793944.0 19809187.0 19803689.0 19818340.0 19801979.0 19814501.0 19772268.0 19798818.0 19810645.0 19808694.0
174 19779264.0 19774406.0 19775273.0 19734563.0 19755251.0 19747304.0 19756815.0 19740174.0 19758205.0 19738978.0 19767099.0 19732084.0 19758119.0 19751938.0 19751443.0 19725915.0 19762313.0 19761061.0 19769699.0 19762115.0 19742019.0 19771338.0 19734065.0 19751443.0 19743701.0 19760104.0 19740154.0 19754569.0 19709423.0 19741812.0 19750180.0 19749652.0
177 19290005.0 19337802.0 19303387.0 19162974.0 19296658.0 19166999.0 19284595.0 19173862.0 19270905.0 19153706.0 19294352.0 19124404.0 19256103.0 19245785.0 19221662.0 19143268.0 19257974.0 19277429.0 19267988.0 19245725.0 19188762.0 19269168.0 19171991.0 19242492.0 19187167.0 19255285.0 19165739.0 19247456.0 19107191.0 19250183.0 19239817.0 19260782.0
180 10570303.0 10856340.0 10428717.0 10072963.0 10662904.0 9988148.0 10577691.0 9971429.0 10470186.0 10030181.0 10649849.0 9846871.0 10234717.0 10341955.0 10091849.0 10273031.0 10231003.0 10645582.0 10361566.0 10063087.0 9964968.0 10431197.0 10010302.0 10303178.0 9986131.0 10329074.0 9765804.0 10390991.0 9932706.0 10845946.0 10276253.0 10728702.0
183 8084508.0 7690802.0 7533977.0 7614313.0 7764408.0 7543751.0 7752745.0 7481783.0 7714219.0 7554620.0 7857192.0 7348263.0 7487352.0 7600987.0 7362344.0 7768073.0 7472082.0 7889483.0 7604819.0 7294517.0 7409115.0 7660007.0 7515422.0 7551573.0 7453302.0 7539873.0 7255906.0 7610836.0 7443853.0 8041597.0 7460471.0 7831053.0
186 1963419.0 1809471.0 1767668.0 1836805.0 1967887.0 1761047.0 1899604.0 1742469.0 1887302.0 1785991.0 1901386.0 1729099.0 1782295.0 1823395.0 1727699.0 1902354.0 1726327.0 1930312.0 1800220.0 1661130.0 1697712.0 1784685.0 1764122.0 1771357.0 1715704.0 1747483.0 1661974.0 1796627.0 1809882.0 2071094.0 1747310.0 1909668.0
189 278336.0 279547.0 294070.0 310704.0 446588.0 240742.0 349375.0 299419.0 315912.0 278204.0 324851.0 294489.0 325074.0 304058.0 282221.0 315028.0 267801.0 309644.0 297406.0 263895.0 270023.0 277010.0 279409.0 283214.0 243654.0 264054.0 243214.0 268591.0 341739.0 388066.0 300275.0 330905.0
192 268319.0 262285.0 284755.0 290468.0 422402.0 220750.0 324393.0 296614.0 281721.0 260877.0 297317.0 280659.0 310939.0 285510.0 264350.0 287349.0 257983.0 266136.0 282149.0 253607.0 262575.0 263620.0 266731.0 268098.0 231486.0 247691.0 233248.0 241553.0 323325.0 324149.0 281615.0 294306.0
195 269434.0 263838.0 284848.0 290189.0 422599.0 219577.0 323026.0 297099.0 280638.0 259703.0 297872.0 280658.0 309944.0 285466.0 264675.0 285705.0 257474.0 264294.0 281888.0 250748.0 262944.0 264957.0 267976.0 267756.0 231853.0 246439.0 233528.0 240104.0 322850.0 330907.0 282515.0 292189.0
198 268598.0 264050.0 284641.0 289812.0 422336.0 220242.0 324193.0 296861.0 281235.0 259297.0 295737.0 279553.0 310570.0 284837.0 264486.0 287200.0 257270.0 265100.0 281155.0 254232.0 263232.0 264618.0 267215.0 268835.0 231470.0 247747.0 232327.0 240022.0 321741.0 328980.0 282377.0 292835.0
201 268644.0 264656.0 285123.0 291030.0 423199.0 219657.0 323401.0 295684.0 281815.0 260501.0 297084.0 281347.0 311419.0 285983.0 265633.0 287283.0 256412.0 266597.0 281563.0 254530.0 262779.0 264685.0 267082.0 267458.0 233378.0 247287.0 232920.0 240175.0 322553.0 334994.0 281904.0 294044.0
204 274091.0 264895.0 285110.0 290197.0 423909.0 220595.0 323646.0 296188.0 283074.0 260456.0 297414.0 281568.0 310553.0 285916.0 265669.0 287409.0 256903.0 265890.0 282054.0 251903.0 263383.0 263977.0 267004.0 269167.0 232118.0 247434.0 233732.0 241529.0 322987.0 334935.0 284008.0 294438.0
207 272734.0 263701.0 283312.0 289919.0 422660.0 219552.0 322369.0 294793.0 283351.0 260712.0 296902.0 281547.0 310295.0 286361.0 266212.0 287934.0 257507.0 265841.0 280696.0 252053.0 261844.0 265042.0 265468.0 267729.0 231967.0 246936.0 233039.0 239815.0 323739.0 332721.0 283215.0 293623.0
210 272203.0 262620.0 283568.0 289233.0 421706.0 218762.0 321685.0 295530.0 280370.0 259080.0 293881.0 279876.0 310297.0 286027.0 265197.0 287836.0 256737.0 264049.0 280015.0 250363.0 261323.0 263140.0 266548.0 268352.0 230516.0 246061.0 232703.0 239873.0 321121.0 321374.0 282421.0 292576.0
213 273475.0 262055.0 282993.0 289226.0 420184.0 218344.0 321270.0 296509.0 281048.0 259797.0 295002.0 280010.0 308586.0 284970.0 265160.0 287109.0 256661.0 264228.0 279811.0 250654.0 261915.0 264290.0 265628.0 267041.0 230933.0 245624.0 232832.0 239221.0 321291.0 331530.0 281689.0 292901.0
216 273052.0 261892.0 283987.0 290007.0 419641.0 218592.0 321478.0 295747.0 279601.0 259273.0 295538.0 278678.0 308962.0 284208.0 264387.0 286548.0 257983.0 264085.0 280414.0 250950.0 261696.0 263913.0 266709.0 267726.0 230221.0 245267.0 231898.0 238848.0 321152.0 335064.0 281056.0 291777.0
219 271065.0 263007.0 282876.0 289021.0 418409.0 217801.0 321437.0 294199.0 280355.0 258897.0 294715.0 279571.0 308730.0 284161.0 263483.0 286584.0 257044.0 264283.0 279188.0 252853.0 260640.0 262719.0 265298.0 267158.0 229873.0 246098.0 231455.0 237897.0 319390.0 332045.0 280793.0 290972.0
222 270549.0 262345.0 281698.0 287979.0 417259.0 217332.0 319723.0 290211.0 278977.0 257507.0 293900.0 278272.0 307477.0 283175.0 263881.0 283258.0 255039.0 263026.0 277607.0 249994.0 260023.0 261355.0 264165.0 265690.0 229229.0 245251.0 230663.0 237522.0 319844.0 305167.0 279932.0 290637.0
225 268041.0 261145.0 279680.0 285418.0 413220.0 215788.0 318818.0 286406.0 277394.0 255481.0 290621.0 276539.0 304847.0 282781.0 262497.0 284440.0 254362.0 261638.0 275525.0 250713.0 258226.0 258611.0 262006.0 264194.0 228261.0 243494.0 229834.0 236235.0 317473.0 305264.0 280062.0 289153.0
228 264401.0 258673.0 277681.0 283821.0 413748.0 215904.0 318210.0 285666.0 275960.0 254922.0 289347.0 275789.0 305125.0 280887.0 262437.0 282310.0 252533.0 260294.0 272422.0 248158.0 254681.0 254691.0 261555.0 263668.0 227109.0 242882.0 227356.0 235914.0 316710.0 315134.0 277246.0 287686.0
231 248794.0 257859.0 275003.0 283160.0 409139.0 215000.0 315016.0 274459.0 274993.0 253480.0 286125.0 273562.0 301741.0 280566.0 260215.0 281229.0 248868.0 258012.0 259802.0 243601.0 239736.0 234141.0 255901.0 261476.0 220425.0 240671.0 221905.0 233835.0 313721.0 323112.0 276377.0 286998.0
234 195767.0 255785.0 262072.0 278207.0 402517.0 209595.0 306614.0 234894.0 270043.0 247964.0 271492.0 269673.0 295591.0 278147.0 258954.0 280471.0 235096.0 252631.0 218978.0 237146.0 195622.0 177783.0 236256.0 256254.0 198741.0 232809.0 201528.0 228773.0 310353.0 320753.0 274499.0 286382.0
237 110006.0 241788.0 216666.0 259066.0 361283.0 188820.0 269763.0 153326.0 252350.0 225336.0 220671.0 252602.0 268490.0 268600.0 255885.0 274314.0 192661.0 226301.0 139755.0 209845.0 116810.0 92218.0 180273.0 234004.0 142220.0 207474.0 148865.0 211154.0 296477.0 312106.0 269012.0 281032.0
240 38568.0 188356.0 123639.0 195545.0 243463.0 130699.0 173726.0 59971.0 190716.0 160118.0 116600.0 196993.0 187285.0 231289.0 241193.0 248433.0 106811.0 154448.0 54983.0 140691.0 41819.0 29693.0 89719.0 168266.0 62931.0 140391.0 72422.0 155338.0 247416.0 266409.0 239271.0 262251.0
243 17931.0 104557.0 49330.0 108455.0 115429.0 62893.0 75439.0 23321.0 104748.0 78849.0 43122.0 114826.0 93341.0 155637.0 199727.0 186911.0 42250.0 72985.0 21494.0 65418.0 18029.0 16026.0 34160.0 87309.0 23395.0 66773.0 27467.0 82129.0 166054.0 183304.0 179886.0 211762.0
246 13881.0 41386.0 20862.0 43550.0 46636.0 23596.0 29787.0 16344.0 41164.0 29251.0 20024.0 48161.0 36652.0 75123.0 128985.0 104285.0 18902.0 27573.0 14663.0 25315.0 14037.0 13485.0 17394.0 33837.0 13290.0 25493.0 14580.0 32079.0 82373.0 92515.0 101085.0 130062.0
249 13139.0 19459.0 15037.0 20717.0 27425.0 13270.0 19691.0 14768.0 19869.0 16363.0 16251.0 21859.0 20343.0 29991.0 58969.0 42230.0 14107.0 16047.0 12808.0 15079.0 12755.0 12339.0 13950.0 17786.0 11318.0 15394.0 11759.0 16478.0 34958.0 37228.0 41733.0 55263.0
252 11834.0 14927.0 13363.0 16051.0 22568.0 11057.0 16842.0 13606.0 15213.0 13679.0 15336.0 16606.0 16617.0 18940.0 25418.0 21648.0 12717.0 13042.0 12068.0 12605.0 11865.0 11771.0 12454.0 14799.0 10169.0 12831.0 10325.0 13202.0 21691.0 21467.0 21730.0 25172.0
255 11416.0 13376.0 12440.0 14167.0 20754.0 9837.0 15328.0 12928.0 13420.0 12179.0 14163.0 14036.0 15014.0 15684.0 18015.0 17333.0 11539.0 11844.0 11349.0 11533.0 11326.0 11279.0 11734.0 12995.0 9674.0 11631.0 9627.0 11210.0 17956.0 18265.0 17283.0 19026.0
258 10866.0 12137.0 11615.0 12742.0 19026.0 8938.0 14113.0 12479.0 11650.0 10756.0 13444.0 11971.0 13490.0 13050.0 14149.0 13718.0 10865.0 10843.0 10976.0 10068.0 10972.0 11090.0 11215.0 11863.0 9182.0 10533.0 9063.0 9948.0 14968.0 14427.0 13724.0 14688.0
261 10813.0 11596.0 11058.0 12321.0 18803.0 8661.0 13779.0 12120.0 11144.0 10701.0 12841.0 11593.0 12839.0 12046.0 12611.0 12697.0 10723.0 10672.0 10629.0 10093.0 10889.0 10895.0 11038.0 11334.0 9035.0 10414.0 8940.0 9582.0 14020.0 14412.0 12628.0 13366.0
264 10608.0 11832.0 11122.0 12058.0 19493.0 8418.0 13689.0 11860.0 11009.0 10433.0 12901.0 11293.0 12919.0 11835.0 11965.0 12355.0 10615.0 10283.0 10357.0 9899.0 10396.0 10688.0 10781.0 11165.0 8851.0 10137.0 8817.0 9459.0 13906.0 13429.0 12241.0 12817.0
267 10368.0 11278.0 11134.0 11955.0 19338.0 8156.0 13656.0 11935.0 11061.0 10408.0 12567.0 11202.0 12706.0 11606.0 11714.0 12030.0 10418.0 10146.0 10351.0 10041.0 10525.0 10762.0 10901.0 11042.0 8790.0 10016.0 8666.0 9428.0 13888.0 13225.0 11981.0 12561.0
270 10462.0 11317.0 10810.0 11731.0 18919.0 8160.0 13377.0 11720.0 10826.0 10113.0 12536.0 11119.0 12544.0 11486.0 11709.0 12027.0 10622.0 9986.0 10332.0 9696.0 10258.0 10281.0 10400.0 10945.0 8611.0 9859.0 8767.0 9473.0 13472.0 12930.0 12073.0 12557.0
273 10356.0 11206.0 10721.0 11705.0 18878.0 8018.0 13032.0 11514.0 10526.0 9967.0 12391.0 11120.0 12346.0 11344.0 11365.0 12001.0 10133.0 9974.0 10036.0 9319.0 10039.0 10197.0 10135.0 10802.0 8585.0 9654.0 8524.0 9212.0 13289.0 12909.0 11925.0 12398.0
276 10291.0 10882.0 10561.0 11574.0 18490.0 7929.0 13047.0 11413.0 10467.0 10116.0 12262.0 10732.0 12197.0 11119.0 11461.0 11873.0 10184.0 9771.0 9903.0 9449.0 9997.0 10030.0 10275.0 10677.0 8419.0 9568.0 8345.0 9212.0 13314.0 12854.0 11577.0 12149.0
279 10181.0 10881.0 10271.0 11328.0 18217.0 7916.0 12641.0 11258.0 10094.0 9820.0 11939.0 10622.0 11952.0 10998.0 11230.0 11427.0 9908.0 9569.0 9585.0 9180.0 9907.0 9782.0 10076.0 10513.0 8214.0 9549.0 8320.0 9003.0 13093.0 12447.0 11540.0 12008.0
282 10032.0 10564.0 10242.0 11119.0 18178.0 7866.0 12296.0 10985.0 10126.0 9553.0 11890.0 10411.0 11830.0 11027.0 10830.0 11430.0 9801.0 9388.0 9367.0 9298.0 9697.0 9496.0 10122.0 10173.0 8117.0 9404.0 8319.0 8878.0 12875.0 12555.0 11391.0 11885.0
285 9655.0 10564.0 9950.0 11050.0 17713.0 7537.0 12096.0 10685.0 9850.0 9559.0 11633.0 10253.0 11548.0 10740.0 10951.0 11383.0 9603.0 9242.0 9123.0 9107.0 9331.0 9127.0 9696.0 10180.0 7885.0 9375.0 8028.0 8664.0 12531.0 12525.0 11133.0 11841.0
288 9161.0 10282.0 9696.0 10759.0 17137.0 7536.0 12011.0 10426.0 9537.0 9302.0 11328.0 10080.0 11274.0 10428.0 10748.0 11058.0 9413.0 9023.0 8810.0 8754.0 8690.0 8764.0 9375.0 10071.0 7742.0 9039.0 7729.0 8395.0 12234.0 12445.0 10986.0 11738.0
291 8449.0 10159.0 9440.0 10564.0 16847.0 7324.0 11821.0 9770.0 9666.0 9171.0 10938.0 9783.0 11036.0 10309.0 10485.0 10846.0 9205.0 8730.0 8455.0 8764.0 8564.0 8038.0 8988.0 9892.0 7341.0 8869.0 7473.0 8283.0 11965.0 11644.0 10717.0 11398.0
294 7596.0 9985.0 9131.0 10042.0 16234.0 7199.0 11448.0 9301.0 9326.0 8944.0 10547.0 9590.0 10777.0 10129.0 10460.0 10532.0 8648.0 8615.0 7766.0 8290.0 7611.0 6949.0 8653.0 9605.0 7015.0 8681.0 7122.0 8108.0 11943.0 11431.0 10451.0 11377.0
297 5953.0 9493.0 8652.0 9922.0 15753.0 6964.0 10813.0 8001.0 9146.0 8560.0 9868.0 9408.0 10333.0 9778.0 10183.0 10492.0 8289.0 8220.0 6421.0 7985.0 6055.0 4863.0 7840.0 9068.0 6117.0 8070.0 6567.0 7723.0 11514.0 11393.0 10513.0 11000.0
300 3812.0 9267.0 7763.0 9508.0 14733.0 6469.0 10188.0 6296.0 8852.0 8167.0 8554.0 9130.0 9902.0 9564.0 10044.0 10053.0 7322.0 7766.0 4609.0 7473.0 4075.0 2883.0 6484.0 8809.0 4781.0 7670.0 5363.0 7381.0 11210.0 10989.0 10148.0 10609.0
303 1991.0 8631.0 6340.0 8533.0 12948.0 5775.0 8732.0 3820.0 7915.0 7410.0 6537.0 8513.0 8853.0 9136.0 9959.0 9864.0 5926.0 6582.0 2905.0 6483.0 2176.0 1350.0 4729.0 7986.0 3292.0 6632.0 3933.0 6651.0 10491.0 10256.0 9678.0 10422.0
306 1037.0 7397.0 4449.0 7081.0 10136.0 4631.0 6375.0 1893.0 6508.0 5802.0 3887.0 7347.0 7296.0 8280.0 9300.0 9194.0 4003.0 4876.0 1404.0 5312.0 1140.0 833.0 2798.0 6381.0 1738.0 5129.0 2284.0 5287.0 9518.0 9224.0 9174.0 9898.0
309 766.0 5688.0 2552.0 5291.0 6869.0 3140.0 3914.0 1088.0 4817.0 4107.0 1999.0 5865.0 5181.0 7439.0 9003.0 8257.0 2207.0 3021.0 849.0 3742.0 741.0 682.0 1491.0 4799.0 860.0 3498.0 1201.0 3870.0 7970.0 7935.0 8288.0 8983.0
312 688.0 3544.0 1271.0 3303.0 3835.0 1864.0 2033.0 758.0 3022.0 2421.0 1134.0 3928.0 3132.0 5537.0 8095.0 6862.0 1201.0 1636.0 653.0 2143.0 694.0 606.0 829.0 2880.0 639.0 1923.0 718.0 2308.0 6165.0 5802.0 6859.0 7358.0
315 677.0 1933.0 865.0 1816.0 2081.0 910.0 1189.0 722.0 1567.0 1306.0 895.0 2355.0 1706.0 3717.0 6936.0 4919.0 799.0 906.0 624.0 1110.0 593.0 600.0 727.0 1522.0 547.0 1022.0 547.0 1286.0 4036.0 3790.0 5067.0 5947.0
318 596.0 1092.0 640.0 1057.0 1464.0 636.0 936.0 693.0 949.0 831.0 840.0 1274.0 1078.0 2154.0 5258.0 3144.0 682.0 713.0 597.0 741.0 608.0 615.0 655.0 907.0 479.0 708.0 543.0 784.0 2383.0 2136.0 3322.0 3982.0
321 596.0 896.0 639.0 804.0 1269.0 502.0 815.0 665.0 717.0 737.0 803.0 874.0 873.0 1277.0 3503.0 1848.0 641.0 557.0 562.0 664.0 586.0 625.0 655.0 728.0 486.0 654.0 477.0 612.0 1477.0 1277.0 1905.0 2301.0
324 601.0 688.0 602.0 742.0 1159.0 450.0 787.0 695.0 629.0 626.0 755.0 748.0 788.0 877.0 1960.0 1136.0 614.0 597.0 539.0 599.0 552.0 546.0 650.0 670.0 466.0 583.0 462.0 577.0 1004.0 959.0 1186.0 1347.0
327 573.0 686.0 566.0 712.0 1165.0 441.0 796.0 647.0 566.0 552.0 735.0 645.0 721.0 739.0 1241.0 879.0 547.0 542.0 541.0 586.0 568.0 589.0 604.0 664.0 453.0 588.0 483.0 518.0 947.0 803.0 903.0 991.0
330 573.0 680.0 573.0 655.0 1064.0 456.0 804.0 625.0 582.0 593.0 735.0 634.0 683.0 663.0 906.0 747.0 528.0 536.0 527.0 576.0 524.0 546.0 589.0 615.0 460.0 550.0 452.0 510.0 810.0 792.0 779.0 834.0
333 558.0 655.0 535.0 709.0 1090.0 428.0 750.0 616.0 547.0 533.0 729.0 585.0 688.0 698.0 794.0 704.0 585.0 531.0 485.0 512.0 565.0 566.0 571.0 608.0 407.0 565.0 445.0 529.0 782.0 765.0 675.0 768.0
336 530.0 621.0 593.0 624.0 1060.0 426.0 742.0 617.0 573.0 520.0 640.0 587.0 654.0 663.0 709.0 751.0 536.0 522.0 521.0 546.0 553.0 523.0 551.0 593.0 417.0 563.0 425.0 503.0 810.0 713.0 701.0 725.0
339 508.0 674.0 533.0 661.0 983.0 415.0 714.0 546.0 537.0 543.0 691.0 599.0 695.0 585.0 720.0 628.0 564.0 498.0 513.0 508.0 502.0 504.0 548.0 573.0 418.0 554.0 430.0 495.0 760.0 654.0 670.0 719.0
342 490.0 577.0 531.0 589.0 992.0 442.0 655.0 606.0 556.0 483.0 685.0 552.0 599.0 593.0 705.0 645.0 549.0 490.0 475.0 489.0 518.0 497.0 556.0 567.0 407.0 445.0 392.0 469.0 748.0 602.0 688.0 758.0
345 490.0 639.0 539.0 612.0 971.0 363.0 702.0 601.0 552.0 509.0 646.0 566.0 696.0 596.0 671.0 678.0 512.0 425.0 450.0 497.0 494.0 462.0 562.0 574.0 388.0 518.0 392.0 476.0 754.0 629.0 695.0 682.0
348 471.0 641.0 523.0 610.0 972.0 402.0 670.0 529.0 507.0 473.0 625.0 552.0 619.0 625.0 637.0 648.0 561.0 467.0 429.0 498.0 492.0 463.0 507.0 542.0 424.0 525.0 388.0 457.0 770.0 636.0 623.0 687.0
351 426.0 565.0 456.0 624.0 948.0 392.0 631.0 552.0 490.0 471.0 633.0 489.0 611.0 546.0 651.0 714.0 490.0 421.0 399.0 461.0 435.0 373.0 468.0 531.0 372.0 462.0 390.0 431.0 682.0 672.0 620.0 636.0
354 442.0 565.0 461.0 611.0 863.0 358.0 600.0 444.0 482.0 461.0 598.0 546.0 582.0 586.0 581.0 607.0 440.0 444.0 381.0 455.0 399.0 345.0 480.0 515.0 389.0 503.0 380.0 425.0 677.0 630.0 616.0 613.0
357 357.0 553.0 437.0 493.0 821.0 347.0 548.0 512.0 475.0 480.0 556.0 456.0 589.0 514.0 528.0 611.0 406.0 445.0 329.0 425.0 340.0 259.0 450.0 534.0 337.0 480.0 343.0 407.0 683.0 557.0 595.0 660.0
360 257.0 514.0 424.0 538.0 840.0 350.0 570.0 373.0 403.0 449.0 452.0 452.0 568.0 542.0 580.0 576.0 443.0 436.0 279.0 428.0 229.0 193.0 371.0 487.0 262.0 423.0 278.0 377.0 662.0 570.0 583.0 638.0
363 151.0 537.0 365.0 488.0 736.0 327.0 522.0 293.0 427.0 420.0 459.0 463.0 544.0 528.0 622.0 562.0 398.0 366.0 228.0 386.0 160.0 129.0 295.0 498.0 234.0 461.0 253.0 385.0 617.0 550.0 541.0 646.0
366 109.0 458.0 307.0 429.0 678.0 297.0 470.0 195.0 426.0 406.0 376.0 448.0 445.0 494.0 579.0 563.0 335.0 342.0 182.0 362.0 133.0 73.0 230.0 440.0 145.0 391.0 213.0 382.0 593.0 514.0 543.0 578.0
369 74.0 421.0 239.0 434.0 604.0 280.0 315.0 128.0 387.0 362.0 240.0 426.0 426.0 461.0 551.0 488.0 283.0 259.0 84.0 305.0 68.0 43.0 189.0 380.0 113.0 290.0 118.0 293.0 554.0 500.0 486.0 552.0
372 55.0 391.0 177.0 354.0 505.0 166.0 282.0 72.0 285.0 282.0 134.0 361.0 351.0 455.0 544.0 482.0 191.0 206.0 62.0 230.0 44.0 35.0 101.0 337.0 63.0 245.0 85.0 262.0 504.0 461.0 466.0 542.0
375 49.0 280.0 119.0 262.0 355.0 177.0 166.0 49.0 210.0 222.0 93.0 285.0 258.0 357.0 518.0 462.0 128.0 130.0 41.0 189.0 50.0 44.0 67.0 270.0 35.0 184.0 57.0 200.0 375.0 367.0 481.0 506.0
378 45.0 251.0 65.0 180.0 242.0 109.0 111.0 55.0 159.0 161.0 58.0 209.0 208.0 320.0 472.0 395.0 63.0 81.0 43.0 110.0 41.0 41.0 38.0 184.0 25.0 114.0 33.0 129.0 393.0 293.0 416.0 435.0
381 38.0 156.0 66.0 130.0 148.0 56.0 74.0 51.0 81.0 75.0 55.0 163.0 114.0 251.0 467.0 338.0 51.0 44.0 32.0 76.0 45.0 29.0 39.0 102.0 30.0 77.0 38.0 81.0 297.0 238.0 333.0 393.0
384 40.0 97.0 35.0 86.0 115.0 50.0 52.0 38.0 63.0 74.0 52.0 110.0 84.0 184.0 410.0 247.0 41.0 39.0 42.0 50.0 33.0 24.0 41.0 85.0 33.0 52.0 24.0 55.0 238.0 194.0 246.0 306.0
387 37.0 65.0 39.0 66.0 96.0 21.0 52.0 44.0 36.0 39.0 50.0 59.0 46.0 119.0 309.0 203.0 41.0 31.0 28.0 49.0 44.0 28.0 30.0 50.0 23.0 38.0 30.0 47.0 135.0 100.0 186.0 222.0
390 24.0 66.0 39.0 48.0 79.0 34.0 54.0 30.0 41.0 35.0 44.0 53.0 50.0 63.0 269.0 130.0 37.0 19.0 26.0 31.0 34.0 43.0 24.0 50.0 32.0 38.0 29.0 32.0 102.0 66.0 115.0 146.0
393 38.0 46.0 40.0 54.0 55.0 30.0 46.0 40.0 37.0 37.0 61.0 40.0 43.0 56.0 214.0 65.0 40.0 33.0 23.0 45.0 30.0 36.0 36.0 43.0 28.0 30.0 34.0 27.0 59.0 55.0 88.0 80.0
396 28.0 50.0 33.0 34.0 61.0 23.0 46.0 42.0 28.0 33.0 37.0 27.0 50.0 45.0 118.0 52.0 30.0 32.0 35.0 42.0 34.0 37.0 31.0 39.0 23.0 42.0 25.0 34.0 71.0 68.0 65.0 61.0
399 31.0 39.0 29.0 45.0 67.0 22.0 49.0 44.0 33.0 38.0 50.0 36.0 46.0 51.0 70.0 48.0 38.0 24.0 31.0 32.0 26.0 26.0 48.0 34.0 28.0 38.0 30.0 24.0 48.0 34.0 52.0 60.0
402 41.0 42.0 38.0 39.0 62.0 37.0 40.0 32.0 29.0 35.0 36.0 40.0 45.0 35.0 53.0 40.0 31.0 33.0 29.0 23.0 22.0 36.0 35.0 47.0 24.0 27.0 24.0 27.0 54.0 48.0 48.0 49.0
405 28.0 49.0 28.0 47.0 67.0 23.0 38.0 33.0 29.0 38.0 36.0 40.0 40.0 43.0 45.0 45.0 30.0 23.0 25.0 24.0 25.0 29.0 24.0 45.0 24.0 32.0 24.0 28.0 50.0 43.0 32.0 59.0
408 33.0 48.0 27.0 41.0 58.0 17.0 43.0 29.0 31.0 32.0 38.0 35.0 47.0 36.0 53.0 44.0 31.0 29.0 24.0 27.0 27.0 28.0 32.0 28.0 34.0 34.0 27.0 26.0 52.0 37.0 49.0 42.0
411 29.0 40.0 38.0 40.0 47.0 16.0 38.0 33.0 32.0 22.0 35.0 37.0 31.0 40.0 50.0 38.0 35.0 18.0 28.0 31.0 29.0 29.0 33.0 35.0 19.0 22.0 18.0 27.0 60.0 51.0 33.0 47.0
414 17.0 42.0 20.0 38.0 56.0 20.0 30.0 24.0 29.0 19.0 39.0 36.0 31.0 36.0 50.0 49.0 17.0 22.0 11.0 35.0 19.0 20.0 27.0 39.0 32.0 25.0 27.0 25.0 48.0 34.0 36.0 42.0
417 23.0 35.0 18.0 32.0 58.0 19.0 33.0 23.0 30.0 27.0 30.0 31.0 24.0 31.0 36.0 41.0 25.0 26.0 21.0 20.0 13.0 12.0 24.0 26.0 25.0 35.0 19.0 26.0 44.0 37.0 35.0 42.0
420 13.0 29.0 21.0 26.0 51.0 19.0 30.0 24.0 21.0 30.0 30.0 36.0 26.0 38.0 46.0 46.0 21.0 21.0 12.0 24.0 15.0 8.0 21.0 37.0 18.0 37.0 26.0 28.0 46.0 39.0 44.0 33.0
423 7.0 32.0 26.0 30.0 36.0 19.0 31.0 13.0 22.0 22.0 18.0 23.0 26.0 33.0 34.0 33.0 13.0 17.0 12.0 27.0 9.0 8.0 12.0 29.0 10.0 30.0 13.0 22.0 42.0 30.0 42.0 37.0
426 8.0 24.0 17.0 24.0 37.0 18.0 27.0 13.0 23.0 25.0 25.0 37.0 23.0 31.0 48.0 34.0 24.0 26.0 7.0 24.0 3.0 6.0 16.0 26.0 9.0 19.0 13.0 14.0 26.0 38.0 42.0 41.0
429 3.0 30.0 19.0 32.0 38.0 12.0 26.0 7.0 22.0 19.0 13.0 27.0 25.0 27.0 31.0 36.0 21.0 17.0 4.0 15.0 9.0 1.0 8.0 22.0 8.0 22.0 9.0 22.0 41.0 23.0 35.0 43.0
432 4.0 26.0 19.0 33.0 24.0 13.0 21.0 8.0 16.0 20.0 12.0 14.0 21.0 24.0 34.0 30.0 11.0 17.0 5.0 19.0 3.0 5.0 5.0 17.0 8.0 11.0 5.0 20.0 27.0 33.0 40.0 25.0
435 2.0 22.0 9.0 28.0 31.0 9.0 12.0 5.0 12.0 14.0 8.0 20.0 23.0 22.0 41.0 37.0 8.0 9.0 1.0 23.0 0.0 2.0 7.0 9.0 2.0 16.0 2.0 9.0 27.0 28.0 33.0 35.0
438 1.0 21.0 7.0 10.0 19.0 11.0 8.0 3.0 9.0 7.0 2.0 16.0 14.0 27.0 26.0 37.0 8.0 5.0 6.0 13.0 1.0 0.0 3.0 9.0 3.0 9.0 1.0 12.0 23.0 22.0 21.0 39.0
441 3.0 13.0 8.0 7.0 10.0 9.0 4.0 3.0 8.0 8.0 5.0 9.0 9.0 15.0 32.0 26.0 4.0 3.0 4.0 7.0 2.0 3.0 0.0 7.0 3.0 5.0 7.0 14.0 26.0 18.0 27.0 28.0
444 3.0 5.0 6.0 10.0 11.0 1.0 2.0 3.0 4.0 5.0 5.0 5.0 10.0 15.0 29.0 19.0 2.0 2.0 4.0 5.0 4.0 6.0 2.0 8.0 1.0 3.0 0.0 3.0 16.0 26.0 18.0 21.0
447 5.0 8.0 1.0 6.0 9.0 2.0 5.0 5.0 1.0 4.0 2.0 5.0 3.0 14.0 25.0 21.0 5.0 6.0 5.0 1.0 3.0 7.0 0.0 1.0 0.0 3.0 2.0 5.0 11.0 9.0 17.0 16.0
