150 49537.0 57124.0 41683.0 83886.0 90933.0 86801.0 49729.0 72607.0 106635.0 88442.0 80730.0 64432.0 122273.0 126782.0 92351.0 101474.0 52573.0 22467.0 72981.0 75475.0 43216.0 52446.0 26435.0 89577.0 83514.0 108859.0 81325.0 130008.0 89520.0 90414.0 73196.0 60938.0
153 325329.0 323165.0 296029.0 346389.0 343649.0 339759.0 290680.0 323571.0 352819.0 337488.0 331594.0 321586.0 348799.0 348689.0 348976.0 341344.0 320360.0 254914.0 344222.0 337242.0 336647.0 317517.0 273010.0 346180.0 338084.0 339245.0 348316.0 401559.0 345635.0 356327.0 341410.0 331430.0
156 10442301.0 10431423.0 10400255.0 10387655.0 10421359.0 10396010.0 10376464.0 10386548.0 10405496.0 10384017.0 10416217.0 10374855.0 10417763.0 10406825.0 10428654.0 10371750.0 10425867.0 10380190.0 10440370.0 10406315.0 10406486.0 10414779.0 10359718.0 10409620.0 10390280.0 10417332.0 10390847.0 10454695.0 10410683.0 10452127.0 10421628.0 10440968.0
159 18513028.0 18511534.0 18504297.0 18466599.0 18495923.0 18469856.0 18496586.0 18473550.0 18486431.0 18470280.0 18492348.0 18472101.0 18492888.0 18491642.0 18495693.0 18466670.0 18496478.0 18503717.0 18498124.0 18488087.0 18467163.0 18499683.0 18474070.0 18487541.0 18468196.0 18494032.0 18463647.0 18484113.0 18469584.0 18494369.0 18495308.0 18507731.0
162 18898882.0 18896809.0 18889027.0 18853076.0 18881853.0 18856522.0 18881302.0 18859367.0 18871373.0 18856021.0 18878386.0 18858376.0 18877930.0 18875710.0 18880297.0 18853213.0 18881802.0 18886787.0 18882367.0 18871593.0 18852749.0 18882672.0 18861059.0 18871664.0 18853782.0 18876504.0 18849235.0 18868150.0 18855059.0 18877946.0 18877184.0 18888360.0
165 19085476.0 19083683.0 19077080.0 19045001.0 19070076.0 19049379.0 19070915.0 19052714.0 19060847.0 19049550.0 19068266.0 19051040.0 19067483.0 19064636.0 19069079.0 19045885.0 19071523.0 19077236.0 19071254.0 19063117.0 19046651.0 19072561.0 19054881.0 19063975.0 19047243.0 19067886.0 19042987.0 19059263.0 19048782.0 19068912.0 19068720.0 19077280.0
168 19501604.0 19502190.0 19496657.0 19466987.0 19490260.0 19471419.0 19491392.0 19475038.0 19481776.0 19472234.0 19489619.0 19474112.0 19488418.0 19485802.0 19490266.0 19467861.0 19492529.0 19498221.0 19492164.0 19483347.0 19468482.0 19492738.0 19477132.0 19484565.0 19467929.0 19488607.0 19463134.0 19480217.0 19469374.0 19489639.0 19488098.0 19495670.0
171 19802285.0 19798731.0 19795505.0 19764850.0 19788169.0 19767137.0 19789282.0 19770280.0 19780069.0 19763956.0 19788428.0 19767102.0 19784499.0 19779587.0 19784782.0 19760241.0 19792362.0 19796966.0 19791156.0 19783349.0 19768527.0 19791759.0 19776140.0 19782991.0 19764706.0 19786381.0 19760548.0 19780174.0 19767731.0 19790220.0 19788721.0 19796090.0
174 19685403.0 19679840.0 19676824.0 19649043.0 19669246.0 19651486.0 19670424.0 19655156.0 19661575.0 19647471.0 19670336.0 19651953.0 19665137.0 19661428.0 19667115.0 19642832.0 19675576.0 19682498.0 19674182.0 19666086.0 19653325.0 19675017.0 19659573.0 19665064.0 19647200.0 19667373.0 19643562.0 19661931.0 19649830.0 19671853.0 19670287.0 19677407.0
177 19440049.0 19435387.0 19432839.0 19403415.0 19424245.0 19405588.0 19424145.0 19408932.0 19415479.0 19403846.0 19426128.0 19408413.0 19420001.0 19415721.0 19421906.0 19400456.0 19432110.0 19438243.0 19430609.0 19420438.0 19412777.0 19430623.0 19417595.0 19419010.0 19404705.0 19419893.0 19400675.0 19415194.0 19407220.0 19425342.0 19423541.0 19431530.0
180 19361272.0 19340708.0 19335975.0 19156324.0 19296315.0 19110463.0 19301637.0 19140324.0 19247511.0 19140714.0 19241115.0 19163788.0 19251760.0 19263473.0 19274677.0 19180662.0 19259274.0 19282550.0 19267704.0 19249823.0 19160690.0 19260372.0 19172965.0 19232287.0 19146445.0 19239695.0 19128740.0 19216563.0 19139813.0 19232736.0 19245144.0 19262510.0
183 16310832.0 16085594.0 16113058.0 15311968.0 15814095.0 15070872.0 15929862.0 15218810.0 15606797.0 15223786.0 15464671.0 15304945.0 15609436.0 15759414.0 15727662.0 15522748.0 15554725.0 15705306.0 15650234.0 15678973.0 15227455.0 15640812.0 15251097.0 15552169.0 15241761.0 15624500.0 15204785.0 15514024.0 15165142.0 15565347.0 15683241.0 15770133.0
186 9634914.0 9483565.0 9796195.0 9841220.0 9604582.0 9512393.0 9853916.0 9844478.0 9583180.0 9834993.0 9363072.0 9964434.0 9594102.0 9928707.0 9852642.0 10364853.0 9472599.0 9742935.0 9650324.0 9780429.0 9717068.0 9661078.0 9746023.0 9551330.0 9739499.0 9644921.0 9696464.0 9439631.0 9490347.0 9464370.0 9669836.0 9615102.0
189 7090951.0 6922185.0 7272099.0 7586222.0 7082468.0 7231424.0 7355565.0 7630021.0 7079161.0 7582852.0 6853763.0 7725127.0 7078308.0 7447479.0 7329971.0 8231150.0 6917435.0 7198346.0 7095285.0 7266567.0 7462508.0 7105525.0 7482194.0 7000688.0 7498300.0 7099451.0 7487311.0 6891728.0 7247115.0 6910510.0 7093628.0 6997980.0
192 204387.0 187021.0 198886.0 231829.0 211465.0 200724.0 212769.0 210257.0 216730.0 213743.0 184652.0 230045.0 207687.0 270426.0 241428.0 327427.0 187060.0 199852.0 214774.0 243660.0 236747.0 212419.0 195663.0 212134.0 221960.0 217666.0 241176.0 246177.0 213971.0 216561.0 229787.0 210595.0
195 189078.0 176540.0 167553.0 201381.0 189601.0 182615.0 161258.0 174524.0 194318.0 179836.0 174909.0 179692.0 179339.0 189140.0 186121.0 198112.0 173535.0 162462.0 184499.0 191553.0 208269.0 176514.0 169455.0 186809.0 180796.0 175288.0 197089.0 221576.0 180515.0 184372.0 189501.0 178192.0
198 190058.0 176785.0 167208.0 198868.0 189191.0 184321.0 159292.0 172451.0 194877.0 180367.0 174505.0 177578.0 178212.0 185586.0 185586.0 187782.0 172747.0 160985.0 183645.0 189261.0 208267.0 174574.0 168727.0 186115.0 179297.0 173514.0 195048.0 221055.0 178565.0 182926.0 186325.0 177216.0
201 188724.0 176363.0 167512.0 199731.0 189493.0 183282.0 159886.0 172361.0 194936.0 179370.0 174287.0 177052.0 179030.0 184947.0 184932.0 186495.0 173341.0 161635.0 183893.0 188489.0 208417.0 175298.0 168300.0 186670.0 179454.0 173977.0 194165.0 220089.0 178466.0 183523.0 187016.0 177379.0
204 189057.0 176578.0 168134.0 198456.0 190190.0 183839.0 160730.0 173134.0 194993.0 180247.0 175311.0 178133.0 179581.0 185482.0 185117.0 188112.0 173343.0 161201.0 183950.0 189552.0 208618.0 175773.0 169530.0 187673.0 180419.0 174169.0 195344.0 221801.0 179370.0 183765.0 187604.0 177888.0
207 188742.0 175938.0 166370.0 199918.0 189139.0 183695.0 159160.0 172971.0 195172.0 179336.0 174169.0 178084.0 179200.0 184893.0 184996.0 186928.0 172246.0 161269.0 182863.0 189204.0 207602.0 175241.0 168136.0 186304.0 179305.0 173308.0 194196.0 220847.0 179016.0 183077.0 186273.0 177228.0
210 187436.0 175333.0 165626.0 196004.0 188169.0 182278.0 158037.0 171974.0 193392.0 178443.0 173320.0 176317.0 177952.0 184720.0 184151.0 186037.0 172099.0 159893.0 182809.0 188474.0 206649.0 174979.0 167549.0 185524.0 178909.0 172188.0 193008.0 218933.0 178233.0 182264.0 185734.0 175835.0
213 187232.0 175431.0 167542.0 199122.0 188326.0 181233.0 158129.0 171458.0 193608.0 178218.0 173494.0 176354.0 177691.0 184583.0 183460.0 186301.0 170300.0 159234.0 183221.0 188739.0 203424.0 173540.0 169479.0 187123.0 177839.0 172341.0 193120.0 219079.0 177160.0 182463.0 185303.0 174688.0
216 187329.0 173874.0 167515.0 195902.0 187538.0 181666.0 157970.0 170827.0 191891.0 178211.0 173060.0 175737.0 176368.0 183988.0 183912.0 185767.0 170788.0 158975.0 181354.0 186651.0 203290.0 172519.0 168846.0 184321.0 176991.0 171906.0 193045.0 219177.0 176772.0 182714.0 185816.0 175278.0
219 185851.0 174372.0 166568.0 195257.0 187010.0 180128.0 156823.0 170304.0 192003.0 177674.0 172272.0 175406.0 176931.0 183508.0 183147.0 185356.0 170850.0 159324.0 181348.0 187399.0 205839.0 173105.0 168182.0 183312.0 176701.0 170964.0 193203.0 218371.0 177019.0 180407.0 183859.0 174977.0
222 184955.0 173926.0 164947.0 196882.0 186714.0 180411.0 157891.0 169742.0 192132.0 177248.0 171037.0 174608.0 176467.0 183378.0 183021.0 184575.0 169799.0 158808.0 179924.0 186512.0 204363.0 173097.0 166724.0 183141.0 176337.0 170881.0 192128.0 217342.0 176521.0 179818.0 184183.0 174823.0
225 184491.0 172830.0 164040.0 196278.0 186600.0 179316.0 156175.0 168813.0 191311.0 176641.0 170378.0 174285.0 175899.0 181951.0 181721.0 183702.0 169387.0 157443.0 179461.0 184951.0 203402.0 172231.0 166638.0 182445.0 176225.0 170566.0 191340.0 216791.0 174154.0 179289.0 183576.0 174284.0
228 184567.0 172170.0 164048.0 194866.0 185751.0 178553.0 156062.0 168391.0 190731.0 176781.0 170378.0 173647.0 175231.0 181899.0 181355.0 184548.0 168809.0 157234.0 179404.0 184970.0 202755.0 172030.0 165474.0 182950.0 175426.0 170445.0 191389.0 217048.0 174804.0 178437.0 182630.0 172969.0
231 182139.0 171759.0 162260.0 195473.0 185552.0 177853.0 155902.0 168310.0 190772.0 175153.0 169861.0 174102.0 175334.0 180788.0 180591.0 182196.0 167110.0 152072.0 179349.0 185204.0 200858.0 170360.0 161333.0 181879.0 176055.0 168816.0 189425.0 215057.0 174776.0 178494.0 182369.0 172924.0
234 174910.0 168482.0 163030.0 193079.0 182601.0 177238.0 154830.0 167483.0 188604.0 174056.0 166766.0 173425.0 174049.0 181618.0 178791.0 181916.0 162391.0 134755.0 177400.0 183236.0 190996.0 166601.0 146465.0 181051.0 174275.0 168162.0 189185.0 213952.0 173811.0 176845.0 180947.0 170834.0
237 148538.0 157084.0 153741.0 190819.0 180811.0 173647.0 153503.0 166094.0 186788.0 173543.0 157474.0 170925.0 174502.0 179099.0 178346.0 181422.0 142978.0 93209.0 171600.0 182155.0 159505.0 156203.0 104806.0 178904.0 173574.0 167503.0 187348.0 212542.0 170547.0 172057.0 178043.0 165509.0
240 95587.0 120803.0 122315.0 188562.0 171196.0 160890.0 147715.0 157124.0 181109.0 169701.0 128794.0 162475.0 171107.0 179762.0 172656.0 180477.0 99753.0 44432.0 149008.0 175828.0 99460.0 123953.0 51248.0 170665.0 170777.0 166016.0 180821.0 205952.0 160717.0 158712.0 167314.0 146768.0
243 41922.0 64122.0 70362.0 165607.0 137646.0 124945.0 123504.0 132583.0 161691.0 151994.0 77864.0 134496.0 160703.0 177006.0 154156.0 178323.0 46599.0 15459.0 100013.0 155329.0 40472.0 69808.0 17754.0 144136.0 156099.0 158675.0 157436.0 181080.0 129192.0 122953.0 136503.0 107807.0
246 15163.0 22032.0 26229.0 113710.0 77095.0 67199.0 74311.0 85092.0 111622.0 106424.0 31792.0 83165.0 127981.0 164829.0 105071.0 167714.0 16773.0 7748.0 42491.0 105441.0 14333.0 25899.0 8512.0 87031.0 113985.0 133273.0 103474.0 125418.0 73143.0 67612.0 79965.0 53665.0
249 9528.0 10633.0 11124.0 55285.0 33088.0 27573.0 31785.0 41283.0 57853.0 52920.0 14253.0 38895.0 81065.0 134763.0 52824.0 138956.0 9973.0 6426.0 16516.0 53480.0 9950.0 11771.0 6888.0 39039.0 61858.0 87050.0 49535.0 65082.0 30854.0 27752.0 34758.0 21318.0
252 8061.0 8208.0 7940.0 20034.0 13686.0 12298.0 12031.0 15652.0 21225.0 18607.0 9245.0 15229.0 34639.0 77055.0 19378.0 83876.0 7901.0 5788.0 10102.0 19280.0 8559.0 8306.0 6055.0 15426.0 22677.0 35438.0 18294.0 24671.0 13165.0 12249.0 13894.0 10683.0
255 7199.0 7185.0 6645.0 12379.0 10265.0 9466.0 8656.0 9963.0 12179.0 11177.0 7786.0 9904.0 15262.0 31652.0 11294.0 36509.0 7253.0 5390.0 8471.0 11468.0 7670.0 7238.0 5606.0 10691.0 11793.0 14544.0 11758.0 14146.0 9637.0 9186.0 10400.0 8587.0
258 6469.0 6389.0 5834.0 9275.0 8208.0 7825.0 6759.0 7507.0 9042.0 8337.0 6576.0 7512.0 9349.0 11061.0 8625.0 12259.0 6413.0 5218.0 7205.0 8545.0 7122.0 6311.0 5393.0 8376.0 8534.0 9029.0 9116.0 10566.0 7499.0 7401.0 8149.0 7318.0
261 6346.0 6254.0 5541.0 8569.0 7644.0 7203.0 6408.0 6991.0 8359.0 7709.0 6515.0 7241.0 8277.0 9535.0 7909.0 10497.0 6539.0 5060.0 7004.0 7857.0 6836.0 6209.0 5313.0 7793.0 7797.0 7890.0 8467.0 9812.0 7054.0 6969.0 7685.0 6787.0
264 6350.0 6222.0 5562.0 8240.0 7303.0 7095.0 6018.0 6895.0 7982.0 7352.0 6487.0 6806.0 7594.0 8307.0 7370.0 8831.0 6153.0 4823.0 6881.0 7573.0 6833.0 5997.0 5234.0 7713.0 7393.0 7274.0 7969.0 9260.0 6843.0 6756.0 7541.0 6750.0
267 6383.0 6215.0 5378.0 8066.0 7331.0 6912.0 6040.0 6654.0 7757.0 7250.0 6291.0 6605.0 7463.0 7800.0 7209.0 8477.0 6182.0 4868.0 6725.0 7431.0 6912.0 5953.0 5082.0 7520.0 7200.0 6993.0 7894.0 9096.0 6639.0 6794.0 7157.0 6737.0
270 6311.0 5958.0 5378.0 8045.0 7240.0 6859.0 5924.0 6535.0 7617.0 7088.0 6268.0 6571.0 7297.0 7355.0 7241.0 7885.0 6182.0 4802.0 6699.0 7181.0 6630.0 5835.0 5023.0 7322.0 7267.0 7057.0 7881.0 8981.0 6692.0 6635.0 7319.0 6527.0
273 6072.0 6047.0 5180.0 7807.0 7097.0 6890.0 5808.0 6562.0 7627.0 7077.0 6066.0 6675.0 7206.0 7414.0 7208.0 8056.0 5970.0 4779.0 6576.0 7256.0 6572.0 5736.0 4912.0 7208.0 7040.0 6799.0 7745.0 8820.0 6625.0 6574.0 7315.0 6566.0
276 6053.0 5934.0 5374.0 7611.0 7050.0 6727.0 5934.0 6526.0 7392.0 6988.0 6087.0 6409.0 7151.0 7280.0 7194.0 7868.0 5940.0 4610.0 6513.0 7250.0 6444.0 5652.0 4968.0 7301.0 7091.0 6665.0 7604.0 9032.0 6443.0 6482.0 7105.0 6522.0
279 5805.0 5885.0 5241.0 7692.0 6882.0 6586.0 5738.0 6233.0 7374.0 6911.0 5992.0 6233.0 7098.0 7456.0 6893.0 7647.0 5899.0 4488.0 6369.0 6947.0 6440.0 5593.0 4753.0 7062.0 6958.0 6687.0 7279.0 8784.0 6414.0 6372.0 6957.0 6443.0
282 5775.0 5735.0 5237.0 7388.0 6745.0 6521.0 5667.0 6282.0 7157.0 6914.0 5909.0 6312.0 7072.0 7150.0 6917.0 7701.0 5680.0 4470.0 6505.0 6901.0 6287.0 5444.0 4773.0 6989.0 6727.0 6677.0 7345.0 8610.0 6314.0 6408.0 6794.0 6429.0
285 5747.0 5471.0 5025.0 7269.0 6845.0 6529.0 5615.0 6118.0 7208.0 6634.0 5728.0 6220.0 6804.0 7073.0 6803.0 7596.0 5645.0 4312.0 6323.0 6726.0 6250.0 5503.0 4525.0 6920.0 6715.0 6464.0 7410.0 8656.0 6214.0 6206.0 6880.0 6234.0
288 5581.0 5604.0 5090.0 7525.0 6608.0 6370.0 5519.0 6218.0 7074.0 6542.0 5688.0 6054.0 6755.0 6932.0 6657.0 7498.0 5451.0 4122.0 6078.0 6770.0 5905.0 5295.0 4458.0 6895.0 6638.0 6427.0 7087.0 8416.0 6127.0 6101.0 6816.0 6205.0
291 5380.0 5399.0 4835.0 7226.0 6362.0 6333.0 5328.0 6155.0 7077.0 6547.0 5560.0 5940.0 6660.0 6959.0 6553.0 7360.0 5400.0 3874.0 5975.0 6612.0 5754.0 5170.0 4194.0 6528.0 6513.0 6174.0 7045.0 8062.0 6085.0 6035.0 6718.0 6057.0
294 5101.0 5117.0 4618.0 6959.0 6380.0 6063.0 5162.0 5829.0 6777.0 6476.0 5467.0 5932.0 6575.0 6968.0 6458.0 7292.0 5213.0 3312.0 5928.0 6427.0 5324.0 5010.0 3729.0 6484.0 6424.0 6316.0 7041.0 8086.0 5842.0 5914.0 6438.0 5863.0
297 4632.0 5059.0 4511.0 6947.0 6120.0 6074.0 5101.0 5673.0 6621.0 6364.0 5294.0 5737.0 6469.0 6610.0 6420.0 7376.0 4953.0 2609.0 5698.0 6320.0 4986.0 4789.0 2995.0 6505.0 6330.0 6142.0 6743.0 7930.0 5765.0 5884.0 6407.0 5738.0
300 3905.0 4582.0 4086.0 6825.0 6065.0 5796.0 4985.0 5609.0 6388.0 6046.0 4898.0 5576.0 6317.0 6685.0 6210.0 7080.0 4421.0 1626.0 5454.0 6217.0 3963.0 4581.0 1909.0 6209.0 6211.0 5920.0 6726.0 7754.0 5567.0 5661.0 6091.0 5640.0
303 2945.0 3844.0 3680.0 6534.0 5587.0 5568.0 4869.0 5464.0 6265.0 6024.0 4363.0 5238.0 6210.0 6528.0 6112.0 7163.0 3355.0 885.0 5073.0 6153.0 2744.0 3900.0 1052.0 6051.0 5950.0 5873.0 6462.0 7564.0 5310.0 5228.0 5969.0 5273.0
306 1877.0 2975.0 2765.0 6331.0 5345.0 5295.0 4618.0 5144.0 6002.0 5957.0 3677.0 5038.0 6097.0 6402.0 5822.0 6831.0 2340.0 415.0 4482.0 5749.0 1596.0 3009.0 538.0 5773.0 5819.0 5836.0 6163.0 7199.0 5168.0 4762.0 5543.0 4536.0
309 1119.0 1899.0 1842.0 5878.0 4529.0 4508.0 3993.0 4702.0 5488.0 5600.0 2541.0 4425.0 5842.0 6297.0 5479.0 6744.0 1328.0 285.0 3523.0 5490.0 796.0 1964.0 318.0 5193.0 5604.0 5638.0 5591.0 6777.0 4470.0 4106.0 4793.0 3729.0
312 546.0 969.0 951.0 4994.0 3404.0 3341.0 3037.0 3797.0 4868.0 4743.0 1538.0 3543.0 5388.0 6045.0 4791.0 6641.0 710.0 265.0 2137.0 4570.0 463.0 1034.0 263.0 4231.0 4939.0 5329.0 4879.0 5814.0 3460.0 3222.0 3640.0 2508.0
315 409.0 510.0 474.0 3736.0 2348.0 2203.0 1999.0 2800.0 3709.0 3736.0 861.0 2458.0 4793.0 5692.0 3775.0 6163.0 422.0 221.0 1133.0 3407.0 398.0 560.0 246.0 2984.0 3951.0 4735.0 3494.0 4700.0 2383.0 2035.0 2441.0 1570.0
318 371.0 360.0 354.0 2317.0 1309.0 1178.0 1069.0 1806.0 2573.0 2328.0 510.0 1426.0 3538.0 5150.0 2482.0 5744.0 381.0 219.0 606.0 2178.0 361.0 377.0 232.0 1673.0 2733.0 3848.0 2108.0 3047.0 1366.0 1157.0 1300.0 797.0
321 282.0 343.0 300.0 1202.0 703.0 631.0 593.0 932.0 1613.0 1362.0 391.0 879.0 2680.0 4380.0 1425.0 4828.0 356.0 228.0 440.0 1136.0 363.0 310.0 232.0 932.0 1553.0 2699.0 1199.0 1823.0 703.0 624.0 705.0 478.0
324 316.0 335.0 290.0 715.0 504.0 500.0 419.0 551.0 837.0 693.0 374.0 532.0 1542.0 3248.0 782.0 3609.0 337.0 200.0 397.0 657.0 353.0 311.0 232.0 562.0 858.0 1585.0 683.0 1033.0 451.0 424.0 530.0 424.0
327 335.0 298.0 272.0 523.0 458.0 460.0 322.0 449.0 543.0 490.0 339.0 367.0 865.0 2099.0 498.0 2469.0 319.0 230.0 359.0 449.0 310.0 313.0 208.0 471.0 522.0 850.0 499.0 723.0 377.0 392.0 451.0 393.0
330 294.0 278.0 257.0 485.0 417.0 383.0 320.0 386.0 487.0 472.0 312.0 401.0 607.0 1119.0 429.0 1332.0 312.0 229.0 349.0 447.0 303.0 287.0 209.0 439.0 460.0 569.0 492.0 569.0 362.0 344.0 451.0 373.0
333 304.0 299.0 248.0 453.0 415.0 394.0 344.0 350.0 451.0 385.0 356.0 344.0 464.0 695.0 424.0 798.0 291.0 201.0 324.0 443.0 314.0 271.0 209.0 480.0 434.0 464.0 425.0 574.0 383.0 347.0 409.0 350.0
336 268.0 292.0 262.0 422.0 375.0 399.0 321.0 384.0 416.0 380.0 349.0 380.0 477.0 519.0 404.0 640.0 317.0 200.0 346.0 390.0 293.0 280.0 221.0 437.0 404.0 433.0 455.0 530.0 353.0 327.0 448.0 345.0
339 242.0 278.0 238.0 447.0 391.0 376.0 266.0 368.0 410.0 360.0 340.0 335.0 422.0 500.0 408.0 533.0 319.0 190.0 341.0 373.0 290.0 253.0 215.0 413.0 414.0 376.0 454.0 504.0 343.0 331.0 372.0 372.0
342 251.0 248.0 224.0 443.0 361.0 391.0 302.0 356.0 433.0 392.0 293.0 368.0 390.0 476.0 371.0 494.0 311.0 181.0 345.0 380.0 283.0 290.0 197.0 385.0 389.0 416.0 403.0 479.0 361.0 324.0 380.0 333.0
345 276.0 273.0 260.0 415.0 361.0 374.0 309.0 325.0 390.0 359.0 307.0 352.0 389.0 425.0 375.0 461.0 253.0 172.0 342.0 360.0 282.0 256.0 195.0 406.0 385.0 387.0 415.0 479.0 360.0 304.0 355.0 327.0
348 261.0 268.0 234.0 392.0 338.0 327.0 289.0 329.0 369.0 368.0 293.0 322.0 414.0 430.0 373.0 434.0 278.0 165.0 351.0 331.0 269.0 244.0 184.0 392.0 358.0 386.0 467.0 525.0 345.0 297.0 366.0 326.0
351 268.0 250.0 230.0 415.0 327.0 338.0 298.0 333.0 390.0 359.0 295.0 343.0 395.0 432.0 375.0 442.0 249.0 155.0 321.0 348.0 270.0 225.0 175.0 367.0 368.0 347.0 416.0 442.0 319.0 304.0 356.0 336.0
354 229.0 264.0 214.0 383.0 337.0 350.0 253.0 324.0 373.0 339.0 264.0 298.0 378.0 377.0 368.0 503.0 294.0 126.0 303.0 366.0 268.0 262.0 157.0 377.0 359.0 358.0 423.0 510.0 291.0 313.0 347.0 304.0
357 239.0 254.0 193.0 424.0 329.0 328.0 283.0 300.0 372.0 329.0 270.0 291.0 343.0 334.0 370.0 420.0 251.0 108.0 276.0 368.0 232.0 225.0 121.0 362.0 397.0 362.0 403.0 470.0 292.0 288.0 336.0 309.0
360 211.0 229.0 207.0 377.0 305.0 312.0 265.0 291.0 413.0 351.0 259.0 306.0 372.0 381.0 347.0 442.0 213.0 86.0 283.0 314.0 194.0 215.0 102.0 331.0 359.0 330.0 372.0 444.0 311.0 277.0 321.0 280.0
363 185.0 223.0 167.0 344.0 303.0 313.0 263.0 312.0 386.0 321.0 243.0 278.0 352.0 391.0 336.0 455.0 197.0 59.0 291.0 299.0 175.0 204.0 77.0 352.0 356.0 316.0 361.0 394.0 289.0 303.0 340.0 276.0
366 146.0 168.0 166.0 336.0 301.0 287.0 247.0 273.0 339.0 347.0 223.0 274.0 359.0 419.0 300.0 456.0 161.0 29.0 241.0 327.0 120.0 184.0 48.0 288.0 331.0 318.0 367.0 413.0 299.0 265.0 332.0 278.0
369 120.0 160.0 110.0 324.0 311.0 289.0 263.0 259.0 315.0 303.0 189.0 274.0 324.0 376.0 312.0 396.0 131.0 20.0 235.0 322.0 100.0 174.0 30.0 299.0 334.0 310.0 323.0 404.0 267.0 241.0 313.0 248.0
372 70.0 118.0 117.0 333.0 275.0 248.0 204.0 269.0 330.0 296.0 145.0 231.0 348.0 354.0 296.0 393.0 86.0 13.0 234.0 308.0 60.0 114.0 15.0 300.0 327.0 299.0 293.0 372.0 256.0 230.0 273.0 220.0
375 51.0 79.0 83.0 299.0 236.0 240.0 192.0 223.0 285.0 265.0 112.0 225.0 326.0 399.0 276.0 388.0 44.0 15.0 164.0 283.0 34.0 78.0 16.0 253.0 289.0 336.0 290.0 370.0 210.0 199.0 222.0 165.0
378 22.0 56.0 45.0 276.0 163.0 185.0 146.0 209.0 257.0 259.0 71.0 162.0 283.0 327.0 281.0 400.0 30.0 12.0 106.0 240.0 18.0 56.0 11.0 223.0 285.0 258.0 265.0 343.0 193.0 185.0 189.0 111.0
381 14.0 33.0 25.0 235.0 152.0 146.0 123.0 172.0 240.0 213.0 52.0 157.0 295.0 329.0 197.0 355.0 21.0 20.0 62.0 199.0 15.0 30.0 10.0 179.0 234.0 246.0 213.0 295.0 153.0 150.0 127.0 81.0
384 13.0 21.0 22.0 162.0 69.0 88.0 92.0 119.0 168.0 181.0 34.0 105.0 262.0 324.0 183.0 373.0 31.0 19.0 44.0 156.0 16.0 18.0 6.0 122.0 212.0 260.0 134.0 220.0 88.0 90.0 86.0 58.0
387 17.0 17.0 21.0 117.0 61.0 65.0 50.0 99.0 131.0 119.0 26.0 75.0 191.0 282.0 141.0 308.0 25.0 11.0 36.0 100.0 13.0 24.0 12.0 75.0 158.0 178.0 112.0 177.0 59.0 54.0 64.0 39.0
390 14.0 15.0 10.0 67.0 33.0 35.0 29.0 53.0 87.0 90.0 26.0 41.0 143.0 260.0 82.0 262.0 16.0 11.0 21.0 73.0 20.0 12.0 8.0 39.0 86.0 144.0 75.0 102.0 40.0 31.0 34.0 31.0
393 13.0 19.0 12.0 45.0 23.0 32.0 24.0 48.0 42.0 52.0 21.0 32.0 112.0 219.0 60.0 243.0 21.0 12.0 25.0 46.0 18.0 14.0 6.0 30.0 69.0 118.0 49.0 76.0 33.0 32.0 34.0 27.0
396 16.0 22.0 17.0 26.0 24.0 29.0 18.0 32.0 35.0 30.0 23.0 25.0 73.0 161.0 30.0 189.0 17.0 9.0 24.0 39.0 21.0 22.0 9.0 44.0 36.0 84.0 32.0 51.0 26.0 22.0 16.0 21.0
399 22.0 14.0 19.0 25.0 20.0 21.0 22.0 19.0 36.0 23.0 19.0 23.0 44.0 99.0 34.0 125.0 21.0 4.0 29.0 27.0 16.0 18.0 9.0 44.0 25.0 45.0 38.0 36.0 28.0 26.0 28.0 35.0
402 15.0 12.0 13.0 37.0 23.0 23.0 28.0 22.0 30.0 29.0 17.0 19.0 28.0 65.0 27.0 104.0 16.0 4.0 14.0 34.0 19.0 14.0 9.0 32.0 24.0 26.0 30.0 42.0 14.0 21.0 28.0 25.0
405 9.0 13.0 15.0 38.0 23.0 16.0 22.0 26.0 35.0 34.0 21.0 17.0 39.0 44.0 27.0 54.0 20.0 6.0 27.0 28.0 19.0 14.0 8.0 30.0 24.0 15.0 30.0 36.0 20.0 34.0 29.0 24.0
408 21.0 14.0 10.0 31.0 27.0 26.0 16.0 20.0 29.0 24.0 11.0 22.0 33.0 42.0 25.0 57.0 9.0 8.0 19.0 26.0 15.0 18.0 11.0 19.0 24.0 25.0 26.0 24.0 28.0 16.0 23.0 22.0
411 7.0 11.0 11.0 34.0 19.0 22.0 17.0 13.0 26.0 22.0 13.0 25.0 29.0 32.0 28.0 36.0 13.0 9.0 15.0 24.0 12.0 14.0 9.0 33.0 28.0 17.0 29.0 28.0 23.0 17.0 24.0 18.0
414 17.0 14.0 10.0 23.0 23.0 23.0 16.0 22.0 24.0 22.0 13.0 22.0 32.0 26.0 21.0 37.0 17.0 9.0 18.0 23.0 12.0 8.0 8.0 24.0 24.0 24.0 30.0 30.0 14.0 20.0 18.0 19.0
417 11.0 16.0 9.0 37.0 19.0 17.0 17.0 26.0 22.0 17.0 19.0 15.0 35.0 31.0 21.0 29.0 18.0 2.0 16.0 26.0 9.0 15.0 4.0 29.0 28.0 33.0 25.0 29.0 25.0 26.0 29.0 23.0
420 16.0 16.0 12.0 23.0 17.0 28.0 19.0 20.0 20.0 20.0 12.0 18.0 33.0 20.0 17.0 36.0 12.0 1.0 20.0 26.0 12.0 10.0 6.0 23.0 29.0 21.0 20.0 39.0 24.0 19.0 21.0 23.0
423 14.0 13.0 10.0 25.0 26.0 18.0 22.0 20.0 34.0 15.0 18.0 19.0 21.0 23.0 18.0 37.0 20.0 2.0 27.0 19.0 8.0 14.0 2.0 22.0 24.0 17.0 21.0 29.0 15.0 16.0 14.0 13.0
426 8.0 13.0 5.0 23.0 20.0 18.0 12.0 18.0 26.0 28.0 17.0 19.0 29.0 24.0 30.0 43.0 8.0 0.0 19.0 19.0 10.0 16.0 2.0 21.0 25.0 27.0 27.0 18.0 18.0 11.0 18.0 15.0
429 4.0 6.0 9.0 19.0 15.0 21.0 15.0 19.0 17.0 31.0 11.0 14.0 22.0 21.0 20.0 27.0 2.0 0.0 18.0 17.0 5.0 9.0 0.0 17.0 25.0 27.0 29.0 23.0 16.0 14.0 14.0 14.0
432 5.0 11.0 2.0 23.0 19.0 14.0 17.0 17.0 19.0 18.0 10.0 14.0 23.0 22.0 19.0 29.0 6.0 0.0 20.0 17.0 2.0 4.0 4.0 15.0 28.0 27.0 16.0 25.0 15.0 17.0 19.0 12.0
435 6.0 10.0 2.0 21.0 11.0 13.0 13.0 18.0 22.0 17.0 9.0 17.0 25.0 27.0 16.0 28.0 1.0 3.0 14.0 19.0 2.0 3.0 1.0 17.0 25.0 23.0 20.0 29.0 15.0 9.0 14.0 11.0
438 0.0 5.0 5.0 15.0 17.0 5.0 8.0 11.0 22.0 19.0 4.0 14.0 20.0 26.0 15.0 37.0 2.0 1.0 18.0 16.0 3.0 0.0 0.0 10.0 14.0 18.0 20.0 23.0 16.0 13.0 11.0 6.0
441 4.0 3.0 5.0 24.0 15.0 11.0 6.0 12.0 17.0 12.0 7.0 6.0 15.0 29.0 11.0 29.0 3.0 1.0 5.0 15.0 1.0 3.0 0.0 20.0 19.0 26.0 21.0 27.0 13.0 4.0 12.0 11.0
444 2.0 1.0 1.0 13.0 7.0 8.0 5.0 6.0 19.0 15.0 7.0 11.0 16.0 25.0 13.0 22.0 0.0 1.0 3.0 11.0 1.0 3.0 1.0 11.0 12.0 12.0 13.0 24.0 7.0 11.0 8.0 5.0
447 1.0 0.0 1.0 15.0 10.0 9.0 1.0 9.0 15.0 9.0 2.0 4.0 20.0 23.0 16.0 21.0 2.0 0.0 2.0 10.0 0.0 2.0 2.0 7.0 15.0 23.0 9.0 13.0 10.0 4.0 7.0 0.0
