150 18234768.0 18214044.0 18214552.0 18193961.0 18214443.0 18182090.0 18207303.0 18177631.0 18204987.0 18189092.0 18204069.0 18194767.0 18210069.0 18198088.0 18210419.0 18182891.0 18206919.0 18200651.0 18207056.0 18201589.0 18186138.0 18200999.0 18193135.0 18200130.0 18165204.0 18160915.0 18189938.0 18180720.0 18190780.0 18204452.0 18207993.0 18202098.0
153 18553115.0 18541190.0 18541236.0 18528554.0 18542663.0 18518986.0 18537350.0 18514429.0 18536986.0 18526535.0 18534025.0 18530912.0 18540121.0 18527599.0 18541103.0 18521059.0 18537482.0 18533332.0 18540481.0 18536628.0 18525161.0 18535095.0 18532472.0 18536764.0 18508290.0 18502935.0 18529604.0 18520865.0 18530169.0 18541056.0 18544818.0 18539309.0
156 18950183.0 18943671.0 18941491.0 18930295.0 18942611.0 18921979.0 18939076.0 18917709.0 18938893.0 18928613.0 18935007.0 18932631.0 18942557.0 18929852.0 18943910.0 18923865.0 18937373.0 18935909.0 18943072.0 18939621.0 18926518.0 18935822.0 18933303.0 18938561.0 18913360.0 18916071.0 18930711.0 18923295.0 18930441.0 18943890.0 18947403.0 18941863.0
159 19570157.0 19571016.0 19566397.0 19551043.0 19566190.0 19540092.0 19564467.0 19535501.0 19563313.0 19547223.0 19558653.0 19552790.0 19567578.0 19553298.0 19568097.0 19541096.0 19559575.0 19559823.0 19567024.0 19563513.0 19543970.0 19558661.0 19551708.0 19561426.0 19530808.0 19541182.0 19548834.0 19544999.0 19547907.0 19566666.0 19570692.0 19563809.0
162 19910701.0 19911916.0 19907806.0 19889116.0 19908029.0 19877215.0 19906389.0 19872909.0 19905087.0 19885013.0 19899340.0 19892418.0 19909296.0 19894512.0 19909192.0 19877146.0 19901207.0 19901981.0 19908372.0 19905286.0 19883710.0 19900418.0 19891552.0 19903717.0 19869665.0 19883376.0 19889310.0 19886242.0 19888072.0 19909239.0 19912934.0 19906266.0
165 19990633.0 19994922.0 19988099.0 19969372.0 19987995.0 19955725.0 19987517.0 19953117.0 19986840.0 19965920.0 19979397.0 19974156.0 19990816.0 19974181.0 19990644.0 19957969.0 19981488.0 19983171.0 19990048.0 19986602.0 19963710.0 19979969.0 19971142.0 19983966.0 19947410.0 19964656.0 19967243.0 19965175.0 19967280.0 19990381.0 19994836.0 19987076.0
168 19826200.0 19829244.0 19819923.0 19788059.0 19818122.0 19761151.0 19816472.0 19761474.0 19812372.0 19779503.0 19806644.0 19794433.0 19819124.0 19800968.0 19817348.0 19769613.0 19807255.0 19808667.0 19815334.0 19811174.0 19780806.0 19803122.0 19788652.0 19806512.0 19766327.0 19788320.0 19784690.0 19786696.0 19784093.0 19812494.0 19817970.0 19810421.0
171 19323363.0 19355742.0 19291804.0 19161361.0 19296208.0 19045016.0 19298242.0 19077706.0 19282681.0 19100757.0 19263730.0 19161137.0 19294966.0 19266975.0 19241010.0 19096860.0 19273472.0 19260837.0 19257873.0 19239693.0 19133695.0 19230487.0 19126654.0 19227020.0 19122988.0 19179882.0 19112975.0 19209731.0 19115658.0 19227057.0 19249979.0 19249464.0
174 8918992.0 9375598.0 8905703.0 9289134.0 9030570.0 8803092.0 9242643.0 9289051.0 9382734.0 9115647.0 9278574.0 9397642.0 9365705.0 9520200.0 8878584.0 9183914.0 9549645.0 9320071.0 9138288.0 8990674.0 9314966.0 9050349.0 8936404.0 8934560.0 9417030.0 8600372.0 8732738.0 9067285.0 8787038.0 8692081.0 8935762.0 8997037.0
177 6458629.0 6863223.0 6503973.0 6977503.0 6623663.0 6551640.0 6784384.0 7018279.0 6910118.0 6849768.0 6806988.0 7065689.0 6876655.0 7015618.0 6435831.0 6889870.0 7062402.0 6836048.0 6665959.0 6521495.0 7006150.0 6563545.0 6643836.0 6479779.0 7137084.0 6176924.0 6438124.0 6627896.0 6500528.0 6219008.0 6448286.0 6501833.0
180 1050859.0 1231326.0 1020657.0 1121562.0 1070299.0 1013215.0 1105056.0 1183349.0 1156057.0 1082169.0 1127460.0 1119023.0 1124159.0 1196468.0 938137.0 1113462.0 1236460.0 1122409.0 1043038.0 984294.0 1116527.0 1016098.0 994760.0 990935.0 1249603.0 1066651.0 929053.0 1160422.0 968865.0 916280.0 992551.0 1029460.0
183 278478.0 365067.0 259165.0 272144.0 253663.0 292993.0 265054.0 338673.0 260303.0 281417.0 267580.0 266180.0 259908.0 294704.0 221874.0 297222.0 280116.0 270927.0 237750.0 240646.0 269804.0 239106.0 234588.0 246118.0 379230.0 453346.0 224204.0 363676.0 237118.0 240537.0 250083.0 274311.0
186 263100.0 323112.0 244319.0 219999.0 217256.0 268099.0 220454.0 289472.0 210966.0 237303.0 223349.0 218696.0 213222.0 249739.0 206669.0 264513.0 201846.0 237508.0 205721.0 221381.0 226536.0 208841.0 203448.0 220854.0 326893.0 440463.0 206428.0 313126.0 208420.0 225254.0 218194.0 242972.0
189 263729.0 316581.0 244402.0 215820.0 214151.0 265714.0 218350.0 285729.0 208186.0 234304.0 220984.0 216175.0 211237.0 247422.0 206671.0 262702.0 196202.0 236631.0 203836.0 220740.0 222937.0 207315.0 200045.0 219758.0 317369.0 437285.0 205946.0 307390.0 206035.0 224551.0 215364.0 240239.0
192 262704.0 311712.0 243276.0 216254.0 214454.0 265874.0 219124.0 285718.0 207823.0 233850.0 220461.0 216893.0 210405.0 247174.0 206687.0 262642.0 195919.0 236080.0 204479.0 220501.0 223951.0 208430.0 200871.0 219714.0 318954.0 436160.0 205555.0 308815.0 205797.0 225274.0 214875.0 240803.0
195 263008.0 313791.0 244004.0 215640.0 214310.0 265820.0 219299.0 285668.0 207045.0 233042.0 220495.0 216078.0 209721.0 247807.0 206951.0 263094.0 195695.0 236621.0 203160.0 219890.0 222887.0 207670.0 200464.0 218624.0 317418.0 435381.0 204466.0 307784.0 206298.0 224244.0 215245.0 240477.0
198 263176.0 312510.0 244296.0 214939.0 214306.0 264660.0 217910.0 284953.0 206715.0 233528.0 221183.0 215465.0 209702.0 246964.0 205779.0 263292.0 195527.0 234746.0 203463.0 219448.0 222257.0 207940.0 199385.0 218708.0 317537.0 433957.0 204287.0 308258.0 205849.0 223825.0 215318.0 240161.0
201 263075.0 312160.0 244215.0 214948.0 214546.0 264228.0 217899.0 282086.0 206345.0 233065.0 220847.0 215453.0 210019.0 247515.0 205736.0 261556.0 195395.0 234892.0 203577.0 218191.0 223153.0 207116.0 199246.0 218781.0 312635.0 461284.0 203893.0 306612.0 205282.0 222680.0 214429.0 238750.0
204 265549.0 310522.0 243625.0 214430.0 212996.0 264257.0 217083.0 281351.0 206746.0 232178.0 219391.0 214843.0 208911.0 246110.0 204617.0 261272.0 195167.0 234909.0 202575.0 217914.0 221518.0 206265.0 199873.0 217180.0 316769.0 457420.0 203068.0 305855.0 204053.0 222722.0 213990.0 238918.0
207 265224.0 307890.0 241081.0 214201.0 213059.0 262307.0 215924.0 280303.0 206178.0 231466.0 218851.0 215192.0 209383.0 245182.0 205307.0 260902.0 193928.0 234933.0 202344.0 217754.0 222047.0 206168.0 198475.0 217002.0 313015.0 453921.0 202972.0 306231.0 204166.0 221406.0 213170.0 237734.0
210 261897.0 314775.0 242330.0 213811.0 213221.0 262882.0 214976.0 280413.0 206085.0 231566.0 218864.0 214293.0 208328.0 245410.0 204282.0 259659.0 194020.0 234600.0 202608.0 217232.0 220466.0 205598.0 197957.0 216410.0 313884.0 449463.0 201915.0 303663.0 204027.0 221581.0 212453.0 237763.0
213 261528.0 314289.0 242038.0 213236.0 212078.0 261570.0 215739.0 279746.0 205175.0 230001.0 217971.0 212750.0 208336.0 244099.0 203533.0 259509.0 193984.0 233206.0 200383.0 215277.0 219766.0 205682.0 198192.0 217019.0 314734.0 452044.0 200434.0 304674.0 203835.0 220382.0 211986.0 236311.0
216 260655.0 315860.0 239116.0 212036.0 211790.0 260546.0 215762.0 279525.0 203918.0 229990.0 218235.0 212649.0 207101.0 243972.0 203346.0 258094.0 193946.0 232146.0 199933.0 215646.0 219607.0 204913.0 197243.0 215307.0 310747.0 448524.0 200479.0 303417.0 202227.0 219926.0 210846.0 235368.0
219 261322.0 314331.0 237597.0 210820.0 211128.0 259233.0 212391.0 277683.0 202461.0 227599.0 216412.0 211747.0 205456.0 242504.0 201145.0 255680.0 192204.0 230303.0 199083.0 212779.0 218642.0 203543.0 195275.0 213827.0 302280.0 442451.0 198994.0 301927.0 201920.0 216771.0 207866.0 234118.0
222 258782.0 311258.0 236210.0 209493.0 209173.0 257238.0 211253.0 274249.0 200127.0 224985.0 215331.0 204837.0 202457.0 241377.0 197531.0 253503.0 191106.0 227375.0 195249.0 209370.0 215893.0 202406.0 189670.0 210706.0 298279.0 422599.0 190464.0 299138.0 198886.0 203572.0 201398.0 230712.0
225 255221.0 293903.0 233131.0 205246.0 207062.0 248691.0 206492.0 269358.0 188402.0 210183.0 213195.0 177355.0 188585.0 237946.0 176388.0 242962.0 190650.0 212412.0 177689.0 185515.0 206671.0 197960.0 163773.0 197644.0 267104.0 335389.0 157295.0 293298.0 190772.0 158176.0 168728.0 213659.0
228 243366.0 261663.0 221873.0 187750.0 199674.0 218006.0 182026.0 246030.0 145147.0 165046.0 206400.0 116981.0 147100.0 228014.0 124041.0 209686.0 186081.0 166932.0 131954.0 127399.0 174279.0 182143.0 109084.0 158007.0 196917.0 204923.0 94540.0 273748.0 163792.0 85423.0 105985.0 172243.0
231 209290.0 175617.0 182507.0 138632.0 172909.0 145169.0 129292.0 180776.0 76226.0 93845.0 179663.0 50403.0 80914.0 195704.0 57778.0 132585.0 170765.0 92331.0 71429.0 58008.0 110276.0 141029.0 49178.0 89264.0 100751.0 83367.0 37490.0 216912.0 109345.0 31075.0 44400.0 105273.0
234 157191.0 76708.0 110543.0 73633.0 119714.0 65961.0 63833.0 90212.0 27524.0 37354.0 121288.0 18384.0 31146.0 130975.0 21061.0 59408.0 132573.0 35393.0 28028.0 21464.0 47994.0 82376.0 18306.0 35461.0 40363.0 36660.0 15415.0 126755.0 50711.0 14148.0 17334.0 45935.0
237 87651.0 25455.0 41372.0 25907.0 52170.0 23345.0 22241.0 30282.0 12239.0 15666.0 50975.0 10981.0 13361.0 55625.0 11594.0 22650.0 69359.0 15235.0 12731.0 12008.0 17527.0 32051.0 10460.0 14548.0 19367.0 25935.0 10477.0 50638.0 18249.0 10379.0 10675.0 18216.0
240 38257.0 16708.0 17736.0 13057.0 20339.0 15404.0 12314.0 15817.0 9807.0 11886.0 19845.0 9369.0 10375.0 21644.0 9668.0 15105.0 25728.0 11679.0 10012.0 10203.0 12069.0 14877.0 8973.0 10976.0 15319.0 22778.0 8998.0 23924.0 11795.0 9355.0 9169.0 13063.0
243 19370.0 14529.0 13578.0 10618.0 12909.0 13324.0 10313.0 13003.0 8648.0 10453.0 13445.0 8456.0 9144.0 14365.0 8725.0 12934.0 13240.0 10252.0 9046.0 9071.0 10488.0 11188.0 8108.0 9745.0 14590.0 21106.0 8318.0 17571.0 9547.0 8625.0 8523.0 11377.0
246 14768.0 13005.0 11279.0 9435.0 10621.0 12012.0 9058.0 11028.0 7856.0 9620.0 11236.0 7769.0 8469.0 12619.0 8219.0 11784.0 10554.0 9385.0 8251.0 8538.0 9654.0 9487.0 7491.0 8729.0 13379.0 19458.0 7879.0 15071.0 8492.0 8056.0 7819.0 10423.0
249 12962.0 12056.0 10409.0 8738.0 9238.0 10983.0 8370.0 10083.0 7369.0 9156.0 9806.0 7378.0 7895.0 11245.0 7639.0 10898.0 9237.0 9076.0 7818.0 8013.0 8937.0 8755.0 7257.0 8536.0 12748.0 18375.0 7473.0 13592.0 7928.0 7825.0 7464.0 9998.0
252 11892.0 11239.0 9805.0 8063.0 8785.0 10514.0 7982.0 9264.0 7092.0 8552.0 9141.0 7120.0 7630.0 10519.0 7271.0 10583.0 8210.0 8478.0 7480.0 7961.0 8507.0 7987.0 6986.0 8087.0 11834.0 18520.0 7206.0 12568.0 7406.0 7653.0 7496.0 9535.0
255 10854.0 11128.0 9290.0 7914.0 8093.0 10343.0 7667.0 9186.0 6889.0 8526.0 8511.0 7135.0 7459.0 9843.0 7239.0 10132.0 7556.0 8348.0 7371.0 7672.0 8234.0 7596.0 7022.0 8038.0 11686.0 17359.0 7344.0 12042.0 7430.0 7593.0 7279.0 9408.0
258 10714.0 11006.0 9109.0 7636.0 7876.0 10217.0 7614.0 8897.0 6917.0 8295.0 8282.0 6977.0 7383.0 9728.0 7104.0 9905.0 7313.0 8277.0 7355.0 7573.0 8002.0 7563.0 6873.0 7830.0 11532.0 17490.0 7093.0 11738.0 7103.0 7579.0 7027.0 9240.0
261 10377.0 10908.0 8890.0 7913.0 7936.0 10002.0 7373.0 8743.0 6774.0 8189.0 8279.0 6774.0 7249.0 9692.0 7161.0 9928.0 7201.0 8270.0 7208.0 7573.0 8029.0 7626.0 6662.0 7811.0 11533.0 17252.0 7080.0 12189.0 7164.0 7350.0 7199.0 9230.0
264 10278.0 10869.0 8986.0 7565.0 7672.0 9955.0 7530.0 8695.0 6576.0 8112.0 8020.0 6907.0 7160.0 9550.0 6981.0 9594.0 7319.0 8054.0 7063.0 7371.0 7971.0 7257.0 6763.0 7832.0 11567.0 17047.0 6950.0 11995.0 7075.0 7335.0 6950.0 8912.0
267 10170.0 10630.0 8873.0 7327.0 7740.0 9878.0 7274.0 8435.0 6483.0 8006.0 8023.0 6669.0 7028.0 9611.0 6975.0 9758.0 7108.0 7918.0 6959.0 7349.0 7774.0 7250.0 6396.0 7449.0 11165.0 16441.0 7001.0 11626.0 7048.0 7283.0 6650.0 8754.0
270 10312.0 10271.0 8809.0 7307.0 7594.0 9698.0 7303.0 8455.0 6470.0 7885.0 7960.0 6574.0 6845.0 9220.0 6940.0 9398.0 7074.0 7913.0 6885.0 7175.0 7620.0 7177.0 6457.0 7466.0 10776.0 16077.0 6830.0 11667.0 6883.0 6928.0 6781.0 8698.0
273 9880.0 10367.0 8625.0 7244.0 7520.0 9467.0 7113.0 8082.0 6441.0 7663.0 7960.0 6407.0 6827.0 9216.0 6722.0 9377.0 6976.0 7657.0 6842.0 7133.0 7477.0 7119.0 6329.0 7273.0 10546.0 16174.0 6612.0 11073.0 6608.0 6637.0 6600.0 8516.0
276 9876.0 10017.0 8566.0 7178.0 7301.0 9295.0 6973.0 7932.0 6361.0 7654.0 7766.0 6305.0 6730.0 8999.0 6664.0 9121.0 6923.0 7571.0 6595.0 6937.0 7371.0 7144.0 6209.0 7053.0 10312.0 15697.0 6270.0 10813.0 6715.0 6624.0 6439.0 8260.0
279 9853.0 10024.0 8139.0 6975.0 7135.0 9149.0 6950.0 7891.0 6161.0 7409.0 7609.0 6020.0 6461.0 8847.0 6500.0 9066.0 6768.0 7451.0 6467.0 6836.0 7166.0 6913.0 5852.0 6918.0 10124.0 15120.0 6372.0 10609.0 6579.0 6299.0 6269.0 8341.0
282 9672.0 9543.0 8337.0 6841.0 7034.0 8909.0 6896.0 7582.0 6135.0 7335.0 7725.0 5779.0 6353.0 8682.0 6176.0 8754.0 6732.0 7233.0 6369.0 6590.0 7121.0 6777.0 5665.0 6819.0 9748.0 15195.0 5933.0 10574.0 6349.0 6245.0 6030.0 8190.0
285 9428.0 9248.0 7948.0 6617.0 6952.0 8677.0 6568.0 7659.0 5767.0 7062.0 7446.0 5765.0 6130.0 8568.0 5995.0 8281.0 6666.0 6983.0 6128.0 6380.0 6960.0 6466.0 5515.0 6614.0 9581.0 13961.0 5637.0 10387.0 6148.0 5671.0 5626.0 7826.0
288 9294.0 8705.0 7941.0 6427.0 6733.0 8351.0 6424.0 7248.0 5452.0 6614.0 7100.0 4920.0 5758.0 8226.0 5532.0 7983.0 6361.0 6645.0 5694.0 5582.0 6582.0 6416.0 4689.0 6195.0 8595.0 11705.0 4772.0 10049.0 6114.0 4494.0 4934.0 7278.0
291 9013.0 6551.0 7535.0 6212.0 6672.0 8039.0 5893.0 6977.0 4661.0 6004.0 7156.0 4109.0 5088.0 8050.0 4774.0 7843.0 6302.0 5877.0 4719.0 4752.0 6053.0 6113.0 3767.0 5749.0 7217.0 9147.0 3547.0 9553.0 5622.0 3303.0 3770.0 6556.0
294 8638.0 5757.0 7287.0 5706.0 6392.0 7109.0 4986.0 6363.0 3522.0 4726.0 6759.0 2552.0 3942.0 7772.0 3463.0 6436.0 6193.0 4755.0 3623.0 3233.0 5129.0 5656.0 2557.0 4608.0 5285.0 5457.0 2074.0 8861.0 4760.0 1646.0 2216.0 5226.0
297 8289.0 4630.0 6514.0 4689.0 6013.0 5779.0 4026.0 5262.0 2197.0 3364.0 6388.0 1446.0 2621.0 7193.0 2204.0 5260.0 5905.0 3448.0 2436.0 1931.0 3918.0 5003.0 1386.0 3387.0 3311.0 2986.0 1061.0 7744.0 3881.0 824.0 1237.0 3849.0
300 7494.0 2982.0 5371.0 3458.0 5319.0 3804.0 2761.0 3850.0 1115.0 1991.0 5561.0 715.0 1399.0 6103.0 1132.0 3418.0 5317.0 1792.0 1308.0 919.0 2450.0 3925.0 678.0 1905.0 1714.0 1694.0 602.0 6115.0 2678.0 525.0 612.0 2301.0
303 6415.0 1541.0 3777.0 2099.0 4189.0 2014.0 1517.0 2300.0 566.0 956.0 4219.0 440.0 725.0 4768.0 584.0 1982.0 4387.0 930.0 744.0 541.0 1312.0 2637.0 442.0 965.0 985.0 1247.0 429.0 4167.0 1439.0 405.0 419.0 1288.0
306 4980.0 750.0 2116.0 1041.0 2735.0 1034.0 817.0 1129.0 411.0 582.0 2755.0 363.0 488.0 2998.0 439.0 1044.0 3375.0 592.0 460.0 486.0 673.0 1527.0 387.0 575.0 729.0 1040.0 400.0 2367.0 726.0 446.0 362.0 727.0
309 3479.0 488.0 1056.0 563.0 1513.0 670.0 487.0 652.0 388.0 495.0 1333.0 358.0 412.0 1585.0 367.0 666.0 2083.0 468.0 413.0 417.0 553.0 892.0 338.0 491.0 681.0 1044.0 358.0 1322.0 474.0 424.0 375.0 552.0
312 2251.0 496.0 679.0 464.0 847.0 633.0 442.0 554.0 351.0 462.0 790.0 314.0 393.0 934.0 394.0 626.0 1197.0 467.0 382.0 355.0 481.0 596.0 354.0 438.0 587.0 1055.0 400.0 922.0 412.0 358.0 379.0 558.0
315 1305.0 434.0 569.0 435.0 586.0 595.0 388.0 502.0 333.0 450.0 537.0 322.0 380.0 688.0 374.0 583.0 648.0 391.0 384.0 390.0 436.0 434.0 358.0 459.0 599.0 1007.0 380.0 821.0 380.0 325.0 334.0 533.0
318 821.0 420.0 488.0 402.0 517.0 527.0 403.0 444.0 313.0 418.0 515.0 330.0 366.0 602.0 321.0 521.0 468.0 411.0 359.0 367.0 432.0 407.0 327.0 405.0 604.0 926.0 375.0 731.0 388.0 349.0 342.0 502.0
321 680.0 399.0 490.0 413.0 464.0 512.0 348.0 403.0 307.0 415.0 488.0 305.0 373.0 592.0 360.0 492.0 452.0 382.0 323.0 361.0 417.0 421.0 316.0 379.0 592.0 906.0 355.0 683.0 374.0 328.0 289.0 489.0
324 621.0 381.0 474.0 416.0 428.0 563.0 361.0 422.0 293.0 392.0 468.0 313.0 364.0 509.0 336.0 485.0 399.0 407.0 329.0 334.0 431.0 374.0 320.0 401.0 543.0 948.0 316.0 628.0 355.0 324.0 327.0 509.0
327 500.0 385.0 432.0 362.0 373.0 464.0 372.0 391.0 317.0 395.0 432.0 268.0 337.0 527.0 327.0 478.0 338.0 340.0 326.0 355.0 441.0 328.0 282.0 377.0 558.0 871.0 306.0 630.0 325.0 333.0 296.0 435.0
330 533.0 365.0 441.0 349.0 400.0 509.0 364.0 398.0 308.0 373.0 410.0 290.0 369.0 502.0 309.0 482.0 385.0 355.0 323.0 347.0 424.0 365.0 269.0 362.0 517.0 834.0 337.0 615.0 336.0 334.0 301.0 452.0
333 547.0 350.0 455.0 378.0 360.0 534.0 356.0 360.0 293.0 354.0 435.0 294.0 316.0 481.0 294.0 492.0 349.0 363.0 312.0 333.0 338.0 375.0 280.0 365.0 555.0 780.0 299.0 639.0 338.0 281.0 333.0 443.0
336 519.0 450.0 465.0 351.0 374.0 483.0 350.0 358.0 295.0 386.0 405.0 291.0 340.0 474.0 293.0 456.0 381.0 349.0 336.0 323.0 347.0 346.0 268.0 341.0 470.0 752.0 300.0 605.0 301.0 295.0 299.0 401.0
339 470.0 446.0 434.0 366.0 346.0 467.0 337.0 344.0 263.0 347.0 429.0 266.0 298.0 486.0 308.0 421.0 358.0 367.0 312.0 318.0 353.0 361.0 272.0 302.0 508.0 776.0 299.0 565.0 328.0 302.0 276.0 427.0
342 544.0 439.0 403.0 338.0 390.0 451.0 330.0 336.0 285.0 351.0 408.0 258.0 313.0 458.0 302.0 428.0 343.0 348.0 302.0 359.0 350.0 330.0 239.0 325.0 527.0 662.0 285.0 547.0 316.0 226.0 261.0 390.0
345 505.0 418.0 399.0 323.0 372.0 407.0 324.0 342.0 253.0 304.0 380.0 266.0 296.0 425.0 308.0 403.0 309.0 332.0 298.0 290.0 333.0 334.0 230.0 332.0 473.0 703.0 277.0 528.0 287.0 246.0 227.0 400.0
348 496.0 399.0 419.0 307.0 307.0 445.0 316.0 319.0 248.0 297.0 391.0 224.0 271.0 458.0 254.0 377.0 330.0 303.0 292.0 293.0 305.0 314.0 197.0 290.0 400.0 607.0 216.0 572.0 246.0 198.0 207.0 376.0
351 484.0 410.0 378.0 314.0 341.0 409.0 273.0 321.0 210.0 287.0 332.0 193.0 264.0 435.0 249.0 365.0 303.0 297.0 249.0 212.0 318.0 303.0 190.0 339.0 392.0 504.0 206.0 528.0 242.0 149.0 183.0 344.0
354 462.0 354.0 407.0 292.0 341.0 380.0 262.0 281.0 179.0 252.0 358.0 147.0 195.0 437.0 178.0 371.0 325.0 232.0 220.0 159.0 274.0 303.0 146.0 242.0 275.0 379.0 101.0 507.0 253.0 101.0 141.0 302.0
357 455.0 313.0 340.0 284.0 333.0 310.0 235.0 253.0 155.0 199.0 322.0 102.0 158.0 422.0 151.0 311.0 317.0 220.0 147.0 138.0 226.0 277.0 108.0 184.0 212.0 274.0 72.0 428.0 226.0 57.0 72.0 248.0
360 412.0 297.0 313.0 227.0 314.0 311.0 189.0 199.0 88.0 136.0 295.0 60.0 132.0 380.0 123.0 246.0 308.0 165.0 107.0 85.0 175.0 270.0 63.0 171.0 129.0 160.0 57.0 410.0 159.0 35.0 49.0 203.0
363 419.0 194.0 290.0 175.0 252.0 223.0 127.0 173.0 61.0 110.0 279.0 34.0 72.0 341.0 70.0 204.0 288.0 111.0 92.0 49.0 140.0 227.0 44.0 106.0 93.0 98.0 31.0 377.0 143.0 16.0 33.0 140.0
366 376.0 95.0 226.0 135.0 258.0 149.0 91.0 149.0 25.0 74.0 242.0 29.0 27.0 300.0 38.0 152.0 253.0 73.0 36.0 36.0 101.0 135.0 31.0 64.0 63.0 73.0 19.0 273.0 100.0 23.0 28.0 85.0
369 354.0 48.0 181.0 86.0 164.0 76.0 56.0 79.0 24.0 34.0 181.0 21.0 26.0 218.0 14.0 83.0 207.0 39.0 35.0 30.0 54.0 123.0 20.0 38.0 44.0 57.0 17.0 206.0 70.0 22.0 26.0 54.0
372 274.0 47.0 138.0 51.0 103.0 61.0 28.0 49.0 20.0 23.0 154.0 24.0 25.0 179.0 19.0 61.0 170.0 15.0 27.0 23.0 34.0 78.0 18.0 25.0 43.0 51.0 19.0 99.0 43.0 18.0 23.0 42.0
375 235.0 33.0 71.0 41.0 109.0 35.0 25.0 26.0 26.0 20.0 93.0 12.0 26.0 110.0 11.0 28.0 134.0 31.0 25.0 24.0 33.0 52.0 17.0 31.0 34.0 53.0 15.0 87.0 30.0 14.0 26.0 34.0
378 178.0 23.0 49.0 20.0 54.0 35.0 24.0 28.0 14.0 21.0 44.0 13.0 23.0 53.0 22.0 38.0 74.0 28.0 21.0 19.0 21.0 40.0 15.0 25.0 31.0 52.0 24.0 49.0 22.0 18.0 30.0 30.0
381 110.0 14.0 33.0 30.0 31.0 33.0 15.0 16.0 15.0 22.0 27.0 10.0 23.0 45.0 17.0 30.0 52.0 31.0 21.0 16.0 21.0 34.0 25.0 18.0 36.0 53.0 17.0 50.0 23.0 19.0 19.0 32.0
384 62.0 32.0 18.0 31.0 25.0 20.0 29.0 19.0 20.0 16.0 30.0 20.0 19.0 40.0 18.0 29.0 30.0 26.0 22.0 25.0 15.0 26.0 27.0 23.0 22.0 56.0 18.0 46.0 16.0 19.0 11.0 38.0
387 37.0 30.0 17.0 19.0 28.0 29.0 18.0 20.0 27.0 31.0 21.0 20.0 25.0 29.0 18.0 24.0 21.0 23.0 11.0 22.0 21.0 15.0 24.0 21.0 27.0 49.0 19.0 39.0 16.0 22.0 20.0 26.0
390 34.0 23.0 23.0 18.0 19.0 33.0 12.0 21.0 15.0 30.0 25.0 15.0 24.0 37.0 25.0 27.0 22.0 22.0 20.0 22.0 21.0 21.0 20.0 20.0 22.0 47.0 9.0 41.0 21.0 17.0 19.0 38.0
393 31.0 25.0 29.0 13.0 30.0 25.0 23.0 21.0 16.0 24.0 29.0 19.0 19.0 35.0 20.0 28.0 20.0 21.0 10.0 17.0 15.0 33.0 18.0 11.0 27.0 35.0 14.0 32.0 14.0 8.0 14.0 26.0
396 31.0 26.0 22.0 22.0 31.0 20.0 18.0 21.0 17.0 19.0 24.0 13.0 17.0 28.0 12.0 25.0 20.0 26.0 12.0 17.0 26.0 21.0 20.0 16.0 27.0 43.0 15.0 31.0 17.0 16.0 9.0 29.0
399 32.0 28.0 26.0 17.0 19.0 22.0 15.0 20.0 11.0 13.0 26.0 10.0 15.0 29.0 19.0 17.0 20.0 19.0 13.0 17.0 16.0 17.0 13.0 13.0 20.0 45.0 10.0 39.0 16.0 14.0 11.0 22.0
402 32.0 30.0 22.0 15.0 20.0 25.0 18.0 18.0 14.0 22.0 28.0 12.0 10.0 34.0 18.0 23.0 32.0 26.0 20.0 11.0 21.0 21.0 7.0 11.0 23.0 46.0 13.0 33.0 17.0 10.0 12.0 15.0
405 31.0 19.0 27.0 18.0 29.0 29.0 19.0 15.0 9.0 16.0 24.0 9.0 15.0 29.0 13.0 16.0 13.0 12.0 18.0 19.0 18.0 23.0 17.0 13.0 19.0 34.0 8.0 29.0 17.0 8.0 7.0 27.0
408 37.0 16.0 27.0 19.0 15.0 20.0 10.0 24.0 12.0 18.0 16.0 11.0 8.0 24.0 15.0 21.0 20.0 13.0 16.0 8.0 17.0 21.0 12.0 27.0 17.0 24.0 3.0 38.0 17.0 11.0 8.0 32.0
411 31.0 23.0 18.0 20.0 20.0 18.0 12.0 8.0 8.0 19.0 17.0 9.0 9.0 26.0 12.0 24.0 26.0 9.0 12.0 10.0 22.0 14.0 6.0 15.0 12.0 22.0 9.0 33.0 20.0 5.0 9.0 26.0
414 31.0 12.0 32.0 14.0 17.0 24.0 12.0 18.0 6.0 10.0 12.0 3.0 5.0 23.0 10.0 27.0 14.0 14.0 12.0 6.0 12.0 16.0 10.0 18.0 12.0 13.0 3.0 31.0 17.0 5.0 11.0 19.0
417 30.0 17.0 21.0 18.0 17.0 26.0 10.0 11.0 4.0 13.0 28.0 2.0 6.0 27.0 7.0 13.0 23.0 6.0 10.0 7.0 16.0 10.0 4.0 10.0 7.0 12.0 5.0 20.0 11.0 2.0 5.0 16.0
420 35.0 14.0 21.0 14.0 28.0 12.0 9.0 11.0 6.0 6.0 16.0 1.0 4.0 19.0 5.0 6.0 15.0 5.0 6.0 4.0 9.0 16.0 3.0 6.0 3.0 5.0 2.0 22.0 4.0 1.0 1.0 8.0
423 25.0 13.0 15.0 15.0 14.0 11.0 2.0 8.0 1.0 8.0 15.0 1.0 4.0 23.0 0.0 10.0 20.0 7.0 4.0 1.0 7.0 17.0 3.0 4.0 5.0 5.0 1.0 13.0 6.0 2.0 1.0 5.0
426 25.0 6.0 11.0 7.0 15.0 7.0 1.0 4.0 0.0 4.0 12.0 0.0 2.0 15.0 1.0 7.0 16.0 4.0 2.0 3.0 5.0 15.0 1.0 4.0 5.0 2.0 4.0 16.0 5.0 3.0 1.0 8.0
429 26.0 7.0 5.0 5.0 12.0 6.0 1.0 10.0 1.0 2.0 11.0 1.0 2.0 19.0 0.0 3.0 12.0 2.0 2.0 0.0 5.0 7.0 3.0 4.0 2.0 3.0 4.0 16.0 1.0 0.0 1.0 4.0
432 19.0 3.0 7.0 5.0 5.0 9.0 2.0 1.0 1.0 6.0 6.0 1.0 2.0 16.0 1.0 5.0 12.0 3.0 1.0 2.0 5.0 3.0 1.0 8.0 2.0 5.0 0.0 14.0 3.0 3.0 3.0 4.0
435 13.0 1.0 2.0 2.0 4.0 1.0 1.0 0.0 1.0 3.0 4.0 2.0 3.0 8.0 0.0 1.0 12.0 3.0 3.0 0.0 2.0 5.0 0.0 4.0 3.0 5.0 3.0 4.0 1.0 2.0 3.0 3.0
438 13.0 2.0 4.0 3.0 10.0 2.0 3.0 4.0 1.0 4.0 6.0 4.0 3.0 6.0 3.0 5.0 6.0 1.0 2.0 0.0 3.0 1.0 3.0 1.0 0.0 3.0 1.0 2.0 2.0 0.0 2.0 0.0
441 8.0 2.0 2.0 4.0 1.0 1.0 4.0 1.0 0.0 2.0 2.0 2.0 0.0 2.0 0.0 2.0 5.0 5.0 1.0 0.0 0.0 1.0 1.0 0.0 2.0 5.0 0.0 2.0 0.0 1.0 1.0 3.0
444 3.0 1.0 1.0 3.0 5.0 2.0 1.0 1.0 1.0 3.0 3.0 0.0 1.0 3.0 2.0 2.0 3.0 2.0 2.0 1.0 1.0 4.0 1.0 1.0 1.0 2.0 1.0 1.0 0.0 0.0 2.0 2.0
447 7.0 3.0 4.0 1.0 2.0 3.0 1.0 0.0 0.0 1.0 2.0 1.0 4.0 3.0 2.0 3.0 4.0 2.0 1.0 1.0 1.0 3.0 1.0 0.0 3.0 1.0 3.0 5.0 1.0 0.0 1.0 0.0
