150 337783.0 369344.0 347312.0 343897.0 334517.0 337887.0 350991.0 426070.0 320863.0 361283.0 330612.0 323789.0 330197.0 326976.0 549760.0 306202.0 367816.0 309880.0 363839.0 375767.0 333429.0 337407.0 320277.0 344361.0 359715.0 375247.0 357077.0 336101.0 334893.0 323517.0 402250.0 334274.0
153 18491324.0 18500569.0 18492812.0 18473147.0 18496956.0 18473267.0 18488282.0 18449612.0 18489051.0 18471028.0 18490055.0 18478216.0 18486864.0 18497230.0 18451267.0 18479986.0 18483478.0 18486695.0 18488711.0 18481452.0 18474889.0 18488115.0 18472676.0 18486172.0 18469761.0 18482179.0 18469494.0 18486206.0 18472277.0 18492007.0 18483639.0 18494075.0
156 18867280.0 18868103.0 18860417.0 18838284.0 18865001.0 18837567.0 18856187.0 18815200.0 18857509.0 18836175.0 18857478.0 18843485.0 18854580.0 18865347.0 18822366.0 18845751.0 18851344.0 18855433.0 18855879.0 18848649.0 18840388.0 18855543.0 18838262.0 18853991.0 18834817.0 18849748.0 18833606.0 18854613.0 18837214.0 18859260.0 18852225.0 18861183.0
159 19071464.0 19069193.0 19062979.0 19044737.0 19067149.0 19043553.0 19060080.0 19023002.0 19060929.0 19042002.0 19060702.0 19050236.0 19058595.0 19069906.0 19032442.0 19052906.0 19055762.0 19059358.0 19059595.0 19053474.0 19046873.0 19059034.0 19044099.0 19058896.0 19041604.0 19054096.0 19040406.0 19060446.0 19043870.0 19063718.0 19060539.0 19066350.0
162 19376825.0 19372805.0 19371139.0 19356923.0 19373695.0 19355513.0 19370562.0 19335287.0 19370401.0 19354348.0 19370613.0 19362597.0 19367842.0 19380592.0 19348832.0 19366385.0 19367094.0 19368842.0 19371842.0 19365568.0 19359814.0 19370227.0 19357419.0 19371002.0 19354342.0 19366637.0 19352974.0 19373815.0 19357575.0 19376819.0 19374107.0 19379202.0
165 19542412.0 19537768.0 19535207.0 19519536.0 19537563.0 19517932.0 19534387.0 19497441.0 19534333.0 19517364.0 19534636.0 19525996.0 19532178.0 19545001.0 19516999.0 19530053.0 19531558.0 19534408.0 19535801.0 19530148.0 19523260.0 19534483.0 19519934.0 19535771.0 19516891.0 19531603.0 19515355.0 19538746.0 19520048.0 19541813.0 19539972.0 19544400.0
168 19504145.0 19501828.0 19500765.0 19488869.0 19504012.0 19487301.0 19500792.0 19465165.0 19502025.0 19486269.0 19501790.0 19493617.0 19500093.0 19511726.0 19480063.0 19496238.0 19498415.0 19503486.0 19502122.0 19496542.0 19489597.0 19502427.0 19487060.0 19503565.0 19483693.0 19498694.0 19483316.0 19505569.0 19486651.0 19508063.0 19504385.0 19508777.0
171 19805287.0 19801306.0 19800833.0 19786363.0 19801375.0 19785031.0 19800952.0 19766860.0 19799461.0 19785493.0 19800062.0 19793065.0 19796752.0 19812416.0 19799841.0 19797559.0 19799700.0 19799568.0 19803291.0 19798370.0 19789035.0 19799819.0 19784324.0 19802348.0 19781767.0 19798388.0 19780683.0 19808568.0 19784304.0 19809339.0 19811452.0 19812428.0
174 19713564.0 19732141.0 19717509.0 19670797.0 19715903.0 19661730.0 19711613.0 19643635.0 19706156.0 19665194.0 19705534.0 19679210.0 19698600.0 19705888.0 19702476.0 19685223.0 19700214.0 19700601.0 19698364.0 19695172.0 19672415.0 19692937.0 19664285.0 19689948.0 19661396.0 19690006.0 19654962.0 19692793.0 19661809.0 19691921.0 19694347.0 19696778.0
177 19316207.0 19449267.0 19361381.0 19178488.0 19344016.0 19134005.0 19332764.0 19085400.0 19326923.0 19110483.0 19324786.0 19187696.0 19313989.0 19309254.0 19281995.0 19225346.0 19295955.0 19346217.0 19275149.0 19277708.0 19190358.0 19293881.0 19191961.0 19268450.0 19128411.0 19298786.0 19093644.0 19314244.0 19148095.0 19306414.0 19318128.0 19341728.0
180 8825413.0 9003141.0 8455661.0 7887987.0 8325578.0 7730909.0 8302281.0 7893148.0 8377850.0 7602869.0 8350084.0 7985127.0 8355196.0 7992413.0 8052092.0 8239200.0 8017421.0 8764569.0 7699812.0 7856269.0 8123446.0 7982689.0 8374462.0 7658177.0 7769273.0 8084360.0 7537326.0 8220851.0 7796787.0 8001620.0 8187202.0 8453292.0
183 3956728.0 3731346.0 3567259.0 3581202.0 3513987.0 3469193.0 3554237.0 3622188.0 3627943.0 3362190.0 3622699.0 3626702.0 3648150.0 3419133.0 3567097.0 3806585.0 3454725.0 3888981.0 3242876.0 3352185.0 3751150.0 3408032.0 3929781.0 3209753.0 3518492.0 3455970.0 3368219.0 3518821.0 3537139.0 3359115.0 3470308.0 3548709.0
186 229343.0 349124.0 286592.0 270408.0 249209.0 242642.0 291077.0 327127.0 297025.0 237809.0 279613.0 250300.0 284920.0 219167.0 407145.0 267017.0 269811.0 335516.0 228927.0 254812.0 286002.0 230660.0 287074.0 206965.0 262699.0 276314.0 237662.0 261521.0 242124.0 215199.0 298997.0 253209.0
189 167719.0 200436.0 180636.0 183002.0 160082.0 172814.0 184793.0 250434.0 168111.0 184972.0 168061.0 166113.0 170924.0 151893.0 351013.0 167578.0 192920.0 171783.0 180084.0 198763.0 178502.0 163725.0 173860.0 168938.0 192930.0 199766.0 187270.0 181055.0 176581.0 154601.0 225680.0 175607.0
192 165073.0 185784.0 172949.0 173703.0 156288.0 165616.0 171622.0 241934.0 153565.0 179010.0 158461.0 157702.0 162032.0 148683.0 359274.0 156610.0 189244.0 150050.0 177397.0 194909.0 165682.0 160148.0 159443.0 166982.0 185860.0 194072.0 181773.0 175245.0 168409.0 151074.0 215490.0 168741.0
195 164366.0 186231.0 172177.0 173612.0 155825.0 165180.0 171208.0 241268.0 153352.0 178987.0 158232.0 157318.0 161686.0 149083.0 343954.0 155935.0 186961.0 150696.0 176938.0 195754.0 164804.0 160167.0 159840.0 167066.0 184816.0 194095.0 182446.0 174160.0 168367.0 151002.0 216951.0 169574.0
198 165052.0 185700.0 173016.0 173153.0 156035.0 165167.0 171872.0 242550.0 153598.0 178563.0 158634.0 157905.0 162282.0 148740.0 343547.0 156582.0 187404.0 152059.0 176669.0 194233.0 165720.0 159520.0 159582.0 167237.0 185446.0 194591.0 182193.0 174279.0 168481.0 150535.0 221321.0 170344.0
201 164922.0 185415.0 172746.0 173035.0 156829.0 165134.0 171236.0 241956.0 153311.0 177664.0 158206.0 157329.0 162194.0 148481.0 361249.0 155882.0 187116.0 150464.0 176930.0 191221.0 165337.0 159031.0 159527.0 165756.0 184078.0 193282.0 181196.0 173932.0 168422.0 149901.0 217692.0 168916.0
204 164841.0 186251.0 173033.0 173000.0 155173.0 166369.0 170469.0 242133.0 153532.0 178470.0 157594.0 157651.0 161927.0 148639.0 347290.0 156952.0 186145.0 150182.0 176688.0 193658.0 166388.0 159822.0 159269.0 166843.0 184561.0 194034.0 181557.0 174956.0 169254.0 150726.0 231890.0 169641.0
207 163294.0 185245.0 172323.0 172621.0 156181.0 164450.0 170092.0 241027.0 152487.0 180827.0 157080.0 156523.0 161504.0 147909.0 352791.0 154807.0 185961.0 149845.0 176298.0 191062.0 164908.0 158059.0 158805.0 166452.0 183078.0 192716.0 181149.0 174261.0 168479.0 149258.0 224550.0 168390.0
210 162924.0 184213.0 170919.0 171780.0 154430.0 163886.0 169149.0 238718.0 151989.0 177447.0 156255.0 155838.0 160209.0 147252.0 340986.0 155396.0 184445.0 149329.0 175267.0 193079.0 164817.0 158259.0 157606.0 164701.0 182818.0 192980.0 180196.0 172388.0 167208.0 149990.0 230568.0 168168.0
213 163381.0 183419.0 171743.0 170758.0 153560.0 164631.0 168721.0 238373.0 151300.0 175672.0 156303.0 156013.0 160022.0 146315.0 337016.0 154064.0 185397.0 149196.0 174874.0 192742.0 163511.0 157307.0 157629.0 165115.0 182498.0 192339.0 180222.0 171946.0 167314.0 149226.0 226662.0 167906.0
216 161913.0 183597.0 170480.0 171521.0 153988.0 163069.0 169127.0 239305.0 151900.0 176778.0 155956.0 155287.0 159652.0 145054.0 347044.0 153416.0 184141.0 148761.0 173321.0 191471.0 163063.0 157048.0 157163.0 163272.0 182308.0 191112.0 179286.0 171633.0 166391.0 147360.0 221106.0 167058.0
219 161416.0 183565.0 170227.0 169636.0 152955.0 162865.0 171582.0 238791.0 149941.0 178110.0 156109.0 154311.0 158876.0 144620.0 347257.0 151506.0 183204.0 147340.0 173451.0 191111.0 162567.0 155828.0 156030.0 163325.0 181355.0 189780.0 178244.0 169301.0 165137.0 147487.0 217197.0 165681.0
222 160799.0 181965.0 169307.0 169438.0 152938.0 161699.0 171419.0 237344.0 149940.0 177962.0 153562.0 153336.0 158566.0 140240.0 339199.0 147244.0 183127.0 147315.0 171887.0 191533.0 161195.0 156436.0 156258.0 161902.0 179988.0 189028.0 177916.0 164354.0 164129.0 142928.0 209948.0 159747.0
225 159117.0 181966.0 168465.0 168672.0 151583.0 161337.0 170386.0 235771.0 149030.0 172307.0 153777.0 149787.0 157359.0 126931.0 324389.0 128934.0 181300.0 146019.0 170436.0 187904.0 158343.0 155130.0 154004.0 157192.0 179308.0 186883.0 177124.0 147557.0 161881.0 131452.0 190201.0 144177.0
228 149801.0 180332.0 167171.0 165599.0 150792.0 159419.0 167374.0 234691.0 148061.0 164457.0 152084.0 132976.0 155849.0 88679.0 263386.0 88307.0 177348.0 142701.0 160763.0 181147.0 148540.0 151342.0 150179.0 139646.0 174853.0 181321.0 170052.0 104387.0 150256.0 97331.0 122045.0 101387.0
231 118698.0 177313.0 159836.0 152439.0 144692.0 152305.0 157992.0 229625.0 143322.0 137851.0 145436.0 90211.0 149817.0 39849.0 153836.0 38034.0 157748.0 126108.0 131791.0 157277.0 114303.0 137334.0 131179.0 96989.0 160135.0 158264.0 146713.0 47449.0 118667.0 48065.0 46848.0 46070.0
234 67373.0 165628.0 132944.0 119211.0 124521.0 129860.0 129149.0 213613.0 125788.0 87407.0 121541.0 41415.0 127845.0 13438.0 52488.0 13704.0 112850.0 87620.0 82384.0 109340.0 62281.0 102667.0 89333.0 48076.0 121483.0 109403.0 101757.0 16394.0 71260.0 17173.0 16743.0 16299.0
237 27368.0 129330.0 83862.0 70760.0 83786.0 88180.0 79148.0 166593.0 88633.0 38921.0 77301.0 14905.0 87388.0 7249.0 20625.0 7468.0 58131.0 43729.0 37352.0 56892.0 24453.0 55716.0 42537.0 18965.0 68511.0 56076.0 52519.0 8875.0 33216.0 8116.0 9962.0 8701.0
240 11233.0 66660.0 32596.0 27150.0 34848.0 39810.0 30420.0 86786.0 42216.0 14213.0 30764.0 7770.0 39217.0 5980.0 14958.0 6136.0 19990.0 14846.0 13809.0 20496.0 10185.0 19846.0 14839.0 9458.0 25555.0 20259.0 18893.0 7036.0 13397.0 6278.0 8537.0 7206.0
243 8207.0 22644.0 12517.0 11275.0 12904.0 15059.0 11926.0 30830.0 15233.0 9256.0 11836.0 6459.0 14349.0 5048.0 13856.0 5559.0 10727.0 8121.0 9421.0 11116.0 7694.0 9783.0 8706.0 7545.0 11913.0 11099.0 10089.0 6372.0 8605.0 5485.0 7793.0 6350.0
246 7083.0 11370.0 8897.0 8427.0 8393.0 9347.0 8814.0 16043.0 8535.0 8031.0 8434.0 5736.0 9091.0 4848.0 12119.0 5082.0 8985.0 6558.0 7898.0 9264.0 6719.0 7809.0 7152.0 6779.0 9190.0 9017.0 8104.0 5844.0 7312.0 4996.0 7066.0 5936.0
249 6363.0 9135.0 7611.0 7396.0 7326.0 7819.0 7328.0 13153.0 7422.0 7233.0 7176.0 5373.0 7684.0 4607.0 11545.0 4860.0 7917.0 6011.0 7301.0 8182.0 6203.0 7188.0 6427.0 6326.0 8003.0 8040.0 7258.0 5500.0 6909.0 4713.0 7022.0 5789.0
252 6017.0 8062.0 6885.0 6700.0 6526.0 7112.0 6817.0 11405.0 6465.0 6757.0 6536.0 5046.0 6925.0 4478.0 11286.0 4781.0 7352.0 5523.0 6937.0 7529.0 5738.0 6624.0 6048.0 6068.0 7339.0 7588.0 6718.0 5444.0 6338.0 4558.0 6966.0 5505.0
255 5870.0 7300.0 6350.0 6502.0 5847.0 6457.0 6346.0 10556.0 5859.0 6399.0 6020.0 5046.0 6356.0 4413.0 11035.0 4664.0 7100.0 5211.0 6735.0 7400.0 5455.0 6185.0 5852.0 5888.0 7008.0 7003.0 6336.0 5387.0 6105.0 4488.0 6958.0 5452.0
258 5810.0 7006.0 6190.0 6091.0 5815.0 6247.0 6288.0 9996.0 5642.0 6366.0 5772.0 4908.0 6010.0 4335.0 10741.0 4544.0 6854.0 5145.0 6732.0 6807.0 5408.0 6072.0 5696.0 5752.0 6605.0 7021.0 6269.0 5205.0 5984.0 4608.0 6633.0 5470.0
261 5538.0 6624.0 5957.0 5947.0 5633.0 5950.0 6201.0 9812.0 5575.0 6469.0 5702.0 4725.0 6022.0 4260.0 10680.0 4556.0 6721.0 5230.0 6554.0 6740.0 5472.0 5902.0 5419.0 5694.0 6578.0 7011.0 6175.0 5133.0 5926.0 4501.0 6562.0 5356.0
264 5691.0 6456.0 5963.0 5923.0 5554.0 5887.0 5828.0 9573.0 5556.0 6290.0 5671.0 4872.0 5965.0 4249.0 10447.0 4475.0 6599.0 5128.0 6546.0 6851.0 5265.0 5890.0 5612.0 5442.0 6589.0 6949.0 5983.0 5116.0 5917.0 4409.0 6451.0 5398.0
267 5511.0 6424.0 5862.0 5833.0 5585.0 5828.0 5843.0 9562.0 5435.0 6046.0 5550.0 4815.0 5814.0 4209.0 10192.0 4417.0 6542.0 5006.0 6329.0 6643.0 5360.0 5724.0 5438.0 5591.0 6375.0 6826.0 5956.0 5016.0 5800.0 4344.0 6492.0 5292.0
270 5559.0 6391.0 5620.0 5865.0 5427.0 5761.0 5871.0 9401.0 5366.0 6152.0 5568.0 4622.0 5858.0 4091.0 9858.0 4358.0 6402.0 4900.0 6461.0 6538.0 5114.0 5848.0 5366.0 5622.0 6525.0 6626.0 5944.0 4886.0 5745.0 4303.0 6147.0 5135.0
273 5391.0 6264.0 5745.0 5780.0 5454.0 5763.0 5871.0 9250.0 5365.0 6055.0 5486.0 4588.0 5691.0 4020.0 9592.0 4173.0 6319.0 4822.0 6301.0 6432.0 5098.0 5759.0 5275.0 5492.0 6273.0 6540.0 5875.0 4781.0 5612.0 4242.0 5856.0 5062.0
276 5376.0 6139.0 5832.0 5717.0 5341.0 5622.0 5785.0 9083.0 5244.0 5854.0 5360.0 4496.0 5571.0 4080.0 9290.0 4116.0 6200.0 4584.0 6042.0 6472.0 5215.0 5450.0 5276.0 5404.0 6163.0 6457.0 5701.0 4724.0 5551.0 4016.0 5611.0 4978.0
279 5175.0 6058.0 5374.0 5574.0 5191.0 5752.0 5619.0 9051.0 5266.0 5639.0 5329.0 4299.0 5658.0 3916.0 9397.0 3984.0 6200.0 4635.0 5915.0 6248.0 5008.0 5350.0 5088.0 5212.0 6145.0 6277.0 5669.0 4638.0 5498.0 4027.0 5642.0 4610.0
282 5117.0 5994.0 5356.0 5420.0 5060.0 5428.0 5508.0 8699.0 4990.0 5703.0 5156.0 4290.0 5526.0 3683.0 9307.0 3790.0 5935.0 4586.0 5949.0 6213.0 4637.0 5340.0 5121.0 5072.0 6212.0 6130.0 5486.0 4348.0 5305.0 3790.0 5125.0 4452.0
285 5003.0 6005.0 5460.0 5512.0 5128.0 5409.0 5484.0 8892.0 5083.0 5540.0 5181.0 4299.0 5365.0 3295.0 8937.0 3399.0 5841.0 4520.0 5665.0 6101.0 4615.0 5246.0 5114.0 4856.0 6143.0 6127.0 5303.0 4018.0 5255.0 3609.0 4494.0 4146.0
288 4825.0 5844.0 5319.0 5335.0 4883.0 5309.0 5396.0 8669.0 4967.0 5199.0 5080.0 4053.0 5272.0 2956.0 8073.0 2773.0 5835.0 4427.0 5733.0 6213.0 4417.0 5119.0 4766.0 4760.0 5802.0 5916.0 5286.0 3355.0 5008.0 3114.0 3721.0 3537.0
291 4676.0 5659.0 5213.0 5056.0 4892.0 5195.0 5139.0 8486.0 4902.0 5203.0 4850.0 3571.0 4989.0 2131.0 6706.0 1907.0 5744.0 4196.0 5673.0 6021.0 4167.0 5126.0 4642.0 4253.0 5605.0 5811.0 5073.0 2454.0 4611.0 2508.0 2459.0 2503.0
294 4229.0 5577.0 4998.0 4991.0 4766.0 4970.0 5041.0 8169.0 4682.0 4913.0 4801.0 2899.0 5053.0 1309.0 5035.0 1026.0 5482.0 4003.0 5128.0 5425.0 3835.0 5002.0 4343.0 3483.0 5489.0 5511.0 4725.0 1500.0 4225.0 1608.0 1263.0 1400.0
297 3395.0 5572.0 4793.0 4693.0 4665.0 4787.0 4760.0 7868.0 4500.0 4282.0 4736.0 2000.0 4942.0 750.0 3237.0 573.0 4805.0 3569.0 4445.0 4866.0 3135.0 4633.0 3926.0 2844.0 5157.0 4916.0 4502.0 768.0 3391.0 925.0 675.0 743.0
300 2535.0 5186.0 4472.0 4218.0 4401.0 4538.0 4341.0 7897.0 4244.0 3373.0 4271.0 1192.0 4561.0 333.0 1510.0 338.0 4209.0 2867.0 3538.0 4136.0 2152.0 4084.0 3121.0 1868.0 4495.0 4252.0 3653.0 423.0 2477.0 467.0 392.0 379.0
303 1365.0 4888.0 3842.0 3195.0 3744.0 4125.0 3754.0 7246.0 3713.0 2364.0 3664.0 512.0 3935.0 254.0 739.0 212.0 3052.0 1895.0 2450.0 3027.0 1162.0 2959.0 2044.0 965.0 3407.0 3048.0 2664.0 303.0 1546.0 263.0 311.0 310.0
306 715.0 4153.0 2774.0 2261.0 2919.0 3234.0 2601.0 6310.0 2926.0 1187.0 2634.0 326.0 3087.0 210.0 562.0 206.0 1918.0 1039.0 1417.0 1898.0 558.0 2074.0 1094.0 549.0 2272.0 1907.0 1609.0 283.0 829.0 232.0 319.0 306.0
309 427.0 3251.0 1726.0 1357.0 1906.0 2310.0 1575.0 5009.0 2129.0 646.0 1675.0 263.0 2045.0 189.0 525.0 203.0 1065.0 593.0 746.0 1062.0 330.0 1136.0 584.0 382.0 1367.0 1002.0 952.0 255.0 508.0 199.0 301.0 252.0
312 314.0 2024.0 890.0 743.0 1090.0 1339.0 834.0 3362.0 1274.0 446.0 884.0 233.0 1254.0 198.0 479.0 214.0 605.0 350.0 512.0 590.0 336.0 623.0 393.0 342.0 711.0 598.0 528.0 212.0 401.0 208.0 244.0 257.0
315 340.0 1071.0 476.0 408.0 552.0 762.0 484.0 1772.0 610.0 376.0 490.0 240.0 615.0 188.0 477.0 191.0 422.0 295.0 350.0 496.0 281.0 402.0 306.0 289.0 447.0 440.0 392.0 242.0 340.0 204.0 277.0 231.0
318 299.0 570.0 319.0 346.0 384.0 467.0 387.0 952.0 382.0 320.0 358.0 237.0 424.0 159.0 425.0 191.0 400.0 252.0 394.0 407.0 267.0 382.0 315.0 278.0 446.0 369.0 336.0 241.0 308.0 191.0 262.0 253.0
321 248.0 398.0 299.0 278.0 313.0 349.0 353.0 667.0 305.0 314.0 322.0 193.0 333.0 168.0 458.0 189.0 338.0 252.0 400.0 364.0 249.0 339.0 290.0 261.0 350.0 370.0 311.0 240.0 264.0 176.0 251.0 222.0
324 292.0 361.0 290.0 311.0 297.0 358.0 298.0 538.0 293.0 314.0 306.0 201.0 350.0 176.0 421.0 166.0 368.0 246.0 351.0 381.0 261.0 338.0 286.0 277.0 360.0 350.0 307.0 209.0 284.0 193.0 267.0 232.0
327 259.0 361.0 282.0 284.0 264.0 316.0 296.0 584.0 272.0 317.0 263.0 198.0 294.0 157.0 403.0 178.0 322.0 237.0 365.0 329.0 210.0 318.0 278.0 257.0 334.0 363.0 297.0 198.0 270.0 190.0 265.0 240.0
330 276.0 327.0 257.0 304.0 292.0 296.0 289.0 549.0 293.0 340.0 280.0 194.0 291.0 175.0 396.0 168.0 337.0 244.0 349.0 396.0 236.0 296.0 280.0 253.0 330.0 362.0 278.0 204.0 299.0 206.0 227.0 242.0
333 265.0 307.0 274.0 298.0 279.0 287.0 317.0 552.0 286.0 309.0 276.0 212.0 283.0 127.0 366.0 184.0 352.0 209.0 316.0 331.0 218.0 338.0 288.0 259.0 335.0 345.0 293.0 192.0 288.0 175.0 252.0 217.0
336 252.0 322.0 263.0 266.0 284.0 279.0 275.0 461.0 294.0 270.0 269.0 192.0 275.0 155.0 339.0 165.0 298.0 224.0 291.0 320.0 209.0 306.0 233.0 241.0 355.0 314.0 269.0 188.0 260.0 169.0 225.0 195.0
339 267.0 330.0 260.0 272.0 266.0 286.0 275.0 490.0 269.0 266.0 261.0 169.0 278.0 134.0 378.0 139.0 293.0 219.0 320.0 334.0 210.0 299.0 238.0 235.0 328.0 291.0 277.0 178.0 259.0 174.0 214.0 223.0
342 224.0 307.0 266.0 271.0 263.0 292.0 279.0 475.0 261.0 272.0 290.0 153.0 271.0 139.0 354.0 125.0 287.0 220.0 292.0 319.0 214.0 277.0 238.0 235.0 291.0 294.0 259.0 166.0 243.0 166.0 196.0 174.0
345 206.0 313.0 226.0 257.0 249.0 295.0 281.0 481.0 271.0 281.0 272.0 174.0 291.0 134.0 331.0 129.0 253.0 212.0 300.0 361.0 197.0 274.0 214.0 225.0 313.0 294.0 268.0 156.0 265.0 125.0 168.0 149.0
348 235.0 286.0 259.0 248.0 253.0 260.0 274.0 427.0 262.0 236.0 263.0 162.0 266.0 101.0 305.0 90.0 250.0 181.0 296.0 308.0 217.0 233.0 224.0 246.0 292.0 308.0 259.0 131.0 251.0 108.0 109.0 112.0
351 228.0 263.0 227.0 244.0 240.0 260.0 271.0 452.0 225.0 242.0 266.0 142.0 247.0 91.0 236.0 70.0 290.0 206.0 298.0 283.0 196.0 280.0 224.0 212.0 282.0 267.0 250.0 88.0 249.0 108.0 89.0 82.0
354 220.0 251.0 259.0 205.0 235.0 244.0 260.0 437.0 226.0 224.0 252.0 116.0 274.0 50.0 196.0 41.0 250.0 178.0 275.0 281.0 155.0 260.0 201.0 184.0 262.0 304.0 244.0 63.0 197.0 78.0 49.0 70.0
357 171.0 271.0 219.0 200.0 217.0 252.0 274.0 435.0 199.0 217.0 224.0 110.0 244.0 28.0 142.0 31.0 264.0 187.0 216.0 245.0 123.0 251.0 221.0 170.0 270.0 286.0 226.0 34.0 170.0 40.0 39.0 44.0
360 145.0 248.0 197.0 213.0 212.0 227.0 239.0 383.0 191.0 178.0 195.0 58.0 231.0 20.0 101.0 19.0 234.0 172.0 223.0 241.0 126.0 218.0 194.0 107.0 262.0 209.0 191.0 16.0 134.0 29.0 12.0 25.0
363 104.0 212.0 209.0 202.0 214.0 208.0 215.0 425.0 205.0 129.0 228.0 32.0 238.0 16.0 44.0 12.0 190.0 123.0 166.0 207.0 86.0 221.0 110.0 94.0 244.0 190.0 162.0 16.0 132.0 15.0 10.0 13.0
366 76.0 221.0 195.0 153.0 165.0 225.0 182.0 404.0 198.0 110.0 165.0 22.0 193.0 11.0 29.0 13.0 159.0 104.0 139.0 158.0 60.0 152.0 105.0 46.0 199.0 173.0 139.0 12.0 65.0 8.0 23.0 21.0
369 37.0 252.0 136.0 133.0 179.0 180.0 151.0 374.0 152.0 90.0 158.0 11.0 187.0 6.0 28.0 15.0 106.0 69.0 94.0 111.0 38.0 127.0 59.0 32.0 133.0 139.0 103.0 16.0 48.0 14.0 11.0 14.0
372 19.0 149.0 109.0 108.0 142.0 182.0 113.0 311.0 144.0 45.0 121.0 11.0 144.0 13.0 30.0 7.0 95.0 36.0 59.0 67.0 23.0 100.0 31.0 21.0 111.0 90.0 56.0 8.0 38.0 7.0 15.0 4.0
375 28.0 128.0 90.0 63.0 105.0 117.0 73.0 242.0 105.0 31.0 88.0 7.0 98.0 5.0 20.0 12.0 48.0 30.0 31.0 55.0 23.0 53.0 30.0 15.0 71.0 54.0 40.0 17.0 28.0 5.0 6.0 15.0
378 17.0 91.0 61.0 29.0 62.0 76.0 34.0 180.0 78.0 22.0 41.0 9.0 66.0 8.0 21.0 10.0 27.0 11.0 31.0 27.0 6.0 32.0 17.0 17.0 40.0 43.0 28.0 12.0 24.0 10.0 8.0 11.0
381 14.0 71.0 30.0 22.0 36.0 55.0 27.0 128.0 53.0 16.0 24.0 13.0 35.0 11.0 12.0 5.0 22.0 16.0 18.0 29.0 16.0 31.0 16.0 18.0 27.0 24.0 23.0 8.0 11.0 5.0 13.0 16.0
384 22.0 44.0 31.0 14.0 24.0 21.0 21.0 86.0 18.0 21.0 27.0 8.0 43.0 13.0 13.0 9.0 25.0 24.0 26.0 27.0 16.0 33.0 24.0 12.0 33.0 35.0 26.0 5.0 16.0 4.0 13.0 12.0
387 20.0 32.0 22.0 18.0 22.0 25.0 21.0 50.0 21.0 22.0 22.0 12.0 21.0 8.0 23.0 5.0 17.0 21.0 27.0 29.0 19.0 20.0 13.0 14.0 22.0 23.0 23.0 10.0 17.0 6.0 13.0 11.0
390 19.0 25.0 21.0 26.0 13.0 29.0 18.0 43.0 11.0 18.0 16.0 14.0 19.0 11.0 22.0 7.0 23.0 17.0 16.0 31.0 14.0 19.0 16.0 19.0 21.0 17.0 9.0 9.0 20.0 5.0 6.0 13.0
393 11.0 12.0 18.0 18.0 19.0 14.0 18.0 30.0 14.0 25.0 18.0 12.0 12.0 8.0 16.0 9.0 18.0 10.0 24.0 18.0 6.0 17.0 19.0 14.0 25.0 25.0 18.0 10.0 23.0 13.0 10.0 17.0
396 17.0 27.0 15.0 14.0 16.0 25.0 20.0 37.0 24.0 16.0 20.0 7.0 25.0 13.0 19.0 11.0 23.0 14.0 24.0 30.0 10.0 16.0 8.0 15.0 26.0 18.0 12.0 14.0 10.0 7.0 8.0 8.0
399 12.0 17.0 19.0 30.0 14.0 17.0 22.0 39.0 12.0 24.0 14.0 5.0 14.0 5.0 14.0 9.0 9.0 10.0 14.0 19.0 12.0 24.0 16.0 12.0 18.0 18.0 15.0 7.0 18.0 5.0 4.0 8.0
402 16.0 19.0 12.0 14.0 11.0 18.0 19.0 35.0 17.0 20.0 18.0 7.0 18.0 6.0 15.0 6.0 14.0 15.0 19.0 27.0 8.0 16.0 9.0 18.0 19.0 11.0 23.0 6.0 17.0 7.0 3.0 9.0
405 18.0 16.0 24.0 11.0 16.0 14.0 15.0 35.0 12.0 9.0 21.0 10.0 10.0 4.0 17.0 4.0 19.0 14.0 15.0 21.0 8.0 12.0 12.0 6.0 24.0 17.0 10.0 4.0 12.0 9.0 7.0 8.0
408 8.0 18.0 20.0 24.0 6.0 16.0 17.0 33.0 16.0 24.0 12.0 15.0 18.0 2.0 14.0 6.0 22.0 11.0 17.0 13.0 12.0 18.0 13.0 10.0 16.0 21.0 13.0 3.0 16.0 5.0 6.0 2.0
411 16.0 19.0 18.0 21.0 18.0 13.0 16.0 31.0 20.0 17.0 20.0 7.0 14.0 2.0 15.0 3.0 22.0 11.0 17.0 9.0 7.0 17.0 16.0 17.0 22.0 25.0 12.0 2.0 11.0 6.0 3.0 4.0
414 17.0 12.0 14.0 17.0 17.0 20.0 15.0 33.0 13.0 17.0 10.0 11.0 17.0 7.0 9.0 2.0 10.0 12.0 15.0 17.0 7.0 16.0 12.0 12.0 10.0 21.0 13.0 0.0 18.0 4.0 1.0 0.0
417 10.0 20.0 17.0 14.0 17.0 11.0 18.0 22.0 16.0 13.0 13.0 3.0 11.0 4.0 6.0 1.0 16.0 4.0 9.0 17.0 5.0 12.0 9.0 13.0 14.0 15.0 14.0 0.0 11.0 2.0 1.0 4.0
420 4.0 15.0 10.0 13.0 6.0 9.0 9.0 21.0 13.0 13.0 14.0 2.0 15.0 2.0 3.0 0.0 15.0 6.0 12.0 15.0 5.0 14.0 13.0 7.0 15.0 14.0 13.0 2.0 7.0 2.0 1.0 2.0
423 10.0 19.0 14.0 9.0 10.0 11.0 12.0 27.0 14.0 9.0 8.0 0.0 11.0 1.0 2.0 1.0 14.0 13.0 13.0 16.0 6.0 19.0 4.0 3.0 16.0 15.0 16.0 1.0 7.0 0.0 0.0 3.0
426 3.0 17.0 14.0 9.0 14.0 11.0 12.0 28.0 9.0 8.0 10.0 2.0 9.0 1.0 3.0 0.0 7.0 4.0 16.0 11.0 4.0 12.0 6.0 5.0 10.0 13.0 8.0 0.0 8.0 1.0 2.0 5.0
429 2.0 11.0 3.0 10.0 18.0 14.0 6.0 30.0 9.0 5.0 12.0 1.0 12.0 4.0 0.0 3.0 14.0 5.0 8.0 7.0 1.0 12.0 2.0 4.0 12.0 6.0 8.0 1.0 7.0 1.0 0.0 0.0
432 2.0 8.0 8.0 3.0 9.0 12.0 3.0 22.0 5.0 7.0 11.0 2.0 10.0 3.0 1.0 2.0 4.0 2.0 5.0 8.0 1.0 9.0 0.0 0.0 10.0 7.0 3.0 3.0 0.0 1.0 0.0 0.0
435 1.0 9.0 6.0 7.0 8.0 9.0 6.0 14.0 11.0 0.0 3.0 0.0 12.0 1.0 1.0 0.0 3.0 2.0 7.0 3.0 2.0 5.0 1.0 2.0 7.0 7.0 3.0 1.0 0.0 0.0 1.0 2.0
438 1.0 7.0 4.0 5.0 7.0 7.0 4.0 13.0 7.0 4.0 3.0 1.0 8.0 1.0 2.0 0.0 9.0 2.0 1.0 6.0 2.0 2.0 1.0 1.0 4.0 3.0 2.0 0.0 1.0 2.0 1.0 0.0
441 1.0 2.0 3.0 3.0 5.0 6.0 3.0 11.0 5.0 1.0 4.0 0.0 9.0 1.0 1.0 2.0 1.0 2.0 0.0 3.0 0.0 4.0 3.0 3.0 2.0 5.0 3.0 0.0 2.0 0.0 1.0 2.0
444 1.0 3.0 3.0 4.0 2.0 3.0 1.0 10.0 6.0 2.0 2.0 0.0 2.0 1.0 1.0 0.0 5.0 4.0 2.0 1.0 1.0 2.0 0.0 2.0 2.0 4.0 1.0 1.0 2.0 2.0 0.0 2.0
447 2.0 2.0 3.0 0.0 0.0 6.0 1.0 10.0 2.0 2.0 0.0 0.0 3.0 0.0 3.0 0.0 3.0 0.0 1.0 3.0 1.0 0.0 1.0 1.0 0.0 2.0 1.0 2.0 3.0 1.0 1.0 1.0
