150 18247554.0 18235677.0 18231379.0 18199900.0 18240391.0 18199638.0 18225360.0 18199996.0 18207268.0 18200945.0 18205845.0 18188144.0 18222209.0 18216997.0 18218131.0 18191966.0 18218564.0 18217949.0 18218724.0 18220657.0 18201847.0 18215860.0 18204918.0 18207795.0 18198121.0 18217432.0 18195900.0 18214820.0 18193941.0 18188751.0 18212514.0 18215011.0
153 18575399.0 18570183.0 18563331.0 18538898.0 18570706.0 18538288.0 18557430.0 18539067.0 18540865.0 18539124.0 18539748.0 18527450.0 18549892.0 18548965.0 18550488.0 18530737.0 18551482.0 18551996.0 18552078.0 18556065.0 18542265.0 18549575.0 18542674.0 18544746.0 18536874.0 18550916.0 18535521.0 18550540.0 18532923.0 18529237.0 18550342.0 18553466.0
156 18968451.0 18953578.0 18943547.0 18914698.0 18950778.0 18914606.0 18935957.0 18914801.0 18919310.0 18916045.0 18916632.0 18902059.0 18929436.0 18927235.0 18928189.0 18905562.0 18931725.0 18930641.0 18930159.0 18933849.0 18919664.0 18927648.0 18920019.0 18922778.0 18914310.0 18929577.0 18912320.0 18928956.0 18909883.0 18908026.0 18929091.0 18931725.0
159 19567550.0 19557633.0 19552916.0 19525049.0 19561294.0 19526429.0 19550085.0 19526190.0 19532240.0 19528218.0 19528932.0 19512037.0 19544129.0 19542312.0 19542239.0 19515978.0 19543786.0 19544290.0 19545086.0 19550017.0 19532737.0 19543566.0 19534281.0 19538475.0 19528708.0 19546385.0 19525059.0 19547001.0 19523113.0 19523770.0 19547245.0 19547891.0
162 19915476.0 19906007.0 19901300.0 19871448.0 19909166.0 19873454.0 19897016.0 19872918.0 19881005.0 19875036.0 19877901.0 19858377.0 19888164.0 19888587.0 19887547.0 19861865.0 19891539.0 19892079.0 19891390.0 19896665.0 19880541.0 19890951.0 19881005.0 19885447.0 19875621.0 19892317.0 19872107.0 19893337.0 19869920.0 19873049.0 19893809.0 19897571.0
165 20009748.0 19998511.0 19992715.0 19963421.0 20001970.0 19965160.0 19989100.0 19965759.0 19972177.0 19968360.0 19970184.0 19948829.0 19980111.0 19979938.0 19978311.0 19954921.0 19983504.0 19983913.0 19983066.0 19987896.0 19972571.0 19982427.0 19973273.0 19975875.0 19968640.0 19983535.0 19963115.0 19984788.0 19962611.0 19963862.0 19983190.0 19989059.0
168 20003881.0 19985031.0 19972161.0 19926513.0 19980745.0 19930614.0 19963827.0 19928692.0 19944629.0 19933563.0 19946679.0 19904179.0 19952911.0 19950441.0 19947404.0 19913861.0 19953780.0 19955671.0 19951831.0 19955658.0 19935476.0 19950708.0 19933960.0 19939893.0 19931466.0 19948435.0 19922156.0 19949209.0 19921190.0 19928742.0 19950644.0 19959631.0
171 19151200.0 19360576.0 19276852.0 18738886.0 19241402.0 18786998.0 19162894.0 18709167.0 19121133.0 18800007.0 19184180.0 18685456.0 19180009.0 19103205.0 19063961.0 18801953.0 19024058.0 19055544.0 19062827.0 18970878.0 18742252.0 19084783.0 18838508.0 18899064.0 18929139.0 19039291.0 18704517.0 19044763.0 18718286.0 18986492.0 19032703.0 19154899.0
174 9935332.0 9887815.0 9877149.0 9679808.0 9748184.0 9994353.0 9794136.0 9772012.0 9918048.0 10068690.0 10119295.0 9834709.0 10062510.0 9846940.0 9821249.0 10110512.0 9536196.0 9673347.0 9694755.0 9357479.0 9545993.0 9815441.0 10110063.0 9137203.0 10488080.0 9607596.0 9507284.0 9600385.0 9523441.0 9451103.0 9454611.0 9796496.0
177 7543540.0 7333577.0 7368805.0 7264732.0 7227990.0 7545864.0 7271161.0 7336257.0 7388981.0 7603025.0 7583997.0 7405116.0 7498108.0 7308663.0 7309752.0 7652259.0 7022244.0 7143099.0 7162896.0 6868259.0 7110794.0 7272953.0 7617209.0 6685512.0 7962244.0 7079447.0 7074233.0 7073874.0 7104121.0 6972813.0 6949491.0 7226581.0
180 556976.0 681068.0 667145.0 603665.0 599554.0 647150.0 617096.0 610477.0 681660.0 676639.0 788858.0 675018.0 680559.0 640823.0 650394.0 710820.0 563051.0 605484.0 603351.0 539100.0 566405.0 634760.0 611505.0 573068.0 722187.0 578878.0 562079.0 596935.0 576794.0 710368.0 639445.0 671994.0
183 244001.0 307875.0 281095.0 263402.0 240843.0 260931.0 241506.0 261869.0 302011.0 269638.0 354713.0 304673.0 265788.0 278434.0 263059.0 292272.0 275709.0 278370.0 255087.0 250846.0 261668.0 270786.0 230083.0 301580.0 267448.0 252757.0 260182.0 251582.0 267632.0 401226.0 332282.0 303720.0
186 244701.0 303612.0 273858.0 256893.0 235745.0 251928.0 235266.0 255747.0 296556.0 259427.0 340689.0 295278.0 254172.0 275283.0 254581.0 280965.0 266098.0 276276.0 250333.0 251189.0 257908.0 265494.0 219503.0 301201.0 245620.0 249664.0 258549.0 246159.0 263532.0 396233.0 333220.0 296073.0
189 244215.0 310828.0 279309.0 257345.0 235095.0 251841.0 234271.0 255299.0 299187.0 258226.0 340017.0 294944.0 255848.0 275173.0 255251.0 284818.0 272859.0 276047.0 250964.0 252291.0 257358.0 266543.0 220017.0 302820.0 245636.0 250087.0 258311.0 245665.0 263792.0 396845.0 329654.0 298024.0
192 244694.0 309140.0 280312.0 256816.0 236385.0 251889.0 233993.0 256343.0 296881.0 258079.0 339617.0 299086.0 255006.0 275857.0 256255.0 284453.0 268931.0 276483.0 250355.0 252587.0 260165.0 265658.0 219912.0 301873.0 244968.0 250341.0 258998.0 247055.0 263803.0 397972.0 330453.0 298264.0
195 243670.0 309739.0 278567.0 256577.0 234792.0 251300.0 233440.0 255293.0 298593.0 255802.0 336058.0 298709.0 256578.0 274251.0 255820.0 283069.0 258321.0 276416.0 249550.0 250525.0 259433.0 266751.0 220247.0 301144.0 245131.0 249812.0 258162.0 247322.0 264167.0 397336.0 330117.0 298162.0
198 244160.0 309996.0 278361.0 255587.0 234326.0 251179.0 233811.0 255435.0 296281.0 257874.0 337113.0 297843.0 255707.0 274062.0 256046.0 284321.0 265495.0 274898.0 249914.0 249313.0 258648.0 264945.0 219975.0 301565.0 244082.0 248648.0 256901.0 246322.0 262206.0 395655.0 329351.0 297282.0
201 243728.0 309006.0 277634.0 254879.0 233691.0 250958.0 232688.0 253999.0 295880.0 255635.0 335488.0 298127.0 254308.0 273777.0 254369.0 283958.0 257708.0 273068.0 249844.0 248918.0 257693.0 264577.0 219494.0 300217.0 244496.0 248852.0 257108.0 245636.0 262093.0 395697.0 327434.0 292862.0
204 242230.0 308014.0 277390.0 255866.0 232978.0 250089.0 232337.0 254218.0 294935.0 256354.0 336967.0 297223.0 254222.0 269970.0 253360.0 282949.0 256024.0 273622.0 248269.0 248613.0 256876.0 262879.0 218791.0 300221.0 242253.0 247762.0 255375.0 243992.0 261746.0 392059.0 330191.0 296392.0
207 242015.0 307149.0 277710.0 253676.0 232842.0 249608.0 231886.0 254435.0 294375.0 254929.0 338820.0 295595.0 252711.0 270274.0 252807.0 282700.0 273835.0 273297.0 248014.0 248220.0 257034.0 263153.0 218225.0 298423.0 242837.0 247448.0 255274.0 243838.0 262076.0 391731.0 329409.0 295361.0
210 239792.0 305427.0 276251.0 253533.0 231013.0 248081.0 231638.0 252648.0 293151.0 253574.0 337826.0 294832.0 253440.0 267863.0 252815.0 280871.0 262577.0 272979.0 247207.0 247269.0 257052.0 262370.0 218214.0 297305.0 241128.0 246786.0 253228.0 242748.0 260230.0 390830.0 328307.0 294679.0
213 235605.0 303791.0 275536.0 252169.0 230513.0 247867.0 229869.0 250954.0 291512.0 253987.0 333971.0 296188.0 251988.0 267075.0 251694.0 280877.0 259949.0 270181.0 245275.0 246598.0 253901.0 260834.0 216873.0 296169.0 240763.0 245426.0 252715.0 242183.0 259914.0 388056.0 326277.0 291595.0
216 223606.0 299910.0 268399.0 251496.0 227060.0 245493.0 228415.0 249750.0 289891.0 250449.0 332152.0 294768.0 250000.0 268842.0 250200.0 278965.0 251204.0 268561.0 244541.0 243985.0 249151.0 259418.0 215496.0 293896.0 239457.0 244507.0 250531.0 242040.0 258502.0 388055.0 324981.0 299694.0
219 175292.0 294513.0 263404.0 249915.0 219201.0 242890.0 227565.0 248298.0 289961.0 245065.0 328731.0 288716.0 248823.0 265812.0 247828.0 274979.0 252187.0 264453.0 242368.0 242322.0 228883.0 256025.0 212833.0 291163.0 236245.0 241437.0 243143.0 238164.0 254750.0 380155.0 319436.0 283468.0
222 86782.0 260384.0 250928.0 245372.0 180234.0 236923.0 222276.0 239555.0 282639.0 228078.0 323986.0 283812.0 246162.0 258983.0 245328.0 272345.0 226386.0 242788.0 232972.0 224123.0 165771.0 244947.0 198641.0 274444.0 225178.0 234028.0 221202.0 229742.0 241168.0 365285.0 297114.0 259136.0
225 26306.0 156262.0 199905.0 224576.0 97017.0 203248.0 193993.0 204327.0 264904.0 162319.0 309551.0 273954.0 238683.0 220870.0 232146.0 258248.0 164543.0 176200.0 194170.0 166902.0 72243.0 200259.0 150524.0 220144.0 179219.0 199702.0 153865.0 194078.0 193444.0 309438.0 229469.0 189684.0
228 12188.0 53224.0 106708.0 164456.0 32235.0 125324.0 125696.0 124423.0 198754.0 73301.0 251000.0 241090.0 207630.0 145800.0 186523.0 218222.0 77642.0 81269.0 117224.0 82102.0 23090.0 112808.0 78076.0 126023.0 99370.0 125444.0 71325.0 118955.0 112373.0 192769.0 117971.0 96577.0
231 10174.0 19056.0 36677.0 79592.0 13014.0 46644.0 51442.0 47909.0 97648.0 23690.0 137840.0 159233.0 136291.0 58888.0 108891.0 141159.0 26721.0 26747.0 45136.0 27324.0 12801.0 39662.0 26435.0 48006.0 35262.0 50288.0 25084.0 46378.0 41768.0 73588.0 40006.0 35174.0
234 9121.0 14433.0 15557.0 27276.0 10062.0 17204.0 17996.0 17495.0 31395.0 12949.0 46504.0 66014.0 57889.0 20619.0 40815.0 60413.0 14767.0 14399.0 17176.0 13656.0 10705.0 16696.0 12090.0 20462.0 14629.0 18583.0 13562.0 17231.0 16716.0 28327.0 19273.0 17450.0
237 8541.0 12867.0 12610.0 14961.0 9112.0 12213.0 12040.0 12527.0 16757.0 10962.0 21497.0 24923.0 21844.0 14072.0 17000.0 23251.0 11971.0 12392.0 12689.0 11358.0 9982.0 12806.0 9735.0 15668.0 11376.0 12974.0 11654.0 12145.0 12435.0 21701.0 15698.0 14037.0
240 8266.0 11655.0 11333.0 12342.0 8382.0 10948.0 10223.0 10856.0 14395.0 9671.0 16711.0 16281.0 13803.0 12324.0 12492.0 14890.0 11655.0 11323.0 10908.0 10538.0 9103.0 11507.0 8918.0 13615.0 9852.0 11136.0 10223.0 10709.0 11151.0 18825.0 13741.0 12595.0
243 8060.0 11052.0 10777.0 10782.0 8047.0 10204.0 9176.0 10120.0 12965.0 9058.0 14826.0 13904.0 11930.0 11431.0 10967.0 12927.0 10285.0 10527.0 9911.0 9772.0 8962.0 10353.0 8369.0 12595.0 9050.0 10264.0 9889.0 9653.0 10246.0 17575.0 12749.0 11659.0
246 7785.0 10546.0 10041.0 10040.0 7557.0 9588.0 8416.0 9247.0 12164.0 8500.0 13521.0 12163.0 10311.0 10748.0 9840.0 11421.0 9875.0 9921.0 9484.0 9242.0 8506.0 9627.0 7999.0 12146.0 8666.0 9642.0 9468.0 9141.0 9617.0 16418.0 12030.0 11259.0
249 7818.0 10319.0 9950.0 9661.0 7685.0 9170.0 8254.0 9155.0 11394.0 8710.0 12426.0 11417.0 9681.0 10207.0 9377.0 10795.0 10279.0 9916.0 9074.0 9158.0 8501.0 9858.0 7565.0 11827.0 8383.0 9240.0 9304.0 8684.0 9504.0 16256.0 11879.0 11369.0
252 7732.0 10340.0 9678.0 9246.0 7300.0 9083.0 8165.0 8749.0 11377.0 8254.0 12236.0 10881.0 9372.0 10046.0 9095.0 10460.0 9696.0 9963.0 9139.0 8988.0 8460.0 9510.0 7640.0 11441.0 8306.0 9045.0 8983.0 8644.0 9145.0 15917.0 11752.0 10849.0
255 7652.0 10120.0 9204.0 9251.0 7358.0 9026.0 8076.0 8765.0 11201.0 8274.0 11750.0 10811.0 9265.0 10062.0 8881.0 10122.0 10018.0 9513.0 8852.0 8957.0 8111.0 9642.0 7528.0 11539.0 8170.0 9063.0 9220.0 8445.0 9096.0 15699.0 11561.0 10463.0
258 7398.0 9812.0 9258.0 9170.0 7226.0 9068.0 8026.0 8767.0 11228.0 8201.0 12113.0 10774.0 9302.0 9836.0 9094.0 9957.0 9361.0 9427.0 9063.0 8736.0 8355.0 9290.0 7429.0 11377.0 8280.0 8873.0 8929.0 8377.0 8950.0 15450.0 11361.0 10812.0
261 7196.0 9736.0 9378.0 9015.0 7211.0 8730.0 7854.0 8390.0 11189.0 7854.0 11810.0 10720.0 9213.0 9845.0 8808.0 10096.0 9665.0 9449.0 8705.0 8740.0 8033.0 9249.0 7306.0 11144.0 8066.0 9067.0 8942.0 8352.0 9016.0 15428.0 10790.0 10531.0
264 7032.0 9618.0 8871.0 8777.0 7166.0 8512.0 7524.0 8416.0 10649.0 7835.0 11649.0 10408.0 9072.0 9784.0 9030.0 9970.0 9650.0 9044.0 8597.0 8406.0 7942.0 9039.0 7176.0 11003.0 7978.0 8584.0 8683.0 8063.0 8734.0 15156.0 10621.0 10129.0
267 6967.0 9620.0 8784.0 8748.0 6898.0 8451.0 7511.0 8156.0 10546.0 7703.0 11621.0 10483.0 8898.0 9499.0 8713.0 9587.0 9673.0 9086.0 8470.0 8393.0 7686.0 8954.0 7115.0 10986.0 7912.0 8675.0 8344.0 8111.0 8482.0 14853.0 10306.0 9780.0
270 6509.0 9338.0 8678.0 8625.0 6649.0 8419.0 7331.0 8200.0 10415.0 7486.0 11364.0 10104.0 8728.0 9418.0 8601.0 9572.0 9156.0 9073.0 8215.0 8163.0 7517.0 8777.0 7077.0 10768.0 7662.0 8405.0 8430.0 8027.0 8590.0 14658.0 10071.0 9419.0
273 6141.0 9033.0 8519.0 8604.0 6442.0 8103.0 7359.0 7826.0 10452.0 7525.0 10961.0 10048.0 8605.0 8983.0 8462.0 9526.0 8624.0 8788.0 8281.0 8108.0 7318.0 8708.0 6705.0 10455.0 7641.0 8193.0 8198.0 7611.0 8184.0 14333.0 9996.0 9301.0
276 5180.0 8826.0 8317.0 8131.0 6276.0 7967.0 7074.0 7816.0 10020.0 7110.0 10916.0 9904.0 8500.0 8859.0 8156.0 9241.0 8238.0 8446.0 7991.0 7712.0 6765.0 8451.0 6622.0 10320.0 7384.0 8181.0 8093.0 7494.0 8080.0 14019.0 9906.0 9137.0
279 3733.0 8193.0 8162.0 8283.0 5936.0 7772.0 7028.0 7440.0 9832.0 6946.0 10642.0 9653.0 8485.0 8417.0 7926.0 9026.0 8523.0 8115.0 7908.0 7587.0 6099.0 8278.0 6330.0 9861.0 7246.0 7709.0 7631.0 7305.0 7766.0 13468.0 9550.0 8733.0
282 2004.0 7442.0 7698.0 7788.0 5121.0 7457.0 6715.0 7293.0 9752.0 6393.0 10379.0 9355.0 8232.0 8454.0 7887.0 8773.0 7663.0 7651.0 7454.0 7198.0 4875.0 7847.0 5969.0 9654.0 6691.0 7661.0 6989.0 7123.0 7584.0 12933.0 9111.0 8203.0
285 901.0 5682.0 7194.0 7554.0 3825.0 7159.0 6571.0 7156.0 9207.0 5754.0 9959.0 8906.0 7920.0 7987.0 7577.0 8532.0 7266.0 6845.0 7009.0 6719.0 3213.0 7436.0 5432.0 9109.0 6368.0 7272.0 6213.0 6849.0 6920.0 12333.0 8637.0 7339.0
288 520.0 3418.0 6032.0 7164.0 2137.0 6241.0 5942.0 6159.0 9018.0 4368.0 9702.0 8782.0 7557.0 7300.0 7259.0 8188.0 5639.0 5314.0 6212.0 5470.0 1677.0 6424.0 4372.0 7660.0 5070.0 6553.0 4667.0 5753.0 5917.0 10450.0 7147.0 5756.0
291 444.0 1654.0 4251.0 6355.0 1016.0 5065.0 4918.0 4899.0 7683.0 2623.0 8864.0 8451.0 7274.0 5959.0 6774.0 7658.0 3684.0 3534.0 4726.0 3933.0 792.0 4797.0 3020.0 6094.0 3473.0 5283.0 2943.0 4543.0 4574.0 8229.0 5222.0 3850.0
294 380.0 817.0 2444.0 4854.0 497.0 3077.0 3315.0 3120.0 5770.0 1232.0 7328.0 7278.0 6371.0 4093.0 5858.0 6551.0 1930.0 1730.0 3067.0 2167.0 498.0 2761.0 1566.0 3964.0 1880.0 3666.0 1503.0 2994.0 2805.0 5068.0 2926.0 2061.0
297 380.0 572.0 1125.0 3187.0 389.0 1626.0 1846.0 1618.0 4052.0 647.0 5035.0 5957.0 5276.0 2487.0 4552.0 5257.0 1048.0 870.0 1658.0 1099.0 411.0 1384.0 780.0 2155.0 904.0 2003.0 789.0 1634.0 1460.0 2638.0 1398.0 1005.0
300 354.0 555.0 642.0 1659.0 371.0 766.0 907.0 822.0 2046.0 479.0 2910.0 4218.0 3636.0 1177.0 2834.0 3579.0 690.0 573.0 800.0 589.0 413.0 751.0 510.0 1176.0 584.0 995.0 565.0 807.0 778.0 1377.0 761.0 669.0
303 358.0 506.0 546.0 876.0 331.0 558.0 527.0 538.0 1033.0 428.0 1485.0 2418.0 1988.0 740.0 1561.0 2060.0 617.0 532.0 559.0 504.0 396.0 583.0 391.0 784.0 450.0 583.0 525.0 557.0 552.0 1038.0 665.0 610.0
306 322.0 450.0 474.0 612.0 381.0 514.0 465.0 497.0 720.0 404.0 871.0 1216.0 1049.0 611.0 805.0 1130.0 526.0 493.0 484.0 475.0 388.0 537.0 364.0 737.0 434.0 523.0 453.0 507.0 494.0 932.0 593.0 554.0
309 309.0 433.0 478.0 518.0 357.0 496.0 451.0 473.0 677.0 393.0 682.0 788.0 666.0 556.0 547.0 733.0 525.0 481.0 459.0 441.0 389.0 488.0 357.0 678.0 403.0 479.0 444.0 500.0 487.0 923.0 563.0 523.0
312 334.0 445.0 472.0 452.0 356.0 480.0 405.0 463.0 612.0 381.0 641.0 633.0 530.0 540.0 489.0 618.0 494.0 467.0 460.0 457.0 373.0 435.0 361.0 560.0 386.0 438.0 472.0 420.0 458.0 822.0 541.0 515.0
315 341.0 444.0 473.0 499.0 342.0 437.0 389.0 442.0 587.0 393.0 588.0 551.0 530.0 524.0 480.0 548.0 463.0 458.0 415.0 417.0 358.0 474.0 363.0 595.0 359.0 439.0 485.0 425.0 434.0 851.0 529.0 516.0
318 299.0 447.0 445.0 452.0 317.0 419.0 364.0 392.0 594.0 388.0 587.0 564.0 497.0 511.0 488.0 535.0 475.0 461.0 405.0 441.0 347.0 465.0 340.0 626.0 403.0 501.0 436.0 423.0 453.0 802.0 530.0 483.0
321 271.0 417.0 446.0 442.0 325.0 400.0 360.0 421.0 561.0 340.0 558.0 550.0 469.0 497.0 427.0 513.0 489.0 428.0 399.0 420.0 316.0 427.0 312.0 600.0 386.0 429.0 412.0 375.0 410.0 809.0 527.0 474.0
324 227.0 424.0 407.0 420.0 284.0 467.0 339.0 363.0 576.0 337.0 599.0 578.0 457.0 490.0 425.0 490.0 428.0 414.0 390.0 403.0 319.0 496.0 351.0 564.0 344.0 445.0 377.0 354.0 377.0 788.0 501.0 517.0
327 263.0 394.0 404.0 414.0 285.0 407.0 372.0 364.0 541.0 342.0 551.0 515.0 418.0 499.0 400.0 495.0 439.0 394.0 403.0 426.0 321.0 426.0 297.0 546.0 328.0 430.0 420.0 377.0 440.0 732.0 488.0 461.0
330 213.0 389.0 371.0 435.0 260.0 412.0 393.0 387.0 514.0 309.0 525.0 503.0 449.0 461.0 393.0 491.0 418.0 393.0 408.0 409.0 327.0 422.0 316.0 543.0 366.0 415.0 437.0 347.0 390.0 707.0 472.0 470.0
333 179.0 352.0 422.0 410.0 225.0 386.0 344.0 352.0 517.0 307.0 535.0 498.0 473.0 422.0 378.0 449.0 421.0 369.0 394.0 381.0 262.0 422.0 301.0 514.0 293.0 421.0 366.0 371.0 427.0 663.0 467.0 404.0
336 120.0 329.0 403.0 409.0 278.0 391.0 312.0 344.0 561.0 286.0 522.0 490.0 415.0 463.0 406.0 491.0 417.0 375.0 410.0 388.0 264.0 413.0 323.0 542.0 315.0 401.0 350.0 334.0 389.0 695.0 429.0 387.0
339 66.0 296.0 349.0 354.0 203.0 357.0 325.0 355.0 465.0 284.0 483.0 452.0 392.0 422.0 415.0 446.0 407.0 357.0 377.0 354.0 200.0 381.0 334.0 507.0 308.0 371.0 325.0 333.0 372.0 671.0 432.0 346.0
342 27.0 211.0 341.0 352.0 127.0 344.0 277.0 325.0 515.0 250.0 509.0 425.0 401.0 395.0 368.0 472.0 386.0 341.0 341.0 280.0 124.0 321.0 252.0 448.0 306.0 312.0 334.0 341.0 343.0 619.0 439.0 372.0
345 32.0 171.0 332.0 348.0 107.0 329.0 284.0 282.0 456.0 204.0 473.0 488.0 404.0 367.0 406.0 410.0 310.0 255.0 340.0 305.0 96.0 327.0 224.0 399.0 271.0 349.0 240.0 293.0 310.0 564.0 339.0 305.0
348 23.0 108.0 259.0 319.0 69.0 308.0 293.0 279.0 446.0 195.0 433.0 426.0 371.0 356.0 353.0 378.0 269.0 243.0 304.0 269.0 64.0 278.0 181.0 370.0 201.0 335.0 182.0 283.0 300.0 499.0 332.0 219.0
351 20.0 64.0 202.0 314.0 39.0 238.0 199.0 225.0 393.0 111.0 405.0 404.0 344.0 308.0 356.0 391.0 168.0 180.0 233.0 193.0 22.0 208.0 119.0 301.0 143.0 260.0 134.0 253.0 228.0 348.0 243.0 169.0
354 20.0 35.0 139.0 253.0 19.0 180.0 153.0 145.0 295.0 66.0 368.0 385.0 326.0 239.0 309.0 369.0 123.0 94.0 183.0 133.0 17.0 160.0 85.0 253.0 98.0 186.0 95.0 148.0 149.0 255.0 177.0 111.0
357 18.0 22.0 71.0 204.0 13.0 96.0 120.0 121.0 281.0 33.0 305.0 323.0 285.0 169.0 236.0 306.0 68.0 50.0 93.0 72.0 13.0 95.0 45.0 160.0 48.0 172.0 54.0 104.0 99.0 177.0 97.0 59.0
360 29.0 34.0 40.0 133.0 18.0 59.0 57.0 65.0 186.0 31.0 225.0 279.0 230.0 83.0 219.0 237.0 42.0 38.0 64.0 41.0 21.0 50.0 36.0 116.0 33.0 86.0 36.0 57.0 53.0 92.0 63.0 46.0
363 16.0 21.0 32.0 60.0 20.0 41.0 41.0 46.0 114.0 16.0 136.0 191.0 188.0 53.0 176.0 178.0 37.0 21.0 35.0 27.0 21.0 44.0 25.0 49.0 19.0 59.0 25.0 34.0 36.0 71.0 42.0 38.0
366 19.0 23.0 17.0 52.0 18.0 32.0 16.0 40.0 55.0 22.0 72.0 125.0 123.0 40.0 98.0 115.0 32.0 29.0 31.0 31.0 22.0 29.0 21.0 50.0 28.0 46.0 29.0 28.0 24.0 48.0 48.0 30.0
369 11.0 26.0 34.0 37.0 15.0 29.0 28.0 27.0 41.0 23.0 41.0 98.0 82.0 25.0 74.0 82.0 20.0 25.0 27.0 19.0 23.0 35.0 27.0 45.0 14.0 27.0 31.0 32.0 47.0 60.0 46.0 37.0
372 17.0 20.0 22.0 27.0 20.0 25.0 24.0 25.0 56.0 22.0 41.0 44.0 46.0 40.0 33.0 42.0 30.0 19.0 24.0 25.0 17.0 26.0 18.0 35.0 24.0 28.0 17.0 17.0 23.0 48.0 30.0 32.0
375 12.0 18.0 22.0 24.0 18.0 25.0 27.0 27.0 36.0 11.0 32.0 45.0 30.0 33.0 26.0 40.0 20.0 23.0 20.0 18.0 23.0 18.0 18.0 32.0 27.0 25.0 28.0 25.0 30.0 60.0 41.0 31.0
378 20.0 16.0 29.0 22.0 16.0 23.0 12.0 26.0 41.0 18.0 37.0 29.0 38.0 26.0 30.0 30.0 35.0 22.0 23.0 11.0 22.0 28.0 18.0 30.0 16.0 30.0 21.0 27.0 18.0 44.0 27.0 23.0
381 14.0 20.0 26.0 24.0 15.0 21.0 18.0 23.0 24.0 24.0 25.0 34.0 30.0 35.0 23.0 39.0 28.0 21.0 26.0 24.0 17.0 28.0 19.0 37.0 22.0 23.0 24.0 28.0 30.0 55.0 28.0 37.0
384 11.0 18.0 27.0 26.0 16.0 22.0 34.0 28.0 34.0 20.0 34.0 23.0 37.0 37.0 24.0 42.0 24.0 17.0 28.0 20.0 16.0 36.0 24.0 36.0 21.0 24.0 26.0 23.0 26.0 47.0 31.0 18.0
387 7.0 13.0 20.0 12.0 12.0 27.0 19.0 16.0 38.0 15.0 28.0 24.0 29.0 30.0 29.0 20.0 39.0 22.0 23.0 18.0 8.0 28.0 12.0 47.0 21.0 24.0 27.0 22.0 18.0 49.0 35.0 28.0
390 3.0 10.0 22.0 18.0 11.0 23.0 33.0 18.0 35.0 10.0 25.0 23.0 27.0 20.0 24.0 33.0 30.0 23.0 26.0 18.0 12.0 26.0 20.0 34.0 17.0 27.0 15.0 16.0 21.0 44.0 19.0 20.0
393 2.0 21.0 21.0 20.0 7.0 16.0 19.0 18.0 35.0 13.0 35.0 30.0 36.0 32.0 18.0 35.0 16.0 20.0 20.0 17.0 9.0 20.0 12.0 37.0 13.0 25.0 23.0 11.0 18.0 41.0 28.0 21.0
396 4.0 8.0 17.0 16.0 12.0 23.0 18.0 21.0 26.0 16.0 18.0 45.0 21.0 23.0 22.0 24.0 19.0 19.0 17.0 18.0 4.0 21.0 14.0 29.0 15.0 13.0 23.0 23.0 20.0 37.0 22.0 19.0
399 3.0 6.0 13.0 22.0 3.0 15.0 14.0 19.0 24.0 10.0 27.0 29.0 29.0 17.0 13.0 26.0 23.0 18.0 29.0 21.0 9.0 17.0 13.0 26.0 13.0 21.0 19.0 18.0 25.0 39.0 27.0 16.0
402 1.0 6.0 14.0 19.0 5.0 20.0 19.0 19.0 28.0 15.0 26.0 19.0 27.0 24.0 25.0 22.0 14.0 14.0 12.0 17.0 3.0 23.0 10.0 24.0 9.0 26.0 16.0 21.0 13.0 34.0 13.0 14.0
405 0.0 5.0 11.0 16.0 0.0 14.0 16.0 11.0 18.0 12.0 24.0 27.0 17.0 27.0 28.0 21.0 17.0 9.0 12.0 19.0 2.0 12.0 9.0 25.0 12.0 18.0 17.0 21.0 18.0 25.0 12.0 15.0
408 0.0 2.0 15.0 13.0 2.0 7.0 12.0 8.0 26.0 1.0 23.0 25.0 14.0 24.0 21.0 29.0 11.0 10.0 10.0 13.0 2.0 14.0 5.0 21.0 9.0 16.0 6.0 9.0 4.0 19.0 14.0 6.0
411 3.0 3.0 6.0 16.0 1.0 7.0 3.0 14.0 14.0 7.0 23.0 22.0 23.0 16.0 20.0 31.0 6.0 7.0 8.0 13.0 1.0 10.0 2.0 18.0 6.0 11.0 4.0 8.0 6.0 21.0 8.0 5.0
414 0.0 2.0 7.0 12.0 1.0 4.0 6.0 4.0 15.0 4.0 22.0 17.0 19.0 16.0 8.0 21.0 5.0 2.0 9.0 5.0 1.0 7.0 2.0 5.0 1.0 15.0 6.0 10.0 6.0 6.0 6.0 3.0
417 0.0 1.0 1.0 11.0 0.0 7.0 4.0 1.0 10.0 5.0 6.0 21.0 16.0 7.0 17.0 14.0 4.0 5.0 3.0 2.0 1.0 3.0 3.0 4.0 2.0 1.0 2.0 2.0 1.0 6.0 4.0 3.0
420 0.0 5.0 3.0 8.0 1.0 3.0 2.0 4.0 2.0 1.0 7.0 11.0 11.0 3.0 9.0 21.0 1.0 1.0 6.0 2.0 2.0 2.0 1.0 13.0 1.0 2.0 2.0 1.0 7.0 0.0 4.0 4.0
423 2.0 2.0 4.0 3.0 2.0 2.0 3.0 5.0 4.0 1.0 4.0 12.0 5.0 5.0 11.0 7.0 1.0 6.0 0.0 4.0 1.0 3.0 2.0 1.0 1.0 1.0 2.0 0.0 4.0 5.0 2.0 1.0
426 0.0 2.0 1.0 1.0 1.0 1.0 5.0 4.0 5.0 1.0 7.0 4.0 6.0 3.0 4.0 5.0 0.0 3.0 2.0 0.0 1.0 3.0 2.0 5.0 3.0 4.0 2.0 0.0 4.0 4.0 2.0 2.0
429 0.0 1.0 1.0 4.0 2.0 0.0 1.0 1.0 1.0 0.0 2.0 3.0 5.0 2.0 4.0 5.0 1.0 2.0 0.0 0.0 0.0 2.0 3.0 2.0 0.0 2.0 1.0 0.0 0.0 4.0 3.0 4.0
432 2.0 1.0 3.0 1.0 2.0 4.0 3.0 4.0 1.0 1.0 0.0 2.0 3.0 1.0 7.0 3.0 2.0 1.0 1.0 3.0 0.0 2.0 0.0 2.0 2.0 6.0 4.0 2.0 2.0 3.0 4.0 7.0
435 0.0 0.0 2.0 1.0 1.0 3.0 2.0 2.0 1.0 2.0 2.0 0.0 2.0 1.0 1.0 4.0 2.0 1.0 1.0 2.0 2.0 2.0 3.0 2.0 1.0 1.0 3.0 1.0 1.0 1.0 0.0 3.0
438 0.0 1.0 2.0 4.0 2.0 4.0 1.0 3.0 1.0 4.0 2.0 3.0 2.0 2.0 4.0 1.0 2.0 0.0 0.0 4.0 0.0 1.0 1.0 0.0 2.0 1.0 1.0 4.0 2.0 3.0 3.0 2.0
441 0.0 1.0 0.0 0.0 1.0 1.0 1.0 1.0 1.0 2.0 3.0 3.0 2.0 2.0 2.0 4.0 2.0 1.0 2.0 0.0 1.0 2.0 1.0 3.0 0.0 2.0 2.0 1.0 2.0 1.0 2.0 0.0
444 0.0 0.0 2.0 1.0 2.0 1.0 1.0 1.0 5.0 4.0 3.0 2.0 2.0 2.0 3.0 3.0 1.0 1.0 3.0 0.0 0.0 0.0 1.0 4.0 0.0 2.0 1.0 1.0 0.0 1.0 4.0 3.0
447 1.0 1.0 1.0 2.0 1.0 1.0 2.0 2.0 2.0 2.0 1.0 0.0 1.0 0.0 3.0 1.0 2.0 2.0 1.0 0.0 2.0 1.0 1.0 3.0 2.0 1.0 0.0 0.0 0.0 4.0 2.0 1.0
