150 1050918.0 1064235.0 1019377.0 1082553.0 1082688.0 1036590.0 1109165.0 1087584.0 1044161.0 1065469.0 1049808.0 1061489.0 1100153.0 1024716.0 1062754.0 1129458.0 1022550.0 1068999.0 1053459.0 1083236.0 1085183.0 1052738.0 1061374.0 1042039.0 1044096.0 1152191.0 1025123.0 1070153.0 1058444.0 1026113.0 1048060.0 1033499.0
153 18310696.0 18320904.0 18322592.0 18285654.0 18319653.0 18301597.0 18292963.0 18290583.0 18313079.0 18289794.0 18317048.0 18293190.0 18305438.0 18320764.0 18309624.0 18279584.0 18318835.0 18307101.0 18311790.0 18306900.0 18283283.0 18318647.0 18286138.0 18316396.0 18296211.0 18299946.0 18295018.0 18305628.0 18290231.0 18314262.0 18324401.0 18318352.0
156 18633959.0 18644487.0 18646108.0 18609105.0 18641787.0 18625819.0 18617797.0 18614241.0 18635942.0 18613376.0 18638482.0 18617127.0 18627975.0 18642000.0 18630859.0 18604523.0 18641348.0 18629653.0 18635453.0 18630952.0 18607981.0 18642535.0 18610753.0 18640034.0 18620743.0 18625764.0 18620817.0 18630372.0 18615334.0 18638849.0 18648173.0 18643660.0
159 18991790.0 18998923.0 19000841.0 18962342.0 18996208.0 18978887.0 18973211.0 18966807.0 18991249.0 18967188.0 18993281.0 18970459.0 18982792.0 18996996.0 18986298.0 18958430.0 18996685.0 18984361.0 18989753.0 18985070.0 18960967.0 18996311.0 18964856.0 18994873.0 18975185.0 18981441.0 18974571.0 18985462.0 18969053.0 18993550.0 19003355.0 18998797.0
162 19321962.0 19326621.0 19328925.0 19288624.0 19323688.0 19306355.0 19302193.0 19292912.0 19319142.0 19294004.0 19320583.0 19296785.0 19311374.0 19325047.0 19314284.0 19285804.0 19324448.0 19313003.0 19318033.0 19313545.0 19286918.0 19324718.0 19291712.0 19323377.0 19302416.0 19310811.0 19303068.0 19313811.0 19296555.0 19321653.0 19331847.0 19327488.0
165 19598647.0 19601236.0 19603544.0 19562501.0 19598012.0 19581657.0 19576981.0 19566889.0 19593833.0 19568549.0 19595038.0 19570661.0 19585588.0 19598298.0 19587877.0 19560613.0 19599391.0 19586700.0 19592842.0 19588510.0 19560277.0 19599452.0 19566024.0 19598424.0 19578382.0 19586536.0 19578239.0 19588823.0 19570859.0 19596988.0 19607129.0 19602871.0
168 19742071.0 19742124.0 19746106.0 19702818.0 19737814.0 19722094.0 19718869.0 19707810.0 19735555.0 19708758.0 19736125.0 19711558.0 19726605.0 19739717.0 19729524.0 19701523.0 19741881.0 19728872.0 19733783.0 19728923.0 19699133.0 19740808.0 19705700.0 19740259.0 19718125.0 19729118.0 19717957.0 19728570.0 19709203.0 19738451.0 19750273.0 19746467.0
171 19634170.0 19630392.0 19636670.0 19586897.0 19625091.0 19608487.0 19606701.0 19591960.0 19626182.0 19594187.0 19626819.0 19596815.0 19615694.0 19630002.0 19619687.0 19589039.0 19632430.0 19619009.0 19622328.0 19616424.0 19579280.0 19628316.0 19586886.0 19628462.0 19601554.0 19618533.0 19600505.0 19613237.0 19590337.0 19625978.0 19639747.0 19636721.0
174 19432657.0 19461963.0 19464841.0 19327267.0 19438229.0 19373620.0 19424465.0 19323857.0 19431262.0 19350253.0 19434322.0 19353056.0 19412387.0 19437161.0 19423084.0 19359683.0 19428331.0 19419930.0 19416873.0 19406564.0 19320169.0 19419498.0 19339049.0 19415038.0 19369255.0 19405682.0 19365287.0 19397323.0 19339463.0 19411845.0 19426014.0 19426868.0
177 13870813.0 14264120.0 14559565.0 13296947.0 13903206.0 13303143.0 14611008.0 13055199.0 13967195.0 13553934.0 14140317.0 13502615.0 13833919.0 14272799.0 14345811.0 13578767.0 13835067.0 14221707.0 13869814.0 13814647.0 13426961.0 13778134.0 13550126.0 13668973.0 13459587.0 13743059.0 13426736.0 14009711.0 13203786.0 14050462.0 13943321.0 14296931.0
180 8826762.0 8443458.0 8774517.0 8433228.0 8295402.0 8488308.0 9013508.0 8204815.0 8519585.0 8839974.0 8704584.0 8792212.0 8419627.0 8843908.0 8995846.0 8874580.0 8381858.0 8856134.0 8437605.0 8381144.0 8663928.0 8312880.0 8824594.0 8213178.0 8668174.0 8267159.0 8640160.0 8574408.0 8277286.0 8554563.0 8368473.0 8669387.0
183 4991932.0 4538316.0 4805932.0 4641459.0 4446230.0 4673436.0 5036035.0 4461452.0 4606787.0 4949519.0 4738751.0 4932531.0 4534984.0 4844465.0 4989975.0 5014481.0 4475325.0 4882543.0 4544737.0 4520679.0 4849922.0 4445196.0 4943581.0 4387749.0 4801637.0 4456200.0 4794566.0 4676120.0 4491371.0 4626060.0 4467478.0 4683194.0
186 285255.0 289676.0 324808.0 331532.0 298223.0 302040.0 479116.0 313394.0 300112.0 363142.0 315317.0 358073.0 330861.0 331226.0 399031.0 431393.0 261485.0 370744.0 294206.0 320868.0 359776.0 274573.0 348048.0 270732.0 318228.0 373811.0 305063.0 333471.0 291458.0 282775.0 275625.0 301332.0
189 267486.0 253716.0 236070.0 282164.0 262909.0 246152.0 323097.0 280760.0 245580.0 267269.0 244654.0 264250.0 294497.0 236383.0 270033.0 344424.0 230384.0 274570.0 250179.0 277675.0 283825.0 238718.0 267013.0 242296.0 256170.0 343728.0 250662.0 263602.0 257705.0 232233.0 240307.0 252671.0
192 266741.0 252077.0 232395.0 281844.0 263772.0 243937.0 312711.0 280205.0 244529.0 263415.0 243515.0 259951.0 292911.0 233334.0 265374.0 341358.0 229766.0 271152.0 249034.0 275452.0 280563.0 238794.0 264233.0 242219.0 254342.0 339119.0 249173.0 261934.0 257606.0 231206.0 240295.0 250829.0
195 267232.0 253618.0 233244.0 281843.0 263998.0 243000.0 313929.0 280554.0 244338.0 263013.0 243373.0 260296.0 294231.0 233631.0 264558.0 341128.0 230705.0 272352.0 250377.0 276868.0 280854.0 239914.0 264468.0 241815.0 254390.0 340028.0 248012.0 261012.0 257124.0 230803.0 239585.0 250788.0
198 266449.0 253844.0 233256.0 280510.0 264428.0 242979.0 313001.0 279959.0 243821.0 263174.0 243921.0 260109.0 293872.0 234198.0 265690.0 339706.0 230423.0 271537.0 250234.0 277476.0 281724.0 240461.0 264117.0 241319.0 254402.0 345627.0 248967.0 260607.0 256704.0 232053.0 240478.0 250185.0
201 265623.0 253122.0 232761.0 281842.0 265976.0 243368.0 313725.0 280827.0 244024.0 263432.0 242963.0 261341.0 290286.0 233360.0 265900.0 343029.0 229403.0 271157.0 248805.0 275814.0 281279.0 239704.0 263803.0 240716.0 254781.0 344470.0 248779.0 262524.0 257499.0 230486.0 240970.0 250588.0
204 265031.0 252911.0 231738.0 279349.0 263179.0 241758.0 313988.0 280161.0 244076.0 262314.0 242123.0 260914.0 288270.0 232700.0 263560.0 351664.0 228887.0 270842.0 248058.0 275088.0 281713.0 238909.0 262772.0 240290.0 252918.0 343028.0 248648.0 259537.0 256140.0 230025.0 239894.0 249700.0
207 264180.0 251414.0 231966.0 279999.0 261158.0 241541.0 313073.0 277913.0 242545.0 262100.0 241855.0 259050.0 288324.0 231997.0 263159.0 350537.0 228583.0 270726.0 248392.0 274909.0 280182.0 238397.0 262688.0 239494.0 253015.0 342270.0 246617.0 258424.0 254551.0 229814.0 238713.0 248529.0
210 264421.0 251342.0 230641.0 279010.0 260830.0 241927.0 310159.0 279094.0 242775.0 261526.0 240244.0 258731.0 289851.0 231727.0 264333.0 351853.0 228721.0 270133.0 247979.0 274557.0 278954.0 237590.0 261500.0 239323.0 252349.0 337084.0 246821.0 258404.0 254792.0 229776.0 238436.0 248461.0
213 263464.0 250108.0 229581.0 277519.0 260234.0 241284.0 311153.0 277660.0 241861.0 261235.0 240441.0 258601.0 288130.0 230654.0 262787.0 346390.0 226472.0 269713.0 246215.0 273679.0 278416.0 237260.0 261252.0 238266.0 252022.0 335111.0 245121.0 257407.0 255033.0 228755.0 237949.0 247087.0
216 261728.0 248719.0 229963.0 277659.0 259901.0 240208.0 310401.0 275848.0 242428.0 260467.0 240229.0 258006.0 287784.0 229837.0 262568.0 349816.0 226719.0 268753.0 245930.0 272744.0 277636.0 236706.0 261331.0 237059.0 251066.0 338749.0 244383.0 257802.0 254041.0 227557.0 235985.0 246144.0
219 259988.0 248358.0 228247.0 276393.0 258995.0 238376.0 308367.0 275103.0 239922.0 259199.0 238987.0 255237.0 285648.0 229827.0 261694.0 344011.0 225339.0 268562.0 244143.0 271609.0 277162.0 235237.0 260045.0 235887.0 249243.0 334461.0 243470.0 256122.0 251384.0 227011.0 234434.0 244309.0
222 257906.0 247552.0 227250.0 275051.0 257160.0 236798.0 308336.0 273800.0 238661.0 257330.0 237128.0 254829.0 284611.0 228126.0 261849.0 340953.0 223152.0 266655.0 243478.0 269294.0 275937.0 233259.0 258638.0 233394.0 247470.0 330717.0 240956.0 254413.0 250927.0 226186.0 232100.0 243137.0
225 252974.0 245590.0 225500.0 273686.0 255337.0 234637.0 305964.0 272434.0 236351.0 257531.0 236382.0 253516.0 282861.0 226451.0 258020.0 336362.0 218612.0 265376.0 241566.0 268809.0 273720.0 231078.0 256954.0 229508.0 244475.0 327134.0 235417.0 254649.0 248611.0 223248.0 224050.0 236280.0
228 233318.0 242588.0 219038.0 272470.0 253832.0 224749.0 304371.0 269019.0 231346.0 253091.0 234722.0 250412.0 280654.0 220573.0 254229.0 323188.0 200641.0 261776.0 236781.0 263567.0 272117.0 224570.0 254638.0 210428.0 236540.0 310599.0 213305.0 250716.0 244714.0 214761.0 195240.0 211073.0
231 169132.0 231182.0 192955.0 269062.0 249271.0 184557.0 302612.0 262173.0 213388.0 249890.0 225444.0 246153.0 271334.0 199658.0 242772.0 270617.0 146462.0 253101.0 216809.0 253288.0 270421.0 201476.0 249046.0 158720.0 199992.0 260450.0 158714.0 244898.0 227085.0 184400.0 130060.0 148066.0
234 75380.0 185357.0 123396.0 259561.0 224019.0 105024.0 294865.0 227528.0 148910.0 225624.0 189236.0 217239.0 235211.0 138517.0 198085.0 158849.0 67990.0 212928.0 159128.0 209330.0 262680.0 138185.0 223818.0 81402.0 123288.0 161850.0 79793.0 217751.0 172204.0 118337.0 53808.0 64196.0
237 26494.0 103441.0 50182.0 216082.0 156449.0 40267.0 266967.0 151752.0 68128.0 162045.0 119528.0 151843.0 155542.0 63942.0 116651.0 63013.0 23360.0 132912.0 82052.0 131805.0 234466.0 63935.0 161296.0 29619.0 50201.0 69711.0 29730.0 156163.0 93658.0 51648.0 19197.0 22404.0
240 15405.0 43217.0 19100.0 143766.0 81279.0 17531.0 202887.0 74584.0 25601.0 86337.0 54819.0 80274.0 76167.0 25099.0 50596.0 26217.0 12897.0 60440.0 33857.0 63449.0 180909.0 25028.0 86790.0 14742.0 20188.0 30463.0 14692.0 86047.0 39689.0 21076.0 11875.0 13498.0
243 12730.0 17141.0 11386.0 59166.0 28289.0 11914.0 100615.0 26306.0 13493.0 30447.0 19695.0 28282.0 27470.0 12600.0 19118.0 17706.0 10326.0 21882.0 15639.0 23628.0 97214.0 13397.0 30288.0 11089.0 12701.0 17994.0 11214.0 31861.0 17026.0 12090.0 10086.0 11068.0
246 11597.0 13023.0 9655.0 23858.0 15840.0 10269.0 38174.0 16192.0 11285.0 15778.0 13059.0 15267.0 17154.0 10487.0 13522.0 16224.0 9538.0 14524.0 12336.0 15253.0 38562.0 11047.0 16122.0 9640.0 11361.0 15169.0 10010.0 16782.0 13083.0 10341.0 9206.0 9956.0
249 10902.0 11136.0 8758.0 16339.0 12600.0 9438.0 19992.0 13587.0 9814.0 12849.0 11197.0 12297.0 14423.0 9578.0 11554.0 14964.0 8812.0 11976.0 10625.0 12700.0 19060.0 9982.0 12766.0 8841.0 9955.0 13456.0 9344.0 13498.0 11665.0 9164.0 8742.0 9332.0
252 10342.0 10237.0 8084.0 14255.0 11204.0 9018.0 16826.0 12024.0 9055.0 11286.0 10329.0 10967.0 13266.0 8540.0 10475.0 14277.0 8430.0 10729.0 9730.0 11140.0 15717.0 9514.0 11127.0 8527.0 9228.0 12592.0 8954.0 11682.0 10515.0 8763.0 8411.0 8955.0
255 10087.0 9903.0 7881.0 12827.0 10449.0 8590.0 14524.0 11016.0 8532.0 10377.0 9462.0 9974.0 12362.0 8324.0 9669.0 13628.0 8390.0 9860.0 9275.0 10532.0 13423.0 8883.0 10195.0 8226.0 9034.0 12186.0 8516.0 10610.0 10074.0 8388.0 8137.0 8790.0
258 10043.0 9393.0 7699.0 11726.0 9896.0 8527.0 13082.0 10538.0 8511.0 9648.0 8879.0 9431.0 11860.0 8270.0 9357.0 13090.0 8178.0 9575.0 9280.0 10020.0 11869.0 8802.0 9619.0 8082.0 8759.0 11954.0 8437.0 10165.0 9799.0 8258.0 7988.0 8622.0
261 9859.0 9339.0 7625.0 11477.0 9722.0 8402.0 12590.0 10424.0 8449.0 9684.0 8951.0 9291.0 11836.0 8190.0 9340.0 13283.0 8185.0 9507.0 9046.0 10079.0 11409.0 8758.0 9248.0 7999.0 8623.0 11765.0 8165.0 9935.0 9658.0 7923.0 7812.0 8589.0
264 9763.0 9197.0 7405.0 11316.0 9554.0 8330.0 12224.0 10174.0 8303.0 9511.0 8970.0 9147.0 11625.0 7948.0 9111.0 12952.0 7630.0 9260.0 8852.0 9716.0 11196.0 8451.0 9592.0 7702.0 8651.0 11540.0 8247.0 9772.0 9518.0 7923.0 7724.0 8379.0
267 9569.0 9189.0 7455.0 11072.0 9475.0 8141.0 11944.0 10071.0 8042.0 9379.0 8755.0 9017.0 11623.0 7927.0 8977.0 12620.0 7688.0 9182.0 8678.0 9733.0 11085.0 8348.0 9291.0 7532.0 8580.0 11173.0 8174.0 9738.0 9472.0 7943.0 7623.0 8256.0
270 9330.0 9125.0 7196.0 11102.0 9110.0 8070.0 12035.0 10100.0 7954.0 9405.0 8504.0 8873.0 11343.0 7856.0 8763.0 12657.0 7799.0 9034.0 8678.0 9368.0 10973.0 8415.0 9345.0 7592.0 8418.0 11105.0 7921.0 9544.0 9315.0 7766.0 7524.0 8121.0
273 9417.0 8719.0 7086.0 10832.0 9086.0 7899.0 11930.0 9870.0 7793.0 9299.0 8625.0 8848.0 10861.0 7808.0 8778.0 12801.0 7604.0 8870.0 8355.0 9403.0 10943.0 8251.0 9091.0 7430.0 8141.0 10986.0 7837.0 9412.0 9060.0 7726.0 7375.0 7990.0
276 9164.0 8718.0 7016.0 10713.0 9027.0 7734.0 11463.0 9786.0 7623.0 8945.0 8370.0 8773.0 10959.0 7516.0 8492.0 12248.0 7361.0 8650.0 8148.0 9005.0 10626.0 8194.0 8798.0 7190.0 8155.0 10649.0 7557.0 9585.0 9044.0 7378.0 7143.0 7870.0
279 8936.0 8382.0 6847.0 10524.0 8928.0 7498.0 11537.0 9544.0 7418.0 8888.0 8275.0 8459.0 10786.0 7425.0 8362.0 12039.0 7217.0 8569.0 8131.0 9127.0 10464.0 7925.0 8688.0 7235.0 7688.0 10482.0 7337.0 9333.0 8878.0 7303.0 6997.0 7587.0
282 8669.0 8175.0 6702.0 10371.0 8887.0 7455.0 11359.0 9361.0 7328.0 8706.0 8289.0 8562.0 10332.0 7171.0 8307.0 11395.0 7202.0 8404.0 8015.0 8850.0 10180.0 7772.0 8620.0 7001.0 7823.0 9911.0 7238.0 8906.0 8562.0 7097.0 6595.0 7272.0
285 8279.0 8189.0 6450.0 10182.0 8536.0 7270.0 11047.0 9201.0 7329.0 8584.0 7951.0 8209.0 10188.0 7054.0 7900.0 11018.0 6820.0 8123.0 7833.0 8595.0 10074.0 7530.0 8348.0 6675.0 7558.0 9804.0 6969.0 8888.0 8504.0 7125.0 6427.0 6964.0
288 7843.0 7871.0 6287.0 9903.0 8388.0 6924.0 10964.0 9115.0 7078.0 8479.0 7620.0 8039.0 10076.0 6816.0 7901.0 10617.0 6272.0 8036.0 7498.0 8535.0 9844.0 7379.0 8054.0 6301.0 7290.0 9207.0 6434.0 8817.0 8182.0 6849.0 5811.0 6410.0
291 7087.0 7671.0 5981.0 9755.0 8099.0 6586.0 10531.0 8975.0 6683.0 8081.0 7563.0 7881.0 9725.0 6304.0 7506.0 9765.0 5456.0 7703.0 7407.0 8411.0 9759.0 7064.0 8102.0 5475.0 6704.0 8774.0 5521.0 8488.0 7997.0 6320.0 4833.0 5372.0
294 5534.0 7647.0 5361.0 9442.0 7932.0 5606.0 10401.0 8517.0 6287.0 7828.0 7162.0 7516.0 9661.0 5860.0 7274.0 8266.0 4143.0 7281.0 6904.0 7866.0 9558.0 6601.0 7814.0 4561.0 6134.0 7503.0 4435.0 8159.0 7396.0 5743.0 3640.0 3937.0
297 3431.0 6698.0 4100.0 9135.0 7753.0 4105.0 10293.0 8202.0 5367.0 7630.0 6943.0 7207.0 8929.0 5033.0 6436.0 5947.0 2551.0 6770.0 6090.0 7281.0 9359.0 5672.0 7490.0 3015.0 4566.0 5801.0 2830.0 7900.0 6566.0 4393.0 2120.0 2384.0
300 1871.0 5601.0 2778.0 8983.0 7228.0 2571.0 9896.0 7386.0 3864.0 6951.0 6016.0 6536.0 8207.0 3608.0 5459.0 3924.0 1386.0 5684.0 4661.0 6480.0 9078.0 4259.0 6795.0 1753.0 3017.0 3760.0 1600.0 7201.0 5525.0 2992.0 1019.0 1111.0
303 948.0 4207.0 1366.0 8343.0 6275.0 1217.0 9585.0 6246.0 2281.0 5839.0 4761.0 5336.0 6599.0 2089.0 3755.0 1939.0 677.0 4454.0 3242.0 5120.0 8644.0 2632.0 5619.0 854.0 1542.0 2112.0 803.0 6122.0 3846.0 1702.0 542.0 604.0
306 691.0 2626.0 727.0 7309.0 5146.0 763.0 8398.0 4877.0 1154.0 4482.0 3266.0 3964.0 5027.0 1101.0 2489.0 1183.0 491.0 2848.0 1806.0 3559.0 7843.0 1475.0 4273.0 526.0 829.0 1163.0 584.0 4832.0 2345.0 977.0 468.0 484.0
309 596.0 1306.0 461.0 5671.0 3436.0 541.0 7130.0 2827.0 632.0 2930.0 1820.0 2469.0 2992.0 629.0 1242.0 820.0 456.0 1566.0 971.0 2124.0 6938.0 769.0 2671.0 463.0 545.0 831.0 491.0 3278.0 1144.0 586.0 444.0 504.0
312 546.0 740.0 393.0 3436.0 1817.0 465.0 4896.0 1444.0 527.0 1446.0 893.0 1240.0 1572.0 438.0 679.0 734.0 428.0 797.0 626.0 1093.0 5146.0 571.0 1311.0 426.0 505.0 673.0 438.0 1741.0 769.0 472.0 372.0 435.0
315 546.0 569.0 356.0 1799.0 958.0 454.0 2972.0 876.0 434.0 785.0 620.0 662.0 899.0 416.0 508.0 671.0 440.0 535.0 474.0 670.0 3278.0 522.0 774.0 371.0 470.0 553.0 397.0 880.0 561.0 458.0 404.0 442.0
318 510.0 509.0 362.0 1072.0 657.0 405.0 1502.0 658.0 409.0 569.0 492.0 528.0 761.0 414.0 495.0 697.0 405.0 482.0 466.0 600.0 1847.0 467.0 581.0 378.0 433.0 554.0 421.0 632.0 513.0 411.0 392.0 411.0
321 489.0 461.0 360.0 835.0 550.0 388.0 1022.0 607.0 367.0 545.0 514.0 489.0 673.0 422.0 481.0 709.0 405.0 466.0 473.0 528.0 1052.0 426.0 491.0 379.0 446.0 561.0 395.0 597.0 522.0 400.0 343.0 448.0
324 505.0 484.0 355.0 711.0 525.0 419.0 766.0 557.0 401.0 518.0 499.0 463.0 708.0 364.0 483.0 693.0 417.0 415.0 470.0 551.0 744.0 431.0 451.0 347.0 418.0 543.0 385.0 512.0 490.0 414.0 351.0 410.0
327 475.0 475.0 342.0 665.0 478.0 378.0 732.0 570.0 365.0 492.0 459.0 454.0 683.0 404.0 464.0 598.0 404.0 467.0 476.0 479.0 667.0 465.0 487.0 390.0 413.0 511.0 374.0 498.0 467.0 406.0 343.0 367.0
330 442.0 425.0 335.0 610.0 472.0 376.0 663.0 499.0 373.0 464.0 451.0 442.0 620.0 387.0 464.0 648.0 362.0 449.0 486.0 489.0 634.0 382.0 441.0 347.0 418.0 546.0 368.0 488.0 485.0 367.0 330.0 370.0
333 447.0 464.0 296.0 595.0 485.0 392.0 705.0 516.0 392.0 481.0 410.0 420.0 638.0 361.0 390.0 601.0 367.0 467.0 422.0 497.0 638.0 423.0 439.0 334.0 387.0 502.0 345.0 530.0 461.0 358.0 283.0 388.0
336 460.0 409.0 344.0 625.0 503.0 345.0 660.0 493.0 352.0 446.0 418.0 457.0 627.0 344.0 371.0 615.0 373.0 362.0 425.0 435.0 596.0 381.0 438.0 312.0 399.0 495.0 347.0 472.0 467.0 342.0 306.0 333.0
339 466.0 418.0 278.0 582.0 436.0 366.0 601.0 503.0 354.0 498.0 433.0 420.0 565.0 328.0 372.0 606.0 356.0 397.0 419.0 442.0 580.0 390.0 458.0 334.0 357.0 510.0 386.0 485.0 471.0 373.0 353.0 374.0
342 458.0 423.0 287.0 572.0 454.0 342.0 563.0 488.0 344.0 438.0 438.0 413.0 548.0 369.0 385.0 545.0 341.0 386.0 402.0 436.0 603.0 387.0 426.0 286.0 342.0 464.0 350.0 446.0 487.0 367.0 287.0 341.0
345 426.0 415.0 272.0 566.0 440.0 359.0 607.0 462.0 332.0 448.0 415.0 401.0 573.0 335.0 365.0 555.0 305.0 381.0 396.0 450.0 559.0 391.0 398.0 307.0 341.0 461.0 325.0 488.0 398.0 327.0 277.0 323.0
348 392.0 408.0 281.0 567.0 458.0 305.0 627.0 501.0 354.0 394.0 391.0 395.0 571.0 310.0 365.0 517.0 289.0 367.0 366.0 407.0 508.0 349.0 468.0 272.0 343.0 422.0 310.0 444.0 445.0 312.0 264.0 280.0
351 383.0 368.0 267.0 527.0 411.0 283.0 582.0 448.0 321.0 428.0 370.0 397.0 595.0 318.0 357.0 440.0 261.0 336.0 362.0 389.0 560.0 357.0 389.0 255.0 319.0 406.0 246.0 450.0 427.0 329.0 246.0 243.0
354 344.0 359.0 251.0 519.0 395.0 261.0 584.0 424.0 297.0 394.0 350.0 385.0 487.0 264.0 351.0 403.0 215.0 337.0 330.0 401.0 516.0 315.0 376.0 197.0 274.0 375.0 210.0 418.0 400.0 271.0 175.0 223.0
357 244.0 374.0 220.0 497.0 418.0 213.0 547.0 438.0 258.0 395.0 348.0 337.0 480.0 263.0 327.0 372.0 170.0 278.0 298.0 356.0 514.0 318.0 378.0 176.0 263.0 323.0 214.0 413.0 349.0 251.0 150.0 170.0
360 162.0 330.0 141.0 450.0 363.0 183.0 517.0 423.0 189.0 390.0 369.0 311.0 481.0 207.0 286.0 281.0 87.0 318.0 257.0 353.0 505.0 270.0 364.0 149.0 233.0 237.0 117.0 416.0 316.0 193.0 94.0 102.0
363 90.0 276.0 115.0 491.0 392.0 129.0 527.0 365.0 182.0 405.0 297.0 327.0 430.0 163.0 238.0 198.0 59.0 257.0 242.0 296.0 460.0 231.0 338.0 69.0 127.0 180.0 84.0 365.0 286.0 158.0 44.0 41.0
366 63.0 250.0 66.0 463.0 320.0 71.0 498.0 349.0 98.0 301.0 275.0 219.0 394.0 121.0 219.0 119.0 38.0 226.0 188.0 279.0 471.0 174.0 279.0 41.0 108.0 111.0 44.0 359.0 246.0 101.0 39.0 31.0
369 32.0 193.0 41.0 445.0 324.0 44.0 487.0 269.0 66.0 284.0 194.0 247.0 332.0 75.0 144.0 75.0 31.0 169.0 143.0 244.0 472.0 139.0 272.0 36.0 66.0 75.0 35.0 343.0 155.0 75.0 32.0 30.0
372 36.0 120.0 32.0 419.0 246.0 31.0 459.0 258.0 41.0 233.0 163.0 171.0 245.0 53.0 112.0 57.0 27.0 124.0 88.0 180.0 405.0 68.0 222.0 21.0 35.0 51.0 33.0 274.0 104.0 38.0 30.0 26.0
375 39.0 73.0 16.0 329.0 187.0 27.0 359.0 178.0 26.0 150.0 102.0 128.0 181.0 32.0 78.0 45.0 35.0 63.0 50.0 125.0 347.0 43.0 154.0 18.0 34.0 30.0 18.0 183.0 63.0 28.0 24.0 28.0
378 40.0 41.0 25.0 204.0 135.0 16.0 339.0 109.0 35.0 66.0 51.0 66.0 112.0 23.0 42.0 45.0 29.0 42.0 29.0 70.0 314.0 38.0 79.0 19.0 29.0 28.0 27.0 128.0 45.0 32.0 24.0 19.0
381 29.0 40.0 14.0 151.0 85.0 17.0 248.0 50.0 32.0 53.0 47.0 55.0 69.0 25.0 27.0 41.0 24.0 26.0 34.0 45.0 254.0 30.0 56.0 27.0 28.0 32.0 26.0 66.0 42.0 32.0 18.0 15.0
384 33.0 24.0 21.0 113.0 52.0 19.0 174.0 53.0 21.0 33.0 26.0 34.0 55.0 20.0 35.0 40.0 18.0 31.0 29.0 32.0 190.0 23.0 30.0 13.0 26.0 29.0 23.0 40.0 36.0 15.0 24.0 25.0
387 31.0 30.0 21.0 56.0 33.0 26.0 124.0 44.0 15.0 32.0 29.0 30.0 40.0 24.0 44.0 45.0 18.0 28.0 28.0 34.0 147.0 33.0 39.0 15.0 21.0 27.0 22.0 56.0 35.0 26.0 15.0 23.0
390 30.0 26.0 14.0 59.0 26.0 21.0 65.0 29.0 19.0 39.0 28.0 24.0 53.0 30.0 21.0 33.0 23.0 23.0 25.0 33.0 85.0 25.0 30.0 18.0 27.0 44.0 21.0 36.0 23.0 22.0 16.0 19.0
393 26.0 32.0 20.0 38.0 23.0 20.0 50.0 37.0 22.0 30.0 31.0 31.0 50.0 20.0 26.0 29.0 18.0 20.0 16.0 29.0 47.0 20.0 26.0 26.0 23.0 32.0 23.0 27.0 32.0 31.0 11.0 18.0
396 24.0 32.0 16.0 36.0 30.0 17.0 49.0 27.0 27.0 17.0 28.0 23.0 49.0 32.0 33.0 33.0 20.0 27.0 29.0 40.0 51.0 29.0 23.0 22.0 22.0 31.0 20.0 34.0 36.0 23.0 20.0 15.0
399 27.0 21.0 20.0 46.0 18.0 13.0 35.0 33.0 12.0 26.0 29.0 20.0 39.0 16.0 31.0 28.0 19.0 29.0 19.0 34.0 44.0 15.0 17.0 11.0 25.0 21.0 22.0 27.0 27.0 20.0 16.0 19.0
402 20.0 17.0 14.0 26.0 26.0 24.0 47.0 30.0 18.0 22.0 26.0 18.0 35.0 15.0 14.0 34.0 17.0 20.0 24.0 28.0 38.0 19.0 26.0 17.0 27.0 20.0 11.0 28.0 32.0 12.0 12.0 23.0
405 24.0 30.0 20.0 37.0 23.0 19.0 42.0 25.0 19.0 32.0 25.0 17.0 52.0 19.0 23.0 25.0 18.0 20.0 27.0 23.0 35.0 22.0 18.0 17.0 20.0 19.0 11.0 28.0 20.0 17.0 8.0 17.0
408 24.0 29.0 14.0 41.0 20.0 24.0 50.0 30.0 19.0 39.0 27.0 42.0 29.0 20.0 25.0 27.0 18.0 16.0 16.0 27.0 34.0 19.0 19.0 10.0 22.0 29.0 16.0 35.0 34.0 25.0 14.0 10.0
411 27.0 17.0 12.0 41.0 33.0 13.0 36.0 25.0 18.0 19.0 25.0 23.0 31.0 23.0 15.0 20.0 9.0 20.0 21.0 27.0 41.0 18.0 18.0 12.0 15.0 19.0 13.0 27.0 24.0 15.0 4.0 14.0
414 13.0 25.0 12.0 37.0 31.0 13.0 40.0 29.0 17.0 23.0 28.0 16.0 39.0 17.0 18.0 25.0 9.0 17.0 18.0 26.0 33.0 28.0 18.0 14.0 17.0 14.0 9.0 23.0 28.0 9.0 10.0 7.0
417 9.0 15.0 19.0 27.0 24.0 16.0 46.0 25.0 15.0 19.0 17.0 19.0 32.0 15.0 18.0 15.0 4.0 22.0 18.0 21.0 37.0 15.0 27.0 11.0 16.0 23.0 12.0 25.0 17.0 16.0 4.0 6.0
420 14.0 22.0 10.0 24.0 23.0 8.0 25.0 20.0 8.0 19.0 20.0 27.0 26.0 7.0 20.0 22.0 7.0 18.0 17.0 28.0 27.0 16.0 26.0 7.0 12.0 9.0 5.0 23.0 16.0 7.0 3.0 3.0
423 7.0 26.0 3.0 40.0 24.0 11.0 40.0 22.0 10.0 24.0 19.0 18.0 41.0 10.0 19.0 11.0 0.0 13.0 15.0 16.0 38.0 10.0 21.0 6.0 8.0 7.0 2.0 27.0 21.0 10.0 2.0 4.0
426 4.0 12.0 8.0 23.0 27.0 4.0 28.0 23.0 6.0 18.0 12.0 8.0 24.0 12.0 7.0 12.0 1.0 15.0 12.0 15.0 28.0 12.0 19.0 4.0 8.0 7.0 7.0 16.0 11.0 13.0 2.0 1.0
429 2.0 12.0 2.0 30.0 16.0 0.0 19.0 14.0 5.0 21.0 19.0 17.0 18.0 8.0 5.0 6.0 2.0 12.0 12.0 18.0 20.0 7.0 18.0 2.0 5.0 4.0 0.0 17.0 9.0 6.0 1.0 2.0
432 0.0 8.0 4.0 29.0 11.0 2.0 41.0 14.0 1.0 10.0 11.0 8.0 13.0 2.0 8.0 2.0 1.0 8.0 3.0 13.0 29.0 6.0 18.0 5.0 5.0 3.0 3.0 16.0 8.0 4.0 1.0 1.0
435 1.0 4.0 2.0 15.0 17.0 1.0 29.0 20.0 7.0 8.0 5.0 9.0 16.0 1.0 2.0 3.0 0.0 5.0 4.0 12.0 21.0 2.0 9.0 2.0 3.0 3.0 0.0 10.0 8.0 2.0 2.0 2.0
438 0.0 8.0 0.0 21.0 7.0 2.0 21.0 6.0 2.0 8.0 7.0 5.0 11.0 0.0 6.0 2.0 0.0 4.0 3.0 9.0 36.0 5.0 7.0 2.0 1.0 2.0 1.0 14.0 5.0 1.0 2.0 3.0
441 3.0 2.0 2.0 22.0 9.0 1.0 16.0 3.0 2.0 5.0 9.0 2.0 7.0 5.0 0.0 3.0 4.0 0.0 2.0 0.0 13.0 4.0 5.0 3.0 2.0 2.0 1.0 6.0 2.0 0.0 2.0 1.0
444 2.0 2.0 2.0 8.0 4.0 0.0 12.0 4.0 0.0 5.0 3.0 0.0 7.0 3.0 2.0 2.0 2.0 5.0 1.0 2.0 13.0 3.0 0.0 2.0 1.0 5.0 0.0 8.0 1.0 1.0 2.0 2.0
447 0.0 5.0 0.0 5.0 8.0 2.0 10.0 2.0 1.0 2.0 6.0 2.0 3.0 2.0 1.0 1.0 3.0 2.0 3.0 2.0 16.0 4.0 1.0 1.0 2.0 3.0 3.0 5.0 1.0 0.0 3.0 0.0
