150 17844196.0 17853126.0 17844079.0 17818994.0 17837482.0 17816853.0 17835414.0 17802027.0 17828385.0 17800655.0 17794717.0 17817948.0 17826268.0 17835479.0 17825925.0 17815155.0 17832600.0 17832213.0 17829609.0 17831758.0 17812459.0 17825352.0 17811122.0 17827159.0 17814526.0 17833957.0 17809976.0 17828773.0 17801120.0 17824674.0 17838482.0 17840906.0
153 18602775.0 18611101.0 18606962.0 18583458.0 18602376.0 18582051.0 18602310.0 18566983.0 18595561.0 18562187.0 18556625.0 18584729.0 18589723.0 18600675.0 18590089.0 18581516.0 18599263.0 18601943.0 18598058.0 18598548.0 18579201.0 18592590.0 18580146.0 18595897.0 18584855.0 18603865.0 18576720.0 18598540.0 18567534.0 18593228.0 18603025.0 18606085.0
156 18842554.0 18849579.0 18842114.0 18802768.0 18832545.0 18799301.0 18830825.0 18784969.0 18821607.0 18779301.0 18782313.0 18803263.0 18817559.0 18826427.0 18819814.0 18799345.0 18824309.0 18828378.0 18822420.0 18823154.0 18796587.0 18815956.0 18798606.0 18819937.0 18804225.0 18827775.0 18793460.0 18821728.0 18785091.0 18822568.0 18830381.0 18833952.0
159 19122608.0 19128066.0 19122938.0 19088026.0 19116722.0 19085477.0 19115080.0 19071179.0 19106776.0 19064692.0 19067916.0 19090705.0 19101803.0 19110392.0 19102755.0 19085439.0 19109654.0 19114634.0 19109134.0 19109576.0 19084010.0 19102769.0 19085502.0 19107219.0 19092016.0 19114530.0 19081169.0 19108878.0 19070544.0 19107124.0 19116075.0 19119449.0
162 19315566.0 19319685.0 19315982.0 19281821.0 19312360.0 19279446.0 19310876.0 19265194.0 19302089.0 19258590.0 19264025.0 19285384.0 19295549.0 19305548.0 19295806.0 19279523.0 19305995.0 19310266.0 19304975.0 19306348.0 19278201.0 19298068.0 19280801.0 19303448.0 19287523.0 19311198.0 19276153.0 19306057.0 19267536.0 19302464.0 19312006.0 19315143.0
165 19416409.0 19417956.0 19416824.0 19384385.0 19415632.0 19381132.0 19414593.0 19364688.0 19405547.0 19359489.0 19367261.0 19387263.0 19398144.0 19408394.0 19398431.0 19381992.0 19409760.0 19414536.0 19409459.0 19410687.0 19381850.0 19401683.0 19383904.0 19406475.0 19390378.0 19415560.0 19378646.0 19410017.0 19369275.0 19405575.0 19414253.0 19419666.0
168 19603211.0 19603963.0 19603471.0 19568287.0 19602318.0 19565199.0 19600939.0 19552063.0 19591848.0 19543395.0 19554081.0 19574328.0 19584309.0 19594125.0 19583713.0 19567376.0 19597079.0 19601724.0 19596427.0 19596680.0 19566734.0 19586671.0 19568728.0 19591838.0 19575479.0 19600235.0 19562797.0 19595124.0 19552586.0 19589790.0 19598708.0 19604992.0
171 19516187.0 19513390.0 19513096.0 19461194.0 19513285.0 19452731.0 19509757.0 19437849.0 19498497.0 19429616.0 19464245.0 19478452.0 19490917.0 19500204.0 19489571.0 19466092.0 19506997.0 19510516.0 19504723.0 19503688.0 19463410.0 19489259.0 19467960.0 19494970.0 19477625.0 19502699.0 19459908.0 19497203.0 19455607.0 19491671.0 19499554.0 19509671.0
174 18925954.0 18869414.0 18852573.0 18591196.0 18868844.0 18551101.0 18843891.0 18514183.0 18800954.0 18515192.0 18763037.0 18679306.0 18797256.0 18794042.0 18815366.0 18667841.0 18812466.0 18843382.0 18808213.0 18802648.0 18588267.0 18759737.0 18641558.0 18773774.0 18715931.0 18788742.0 18598084.0 18777941.0 18660047.0 18785432.0 18765191.0 18814597.0
177 10298109.0 9750354.0 9628324.0 9274840.0 9825101.0 9293588.0 9742019.0 9295721.0 9680736.0 9361519.0 9937426.0 9962928.0 9817541.0 9680385.0 10020440.0 10051963.0 9717345.0 9984918.0 9758431.0 9705940.0 9155164.0 9564612.0 9573262.0 9600490.0 10134370.0 9583403.0 9200015.0 9582399.0 9852066.0 9689841.0 9329677.0 9663868.0
180 7562161.0 7240127.0 7190666.0 7208179.0 7435405.0 7311782.0 7378005.0 7290097.0 7328130.0 7357830.0 7644447.0 8017079.0 7460951.0 7312432.0 7665709.0 8133989.0 7347822.0 7641632.0 7415243.0 7342821.0 7025160.0 7220255.0 7532192.0 7237468.0 8254523.0 7202225.0 7125770.0 7227894.0 7913323.0 7284063.0 6879657.0 7240381.0
183 2043829.0 1849724.0 1815886.0 1750343.0 1947274.0 1795370.0 1891754.0 1806082.0 1864456.0 1867984.0 2179475.0 2100234.0 1923203.0 1827009.0 2043933.0 2186981.0 1851958.0 1972421.0 1884983.0 1831952.0 1666469.0 1808551.0 1862050.0 1792176.0 2214636.0 1768824.0 1711987.0 1794639.0 2127826.0 1826526.0 1640169.0 1817833.0
186 411868.0 336639.0 319712.0 339321.0 382140.0 343709.0 332688.0 387763.0 341124.0 424264.0 611075.0 390481.0 361522.0 308729.0 383705.0 399204.0 329210.0 326503.0 331992.0 326285.0 321215.0 335697.0 322726.0 306208.0 374673.0 291379.0 319732.0 315010.0 424884.0 311930.0 293510.0 329988.0
189 346883.0 298677.0 288111.0 305635.0 317859.0 300893.0 278976.0 368429.0 292700.0 379257.0 516103.0 297008.0 310318.0 266590.0 305904.0 294360.0 287935.0 262728.0 283697.0 284758.0 301534.0 292008.0 280555.0 269014.0 271010.0 249376.0 299363.0 271347.0 342886.0 275989.0 271484.0 287382.0
192 341262.0 295402.0 285546.0 301426.0 310831.0 296700.0 273322.0 366052.0 288768.0 374276.0 524629.0 285463.0 306708.0 263117.0 298165.0 280181.0 283870.0 258120.0 279475.0 281123.0 297856.0 287397.0 276394.0 267145.0 251761.0 244734.0 296930.0 266104.0 326272.0 274176.0 271169.0 282999.0
195 340980.0 295361.0 286240.0 301847.0 311141.0 296264.0 273424.0 368871.0 288605.0 374378.0 512754.0 284673.0 306275.0 264030.0 298453.0 279343.0 284608.0 257616.0 278775.0 280813.0 299254.0 287290.0 276467.0 266990.0 250575.0 244444.0 295944.0 265341.0 325153.0 272473.0 271362.0 282763.0
198 341745.0 295367.0 285591.0 301701.0 310698.0 296060.0 273024.0 369153.0 288787.0 373302.0 510060.0 285217.0 307204.0 264206.0 299136.0 280150.0 284387.0 257341.0 279700.0 279891.0 298174.0 286388.0 275292.0 266368.0 250137.0 244101.0 294923.0 265568.0 336235.0 271589.0 270321.0 281462.0
201 335793.0 295417.0 284537.0 300195.0 310180.0 295965.0 274614.0 354267.0 288055.0 373326.0 507834.0 284384.0 305551.0 263621.0 298148.0 280450.0 283996.0 256883.0 278933.0 279545.0 297226.0 285463.0 275433.0 266597.0 250408.0 245154.0 296275.0 264532.0 337845.0 272173.0 270295.0 281868.0
204 337072.0 294556.0 286076.0 301194.0 308889.0 294703.0 275256.0 365997.0 287802.0 373260.0 509682.0 284352.0 306348.0 264149.0 298760.0 280171.0 283289.0 256178.0 277910.0 279774.0 297582.0 286122.0 275023.0 265581.0 249945.0 243965.0 295009.0 263975.0 337020.0 271904.0 269777.0 281183.0
207 335658.0 293050.0 283734.0 298734.0 309203.0 293383.0 272169.0 350360.0 285997.0 372298.0 510541.0 282051.0 304870.0 261681.0 296959.0 278547.0 281771.0 255199.0 277646.0 278287.0 295090.0 284821.0 274711.0 264405.0 248645.0 243068.0 293871.0 263635.0 327708.0 271668.0 269594.0 281235.0
210 337151.0 291754.0 283252.0 299118.0 308191.0 293026.0 272389.0 353356.0 286376.0 372413.0 505607.0 282877.0 304049.0 261243.0 295682.0 277266.0 281924.0 254472.0 277247.0 278658.0 296217.0 283593.0 273866.0 264102.0 248229.0 242847.0 294348.0 263020.0 313842.0 270325.0 268810.0 281290.0
213 336674.0 291434.0 283025.0 300690.0 307488.0 293735.0 271559.0 358998.0 285945.0 370500.0 502456.0 281529.0 304090.0 261794.0 296012.0 278700.0 282058.0 254538.0 276045.0 278656.0 295118.0 283386.0 273304.0 263846.0 249975.0 243123.0 292970.0 262806.0 315051.0 270337.0 268405.0 279964.0
216 336905.0 291513.0 282600.0 299046.0 305439.0 294723.0 270913.0 363681.0 285072.0 370213.0 508905.0 281692.0 303345.0 260746.0 297222.0 278856.0 280404.0 252803.0 276413.0 277742.0 294777.0 282588.0 272122.0 263112.0 247341.0 241853.0 291554.0 262413.0 320573.0 269696.0 266743.0 279280.0
219 333351.0 290021.0 280864.0 296989.0 303685.0 290623.0 269474.0 348758.0 281887.0 366682.0 502639.0 279850.0 301935.0 259115.0 294572.0 276604.0 278734.0 252129.0 273086.0 275401.0 292907.0 280363.0 270147.0 261032.0 245978.0 240127.0 289946.0 260724.0 319564.0 268725.0 265131.0 277900.0
222 330896.0 288748.0 279318.0 295589.0 302848.0 289363.0 267418.0 349154.0 281722.0 364430.0 498028.0 277955.0 300543.0 257897.0 292203.0 275591.0 277006.0 251063.0 272220.0 273344.0 290611.0 279980.0 269328.0 260727.0 245755.0 238514.0 287700.0 258750.0 317526.0 266431.0 264320.0 275983.0
225 330482.0 288121.0 278143.0 294251.0 301212.0 288555.0 266578.0 347071.0 279843.0 367670.0 493586.0 277626.0 299603.0 256559.0 292053.0 273754.0 274307.0 244584.0 268909.0 272108.0 287585.0 278726.0 266737.0 258254.0 244706.0 236874.0 284431.0 257998.0 309852.0 265183.0 262422.0 272252.0
228 327270.0 287291.0 274122.0 292145.0 294834.0 285248.0 261414.0 336662.0 277687.0 359563.0 487389.0 272919.0 297586.0 254800.0 290183.0 273358.0 264046.0 228806.0 259689.0 266395.0 279167.0 277261.0 262036.0 254037.0 241866.0 231081.0 274362.0 252852.0 308539.0 261822.0 256797.0 259283.0
231 320649.0 283212.0 268626.0 286406.0 275508.0 278786.0 243195.0 308422.0 267211.0 352541.0 476102.0 259136.0 293821.0 249198.0 288188.0 269023.0 226222.0 178541.0 227267.0 242142.0 245822.0 271340.0 239263.0 238383.0 233709.0 210561.0 238445.0 237655.0 314522.0 249218.0 239195.0 220516.0
234 297542.0 271395.0 237950.0 265070.0 214180.0 251930.0 188070.0 226446.0 230764.0 325061.0 463720.0 211446.0 283721.0 226436.0 278437.0 256279.0 149830.0 95145.0 151953.0 184500.0 171199.0 250195.0 178379.0 189183.0 203772.0 156417.0 160897.0 189466.0 285986.0 207357.0 187273.0 144792.0
237 231420.0 230438.0 162624.0 203726.0 121087.0 184665.0 102565.0 125756.0 155827.0 254722.0 403027.0 125984.0 246246.0 165893.0 244664.0 216048.0 69329.0 34960.0 69611.0 98534.0 84694.0 197881.0 92713.0 110796.0 140669.0 83825.0 76632.0 112787.0 239713.0 127393.0 109693.0 66825.0
240 129257.0 148401.0 76913.0 111311.0 49598.0 95996.0 39918.0 52857.0 74251.0 143445.0 259214.0 51651.0 170049.0 86250.0 167069.0 144005.0 27630.0 16719.0 26718.0 38009.0 33837.0 118336.0 35657.0 45435.0 66906.0 33607.0 30510.0 46729.0 154240.0 53395.0 46874.0 26779.0
243 51691.0 66309.0 29985.0 43920.0 23396.0 37629.0 19273.0 25830.0 29317.0 58830.0 113611.0 21890.0 82901.0 33431.0 76038.0 66832.0 17258.0 13118.0 16655.0 19075.0 19409.0 49790.0 18360.0 20624.0 25798.0 16986.0 18708.0 20648.0 72404.0 23095.0 22009.0 16846.0
246 24714.0 26438.0 18474.0 21814.0 17259.0 20450.0 14805.0 19978.0 17932.0 27891.0 44412.0 15707.0 31650.0 18008.0 28615.0 26760.0 14352.0 11478.0 13736.0 15289.0 15651.0 22463.0 14550.0 15400.0 15785.0 13117.0 15380.0 14971.0 29385.0 16280.0 15931.0 14033.0
249 19690.0 19147.0 15476.0 17826.0 14996.0 16709.0 12899.0 17198.0 15330.0 22397.0 33103.0 13848.0 20754.0 14757.0 19507.0 18301.0 13122.0 10682.0 12423.0 13704.0 13783.0 17866.0 13004.0 13341.0 13030.0 11711.0 13736.0 12975.0 21157.0 13985.0 13540.0 12807.0
252 17082.0 16240.0 13572.0 15519.0 13659.0 14609.0 11648.0 15722.0 13551.0 19909.0 28716.0 12746.0 17386.0 12912.0 16852.0 15606.0 12112.0 10081.0 11374.0 12871.0 12756.0 15187.0 11930.0 12147.0 11800.0 10739.0 12717.0 11985.0 18141.0 12631.0 12405.0 11802.0
255 15698.0 14381.0 12286.0 14007.0 12681.0 13589.0 10961.0 15259.0 12399.0 18568.0 25669.0 12009.0 15511.0 12039.0 15535.0 14023.0 11505.0 9856.0 10719.0 12271.0 12047.0 13597.0 11157.0 11550.0 10825.0 9917.0 12164.0 11392.0 16263.0 11723.0 11697.0 11425.0
258 14058.0 12640.0 11372.0 12823.0 11820.0 12275.0 10246.0 13809.0 11529.0 16732.0 22567.0 11266.0 13586.0 11043.0 13692.0 12419.0 10999.0 9139.0 10400.0 11508.0 11557.0 12252.0 10684.0 10831.0 10050.0 9697.0 11516.0 10757.0 13487.0 10783.0 10951.0 10858.0
261 13895.0 12277.0 11186.0 12648.0 11905.0 12232.0 10066.0 13996.0 11309.0 16385.0 21525.0 10955.0 13214.0 10632.0 12960.0 12007.0 10811.0 9356.0 10149.0 11199.0 11462.0 12208.0 10430.0 10612.0 9956.0 9674.0 11482.0 10528.0 13892.0 11064.0 10798.0 10835.0
264 13697.0 12097.0 11046.0 12473.0 11800.0 12011.0 9968.0 14005.0 11004.0 16291.0 21994.0 10839.0 13046.0 10666.0 13013.0 11901.0 10654.0 9034.0 10115.0 11076.0 11088.0 11904.0 10524.0 10701.0 9678.0 9501.0 11286.0 10297.0 13645.0 10752.0 10843.0 10833.0
267 13443.0 12046.0 11041.0 12151.0 11647.0 11609.0 9637.0 13265.0 11056.0 16091.0 22179.0 10930.0 13054.0 10437.0 12980.0 11793.0 10537.0 8870.0 9915.0 11015.0 11126.0 11968.0 10280.0 10483.0 9748.0 9327.0 10976.0 10081.0 12784.0 10803.0 10552.0 10561.0
270 13184.0 12009.0 10667.0 12003.0 11345.0 11590.0 9725.0 13410.0 10862.0 15751.0 22095.0 10609.0 12766.0 10364.0 12721.0 11446.0 10339.0 8840.0 9850.0 11041.0 10925.0 11816.0 10118.0 10352.0 9523.0 9126.0 10914.0 10102.0 12623.0 10558.0 10325.0 10455.0
273 13007.0 11589.0 10705.0 11762.0 11094.0 11322.0 9769.0 12965.0 10775.0 15631.0 21326.0 10335.0 12457.0 10008.0 12606.0 11362.0 10215.0 8650.0 9593.0 10749.0 10686.0 11539.0 9919.0 10151.0 9563.0 9129.0 10794.0 10058.0 12454.0 10378.0 10353.0 10214.0
276 12852.0 11618.0 10296.0 11694.0 10987.0 11245.0 9396.0 13005.0 10685.0 15189.0 21007.0 10269.0 12536.0 10042.0 12457.0 11066.0 9911.0 8402.0 9463.0 10641.0 10603.0 11251.0 9729.0 9997.0 9269.0 8865.0 10624.0 9627.0 12292.0 10141.0 10152.0 10031.0
279 12648.0 11441.0 10228.0 11519.0 10688.0 11035.0 9238.0 12276.0 10406.0 15243.0 20539.0 9949.0 12117.0 10005.0 12245.0 11209.0 9837.0 8046.0 9282.0 10529.0 10107.0 11198.0 9744.0 9673.0 9163.0 8701.0 10422.0 9642.0 12646.0 10077.0 9890.0 9750.0
282 12324.0 11210.0 10163.0 11391.0 10588.0 10941.0 9131.0 11845.0 10123.0 15048.0 20263.0 9798.0 12021.0 9704.0 12198.0 11027.0 9648.0 7954.0 9012.0 10090.0 10089.0 11061.0 9245.0 9735.0 8871.0 8451.0 10001.0 9237.0 12534.0 9922.0 9657.0 9539.0
285 12174.0 10813.0 10081.0 11202.0 10397.0 10638.0 8930.0 12068.0 9841.0 14957.0 19897.0 9540.0 11854.0 9580.0 11931.0 10730.0 9191.0 7823.0 8829.0 9735.0 9904.0 10921.0 9052.0 9519.0 8821.0 8397.0 9695.0 9299.0 12882.0 9684.0 9666.0 9205.0
288 11737.0 10893.0 9593.0 10586.0 10146.0 10410.0 8508.0 11737.0 9818.0 14254.0 19060.0 9268.0 11658.0 9471.0 11556.0 10615.0 9091.0 7250.0 8618.0 9617.0 9392.0 10670.0 8927.0 9446.0 8307.0 8078.0 9278.0 8917.0 12534.0 9452.0 9308.0 8901.0
291 11701.0 10418.0 9296.0 10786.0 9606.0 10209.0 8343.0 11020.0 9420.0 14078.0 18662.0 8859.0 11362.0 9268.0 11600.0 10242.0 8662.0 6281.0 7906.0 9290.0 9045.0 10346.0 8367.0 9036.0 8404.0 7889.0 8897.0 8664.0 11519.0 9241.0 8941.0 8357.0
294 11228.0 10222.0 9177.0 10449.0 9133.0 9985.0 7881.0 10562.0 8932.0 13566.0 17591.0 8509.0 11168.0 8990.0 11114.0 10061.0 7315.0 4955.0 6940.0 8539.0 8097.0 10199.0 7872.0 8388.0 7998.0 7118.0 8047.0 8093.0 11931.0 8788.0 8437.0 7236.0
297 10677.0 10041.0 8909.0 9897.0 7906.0 9594.0 6835.0 8999.0 8382.0 13111.0 17399.0 7566.0 10777.0 8467.0 10790.0 9817.0 5977.0 3250.0 5516.0 7383.0 6970.0 9723.0 6840.0 7658.0 7454.0 6142.0 6354.0 7299.0 10954.0 8114.0 7710.0 5506.0
300 9891.0 9579.0 7821.0 9450.0 6353.0 8648.0 5469.0 7339.0 7566.0 12223.0 16637.0 6098.0 10245.0 7893.0 10329.0 9387.0 4050.0 1759.0 3854.0 5845.0 5160.0 9149.0 5167.0 6165.0 6417.0 4699.0 4685.0 5964.0 10039.0 6943.0 6365.0 3921.0
303 8656.0 9037.0 6551.0 8366.0 4376.0 7712.0 3707.0 5183.0 5994.0 10704.0 14704.0 4411.0 9870.0 6640.0 9727.0 8502.0 2304.0 918.0 2167.0 3804.0 3355.0 8282.0 3354.0 4555.0 5084.0 3242.0 2883.0 4368.0 9364.0 5406.0 4908.0 2341.0
306 6473.0 7780.0 4560.0 6660.0 2556.0 5815.0 2038.0 3007.0 3999.0 8474.0 12440.0 2488.0 8566.0 5120.0 8608.0 7147.0 1262.0 626.0 1091.0 2064.0 1846.0 6475.0 1716.0 2695.0 3347.0 1772.0 1429.0 2533.0 8571.0 3295.0 3066.0 1233.0
309 3921.0 5993.0 2676.0 4409.0 1318.0 3594.0 1030.0 1665.0 2273.0 5601.0 9121.0 1296.0 6791.0 3207.0 6881.0 5620.0 841.0 588.0 751.0 1124.0 1060.0 4525.0 975.0 1419.0 1803.0 958.0 918.0 1237.0 6237.0 1754.0 1706.0 817.0
312 2196.0 4022.0 1395.0 2541.0 895.0 2038.0 739.0 1063.0 1203.0 3226.0 5724.0 825.0 4840.0 1758.0 4567.0 3650.0 741.0 540.0 640.0 878.0 770.0 2635.0 771.0 873.0 969.0 685.0 743.0 844.0 3824.0 1017.0 1002.0 673.0
315 1251.0 2369.0 901.0 1443.0 724.0 1230.0 637.0 851.0 859.0 1809.0 3074.0 668.0 2950.0 1015.0 2599.0 2120.0 640.0 489.0 550.0 733.0 702.0 1549.0 685.0 799.0 710.0 632.0 720.0 680.0 2361.0 795.0 742.0 643.0
318 955.0 1267.0 737.0 917.0 630.0 907.0 544.0 809.0 767.0 1350.0 1897.0 637.0 1548.0 742.0 1374.0 1164.0 639.0 466.0 524.0 667.0 685.0 1028.0 599.0 641.0 597.0 578.0 673.0 679.0 1367.0 632.0 729.0 586.0
321 852.0 878.0 680.0 808.0 619.0 712.0 579.0 719.0 670.0 1081.0 1492.0 602.0 992.0 681.0 975.0 875.0 599.0 442.0 524.0 653.0 610.0 783.0 572.0 635.0 600.0 541.0 645.0 587.0 920.0 591.0 665.0 558.0
324 822.0 735.0 600.0 766.0 607.0 742.0 484.0 748.0 636.0 1029.0 1312.0 598.0 891.0 614.0 822.0 802.0 563.0 466.0 550.0 656.0 625.0 750.0 609.0 624.0 559.0 538.0 642.0 595.0 851.0 661.0 630.0 539.0
327 763.0 721.0 580.0 749.0 612.0 656.0 500.0 735.0 602.0 1002.0 1187.0 575.0 810.0 649.0 839.0 708.0 600.0 462.0 533.0 640.0 589.0 748.0 533.0 617.0 544.0 566.0 607.0 578.0 717.0 597.0 557.0 585.0
330 710.0 699.0 574.0 683.0 616.0 668.0 550.0 729.0 557.0 940.0 1159.0 589.0 795.0 623.0 798.0 686.0 552.0 401.0 515.0 592.0 567.0 725.0 569.0 609.0 509.0 534.0 589.0 540.0 738.0 601.0 574.0 552.0
333 738.0 646.0 591.0 680.0 607.0 649.0 515.0 697.0 590.0 887.0 1203.0 575.0 784.0 568.0 796.0 665.0 545.0 448.0 496.0 624.0 539.0 725.0 507.0 597.0 479.0 512.0 591.0 499.0 741.0 543.0 571.0 528.0
336 726.0 636.0 551.0 643.0 569.0 659.0 489.0 686.0 562.0 865.0 1158.0 543.0 749.0 561.0 755.0 709.0 519.0 442.0 460.0 587.0 547.0 704.0 556.0 512.0 490.0 447.0 565.0 615.0 741.0 565.0 594.0 535.0
339 732.0 667.0 555.0 651.0 533.0 618.0 453.0 668.0 568.0 864.0 1109.0 544.0 719.0 536.0 752.0 680.0 517.0 357.0 467.0 560.0 514.0 624.0 488.0 562.0 502.0 470.0 512.0 554.0 740.0 556.0 536.0 542.0
342 706.0 583.0 554.0 656.0 541.0 594.0 469.0 657.0 537.0 846.0 1086.0 555.0 738.0 573.0 692.0 665.0 497.0 360.0 422.0 548.0 480.0 701.0 495.0 544.0 475.0 523.0 545.0 518.0 728.0 524.0 576.0 511.0
345 680.0 650.0 547.0 632.0 551.0 593.0 467.0 581.0 518.0 851.0 1105.0 500.0 674.0 565.0 655.0 640.0 461.0 357.0 410.0 534.0 531.0 642.0 483.0 520.0 485.0 462.0 493.0 463.0 697.0 529.0 535.0 470.0
348 674.0 593.0 471.0 634.0 517.0 567.0 413.0 630.0 517.0 816.0 1108.0 465.0 674.0 528.0 744.0 633.0 450.0 342.0 414.0 506.0 477.0 634.0 488.0 496.0 446.0 448.0 476.0 447.0 609.0 536.0 509.0 475.0
351 593.0 623.0 499.0 615.0 464.0 594.0 396.0 580.0 513.0 816.0 1053.0 472.0 690.0 524.0 667.0 596.0 419.0 329.0 386.0 510.0 480.0 551.0 435.0 475.0 445.0 382.0 466.0 428.0 672.0 508.0 545.0 423.0
354 577.0 610.0 493.0 581.0 457.0 533.0 386.0 587.0 490.0 804.0 947.0 447.0 629.0 519.0 729.0 585.0 410.0 268.0 360.0 440.0 447.0 596.0 416.0 462.0 437.0 394.0 474.0 429.0 600.0 461.0 472.0 408.0
357 545.0 530.0 420.0 567.0 422.0 516.0 362.0 496.0 468.0 719.0 1008.0 428.0 642.0 464.0 663.0 564.0 331.0 202.0 327.0 442.0 402.0 591.0 354.0 400.0 401.0 409.0 395.0 435.0 647.0 457.0 447.0 356.0
360 574.0 534.0 409.0 556.0 399.0 499.0 327.0 493.0 439.0 740.0 945.0 359.0 640.0 492.0 623.0 579.0 331.0 160.0 271.0 394.0 335.0 516.0 360.0 457.0 362.0 323.0 351.0 401.0 568.0 433.0 426.0 255.0
363 512.0 508.0 418.0 551.0 329.0 462.0 287.0 456.0 413.0 637.0 885.0 335.0 594.0 445.0 628.0 542.0 225.0 88.0 218.0 345.0 280.0 487.0 293.0 359.0 345.0 296.0 245.0 338.0 555.0 377.0 377.0 198.0
366 483.0 499.0 370.0 522.0 254.0 435.0 231.0 324.0 355.0 629.0 847.0 251.0 572.0 378.0 563.0 507.0 167.0 50.0 146.0 263.0 241.0 505.0 206.0 321.0 283.0 208.0 189.0 248.0 513.0 328.0 336.0 150.0
369 386.0 482.0 326.0 414.0 149.0 387.0 157.0 223.0 295.0 529.0 715.0 187.0 582.0 335.0 534.0 468.0 106.0 34.0 96.0 173.0 166.0 436.0 153.0 208.0 224.0 153.0 120.0 210.0 487.0 280.0 264.0 86.0
372 327.0 461.0 279.0 411.0 111.0 311.0 109.0 191.0 202.0 464.0 647.0 103.0 479.0 264.0 439.0 450.0 70.0 34.0 55.0 123.0 89.0 395.0 100.0 149.0 182.0 87.0 86.0 112.0 420.0 164.0 178.0 70.0
375 230.0 365.0 160.0 288.0 66.0 232.0 68.0 92.0 118.0 393.0 579.0 78.0 436.0 199.0 415.0 384.0 46.0 25.0 48.0 79.0 57.0 283.0 50.0 107.0 96.0 67.0 51.0 91.0 389.0 129.0 130.0 50.0
378 139.0 296.0 125.0 200.0 51.0 155.0 33.0 90.0 82.0 245.0 384.0 59.0 343.0 154.0 339.0 281.0 46.0 23.0 28.0 51.0 39.0 239.0 39.0 47.0 63.0 45.0 37.0 49.0 293.0 71.0 78.0 46.0
381 83.0 201.0 72.0 117.0 47.0 96.0 36.0 51.0 51.0 160.0 294.0 51.0 263.0 74.0 210.0 225.0 31.0 25.0 25.0 40.0 63.0 125.0 32.0 58.0 45.0 40.0 40.0 57.0 185.0 48.0 59.0 39.0
384 69.0 141.0 52.0 93.0 36.0 73.0 32.0 49.0 51.0 97.0 193.0 45.0 222.0 70.0 197.0 151.0 35.0 32.0 27.0 48.0 46.0 85.0 33.0 47.0 43.0 38.0 43.0 49.0 125.0 38.0 43.0 29.0
387 50.0 103.0 37.0 73.0 32.0 55.0 36.0 45.0 42.0 82.0 115.0 34.0 141.0 36.0 99.0 108.0 27.0 25.0 27.0 49.0 37.0 63.0 30.0 39.0 47.0 31.0 44.0 39.0 81.0 37.0 28.0 44.0
390 58.0 64.0 27.0 39.0 37.0 49.0 36.0 37.0 43.0 66.0 106.0 32.0 78.0 52.0 77.0 44.0 38.0 21.0 30.0 45.0 43.0 67.0 44.0 52.0 44.0 35.0 39.0 34.0 74.0 43.0 29.0 41.0
393 50.0 44.0 37.0 41.0 37.0 47.0 22.0 41.0 46.0 67.0 86.0 36.0 73.0 42.0 59.0 56.0 42.0 25.0 30.0 41.0 35.0 53.0 40.0 37.0 36.0 37.0 41.0 42.0 58.0 44.0 31.0 32.0
396 48.0 50.0 42.0 41.0 34.0 44.0 28.0 47.0 37.0 70.0 82.0 42.0 48.0 47.0 53.0 48.0 30.0 20.0 28.0 39.0 33.0 59.0 46.0 30.0 23.0 32.0 41.0 37.0 51.0 35.0 20.0 32.0
399 43.0 46.0 37.0 29.0 46.0 55.0 22.0 45.0 26.0 63.0 77.0 47.0 48.0 36.0 43.0 48.0 41.0 20.0 40.0 28.0 26.0 41.0 35.0 29.0 42.0 27.0 32.0 26.0 56.0 30.0 38.0 35.0
402 40.0 58.0 42.0 55.0 26.0 39.0 20.0 35.0 39.0 60.0 69.0 35.0 42.0 33.0 60.0 48.0 40.0 13.0 22.0 43.0 30.0 45.0 21.0 51.0 37.0 30.0 36.0 35.0 47.0 39.0 33.0 32.0
405 26.0 49.0 27.0 35.0 29.0 34.0 27.0 31.0 45.0 61.0 67.0 37.0 66.0 31.0 52.0 60.0 33.0 19.0 14.0 38.0 40.0 46.0 39.0 34.0 37.0 26.0 26.0 38.0 58.0 40.0 42.0 28.0
408 31.0 28.0 32.0 32.0 27.0 39.0 31.0 24.0 27.0 64.0 70.0 42.0 41.0 33.0 56.0 39.0 25.0 16.0 20.0 30.0 40.0 44.0 26.0 27.0 29.0 22.0 32.0 35.0 41.0 36.0 33.0 28.0
411 49.0 52.0 29.0 46.0 30.0 38.0 22.0 39.0 29.0 55.0 73.0 37.0 51.0 33.0 37.0 45.0 22.0 18.0 16.0 41.0 30.0 46.0 32.0 32.0 34.0 26.0 28.0 25.0 44.0 46.0 25.0 28.0
414 32.0 27.0 32.0 41.0 26.0 32.0 23.0 34.0 38.0 57.0 65.0 22.0 54.0 26.0 66.0 40.0 19.0 17.0 30.0 26.0 20.0 37.0 27.0 25.0 26.0 34.0 33.0 31.0 46.0 17.0 30.0 26.0
417 25.0 40.0 30.0 34.0 21.0 25.0 26.0 35.0 26.0 52.0 59.0 33.0 43.0 36.0 40.0 53.0 28.0 11.0 17.0 34.0 19.0 43.0 23.0 23.0 30.0 20.0 27.0 26.0 42.0 28.0 28.0 23.0
420 38.0 29.0 21.0 37.0 25.0 40.0 29.0 24.0 36.0 44.0 71.0 21.0 40.0 35.0 44.0 46.0 17.0 9.0 18.0 16.0 17.0 32.0 18.0 26.0 18.0 23.0 20.0 30.0 30.0 34.0 32.0 12.0
423 31.0 43.0 29.0 36.0 21.0 34.0 25.0 25.0 30.0 46.0 58.0 22.0 43.0 37.0 47.0 44.0 13.0 6.0 12.0 29.0 29.0 33.0 14.0 19.0 18.0 19.0 12.0 30.0 47.0 28.0 28.0 12.0
426 27.0 38.0 24.0 30.0 15.0 23.0 13.0 15.0 20.0 43.0 68.0 21.0 39.0 24.0 39.0 38.0 20.0 4.0 8.0 28.0 7.0 44.0 27.0 16.0 21.0 17.0 18.0 14.0 40.0 27.0 28.0 15.0
429 28.0 40.0 23.0 33.0 14.0 28.0 9.0 13.0 19.0 34.0 58.0 16.0 40.0 25.0 36.0 24.0 8.0 6.0 11.0 16.0 10.0 42.0 12.0 14.0 20.0 12.0 10.0 18.0 30.0 15.0 23.0 12.0
432 26.0 34.0 12.0 27.0 4.0 26.0 7.0 11.0 14.0 37.0 45.0 8.0 40.0 12.0 40.0 29.0 10.0 2.0 7.0 14.0 7.0 29.0 9.0 19.0 14.0 7.0 8.0 15.0 37.0 21.0 13.0 8.0
435 15.0 35.0 9.0 24.0 10.0 17.0 4.0 10.0 9.0 28.0 44.0 4.0 38.0 25.0 35.0 44.0 6.0 0.0 3.0 4.0 6.0 32.0 4.0 11.0 9.0 8.0 2.0 9.0 31.0 7.0 15.0 3.0
438 13.0 28.0 6.0 20.0 10.0 18.0 3.0 6.0 11.0 25.0 31.0 4.0 27.0 15.0 33.0 34.0 4.0 3.0 2.0 2.0 6.0 21.0 8.0 6.0 7.0 4.0 4.0 7.0 20.0 3.0 9.0 1.0
441 12.0 17.0 7.0 19.0 0.0 17.0 1.0 4.0 12.0 23.0 20.0 6.0 26.0 14.0 20.0 19.0 1.0 1.0 3.0 4.0 5.0 17.0 4.0 2.0 6.0 2.0 3.0 7.0 13.0 2.0 6.0 1.0
444 9.0 14.0 8.0 14.0 5.0 10.0 3.0 4.0 3.0 10.0 29.0 3.0 15.0 5.0 29.0 19.0 1.0 1.0 1.0 1.0 3.0 13.0 0.0 3.0 4.0 4.0 2.0 5.0 12.0 3.0 2.0 3.0
447 3.0 9.0 6.0 11.0 2.0 6.0 2.0 5.0 1.0 4.0 10.0 1.0 25.0 5.0 17.0 19.0 4.0 4.0 3.0 3.0 1.0 9.0 3.0 4.0 6.0 3.0 4.0 2.0 10.0 2.0 2.0 1.0
