150 11685041.0 11667621.0 11650671.0 11612818.0 11638034.0 11622209.0 11610021.0 11646219.0 11605069.0 11626578.0 11612665.0 11616037.0 11644958.0 11622252.0 11654762.0 11613451.0 11616383.0 11613768.0 11615703.0 11621392.0 11628075.0 11625902.0 11600705.0 11624040.0 11612230.0 11627118.0 11588322.0 11620829.0 11611192.0 11594615.0 11627617.0 11606688.0
153 18272359.0 18245987.0 18245924.0 18230351.0 18255592.0 18236012.0 18238576.0 18216465.0 18244659.0 18236161.0 18238671.0 18226045.0 18235703.0 18237871.0 18234905.0 18212739.0 18238149.0 18245750.0 18242689.0 18241110.0 18229520.0 18241326.0 18220881.0 18245289.0 18203938.0 18237571.0 18226786.0 18227207.0 18228332.0 18239165.0 18246059.0 18245589.0
156 18576622.0 18550898.0 18548299.0 18529250.0 18557851.0 18534464.0 18539844.0 18515888.0 18545193.0 18534077.0 18539466.0 18525259.0 18537481.0 18539295.0 18535811.0 18512533.0 18537944.0 18546696.0 18543699.0 18542037.0 18527715.0 18542727.0 18520822.0 18545730.0 18503785.0 18539766.0 18527028.0 18528731.0 18528321.0 18539795.0 18547944.0 18548094.0
159 18885804.0 18866051.0 18865035.0 18846875.0 18875349.0 18851920.0 18857519.0 18833227.0 18862664.0 18850934.0 18857383.0 18841759.0 18855968.0 18857971.0 18854123.0 18830635.0 18856608.0 18864841.0 18861666.0 18860605.0 18844873.0 18862363.0 18839899.0 18865107.0 18823658.0 18859694.0 18846420.0 18848160.0 18847581.0 18859242.0 18867439.0 18867360.0
162 19270444.0 19254129.0 19254431.0 19236893.0 19264684.0 19239989.0 19248277.0 19221613.0 19253114.0 19239825.0 19249624.0 19231200.0 19247306.0 19250250.0 19246697.0 19220371.0 19248583.0 19256845.0 19252994.0 19251556.0 19233291.0 19253715.0 19228562.0 19255830.0 19209072.0 19252101.0 19233493.0 19238958.0 19237019.0 19250146.0 19258197.0 19258154.0
165 19678944.0 19662963.0 19663591.0 19640678.0 19675240.0 19643985.0 19657051.0 19623093.0 19663008.0 19643514.0 19658412.0 19634227.0 19655869.0 19659698.0 19654683.0 19621785.0 19656004.0 19666864.0 19660873.0 19659881.0 19635805.0 19662036.0 19630091.0 19663639.0 19611042.0 19661562.0 19636273.0 19645847.0 19639090.0 19658498.0 19667302.0 19666706.0
168 19890530.0 19873007.0 19874375.0 19849979.0 19887023.0 19853706.0 19867826.0 19831295.0 19874052.0 19853843.0 19869300.0 19845912.0 19867699.0 19871045.0 19865732.0 19831872.0 19867353.0 19878539.0 19871103.0 19870383.0 19844273.0 19873125.0 19839719.0 19873651.0 19818277.0 19870981.0 19845625.0 19854303.0 19847963.0 19868404.0 19877709.0 19877580.0
171 19563377.0 19539720.0 19541071.0 19480554.0 19553643.0 19458379.0 19532825.0 19413124.0 19536023.0 19451235.0 19533943.0 19460180.0 19529580.0 19535318.0 19526227.0 19460647.0 19530006.0 19543914.0 19531946.0 19534058.0 19440507.0 19533037.0 19466970.0 19532088.0 19423481.0 19528540.0 19478053.0 19511652.0 19483488.0 19530069.0 19538279.0 19540092.0
174 18699136.0 18635551.0 18620129.0 18309002.0 18582425.0 18183880.0 18578450.0 18089393.0 18518683.0 18145673.0 18527507.0 18231209.0 18509930.0 18521647.0 18467048.0 18266466.0 18493825.0 18504811.0 18471759.0 18507000.0 18159279.0 18451588.0 18219776.0 18415039.0 18135328.0 18449558.0 18247479.0 18452848.0 18208129.0 18518295.0 18523697.0 18558453.0
177 9519195.0 9519331.0 9502567.0 9461161.0 9216412.0 9048964.0 9529758.0 8919055.0 9351506.0 8860920.0 9426523.0 9395735.0 9401136.0 9475928.0 9309452.0 9689755.0 9405756.0 9320824.0 9244694.0 9433402.0 8876271.0 9137712.0 9352199.0 8998110.0 9177850.0 9121271.0 9400310.0 9353665.0 9063163.0 9474458.0 9332991.0 9434857.0
180 7007242.0 7085175.0 7122433.0 7261657.0 6857272.0 6870699.0 7159686.0 6748693.0 6991915.0 6668587.0 7045769.0 7172739.0 7027914.0 7081618.0 6934242.0 7439254.0 7005350.0 6912205.0 6849726.0 7034244.0 6675006.0 6736314.0 7160860.0 6611084.0 6986241.0 6713929.0 7189628.0 6974975.0 6848476.0 7042765.0 6923782.0 7005672.0
183 1948982.0 2027013.0 2040520.0 2091518.0 1840620.0 1834480.0 2035967.0 1786387.0 1961515.0 1707393.0 1965006.0 2007722.0 1990667.0 1989243.0 1936364.0 2190500.0 1953885.0 1886014.0 1854627.0 1966996.0 1767526.0 1796394.0 2034887.0 1715715.0 1963310.0 1790178.0 2034872.0 1987001.0 1842874.0 1949670.0 1896330.0 1918819.0
186 302681.0 391000.0 374915.0 378356.0 291268.0 303458.0 363491.0 355758.0 333850.0 291497.0 347849.0 363495.0 392872.0 356373.0 387166.0 432562.0 344418.0 318581.0 322254.0 348770.0 318104.0 322485.0 366760.0 288157.0 406156.0 332110.0 347946.0 399554.0 324028.0 325473.0 334919.0 326313.0
189 262084.0 346945.0 319989.0 301003.0 263852.0 267878.0 300156.0 341008.0 273068.0 269742.0 300959.0 304709.0 339956.0 310574.0 348862.0 359023.0 301064.0 276773.0 287124.0 293291.0 288542.0 299251.0 315695.0 271101.0 374287.0 309688.0 288371.0 338240.0 298824.0 278189.0 289876.0 282012.0
192 260868.0 344008.0 316485.0 290807.0 262980.0 267347.0 293847.0 340550.0 267198.0 267777.0 299649.0 301055.0 337202.0 309522.0 343361.0 353703.0 297805.0 274345.0 285960.0 289847.0 285086.0 298888.0 309002.0 271375.0 371061.0 309474.0 282028.0 334067.0 297055.0 273481.0 287151.0 280235.0
195 261598.0 344828.0 316367.0 291703.0 264062.0 264952.0 294456.0 337107.0 267552.0 267350.0 298376.0 300714.0 335932.0 310954.0 343660.0 353346.0 297773.0 275309.0 285746.0 288895.0 285340.0 298848.0 309568.0 271058.0 371988.0 311081.0 281132.0 334030.0 296502.0 274228.0 287466.0 280721.0
198 261547.0 345041.0 315664.0 291179.0 262561.0 264854.0 294141.0 342874.0 268524.0 268711.0 299363.0 299575.0 337163.0 308770.0 345451.0 352492.0 298472.0 275497.0 285809.0 288861.0 286341.0 298503.0 309021.0 269905.0 371200.0 312816.0 281071.0 334819.0 297434.0 274269.0 286881.0 280238.0
201 260098.0 345366.0 315303.0 291681.0 262251.0 264694.0 293320.0 341587.0 268132.0 268020.0 298338.0 300523.0 336865.0 310135.0 346273.0 353452.0 298674.0 276106.0 285831.0 290182.0 285180.0 297427.0 309512.0 270515.0 371846.0 311387.0 281452.0 334970.0 295510.0 274204.0 286567.0 280137.0
204 261330.0 343977.0 316120.0 290900.0 262791.0 265514.0 289523.0 338795.0 268097.0 267177.0 299261.0 300100.0 336092.0 307932.0 341985.0 351839.0 298774.0 274160.0 286123.0 289374.0 285790.0 297259.0 308816.0 269209.0 371044.0 309509.0 279663.0 335843.0 296413.0 274034.0 285135.0 279936.0
207 260096.0 343103.0 316007.0 291175.0 261760.0 264036.0 288001.0 339211.0 267540.0 265984.0 298070.0 299620.0 335154.0 308144.0 345134.0 351154.0 297626.0 274043.0 284168.0 288122.0 284565.0 296523.0 307061.0 268963.0 369305.0 309594.0 279693.0 334698.0 295154.0 272910.0 284877.0 278449.0
210 259422.0 341819.0 313028.0 290195.0 261003.0 261439.0 287463.0 337847.0 266753.0 265607.0 296516.0 299440.0 334557.0 306900.0 341950.0 351063.0 295167.0 273458.0 284783.0 288384.0 284286.0 296515.0 306797.0 269446.0 369235.0 306634.0 280107.0 332160.0 293913.0 272356.0 284120.0 277642.0
213 260130.0 342209.0 313467.0 289123.0 259406.0 263106.0 287331.0 335893.0 265977.0 265440.0 296045.0 298415.0 333936.0 306678.0 340407.0 349721.0 295806.0 272290.0 283056.0 287293.0 283927.0 294906.0 306342.0 267287.0 367929.0 308229.0 278592.0 332407.0 293290.0 273127.0 285883.0 276831.0
216 259984.0 340096.0 313781.0 289582.0 259778.0 262407.0 286768.0 338391.0 265554.0 264705.0 295044.0 299053.0 332838.0 306327.0 339254.0 349025.0 295611.0 271747.0 283238.0 285227.0 282714.0 294624.0 305283.0 267696.0 366618.0 307650.0 278183.0 332482.0 292371.0 271018.0 284285.0 276626.0
219 259003.0 338153.0 311995.0 288229.0 258666.0 261535.0 286435.0 333261.0 263858.0 264579.0 294211.0 297765.0 331149.0 305441.0 341821.0 347410.0 293763.0 270786.0 281108.0 285491.0 280914.0 292480.0 303715.0 266272.0 365621.0 302731.0 276419.0 331064.0 291327.0 271335.0 282691.0 275052.0
222 256033.0 339588.0 310769.0 286798.0 257823.0 259201.0 286360.0 332267.0 263639.0 263904.0 292702.0 296874.0 330961.0 302913.0 339258.0 346925.0 291547.0 269249.0 281577.0 283260.0 281038.0 291686.0 301887.0 265767.0 360396.0 300980.0 275989.0 329121.0 289881.0 269732.0 280920.0 274156.0
225 256195.0 335751.0 309871.0 286817.0 256026.0 257888.0 288643.0 330846.0 261974.0 262117.0 291129.0 293798.0 328477.0 301591.0 337118.0 344528.0 291218.0 268382.0 277816.0 282223.0 279242.0 288067.0 301309.0 264190.0 363819.0 299473.0 273793.0 325628.0 286920.0 268169.0 278382.0 272861.0
228 253961.0 334724.0 306707.0 283889.0 252691.0 256562.0 287938.0 330569.0 260870.0 259963.0 289904.0 292850.0 326512.0 299602.0 333703.0 343294.0 289209.0 263160.0 277658.0 280876.0 278370.0 284316.0 298484.0 262391.0 361663.0 293892.0 271924.0 325409.0 282721.0 266735.0 275681.0 268297.0
231 252643.0 331421.0 304277.0 282599.0 244236.0 254298.0 287578.0 324665.0 257808.0 254978.0 287192.0 290258.0 321272.0 292462.0 328444.0 336732.0 285928.0 252429.0 274490.0 277304.0 276557.0 271490.0 292001.0 254088.0 359029.0 277698.0 267836.0 322908.0 265784.0 261962.0 265841.0 256431.0
234 242135.0 325904.0 294122.0 275395.0 205895.0 241697.0 283242.0 306936.0 248315.0 235572.0 272938.0 281581.0 305221.0 261062.0 296861.0 315758.0 273548.0 209003.0 258583.0 262859.0 264553.0 221307.0 266653.0 221708.0 338613.0 220984.0 248652.0 317502.0 212513.0 245568.0 225082.0 217762.0
237 214089.0 302985.0 263467.0 254268.0 136734.0 205204.0 271329.0 263389.0 220251.0 190609.0 234418.0 255828.0 257672.0 191538.0 229271.0 260475.0 234015.0 134493.0 219003.0 225082.0 235459.0 147580.0 204411.0 160930.0 296841.0 142794.0 199751.0 296589.0 136093.0 202399.0 157854.0 154081.0
240 149253.0 234987.0 186434.0 200041.0 61748.0 133723.0 228837.0 172031.0 157098.0 115167.0 154149.0 189391.0 163539.0 98312.0 129444.0 163528.0 154620.0 59651.0 142573.0 146658.0 170914.0 70140.0 111612.0 84656.0 210900.0 66195.0 117290.0 241924.0 62606.0 126881.0 78763.0 80773.0
243 72712.0 130044.0 93353.0 115359.0 24866.0 60998.0 147227.0 80127.0 81572.0 50839.0 71353.0 101792.0 72950.0 39033.0 53655.0 75887.0 71072.0 24984.0 65279.0 68039.0 93746.0 30552.0 45106.0 34756.0 104424.0 28862.0 48676.0 150935.0 27744.0 58001.0 32420.0 34906.0
246 29749.0 54090.0 38712.0 49173.0 16457.0 25726.0 66441.0 35603.0 34944.0 23224.0 30706.0 42421.0 31806.0 21328.0 28557.0 35332.0 30179.0 16849.0 28191.0 28586.0 41086.0 19257.0 23712.0 19808.0 43894.0 19250.0 22993.0 67837.0 18549.0 26150.0 19101.0 19742.0
249 17520.0 26743.0 22177.0 22858.0 13944.0 17027.0 27549.0 23290.0 19003.0 16392.0 19840.0 22225.0 21628.0 17183.0 22015.0 23913.0 20073.0 13991.0 18856.0 18683.0 22374.0 15792.0 18729.0 16055.0 27767.0 16728.0 17006.0 30041.0 15864.0 17748.0 15631.0 16032.0
252 14836.0 21366.0 18197.0 18098.0 12443.0 14443.0 20339.0 20724.0 15720.0 14686.0 17001.0 17805.0 18751.0 15472.0 19705.0 21031.0 17041.0 12711.0 16365.0 16208.0 18340.0 14845.0 16274.0 14408.0 23932.0 15215.0 14692.0 22685.0 14467.0 15556.0 14697.0 14588.0
255 13093.0 18936.0 16573.0 15848.0 11567.0 12887.0 17391.0 18283.0 13594.0 13124.0 15461.0 16035.0 16820.0 14307.0 18789.0 19325.0 15516.0 11874.0 14728.0 14467.0 15898.0 13950.0 15019.0 13367.0 21370.0 14469.0 13570.0 19920.0 13903.0 14353.0 13718.0 13769.0
258 12376.0 17364.0 15086.0 14623.0 10988.0 12037.0 15690.0 17470.0 12147.0 12413.0 14524.0 14393.0 16051.0 13606.0 17433.0 18122.0 14421.0 11299.0 13753.0 13681.0 14028.0 13348.0 14203.0 12775.0 19664.0 14254.0 12784.0 17486.0 13240.0 13398.0 13007.0 13166.0
261 11712.0 16607.0 14286.0 13767.0 10841.0 11525.0 14705.0 17020.0 11168.0 11729.0 14045.0 13653.0 15301.0 13196.0 17017.0 17508.0 13705.0 11231.0 13047.0 13002.0 13155.0 12937.0 13665.0 12560.0 18185.0 13571.0 12259.0 16165.0 12848.0 12998.0 12719.0 12802.0
264 11374.0 16000.0 14027.0 13209.0 10824.0 11147.0 13799.0 16268.0 10929.0 11515.0 13600.0 13276.0 15207.0 12728.0 17023.0 17015.0 13394.0 10970.0 12774.0 12802.0 12623.0 12757.0 13589.0 12407.0 17925.0 13766.0 11753.0 15739.0 12755.0 12670.0 12804.0 12605.0
267 10939.0 15716.0 13616.0 12722.0 10531.0 11110.0 13598.0 15593.0 10751.0 11274.0 13568.0 12985.0 14693.0 12845.0 16538.0 16798.0 13373.0 10782.0 12697.0 12292.0 12246.0 12703.0 13253.0 12250.0 17672.0 13357.0 11504.0 15269.0 12712.0 12536.0 12452.0 12689.0
270 11157.0 15517.0 13619.0 12733.0 10500.0 10982.0 13415.0 15865.0 10577.0 11216.0 13349.0 12865.0 14651.0 12416.0 16282.0 16532.0 13344.0 10643.0 12581.0 12266.0 12065.0 12507.0 13390.0 11954.0 17815.0 13042.0 11718.0 15121.0 12608.0 12480.0 12358.0 12382.0
273 10864.0 15355.0 13371.0 12730.0 10304.0 10784.0 13391.0 15842.0 10277.0 11154.0 13045.0 12698.0 14445.0 12173.0 16203.0 16476.0 12989.0 10571.0 12423.0 11976.0 12002.0 12171.0 12990.0 11948.0 17559.0 12985.0 11486.0 14751.0 12311.0 11982.0 12186.0 12190.0
276 10691.0 15195.0 13078.0 12525.0 10320.0 10666.0 13269.0 15436.0 10273.0 11127.0 12920.0 12549.0 14231.0 12399.0 15832.0 16168.0 12845.0 10305.0 12189.0 11929.0 11654.0 12194.0 12893.0 11708.0 16798.0 12864.0 11238.0 14613.0 12070.0 12020.0 11898.0 11909.0
279 10566.0 14795.0 13303.0 12169.0 9914.0 10516.0 13187.0 15602.0 10157.0 10932.0 12818.0 12413.0 14165.0 11966.0 15764.0 16081.0 12627.0 10234.0 12160.0 11707.0 11915.0 11898.0 12855.0 11530.0 16364.0 12576.0 11050.0 14704.0 11903.0 12010.0 11709.0 11796.0
282 10478.0 14598.0 12727.0 11973.0 9866.0 10326.0 12802.0 15159.0 10030.0 10598.0 12676.0 12218.0 13866.0 11623.0 15711.0 15881.0 12584.0 9918.0 11909.0 11643.0 11557.0 11709.0 12328.0 11297.0 16849.0 12559.0 10785.0 14108.0 11479.0 11740.0 11692.0 11588.0
285 10367.0 14460.0 12592.0 11826.0 9557.0 10274.0 12790.0 14825.0 10099.0 10555.0 12173.0 12032.0 13696.0 11633.0 15127.0 15453.0 12119.0 9828.0 11799.0 11585.0 11376.0 11465.0 12070.0 11321.0 16746.0 12206.0 10871.0 14310.0 11516.0 11372.0 11382.0 11397.0
288 10077.0 14140.0 12644.0 11654.0 9558.0 9923.0 12455.0 14741.0 9576.0 10348.0 12164.0 11717.0 13565.0 11391.0 14936.0 15385.0 11988.0 9695.0 11564.0 11386.0 11250.0 11289.0 11860.0 11054.0 16178.0 11851.0 10524.0 13922.0 11238.0 11434.0 11205.0 10900.0
291 10185.0 13979.0 12234.0 11525.0 9345.0 9792.0 12190.0 14194.0 9552.0 10314.0 11975.0 11702.0 13189.0 10852.0 14683.0 15054.0 11775.0 9461.0 11317.0 11104.0 11164.0 11026.0 11861.0 10774.0 15928.0 11672.0 10506.0 13595.0 10863.0 11064.0 10966.0 10710.0
294 9870.0 13427.0 12032.0 11366.0 9327.0 9755.0 11912.0 13880.0 9307.0 10117.0 11738.0 11565.0 12798.0 11023.0 13977.0 14669.0 11444.0 9258.0 11040.0 11255.0 11025.0 10623.0 11455.0 10669.0 15347.0 11072.0 10212.0 13227.0 10334.0 10684.0 10587.0 10320.0
297 9446.0 13453.0 11751.0 10831.0 8732.0 9261.0 11937.0 13706.0 9185.0 9733.0 11450.0 11223.0 12679.0 10513.0 13962.0 14331.0 11450.0 8731.0 10841.0 10527.0 10667.0 10142.0 10938.0 10028.0 14859.0 10612.0 9836.0 13338.0 10003.0 10491.0 10030.0 9838.0
300 9281.0 12987.0 11384.0 10724.0 8389.0 9230.0 11666.0 13351.0 8864.0 9602.0 11003.0 10737.0 12126.0 9896.0 13545.0 13688.0 11038.0 8177.0 10468.0 10336.0 10380.0 9419.0 10631.0 9860.0 13948.0 9725.0 9580.0 12796.0 9172.0 10316.0 9426.0 9123.0
303 8991.0 12735.0 11039.0 10494.0 7269.0 8803.0 11186.0 13063.0 8644.0 8837.0 10600.0 10650.0 11748.0 9038.0 12755.0 13180.0 10456.0 6986.0 10029.0 9963.0 10278.0 8326.0 9873.0 8958.0 13688.0 8308.0 8872.0 12429.0 7595.0 9699.0 8301.0 8089.0
306 8598.0 12415.0 10358.0 9999.0 5849.0 8190.0 10736.0 12252.0 8107.0 8065.0 9870.0 10149.0 11022.0 7651.0 11225.0 11803.0 9882.0 5395.0 9343.0 9336.0 9700.0 6314.0 8720.0 7669.0 12659.0 6145.0 8007.0 12222.0 5877.0 8526.0 6540.0 6331.0
309 7816.0 11361.0 9597.0 9162.0 4210.0 7345.0 10537.0 10657.0 7306.0 6859.0 8683.0 9442.0 9456.0 5710.0 9359.0 10241.0 8640.0 3753.0 7849.0 8054.0 8745.0 4625.0 6728.0 5925.0 11487.0 4270.0 6436.0 11140.0 4043.0 7174.0 4585.0 4551.0
312 6446.0 10039.0 7551.0 7962.0 2283.0 5366.0 9583.0 8212.0 5828.0 4948.0 6670.0 7862.0 7192.0 3464.0 6208.0 7636.0 6535.0 2114.0 6220.0 6253.0 7517.0 2654.0 4136.0 3770.0 9424.0 2456.0 4345.0 9862.0 2113.0 5153.0 2640.0 2835.0
315 4612.0 7616.0 5458.0 6251.0 1278.0 3641.0 7757.0 5852.0 4262.0 3313.0 4465.0 6072.0 4836.0 1908.0 3764.0 4859.0 4294.0 1098.0 4065.0 4262.0 5919.0 1613.0 2399.0 2214.0 6675.0 1417.0 2611.0 8057.0 1324.0 3208.0 1584.0 1696.0
318 3088.0 5526.0 3503.0 4451.0 876.0 2233.0 5842.0 3715.0 2827.0 1977.0 2737.0 3931.0 2742.0 1163.0 2256.0 2934.0 2533.0 779.0 2425.0 2597.0 4123.0 1080.0 1335.0 1337.0 4266.0 1075.0 1438.0 5804.0 984.0 1863.0 1113.0 1090.0
321 1436.0 2767.0 1692.0 2171.0 709.0 1070.0 3031.0 1891.0 1359.0 1017.0 1332.0 2010.0 1344.0 853.0 1270.0 1601.0 1313.0 664.0 1193.0 1231.0 2080.0 853.0 1010.0 905.0 2064.0 890.0 843.0 3189.0 915.0 1144.0 859.0 873.0
324 935.0 1629.0 1207.0 1326.0 657.0 814.0 1735.0 1406.0 870.0 833.0 1055.0 1174.0 1123.0 865.0 1249.0 1440.0 991.0 622.0 1015.0 988.0 1311.0 854.0 895.0 864.0 1533.0 872.0 745.0 1871.0 783.0 968.0 822.0 793.0
327 816.0 1203.0 962.0 974.0 616.0 747.0 1167.0 1214.0 709.0 730.0 920.0 908.0 961.0 751.0 1082.0 1239.0 963.0 591.0 841.0 850.0 998.0 793.0 858.0 841.0 1285.0 831.0 751.0 1390.0 773.0 952.0 797.0 802.0
330 745.0 1144.0 888.0 871.0 599.0 702.0 966.0 1123.0 650.0 698.0 873.0 864.0 947.0 793.0 1129.0 1119.0 870.0 537.0 786.0 746.0 813.0 735.0 798.0 742.0 1203.0 826.0 672.0 1095.0 757.0 808.0 739.0 736.0
333 692.0 979.0 837.0 796.0 582.0 628.0 918.0 1012.0 625.0 680.0 890.0 801.0 882.0 725.0 1093.0 1113.0 759.0 609.0 761.0 769.0 807.0 762.0 771.0 804.0 1072.0 746.0 694.0 999.0 766.0 822.0 725.0 765.0
336 637.0 947.0 778.0 772.0 586.0 654.0 848.0 985.0 597.0 671.0 852.0 817.0 825.0 730.0 1184.0 1032.0 849.0 528.0 723.0 710.0 730.0 719.0 759.0 736.0 1019.0 793.0 707.0 911.0 724.0 707.0 732.0 754.0
339 685.0 962.0 836.0 795.0 559.0 616.0 822.0 982.0 552.0 667.0 772.0 761.0 850.0 702.0 1061.0 1046.0 813.0 571.0 768.0 688.0 721.0 683.0 757.0 771.0 993.0 776.0 633.0 979.0 701.0 713.0 723.0 705.0
342 650.0 927.0 774.0 808.0 587.0 599.0 829.0 973.0 494.0 657.0 817.0 775.0 818.0 678.0 1013.0 1047.0 851.0 566.0 698.0 724.0 705.0 675.0 778.0 674.0 1094.0 766.0 628.0 923.0 673.0 750.0 702.0 731.0
345 612.0 870.0 740.0 718.0 588.0 568.0 765.0 994.0 541.0 614.0 764.0 704.0 840.0 667.0 967.0 990.0 742.0 520.0 715.0 713.0 719.0 691.0 771.0 667.0 1006.0 710.0 630.0 870.0 728.0 690.0 689.0 697.0
348 591.0 909.0 742.0 746.0 504.0 571.0 802.0 867.0 560.0 669.0 781.0 786.0 873.0 618.0 918.0 961.0 756.0 533.0 704.0 686.0 680.0 624.0 688.0 709.0 1010.0 701.0 596.0 892.0 655.0 701.0 714.0 661.0
351 575.0 866.0 747.0 716.0 503.0 543.0 756.0 888.0 542.0 614.0 765.0 677.0 744.0 635.0 932.0 1005.0 767.0 508.0 700.0 722.0 636.0 625.0 662.0 675.0 966.0 653.0 618.0 913.0 680.0 687.0 658.0 653.0
354 542.0 804.0 723.0 665.0 519.0 543.0 749.0 915.0 535.0 627.0 754.0 642.0 833.0 649.0 886.0 875.0 713.0 493.0 687.0 666.0 624.0 626.0 700.0 624.0 963.0 665.0 554.0 863.0 636.0 664.0 585.0 637.0
357 570.0 795.0 717.0 667.0 498.0 510.0 765.0 913.0 528.0 597.0 727.0 648.0 767.0 602.0 871.0 867.0 633.0 484.0 677.0 615.0 666.0 637.0 656.0 658.0 883.0 658.0 594.0 901.0 590.0 633.0 638.0 651.0
360 540.0 797.0 640.0 685.0 426.0 526.0 763.0 841.0 512.0 554.0 686.0 659.0 714.0 594.0 879.0 918.0 643.0 440.0 633.0 609.0 621.0 581.0 621.0 635.0 971.0 600.0 544.0 761.0 536.0 607.0 595.0 635.0
363 541.0 783.0 673.0 638.0 430.0 543.0 698.0 810.0 488.0 536.0 616.0 632.0 737.0 574.0 804.0 908.0 693.0 414.0 619.0 635.0 544.0 530.0 619.0 583.0 881.0 544.0 563.0 775.0 531.0 624.0 540.0 572.0
366 556.0 710.0 601.0 599.0 426.0 481.0 673.0 742.0 469.0 524.0 651.0 609.0 681.0 553.0 821.0 868.0 626.0 394.0 602.0 582.0 576.0 468.0 554.0 497.0 856.0 548.0 503.0 799.0 465.0 580.0 475.0 501.0
369 513.0 714.0 636.0 593.0 356.0 496.0 659.0 800.0 462.0 491.0 686.0 588.0 620.0 479.0 748.0 799.0 574.0 347.0 592.0 528.0 577.0 426.0 516.0 471.0 819.0 420.0 454.0 752.0 433.0 594.0 405.0 424.0
372 531.0 699.0 582.0 572.0 308.0 454.0 663.0 742.0 411.0 466.0 583.0 570.0 625.0 390.0 633.0 768.0 534.0 299.0 518.0 552.0 528.0 381.0 423.0 461.0 796.0 347.0 428.0 667.0 279.0 530.0 414.0 350.0
375 452.0 633.0 592.0 552.0 244.0 420.0 657.0 698.0 385.0 399.0 543.0 547.0 545.0 324.0 597.0 657.0 463.0 190.0 477.0 483.0 510.0 247.0 342.0 398.0 714.0 259.0 377.0 666.0 222.0 447.0 271.0 251.0
378 413.0 594.0 480.0 513.0 165.0 339.0 597.0 567.0 356.0 347.0 426.0 471.0 465.0 247.0 418.0 557.0 420.0 124.0 428.0 396.0 509.0 201.0 270.0 267.0 609.0 164.0 298.0 657.0 151.0 343.0 186.0 201.0
381 368.0 522.0 386.0 435.0 86.0 297.0 572.0 474.0 315.0 277.0 372.0 404.0 355.0 159.0 332.0 417.0 358.0 79.0 354.0 331.0 401.0 114.0 204.0 190.0 544.0 123.0 197.0 544.0 90.0 269.0 138.0 124.0
384 274.0 469.0 282.0 323.0 63.0 188.0 424.0 340.0 204.0 178.0 264.0 335.0 244.0 93.0 214.0 302.0 210.0 54.0 243.0 239.0 333.0 79.0 114.0 128.0 405.0 78.0 141.0 438.0 64.0 166.0 68.0 90.0
387 180.0 363.0 206.0 241.0 48.0 140.0 332.0 218.0 152.0 101.0 167.0 234.0 147.0 59.0 135.0 188.0 148.0 59.0 135.0 117.0 268.0 66.0 79.0 84.0 250.0 66.0 75.0 350.0 57.0 124.0 54.0 61.0
390 134.0 240.0 136.0 182.0 55.0 83.0 281.0 182.0 118.0 91.0 117.0 157.0 113.0 57.0 121.0 142.0 93.0 33.0 95.0 102.0 161.0 60.0 63.0 78.0 185.0 71.0 44.0 287.0 46.0 86.0 55.0 57.0
393 79.0 135.0 94.0 123.0 32.0 51.0 185.0 104.0 55.0 52.0 77.0 125.0 70.0 60.0 108.0 98.0 54.0 40.0 78.0 87.0 112.0 38.0 67.0 56.0 104.0 43.0 46.0 156.0 47.0 56.0 54.0 48.0
396 59.0 113.0 67.0 96.0 33.0 50.0 91.0 89.0 52.0 56.0 71.0 59.0 58.0 63.0 96.0 105.0 71.0 34.0 64.0 51.0 94.0 50.0 57.0 64.0 97.0 53.0 63.0 96.0 50.0 59.0 49.0 47.0
399 57.0 85.0 57.0 54.0 30.0 26.0 78.0 74.0 47.0 67.0 60.0 71.0 64.0 52.0 90.0 73.0 58.0 34.0 74.0 53.0 76.0 59.0 56.0 52.0 90.0 60.0 56.0 75.0 50.0 49.0 62.0 55.0
402 41.0 82.0 54.0 61.0 32.0 45.0 68.0 77.0 39.0 31.0 52.0 54.0 66.0 43.0 79.0 82.0 57.0 19.0 62.0 63.0 59.0 42.0 70.0 65.0 90.0 48.0 48.0 66.0 51.0 49.0 56.0 60.0
405 41.0 63.0 57.0 50.0 32.0 51.0 64.0 71.0 42.0 57.0 55.0 62.0 50.0 44.0 76.0 79.0 58.0 34.0 55.0 57.0 45.0 47.0 58.0 59.0 79.0 57.0 38.0 75.0 40.0 55.0 40.0 42.0
408 29.0 79.0 55.0 55.0 35.0 46.0 62.0 74.0 52.0 51.0 52.0 58.0 43.0 47.0 58.0 85.0 55.0 33.0 58.0 47.0 56.0 53.0 47.0 53.0 59.0 54.0 35.0 65.0 37.0 61.0 46.0 53.0
411 28.0 49.0 62.0 53.0 38.0 55.0 58.0 66.0 44.0 45.0 49.0 68.0 58.0 54.0 85.0 75.0 53.0 27.0 46.0 53.0 49.0 44.0 46.0 49.0 52.0 48.0 32.0 61.0 37.0 55.0 39.0 32.0
414 51.0 61.0 43.0 65.0 36.0 36.0 58.0 70.0 33.0 40.0 57.0 52.0 62.0 42.0 61.0 58.0 29.0 38.0 48.0 55.0 56.0 38.0 47.0 42.0 63.0 43.0 35.0 59.0 32.0 57.0 42.0 56.0
417 51.0 60.0 55.0 67.0 25.0 32.0 60.0 67.0 34.0 42.0 69.0 48.0 49.0 35.0 63.0 82.0 49.0 24.0 52.0 34.0 35.0 54.0 43.0 49.0 81.0 59.0 45.0 70.0 42.0 51.0 41.0 40.0
420 45.0 62.0 47.0 47.0 21.0 25.0 60.0 68.0 32.0 38.0 55.0 50.0 49.0 37.0 65.0 57.0 57.0 30.0 52.0 39.0 48.0 45.0 35.0 38.0 56.0 38.0 31.0 51.0 32.0 47.0 43.0 43.0
423 43.0 56.0 56.0 54.0 31.0 35.0 61.0 73.0 39.0 38.0 45.0 40.0 63.0 35.0 61.0 69.0 41.0 29.0 59.0 47.0 52.0 46.0 43.0 45.0 56.0 39.0 42.0 55.0 36.0 43.0 32.0 40.0
426 34.0 51.0 40.0 44.0 25.0 35.0 65.0 60.0 23.0 38.0 51.0 38.0 46.0 44.0 70.0 69.0 45.0 23.0 42.0 39.0 40.0 42.0 56.0 32.0 63.0 40.0 34.0 63.0 28.0 48.0 46.0 33.0
429 38.0 53.0 40.0 38.0 34.0 38.0 60.0 66.0 24.0 40.0 47.0 38.0 50.0 29.0 51.0 67.0 34.0 22.0 37.0 37.0 50.0 26.0 43.0 38.0 60.0 38.0 36.0 49.0 26.0 35.0 25.0 30.0
432 27.0 60.0 46.0 36.0 19.0 37.0 45.0 46.0 33.0 28.0 44.0 39.0 40.0 30.0 44.0 44.0 43.0 22.0 43.0 34.0 43.0 29.0 37.0 30.0 66.0 27.0 36.0 57.0 16.0 39.0 14.0 32.0
435 39.0 49.0 47.0 37.0 11.0 43.0 40.0 56.0 27.0 23.0 37.0 33.0 36.0 22.0 44.0 45.0 35.0 10.0 44.0 38.0 45.0 17.0 27.0 35.0 65.0 19.0 27.0 53.0 29.0 36.0 28.0 18.0
438 35.0 42.0 30.0 28.0 12.0 24.0 41.0 48.0 21.0 27.0 37.0 35.0 35.0 16.0 37.0 55.0 36.0 10.0 31.0 32.0 31.0 15.0 14.0 34.0 55.0 16.0 24.0 55.0 19.0 31.0 23.0 20.0
441 22.0 23.0 28.0 42.0 5.0 19.0 45.0 44.0 28.0 23.0 40.0 35.0 34.0 8.0 26.0 46.0 24.0 6.0 23.0 29.0 29.0 16.0 17.0 29.0 49.0 10.0 7.0 55.0 14.0 24.0 15.0 4.0
444 20.0 47.0 32.0 37.0 11.0 17.0 38.0 34.0 20.0 17.0 24.0 32.0 27.0 14.0 33.0 39.0 25.0 7.0 25.0 20.0 36.0 10.0 10.0 14.0 36.0 7.0 17.0 40.0 8.0 20.0 0.0 10.0
447 17.0 25.0 19.0 26.0 3.0 15.0 30.0 40.0 15.0 20.0 16.0 19.0 19.0 4.0 17.0 24.0 21.0 10.0 22.0 18.0 25.0 4.0 5.0 10.0 37.0 7.0 7.0 39.0 6.0 11.0 3.0 10.0
