150 18543072.0 18520800.0 18534751.0 18494585.0 18528105.0 18487786.0 18512774.0 18486596.0 18514088.0 18460407.0 18509704.0 18491013.0 18510159.0 18509302.0 18506224.0 18490782.0 18512115.0 18503644.0 18511493.0 18522357.0 18488346.0 18508031.0 18478855.0 18516549.0 18486575.0 18498097.0 18474820.0 18508627.0 18482219.0 18520656.0 18506786.0 18497333.0
153 18761426.0 18733817.0 18744407.0 18692003.0 18735500.0 18684182.0 18718117.0 18682217.0 18716745.0 18652906.0 18711885.0 18688446.0 18711757.0 18710686.0 18706875.0 18689116.0 18713654.0 18704160.0 18712165.0 18723630.0 18685787.0 18709131.0 18675719.0 18717908.0 18684304.0 18699747.0 18672842.0 18710614.0 18678643.0 18724105.0 18711364.0 18701280.0
156 19302818.0 19285161.0 19296209.0 19254653.0 19293136.0 19247084.0 19280022.0 19246529.0 19280322.0 19218090.0 19278063.0 19250853.0 19277759.0 19278065.0 19273695.0 19251761.0 19279346.0 19271472.0 19279423.0 19289537.0 19248935.0 19279229.0 19238518.0 19283463.0 19246688.0 19270697.0 19237730.0 19276077.0 19243618.0 19290533.0 19280594.0 19269650.0
159 19674909.0 19663725.0 19675188.0 19638632.0 19677391.0 19629192.0 19664224.0 19628540.0 19663560.0 19605335.0 19663849.0 19633088.0 19661293.0 19661991.0 19655921.0 19633252.0 19661914.0 19655403.0 19662680.0 19673463.0 19631946.0 19664132.0 19620528.0 19665864.0 19628507.0 19655293.0 19618953.0 19657818.0 19625569.0 19674119.0 19665724.0 19650503.0
162 19880120.0 19869397.0 19882804.0 19842263.0 19884871.0 19831731.0 19870501.0 19830682.0 19869877.0 19807444.0 19869086.0 19837094.0 19867743.0 19867984.0 19862030.0 19837592.0 19868462.0 19861092.0 19869132.0 19880494.0 19835811.0 19870847.0 19824286.0 19872028.0 19832637.0 19861013.0 19822897.0 19863905.0 19830976.0 19880436.0 19871721.0 19855367.0
165 19912208.0 19902344.0 19914504.0 19861953.0 19917835.0 19840644.0 19903074.0 19838866.0 19900901.0 19815416.0 19902510.0 19856772.0 19901965.0 19902615.0 19896228.0 19865440.0 19901692.0 19895495.0 19901701.0 19915242.0 19859542.0 19904294.0 19841141.0 19903294.0 19856391.0 19893110.0 19848049.0 19893042.0 19854635.0 19912630.0 19905048.0 19887879.0
168 19459711.0 19470151.0 19467759.0 19240171.0 19467742.0 19160078.0 19432280.0 19148754.0 19392078.0 19109016.0 19387456.0 19219194.0 19403904.0 19405573.0 19398238.0 19276171.0 19383049.0 19400809.0 19380488.0 19399639.0 19227911.0 19386984.0 19175170.0 19377497.0 19246892.0 19393170.0 19219621.0 19371714.0 19215070.0 19406223.0 19419898.0 19397505.0
171 11298688.0 11836106.0 11297430.0 10188670.0 11112152.0 9885216.0 11120343.0 9768133.0 10596172.0 10025734.0 10361435.0 10280061.0 10679386.0 10637800.0 10768600.0 10896139.0 10357299.0 10804684.0 10281174.0 10153855.0 10178213.0 10136264.0 9905571.0 10096269.0 10522155.0 10514164.0 10368823.0 10272146.0 9918565.0 10064312.0 10549147.0 10690661.0
174 7769102.0 8233906.0 8010878.0 8091818.0 7977526.0 7902209.0 8117358.0 7764950.0 7884243.0 8081964.0 7738515.0 8296685.0 8007858.0 8043739.0 8220421.0 8935916.0 7807296.0 8211958.0 7706843.0 7621961.0 8140417.0 7607546.0 7819922.0 7561527.0 8499465.0 7941351.0 8305870.0 7699115.0 7779777.0 7468173.0 7864327.0 7978965.0
177 4045217.0 4361416.0 4194488.0 4318159.0 4185161.0 4193092.0 4312699.0 4102160.0 4139690.0 4347971.0 4039641.0 4439190.0 4227598.0 4264030.0 4384250.0 4915674.0 4100368.0 4403938.0 4040311.0 3934883.0 4389402.0 3961263.0 4146689.0 3915772.0 4666474.0 4222641.0 4519595.0 4035170.0 4144542.0 3845253.0 4163652.0 4256311.0
180 442701.0 512963.0 388673.0 453069.0 396226.0 445542.0 478829.0 418005.0 386375.0 529291.0 420725.0 453537.0 463072.0 453364.0 487447.0 532690.0 419349.0 505115.0 425488.0 333869.0 458964.0 419784.0 433027.0 364785.0 482636.0 493928.0 496647.0 410379.0 433052.0 359722.0 476568.0 507625.0
183 368442.0 371239.0 274241.0 359871.0 295155.0 362946.0 352674.0 363495.0 301488.0 441002.0 359588.0 349070.0 362476.0 355425.0 359185.0 357398.0 335451.0 362344.0 348527.0 281013.0 358440.0 361803.0 370478.0 301868.0 353210.0 397233.0 395670.0 326481.0 376627.0 301445.0 375229.0 396464.0
186 368106.0 362417.0 269693.0 348018.0 291239.0 357137.0 341916.0 360346.0 298133.0 435930.0 358172.0 341178.0 357542.0 351602.0 353686.0 339156.0 331908.0 351068.0 346686.0 280585.0 349326.0 361532.0 367797.0 298671.0 336036.0 391199.0 383587.0 323521.0 374549.0 300890.0 368835.0 390410.0
189 366937.0 362372.0 267917.0 347639.0 291079.0 355135.0 342066.0 360642.0 299031.0 434578.0 356960.0 339974.0 355725.0 351277.0 351283.0 340388.0 332621.0 350564.0 345056.0 279206.0 347627.0 360595.0 366851.0 298842.0 334387.0 389131.0 385327.0 324461.0 371203.0 300942.0 367754.0 388461.0
192 366860.0 364040.0 270217.0 348291.0 290987.0 355819.0 340984.0 361753.0 298839.0 434029.0 357179.0 341285.0 356675.0 351602.0 351320.0 336655.0 331271.0 350890.0 344599.0 280583.0 347302.0 358992.0 366390.0 299517.0 334903.0 389093.0 385356.0 321765.0 369842.0 302402.0 368091.0 388833.0
195 368532.0 362912.0 271274.0 350866.0 292814.0 357421.0 343262.0 363045.0 299787.0 436781.0 357914.0 342662.0 357847.0 353750.0 354107.0 339612.0 332967.0 352369.0 345498.0 280443.0 349452.0 361577.0 367470.0 300822.0 336863.0 390992.0 384369.0 322157.0 370393.0 301284.0 368351.0 390485.0
198 367647.0 361880.0 271063.0 348185.0 292080.0 355676.0 342319.0 361269.0 301519.0 434805.0 357713.0 341839.0 357270.0 350171.0 352381.0 338931.0 331452.0 350334.0 344180.0 280447.0 349304.0 351335.0 367677.0 299988.0 334789.0 387995.0 384214.0 321651.0 368062.0 302194.0 367652.0 388664.0
201 367284.0 363322.0 270468.0 349470.0 291614.0 355369.0 341932.0 360423.0 298856.0 433074.0 357277.0 340138.0 356875.0 349636.0 351386.0 338712.0 330714.0 350081.0 343996.0 280271.0 347670.0 350629.0 367071.0 300535.0 335234.0 388447.0 384058.0 321374.0 365717.0 299863.0 365022.0 389837.0
204 368239.0 361922.0 269819.0 348973.0 291698.0 355719.0 342079.0 361462.0 299631.0 435861.0 357415.0 341233.0 356350.0 351192.0 351683.0 339502.0 331418.0 350269.0 345696.0 280526.0 348088.0 352406.0 367191.0 300255.0 335548.0 391646.0 383188.0 320673.0 368758.0 300733.0 367090.0 390171.0
207 365890.0 363012.0 269464.0 348626.0 290872.0 355040.0 340424.0 360380.0 299953.0 435015.0 357065.0 339457.0 355509.0 349973.0 351396.0 338377.0 331502.0 350475.0 344410.0 275533.0 348424.0 351701.0 368168.0 300305.0 335285.0 397925.0 383460.0 320547.0 368726.0 299774.0 367670.0 389200.0
210 364633.0 359896.0 269226.0 351061.0 289614.0 353725.0 339389.0 358637.0 298484.0 432860.0 354865.0 339253.0 355015.0 350253.0 350395.0 336158.0 330667.0 349756.0 342909.0 274645.0 345761.0 349959.0 366019.0 299635.0 333011.0 387225.0 379987.0 319175.0 365148.0 299987.0 364497.0 387052.0
213 364613.0 362882.0 269299.0 346775.0 288690.0 354458.0 338545.0 359046.0 297285.0 430305.0 354068.0 337932.0 353496.0 348017.0 347959.0 336798.0 329465.0 347159.0 342657.0 273918.0 345377.0 347961.0 365131.0 297993.0 332706.0 384066.0 378855.0 316522.0 361681.0 298828.0 363838.0 385925.0
216 363201.0 362642.0 268774.0 345880.0 288639.0 352777.0 338149.0 358229.0 300793.0 431198.0 352926.0 337462.0 351732.0 348263.0 347640.0 334563.0 328222.0 346343.0 341422.0 277257.0 344294.0 346893.0 362612.0 298382.0 332374.0 385320.0 377950.0 316622.0 361575.0 296926.0 361881.0 384078.0
219 363033.0 358773.0 269285.0 349365.0 288274.0 351204.0 336449.0 356773.0 300937.0 427797.0 351356.0 336534.0 351018.0 346554.0 346249.0 335501.0 327326.0 346057.0 338839.0 274877.0 344209.0 344579.0 361059.0 295648.0 332044.0 382723.0 379321.0 316072.0 358664.0 294778.0 360079.0 383585.0
222 362092.0 358746.0 267361.0 347503.0 285850.0 352806.0 336699.0 355368.0 296000.0 427600.0 349553.0 336767.0 349940.0 345434.0 347326.0 333751.0 326942.0 345481.0 338229.0 273041.0 343705.0 340622.0 360439.0 294213.0 330193.0 380856.0 375951.0 314638.0 356122.0 287759.0 355451.0 381342.0
225 356828.0 353627.0 265692.0 340985.0 281368.0 347239.0 332121.0 349891.0 292207.0 422955.0 340014.0 331622.0 344998.0 335771.0 338165.0 328374.0 319246.0 338812.0 328829.0 260145.0 336092.0 310566.0 353187.0 288998.0 326347.0 364892.0 359942.0 311882.0 345873.0 254617.0 333936.0 375228.0
228 351132.0 350478.0 263823.0 334721.0 265611.0 341389.0 324131.0 336911.0 286559.0 414795.0 303670.0 323786.0 330059.0 307475.0 319540.0 316752.0 301363.0 325267.0 297826.0 214070.0 324821.0 223434.0 332220.0 271208.0 321460.0 321409.0 324750.0 303962.0 317550.0 180406.0 272464.0 360829.0
231 326122.0 335983.0 258180.0 303728.0 211586.0 319677.0 291938.0 293995.0 266090.0 387243.0 218388.0 292788.0 280291.0 234622.0 260524.0 275441.0 245650.0 277903.0 222896.0 133982.0 277353.0 112363.0 271960.0 219193.0 299906.0 225723.0 233775.0 269135.0 235468.0 88706.0 167177.0 312892.0
234 256158.0 289607.0 235124.0 222641.0 124998.0 258333.0 215862.0 208888.0 209082.0 313395.0 115653.0 220744.0 185459.0 131972.0 159951.0 194122.0 152831.0 186318.0 127034.0 60402.0 189048.0 44300.0 171634.0 133989.0 248314.0 116929.0 121436.0 202946.0 127554.0 36307.0 75165.0 223125.0
237 138363.0 185751.0 170834.0 110203.0 49688.0 148329.0 110871.0 104703.0 118460.0 182290.0 45266.0 112306.0 83061.0 51139.0 63800.0 91925.0 63046.0 82726.0 51288.0 25327.0 86621.0 24590.0 73689.0 55144.0 154179.0 45979.0 46127.0 106001.0 50490.0 20348.0 32367.0 110911.0
240 56034.0 79588.0 85446.0 42075.0 22993.0 61766.0 45773.0 44666.0 47738.0 77239.0 26263.0 44733.0 34921.0 26258.0 29731.0 37542.0 28837.0 34458.0 27034.0 17753.0 36011.0 20889.0 33350.0 25079.0 70158.0 27648.0 27786.0 43253.0 27751.0 16438.0 22710.0 47038.0
243 30401.0 35647.0 34185.0 25779.0 17854.0 30882.0 25961.0 27125.0 24581.0 38602.0 21836.0 25593.0 24095.0 21250.0 23002.0 24184.0 22373.0 24369.0 22076.0 14845.0 24580.0 18399.0 24706.0 18896.0 32851.0 23519.0 23587.0 24913.0 22167.0 14581.0 19708.0 29441.0
246 25130.0 25884.0 20526.0 21466.0 15327.0 24130.0 20963.0 22136.0 18769.0 32711.0 19496.0 21012.0 20821.0 18856.0 19816.0 20641.0 19124.0 20683.0 19084.0 13099.0 20522.0 17060.0 21291.0 16728.0 23950.0 21036.0 20599.0 20516.0 19361.0 13554.0 17944.0 24832.0
249 21874.0 22279.0 17007.0 18744.0 13997.0 20946.0 18555.0 19341.0 16376.0 28676.0 18119.0 18546.0 18513.0 17565.0 17823.0 18463.0 17268.0 18233.0 17622.0 12577.0 18768.0 16563.0 18914.0 15196.0 20626.0 20184.0 19027.0 17472.0 17468.0 13039.0 16967.0 21661.0
252 19318.0 19891.0 14695.0 17143.0 13443.0 19085.0 16604.0 18074.0 14767.0 26073.0 17206.0 16900.0 17064.0 16330.0 16917.0 16870.0 16272.0 17025.0 16612.0 12212.0 16938.0 15987.0 17394.0 14330.0 18531.0 19360.0 18441.0 15868.0 16539.0 12609.0 16243.0 19956.0
255 18389.0 18279.0 13217.0 16032.0 13093.0 17682.0 15842.0 17019.0 14672.0 24797.0 17023.0 16124.0 16988.0 15947.0 16575.0 16424.0 15673.0 16433.0 16255.0 11858.0 16438.0 15776.0 17150.0 13781.0 17068.0 18975.0 17819.0 15482.0 15999.0 12649.0 15997.0 18871.0
258 17899.0 17417.0 12285.0 15979.0 12740.0 16954.0 15537.0 16564.0 13795.0 23178.0 16706.0 15501.0 16286.0 15748.0 16303.0 16060.0 15160.0 15971.0 15752.0 11592.0 15475.0 15606.0 16517.0 13648.0 16359.0 18416.0 17766.0 14738.0 16137.0 12407.0 15645.0 18502.0
261 17336.0 17063.0 11992.0 15323.0 12471.0 16543.0 15161.0 16217.0 13495.0 23107.0 16252.0 15456.0 16134.0 15284.0 15807.0 15530.0 14960.0 15810.0 15547.0 11635.0 15494.0 15540.0 16304.0 13297.0 15890.0 18073.0 17359.0 14460.0 15691.0 12400.0 15616.0 18228.0
264 17122.0 16949.0 11992.0 15142.0 12537.0 16477.0 14970.0 16096.0 13307.0 22734.0 16251.0 15216.0 15916.0 15353.0 15801.0 15539.0 15040.0 15451.0 16016.0 11148.0 15645.0 15018.0 16298.0 13277.0 16226.0 17724.0 17418.0 14340.0 15620.0 12212.0 15282.0 18215.0
267 16903.0 16771.0 12109.0 15255.0 12332.0 16208.0 14797.0 15979.0 13391.0 22874.0 16025.0 15098.0 15627.0 15306.0 15409.0 15515.0 14798.0 15342.0 15310.0 11134.0 15342.0 14785.0 16346.0 13185.0 15775.0 17911.0 16897.0 14162.0 15140.0 11940.0 15089.0 18116.0
270 17007.0 16416.0 11662.0 15267.0 12152.0 16010.0 14446.0 15630.0 13174.0 22262.0 15682.0 14816.0 15336.0 14928.0 15371.0 14892.0 14511.0 15172.0 15190.0 10913.0 14770.0 14359.0 15748.0 12932.0 15587.0 17303.0 16773.0 13866.0 14841.0 11777.0 14782.0 17447.0
273 16537.0 16327.0 11535.0 14852.0 11938.0 15851.0 14447.0 15421.0 12836.0 21744.0 15470.0 14634.0 15259.0 14630.0 15085.0 14851.0 14404.0 14891.0 14854.0 10789.0 14645.0 14358.0 15609.0 12751.0 15137.0 16841.0 16316.0 13423.0 14955.0 11299.0 14467.0 17215.0
276 16425.0 16230.0 11744.0 14502.0 11735.0 15698.0 14239.0 15246.0 12864.0 21722.0 15155.0 14263.0 15200.0 14197.0 14914.0 14595.0 14098.0 14728.0 14849.0 10488.0 14434.0 14016.0 15441.0 12543.0 15383.0 16555.0 15808.0 13745.0 14473.0 11092.0 13993.0 16912.0
279 16224.0 15835.0 11517.0 14267.0 11617.0 15503.0 14108.0 14760.0 12587.0 21125.0 15144.0 13998.0 14733.0 14242.0 14401.0 14591.0 13840.0 14424.0 14197.0 10313.0 14372.0 13639.0 15143.0 12279.0 14762.0 16250.0 15636.0 13065.0 14147.0 10940.0 13965.0 16628.0
282 15947.0 15531.0 11101.0 14071.0 11502.0 15138.0 13579.0 14422.0 12283.0 20894.0 14734.0 13925.0 14449.0 14002.0 14289.0 14119.0 13724.0 14139.0 14046.0 10306.0 14108.0 13166.0 14754.0 11803.0 14490.0 16106.0 15141.0 13117.0 14001.0 10486.0 13334.0 16388.0
285 15789.0 15291.0 10995.0 13703.0 10884.0 15153.0 13447.0 14158.0 12210.0 20550.0 13969.0 13611.0 14160.0 13544.0 14024.0 13658.0 13274.0 13836.0 13655.0 9809.0 13570.0 12520.0 14255.0 11866.0 14341.0 15551.0 14656.0 12795.0 13489.0 9891.0 12901.0 15893.0
288 15455.0 14645.0 10691.0 13437.0 10792.0 14503.0 13076.0 13756.0 12022.0 19819.0 13560.0 13232.0 13437.0 13093.0 13544.0 13505.0 12746.0 13336.0 13167.0 9341.0 13282.0 11378.0 13879.0 11427.0 13871.0 14966.0 14013.0 12665.0 12979.0 9272.0 12205.0 15465.0
291 14803.0 14577.0 10651.0 12962.0 10279.0 14324.0 12753.0 13503.0 11684.0 19595.0 12887.0 13005.0 13009.0 12363.0 13078.0 13074.0 12550.0 13051.0 12674.0 8499.0 12979.0 9585.0 13607.0 11109.0 13648.0 13723.0 12969.0 12391.0 12502.0 7750.0 10781.0 14995.0
294 14391.0 13905.0 10277.0 12557.0 9611.0 13928.0 12095.0 12918.0 11504.0 18844.0 11605.0 12391.0 12493.0 11346.0 12250.0 12398.0 11876.0 12523.0 11294.0 6960.0 12338.0 6912.0 12934.0 10431.0 13203.0 12287.0 11361.0 11666.0 11350.0 5600.0 8570.0 14245.0
297 13819.0 13507.0 10193.0 11933.0 8345.0 13248.0 11465.0 11967.0 10726.0 17973.0 9475.0 11730.0 11182.0 9559.0 10784.0 11267.0 10565.0 11135.0 9502.0 5181.0 11456.0 4246.0 11324.0 9308.0 12871.0 9715.0 9007.0 11222.0 9578.0 3547.0 6136.0 12859.0
300 12936.0 13066.0 9751.0 10620.0 6322.0 12387.0 10034.0 10608.0 9696.0 17020.0 6784.0 10647.0 9337.0 6892.0 8618.0 9533.0 8413.0 9346.0 6999.0 3163.0 9577.0 2172.0 9120.0 7390.0 11687.0 6561.0 5939.0 10113.0 6907.0 1815.0 3508.0 10914.0
303 11149.0 11723.0 9053.0 8535.0 4401.0 11102.0 7986.0 8355.0 8202.0 14664.0 4262.0 8917.0 7073.0 4515.0 6022.0 7330.0 5986.0 7012.0 4786.0 1751.0 7378.0 1369.0 6773.0 5260.0 10375.0 3763.0 3508.0 8349.0 4493.0 1056.0 1983.0 8369.0
306 8634.0 9445.0 7926.0 6342.0 2550.0 8562.0 5728.0 6052.0 6414.0 11838.0 2411.0 6223.0 4459.0 2507.0 3537.0 4772.0 3515.0 4349.0 2746.0 1087.0 4833.0 1140.0 4159.0 3264.0 8169.0 2304.0 1985.0 6065.0 2427.0 885.0 1310.0 5647.0
309 5705.0 6445.0 6325.0 3446.0 1344.0 5801.0 3277.0 3691.0 3978.0 7833.0 1462.0 3760.0 2514.0 1486.0 1905.0 2619.0 1914.0 2188.0 1543.0 912.0 2584.0 981.0 2170.0 1725.0 5517.0 1485.0 1368.0 3509.0 1400.0 820.0 1098.0 3401.0
312 3217.0 3850.0 4106.0 1911.0 1003.0 3345.0 1844.0 2065.0 2222.0 4608.0 1238.0 2024.0 1446.0 1118.0 1300.0 1514.0 1361.0 1529.0 1219.0 742.0 1514.0 998.0 1428.0 1162.0 3210.0 1212.0 1164.0 2031.0 1174.0 720.0 987.0 1956.0
315 1957.0 2096.0 2530.0 1230.0 868.0 1937.0 1277.0 1365.0 1350.0 2736.0 1119.0 1354.0 1154.0 981.0 1142.0 1215.0 1091.0 1160.0 1043.0 704.0 1199.0 909.0 1274.0 932.0 1953.0 1253.0 1137.0 1369.0 1059.0 719.0 903.0 1470.0
318 1481.0 1492.0 1465.0 1131.0 772.0 1436.0 1056.0 1088.0 1042.0 1971.0 1001.0 1151.0 1102.0 980.0 1036.0 1044.0 1014.0 1010.0 1035.0 646.0 1090.0 856.0 1151.0 925.0 1416.0 1154.0 1031.0 1142.0 926.0 691.0 922.0 1258.0
321 1265.0 1244.0 972.0 987.0 774.0 1184.0 947.0 1068.0 909.0 1672.0 1036.0 959.0 994.0 931.0 1006.0 1056.0 962.0 989.0 990.0 662.0 982.0 845.0 1002.0 824.0 1156.0 1164.0 1005.0 999.0 967.0 651.0 863.0 1215.0
324 1167.0 1091.0 886.0 896.0 711.0 1134.0 919.0 1036.0 944.0 1560.0 1015.0 997.0 958.0 920.0 966.0 972.0 922.0 970.0 960.0 654.0 971.0 875.0 987.0 883.0 1091.0 1117.0 1039.0 909.0 884.0 707.0 880.0 1150.0
327 1142.0 1037.0 816.0 894.0 731.0 1023.0 865.0 939.0 831.0 1544.0 972.0 978.0 900.0 899.0 942.0 999.0 868.0 925.0 954.0 656.0 918.0 819.0 1001.0 838.0 1062.0 1097.0 978.0 859.0 912.0 643.0 812.0 1085.0
330 1082.0 1031.0 760.0 883.0 717.0 1038.0 873.0 967.0 720.0 1531.0 990.0 890.0 875.0 900.0 920.0 936.0 865.0 890.0 889.0 636.0 877.0 837.0 1049.0 804.0 1023.0 1070.0 1049.0 812.0 863.0 627.0 822.0 1113.0
333 1112.0 1017.0 706.0 841.0 700.0 987.0 824.0 947.0 807.0 1432.0 928.0 859.0 915.0 887.0 870.0 924.0 849.0 878.0 940.0 642.0 893.0 811.0 962.0 755.0 949.0 1042.0 932.0 881.0 817.0 687.0 855.0 1047.0
336 1068.0 969.0 711.0 870.0 692.0 1037.0 844.0 944.0 767.0 1425.0 926.0 874.0 902.0 837.0 899.0 890.0 872.0 814.0 829.0 571.0 875.0 734.0 895.0 740.0 984.0 1025.0 956.0 787.0 844.0 622.0 722.0 1014.0
339 1049.0 993.0 759.0 800.0 653.0 985.0 889.0 893.0 815.0 1433.0 934.0 822.0 850.0 820.0 853.0 940.0 794.0 809.0 876.0 590.0 831.0 776.0 885.0 738.0 945.0 958.0 916.0 799.0 797.0 578.0 733.0 1020.0
342 1017.0 1014.0 670.0 805.0 623.0 915.0 807.0 913.0 747.0 1400.0 830.0 829.0 897.0 873.0 855.0 897.0 802.0 888.0 794.0 560.0 858.0 723.0 887.0 730.0 907.0 981.0 918.0 794.0 775.0 584.0 721.0 1054.0
345 998.0 914.0 694.0 766.0 599.0 897.0 770.0 828.0 811.0 1246.0 879.0 823.0 827.0 742.0 770.0 878.0 786.0 790.0 813.0 486.0 806.0 664.0 846.0 736.0 900.0 953.0 875.0 741.0 764.0 552.0 666.0 1013.0
348 928.0 921.0 636.0 749.0 584.0 897.0 779.0 823.0 707.0 1296.0 801.0 829.0 750.0 738.0 777.0 754.0 807.0 784.0 783.0 497.0 779.0 615.0 841.0 737.0 912.0 825.0 822.0 741.0 788.0 524.0 668.0 953.0
351 955.0 816.0 716.0 710.0 581.0 856.0 732.0 804.0 698.0 1289.0 778.0 756.0 796.0 714.0 750.0 816.0 701.0 724.0 750.0 464.0 749.0 558.0 821.0 669.0 839.0 821.0 760.0 777.0 710.0 475.0 579.0 916.0
354 946.0 831.0 644.0 720.0 494.0 866.0 662.0 741.0 650.0 1256.0 710.0 736.0 760.0 653.0 727.0 715.0 711.0 729.0 721.0 432.0 709.0 440.0 765.0 639.0 889.0 758.0 701.0 721.0 689.0 403.0 522.0 846.0
357 877.0 820.0 595.0 722.0 526.0 830.0 656.0 732.0 678.0 1224.0 614.0 720.0 692.0 638.0 728.0 753.0 653.0 660.0 605.0 379.0 691.0 351.0 715.0 609.0 817.0 698.0 620.0 694.0 612.0 268.0 433.0 807.0
360 815.0 770.0 551.0 665.0 457.0 800.0 627.0 702.0 567.0 1129.0 506.0 673.0 659.0 530.0 627.0 689.0 630.0 655.0 558.0 269.0 681.0 236.0 679.0 624.0 797.0 550.0 506.0 624.0 564.0 214.0 353.0 764.0
363 808.0 745.0 579.0 657.0 419.0 752.0 563.0 644.0 633.0 999.0 428.0 609.0 553.0 471.0 514.0 593.0 557.0 576.0 484.0 204.0 591.0 141.0 572.0 480.0 763.0 423.0 398.0 620.0 485.0 132.0 196.0 691.0
366 732.0 674.0 554.0 571.0 326.0 680.0 500.0 557.0 550.0 997.0 350.0 571.0 455.0 344.0 444.0 511.0 418.0 461.0 385.0 137.0 542.0 100.0 516.0 401.0 681.0 297.0 257.0 518.0 353.0 101.0 138.0 543.0
369 646.0 631.0 541.0 526.0 229.0 681.0 426.0 479.0 504.0 936.0 232.0 480.0 384.0 239.0 351.0 424.0 322.0 365.0 259.0 88.0 417.0 56.0 365.0 299.0 577.0 211.0 171.0 473.0 235.0 76.0 95.0 453.0
372 554.0 512.0 495.0 338.0 135.0 504.0 335.0 361.0 411.0 759.0 144.0 379.0 252.0 124.0 223.0 276.0 212.0 249.0 165.0 55.0 307.0 65.0 279.0 201.0 520.0 131.0 121.0 369.0 149.0 45.0 71.0 324.0
375 421.0 440.0 432.0 241.0 92.0 416.0 246.0 251.0 300.0 579.0 93.0 283.0 184.0 91.0 142.0 189.0 143.0 174.0 129.0 44.0 211.0 63.0 192.0 140.0 375.0 87.0 85.0 278.0 97.0 45.0 78.0 232.0
378 307.0 304.0 323.0 165.0 71.0 312.0 147.0 183.0 201.0 420.0 75.0 181.0 129.0 58.0 107.0 111.0 99.0 116.0 76.0 43.0 122.0 54.0 123.0 90.0 283.0 90.0 73.0 206.0 72.0 44.0 62.0 157.0
381 182.0 208.0 298.0 99.0 49.0 213.0 116.0 106.0 129.0 284.0 69.0 121.0 72.0 82.0 84.0 89.0 71.0 55.0 82.0 41.0 89.0 67.0 86.0 73.0 193.0 68.0 68.0 113.0 94.0 41.0 51.0 119.0
384 108.0 92.0 147.0 72.0 54.0 124.0 72.0 90.0 81.0 165.0 58.0 77.0 60.0 61.0 57.0 73.0 75.0 61.0 63.0 39.0 56.0 50.0 64.0 75.0 106.0 93.0 84.0 79.0 66.0 41.0 52.0 77.0
387 101.0 80.0 83.0 65.0 51.0 96.0 78.0 68.0 63.0 137.0 66.0 67.0 58.0 59.0 81.0 67.0 63.0 69.0 80.0 44.0 57.0 52.0 78.0 54.0 95.0 51.0 53.0 68.0 62.0 40.0 56.0 80.0
390 80.0 77.0 48.0 57.0 34.0 63.0 63.0 72.0 62.0 106.0 77.0 57.0 60.0 48.0 53.0 68.0 53.0 65.0 56.0 40.0 55.0 54.0 52.0 67.0 59.0 56.0 71.0 72.0 62.0 36.0 58.0 74.0
393 75.0 56.0 57.0 49.0 40.0 70.0 48.0 60.0 61.0 112.0 69.0 65.0 70.0 54.0 54.0 69.0 51.0 67.0 61.0 40.0 55.0 40.0 66.0 55.0 59.0 93.0 63.0 59.0 43.0 41.0 50.0 90.0
396 79.0 82.0 32.0 46.0 57.0 67.0 46.0 62.0 61.0 90.0 50.0 58.0 67.0 44.0 65.0 68.0 48.0 53.0 77.0 34.0 62.0 36.0 66.0 35.0 70.0 64.0 69.0 72.0 54.0 52.0 47.0 80.0
399 80.0 64.0 47.0 60.0 41.0 67.0 51.0 56.0 57.0 106.0 66.0 58.0 43.0 54.0 58.0 64.0 56.0 55.0 60.0 37.0 60.0 41.0 66.0 39.0 70.0 59.0 59.0 56.0 73.0 42.0 56.0 76.0
402 73.0 61.0 48.0 42.0 40.0 69.0 50.0 68.0 55.0 104.0 59.0 65.0 52.0 55.0 69.0 56.0 56.0 56.0 47.0 33.0 38.0 32.0 48.0 42.0 66.0 73.0 66.0 60.0 65.0 38.0 31.0 80.0
405 76.0 74.0 45.0 51.0 39.0 76.0 44.0 52.0 55.0 110.0 53.0 56.0 45.0 47.0 47.0 52.0 51.0 44.0 53.0 32.0 65.0 26.0 59.0 49.0 77.0 46.0 55.0 54.0 30.0 31.0 27.0 79.0
408 77.0 61.0 47.0 38.0 38.0 76.0 38.0 53.0 47.0 98.0 57.0 52.0 53.0 47.0 51.0 55.0 41.0 48.0 58.0 35.0 51.0 29.0 53.0 52.0 81.0 47.0 32.0 56.0 45.0 30.0 34.0 76.0
411 62.0 58.0 47.0 54.0 39.0 58.0 50.0 45.0 46.0 101.0 51.0 47.0 42.0 40.0 51.0 53.0 51.0 42.0 54.0 22.0 61.0 20.0 51.0 47.0 58.0 42.0 51.0 51.0 39.0 25.0 33.0 56.0
414 66.0 75.0 50.0 49.0 38.0 57.0 42.0 48.0 50.0 68.0 38.0 53.0 43.0 32.0 56.0 51.0 59.0 43.0 45.0 20.0 44.0 19.0 54.0 40.0 70.0 46.0 49.0 51.0 44.0 22.0 25.0 52.0
417 51.0 54.0 32.0 52.0 27.0 60.0 49.0 39.0 55.0 77.0 31.0 42.0 33.0 30.0 39.0 45.0 40.0 50.0 39.0 25.0 49.0 15.0 43.0 27.0 62.0 37.0 41.0 46.0 38.0 11.0 26.0 49.0
420 47.0 43.0 35.0 38.0 26.0 49.0 29.0 47.0 44.0 76.0 41.0 41.0 49.0 31.0 42.0 44.0 34.0 37.0 30.0 13.0 44.0 8.0 43.0 42.0 68.0 35.0 31.0 41.0 30.0 8.0 13.0 43.0
423 57.0 47.0 49.0 42.0 27.0 46.0 36.0 55.0 46.0 73.0 29.0 36.0 42.0 26.0 28.0 43.0 35.0 34.0 25.0 9.0 36.0 5.0 35.0 37.0 61.0 17.0 14.0 43.0 28.0 8.0 10.0 47.0
426 53.0 61.0 43.0 26.0 20.0 55.0 30.0 35.0 45.0 75.0 17.0 35.0 29.0 21.0 30.0 27.0 29.0 29.0 19.0 5.0 19.0 4.0 29.0 34.0 51.0 19.0 15.0 38.0 19.0 5.0 5.0 37.0
429 41.0 53.0 31.0 27.0 17.0 48.0 27.0 34.0 31.0 56.0 14.0 40.0 16.0 16.0 21.0 37.0 26.0 28.0 18.0 5.0 35.0 2.0 19.0 12.0 42.0 15.0 6.0 40.0 21.0 2.0 6.0 36.0
432 43.0 30.0 28.0 16.0 6.0 42.0 15.0 32.0 31.0 59.0 16.0 24.0 31.0 13.0 15.0 22.0 12.0 13.0 11.0 4.0 28.0 5.0 16.0 11.0 35.0 11.0 8.0 18.0 9.0 5.0 7.0 27.0
435 40.0 27.0 32.0 24.0 6.0 32.0 16.0 21.0 16.0 46.0 3.0 21.0 15.0 4.0 8.0 14.0 10.0 15.0 5.0 9.0 12.0 2.0 12.0 10.0 32.0 7.0 9.0 22.0 4.0 5.0 5.0 13.0
438 22.0 29.0 20.0 10.0 8.0 26.0 9.0 17.0 23.0 41.0 8.0 11.0 12.0 3.0 7.0 8.0 6.0 8.0 10.0 5.0 8.0 5.0 16.0 2.0 19.0 6.0 9.0 16.0 5.0 3.0 2.0 12.0
441 13.0 22.0 22.0 7.0 11.0 22.0 7.0 12.0 12.0 21.0 6.0 9.0 3.0 6.0 4.0 4.0 6.0 5.0 4.0 3.0 4.0 1.0 8.0 6.0 19.0 6.0 4.0 8.0 2.0 3.0 1.0 9.0
444 15.0 5.0 16.0 6.0 2.0 9.0 7.0 8.0 8.0 17.0 10.0 2.0 3.0 2.0 4.0 6.0 4.0 7.0 5.0 0.0 8.0 3.0 9.0 3.0 11.0 7.0 6.0 9.0 6.0 4.0 5.0 7.0
447 9.0 5.0 18.0 7.0 3.0 11.0 4.0 4.0 5.0 15.0 4.0 3.0 5.0 2.0 4.0 5.0 1.0 2.0 2.0 2.0 3.0 5.0 5.0 6.0 5.0 5.0 8.0 11.0 2.0 3.0 3.0 8.0
