150 573459.0 557315.0 549768.0 589920.0 633072.0 580788.0 546463.0 562467.0 545689.0 557146.0 556240.0 574056.0 546241.0 535115.0 568940.0 615149.0 593852.0 556393.0 575085.0 575655.0 564551.0 564110.0 600699.0 549787.0 576132.0 563441.0 554208.0 559642.0 576401.0 570312.0 571660.0 579064.0
153 7255758.0 7231490.0 7235806.0 7256633.0 7276812.0 7237583.0 7223672.0 7218073.0 7220723.0 7217255.0 7221928.0 7233919.0 7210689.0 7220584.0 7232469.0 7249830.0 7260922.0 7226397.0 7240426.0 7261207.0 7220822.0 7254364.0 7244920.0 7242939.0 7232046.0 7259324.0 7224219.0 7232993.0 7258453.0 7266944.0 7285972.0 7242367.0
156 18322066.0 18318701.0 18323078.0 18287072.0 18306069.0 18282071.0 18314212.0 18281932.0 18311777.0 18285351.0 18302529.0 18281863.0 18302732.0 18319242.0 18302736.0 18267994.0 18305061.0 18304101.0 18303590.0 18305574.0 18282356.0 18310907.0 18272367.0 18312394.0 18275924.0 18309827.0 18282858.0 18300572.0 18283797.0 18311920.0 18317775.0 18304984.0
159 18550822.0 18542786.0 18546542.0 18515407.0 18527672.0 18510412.0 18538958.0 18514310.0 18537586.0 18516690.0 18529992.0 18512609.0 18532536.0 18541976.0 18530838.0 18498382.0 18530819.0 18532202.0 18531704.0 18533233.0 18512575.0 18538023.0 18503324.0 18539959.0 18505566.0 18539073.0 18513004.0 18529501.0 18514584.0 18539561.0 18547430.0 18534685.0
162 18776582.0 18770983.0 18774573.0 18743656.0 18757264.0 18738667.0 18768058.0 18743575.0 18767077.0 18745637.0 18760769.0 18740612.0 18761458.0 18770982.0 18760896.0 18728147.0 18760286.0 18762498.0 18761702.0 18764276.0 18743960.0 18769719.0 18733774.0 18771160.0 18737848.0 18771034.0 18743500.0 18761577.0 18745062.0 18771735.0 18778922.0 18766174.0
165 18930281.0 18924700.0 18928163.0 18896341.0 18911938.0 18891997.0 18922732.0 18896529.0 18920754.0 18899044.0 18915449.0 18893310.0 18915526.0 18923569.0 18914730.0 18881270.0 18914656.0 18917298.0 18916580.0 18918411.0 18897109.0 18925398.0 18888451.0 18926619.0 18892191.0 18927160.0 18896599.0 18916529.0 18899158.0 18926919.0 18933460.0 18921222.0
168 19121259.0 19115545.0 19118303.0 19085570.0 19103343.0 19081459.0 19114888.0 19086331.0 19112009.0 19088359.0 19108745.0 19083034.0 19108081.0 19114622.0 19107766.0 19071140.0 19106044.0 19109607.0 19109211.0 19110041.0 19086437.0 19117961.0 19078444.0 19117712.0 19079911.0 19118499.0 19085729.0 19107883.0 19088309.0 19119399.0 19124484.0 19112681.0
171 19261968.0 19255371.0 19258567.0 19221982.0 19244866.0 19215018.0 19256614.0 19224102.0 19253644.0 19224727.0 19251910.0 19219246.0 19249386.0 19256933.0 19249386.0 19205530.0 19247445.0 19250456.0 19250959.0 19249859.0 19222430.0 19260035.0 19211899.0 19258458.0 19215705.0 19259248.0 19219438.0 19247674.0 19222956.0 19260077.0 19264218.0 19252172.0
174 19484249.0 19475331.0 19470715.0 19378543.0 19459705.0 19340746.0 19472200.0 19397035.0 19461860.0 19380392.0 19463620.0 19381068.0 19465679.0 19462077.0 19458342.0 19361389.0 19455813.0 19456601.0 19459454.0 19450173.0 19398261.0 19464343.0 19374656.0 19460600.0 19390418.0 19458202.0 19373281.0 19450169.0 19381149.0 19462909.0 19464295.0 19454925.0
177 12796743.0 12920273.0 12475843.0 11873914.0 12591247.0 11826263.0 12898099.0 12379532.0 12547682.0 12080655.0 12664878.0 12372147.0 13217039.0 12440382.0 12722669.0 12467110.0 12629203.0 12753924.0 12635429.0 12301609.0 12364238.0 12400879.0 12190151.0 12407966.0 12392814.0 12233309.0 12059230.0 12762874.0 11823526.0 12563208.0 12354393.0 12919874.0
180 9499446.0 9657947.0 9394721.0 9480593.0 9580494.0 9508114.0 9919903.0 10170544.0 9669053.0 9828800.0 9833410.0 10179546.0 10429567.0 9615025.0 9986396.0 10264364.0 9852812.0 9971849.0 9838989.0 9475474.0 10124606.0 9546524.0 9960106.0 9567220.0 10191917.0 9327123.0 9784566.0 9895653.0 9440694.0 9628750.0 9366081.0 9901913.0
183 4746874.0 4839783.0 4668782.0 4761174.0 4816436.0 4765272.0 5053085.0 5257915.0 4841608.0 4948154.0 4927280.0 5244818.0 5352798.0 4801181.0 5043317.0 5314113.0 4935035.0 5073581.0 4938492.0 4704244.0 5236828.0 4749338.0 5122971.0 4746670.0 5319679.0 4605142.0 4991213.0 5029197.0 4717847.0 4846711.0 4628842.0 5045933.0
186 392210.0 400946.0 355569.0 378391.0 450629.0 377522.0 467612.0 442251.0 396329.0 375131.0 412975.0 459624.0 500698.0 387092.0 443558.0 508462.0 428160.0 450113.0 427435.0 387540.0 437338.0 397158.0 443594.0 377561.0 467035.0 370981.0 387178.0 468779.0 378006.0 443263.0 381868.0 488344.0
189 308271.0 299397.0 286271.0 324604.0 360819.0 320363.0 306379.0 319892.0 290312.0 299521.0 313574.0 321932.0 310220.0 277962.0 313219.0 365753.0 329173.0 305001.0 317844.0 309084.0 317115.0 309729.0 350629.0 292882.0 349467.0 301487.0 305140.0 321588.0 321821.0 322097.0 298563.0 334546.0
192 306933.0 296406.0 284276.0 318706.0 362203.0 317570.0 291351.0 308490.0 285571.0 296180.0 308266.0 309563.0 293412.0 271079.0 304361.0 349478.0 323927.0 294389.0 312393.0 304876.0 305014.0 305277.0 343660.0 287345.0 330414.0 299551.0 297115.0 309714.0 317274.0 312704.0 295901.0 319156.0
195 306660.0 294976.0 283929.0 319123.0 360926.0 316767.0 292579.0 307936.0 282726.0 296468.0 308254.0 310604.0 293158.0 270469.0 304741.0 350806.0 322508.0 293553.0 313016.0 304032.0 305176.0 304854.0 344130.0 286717.0 329190.0 299179.0 296470.0 308340.0 318390.0 310643.0 294538.0 319247.0
198 306093.0 295020.0 284425.0 322030.0 361003.0 318340.0 292616.0 307556.0 283425.0 296561.0 309079.0 311193.0 293001.0 271640.0 303719.0 349655.0 323874.0 294780.0 310388.0 304635.0 305685.0 304092.0 343540.0 286991.0 330473.0 298618.0 296186.0 311422.0 318333.0 313005.0 295691.0 318253.0
201 306284.0 295433.0 283853.0 321116.0 361798.0 317426.0 292236.0 309361.0 283316.0 297446.0 309248.0 308017.0 294555.0 271549.0 308752.0 350705.0 324375.0 294462.0 313215.0 304164.0 305698.0 304457.0 344128.0 290232.0 330149.0 298590.0 297893.0 310145.0 317550.0 311275.0 294716.0 319475.0
204 305593.0 295087.0 283505.0 321476.0 360621.0 316691.0 291534.0 308430.0 285298.0 295356.0 308613.0 309676.0 294127.0 270380.0 308836.0 346881.0 322857.0 292385.0 311868.0 304953.0 305456.0 304633.0 336218.0 285445.0 335627.0 297930.0 297240.0 307466.0 317078.0 312058.0 293949.0 319708.0
207 305859.0 294122.0 281369.0 320771.0 360160.0 316090.0 291399.0 306875.0 283115.0 295784.0 307999.0 308672.0 290721.0 269968.0 307501.0 348807.0 324042.0 293459.0 309639.0 303462.0 304964.0 303919.0 342401.0 285171.0 328821.0 297762.0 296235.0 307697.0 315359.0 309204.0 293937.0 317848.0
210 305106.0 293236.0 282615.0 319512.0 358562.0 315919.0 290565.0 306525.0 281748.0 294983.0 306268.0 307454.0 288057.0 269178.0 306294.0 346568.0 321370.0 292812.0 311056.0 302350.0 303311.0 303359.0 340258.0 283733.0 332551.0 295897.0 293827.0 307170.0 315310.0 309751.0 293353.0 317090.0
213 304118.0 293016.0 281547.0 318992.0 357799.0 314391.0 290324.0 306678.0 281704.0 294434.0 305218.0 306630.0 288964.0 269168.0 306500.0 344565.0 321029.0 292623.0 308210.0 302072.0 303358.0 302842.0 340863.0 285909.0 322252.0 295322.0 293817.0 305737.0 314421.0 309755.0 291724.0 317111.0
216 304539.0 292990.0 282344.0 319730.0 358496.0 314476.0 290834.0 305408.0 282281.0 295282.0 306222.0 306232.0 288692.0 269152.0 307288.0 346523.0 320256.0 291391.0 311166.0 302424.0 303807.0 301352.0 333909.0 287229.0 328458.0 295544.0 295710.0 307004.0 314425.0 309485.0 292505.0 316843.0
219 302294.0 291945.0 280320.0 316140.0 356547.0 312467.0 288106.0 303167.0 280329.0 291337.0 302957.0 304564.0 286796.0 267231.0 302128.0 345220.0 318986.0 290869.0 306764.0 299518.0 302380.0 298381.0 337907.0 282715.0 326440.0 293661.0 292740.0 305125.0 311390.0 307232.0 289987.0 314826.0
222 299734.0 289846.0 279014.0 314435.0 354654.0 310619.0 286612.0 302529.0 278870.0 290370.0 301557.0 303492.0 284378.0 266674.0 298828.0 342813.0 316506.0 289798.0 308426.0 298766.0 300146.0 297994.0 335634.0 281927.0 324805.0 292325.0 291139.0 303077.0 309646.0 304620.0 287982.0 313471.0
225 298454.0 288998.0 276231.0 310491.0 352075.0 310054.0 285422.0 300205.0 277406.0 288994.0 298685.0 302548.0 283385.0 265580.0 301122.0 341054.0 315950.0 286674.0 308729.0 296941.0 297991.0 293082.0 333162.0 278815.0 321740.0 287671.0 289125.0 300549.0 305263.0 301284.0 284466.0 311681.0
228 294371.0 286476.0 274080.0 307875.0 349071.0 306869.0 281797.0 298159.0 276659.0 285884.0 292589.0 301262.0 285299.0 262963.0 297652.0 339464.0 312898.0 285384.0 302536.0 293959.0 295982.0 278868.0 330601.0 272382.0 316156.0 276156.0 286721.0 298609.0 293025.0 292562.0 276107.0 309332.0
231 280554.0 280832.0 260007.0 298708.0 343998.0 301099.0 274733.0 289301.0 268823.0 275271.0 264974.0 297183.0 280731.0 254965.0 283149.0 336591.0 305455.0 276889.0 287980.0 286476.0 288441.0 227242.0 312698.0 243382.0 299910.0 234343.0 272438.0 288893.0 249541.0 258676.0 244121.0 301389.0
234 231416.0 258102.0 214473.0 269516.0 327303.0 280833.0 247345.0 254649.0 247263.0 233892.0 192580.0 288279.0 265262.0 228033.0 229864.0 328736.0 279233.0 250869.0 245239.0 260726.0 263100.0 138412.0 259820.0 179269.0 258317.0 155256.0 235407.0 260301.0 166553.0 187320.0 176928.0 277192.0
237 134507.0 187640.0 126332.0 193598.0 267458.0 213483.0 172043.0 169148.0 180858.0 145367.0 90216.0 252886.0 206737.0 163531.0 128450.0 295540.0 202730.0 184080.0 146633.0 195979.0 198762.0 54287.0 155252.0 87754.0 167663.0 68950.0 157367.0 191040.0 74994.0 93859.0 90256.0 217162.0
240 47937.0 84800.0 46768.0 89106.0 143193.0 105124.0 73928.0 65637.0 82371.0 54725.0 29599.0 167561.0 99439.0 77543.0 43350.0 200573.0 91200.0 88361.0 54362.0 99066.0 95629.0 21363.0 57854.0 29078.0 69829.0 25193.0 68562.0 91143.0 27796.0 33498.0 32600.0 120417.0
243 21762.0 29964.0 20574.0 33471.0 51748.0 38336.0 27279.0 24385.0 29503.0 22703.0 18246.0 73611.0 34095.0 28862.0 19631.0 90308.0 33084.0 32167.0 23302.0 38238.0 34015.0 15780.0 24945.0 16562.0 28223.0 16504.0 27047.0 33185.0 18048.0 18363.0 17423.0 47608.0
246 17062.0 18482.0 15804.0 20568.0 26010.0 21202.0 17040.0 17712.0 17557.0 16829.0 15353.0 29104.0 18650.0 16320.0 15696.0 35007.0 20242.0 18037.0 17756.0 20483.0 19745.0 14051.0 19263.0 13940.0 19397.0 14582.0 17586.0 19297.0 15637.0 15211.0 14573.0 23015.0
249 14882.0 15802.0 13974.0 17805.0 21033.0 17657.0 14633.0 15434.0 14657.0 15074.0 14079.0 19152.0 15508.0 13601.0 14207.0 23296.0 16837.0 15348.0 15523.0 16676.0 16725.0 12907.0 16807.0 12835.0 17023.0 13369.0 15314.0 16118.0 14164.0 13793.0 13031.0 17966.0
252 13777.0 14331.0 12801.0 16128.0 18624.0 15492.0 13240.0 13939.0 13202.0 13857.0 12969.0 16391.0 13923.0 12338.0 12842.0 19698.0 15492.0 13702.0 14201.0 14864.0 14880.0 12238.0 15763.0 12062.0 15800.0 12854.0 14193.0 14680.0 13398.0 12975.0 12179.0 15998.0
255 12860.0 13287.0 12087.0 15235.0 17040.0 14588.0 12190.0 13329.0 12048.0 13025.0 12357.0 14923.0 13005.0 11439.0 12393.0 17538.0 14371.0 12718.0 13586.0 13625.0 14094.0 11694.0 14566.0 11804.0 14662.0 12109.0 12943.0 13636.0 12919.0 12405.0 11780.0 14351.0
258 12464.0 12723.0 11957.0 14337.0 15924.0 13778.0 11716.0 12456.0 11468.0 12341.0 12364.0 13655.0 12198.0 10875.0 11613.0 16282.0 13561.0 12007.0 12909.0 13064.0 13316.0 11391.0 13852.0 11328.0 13966.0 11936.0 12698.0 12934.0 12642.0 12142.0 11542.0 13734.0
261 12229.0 12483.0 11638.0 14107.0 15819.0 13462.0 11389.0 12261.0 11021.0 12382.0 12071.0 13184.0 12017.0 10626.0 11723.0 15369.0 13503.0 11682.0 12687.0 12693.0 13091.0 11518.0 13680.0 11292.0 13837.0 11765.0 12391.0 12669.0 12589.0 11931.0 11244.0 13429.0
264 12198.0 12397.0 11423.0 13827.0 15187.0 13311.0 11084.0 12119.0 11198.0 12059.0 11997.0 12999.0 12019.0 10557.0 11428.0 15439.0 13188.0 11636.0 12253.0 12558.0 12809.0 11367.0 13732.0 10812.0 13432.0 11564.0 12237.0 12526.0 12385.0 11700.0 11024.0 13019.0
267 11836.0 12256.0 11518.0 13584.0 15188.0 13093.0 11246.0 12175.0 11161.0 12033.0 11530.0 12600.0 11831.0 10514.0 11217.0 15100.0 12995.0 11447.0 12228.0 12302.0 12615.0 11035.0 13581.0 10808.0 13291.0 11584.0 12177.0 12458.0 12419.0 11651.0 10751.0 12711.0
270 11709.0 12125.0 11305.0 13575.0 15349.0 12658.0 11126.0 11977.0 10772.0 12052.0 11601.0 12601.0 11601.0 10163.0 11233.0 14947.0 13029.0 11276.0 12266.0 12347.0 12474.0 10844.0 13270.0 10661.0 13315.0 11375.0 11991.0 12211.0 11972.0 11454.0 10850.0 12809.0
273 11810.0 11906.0 11215.0 13271.0 14940.0 12650.0 11125.0 11821.0 10700.0 11950.0 11268.0 12436.0 11357.0 10094.0 10897.0 15002.0 12553.0 11076.0 12100.0 12022.0 12299.0 10746.0 12633.0 10531.0 12819.0 10946.0 11696.0 12023.0 11830.0 11064.0 10564.0 12444.0
276 11623.0 11845.0 11055.0 12958.0 14811.0 12608.0 10854.0 11497.0 10474.0 11691.0 11222.0 12249.0 11244.0 9956.0 10850.0 14759.0 12478.0 11017.0 11579.0 12059.0 12128.0 10534.0 12376.0 10428.0 12916.0 10863.0 11647.0 11744.0 11507.0 11074.0 10517.0 12332.0
279 11239.0 11583.0 10748.0 13185.0 14368.0 12468.0 10579.0 11564.0 10318.0 11237.0 11102.0 12041.0 10912.0 9864.0 10735.0 14406.0 12447.0 10971.0 11664.0 11915.0 12023.0 10204.0 12606.0 10085.0 12629.0 10699.0 11546.0 11446.0 11300.0 10764.0 10373.0 12117.0
282 11076.0 11313.0 10543.0 13065.0 14082.0 12156.0 10325.0 11120.0 10261.0 11230.0 10787.0 11884.0 10986.0 9607.0 10313.0 14381.0 11921.0 10597.0 11307.0 11570.0 11687.0 10144.0 12420.0 9890.0 12473.0 10427.0 11142.0 11654.0 11018.0 10611.0 10039.0 11833.0
285 10938.0 11341.0 10398.0 12748.0 13911.0 11891.0 10191.0 10882.0 10040.0 10833.0 10301.0 11700.0 10621.0 9572.0 10074.0 14009.0 11719.0 10446.0 11226.0 11354.0 11644.0 9938.0 12200.0 9584.0 12096.0 10214.0 11110.0 11213.0 10709.0 10077.0 9778.0 11684.0
288 10456.0 10917.0 10061.0 12466.0 13548.0 11807.0 10038.0 10579.0 9703.0 10724.0 10111.0 11253.0 10409.0 9337.0 9793.0 13647.0 11677.0 10114.0 11069.0 10864.0 11391.0 9366.0 12074.0 9267.0 11592.0 9812.0 10697.0 10793.0 10288.0 9991.0 9469.0 11714.0
291 10321.0 10371.0 10036.0 12131.0 13432.0 11494.0 9800.0 10474.0 9545.0 10543.0 9637.0 11225.0 10129.0 9047.0 9538.0 13404.0 11240.0 9933.0 10714.0 10838.0 11145.0 8827.0 11302.0 8864.0 11184.0 9269.0 10357.0 10510.0 9756.0 9475.0 8977.0 11086.0
294 9735.0 10273.0 9372.0 11865.0 13009.0 10958.0 9382.0 9932.0 9431.0 10072.0 9015.0 10868.0 9950.0 8944.0 9032.0 13090.0 10948.0 9795.0 10429.0 10679.0 10728.0 7788.0 10853.0 8294.0 11037.0 8363.0 9819.0 10342.0 8962.0 8700.0 8367.0 10948.0
297 9114.0 9940.0 8928.0 11304.0 12615.0 10740.0 8773.0 9491.0 9082.0 9624.0 7807.0 10497.0 9688.0 8332.0 8367.0 12803.0 10573.0 9258.0 9584.0 10156.0 10296.0 5985.0 10260.0 7341.0 10367.0 6822.0 9430.0 9784.0 7231.0 7229.0 7314.0 10470.0
300 8102.0 9233.0 7683.0 10529.0 11928.0 10145.0 8123.0 8663.0 8343.0 8285.0 5843.0 10120.0 9019.0 7780.0 7166.0 12285.0 9925.0 8676.0 8195.0 9453.0 9387.0 4011.0 8798.0 5714.0 8960.0 4905.0 8421.0 9376.0 5289.0 5562.0 5736.0 9828.0
303 6208.0 7884.0 5925.0 9210.0 11158.0 9196.0 6819.0 6950.0 7184.0 6584.0 3565.0 9653.0 7987.0 6624.0 5242.0 12022.0 8799.0 7306.0 6278.0 8462.0 8200.0 2102.0 6507.0 3626.0 6918.0 3030.0 6822.0 7671.0 3171.0 3514.0 4101.0 8575.0
306 3638.0 5668.0 3631.0 7007.0 9260.0 7130.0 4598.0 4483.0 5282.0 4008.0 1725.0 8653.0 6066.0 4863.0 2945.0 10888.0 6550.0 5475.0 3852.0 6728.0 6198.0 1011.0 3837.0 1814.0 4435.0 1467.0 4672.0 5476.0 1634.0 1897.0 2193.0 6730.0
309 1829.0 3423.0 1900.0 4375.0 6423.0 4719.0 2674.0 2256.0 3397.0 2080.0 961.0 7014.0 3733.0 3027.0 1394.0 9042.0 4126.0 3352.0 1941.0 4465.0 3832.0 748.0 2042.0 997.0 2412.0 825.0 2599.0 3452.0 961.0 977.0 1091.0 4642.0
312 1097.0 1742.0 1092.0 2509.0 3882.0 2696.0 1398.0 1214.0 1856.0 1199.0 795.0 5171.0 2028.0 1718.0 914.0 6607.0 2282.0 1968.0 1177.0 2815.0 2114.0 751.0 1160.0 787.0 1332.0 752.0 1483.0 1900.0 841.0 770.0 757.0 2912.0
315 831.0 1066.0 795.0 1424.0 1934.0 1485.0 875.0 872.0 1024.0 890.0 715.0 3094.0 1080.0 979.0 721.0 3939.0 1231.0 1033.0 881.0 1535.0 1117.0 623.0 1008.0 677.0 941.0 728.0 977.0 1056.0 725.0 701.0 640.0 1525.0
318 755.0 857.0 724.0 1063.0 1308.0 1003.0 698.0 714.0 725.0 823.0 692.0 1706.0 807.0 733.0 696.0 2185.0 965.0 760.0 774.0 1016.0 870.0 579.0 807.0 624.0 847.0 674.0 859.0 863.0 677.0 649.0 656.0 1015.0
321 722.0 768.0 674.0 936.0 1017.0 871.0 655.0 687.0 661.0 754.0 632.0 1021.0 700.0 621.0 568.0 1352.0 768.0 715.0 692.0 848.0 798.0 589.0 791.0 595.0 828.0 589.0 712.0 786.0 684.0 620.0 650.0 881.0
324 662.0 707.0 644.0 900.0 953.0 767.0 640.0 666.0 616.0 693.0 608.0 877.0 662.0 592.0 593.0 1062.0 771.0 677.0 738.0 747.0 723.0 611.0 796.0 523.0 775.0 600.0 732.0 707.0 660.0 619.0 554.0 798.0
327 659.0 741.0 658.0 867.0 891.0 793.0 557.0 664.0 605.0 757.0 636.0 783.0 624.0 620.0 626.0 1033.0 770.0 638.0 626.0 674.0 766.0 538.0 736.0 554.0 785.0 636.0 691.0 677.0 640.0 562.0 568.0 750.0
330 650.0 706.0 663.0 828.0 933.0 761.0 565.0 668.0 593.0 659.0 583.0 797.0 638.0 553.0 580.0 863.0 774.0 579.0 686.0 672.0 725.0 581.0 682.0 550.0 738.0 615.0 688.0 691.0 607.0 565.0 596.0 720.0
333 634.0 671.0 614.0 797.0 916.0 735.0 569.0 624.0 649.0 649.0 596.0 702.0 612.0 523.0 538.0 920.0 671.0 630.0 688.0 696.0 685.0 576.0 723.0 567.0 730.0 612.0 708.0 679.0 624.0 609.0 575.0 685.0
336 649.0 719.0 656.0 843.0 831.0 692.0 581.0 649.0 547.0 680.0 584.0 703.0 595.0 559.0 529.0 865.0 719.0 614.0 644.0 686.0 705.0 564.0 644.0 563.0 702.0 576.0 667.0 648.0 582.0 600.0 564.0 728.0
339 604.0 698.0 620.0 764.0 824.0 714.0 557.0 593.0 591.0 679.0 584.0 664.0 561.0 558.0 538.0 858.0 735.0 613.0 641.0 658.0 685.0 532.0 670.0 489.0 672.0 560.0 666.0 621.0 603.0 563.0 520.0 657.0
342 554.0 647.0 547.0 774.0 799.0 720.0 555.0 570.0 514.0 631.0 530.0 649.0 647.0 498.0 524.0 872.0 684.0 568.0 611.0 644.0 644.0 516.0 678.0 496.0 707.0 552.0 645.0 654.0 563.0 500.0 554.0 696.0
345 586.0 638.0 578.0 726.0 779.0 687.0 528.0 547.0 560.0 611.0 541.0 663.0 571.0 480.0 488.0 790.0 634.0 559.0 604.0 598.0 625.0 475.0 600.0 484.0 679.0 514.0 630.0 594.0 510.0 448.0 520.0 661.0
348 519.0 659.0 511.0 714.0 800.0 642.0 547.0 544.0 489.0 591.0 522.0 651.0 548.0 489.0 507.0 797.0 692.0 545.0 578.0 628.0 659.0 437.0 578.0 480.0 589.0 495.0 608.0 592.0 549.0 496.0 493.0 683.0
351 507.0 593.0 517.0 710.0 769.0 625.0 533.0 570.0 549.0 559.0 469.0 667.0 547.0 500.0 501.0 772.0 602.0 568.0 522.0 566.0 588.0 429.0 598.0 425.0 617.0 482.0 615.0 588.0 501.0 494.0 441.0 587.0
354 547.0 566.0 558.0 666.0 721.0 626.0 475.0 515.0 493.0 571.0 513.0 610.0 514.0 465.0 453.0 773.0 586.0 534.0 541.0 575.0 570.0 375.0 557.0 433.0 597.0 408.0 589.0 576.0 434.0 399.0 451.0 579.0
357 480.0 539.0 491.0 661.0 750.0 604.0 500.0 490.0 446.0 485.0 452.0 597.0 477.0 442.0 444.0 728.0 573.0 498.0 497.0 577.0 569.0 330.0 495.0 391.0 556.0 367.0 553.0 563.0 420.0 389.0 418.0 559.0
360 451.0 545.0 432.0 625.0 644.0 587.0 453.0 499.0 487.0 515.0 343.0 560.0 498.0 398.0 374.0 747.0 570.0 425.0 490.0 531.0 534.0 278.0 516.0 345.0 541.0 323.0 469.0 514.0 326.0 321.0 320.0 549.0
363 408.0 462.0 387.0 581.0 677.0 565.0 399.0 419.0 459.0 464.0 281.0 574.0 470.0 366.0 380.0 714.0 510.0 472.0 414.0 518.0 537.0 187.0 435.0 295.0 471.0 268.0 457.0 475.0 297.0 284.0 298.0 549.0
366 319.0 425.0 331.0 565.0 626.0 510.0 361.0 375.0 371.0 371.0 200.0 555.0 420.0 339.0 273.0 666.0 473.0 438.0 342.0 477.0 447.0 138.0 333.0 190.0 385.0 192.0 344.0 474.0 188.0 176.0 224.0 511.0
369 256.0 358.0 250.0 450.0 528.0 463.0 262.0 293.0 333.0 259.0 114.0 504.0 353.0 314.0 214.0 664.0 416.0 353.0 248.0 428.0 373.0 69.0 254.0 141.0 287.0 102.0 316.0 334.0 131.0 111.0 156.0 407.0
372 170.0 231.0 166.0 377.0 492.0 354.0 214.0 201.0 248.0 205.0 66.0 462.0 323.0 225.0 127.0 613.0 335.0 280.0 201.0 377.0 312.0 45.0 177.0 74.0 196.0 73.0 219.0 262.0 84.0 64.0 112.0 316.0
375 97.0 211.0 114.0 281.0 386.0 250.0 144.0 141.0 190.0 124.0 56.0 377.0 208.0 171.0 74.0 525.0 263.0 194.0 101.0 239.0 209.0 39.0 107.0 53.0 123.0 53.0 142.0 192.0 57.0 51.0 75.0 292.0
378 51.0 116.0 62.0 205.0 256.0 176.0 87.0 67.0 120.0 65.0 39.0 335.0 133.0 105.0 55.0 414.0 148.0 124.0 65.0 193.0 128.0 43.0 72.0 44.0 85.0 36.0 95.0 112.0 47.0 46.0 42.0 186.0
381 48.0 69.0 61.0 108.0 160.0 100.0 66.0 43.0 52.0 47.0 53.0 243.0 67.0 63.0 32.0 335.0 88.0 73.0 46.0 119.0 84.0 39.0 54.0 44.0 67.0 41.0 56.0 81.0 55.0 47.0 37.0 115.0
384 41.0 52.0 33.0 91.0 105.0 79.0 48.0 41.0 60.0 59.0 46.0 142.0 53.0 45.0 57.0 210.0 75.0 42.0 43.0 78.0 46.0 33.0 59.0 44.0 46.0 48.0 56.0 48.0 36.0 32.0 35.0 88.0
387 41.0 39.0 41.0 71.0 60.0 64.0 42.0 47.0 42.0 57.0 46.0 93.0 41.0 47.0 42.0 119.0 51.0 43.0 51.0 66.0 51.0 30.0 57.0 36.0 56.0 41.0 45.0 43.0 37.0 34.0 35.0 50.0
390 38.0 47.0 41.0 60.0 61.0 50.0 28.0 46.0 29.0 48.0 37.0 68.0 39.0 28.0 38.0 76.0 53.0 37.0 36.0 55.0 39.0 33.0 45.0 28.0 62.0 36.0 44.0 51.0 35.0 43.0 28.0 55.0
393 36.0 42.0 52.0 57.0 63.0 59.0 44.0 36.0 35.0 48.0 33.0 65.0 44.0 30.0 48.0 70.0 62.0 50.0 38.0 39.0 40.0 37.0 52.0 37.0 44.0 28.0 56.0 37.0 35.0 32.0 27.0 50.0
396 28.0 51.0 38.0 52.0 64.0 49.0 36.0 41.0 39.0 57.0 40.0 53.0 42.0 40.0 23.0 69.0 58.0 39.0 38.0 41.0 40.0 26.0 45.0 49.0 38.0 41.0 38.0 35.0 37.0 27.0 30.0 51.0
399 30.0 45.0 42.0 56.0 51.0 52.0 31.0 46.0 30.0 33.0 53.0 50.0 39.0 31.0 43.0 52.0 50.0 42.0 40.0 49.0 53.0 37.0 32.0 35.0 40.0 28.0 46.0 31.0 41.0 32.0 31.0 47.0
402 38.0 39.0 46.0 47.0 61.0 62.0 21.0 30.0 36.0 52.0 25.0 41.0 43.0 30.0 32.0 54.0 42.0 41.0 32.0 36.0 43.0 26.0 41.0 37.0 46.0 33.0 39.0 37.0 26.0 28.0 25.0 30.0
405 36.0 39.0 28.0 51.0 52.0 61.0 30.0 32.0 28.0 42.0 30.0 48.0 44.0 41.0 25.0 66.0 50.0 49.0 37.0 44.0 35.0 34.0 36.0 29.0 44.0 30.0 43.0 41.0 34.0 24.0 25.0 45.0
408 31.0 38.0 31.0 64.0 52.0 57.0 33.0 33.0 32.0 37.0 23.0 44.0 41.0 33.0 21.0 52.0 38.0 30.0 36.0 44.0 41.0 29.0 29.0 33.0 38.0 26.0 38.0 33.0 32.0 26.0 25.0 33.0
411 33.0 44.0 45.0 46.0 48.0 41.0 23.0 29.0 37.0 31.0 36.0 37.0 27.0 34.0 20.0 61.0 38.0 34.0 32.0 38.0 40.0 22.0 37.0 22.0 35.0 28.0 34.0 31.0 23.0 32.0 21.0 50.0
414 36.0 36.0 32.0 42.0 46.0 51.0 28.0 33.0 34.0 36.0 28.0 35.0 33.0 33.0 33.0 63.0 41.0 46.0 34.0 39.0 42.0 29.0 35.0 26.0 38.0 21.0 41.0 28.0 27.0 15.0 24.0 43.0
417 38.0 28.0 23.0 52.0 32.0 42.0 22.0 31.0 28.0 39.0 20.0 37.0 33.0 31.0 25.0 55.0 32.0 29.0 26.0 39.0 23.0 24.0 30.0 21.0 36.0 18.0 40.0 37.0 18.0 22.0 28.0 43.0
420 25.0 32.0 25.0 42.0 50.0 28.0 20.0 34.0 26.0 39.0 21.0 24.0 36.0 31.0 18.0 51.0 33.0 30.0 22.0 52.0 34.0 12.0 29.0 17.0 28.0 16.0 27.0 25.0 15.0 19.0 19.0 42.0
423 24.0 30.0 26.0 29.0 51.0 39.0 31.0 20.0 23.0 30.0 14.0 45.0 25.0 21.0 14.0 50.0 29.0 24.0 26.0 37.0 19.0 8.0 31.0 10.0 25.0 12.0 26.0 28.0 14.0 12.0 20.0 24.0
426 11.0 24.0 16.0 50.0 41.0 33.0 19.0 29.0 29.0 28.0 9.0 34.0 22.0 26.0 18.0 49.0 36.0 12.0 22.0 37.0 26.0 5.0 20.0 11.0 24.0 11.0 20.0 21.0 9.0 9.0 26.0 23.0
429 15.0 23.0 13.0 30.0 39.0 30.0 17.0 22.0 23.0 16.0 4.0 39.0 26.0 21.0 16.0 49.0 21.0 25.0 17.0 31.0 20.0 1.0 18.0 9.0 30.0 3.0 24.0 28.0 9.0 9.0 14.0 24.0
432 11.0 16.0 12.0 23.0 39.0 18.0 9.0 13.0 24.0 11.0 6.0 23.0 16.0 15.0 5.0 35.0 12.0 10.0 7.0 22.0 20.0 4.0 9.0 6.0 16.0 8.0 14.0 16.0 2.0 2.0 5.0 27.0
435 3.0 19.0 7.0 20.0 23.0 18.0 14.0 9.0 13.0 12.0 2.0 32.0 17.0 6.0 4.0 42.0 28.0 15.0 5.0 24.0 15.0 2.0 5.0 3.0 11.0 5.0 10.0 22.0 2.0 5.0 2.0 17.0
438 4.0 8.0 4.0 16.0 20.0 8.0 11.0 8.0 10.0 6.0 4.0 21.0 12.0 10.0 3.0 33.0 15.0 11.0 2.0 15.0 12.0 4.0 7.0 4.0 4.0 3.0 6.0 9.0 2.0 2.0 6.0 17.0
441 2.0 2.0 3.0 7.0 14.0 12.0 8.0 3.0 3.0 6.0 3.0 21.0 2.0 4.0 1.0 32.0 10.0 1.0 1.0 13.0 5.0 3.0 3.0 6.0 3.0 1.0 8.0 4.0 3.0 1.0 5.0 12.0
444 4.0 3.0 2.0 6.0 5.0 5.0 6.0 0.0 1.0 6.0 3.0 13.0 6.0 2.0 3.0 16.0 7.0 4.0 5.0 5.0 5.0 4.0 4.0 3.0 3.0 1.0 9.0 5.0 6.0 5.0 3.0 4.0
447 2.0 5.0 3.0 5.0 6.0 4.0 0.0 7.0 3.0 2.0 2.0 8.0 4.0 3.0 3.0 10.0 5.0 4.0 3.0 2.0 7.0 6.0 2.0 1.0 5.0 6.0 4.0 9.0 2.0 3.0 2.0 3.0
