150 130156.0 262007.0 177901.0 176601.0 137874.0 154493.0 183222.0 150474.0 107329.0 174384.0 123493.0 198864.0 160499.0 162005.0 164189.0 128278.0 193504.0 175269.0 120686.0 169274.0 180080.0 121804.0 180908.0 135691.0 105427.0 177478.0 191776.0 101150.0 177185.0 114557.0 154056.0 125011.0
153 6061906.0 6146441.0 6068685.0 6066794.0 6068028.0 6059543.0 6064361.0 6067856.0 6035532.0 6059302.0 6046046.0 6072756.0 6042950.0 6056957.0 6062070.0 6031687.0 6075081.0 6053080.0 6027095.0 6039284.0 6054683.0 6027941.0 6043940.0 6055534.0 6042616.0 6079595.0 6122202.0 6024863.0 6045366.0 6022821.0 6048540.0 6031600.0
156 18303128.0 18283100.0 18288906.0 18271381.0 18291999.0 18272049.0 18281478.0 18271177.0 18286033.0 18270506.0 18284353.0 18263607.0 18284990.0 18286139.0 18283620.0 18270208.0 18279056.0 18280021.0 18284334.0 18280246.0 18264610.0 18281404.0 18263982.0 18287726.0 18263717.0 18280667.0 18234368.0 18283344.0 18264256.0 18285393.0 18282433.0 18282017.0
159 18569521.0 18550555.0 18554623.0 18537801.0 18558948.0 18539324.0 18548718.0 18538831.0 18553001.0 18537013.0 18551036.0 18531179.0 18550294.0 18551858.0 18548838.0 18537930.0 18545511.0 18545989.0 18550760.0 18546662.0 18532970.0 18547718.0 18532391.0 18553368.0 18534010.0 18547393.0 18505434.0 18550198.0 18532656.0 18551988.0 18549885.0 18549146.0
162 18896005.0 18879086.0 18884546.0 18869872.0 18889757.0 18871116.0 18880308.0 18870974.0 18885585.0 18868746.0 18883193.0 18863198.0 18881803.0 18883457.0 18881025.0 18870108.0 18877710.0 18878281.0 18883270.0 18879342.0 18864809.0 18880925.0 18863997.0 18886580.0 18867234.0 18881075.0 18839209.0 18884184.0 18864953.0 18885121.0 18882871.0 18882558.0
165 19094007.0 19077601.0 19082579.0 19067992.0 19089125.0 19069533.0 19078549.0 19069369.0 19084268.0 19066504.0 19082608.0 19060585.0 19080104.0 19081751.0 19079650.0 19068579.0 19076503.0 19076798.0 19082150.0 19077936.0 19063473.0 19080040.0 19061866.0 19085421.0 19066867.0 19080329.0 19039743.0 19083094.0 19063363.0 19083543.0 19081812.0 19081345.0
168 19519361.0 19503730.0 19505448.0 19491651.0 19515920.0 19494109.0 19503133.0 19495605.0 19512256.0 19489300.0 19510224.0 19483387.0 19504314.0 19507318.0 19506012.0 19492689.0 19504062.0 19502044.0 19507892.0 19502254.0 19487331.0 19506244.0 19484057.0 19511700.0 19493663.0 19507244.0 19470756.0 19508440.0 19486055.0 19508174.0 19505403.0 19506746.0
171 19806342.0 19789940.0 19793782.0 19778060.0 19802560.0 19779596.0 19790637.0 19780499.0 19798223.0 19776243.0 19796509.0 19769728.0 19791528.0 19793645.0 19792423.0 19779326.0 19789121.0 19788985.0 19794417.0 19789196.0 19773230.0 19793011.0 19770582.0 19798406.0 19778644.0 19793512.0 19750551.0 19796048.0 19772245.0 19795862.0 19793194.0 19793634.0
174 19688912.0 19673055.0 19673991.0 19659534.0 19685287.0 19661502.0 19671587.0 19663016.0 19681511.0 19658874.0 19679811.0 19651896.0 19672548.0 19676135.0 19675382.0 19662229.0 19671792.0 19671019.0 19677028.0 19670861.0 19654326.0 19675322.0 19650617.0 19680776.0 19660302.0 19675732.0 19631903.0 19678282.0 19651895.0 19677269.0 19674250.0 19676361.0
177 19445265.0 19431748.0 19429536.0 19406846.0 19439345.0 19407086.0 19426474.0 19409809.0 19435096.0 19403752.0 19433908.0 19397227.0 19427633.0 19431350.0 19431173.0 19413369.0 19427622.0 19425946.0 19430694.0 19425449.0 19403334.0 19428236.0 19395835.0 19431365.0 19410338.0 19426944.0 19379633.0 19429902.0 19398938.0 19429055.0 19425717.0 19428103.0
180 18327540.0 18215180.0 18194876.0 17853640.0 18161897.0 17791456.0 18134974.0 17774602.0 18114458.0 17803537.0 18113867.0 17825158.0 18120272.0 18102454.0 18079800.0 17997223.0 18109411.0 18112795.0 18114100.0 18085410.0 17888691.0 18082834.0 17874394.0 17978171.0 17892461.0 17981099.0 17796401.0 18088030.0 17853525.0 18113479.0 18079595.0 18158944.0
183 7633742.0 7512029.0 7483170.0 7379641.0 7433851.0 7276904.0 7529162.0 7166392.0 7496075.0 7337859.0 7535807.0 7533942.0 7628247.0 7576805.0 7534745.0 8136713.0 7649864.0 7699683.0 7652885.0 7583595.0 7726328.0 7559580.0 7762139.0 7053911.0 7656192.0 7086545.0 7577341.0 7540397.0 7525113.0 7619442.0 7484275.0 7751093.0
186 6084795.0 6014573.0 5995109.0 6147817.0 5973011.0 6091601.0 6091343.0 5950866.0 6056741.0 6136301.0 6089990.0 6350159.0 6191078.0 6146738.0 6089415.0 7002551.0 6233243.0 6279834.0 6222785.0 6129536.0 6598779.0 6109433.0 6683890.0 5561655.0 6523145.0 5583323.0 6458758.0 6075346.0 6358058.0 6122269.0 5992625.0 6260845.0
189 392758.0 455932.0 370792.0 322213.0 349495.0 300222.0 418063.0 286243.0 359248.0 321640.0 369497.0 372376.0 395671.0 392455.0 362622.0 500981.0 458953.0 449191.0 381347.0 377110.0 419049.0 354164.0 431500.0 245359.0 387245.0 295159.0 479360.0 365551.0 354418.0 368342.0 352667.0 406734.0
192 172110.0 263361.0 187225.0 187283.0 173722.0 180290.0 201678.0 187404.0 174488.0 180614.0 180331.0 209845.0 176855.0 184767.0 180578.0 208188.0 219876.0 204222.0 175436.0 183214.0 217952.0 177062.0 216986.0 153286.0 215508.0 192683.0 326759.0 176696.0 197260.0 171947.0 182602.0 198669.0
195 162127.0 257507.0 179755.0 179165.0 165749.0 172534.0 185499.0 183540.0 163018.0 172181.0 171720.0 198618.0 161366.0 169880.0 173916.0 174102.0 199428.0 181097.0 160350.0 171287.0 194780.0 165536.0 185492.0 151705.0 199756.0 191478.0 314250.0 161930.0 182821.0 159385.0 172464.0 180857.0
198 162794.0 257667.0 175893.0 180139.0 165456.0 172350.0 185144.0 183977.0 163638.0 172723.0 172242.0 198795.0 161324.0 169130.0 174448.0 173861.0 198042.0 181132.0 160349.0 170338.0 193315.0 166447.0 185259.0 151510.0 200191.0 192303.0 313467.0 160607.0 182915.0 158900.0 172594.0 180410.0
201 162616.0 257333.0 175270.0 180036.0 165820.0 171361.0 185457.0 183855.0 163457.0 173218.0 172393.0 198799.0 160895.0 170172.0 175255.0 174136.0 198776.0 180396.0 159540.0 170426.0 193850.0 166316.0 183650.0 151879.0 200064.0 191446.0 312995.0 161288.0 183413.0 158492.0 171759.0 180179.0
204 163575.0 258226.0 176006.0 179702.0 166464.0 172382.0 184330.0 184077.0 163412.0 174063.0 171787.0 200137.0 162361.0 169602.0 174682.0 175475.0 199650.0 181521.0 159960.0 172062.0 194998.0 165614.0 184610.0 151266.0 199218.0 191664.0 314373.0 161822.0 183003.0 158412.0 172404.0 180692.0
207 162510.0 258148.0 174345.0 179139.0 165323.0 171643.0 185937.0 182711.0 162300.0 172159.0 171372.0 199074.0 160375.0 169743.0 175183.0 173485.0 198684.0 179914.0 159822.0 169716.0 193374.0 165687.0 183605.0 151328.0 199262.0 189986.0 312447.0 159952.0 181657.0 158080.0 171452.0 179500.0
210 161132.0 246358.0 174225.0 177929.0 164551.0 171531.0 185295.0 182033.0 162857.0 171437.0 169669.0 198138.0 160219.0 168086.0 174356.0 170923.0 197237.0 179782.0 160162.0 169936.0 192354.0 164946.0 183449.0 150820.0 198663.0 189835.0 311228.0 159727.0 181786.0 156912.0 171223.0 179290.0
213 160900.0 244971.0 174405.0 177214.0 163926.0 171131.0 183467.0 181869.0 161798.0 170676.0 169523.0 197513.0 159903.0 168162.0 174295.0 170341.0 196498.0 179632.0 158148.0 169647.0 191445.0 163637.0 183104.0 149415.0 197758.0 189309.0 310084.0 159708.0 180213.0 156847.0 169996.0 179080.0
216 161106.0 244652.0 173765.0 177545.0 164711.0 170800.0 184338.0 181198.0 161691.0 170383.0 170283.0 197692.0 159948.0 167202.0 173714.0 173142.0 196710.0 178979.0 158376.0 170075.0 191505.0 163641.0 182581.0 150297.0 198000.0 188496.0 310341.0 159560.0 180077.0 156493.0 171229.0 178276.0
219 160646.0 243293.0 173732.0 177432.0 164357.0 169487.0 182367.0 180543.0 161277.0 171174.0 169868.0 197425.0 159261.0 167311.0 173627.0 172696.0 196438.0 179338.0 158241.0 169003.0 191780.0 163254.0 183340.0 149220.0 195739.0 186714.0 308559.0 159458.0 180769.0 156632.0 170320.0 176921.0
222 160112.0 243470.0 172400.0 176689.0 162927.0 169618.0 183671.0 180532.0 160464.0 171043.0 168971.0 195824.0 158819.0 166757.0 171527.0 171829.0 195014.0 179141.0 157150.0 168792.0 190833.0 162754.0 182087.0 149354.0 195551.0 187253.0 307134.0 158348.0 180226.0 155202.0 169337.0 176688.0
225 159681.0 241431.0 172053.0 176301.0 162517.0 168265.0 181356.0 179526.0 160410.0 169485.0 168112.0 195536.0 158628.0 166367.0 172022.0 170688.0 193904.0 177063.0 156425.0 168208.0 189337.0 162130.0 181190.0 147500.0 194566.0 186018.0 305183.0 158286.0 179213.0 154985.0 168959.0 176370.0
228 159101.0 241040.0 172771.0 175114.0 161203.0 167861.0 179477.0 178551.0 159588.0 169622.0 166574.0 195018.0 158807.0 165642.0 171216.0 171535.0 194388.0 176868.0 156327.0 168164.0 189732.0 161718.0 181304.0 146483.0 191071.0 185421.0 302792.0 156463.0 178341.0 153813.0 168084.0 175575.0
231 156975.0 245621.0 172182.0 174080.0 158754.0 166949.0 179447.0 174427.0 154929.0 168399.0 164030.0 194417.0 157587.0 164283.0 169204.0 169307.0 193183.0 176285.0 154547.0 167128.0 187729.0 160338.0 180328.0 139812.0 185749.0 180837.0 295925.0 154303.0 177909.0 151747.0 166940.0 174403.0
234 150412.0 244304.0 170547.0 172800.0 148741.0 160613.0 177782.0 153027.0 142621.0 165012.0 148502.0 192343.0 156116.0 162272.0 160431.0 163250.0 189424.0 174118.0 149227.0 164712.0 185288.0 152634.0 178717.0 112032.0 158472.0 158160.0 260858.0 141475.0 174743.0 140579.0 159112.0 165372.0
237 126458.0 236903.0 168254.0 166939.0 117362.0 137876.0 172793.0 108401.0 108646.0 155060.0 111635.0 186738.0 153683.0 151534.0 134329.0 141129.0 179861.0 169465.0 133638.0 161024.0 174791.0 131394.0 175386.0 67825.0 108432.0 114195.0 190317.0 111097.0 168324.0 111956.0 138528.0 142435.0
240 80839.0 205178.0 157242.0 146299.0 68413.0 96666.0 156762.0 55191.0 62861.0 126970.0 61923.0 167985.0 143826.0 123258.0 85209.0 98372.0 152584.0 150891.0 97069.0 145468.0 145045.0 90316.0 165030.0 29150.0 51868.0 62521.0 104809.0 65223.0 145979.0 67162.0 97330.0 101659.0
243 33294.0 128640.0 125096.0 95143.0 26099.0 46761.0 112740.0 20310.0 24252.0 75144.0 23607.0 115729.0 113010.0 74186.0 34699.0 46359.0 97917.0 104964.0 48038.0 105704.0 91705.0 41263.0 132290.0 11743.0 19487.0 24734.0 44285.0 26034.0 96575.0 26444.0 46808.0 50272.0
246 12575.0 50728.0 71043.0 40692.0 11092.0 17598.0 55003.0 10932.0 10454.0 29995.0 10875.0 52860.0 62318.0 30013.0 13524.0 17410.0 42702.0 49810.0 17684.0 51571.0 38909.0 15582.0 78198.0 8075.0 10961.0 12383.0 21617.0 10989.0 43258.0 11010.0 17542.0 19048.0
249 8485.0 20238.0 26649.0 15691.0 8304.0 10402.0 20582.0 9104.0 7960.0 12959.0 8392.0 19207.0 22908.0 12349.0 9450.0 10177.0 16739.0 18140.0 9601.0 18388.0 15775.0 9472.0 30980.0 7257.0 9111.0 9587.0 16208.0 8166.0 16664.0 8087.0 10305.0 10796.0
252 7408.0 14866.0 12650.0 10904.0 7329.0 8513.0 11686.0 8154.0 7126.0 9877.0 7717.0 12288.0 11309.0 9114.0 8284.0 8458.0 11324.0 11223.0 8078.0 11064.0 11172.0 8141.0 14564.0 6538.0 8247.0 8865.0 14582.0 7383.0 11199.0 7167.0 8701.0 8784.0
255 6678.0 12839.0 10069.0 9497.0 6948.0 7691.0 9525.0 7631.0 6582.0 8446.0 6999.0 10567.0 8851.0 7972.0 7594.0 7783.0 9635.0 9375.0 7195.0 9313.0 9669.0 7394.0 10855.0 6120.0 7674.0 7923.0 13518.0 6717.0 9437.0 6420.0 7855.0 8068.0
258 6193.0 11369.0 8936.0 8656.0 6443.0 7170.0 8427.0 7255.0 6087.0 7861.0 6470.0 9324.0 7952.0 7008.0 7022.0 7174.0 8465.0 8042.0 6525.0 8167.0 8821.0 6859.0 9633.0 5742.0 7366.0 7689.0 12813.0 6217.0 8271.0 5968.0 7231.0 7720.0
261 6030.0 10329.0 8368.0 8155.0 6204.0 6833.0 7648.0 6925.0 5868.0 7447.0 6394.0 8724.0 7298.0 6738.0 6877.0 6881.0 7957.0 7519.0 6302.0 7569.0 8234.0 6584.0 8564.0 5707.0 7177.0 7342.0 12283.0 6125.0 7670.0 5823.0 6941.0 7344.0
264 5938.0 10137.0 7577.0 7604.0 6134.0 6697.0 7112.0 7148.0 5804.0 7038.0 6244.0 8390.0 6735.0 6342.0 6556.0 6486.0 7527.0 7102.0 6186.0 7041.0 7648.0 6545.0 7741.0 5693.0 6915.0 7266.0 12265.0 5953.0 7277.0 5629.0 6801.0 7239.0
267 5764.0 9978.0 7460.0 7445.0 5935.0 6490.0 6861.0 6911.0 5751.0 6849.0 6097.0 8176.0 6523.0 6214.0 6523.0 6444.0 7312.0 6948.0 5973.0 6897.0 7608.0 6257.0 7578.0 5750.0 6885.0 7235.0 11979.0 6075.0 7061.0 5685.0 6681.0 7133.0
270 5729.0 9762.0 7467.0 7394.0 5938.0 6552.0 6908.0 6712.0 5724.0 6929.0 6011.0 7917.0 6318.0 6227.0 6419.0 6425.0 7208.0 6725.0 6278.0 6634.0 7472.0 6216.0 7377.0 5615.0 6943.0 7223.0 11833.0 5750.0 7109.0 5561.0 6498.0 6867.0
273 5556.0 9855.0 7139.0 7415.0 5760.0 6363.0 6860.0 6682.0 5634.0 6841.0 5953.0 8101.0 6308.0 6187.0 6410.0 6335.0 7004.0 6729.0 6027.0 6748.0 7408.0 6137.0 7324.0 5611.0 6684.0 7109.0 11710.0 5768.0 7030.0 5567.0 6484.0 7027.0
276 5455.0 9544.0 7016.0 7219.0 5770.0 6304.0 6679.0 6564.0 5485.0 6768.0 5913.0 7892.0 6384.0 5874.0 6388.0 6397.0 7113.0 6701.0 5920.0 6736.0 7276.0 6144.0 7136.0 5385.0 6573.0 7033.0 11329.0 5653.0 6887.0 5474.0 6416.0 6724.0
279 5339.0 9481.0 6992.0 7171.0 5773.0 6213.0 6606.0 6185.0 5457.0 6575.0 5763.0 7913.0 6329.0 5927.0 6257.0 6113.0 7073.0 6599.0 5811.0 6621.0 7335.0 6005.0 7103.0 5509.0 6525.0 6803.0 11294.0 5749.0 6739.0 5396.0 6154.0 6759.0
282 5288.0 9406.0 6779.0 7158.0 5571.0 6058.0 6586.0 6456.0 5320.0 6395.0 5647.0 7559.0 6188.0 5917.0 5993.0 6067.0 6784.0 6433.0 5723.0 6390.0 6959.0 5952.0 7058.0 5128.0 6331.0 6792.0 11135.0 5491.0 6626.0 5283.0 6363.0 6610.0
285 5193.0 9277.0 6701.0 7021.0 5515.0 5944.0 6435.0 6305.0 5128.0 6348.0 5634.0 7655.0 6233.0 5873.0 6064.0 5887.0 6570.0 6227.0 5642.0 6346.0 6930.0 5863.0 6859.0 5064.0 6155.0 6732.0 10797.0 5426.0 6688.0 5057.0 6159.0 6523.0
288 5060.0 8995.0 6612.0 6949.0 5228.0 6055.0 6268.0 6155.0 5147.0 6220.0 5489.0 7457.0 6073.0 5720.0 5895.0 5952.0 6609.0 6289.0 5514.0 6174.0 6710.0 5798.0 6936.0 4865.0 5939.0 6542.0 10443.0 5354.0 6554.0 5115.0 6086.0 6308.0
291 5018.0 8902.0 6487.0 6723.0 5312.0 5864.0 6281.0 6006.0 5021.0 6122.0 5225.0 7242.0 5972.0 5771.0 5812.0 5618.0 6490.0 6222.0 5429.0 6209.0 6612.0 5465.0 6840.0 4773.0 5712.0 6408.0 10166.0 5215.0 6422.0 5015.0 5818.0 6341.0
294 4926.0 8760.0 6603.0 6544.0 5174.0 5613.0 6167.0 5706.0 4779.0 6098.0 5020.0 7129.0 5850.0 5477.0 5689.0 5557.0 6379.0 6088.0 5221.0 6021.0 6704.0 5530.0 6549.0 4635.0 5466.0 6278.0 9829.0 4972.0 6277.0 4813.0 5796.0 6024.0
297 4813.0 8473.0 6448.0 6601.0 4958.0 5551.0 5940.0 5436.0 4601.0 6021.0 4837.0 6965.0 5778.0 5324.0 5491.0 5375.0 6215.0 5939.0 5135.0 5980.0 6499.0 5214.0 6489.0 4270.0 5135.0 5706.0 9327.0 4938.0 6107.0 4558.0 5593.0 6054.0
300 4451.0 8384.0 6230.0 6542.0 4541.0 5248.0 5966.0 4706.0 4136.0 6002.0 4288.0 6989.0 5517.0 5272.0 5093.0 4953.0 6031.0 5923.0 4903.0 5708.0 6386.0 4987.0 6319.0 3391.0 4263.0 5089.0 8213.0 4436.0 6075.0 4176.0 5279.0 5580.0
303 4021.0 7699.0 6044.0 6268.0 3987.0 4932.0 5723.0 3754.0 3408.0 5447.0 3537.0 6839.0 5380.0 4962.0 4607.0 4479.0 5805.0 5665.0 4498.0 5688.0 6139.0 4569.0 6304.0 2339.0 3032.0 4073.0 6609.0 3571.0 5766.0 3616.0 4859.0 4910.0
306 3242.0 7321.0 6084.0 5976.0 2996.0 4049.0 5460.0 2556.0 2473.0 5191.0 2506.0 6547.0 5310.0 4525.0 3884.0 3734.0 5403.0 5452.0 3855.0 5540.0 5513.0 3798.0 6072.0 1421.0 1907.0 2848.0 4673.0 2577.0 5396.0 2630.0 4036.0 4097.0
309 2265.0 6526.0 5667.0 5284.0 2034.0 3199.0 5207.0 1499.0 1576.0 4510.0 1551.0 6109.0 5083.0 3924.0 2671.0 2819.0 4867.0 4988.0 2941.0 5106.0 4919.0 2726.0 5701.0 706.0 1048.0 1857.0 2895.0 1632.0 4918.0 1673.0 3047.0 2984.0
312 1156.0 5187.0 5078.0 4337.0 920.0 2018.0 4323.0 715.0 778.0 3232.0 804.0 5089.0 4501.0 3009.0 1477.0 1665.0 3899.0 4060.0 1813.0 4293.0 3735.0 1519.0 5127.0 414.0 541.0 973.0 1500.0 842.0 3873.0 758.0 1810.0 1711.0
315 612.0 3529.0 4222.0 3109.0 543.0 1117.0 3380.0 510.0 434.0 2208.0 502.0 3671.0 3701.0 2006.0 751.0 871.0 2580.0 2991.0 965.0 3263.0 2337.0 794.0 4247.0 372.0 426.0 581.0 949.0 488.0 2612.0 477.0 997.0 897.0
318 406.0 1918.0 3038.0 1787.0 423.0 659.0 2093.0 410.0 342.0 1208.0 385.0 2223.0 2590.0 1091.0 471.0 497.0 1531.0 1791.0 551.0 2045.0 1280.0 537.0 3108.0 316.0 413.0 486.0 746.0 373.0 1531.0 365.0 509.0 566.0
321 343.0 1020.0 1903.0 897.0 343.0 453.0 1160.0 378.0 319.0 665.0 327.0 1200.0 1449.0 567.0 442.0 402.0 809.0 992.0 406.0 1114.0 705.0 430.0 1848.0 321.0 388.0 429.0 703.0 344.0 804.0 303.0 433.0 467.0
324 333.0 680.0 937.0 606.0 349.0 402.0 627.0 386.0 290.0 507.0 295.0 726.0 765.0 432.0 390.0 359.0 490.0 547.0 375.0 586.0 511.0 392.0 991.0 304.0 346.0 391.0 684.0 291.0 545.0 280.0 400.0 391.0
327 314.0 688.0 610.0 490.0 325.0 352.0 526.0 376.0 306.0 447.0 296.0 564.0 514.0 340.0 378.0 333.0 442.0 466.0 349.0 511.0 444.0 348.0 641.0 305.0 367.0 438.0 644.0 309.0 477.0 307.0 415.0 408.0
330 298.0 553.0 520.0 451.0 314.0 384.0 439.0 380.0 283.0 363.0 271.0 521.0 370.0 333.0 347.0 355.0 422.0 426.0 361.0 447.0 447.0 311.0 480.0 289.0 359.0 383.0 664.0 304.0 422.0 304.0 385.0 354.0
333 305.0 483.0 486.0 478.0 303.0 347.0 371.0 368.0 280.0 387.0 306.0 511.0 418.0 326.0 345.0 320.0 406.0 359.0 358.0 399.0 396.0 357.0 455.0 302.0 304.0 377.0 658.0 311.0 425.0 254.0 383.0 396.0
336 285.0 482.0 460.0 440.0 315.0 359.0 395.0 339.0 260.0 423.0 313.0 498.0 409.0 323.0 327.0 330.0 376.0 383.0 313.0 414.0 413.0 313.0 457.0 336.0 322.0 367.0 651.0 302.0 385.0 269.0 392.0 377.0
339 256.0 523.0 412.0 437.0 289.0 358.0 375.0 355.0 284.0 345.0 284.0 479.0 368.0 336.0 318.0 338.0 349.0 357.0 331.0 359.0 409.0 321.0 396.0 291.0 295.0 362.0 579.0 297.0 353.0 285.0 349.0 388.0
342 253.0 483.0 418.0 391.0 288.0 332.0 350.0 361.0 295.0 347.0 295.0 479.0 337.0 344.0 330.0 352.0 367.0 340.0 297.0 411.0 397.0 293.0 423.0 312.0 334.0 354.0 603.0 294.0 369.0 277.0 310.0 351.0
345 237.0 468.0 408.0 429.0 281.0 347.0 351.0 313.0 265.0 375.0 254.0 444.0 334.0 324.0 307.0 331.0 341.0 351.0 323.0 340.0 387.0 311.0 424.0 248.0 300.0 341.0 534.0 300.0 352.0 276.0 306.0 336.0
348 251.0 472.0 425.0 415.0 302.0 341.0 362.0 343.0 248.0 379.0 328.0 420.0 358.0 305.0 342.0 294.0 361.0 356.0 306.0 369.0 419.0 301.0 388.0 255.0 291.0 326.0 542.0 282.0 338.0 293.0 315.0 381.0
351 254.0 511.0 378.0 358.0 270.0 305.0 307.0 314.0 239.0 338.0 230.0 425.0 354.0 272.0 284.0 250.0 345.0 346.0 293.0 342.0 366.0 276.0 388.0 261.0 272.0 345.0 533.0 288.0 359.0 243.0 310.0 355.0
354 262.0 436.0 391.0 393.0 250.0 307.0 314.0 303.0 219.0 351.0 250.0 407.0 344.0 272.0 281.0 311.0 342.0 321.0 268.0 345.0 384.0 310.0 360.0 227.0 253.0 330.0 475.0 269.0 341.0 235.0 327.0 340.0
357 250.0 425.0 384.0 365.0 275.0 309.0 270.0 265.0 200.0 365.0 228.0 413.0 345.0 276.0 276.0 268.0 322.0 321.0 269.0 312.0 365.0 285.0 407.0 240.0 269.0 312.0 492.0 256.0 312.0 250.0 275.0 313.0
360 232.0 444.0 408.0 368.0 212.0 273.0 289.0 255.0 218.0 317.0 195.0 398.0 319.0 259.0 276.0 269.0 300.0 325.0 282.0 335.0 344.0 253.0 342.0 192.0 210.0 284.0 442.0 225.0 325.0 205.0 286.0 295.0
363 211.0 431.0 399.0 345.0 214.0 271.0 281.0 227.0 200.0 345.0 216.0 397.0 298.0 248.0 257.0 234.0 305.0 273.0 237.0 329.0 365.0 290.0 375.0 172.0 181.0 277.0 389.0 209.0 322.0 205.0 287.0 306.0
366 191.0 379.0 340.0 298.0 171.0 262.0 292.0 183.0 187.0 303.0 157.0 380.0 309.0 274.0 256.0 245.0 304.0 273.0 246.0 318.0 329.0 247.0 342.0 148.0 153.0 201.0 315.0 201.0 320.0 164.0 243.0 258.0
369 173.0 420.0 347.0 316.0 161.0 233.0 298.0 152.0 140.0 303.0 145.0 363.0 298.0 271.0 207.0 207.0 289.0 280.0 209.0 297.0 299.0 216.0 302.0 102.0 108.0 180.0 280.0 156.0 303.0 151.0 234.0 253.0
372 139.0 375.0 337.0 330.0 141.0 194.0 286.0 116.0 95.0 231.0 78.0 331.0 301.0 244.0 158.0 151.0 247.0 270.0 178.0 309.0 289.0 154.0 326.0 48.0 47.0 129.0 186.0 113.0 282.0 111.0 171.0 186.0
375 98.0 361.0 346.0 298.0 106.0 149.0 249.0 70.0 67.0 233.0 65.0 326.0 266.0 192.0 131.0 149.0 203.0 239.0 142.0 280.0 243.0 121.0 356.0 37.0 48.0 78.0 121.0 72.0 262.0 79.0 131.0 173.0
378 56.0 288.0 313.0 244.0 55.0 130.0 232.0 38.0 38.0 182.0 27.0 270.0 250.0 156.0 86.0 99.0 212.0 204.0 95.0 229.0 192.0 81.0 275.0 18.0 30.0 41.0 71.0 35.0 206.0 33.0 104.0 92.0
381 40.0 219.0 261.0 223.0 31.0 90.0 189.0 32.0 15.0 112.0 28.0 241.0 190.0 120.0 50.0 46.0 153.0 166.0 67.0 181.0 157.0 55.0 233.0 29.0 30.0 53.0 55.0 35.0 151.0 23.0 60.0 64.0
384 27.0 166.0 238.0 128.0 20.0 49.0 153.0 29.0 16.0 99.0 14.0 200.0 160.0 85.0 34.0 36.0 124.0 137.0 45.0 138.0 103.0 30.0 188.0 17.0 23.0 32.0 34.0 25.0 119.0 18.0 25.0 37.0
387 20.0 105.0 157.0 85.0 21.0 30.0 128.0 23.0 22.0 62.0 22.0 115.0 149.0 48.0 25.0 27.0 58.0 96.0 24.0 86.0 67.0 27.0 166.0 16.0 15.0 27.0 43.0 22.0 72.0 19.0 25.0 24.0
390 23.0 52.0 110.0 61.0 23.0 31.0 78.0 27.0 17.0 33.0 21.0 79.0 94.0 34.0 26.0 30.0 32.0 39.0 25.0 68.0 38.0 29.0 93.0 22.0 14.0 24.0 41.0 16.0 42.0 25.0 24.0 33.0
393 17.0 43.0 80.0 48.0 21.0 21.0 42.0 22.0 14.0 32.0 24.0 42.0 60.0 16.0 26.0 15.0 35.0 33.0 26.0 42.0 29.0 21.0 83.0 23.0 26.0 17.0 40.0 23.0 40.0 26.0 30.0 25.0
396 18.0 36.0 46.0 32.0 19.0 21.0 17.0 15.0 20.0 29.0 12.0 37.0 32.0 19.0 29.0 25.0 32.0 22.0 24.0 30.0 32.0 23.0 43.0 25.0 18.0 25.0 35.0 20.0 25.0 27.0 30.0 29.0
399 19.0 32.0 40.0 23.0 13.0 32.0 32.0 27.0 12.0 22.0 18.0 31.0 31.0 19.0 19.0 8.0 26.0 31.0 18.0 28.0 37.0 14.0 37.0 20.0 20.0 19.0 44.0 15.0 30.0 18.0 19.0 25.0
402 16.0 30.0 32.0 29.0 16.0 24.0 20.0 22.0 10.0 24.0 16.0 31.0 33.0 17.0 17.0 19.0 23.0 22.0 20.0 34.0 22.0 28.0 25.0 17.0 26.0 19.0 40.0 19.0 25.0 16.0 15.0 25.0
405 19.0 46.0 31.0 24.0 16.0 29.0 13.0 23.0 15.0 32.0 10.0 36.0 19.0 28.0 20.0 20.0 18.0 21.0 22.0 29.0 30.0 22.0 26.0 16.0 20.0 21.0 36.0 14.0 17.0 17.0 18.0 16.0
408 19.0 27.0 37.0 30.0 14.0 15.0 25.0 16.0 12.0 32.0 21.0 28.0 27.0 22.0 23.0 17.0 25.0 14.0 17.0 21.0 29.0 19.0 29.0 21.0 16.0 22.0 30.0 20.0 24.0 13.0 29.0 29.0
411 9.0 31.0 31.0 30.0 13.0 23.0 25.0 15.0 19.0 24.0 13.0 22.0 23.0 13.0 22.0 25.0 31.0 19.0 27.0 22.0 23.0 26.0 30.0 14.0 11.0 16.0 36.0 23.0 25.0 10.0 24.0 21.0
414 17.0 36.0 31.0 37.0 23.0 13.0 31.0 15.0 12.0 20.0 15.0 34.0 32.0 20.0 16.0 22.0 23.0 31.0 14.0 21.0 24.0 21.0 27.0 14.0 16.0 21.0 17.0 16.0 16.0 17.0 24.0 18.0
417 16.0 28.0 31.0 33.0 20.0 29.0 25.0 10.0 7.0 26.0 20.0 26.0 26.0 12.0 27.0 16.0 17.0 20.0 16.0 32.0 30.0 13.0 17.0 12.0 12.0 22.0 32.0 12.0 17.0 15.0 20.0 20.0
420 16.0 26.0 34.0 25.0 18.0 21.0 18.0 17.0 10.0 19.0 11.0 29.0 19.0 22.0 16.0 16.0 20.0 21.0 23.0 20.0 23.0 16.0 25.0 8.0 11.0 10.0 31.0 8.0 28.0 15.0 20.0 17.0
423 10.0 31.0 29.0 26.0 12.0 22.0 20.0 12.0 12.0 19.0 14.0 19.0 21.0 16.0 14.0 16.0 14.0 26.0 20.0 23.0 26.0 18.0 31.0 9.0 11.0 14.0 31.0 10.0 26.0 13.0 19.0 24.0
426 15.0 28.0 29.0 21.0 8.0 17.0 21.0 11.0 4.0 25.0 23.0 32.0 30.0 19.0 16.0 10.0 26.0 19.0 18.0 19.0 25.0 20.0 19.0 8.0 7.0 18.0 19.0 13.0 20.0 11.0 16.0 16.0
429 4.0 33.0 24.0 18.0 4.0 12.0 17.0 8.0 3.0 13.0 12.0 23.0 22.0 14.0 12.0 9.0 18.0 12.0 10.0 21.0 14.0 17.0 23.0 5.0 10.0 11.0 18.0 11.0 20.0 9.0 19.0 29.0
432 9.0 29.0 30.0 17.0 4.0 21.0 16.0 12.0 3.0 24.0 4.0 22.0 24.0 12.0 11.0 10.0 19.0 17.0 19.0 21.0 16.0 12.0 18.0 4.0 3.0 12.0 9.0 10.0 16.0 3.0 11.0 21.0
435 5.0 23.0 26.0 30.0 9.0 15.0 12.0 5.0 9.0 15.0 5.0 22.0 25.0 11.0 13.0 4.0 16.0 13.0 8.0 10.0 14.0 9.0 23.0 0.0 3.0 6.0 15.0 9.0 16.0 6.0 7.0 10.0
438 8.0 23.0 24.0 21.0 6.0 14.0 16.0 0.0 3.0 13.0 4.0 20.0 17.0 13.0 6.0 10.0 20.0 12.0 7.0 16.0 10.0 8.0 22.0 2.0 2.0 7.0 3.0 5.0 10.0 6.0 5.0 6.0
441 2.0 20.0 26.0 19.0 1.0 6.0 17.0 0.0 2.0 7.0 1.0 15.0 17.0 14.0 1.0 5.0 8.0 11.0 7.0 14.0 12.0 3.0 21.0 2.0 0.0 0.0 6.0 2.0 8.0 1.0 4.0 4.0
444 1.0 13.0 18.0 18.0 1.0 0.0 12.0 1.0 4.0 5.0 1.0 15.0 15.0 8.0 1.0 1.0 11.0 11.0 1.0 16.0 7.0 3.0 10.0 2.0 1.0 0.0 2.0 2.0 7.0 2.0 4.0 3.0
447 1.0 13.0 14.0 16.0 1.0 3.0 13.0 2.0 2.0 4.0 0.0 13.0 9.0 5.0 1.0 7.0 4.0 8.0 3.0 8.0 8.0 1.0 11.0 1.0 0.0 2.0 3.0 0.0 4.0 1.0 5.0 2.0
