150 18718815.0 18718948.0 18705880.0 18692438.0 18702950.0 18691835.0 18696010.0 18692220.0 18695954.0 18692870.0 18695376.0 18694228.0 18701063.0 18702389.0 18699750.0 18693199.0 18699075.0 18698283.0 18695073.0 18698904.0 18690465.0 18697607.0 18686912.0 18699526.0 18685029.0 18697342.0 18693550.0 18690138.0 18691436.0 18698577.0 18702611.0 18699853.0
153 19135484.0 19135275.0 19125931.0 19116803.0 19123940.0 19116248.0 19118961.0 19116646.0 19118642.0 19116943.0 19118361.0 19118276.0 19124052.0 19125465.0 19122578.0 19117103.0 19121507.0 19122173.0 19117775.0 19122340.0 19115554.0 19121292.0 19111437.0 19123363.0 19109794.0 19121934.0 19118331.0 19115115.0 19116561.0 19122297.0 19125586.0 19123619.0
156 19558357.0 19557903.0 19549679.0 19540176.0 19548542.0 19539459.0 19543827.0 19539351.0 19543377.0 19539724.0 19543438.0 19541704.0 19549397.0 19551220.0 19547463.0 19539906.0 19546555.0 19547774.0 19543003.0 19547938.0 19538600.0 19546824.0 19533671.0 19548522.0 19531628.0 19547250.0 19541234.0 19541875.0 19539837.0 19547907.0 19550499.0 19550651.0
159 19827813.0 19827500.0 19819749.0 19809559.0 19818953.0 19807855.0 19814237.0 19807340.0 19813762.0 19808590.0 19813827.0 19810134.0 19819910.0 19821599.0 19817893.0 19808762.0 19816972.0 19818449.0 19813075.0 19819217.0 19807593.0 19817530.0 19801486.0 19818624.0 19799662.0 19817811.0 19810130.0 19812388.0 19808776.0 19818664.0 19820929.0 19820193.0
162 20123933.0 20124083.0 20116921.0 20106584.0 20116480.0 20105623.0 20111235.0 20105505.0 20111156.0 20106473.0 20110737.0 20108880.0 20118005.0 20119437.0 20115089.0 20106899.0 20114162.0 20115984.0 20109704.0 20116857.0 20104896.0 20114795.0 20099289.0 20115721.0 20096925.0 20114956.0 20107258.0 20108066.0 20106207.0 20114757.0 20117907.0 20117004.0
165 20233515.0 20234492.0 20227131.0 20215531.0 20226360.0 20212928.0 20220363.0 20210312.0 20221096.0 20213740.0 20220982.0 20216142.0 20227852.0 20229622.0 20225037.0 20215673.0 20224010.0 20225560.0 20219088.0 20225608.0 20213501.0 20223967.0 20206883.0 20223811.0 20203892.0 20223207.0 20215713.0 20216055.0 20214490.0 20222498.0 20225212.0 20225275.0
168 20026348.0 20025392.0 20011634.0 19977992.0 20009507.0 19964246.0 19993661.0 19952965.0 19995349.0 19968355.0 19997182.0 19972961.0 20005349.0 20006184.0 19997949.0 19982830.0 19999906.0 20000019.0 19991161.0 19999097.0 19975036.0 19994989.0 19961661.0 19989470.0 19953021.0 19990554.0 19972432.0 19984704.0 19972694.0 19989523.0 19992446.0 19994185.0
171 16548215.0 16147719.0 16094706.0 15075331.0 16057545.0 14909089.0 15552243.0 14683326.0 15703839.0 14910382.0 15615133.0 14900063.0 15615794.0 15444035.0 15448072.0 15318475.0 15559201.0 15373094.0 15537975.0 15370244.0 15031214.0 15316925.0 15057115.0 15025682.0 14817324.0 15224367.0 14830093.0 15240077.0 14810066.0 15236003.0 15380531.0 15585350.0
174 9169982.0 9003237.0 9182113.0 9210452.0 9266291.0 9218289.0 8950893.0 8860010.0 9328900.0 9239070.0 9212831.0 9175633.0 9268328.0 9099733.0 9163177.0 9832716.0 9263847.0 9060402.0 9286326.0 9120670.0 9344588.0 8982062.0 9431974.0 8554431.0 8909307.0 8826121.0 8909833.0 8868948.0 8751330.0 8787359.0 8960128.0 9164969.0
177 8702568.0 8557451.0 8795955.0 9001109.0 8895701.0 9089949.0 8518365.0 8696546.0 8927545.0 9109759.0 8806226.0 9046605.0 8874331.0 8679589.0 8767351.0 9771833.0 8865026.0 8647449.0 8891068.0 8712450.0 9225283.0 8541606.0 9337938.0 8092390.0 8738208.0 8375774.0 8764530.0 8424467.0 8542078.0 8304058.0 8500994.0 8690866.0
180 2896791.0 2782124.0 2951865.0 3011172.0 3003918.0 3094584.0 2774034.0 2887157.0 2988925.0 3059173.0 2927965.0 3018203.0 2919701.0 2795909.0 2854627.0 3400228.0 2931318.0 2807660.0 2957948.0 2804707.0 3124771.0 2765403.0 3199808.0 2555248.0 2909556.0 2685835.0 2915909.0 2736206.0 2793853.0 2647918.0 2739285.0 2826889.0
183 192051.0 151579.0 197390.0 176301.0 217375.0 198531.0 174403.0 161934.0 194786.0 173446.0 216756.0 167831.0 172974.0 151192.0 162281.0 240521.0 188952.0 171110.0 207694.0 155031.0 188243.0 174779.0 206445.0 140843.0 179311.0 159099.0 149463.0 204293.0 148903.0 153901.0 166010.0 183896.0
186 160907.0 129118.0 147613.0 133952.0 145564.0 136187.0 148499.0 132049.0 133073.0 125235.0 154632.0 122934.0 125141.0 123843.0 120227.0 133620.0 132343.0 134392.0 144332.0 131235.0 139586.0 137646.0 142098.0 127608.0 149660.0 133788.0 120665.0 180110.0 131160.0 129420.0 131384.0 141863.0
189 160494.0 128403.0 144246.0 131434.0 140122.0 130093.0 146797.0 129281.0 129126.0 121426.0 152362.0 121044.0 122101.0 122361.0 118818.0 124822.0 129812.0 131999.0 139099.0 130885.0 135729.0 135634.0 135518.0 127018.0 147938.0 132007.0 117773.0 177973.0 129435.0 127762.0 127856.0 137111.0
192 161302.0 127927.0 144409.0 131798.0 139893.0 130025.0 147245.0 129756.0 129896.0 121052.0 151676.0 120637.0 122458.0 121980.0 119245.0 125249.0 130609.0 133110.0 139601.0 130937.0 134719.0 135077.0 135719.0 126774.0 147268.0 131719.0 117667.0 177454.0 129537.0 127761.0 127817.0 136855.0
195 159814.0 127520.0 143538.0 131086.0 139749.0 129950.0 147452.0 128400.0 129477.0 120799.0 152376.0 120067.0 121637.0 122568.0 118812.0 125347.0 129894.0 131955.0 139441.0 130333.0 135591.0 134949.0 135867.0 126311.0 146655.0 132040.0 117754.0 177500.0 128876.0 127269.0 127468.0 136435.0
198 159666.0 128203.0 143959.0 131068.0 139725.0 129850.0 146472.0 128730.0 129889.0 120584.0 151587.0 119644.0 121297.0 122018.0 117974.0 124304.0 129997.0 132608.0 139174.0 129938.0 133779.0 134993.0 135745.0 126187.0 147188.0 131739.0 117224.0 174945.0 128968.0 127302.0 127862.0 136689.0
201 159494.0 128247.0 143551.0 129974.0 139424.0 129873.0 147205.0 129203.0 129232.0 121557.0 151379.0 120684.0 121997.0 121775.0 118231.0 124159.0 129316.0 133259.0 139059.0 130063.0 133825.0 135218.0 135656.0 125655.0 147358.0 132062.0 117234.0 176869.0 128543.0 127593.0 127162.0 136316.0
204 159313.0 127424.0 143125.0 129862.0 138256.0 129642.0 144771.0 128663.0 128502.0 120421.0 150617.0 119268.0 120675.0 121809.0 117629.0 124200.0 129285.0 131541.0 139085.0 129560.0 133278.0 133997.0 135106.0 125371.0 145553.0 131196.0 117016.0 175947.0 128661.0 126014.0 126717.0 135894.0
207 158105.0 126875.0 142767.0 129890.0 138341.0 128757.0 145416.0 128786.0 128011.0 120002.0 151302.0 119147.0 120772.0 121433.0 117644.0 123901.0 129454.0 130775.0 138611.0 129560.0 133857.0 132801.0 134465.0 125242.0 145184.0 130262.0 116703.0 176057.0 128198.0 126613.0 125994.0 135318.0
210 158254.0 126996.0 142491.0 130012.0 138167.0 127811.0 145185.0 128354.0 127501.0 119498.0 150136.0 119794.0 120696.0 121639.0 117476.0 124151.0 128910.0 131602.0 138167.0 128605.0 133264.0 133479.0 134949.0 125681.0 145894.0 130228.0 116772.0 174603.0 127925.0 126468.0 126474.0 135011.0
213 158545.0 126950.0 142777.0 129557.0 137672.0 128478.0 144695.0 128041.0 127860.0 119375.0 149308.0 118871.0 120053.0 120951.0 116808.0 123944.0 127905.0 130953.0 138238.0 128756.0 133287.0 132563.0 134494.0 124710.0 145098.0 129634.0 115751.0 174470.0 127347.0 125339.0 125819.0 134494.0
216 159029.0 126559.0 141767.0 129491.0 137911.0 127755.0 144002.0 127250.0 127045.0 119796.0 148458.0 118308.0 119035.0 120688.0 116773.0 123842.0 127536.0 129544.0 137171.0 128132.0 132626.0 132533.0 133895.0 123826.0 144612.0 129961.0 115698.0 174557.0 126966.0 125493.0 125732.0 134783.0
219 158747.0 127123.0 141527.0 129456.0 136869.0 127369.0 143635.0 127186.0 126755.0 118694.0 149649.0 118097.0 119235.0 119169.0 116732.0 124019.0 127201.0 129031.0 136119.0 126959.0 131258.0 132253.0 132756.0 124076.0 144941.0 128553.0 114544.0 174138.0 126408.0 124900.0 124936.0 133733.0
222 156958.0 126020.0 141423.0 127951.0 136297.0 127146.0 144083.0 126267.0 125784.0 118479.0 147782.0 117903.0 118290.0 117613.0 115511.0 121579.0 127105.0 128153.0 136255.0 125399.0 129192.0 131054.0 132788.0 122724.0 143749.0 127638.0 113375.0 169896.0 123084.0 123838.0 124295.0 132468.0
225 152412.0 123233.0 139903.0 125613.0 134477.0 125211.0 142736.0 124681.0 125878.0 115420.0 146713.0 115553.0 114992.0 105520.0 115216.0 119429.0 126081.0 122122.0 135725.0 112602.0 119390.0 122541.0 131996.0 117994.0 143044.0 121355.0 105298.0 158660.0 109892.0 120043.0 120936.0 124529.0
228 141796.0 111101.0 137090.0 112608.0 132132.0 116878.0 140654.0 120401.0 124365.0 105243.0 143061.0 108279.0 103655.0 78645.0 109716.0 109724.0 121294.0 102999.0 133166.0 83509.0 95687.0 100269.0 127403.0 100859.0 138831.0 102350.0 83676.0 132181.0 80500.0 107379.0 109766.0 106849.0
231 109511.0 79440.0 123333.0 80308.0 120930.0 92815.0 131246.0 102750.0 116349.0 78978.0 127740.0 84571.0 74198.0 41279.0 95552.0 85119.0 104451.0 66375.0 124350.0 42255.0 56029.0 61160.0 111348.0 67328.0 125288.0 66277.0 49209.0 83165.0 40718.0 78456.0 82193.0 72684.0
234 58063.0 36172.0 87943.0 36846.0 87089.0 51996.0 102111.0 66178.0 92502.0 40419.0 89845.0 46473.0 35370.0 14463.0 62334.0 47538.0 68644.0 28109.0 98550.0 15036.0 22833.0 24438.0 76732.0 30770.0 92187.0 28472.0 19687.0 34677.0 14812.0 40043.0 42341.0 34439.0
237 21670.0 13171.0 42881.0 13226.0 43789.0 20010.0 59027.0 30245.0 53698.0 15166.0 44148.0 17491.0 12643.0 7185.0 28637.0 19165.0 31794.0 10488.0 60530.0 7636.0 9760.0 9810.0 36356.0 11697.0 48302.0 11241.0 8287.0 13356.0 7483.0 15194.0 15731.0 13408.0
240 11074.0 7723.0 17837.0 7937.0 18912.0 9646.0 27607.0 13201.0 24818.0 8262.0 19305.0 8844.0 7511.0 5868.0 12604.0 9239.0 13835.0 7245.0 30271.0 6358.0 7109.0 7235.0 15745.0 7661.0 21244.0 7656.0 6292.0 9615.0 6290.0 8694.0 8499.0 8247.0
243 8322.0 6143.0 9288.0 6415.0 9206.0 6844.0 11619.0 7785.0 10204.0 6420.0 9930.0 6482.0 6117.0 5345.0 7379.0 6597.0 8078.0 6117.0 12302.0 5883.0 6176.0 5952.0 8684.0 6223.0 10495.0 6581.0 5417.0 8277.0 5526.0 6629.0 6552.0 6994.0
246 7426.0 5582.0 7263.0 6005.0 7273.0 6039.0 8420.0 6404.0 7573.0 5804.0 7842.0 5905.0 5558.0 4930.0 6211.0 5815.0 6479.0 5552.0 8527.0 5377.0 5630.0 5387.0 7220.0 5629.0 8363.0 5891.0 5059.0 7571.0 5231.0 5969.0 6043.0 6164.0
249 6665.0 4998.0 6530.0 5668.0 6292.0 5445.0 7357.0 5693.0 6338.0 5350.0 6894.0 5454.0 5346.0 4699.0 5675.0 5415.0 5971.0 5122.0 7271.0 5079.0 5255.0 5063.0 6431.0 5346.0 7054.0 5695.0 4730.0 7299.0 4911.0 5550.0 5503.0 5760.0
252 6357.0 4649.0 5969.0 5395.0 5663.0 4903.0 6560.0 5145.0 5735.0 5079.0 6294.0 5216.0 5106.0 4512.0 5250.0 5168.0 5572.0 4919.0 6491.0 4922.0 4992.0 4816.0 5960.0 4954.0 6496.0 5173.0 4495.0 6648.0 4776.0 5186.0 5214.0 5445.0
255 6086.0 4613.0 5661.0 5043.0 5321.0 4747.0 6169.0 4884.0 5490.0 4827.0 5920.0 4836.0 4645.0 4258.0 5052.0 4707.0 5187.0 4520.0 6088.0 4731.0 4951.0 4726.0 5573.0 4774.0 6044.0 5171.0 4490.0 6461.0 4499.0 5132.0 4941.0 5454.0
258 6019.0 4305.0 5268.0 5017.0 5042.0 4610.0 5912.0 4779.0 5071.0 4782.0 5672.0 4798.0 4624.0 4365.0 4825.0 4702.0 5257.0 4679.0 5852.0 4711.0 4864.0 4705.0 5355.0 4821.0 5829.0 5022.0 4358.0 6247.0 4619.0 5049.0 5007.0 5377.0
261 5754.0 4413.0 5240.0 5088.0 5033.0 4532.0 5838.0 4663.0 4925.0 4733.0 5603.0 4670.0 4595.0 4295.0 4875.0 4751.0 4915.0 4520.0 5660.0 4722.0 4780.0 4606.0 5168.0 4713.0 5916.0 5161.0 4195.0 6110.0 4507.0 4926.0 4889.0 5205.0
264 5828.0 4336.0 5119.0 4828.0 5001.0 4533.0 5731.0 4679.0 4984.0 4828.0 5543.0 4744.0 4660.0 4275.0 4763.0 4638.0 5007.0 4538.0 5525.0 4769.0 4780.0 4579.0 5106.0 4723.0 5723.0 4896.0 4270.0 6072.0 4444.0 4846.0 4880.0 5221.0
267 5675.0 4342.0 5163.0 4788.0 4953.0 4394.0 5762.0 4542.0 4945.0 4516.0 5439.0 4657.0 4530.0 4222.0 4671.0 4624.0 4834.0 4458.0 5638.0 4545.0 4677.0 4521.0 5130.0 4681.0 5629.0 5005.0 4103.0 6185.0 4362.0 4936.0 4855.0 5140.0
270 5553.0 4310.0 5204.0 4865.0 4786.0 4369.0 5660.0 4560.0 4938.0 4543.0 5309.0 4558.0 4523.0 4032.0 4729.0 4550.0 4899.0 4487.0 5401.0 4470.0 4560.0 4463.0 4897.0 4462.0 5640.0 4840.0 4248.0 6033.0 4424.0 4754.0 4772.0 5058.0
273 5570.0 4096.0 4968.0 4715.0 4837.0 4317.0 5600.0 4422.0 4726.0 4428.0 5404.0 4543.0 4375.0 4101.0 4703.0 4520.0 4705.0 4373.0 5519.0 4477.0 4524.0 4382.0 4889.0 4439.0 5550.0 4720.0 4120.0 6074.0 4164.0 4724.0 4734.0 4945.0
276 5455.0 4167.0 4981.0 4722.0 4901.0 4270.0 5450.0 4366.0 4746.0 4521.0 5166.0 4298.0 4280.0 4062.0 4653.0 4579.0 4666.0 4239.0 5490.0 4367.0 4574.0 4307.0 4900.0 4491.0 5547.0 4648.0 3943.0 5837.0 4244.0 4728.0 4639.0 5002.0
279 5241.0 4146.0 4911.0 4640.0 4538.0 4218.0 5613.0 4381.0 4690.0 4452.0 5260.0 4318.0 4212.0 3920.0 4538.0 4284.0 4761.0 4201.0 5366.0 4265.0 4290.0 4219.0 4889.0 4292.0 5476.0 4576.0 3891.0 5570.0 4154.0 4653.0 4504.0 4975.0
282 5189.0 4061.0 4617.0 4509.0 4574.0 4105.0 5474.0 4152.0 4573.0 4265.0 5131.0 4365.0 4276.0 3864.0 4447.0 4165.0 4602.0 4201.0 5267.0 4299.0 4351.0 4051.0 4765.0 4164.0 5248.0 4614.0 3830.0 5544.0 3929.0 4534.0 4450.0 4757.0
285 5103.0 3850.0 4753.0 4478.0 4568.0 4090.0 5299.0 4227.0 4574.0 4170.0 5176.0 4235.0 4237.0 3707.0 4341.0 3962.0 4600.0 4057.0 5129.0 4269.0 4209.0 3952.0 4570.0 4074.0 5460.0 4378.0 3704.0 5427.0 3815.0 4452.0 4529.0 4643.0
288 5108.0 3738.0 4619.0 4206.0 4474.0 3997.0 5331.0 4128.0 4489.0 4245.0 5011.0 4119.0 3984.0 3417.0 4345.0 4066.0 4340.0 3863.0 5135.0 3939.0 3926.0 3849.0 4562.0 4084.0 5152.0 4321.0 3586.0 5212.0 3456.0 4395.0 4264.0 4367.0
291 4889.0 3724.0 4487.0 4114.0 4462.0 3911.0 5237.0 3950.0 4354.0 3908.0 4856.0 3993.0 3819.0 3059.0 4170.0 3880.0 4269.0 3686.0 5084.0 3507.0 3595.0 3570.0 4375.0 3870.0 5099.0 3981.0 3341.0 4841.0 3201.0 4067.0 4121.0 4079.0
294 4677.0 3469.0 4511.0 3749.0 4282.0 3634.0 5051.0 3850.0 4297.0 3646.0 4698.0 3872.0 3567.0 2513.0 4139.0 3756.0 4152.0 3257.0 4856.0 2858.0 2899.0 3049.0 4340.0 3534.0 4852.0 3621.0 2746.0 4172.0 2320.0 3878.0 3761.0 3641.0
297 4132.0 2999.0 4148.0 3212.0 4061.0 3357.0 4900.0 3802.0 3989.0 3260.0 4426.0 3541.0 3047.0 1788.0 3858.0 3255.0 3829.0 2544.0 4714.0 1994.0 2163.0 2366.0 4172.0 2940.0 4754.0 2873.0 2049.0 3262.0 1627.0 3309.0 3426.0 2922.0
300 3271.0 2382.0 3953.0 2510.0 3846.0 2776.0 4616.0 3333.0 3946.0 2704.0 4119.0 2990.0 2288.0 985.0 3453.0 2643.0 3570.0 1871.0 4481.0 1150.0 1409.0 1541.0 3678.0 2294.0 4433.0 2042.0 1358.0 2121.0 928.0 2572.0 2813.0 2029.0
303 2349.0 1498.0 3352.0 1568.0 3310.0 2142.0 4059.0 2790.0 3513.0 1819.0 3472.0 2280.0 1507.0 538.0 2751.0 1919.0 2885.0 1069.0 4021.0 603.0 773.0 809.0 3123.0 1440.0 3945.0 1203.0 784.0 1197.0 520.0 1766.0 1897.0 1146.0
306 1505.0 935.0 2641.0 878.0 2632.0 1338.0 3479.0 2152.0 2874.0 1128.0 2851.0 1525.0 909.0 331.0 2241.0 1250.0 2242.0 575.0 3406.0 354.0 460.0 443.0 2398.0 875.0 3233.0 700.0 423.0 606.0 350.0 1108.0 1256.0 741.0
309 824.0 477.0 1758.0 458.0 1708.0 669.0 2594.0 1383.0 2134.0 589.0 1798.0 784.0 446.0 268.0 1371.0 653.0 1405.0 364.0 2639.0 274.0 324.0 323.0 1547.0 450.0 2273.0 398.0 326.0 427.0 274.0 600.0 616.0 404.0
312 489.0 288.0 937.0 351.0 991.0 394.0 1612.0 751.0 1324.0 351.0 1001.0 433.0 334.0 251.0 701.0 421.0 753.0 314.0 1732.0 288.0 320.0 255.0 816.0 346.0 1349.0 319.0 253.0 389.0 245.0 376.0 391.0 357.0
315 399.0 267.0 499.0 305.0 586.0 295.0 900.0 412.0 693.0 305.0 522.0 319.0 300.0 243.0 407.0 329.0 446.0 267.0 986.0 274.0 273.0 253.0 498.0 330.0 711.0 292.0 234.0 401.0 252.0 317.0 348.0 316.0
318 357.0 246.0 358.0 302.0 380.0 264.0 541.0 293.0 374.0 331.0 418.0 310.0 290.0 228.0 349.0 296.0 353.0 235.0 555.0 256.0 250.0 238.0 361.0 255.0 459.0 283.0 210.0 305.0 254.0 338.0 313.0 300.0
321 331.0 226.0 324.0 267.0 305.0 233.0 436.0 268.0 312.0 275.0 329.0 281.0 261.0 224.0 327.0 255.0 306.0 226.0 386.0 261.0 251.0 221.0 325.0 256.0 392.0 252.0 235.0 305.0 225.0 275.0 278.0 305.0
324 354.0 215.0 280.0 273.0 282.0 229.0 387.0 240.0 286.0 255.0 323.0 289.0 268.0 213.0 272.0 259.0 317.0 260.0 386.0 246.0 220.0 226.0 297.0 260.0 343.0 269.0 203.0 337.0 212.0 308.0 270.0 293.0
327 309.0 216.0 272.0 273.0 273.0 250.0 321.0 267.0 299.0 242.0 349.0 243.0 228.0 221.0 240.0 281.0 289.0 242.0 354.0 233.0 231.0 216.0 285.0 289.0 369.0 255.0 227.0 326.0 223.0 292.0 247.0 293.0
330 272.0 212.0 255.0 254.0 273.0 214.0 337.0 259.0 274.0 277.0 323.0 241.0 233.0 223.0 290.0 257.0 305.0 233.0 306.0 225.0 225.0 230.0 257.0 254.0 345.0 276.0 246.0 327.0 197.0 285.0 265.0 276.0
333 317.0 219.0 255.0 242.0 251.0 239.0 321.0 229.0 270.0 272.0 287.0 288.0 240.0 199.0 254.0 229.0 258.0 234.0 315.0 234.0 237.0 199.0 274.0 253.0 343.0 264.0 218.0 301.0 221.0 263.0 285.0 307.0
336 259.0 210.0 275.0 253.0 245.0 216.0 325.0 228.0 264.0 262.0 285.0 239.0 234.0 212.0 275.0 238.0 292.0 196.0 300.0 214.0 208.0 197.0 227.0 230.0 327.0 235.0 207.0 266.0 183.0 260.0 252.0 263.0
339 252.0 212.0 239.0 264.0 223.0 221.0 337.0 242.0 257.0 230.0 270.0 256.0 229.0 204.0 278.0 238.0 263.0 209.0 298.0 207.0 191.0 189.0 267.0 229.0 315.0 266.0 197.0 306.0 197.0 246.0 229.0 254.0
342 281.0 221.0 257.0 239.0 228.0 202.0 312.0 225.0 247.0 223.0 289.0 254.0 210.0 187.0 284.0 241.0 278.0 208.0 315.0 196.0 236.0 197.0 253.0 235.0 308.0 240.0 180.0 252.0 184.0 258.0 240.0 269.0
345 244.0 201.0 262.0 253.0 232.0 199.0 321.0 216.0 274.0 210.0 279.0 240.0 211.0 182.0 234.0 230.0 274.0 203.0 328.0 196.0 225.0 209.0 246.0 215.0 304.0 233.0 193.0 274.0 189.0 248.0 244.0 257.0
348 236.0 178.0 239.0 241.0 202.0 197.0 297.0 216.0 226.0 244.0 257.0 234.0 191.0 173.0 241.0 221.0 236.0 184.0 288.0 170.0 207.0 180.0 254.0 216.0 289.0 221.0 177.0 257.0 187.0 241.0 203.0 245.0
351 258.0 192.0 258.0 223.0 258.0 207.0 300.0 220.0 235.0 218.0 235.0 233.0 212.0 146.0 233.0 202.0 227.0 185.0 278.0 168.0 184.0 196.0 242.0 209.0 278.0 218.0 169.0 239.0 169.0 251.0 220.0 218.0
354 225.0 171.0 220.0 202.0 220.0 201.0 288.0 215.0 274.0 199.0 234.0 226.0 186.0 154.0 232.0 197.0 246.0 157.0 268.0 183.0 159.0 188.0 219.0 232.0 305.0 205.0 148.0 217.0 145.0 215.0 233.0 205.0
357 248.0 167.0 227.0 213.0 217.0 193.0 289.0 218.0 234.0 201.0 224.0 238.0 194.0 101.0 208.0 205.0 245.0 156.0 261.0 126.0 136.0 135.0 212.0 212.0 251.0 174.0 135.0 208.0 111.0 225.0 211.0 162.0
360 191.0 143.0 219.0 184.0 217.0 175.0 269.0 165.0 225.0 181.0 213.0 186.0 149.0 94.0 216.0 161.0 205.0 123.0 266.0 97.0 121.0 118.0 226.0 154.0 242.0 160.0 115.0 170.0 84.0 196.0 183.0 147.0
363 174.0 126.0 195.0 136.0 203.0 155.0 271.0 190.0 227.0 140.0 238.0 188.0 141.0 67.0 171.0 149.0 178.0 110.0 268.0 88.0 79.0 92.0 201.0 138.0 253.0 137.0 89.0 134.0 65.0 154.0 174.0 110.0
366 153.0 119.0 211.0 113.0 204.0 106.0 245.0 168.0 211.0 130.0 192.0 146.0 105.0 44.0 178.0 136.0 158.0 82.0 243.0 38.0 52.0 59.0 194.0 117.0 241.0 111.0 59.0 71.0 30.0 123.0 136.0 78.0
369 92.0 89.0 179.0 73.0 152.0 83.0 248.0 167.0 180.0 101.0 192.0 118.0 80.0 29.0 173.0 95.0 175.0 51.0 217.0 26.0 24.0 43.0 164.0 97.0 206.0 74.0 42.0 55.0 22.0 97.0 115.0 69.0
372 62.0 44.0 141.0 57.0 130.0 74.0 181.0 134.0 166.0 60.0 137.0 86.0 57.0 20.0 124.0 72.0 122.0 38.0 203.0 14.0 23.0 24.0 132.0 42.0 185.0 33.0 18.0 32.0 15.0 71.0 68.0 42.0
375 47.0 26.0 116.0 31.0 125.0 36.0 170.0 87.0 116.0 46.0 126.0 57.0 40.0 15.0 87.0 60.0 106.0 10.0 152.0 12.0 28.0 15.0 109.0 33.0 177.0 23.0 22.0 22.0 11.0 45.0 41.0 31.0
378 27.0 20.0 77.0 22.0 94.0 33.0 124.0 69.0 92.0 41.0 74.0 35.0 20.0 14.0 78.0 34.0 68.0 14.0 112.0 13.0 27.0 11.0 55.0 20.0 103.0 19.0 18.0 18.0 13.0 23.0 30.0 23.0
381 33.0 8.0 44.0 19.0 31.0 27.0 81.0 33.0 86.0 32.0 51.0 20.0 11.0 14.0 39.0 19.0 34.0 15.0 93.0 15.0 21.0 12.0 55.0 13.0 76.0 20.0 20.0 16.0 17.0 21.0 17.0 14.0
384 18.0 22.0 34.0 13.0 29.0 17.0 48.0 17.0 36.0 22.0 31.0 21.0 17.0 14.0 24.0 15.0 31.0 8.0 54.0 18.0 19.0 8.0 19.0 20.0 47.0 17.0 16.0 17.0 14.0 21.0 20.0 26.0
387 25.0 7.0 18.0 28.0 26.0 17.0 42.0 24.0 28.0 19.0 24.0 14.0 9.0 13.0 16.0 13.0 36.0 16.0 31.0 16.0 10.0 12.0 24.0 15.0 35.0 17.0 13.0 22.0 12.0 23.0 17.0 24.0
390 17.0 21.0 21.0 14.0 21.0 18.0 26.0 14.0 22.0 17.0 19.0 24.0 17.0 15.0 16.0 17.0 25.0 14.0 33.0 17.0 15.0 16.0 21.0 14.0 26.0 16.0 12.0 16.0 6.0 13.0 23.0 16.0
393 16.0 16.0 11.0 30.0 20.0 14.0 21.0 12.0 15.0 18.0 19.0 17.0 13.0 15.0 25.0 18.0 14.0 22.0 22.0 16.0 14.0 11.0 22.0 19.0 22.0 22.0 15.0 13.0 9.0 18.0 12.0 15.0
396 15.0 12.0 25.0 14.0 18.0 8.0 21.0 15.0 13.0 17.0 22.0 22.0 13.0 9.0 22.0 22.0 15.0 15.0 35.0 17.0 11.0 13.0 15.0 7.0 22.0 17.0 14.0 18.0 7.0 21.0 14.0 15.0
399 11.0 12.0 20.0 19.0 19.0 14.0 15.0 18.0 14.0 20.0 20.0 21.0 15.0 14.0 16.0 12.0 17.0 15.0 19.0 8.0 9.0 6.0 17.0 12.0 19.0 20.0 10.0 24.0 11.0 14.0 13.0 19.0
402 21.0 15.0 16.0 16.0 14.0 13.0 14.0 9.0 20.0 24.0 19.0 16.0 24.0 13.0 24.0 11.0 25.0 10.0 22.0 14.0 13.0 8.0 20.0 14.0 30.0 19.0 16.0 9.0 7.0 20.0 23.0 15.0
405 14.0 16.0 18.0 20.0 12.0 9.0 29.0 10.0 17.0 14.0 19.0 17.0 18.0 9.0 13.0 13.0 20.0 10.0 20.0 13.0 13.0 14.0 19.0 15.0 14.0 15.0 14.0 8.0 12.0 19.0 13.0 16.0
408 10.0 9.0 4.0 17.0 15.0 4.0 24.0 12.0 28.0 14.0 20.0 7.0 15.0 11.0 18.0 10.0 22.0 13.0 21.0 13.0 9.0 9.0 18.0 10.0 25.0 9.0 11.0 9.0 17.0 16.0 6.0 27.0
411 16.0 13.0 21.0 15.0 19.0 9.0 12.0 19.0 19.0 15.0 22.0 15.0 7.0 10.0 14.0 13.0 17.0 22.0 21.0 9.0 11.0 8.0 13.0 23.0 21.0 9.0 9.0 21.0 11.0 19.0 11.0 14.0
414 10.0 9.0 13.0 20.0 15.0 13.0 17.0 13.0 16.0 17.0 16.0 12.0 8.0 5.0 13.0 12.0 17.0 10.0 17.0 10.0 3.0 8.0 19.0 16.0 17.0 14.0 12.0 7.0 9.0 18.0 17.0 7.0
417 11.0 9.0 19.0 17.0 11.0 16.0 19.0 14.0 20.0 17.0 10.0 16.0 13.0 5.0 16.0 12.0 19.0 12.0 25.0 2.0 9.0 7.0 24.0 12.0 20.0 13.0 6.0 12.0 4.0 19.0 9.0 19.0
420 12.0 6.0 6.0 13.0 12.0 9.0 15.0 9.0 14.0 10.0 14.0 13.0 4.0 3.0 19.0 15.0 16.0 14.0 17.0 10.0 7.0 7.0 20.0 11.0 19.0 12.0 5.0 3.0 2.0 15.0 7.0 9.0
423 12.0 5.0 13.0 9.0 10.0 7.0 16.0 10.0 11.0 10.0 13.0 12.0 3.0 4.0 20.0 8.0 19.0 7.0 13.0 4.0 5.0 6.0 15.0 8.0 20.0 8.0 6.0 3.0 2.0 9.0 11.0 7.0
426 13.0 10.0 14.0 11.0 13.0 9.0 17.0 13.0 19.0 18.0 11.0 13.0 9.0 1.0 10.0 9.0 8.0 7.0 19.0 1.0 5.0 5.0 12.0 4.0 19.0 2.0 6.0 5.0 0.0 9.0 5.0 5.0
429 6.0 4.0 8.0 11.0 11.0 7.0 17.0 7.0 16.0 2.0 16.0 11.0 4.0 0.0 13.0 8.0 11.0 0.0 9.0 3.0 5.0 4.0 8.0 10.0 18.0 12.0 6.0 3.0 2.0 4.0 5.0 5.0
432 5.0 6.0 7.0 5.0 13.0 4.0 12.0 6.0 13.0 4.0 11.0 6.0 2.0 4.0 9.0 2.0 8.0 4.0 19.0 1.0 2.0 1.0 9.0 4.0 9.0 1.0 2.0 3.0 0.0 4.0 7.0 4.0
435 3.0 5.0 9.0 3.0 9.0 4.0 11.0 3.0 14.0 4.0 13.0 7.0 5.0 1.0 7.0 6.0 7.0 1.0 9.0 3.0 0.0 2.0 11.0 4.0 16.0 3.0 3.0 3.0 2.0 3.0 3.0 1.0
438 5.0 1.0 4.0 4.0 5.0 3.0 18.0 6.0 7.0 2.0 6.0 3.0 1.0 2.0 4.0 4.0 6.0 2.0 19.0 2.0 1.0 1.0 5.0 5.0 6.0 5.0 1.0 1.0 2.0 1.0 2.0 3.0
441 2.0 1.0 4.0 4.0 5.0 1.0 8.0 1.0 4.0 5.0 6.0 1.0 1.0 2.0 8.0 1.0 3.0 1.0 5.0 2.0 0.0 1.0 6.0 1.0 6.0 2.0 2.0 2.0 1.0 4.0 1.0 1.0
444 0.0 2.0 1.0 2.0 3.0 2.0 6.0 4.0 5.0 4.0 5.0 1.0 1.0 0.0 3.0 1.0 0.0 1.0 2.0 2.0 2.0 0.0 2.0 1.0 4.0 1.0 0.0 0.0 2.0 2.0 1.0 0.0
447 3.0 1.0 0.0 1.0 0.0 1.0 5.0 3.0 3.0 3.0 3.0 1.0 3.0 0.0 2.0 0.0 5.0 0.0 6.0 1.0 2.0 2.0 0.0 1.0 5.0 5.0 0.0 2.0 2.0 1.0 3.0 0.0
