150 18327474.0 18336101.0 18325004.0 18304036.0 18315138.0 18294038.0 18317326.0 18285431.0 18314898.0 18296525.0 18311324.0 18278963.0 18302321.0 18318651.0 18319189.0 18298503.0 18323027.0 18317082.0 18304039.0 18303008.0 18235454.0 18304400.0 18295250.0 18316538.0 18291193.0 18306537.0 18288835.0 18306800.0 18287981.0 18316525.0 18314442.0 18313494.0
153 18682322.0 18688141.0 18678778.0 18664985.0 18671578.0 18654361.0 18676601.0 18647015.0 18673537.0 18658711.0 18669941.0 18640637.0 18660825.0 18675834.0 18676254.0 18659900.0 18680730.0 18674586.0 18663891.0 18662394.0 18603578.0 18663871.0 18657901.0 18676656.0 18653468.0 18667645.0 18650883.0 18666877.0 18649413.0 18677136.0 18672862.0 18673404.0
156 19154113.0 19157621.0 19148930.0 19141664.0 19143738.0 19128510.0 19152555.0 19122716.0 19146156.0 19135840.0 19142931.0 19114578.0 19134765.0 19150189.0 19147631.0 19135152.0 19156329.0 19150133.0 19140963.0 19139404.0 19082862.0 19141263.0 19137173.0 19154362.0 19131388.0 19146916.0 19128426.0 19144248.0 19126203.0 19155597.0 19150246.0 19151830.0
159 19518128.0 19517604.0 19509820.0 19499341.0 19505071.0 19485219.0 19513699.0 19479162.0 19507163.0 19493408.0 19503176.0 19471861.0 19495981.0 19509894.0 19507413.0 19492992.0 19517068.0 19510802.0 19503087.0 19499971.0 19463689.0 19501525.0 19496744.0 19514939.0 19489894.0 19508596.0 19485825.0 19504439.0 19483432.0 19515935.0 19510991.0 19512576.0
162 19827552.0 19823006.0 19814854.0 19802713.0 19811199.0 19787632.0 19823017.0 19782360.0 19813537.0 19796280.0 19808069.0 19774248.0 19803749.0 19816241.0 19812891.0 19795689.0 19824430.0 19818337.0 19810944.0 19805584.0 19766872.0 19806829.0 19800052.0 19820746.0 19792643.0 19815463.0 19788154.0 19809836.0 19784877.0 19821816.0 19817343.0 19818586.0
165 20020215.0 20012438.0 20004381.0 19991623.0 20001375.0 19976686.0 20015511.0 19971543.0 20005260.0 19985967.0 19999094.0 19963779.0 19995591.0 20008213.0 20004468.0 19985766.0 20015456.0 20009683.0 20003295.0 19996456.0 19952673.0 19996866.0 19988399.0 20010580.0 19980387.0 20004729.0 19975039.0 19999013.0 19970956.0 20011103.0 20006550.0 20008735.0
168 19844869.0 19839978.0 19826490.0 19756793.0 19820989.0 19717125.0 19827537.0 19702483.0 19815181.0 19747466.0 19806652.0 19712788.0 19804680.0 19809853.0 19806124.0 19761576.0 19818557.0 19812086.0 19804965.0 19791917.0 19717277.0 19787920.0 19761893.0 19801385.0 19752209.0 19795953.0 19729489.0 19790403.0 19722579.0 19801578.0 19800448.0 19804139.0
171 19135939.0 19119859.0 19109329.0 18696516.0 19083277.0 18662089.0 19113062.0 18587752.0 19058040.0 18686759.0 19055676.0 18747902.0 19103003.0 18987774.0 18996296.0 18856071.0 19012793.0 19029077.0 19049111.0 18973267.0 18741672.0 18932229.0 18725283.0 18913259.0 18761011.0 18959327.0 18640121.0 18996071.0 18628626.0 18928534.0 19033160.0 19056970.0
174 9620938.0 9564858.0 9665111.0 9150765.0 9729395.0 9468202.0 9896469.0 9237225.0 9834530.0 9491561.0 9944591.0 10028939.0 10238962.0 9541203.0 9685634.0 10189545.0 9533223.0 9724149.0 9917750.0 9649622.0 9991791.0 9368959.0 9462264.0 9083855.0 9722186.0 9354020.0 9143537.0 9623951.0 9033848.0 9045413.0 9641339.0 9637095.0
177 7477069.0 7422408.0 7546286.0 7342497.0 7632761.0 7669445.0 7827212.0 7428376.0 7762506.0 7643711.0 7866319.0 8099849.0 8124321.0 7518486.0 7620577.0 8227876.0 7492441.0 7669776.0 7866701.0 7617923.0 8114571.0 7358733.0 7631802.0 7101926.0 7860012.0 7352340.0 7334675.0 7607985.0 7215642.0 7051896.0 7590864.0 7563641.0
180 1409480.0 1308798.0 1396663.0 1222723.0 1413070.0 1347498.0 1480987.0 1304648.0 1466382.0 1324970.0 1516906.0 1563279.0 1659245.0 1369714.0 1414937.0 1571805.0 1336000.0 1428085.0 1559720.0 1428687.0 1677699.0 1357471.0 1334952.0 1235216.0 1427604.0 1350005.0 1287269.0 1472752.0 1255405.0 1244222.0 1467430.0 1445945.0
183 365708.0 265634.0 298365.0 267751.0 311910.0 284169.0 302284.0 323187.0 301133.0 282456.0 316353.0 357339.0 384922.0 279037.0 292239.0 302103.0 273369.0 292242.0 362876.0 310968.0 509624.0 318806.0 287981.0 281560.0 299168.0 317867.0 300663.0 327819.0 300113.0 288080.0 329612.0 325066.0
186 360301.0 260214.0 280328.0 262311.0 298635.0 267282.0 277255.0 315220.0 276851.0 272460.0 284118.0 320757.0 340361.0 263597.0 273590.0 260224.0 262610.0 272812.0 331088.0 291566.0 486608.0 304453.0 273741.0 274350.0 273529.0 304973.0 284724.0 295792.0 288249.0 277921.0 297585.0 299229.0
189 358731.0 261337.0 280852.0 263074.0 300868.0 268931.0 277897.0 318951.0 278380.0 272799.0 284154.0 322202.0 341347.0 265611.0 273231.0 260720.0 264382.0 273000.0 332851.0 294348.0 481646.0 305971.0 274723.0 275872.0 274291.0 305432.0 285621.0 296193.0 289199.0 278519.0 296133.0 299492.0
192 361122.0 260667.0 280812.0 263140.0 299019.0 268517.0 277669.0 316145.0 278858.0 273206.0 283246.0 321143.0 342090.0 264688.0 273471.0 259575.0 263855.0 272273.0 331554.0 293027.0 479433.0 305260.0 275799.0 274979.0 272912.0 305233.0 283889.0 295293.0 288770.0 277452.0 297119.0 299167.0
195 360060.0 261164.0 280831.0 262098.0 298957.0 267611.0 276539.0 317152.0 277916.0 272601.0 283384.0 321408.0 343533.0 263401.0 273109.0 260665.0 262566.0 273333.0 332104.0 292763.0 479991.0 304311.0 272660.0 274761.0 273698.0 304645.0 284387.0 295927.0 287726.0 277973.0 295542.0 298624.0
198 357020.0 260210.0 280426.0 261645.0 298981.0 267441.0 276207.0 317142.0 277218.0 271261.0 282950.0 320833.0 339920.0 263923.0 273249.0 259977.0 261528.0 271371.0 330830.0 291849.0 474943.0 304661.0 272328.0 273380.0 273862.0 304088.0 284105.0 294150.0 286784.0 277598.0 295100.0 297636.0
201 357059.0 258854.0 279545.0 261029.0 298639.0 268206.0 276033.0 316345.0 277286.0 271104.0 282274.0 319781.0 338728.0 262027.0 272202.0 259052.0 262658.0 271794.0 331368.0 291575.0 479174.0 304142.0 272425.0 272459.0 272251.0 304152.0 282664.0 293395.0 287359.0 275681.0 294104.0 296478.0
204 366842.0 258715.0 279891.0 260447.0 298314.0 267236.0 275872.0 314784.0 276729.0 271229.0 282005.0 318412.0 338328.0 263071.0 272371.0 258709.0 261266.0 271415.0 330115.0 290916.0 467501.0 303179.0 272357.0 272463.0 272224.0 302169.0 282259.0 294015.0 286467.0 275847.0 293510.0 295036.0
207 367428.0 257740.0 277644.0 260842.0 296923.0 265760.0 274828.0 314057.0 275777.0 269964.0 280732.0 318910.0 338919.0 260267.0 271465.0 257527.0 260986.0 269853.0 328996.0 289803.0 472374.0 298978.0 270489.0 272106.0 271221.0 301426.0 281438.0 293194.0 285281.0 274498.0 293594.0 294113.0
210 366664.0 257676.0 277501.0 258988.0 296017.0 264963.0 274405.0 313986.0 275323.0 269063.0 280905.0 316536.0 338859.0 259901.0 270396.0 257946.0 260556.0 269683.0 329031.0 288853.0 473670.0 300127.0 270047.0 271459.0 270263.0 301837.0 280503.0 292346.0 284639.0 274229.0 291783.0 294974.0
213 366032.0 257023.0 277554.0 259240.0 296760.0 265439.0 273418.0 313033.0 276476.0 268087.0 280431.0 317202.0 338037.0 257459.0 269826.0 257446.0 259225.0 268975.0 328525.0 289399.0 475337.0 299459.0 269286.0 270198.0 267958.0 301052.0 280555.0 292405.0 285028.0 274319.0 292024.0 292891.0
216 367313.0 255855.0 277042.0 258584.0 294580.0 263627.0 272259.0 311071.0 273547.0 266795.0 278608.0 317071.0 336386.0 260845.0 269948.0 255619.0 258906.0 267408.0 326934.0 286761.0 473402.0 298403.0 267043.0 268830.0 268126.0 298477.0 278433.0 289399.0 283438.0 272367.0 289734.0 292201.0
219 360097.0 254215.0 275995.0 257054.0 293675.0 262455.0 269846.0 309046.0 271147.0 265117.0 277242.0 314170.0 333436.0 258087.0 267376.0 254090.0 255873.0 265883.0 322467.0 285189.0 474940.0 295098.0 264983.0 266890.0 266534.0 296140.0 276976.0 288460.0 282938.0 269717.0 287943.0 290223.0
222 357411.0 252205.0 274131.0 254560.0 292489.0 260060.0 267263.0 308085.0 270087.0 262918.0 276171.0 311699.0 331538.0 254642.0 265913.0 252336.0 253544.0 263916.0 321342.0 282472.0 467184.0 294237.0 256500.0 262903.0 264928.0 292946.0 274911.0 286597.0 279405.0 264138.0 285968.0 288128.0
225 333044.0 250256.0 272083.0 249219.0 290744.0 260633.0 254501.0 304638.0 268703.0 252210.0 274353.0 310534.0 325942.0 244987.0 261677.0 250673.0 243222.0 250437.0 314160.0 279474.0 461202.0 290377.0 223354.0 247485.0 257328.0 280548.0 270020.0 280805.0 278522.0 245334.0 276718.0 276158.0
228 243605.0 234281.0 267880.0 225129.0 283874.0 258434.0 206667.0 293979.0 253952.0 212476.0 270703.0 308908.0 318949.0 210768.0 248719.0 240097.0 204360.0 208842.0 286114.0 263926.0 441962.0 273403.0 147027.0 199206.0 235628.0 240458.0 247217.0 264887.0 269812.0 192050.0 244739.0 241098.0
231 125764.0 180966.0 244546.0 157887.0 258115.0 244550.0 116329.0 254341.0 207642.0 130882.0 253513.0 300240.0 274111.0 137608.0 203638.0 201289.0 129902.0 126768.0 210924.0 211103.0 362177.0 227307.0 64442.0 115772.0 173602.0 161311.0 189380.0 216064.0 238448.0 110590.0 175835.0 170078.0
234 45537.0 93003.0 177490.0 69806.0 181725.0 200208.0 41135.0 157975.0 119659.0 49371.0 195967.0 264654.0 175797.0 57384.0 113911.0 120485.0 51980.0 47783.0 98026.0 116308.0 196561.0 132541.0 23115.0 43135.0 83820.0 69465.0 99162.0 126853.0 167265.0 41848.0 85289.0 81780.0
237 23126.0 33750.0 89327.0 24767.0 84813.0 118317.0 18656.0 64109.0 45762.0 20689.0 104111.0 178809.0 72023.0 22197.0 43378.0 48380.0 20849.0 19568.0 34637.0 43019.0 71029.0 53235.0 14773.0 19479.0 31577.0 26483.0 37847.0 51475.0 82080.0 18841.0 32833.0 31092.0
240 19005.0 17906.0 36405.0 16291.0 33974.0 51453.0 14510.0 27777.0 21167.0 15623.0 41697.0 84728.0 30440.0 14980.0 20611.0 21355.0 14716.0 14839.0 20777.0 21430.0 36722.0 24213.0 13150.0 15449.0 18198.0 17394.0 19763.0 23552.0 34724.0 14569.0 18837.0 18726.0
243 16920.0 14508.0 19356.0 13666.0 20363.0 22517.0 13247.0 19623.0 15638.0 13597.0 20863.0 33033.0 21240.0 12783.0 15972.0 15284.0 13087.0 12781.0 17001.0 16431.0 29809.0 17883.0 11827.0 13577.0 14858.0 14945.0 15803.0 16911.0 20031.0 12963.0 15298.0 15302.0
246 15648.0 12741.0 15695.0 12085.0 17400.0 17101.0 12023.0 16599.0 13623.0 12489.0 16773.0 21652.0 17933.0 11119.0 13681.0 13206.0 11925.0 11802.0 14741.0 14074.0 26570.0 14768.0 11094.0 12504.0 12724.0 13572.0 13528.0 14345.0 16543.0 11815.0 13518.0 13431.0
249 15158.0 11927.0 13592.0 11482.0 15301.0 14713.0 11444.0 14733.0 11982.0 11749.0 14355.0 18561.0 15868.0 10267.0 12094.0 11783.0 11247.0 10895.0 13715.0 12557.0 24566.0 13114.0 10564.0 11881.0 12144.0 12490.0 12238.0 13096.0 14489.0 11309.0 12348.0 12553.0
252 14689.0 11224.0 12691.0 10985.0 13912.0 13023.0 11112.0 13741.0 11207.0 11421.0 13256.0 16128.0 14906.0 9967.0 11507.0 10841.0 10819.0 10559.0 12883.0 11921.0 24229.0 12727.0 10268.0 11493.0 11388.0 12508.0 11798.0 12360.0 13560.0 10847.0 11579.0 12211.0
255 14366.0 11199.0 12142.0 10821.0 13486.0 12374.0 10818.0 13181.0 10983.0 11047.0 12295.0 15048.0 14437.0 9872.0 11162.0 10420.0 10554.0 10292.0 12489.0 11405.0 23242.0 12070.0 10250.0 11335.0 11032.0 12194.0 11220.0 11852.0 12857.0 10606.0 11357.0 11744.0
258 14340.0 11095.0 11654.0 10658.0 13167.0 11835.0 10668.0 13010.0 10745.0 11206.0 12072.0 14464.0 14293.0 9728.0 10934.0 10329.0 10194.0 10196.0 12444.0 11637.0 23223.0 12085.0 10145.0 11271.0 10831.0 11820.0 11143.0 11825.0 12539.0 10713.0 11275.0 11626.0
261 14094.0 10935.0 11771.0 10388.0 13038.0 11582.0 10529.0 12839.0 10663.0 10912.0 12018.0 14101.0 13778.0 9436.0 10894.0 10481.0 10376.0 10081.0 12103.0 11396.0 22789.0 11757.0 9654.0 11090.0 10905.0 11619.0 10897.0 11567.0 12415.0 10598.0 11221.0 11377.0
264 13873.0 10648.0 11607.0 10566.0 13138.0 11530.0 10572.0 12652.0 10520.0 10821.0 11952.0 14072.0 13767.0 9513.0 10775.0 10349.0 10132.0 9982.0 12169.0 11188.0 21958.0 11730.0 9777.0 10882.0 10738.0 11480.0 10838.0 11301.0 12087.0 10427.0 11022.0 11301.0
267 13684.0 10438.0 11191.0 10265.0 12786.0 11340.0 10389.0 12490.0 10382.0 10482.0 11878.0 13703.0 13319.0 9377.0 10320.0 9936.0 10164.0 9865.0 11788.0 11081.0 21677.0 11558.0 9507.0 10878.0 10501.0 11493.0 10812.0 11240.0 11950.0 10150.0 10848.0 10934.0
270 13281.0 10351.0 11072.0 10233.0 12805.0 11268.0 10181.0 12367.0 10274.0 10301.0 11733.0 13795.0 13231.0 9122.0 10450.0 9801.0 9983.0 9730.0 11425.0 10959.0 21146.0 11236.0 9362.0 10737.0 10523.0 11295.0 10410.0 10924.0 11955.0 9911.0 10566.0 10994.0
273 12945.0 10150.0 11125.0 9902.0 12557.0 11246.0 10170.0 12075.0 10172.0 10314.0 11436.0 13308.0 13249.0 8945.0 10089.0 9981.0 9780.0 9700.0 11533.0 10710.0 21009.0 11067.0 9115.0 10477.0 10023.0 11097.0 10526.0 10908.0 11946.0 9782.0 10229.0 10755.0
276 12685.0 10143.0 10787.0 9980.0 12207.0 10935.0 9910.0 12104.0 9847.0 10100.0 11281.0 13282.0 13021.0 8832.0 9946.0 9519.0 9668.0 9516.0 11259.0 10454.0 20725.0 10911.0 8947.0 10092.0 10036.0 10895.0 10235.0 10724.0 11449.0 9700.0 10349.0 10587.0
279 12212.0 9960.0 10720.0 9832.0 11845.0 10799.0 9616.0 11728.0 9764.0 10081.0 11252.0 13033.0 12787.0 8729.0 9975.0 9507.0 9379.0 9059.0 10982.0 10215.0 20311.0 10800.0 8811.0 10190.0 9944.0 10557.0 10118.0 10705.0 11498.0 9363.0 10028.0 10423.0
282 12354.0 9666.0 10588.0 9605.0 12071.0 10609.0 9347.0 11612.0 9633.0 9720.0 11042.0 13000.0 12589.0 8397.0 9723.0 9393.0 9234.0 8781.0 10918.0 10181.0 20228.0 10515.0 8363.0 9828.0 9725.0 10388.0 9859.0 10462.0 11191.0 9227.0 9879.0 10160.0
285 11851.0 9397.0 10220.0 9153.0 11662.0 10550.0 9015.0 11531.0 9366.0 9367.0 10751.0 12616.0 12275.0 8367.0 9365.0 9216.0 8944.0 8731.0 10446.0 9768.0 19753.0 10207.0 8123.0 9660.0 9425.0 10140.0 9555.0 10085.0 10913.0 8988.0 9498.0 9776.0
288 11072.0 9065.0 10123.0 8964.0 11281.0 10279.0 8666.0 11010.0 8858.0 9041.0 10560.0 12395.0 11656.0 8082.0 9517.0 8867.0 8639.0 8356.0 10244.0 9666.0 19011.0 9893.0 7216.0 9317.0 9105.0 9538.0 9332.0 9931.0 10593.0 8451.0 9261.0 9398.0
291 10026.0 8819.0 9960.0 8601.0 11172.0 10137.0 8007.0 10617.0 8915.0 8575.0 10358.0 12256.0 11539.0 7614.0 9054.0 8619.0 8271.0 7795.0 9741.0 9398.0 18098.0 9845.0 5860.0 8595.0 8608.0 9209.0 9016.0 9742.0 10708.0 7713.0 8655.0 8862.0
294 8222.0 8581.0 9450.0 7993.0 10715.0 9970.0 6629.0 10365.0 8584.0 7434.0 9933.0 11572.0 10897.0 6737.0 8539.0 8210.0 7318.0 6688.0 9188.0 8776.0 17498.0 9357.0 4069.0 7310.0 8137.0 7948.0 8421.0 9234.0 10249.0 6419.0 7850.0 7646.0
297 5519.0 7421.0 9283.0 6977.0 9901.0 9460.0 4514.0 9991.0 7897.0 5788.0 9593.0 11424.0 10484.0 5551.0 8124.0 7694.0 5853.0 5178.0 7778.0 7851.0 15877.0 8745.0 2278.0 5620.0 6885.0 6374.0 7687.0 8413.0 9716.0 4768.0 6630.0 6256.0
300 3301.0 6086.0 8408.0 5288.0 9474.0 9147.0 2518.0 8756.0 6443.0 3822.0 9068.0 10953.0 9066.0 3828.0 7047.0 6633.0 3985.0 3226.0 5858.0 6516.0 13241.0 7247.0 1080.0 3473.0 5156.0 4495.0 6106.0 7343.0 8878.0 2990.0 4827.0 4599.0
303 1760.0 4205.0 7151.0 3302.0 7809.0 8234.0 1305.0 7423.0 4907.0 1894.0 8079.0 10563.0 7148.0 2191.0 5303.0 5193.0 2288.0 1674.0 3495.0 4698.0 9229.0 5365.0 715.0 1833.0 3411.0 2703.0 4516.0 5394.0 7514.0 1601.0 3167.0 2852.0
306 1109.0 2521.0 5176.0 1776.0 5723.0 7174.0 843.0 5168.0 3095.0 1090.0 6662.0 9286.0 4752.0 1167.0 3503.0 3357.0 1146.0 950.0 1975.0 2746.0 4315.0 3412.0 630.0 1012.0 1782.0 1494.0 2659.0 3540.0 5732.0 880.0 1753.0 1500.0
309 891.0 1256.0 3338.0 984.0 3250.0 5397.0 663.0 2897.0 1456.0 780.0 4286.0 7586.0 2503.0 734.0 1742.0 1728.0 789.0 659.0 1013.0 1334.0 2174.0 1797.0 557.0 796.0 1039.0 885.0 1359.0 1860.0 3647.0 679.0 949.0 915.0
312 814.0 832.0 1787.0 740.0 1786.0 3326.0 610.0 1596.0 893.0 679.0 2465.0 5135.0 1366.0 632.0 971.0 1009.0 659.0 583.0 817.0 881.0 1336.0 1037.0 549.0 727.0 757.0 780.0 858.0 1069.0 2156.0 672.0 747.0 797.0
315 782.0 687.0 983.0 711.0 1203.0 1900.0 606.0 1057.0 737.0 683.0 1320.0 2980.0 995.0 515.0 747.0 759.0 603.0 507.0 672.0 741.0 1132.0 836.0 472.0 700.0 688.0 755.0 791.0 818.0 1309.0 625.0 680.0 755.0
318 756.0 671.0 843.0 621.0 923.0 1007.0 582.0 812.0 613.0 620.0 942.0 1568.0 865.0 512.0 666.0 628.0 597.0 517.0 623.0 717.0 1111.0 722.0 552.0 649.0 625.0 714.0 676.0 681.0 944.0 546.0 606.0 668.0
321 778.0 635.0 733.0 598.0 815.0 804.0 522.0 834.0 624.0 631.0 778.0 1092.0 794.0 458.0 633.0 600.0 566.0 542.0 679.0 652.0 1123.0 676.0 508.0 631.0 604.0 606.0 639.0 697.0 835.0 624.0 616.0 612.0
324 758.0 605.0 662.0 634.0 821.0 775.0 553.0 742.0 536.0 642.0 677.0 978.0 810.0 479.0 608.0 596.0 580.0 526.0 625.0 575.0 1079.0 637.0 495.0 610.0 569.0 632.0 635.0 614.0 792.0 561.0 606.0 633.0
327 735.0 598.0 645.0 647.0 802.0 741.0 577.0 758.0 528.0 611.0 735.0 873.0 798.0 527.0 582.0 519.0 553.0 491.0 630.0 608.0 1304.0 660.0 480.0 628.0 636.0 620.0 563.0 598.0 755.0 520.0 516.0 578.0
330 710.0 625.0 658.0 584.0 677.0 684.0 558.0 683.0 514.0 581.0 668.0 855.0 758.0 481.0 571.0 577.0 522.0 471.0 547.0 560.0 1285.0 570.0 465.0 556.0 590.0 624.0 597.0 619.0 709.0 504.0 539.0 557.0
333 696.0 602.0 667.0 582.0 812.0 695.0 519.0 706.0 546.0 569.0 669.0 817.0 762.0 467.0 584.0 538.0 541.0 477.0 585.0 561.0 1312.0 617.0 441.0 584.0 503.0 600.0 590.0 627.0 686.0 527.0 539.0 578.0
336 635.0 574.0 572.0 527.0 711.0 678.0 512.0 687.0 513.0 566.0 677.0 806.0 751.0 439.0 556.0 550.0 518.0 497.0 580.0 533.0 1267.0 578.0 437.0 624.0 558.0 590.0 549.0 562.0 719.0 483.0 539.0 578.0
339 669.0 589.0 670.0 563.0 735.0 617.0 444.0 638.0 513.0 556.0 640.0 835.0 746.0 450.0 527.0 548.0 523.0 464.0 516.0 544.0 1224.0 572.0 431.0 574.0 563.0 562.0 547.0 522.0 721.0 436.0 549.0 530.0
342 634.0 551.0 610.0 552.0 699.0 627.0 477.0 618.0 521.0 550.0 666.0 772.0 670.0 414.0 586.0 522.0 505.0 430.0 571.0 543.0 1175.0 582.0 400.0 547.0 472.0 582.0 517.0 561.0 664.0 498.0 488.0 536.0
345 610.0 600.0 567.0 509.0 711.0 637.0 508.0 592.0 460.0 521.0 656.0 762.0 688.0 402.0 517.0 516.0 507.0 467.0 544.0 524.0 1090.0 558.0 388.0 538.0 523.0 542.0 511.0 571.0 676.0 455.0 482.0 462.0
348 597.0 514.0 549.0 496.0 657.0 604.0 452.0 615.0 473.0 467.0 636.0 677.0 636.0 365.0 470.0 518.0 468.0 422.0 539.0 528.0 1123.0 540.0 357.0 479.0 468.0 502.0 519.0 519.0 644.0 442.0 461.0 464.0
351 521.0 519.0 553.0 489.0 686.0 605.0 367.0 623.0 418.0 451.0 587.0 669.0 642.0 380.0 462.0 463.0 451.0 391.0 481.0 505.0 1093.0 518.0 309.0 474.0 512.0 532.0 465.0 492.0 601.0 390.0 407.0 463.0
354 483.0 481.0 543.0 450.0 650.0 607.0 376.0 559.0 429.0 429.0 590.0 677.0 610.0 368.0 434.0 421.0 408.0 357.0 435.0 478.0 1055.0 534.0 231.0 431.0 455.0 424.0 457.0 476.0 596.0 373.0 413.0 461.0
357 411.0 473.0 504.0 436.0 603.0 599.0 312.0 534.0 386.0 357.0 606.0 689.0 607.0 343.0 438.0 459.0 394.0 327.0 429.0 432.0 977.0 468.0 145.0 374.0 368.0 409.0 445.0 423.0 578.0 340.0 420.0 353.0
360 298.0 415.0 520.0 384.0 602.0 555.0 242.0 527.0 406.0 335.0 568.0 694.0 529.0 266.0 453.0 410.0 308.0 260.0 372.0 410.0 830.0 423.0 89.0 309.0 328.0 333.0 389.0 395.0 541.0 225.0 302.0 303.0
363 190.0 347.0 434.0 305.0 519.0 519.0 163.0 502.0 340.0 218.0 548.0 678.0 473.0 223.0 376.0 378.0 267.0 227.0 283.0 355.0 756.0 398.0 48.0 220.0 333.0 263.0 342.0 394.0 516.0 191.0 267.0 252.0
366 136.0 278.0 422.0 212.0 467.0 473.0 85.0 467.0 286.0 140.0 487.0 600.0 431.0 145.0 346.0 284.0 183.0 130.0 251.0 263.0 638.0 322.0 33.0 128.0 234.0 171.0 284.0 350.0 507.0 101.0 198.0 190.0
369 78.0 205.0 382.0 138.0 417.0 464.0 49.0 329.0 234.0 77.0 451.0 633.0 348.0 81.0 260.0 244.0 114.0 51.0 136.0 197.0 360.0 265.0 36.0 84.0 144.0 112.0 214.0 269.0 426.0 69.0 138.0 106.0
372 57.0 132.0 250.0 89.0 296.0 397.0 34.0 299.0 147.0 45.0 351.0 520.0 237.0 68.0 205.0 169.0 61.0 42.0 80.0 124.0 209.0 175.0 41.0 47.0 91.0 81.0 143.0 175.0 339.0 37.0 88.0 60.0
375 61.0 74.0 208.0 60.0 202.0 382.0 36.0 210.0 90.0 50.0 314.0 468.0 154.0 41.0 123.0 119.0 40.0 40.0 55.0 81.0 187.0 119.0 33.0 49.0 52.0 57.0 77.0 131.0 256.0 36.0 52.0 51.0
378 51.0 45.0 131.0 45.0 132.0 266.0 39.0 111.0 60.0 43.0 187.0 359.0 107.0 31.0 74.0 75.0 41.0 33.0 44.0 58.0 126.0 75.0 22.0 46.0 60.0 43.0 55.0 66.0 166.0 31.0 46.0 47.0
381 49.0 42.0 73.0 34.0 89.0 175.0 35.0 75.0 38.0 56.0 117.0 254.0 75.0 35.0 39.0 58.0 38.0 35.0 28.0 40.0 122.0 48.0 31.0 43.0 36.0 51.0 43.0 52.0 117.0 37.0 31.0 49.0
384 44.0 53.0 60.0 45.0 59.0 94.0 45.0 63.0 37.0 39.0 83.0 164.0 51.0 30.0 46.0 38.0 41.0 26.0 41.0 36.0 84.0 44.0 32.0 52.0 40.0 44.0 44.0 42.0 73.0 37.0 51.0 37.0
387 41.0 49.0 42.0 41.0 57.0 80.0 36.0 43.0 37.0 33.0 69.0 108.0 51.0 31.0 54.0 43.0 36.0 37.0 35.0 38.0 93.0 41.0 25.0 35.0 39.0 37.0 42.0 39.0 69.0 43.0 35.0 36.0
390 36.0 49.0 43.0 45.0 52.0 65.0 28.0 39.0 27.0 23.0 67.0 72.0 46.0 27.0 35.0 30.0 37.0 26.0 27.0 37.0 99.0 44.0 34.0 38.0 51.0 39.0 33.0 41.0 57.0 27.0 39.0 36.0
393 38.0 44.0 37.0 36.0 63.0 68.0 36.0 39.0 26.0 31.0 46.0 56.0 46.0 27.0 37.0 35.0 35.0 30.0 35.0 38.0 83.0 40.0 32.0 27.0 30.0 32.0 31.0 47.0 59.0 31.0 30.0 46.0
396 36.0 41.0 41.0 27.0 53.0 60.0 22.0 44.0 32.0 33.0 46.0 59.0 42.0 24.0 37.0 32.0 33.0 28.0 39.0 42.0 78.0 42.0 36.0 32.0 33.0 45.0 40.0 39.0 55.0 38.0 30.0 42.0
399 33.0 39.0 44.0 43.0 37.0 46.0 28.0 52.0 42.0 33.0 37.0 55.0 42.0 29.0 35.0 32.0 31.0 38.0 31.0 36.0 78.0 38.0 21.0 37.0 29.0 34.0 33.0 46.0 60.0 25.0 33.0 23.0
402 35.0 38.0 29.0 38.0 54.0 44.0 22.0 44.0 32.0 31.0 36.0 43.0 39.0 20.0 29.0 29.0 34.0 20.0 27.0 28.0 78.0 31.0 21.0 29.0 37.0 36.0 38.0 49.0 53.0 26.0 30.0 35.0
405 37.0 39.0 36.0 31.0 46.0 40.0 22.0 25.0 28.0 41.0 40.0 34.0 41.0 16.0 30.0 21.0 17.0 21.0 28.0 27.0 79.0 34.0 19.0 31.0 34.0 35.0 40.0 32.0 37.0 24.0 25.0 35.0
408 39.0 34.0 34.0 36.0 45.0 44.0 24.0 38.0 32.0 36.0 35.0 41.0 48.0 23.0 40.0 33.0 24.0 21.0 30.0 28.0 93.0 40.0 18.0 32.0 30.0 34.0 26.0 39.0 42.0 30.0 27.0 29.0
411 36.0 40.0 46.0 23.0 51.0 43.0 19.0 54.0 34.0 26.0 40.0 51.0 46.0 22.0 30.0 21.0 34.0 19.0 29.0 32.0 80.0 33.0 10.0 22.0 29.0 35.0 31.0 36.0 42.0 29.0 22.0 19.0
414 29.0 35.0 31.0 37.0 41.0 36.0 24.0 28.0 31.0 16.0 30.0 46.0 34.0 19.0 29.0 31.0 19.0 20.0 24.0 28.0 68.0 27.0 10.0 19.0 31.0 27.0 34.0 32.0 37.0 23.0 28.0 23.0
417 21.0 33.0 32.0 27.0 39.0 43.0 20.0 35.0 33.0 16.0 33.0 48.0 30.0 17.0 23.0 35.0 28.0 24.0 22.0 24.0 73.0 29.0 5.0 26.0 19.0 18.0 26.0 26.0 38.0 28.0 11.0 23.0
420 11.0 25.0 31.0 21.0 52.0 38.0 13.0 28.0 24.0 13.0 27.0 52.0 30.0 13.0 27.0 24.0 18.0 11.0 26.0 16.0 65.0 23.0 4.0 16.0 27.0 18.0 22.0 32.0 37.0 16.0 20.0 30.0
423 13.0 19.0 26.0 20.0 36.0 43.0 9.0 25.0 24.0 15.0 39.0 53.0 30.0 10.0 25.0 19.0 20.0 13.0 16.0 22.0 53.0 20.0 5.0 15.0 16.0 14.0 18.0 29.0 38.0 14.0 20.0 13.0
426 4.0 18.0 17.0 16.0 28.0 32.0 6.0 27.0 18.0 10.0 41.0 39.0 20.0 10.0 29.0 21.0 12.0 14.0 20.0 15.0 51.0 20.0 3.0 10.0 17.0 7.0 16.0 22.0 33.0 11.0 13.0 11.0
429 4.0 11.0 14.0 16.0 34.0 36.0 3.0 25.0 12.0 10.0 25.0 37.0 23.0 5.0 8.0 18.0 5.0 3.0 14.0 7.0 29.0 20.0 4.0 5.0 13.0 5.0 13.0 22.0 30.0 4.0 4.0 10.0
432 2.0 12.0 20.0 8.0 15.0 31.0 4.0 23.0 11.0 3.0 24.0 40.0 24.0 5.0 16.0 18.0 5.0 4.0 9.0 12.0 22.0 13.0 2.0 3.0 2.0 12.0 9.0 14.0 29.0 5.0 4.0 10.0
435 2.0 12.0 13.0 6.0 13.0 26.0 0.0 17.0 5.0 2.0 24.0 33.0 15.0 2.0 12.0 18.0 8.0 2.0 9.0 9.0 15.0 9.0 3.0 3.0 7.0 5.0 4.0 8.0 22.0 0.0 5.0 3.0
438 3.0 4.0 19.0 3.0 9.0 18.0 3.0 14.0 6.0 1.0 25.0 28.0 14.0 1.0 4.0 7.0 2.0 2.0 4.0 2.0 10.0 5.0 5.0 3.0 0.0 7.0 2.0 4.0 20.0 3.0 2.0 3.0
441 4.0 6.0 7.0 4.0 6.0 13.0 0.0 9.0 4.0 5.0 13.0 21.0 2.0 2.0 4.0 2.0 0.0 1.0 3.0 2.0 10.0 3.0 3.0 3.0 5.0 6.0 5.0 2.0 6.0 1.0 2.0 1.0
444 2.0 2.0 3.0 1.0 7.0 14.0 1.0 15.0 3.0 4.0 7.0 15.0 3.0 1.0 3.0 1.0 2.0 0.0 2.0 2.0 10.0 2.0 4.0 5.0 2.0 4.0 4.0 1.0 8.0 5.0 1.0 2.0
447 3.0 4.0 3.0 3.0 10.0 4.0 5.0 6.0 2.0 1.0 7.0 15.0 4.0 2.0 6.0 5.0 5.0 2.0 2.0 1.0 3.0 3.0 5.0 4.0 6.0 3.0 4.0 2.0 6.0 1.0 3.0 6.0
