150 18751877.0 18732896.0 18732283.0 18692357.0 18724186.0 18665025.0 18713621.0 18688335.0 18701996.0 18686755.0 18711487.0 18693048.0 18709419.0 18716200.0 18709709.0 18688402.0 18708334.0 18709598.0 18684541.0 18706488.0 18691448.0 18704679.0 18654175.0 18655009.0 18686537.0 18700585.0 18673775.0 18694361.0 18681573.0 18700347.0 18708451.0 18708129.0
153 19162525.0 19150162.0 19149453.0 19114050.0 19140661.0 19085737.0 19134635.0 19110549.0 19124078.0 19107749.0 19133428.0 19113550.0 19134291.0 19141346.0 19139264.0 19111067.0 19143266.0 19138205.0 19112836.0 19135879.0 19114615.0 19132736.0 19072099.0 19081098.0 19110383.0 19129127.0 19097185.0 19123615.0 19105560.0 19132885.0 19135371.0 19132726.0
156 19566526.0 19555954.0 19556422.0 19535887.0 19551074.0 19508785.0 19545993.0 19532961.0 19537331.0 19529648.0 19545146.0 19535000.0 19543075.0 19549041.0 19548208.0 19524202.0 19549357.0 19550608.0 19529061.0 19551098.0 19534382.0 19546705.0 19491194.0 19507187.0 19530665.0 19545545.0 19518490.0 19543361.0 19527395.0 19547271.0 19550261.0 19549636.0
159 19826403.0 19817632.0 19819747.0 19799368.0 19816018.0 19776332.0 19809903.0 19798460.0 19801602.0 19795436.0 19809823.0 19799708.0 19806408.0 19811309.0 19807037.0 19791037.0 19804352.0 19811647.0 19792664.0 19814154.0 19804347.0 19812444.0 19763600.0 19776998.0 19801509.0 19812529.0 19789131.0 19810579.0 19798703.0 19812758.0 19817260.0 19817294.0
162 20110082.0 20101855.0 20104331.0 20079628.0 20100730.0 20051829.0 20094835.0 20074785.0 20084341.0 20071456.0 20092734.0 20078324.0 20089570.0 20093743.0 20088060.0 20074798.0 20086975.0 20092522.0 20073507.0 20093773.0 20084503.0 20091562.0 20038781.0 20051352.0 20081774.0 20090424.0 20068245.0 20087818.0 20078182.0 20088826.0 20094928.0 20095157.0
165 20191337.0 20178703.0 20182819.0 20139759.0 20178139.0 20088990.0 20172070.0 20121474.0 20155522.0 20118154.0 20170359.0 20144045.0 20170821.0 20174322.0 20169558.0 20165661.0 20169573.0 20173487.0 20157550.0 20174295.0 20160631.0 20173465.0 20092221.0 20125718.0 20161658.0 20167457.0 20138289.0 20163034.0 20153637.0 20165692.0 20171910.0 20171904.0
168 19656291.0 19572841.0 19601340.0 19059984.0 19545335.0 18658710.0 19518131.0 18691803.0 19308944.0 18702472.0 19374436.0 18814330.0 19364468.0 19365930.0 19378658.0 19123754.0 19468256.0 19271810.0 19431767.0 19294338.0 18905990.0 19185767.0 18767427.0 19145528.0 18978133.0 19178669.0 18874099.0 19155953.0 18899583.0 19216670.0 19292991.0 19273472.0
171 11678236.0 11402549.0 11525497.0 10955319.0 11339780.0 10679448.0 11319840.0 10661084.0 10959852.0 10734337.0 11055587.0 10840639.0 11044582.0 11074658.0 11165771.0 11291049.0 11308343.0 10956776.0 11341016.0 11023072.0 10929472.0 10832538.0 10865408.0 10907653.0 11045060.0 10809893.0 10896876.0 10782828.0 10851669.0 10883812.0 11015073.0 10928642.0
174 8412035.0 8390324.0 8491179.0 8551499.0 8490238.0 8253361.0 8636945.0 8222592.0 8353051.0 8308913.0 8460123.0 8407385.0 8427387.0 8480348.0 8598512.0 8968524.0 8762491.0 8353906.0 8794866.0 8433414.0 8533791.0 8182979.0 8486377.0 8328758.0 8671559.0 8138609.0 8513650.0 8114087.0 8425945.0 8221607.0 8345159.0 8220371.0
177 6829046.0 6827703.0 6949712.0 7290724.0 6977246.0 6998697.0 7179645.0 6953890.0 6921169.0 7050110.0 7025521.0 7126746.0 6981379.0 7059127.0 7202254.0 7807830.0 7375697.0 6967252.0 7433183.0 7066758.0 7316119.0 6813742.0 7290252.0 7017682.0 7480860.0 6780652.0 7342895.0 6775789.0 7234508.0 6864409.0 6976336.0 6833939.0
180 138637.0 144606.0 137032.0 159760.0 148113.0 237907.0 159479.0 143748.0 172120.0 158090.0 153223.0 149022.0 177550.0 154893.0 169005.0 226562.0 211017.0 150750.0 268760.0 147375.0 139885.0 150477.0 279838.0 335843.0 174923.0 142104.0 194178.0 160258.0 167488.0 166872.0 154242.0 140423.0
183 132710.0 136501.0 120088.0 135284.0 126591.0 225487.0 128690.0 132500.0 159923.0 141195.0 137333.0 128746.0 161044.0 134643.0 143226.0 151101.0 168547.0 125250.0 229075.0 117842.0 110109.0 139380.0 247937.0 311426.0 122352.0 130970.0 157995.0 142600.0 133722.0 144588.0 123903.0 123413.0
186 133047.0 137442.0 120122.0 135703.0 126362.0 227157.0 128660.0 132844.0 159767.0 141891.0 136871.0 128465.0 161009.0 134940.0 142556.0 150079.0 177427.0 125177.0 219914.0 118324.0 109326.0 138708.0 245044.0 293527.0 121089.0 130844.0 156386.0 142944.0 132497.0 144836.0 123325.0 123294.0
189 132606.0 137850.0 120314.0 135480.0 126541.0 224733.0 128295.0 132867.0 159644.0 141284.0 136155.0 128430.0 159674.0 134604.0 142885.0 149435.0 176931.0 125526.0 220895.0 118569.0 109609.0 138597.0 234298.0 309847.0 121733.0 131244.0 157379.0 143035.0 133024.0 145383.0 123375.0 123977.0
192 132131.0 136920.0 121123.0 136184.0 126783.0 224824.0 128596.0 132511.0 159304.0 141158.0 136472.0 128320.0 158883.0 134624.0 143556.0 149700.0 169027.0 125658.0 220119.0 118058.0 109464.0 139352.0 246960.0 308799.0 120783.0 130779.0 157221.0 143461.0 132618.0 144352.0 123642.0 123372.0
195 132139.0 136213.0 119962.0 135504.0 126476.0 223514.0 127646.0 132471.0 159383.0 141426.0 136752.0 128630.0 158838.0 134730.0 143621.0 150405.0 176176.0 125414.0 220664.0 118076.0 108709.0 139284.0 246458.0 308174.0 121221.0 130786.0 156860.0 142696.0 132741.0 144128.0 123119.0 123541.0
198 131417.0 136605.0 119059.0 134288.0 126086.0 222929.0 127399.0 132160.0 158507.0 140167.0 137221.0 128548.0 158070.0 133610.0 142368.0 149982.0 175560.0 124919.0 220412.0 117235.0 109044.0 137923.0 248601.0 309597.0 120592.0 130078.0 156434.0 143160.0 132388.0 143598.0 122955.0 123606.0
201 131509.0 136466.0 119652.0 134731.0 125649.0 221727.0 128046.0 132112.0 158196.0 140000.0 135779.0 127653.0 159838.0 133481.0 142341.0 149762.0 169691.0 124447.0 218730.0 117701.0 108898.0 137930.0 247157.0 309710.0 120995.0 129252.0 156202.0 141892.0 131878.0 143326.0 122388.0 122707.0
204 131109.0 136655.0 118041.0 133856.0 125493.0 221962.0 127235.0 131254.0 157089.0 140140.0 135295.0 126516.0 161481.0 133289.0 141535.0 149511.0 167991.0 123200.0 218250.0 116970.0 108709.0 137769.0 244448.0 306411.0 119897.0 130065.0 155865.0 141773.0 131439.0 142971.0 122644.0 122225.0
207 130882.0 136029.0 118917.0 133007.0 126094.0 221416.0 127552.0 131754.0 158010.0 139294.0 136390.0 127056.0 160343.0 132596.0 142133.0 148680.0 175342.0 123188.0 218190.0 116701.0 108427.0 137595.0 244699.0 306466.0 120099.0 129395.0 155528.0 142029.0 130920.0 142801.0 122355.0 122916.0
210 130161.0 134812.0 118343.0 133769.0 125395.0 222766.0 126995.0 131400.0 156660.0 140059.0 134701.0 126893.0 160672.0 131725.0 141086.0 148510.0 167105.0 123231.0 217593.0 116215.0 107674.0 137309.0 242790.0 309426.0 120002.0 128658.0 155032.0 139927.0 130946.0 142314.0 122510.0 121912.0
213 129876.0 135300.0 117612.0 133860.0 123958.0 219423.0 126487.0 130667.0 156441.0 139252.0 134984.0 126186.0 159947.0 132195.0 140760.0 148059.0 168939.0 122859.0 216301.0 116195.0 107996.0 137456.0 241747.0 306549.0 119647.0 129034.0 154579.0 139115.0 130604.0 142517.0 121611.0 121125.0
216 130221.0 134250.0 117435.0 132115.0 124509.0 216518.0 125374.0 130098.0 155831.0 139365.0 134137.0 125724.0 159160.0 131690.0 140621.0 147546.0 178962.0 122597.0 214728.0 115358.0 108084.0 135863.0 242628.0 299390.0 118323.0 128009.0 153560.0 138084.0 129562.0 141486.0 121042.0 121052.0
219 126055.0 132945.0 116051.0 131649.0 123726.0 215719.0 125466.0 128609.0 154406.0 138524.0 132854.0 125477.0 157308.0 131088.0 140164.0 146540.0 170988.0 122126.0 211906.0 115595.0 106585.0 135015.0 239461.0 300921.0 117372.0 126992.0 152753.0 136942.0 128696.0 140520.0 120130.0 119953.0
222 112276.0 130104.0 113577.0 130090.0 121483.0 206050.0 123875.0 128359.0 154661.0 137456.0 131600.0 124768.0 154186.0 128312.0 139483.0 146801.0 175827.0 119925.0 209427.0 111795.0 104987.0 129411.0 238340.0 298239.0 116091.0 126187.0 150650.0 132752.0 126203.0 138713.0 118770.0 117244.0
225 68033.0 108393.0 95739.0 119247.0 109522.0 155098.0 115344.0 118672.0 150725.0 132917.0 120791.0 121397.0 130453.0 113591.0 136532.0 143168.0 145407.0 108077.0 199022.0 96099.0 91646.0 104045.0 225176.0 281211.0 102312.0 120211.0 137216.0 114057.0 110542.0 125285.0 110681.0 103509.0
228 27212.0 66802.0 60331.0 87284.0 80188.0 79542.0 88371.0 93118.0 134155.0 115635.0 91304.0 109324.0 85302.0 83761.0 123434.0 134122.0 96578.0 79483.0 126366.0 64068.0 62910.0 61250.0 170803.0 226747.0 71023.0 98817.0 102889.0 81849.0 77936.0 93969.0 87456.0 74948.0
231 9751.0 26773.0 24843.0 42219.0 39835.0 26799.0 46542.0 51626.0 93354.0 79227.0 46093.0 75815.0 37373.0 42724.0 89351.0 102729.0 40134.0 41467.0 47087.0 27756.0 27817.0 22502.0 97865.0 122793.0 32548.0 57219.0 52393.0 42372.0 35548.0 47725.0 48236.0 37043.0
234 6544.0 10392.0 8926.0 14015.0 13696.0 12620.0 16059.0 18582.0 42329.0 35778.0 15575.0 33495.0 13560.0 15284.0 41206.0 53320.0 14109.0 14429.0 15374.0 9369.0 9242.0 9116.0 37431.0 39223.0 10889.0 20225.0 17683.0 15918.0 11965.0 16297.0 16870.0 12907.0
237 5763.0 7316.0 6027.0 7853.0 6997.0 10140.0 7885.0 8295.0 15416.0 13267.0 8188.0 11912.0 8803.0 7712.0 14363.0 19632.0 10002.0 7369.0 11150.0 6163.0 5851.0 6790.0 18233.0 18811.0 6114.0 9088.0 9060.0 8262.0 6917.0 8571.0 7544.0 7105.0
240 5215.0 6335.0 4981.0 6434.0 5883.0 8873.0 6404.0 6536.0 10120.0 8226.0 6752.0 7541.0 7438.0 6276.0 8718.0 10148.0 8287.0 5968.0 10271.0 5109.0 4881.0 6157.0 14531.0 15571.0 5270.0 7097.0 7524.0 6882.0 5993.0 7281.0 5990.0 5975.0
243 4890.0 5725.0 4592.0 5741.0 5402.0 8191.0 5631.0 5541.0 8107.0 6659.0 5969.0 6330.0 6745.0 5690.0 7086.0 8015.0 7625.0 5162.0 9083.0 4605.0 4512.0 5507.0 13148.0 13442.0 4711.0 6102.0 6895.0 6209.0 5438.0 6553.0 5274.0 5359.0
246 4839.0 5446.0 4367.0 5428.0 4776.0 7894.0 5265.0 5230.0 7306.0 5860.0 5525.0 5583.0 6166.0 5229.0 6592.0 6486.0 6981.0 4712.0 8547.0 4297.0 4189.0 5267.0 11631.0 12185.0 4281.0 5579.0 6401.0 5833.0 5039.0 6138.0 4754.0 5050.0
249 4744.0 5321.0 4178.0 5277.0 4640.0 7610.0 4896.0 4884.0 6804.0 5547.0 5265.0 5104.0 6050.0 4764.0 5981.0 5666.0 6572.0 4372.0 8260.0 4152.0 4076.0 5043.0 11089.0 11611.0 4082.0 5483.0 5898.0 5567.0 4862.0 5907.0 4640.0 4824.0
252 4718.0 5379.0 4148.0 5067.0 4617.0 7328.0 4819.0 4764.0 6586.0 5158.0 5088.0 4933.0 5837.0 4798.0 5684.0 5632.0 6325.0 4281.0 8032.0 4072.0 3855.0 4950.0 10641.0 11600.0 3966.0 5170.0 5871.0 5362.0 4748.0 5713.0 4342.0 4685.0
255 4615.0 5196.0 4116.0 4997.0 4530.0 7228.0 4817.0 4771.0 6399.0 5166.0 5185.0 4787.0 5951.0 4823.0 5796.0 5425.0 6647.0 4404.0 7961.0 4024.0 3951.0 4833.0 10802.0 11498.0 3977.0 5138.0 5760.0 5451.0 4617.0 5674.0 4385.0 4670.0
258 4476.0 5211.0 4045.0 4922.0 4525.0 7504.0 4739.0 4605.0 6320.0 5091.0 4982.0 4728.0 5681.0 4722.0 5594.0 5700.0 6639.0 4228.0 7941.0 4032.0 3976.0 4986.0 10732.0 11207.0 3986.0 5233.0 5673.0 5450.0 4763.0 5702.0 4324.0 4641.0
261 4421.0 5010.0 4109.0 4957.0 4496.0 7140.0 4751.0 4585.0 6252.0 4988.0 4998.0 4754.0 5794.0 4577.0 5540.0 5674.0 6120.0 4202.0 7874.0 3900.0 3802.0 4972.0 10560.0 10642.0 3919.0 5150.0 5725.0 5347.0 4575.0 5635.0 4296.0 4507.0
264 4408.0 4974.0 4025.0 5110.0 4432.0 6901.0 4640.0 4588.0 6019.0 4992.0 4992.0 4640.0 5508.0 4646.0 5625.0 5764.0 6232.0 4257.0 7730.0 3826.0 3781.0 4738.0 10259.0 10945.0 3820.0 5003.0 5404.0 5218.0 4492.0 5650.0 4243.0 4677.0
267 4318.0 4980.0 3926.0 4637.0 4321.0 7240.0 4616.0 4457.0 6161.0 4859.0 4633.0 4630.0 5428.0 4546.0 5387.0 5686.0 6024.0 4174.0 7865.0 3866.0 3748.0 4802.0 10092.0 10007.0 3719.0 4824.0 5496.0 5134.0 4423.0 5424.0 4198.0 4550.0
270 4248.0 4875.0 3865.0 4716.0 4326.0 6937.0 4566.0 4374.0 6047.0 4961.0 4697.0 4454.0 5411.0 4357.0 5300.0 5546.0 6199.0 4059.0 7456.0 3876.0 3706.0 4733.0 9851.0 10366.0 3743.0 4938.0 5345.0 5157.0 4363.0 5410.0 4060.0 4361.0
273 4111.0 4774.0 3850.0 4542.0 4325.0 6809.0 4438.0 4282.0 5987.0 4899.0 4691.0 4303.0 5168.0 4208.0 5215.0 5532.0 5894.0 4089.0 7483.0 3729.0 3547.0 4592.0 9930.0 10293.0 3605.0 4808.0 5306.0 5123.0 4257.0 5454.0 4056.0 4337.0
276 3959.0 4744.0 3783.0 4607.0 4040.0 6728.0 4364.0 4312.0 5911.0 4744.0 4606.0 4539.0 5253.0 4106.0 5308.0 5497.0 6027.0 4000.0 7282.0 3608.0 3675.0 4447.0 9815.0 10140.0 3595.0 4767.0 5207.0 4994.0 4242.0 5282.0 4079.0 4262.0
279 3955.0 4673.0 3655.0 4470.0 4058.0 6281.0 4324.0 4156.0 5813.0 4563.0 4465.0 4396.0 4967.0 4093.0 5238.0 5344.0 5829.0 3851.0 7284.0 3566.0 3600.0 4383.0 9577.0 10010.0 3488.0 4535.0 5055.0 4842.0 4239.0 5246.0 3975.0 4146.0
282 3704.0 4523.0 3600.0 4172.0 3920.0 6250.0 4276.0 4155.0 5594.0 4545.0 4659.0 4344.0 4878.0 4139.0 5080.0 5219.0 5475.0 3804.0 6943.0 3577.0 3471.0 4207.0 9517.0 9731.0 3455.0 4558.0 5135.0 4611.0 4043.0 5069.0 3840.0 4118.0
285 3428.0 4324.0 3358.0 4229.0 3868.0 5604.0 4118.0 3988.0 5568.0 4539.0 4248.0 4259.0 4721.0 4149.0 4864.0 5152.0 5228.0 3762.0 6667.0 3502.0 3315.0 4080.0 9185.0 9534.0 3436.0 4533.0 4889.0 4626.0 3939.0 4950.0 3801.0 3990.0
288 2672.0 4187.0 3126.0 4058.0 3707.0 4953.0 3927.0 3871.0 5368.0 4354.0 4115.0 4180.0 4551.0 3893.0 4902.0 5022.0 5028.0 3510.0 6071.0 3223.0 3171.0 3835.0 8714.0 9226.0 3128.0 4341.0 4632.0 4416.0 3715.0 4756.0 3658.0 3633.0
291 1787.0 3280.0 2561.0 3668.0 3383.0 3925.0 3587.0 3614.0 5146.0 4249.0 3889.0 4058.0 3850.0 3552.0 4716.0 4852.0 4290.0 3208.0 5363.0 2809.0 2699.0 3361.0 8403.0 8439.0 2768.0 4220.0 4257.0 4093.0 3326.0 4451.0 3403.0 3423.0
294 939.0 2476.0 2035.0 2947.0 2733.0 2580.0 3132.0 3233.0 4886.0 3926.0 3454.0 3664.0 3023.0 3008.0 4518.0 4643.0 3332.0 2703.0 3929.0 2227.0 2192.0 2552.0 7535.0 7485.0 2114.0 3737.0 3668.0 3299.0 2668.0 3741.0 2966.0 2819.0
297 480.0 1591.0 1225.0 2057.0 1971.0 1345.0 2220.0 2524.0 4432.0 3451.0 2629.0 3387.0 1920.0 2251.0 4138.0 4277.0 2098.0 1933.0 2208.0 1429.0 1392.0 1407.0 6093.0 6019.0 1395.0 3149.0 2510.0 2347.0 1830.0 2746.0 2294.0 2045.0
300 288.0 773.0 643.0 1218.0 1186.0 664.0 1406.0 1704.0 3420.0 2740.0 1586.0 2793.0 1159.0 1454.0 3511.0 3478.0 1088.0 1268.0 1093.0 737.0 774.0 741.0 4351.0 3858.0 700.0 2242.0 1479.0 1441.0 1030.0 1728.0 1637.0 1229.0
303 285.0 455.0 370.0 646.0 592.0 497.0 704.0 966.0 2394.0 1958.0 853.0 1853.0 605.0 864.0 2557.0 2515.0 492.0 702.0 594.0 359.0 410.0 411.0 2531.0 2050.0 392.0 1306.0 786.0 822.0 543.0 844.0 799.0 657.0
306 256.0 332.0 255.0 379.0 354.0 380.0 375.0 542.0 1401.0 1221.0 433.0 1180.0 389.0 451.0 1632.0 1645.0 437.0 390.0 518.0 276.0 284.0 313.0 1327.0 1092.0 272.0 714.0 453.0 530.0 347.0 529.0 430.0 390.0
309 240.0 311.0 211.0 299.0 303.0 374.0 331.0 325.0 779.0 634.0 350.0 570.0 302.0 294.0 818.0 804.0 381.0 273.0 498.0 211.0 215.0 284.0 833.0 750.0 218.0 417.0 398.0 381.0 289.0 410.0 319.0 304.0
312 255.0 281.0 215.0 288.0 270.0 372.0 291.0 272.0 488.0 398.0 281.0 355.0 307.0 278.0 438.0 473.0 396.0 245.0 460.0 211.0 224.0 281.0 702.0 676.0 209.0 343.0 360.0 342.0 288.0 362.0 261.0 271.0
315 197.0 280.0 197.0 292.0 245.0 359.0 244.0 235.0 394.0 326.0 284.0 283.0 272.0 235.0 409.0 370.0 344.0 214.0 442.0 208.0 204.0 247.0 708.0 603.0 197.0 317.0 296.0 289.0 250.0 354.0 226.0 255.0
318 239.0 301.0 211.0 259.0 257.0 379.0 268.0 242.0 374.0 321.0 274.0 284.0 290.0 253.0 358.0 340.0 379.0 205.0 507.0 215.0 220.0 275.0 639.0 621.0 208.0 311.0 303.0 273.0 258.0 309.0 240.0 299.0
321 212.0 241.0 217.0 255.0 212.0 365.0 232.0 254.0 327.0 289.0 253.0 283.0 263.0 224.0 327.0 318.0 360.0 210.0 450.0 198.0 184.0 247.0 606.0 516.0 184.0 290.0 307.0 320.0 214.0 322.0 213.0 245.0
324 213.0 262.0 195.0 277.0 216.0 309.0 278.0 231.0 353.0 281.0 279.0 237.0 255.0 226.0 289.0 287.0 341.0 203.0 461.0 184.0 204.0 246.0 586.0 590.0 173.0 321.0 289.0 270.0 210.0 331.0 215.0 244.0
327 221.0 314.0 217.0 275.0 226.0 302.0 250.0 224.0 346.0 258.0 262.0 225.0 266.0 239.0 321.0 267.0 324.0 194.0 352.0 189.0 223.0 232.0 592.0 547.0 212.0 298.0 276.0 280.0 206.0 275.0 220.0 227.0
330 207.0 287.0 189.0 228.0 220.0 312.0 263.0 224.0 341.0 282.0 240.0 250.0 251.0 211.0 325.0 270.0 262.0 180.0 366.0 216.0 184.0 254.0 574.0 533.0 169.0 283.0 261.0 319.0 214.0 280.0 235.0 237.0
333 181.0 254.0 203.0 243.0 226.0 273.0 233.0 223.0 317.0 247.0 247.0 223.0 275.0 205.0 306.0 289.0 297.0 175.0 350.0 196.0 205.0 228.0 511.0 509.0 161.0 268.0 276.0 274.0 219.0 289.0 234.0 225.0
336 185.0 236.0 167.0 232.0 209.0 314.0 245.0 206.0 348.0 247.0 248.0 229.0 253.0 265.0 300.0 302.0 318.0 188.0 389.0 192.0 184.0 224.0 532.0 505.0 154.0 277.0 281.0 246.0 219.0 299.0 208.0 230.0
339 205.0 243.0 184.0 229.0 182.0 304.0 247.0 202.0 323.0 212.0 235.0 213.0 263.0 210.0 301.0 282.0 276.0 201.0 352.0 193.0 166.0 222.0 553.0 491.0 154.0 262.0 281.0 283.0 232.0 258.0 206.0 225.0
342 196.0 232.0 145.0 240.0 173.0 287.0 222.0 205.0 283.0 229.0 210.0 226.0 237.0 200.0 287.0 272.0 265.0 202.0 308.0 190.0 175.0 224.0 544.0 504.0 169.0 256.0 252.0 219.0 199.0 281.0 205.0 195.0
345 155.0 236.0 133.0 211.0 163.0 279.0 228.0 188.0 314.0 245.0 227.0 226.0 250.0 194.0 311.0 278.0 245.0 169.0 307.0 155.0 176.0 198.0 486.0 451.0 143.0 253.0 240.0 230.0 179.0 252.0 203.0 183.0
348 134.0 210.0 155.0 180.0 190.0 212.0 206.0 193.0 287.0 214.0 226.0 222.0 197.0 200.0 274.0 289.0 244.0 176.0 325.0 162.0 155.0 206.0 472.0 458.0 141.0 252.0 274.0 233.0 177.0 253.0 184.0 207.0
351 120.0 186.0 129.0 193.0 171.0 223.0 176.0 186.0 286.0 224.0 232.0 203.0 225.0 211.0 255.0 254.0 221.0 176.0 279.0 137.0 136.0 189.0 441.0 456.0 147.0 252.0 215.0 237.0 173.0 220.0 172.0 209.0
354 75.0 141.0 105.0 174.0 152.0 165.0 185.0 196.0 282.0 230.0 196.0 186.0 188.0 155.0 269.0 220.0 199.0 131.0 243.0 127.0 131.0 172.0 437.0 397.0 123.0 218.0 179.0 189.0 149.0 224.0 172.0 147.0
357 55.0 136.0 89.0 144.0 131.0 128.0 140.0 172.0 255.0 179.0 187.0 194.0 120.0 143.0 258.0 247.0 140.0 129.0 167.0 95.0 111.0 108.0 380.0 370.0 112.0 195.0 172.0 187.0 139.0 200.0 145.0 146.0
360 25.0 76.0 67.0 113.0 100.0 61.0 154.0 128.0 252.0 169.0 151.0 169.0 103.0 142.0 208.0 236.0 99.0 96.0 121.0 70.0 65.0 97.0 319.0 303.0 78.0 179.0 150.0 122.0 80.0 129.0 133.0 105.0
363 19.0 63.0 29.0 93.0 79.0 44.0 90.0 102.0 216.0 169.0 117.0 156.0 70.0 85.0 219.0 189.0 69.0 83.0 67.0 43.0 43.0 56.0 293.0 208.0 33.0 159.0 78.0 100.0 54.0 117.0 77.0 75.0
366 11.0 31.0 26.0 49.0 50.0 22.0 58.0 69.0 151.0 151.0 68.0 148.0 42.0 52.0 183.0 177.0 43.0 54.0 34.0 19.0 30.0 29.0 209.0 143.0 17.0 98.0 63.0 81.0 34.0 77.0 54.0 48.0
369 9.0 21.0 12.0 27.0 32.0 24.0 38.0 65.0 138.0 106.0 39.0 108.0 25.0 31.0 162.0 147.0 34.0 27.0 35.0 19.0 21.0 22.0 136.0 100.0 16.0 62.0 47.0 49.0 21.0 48.0 40.0 43.0
372 14.0 24.0 14.0 13.0 13.0 17.0 21.0 23.0 92.0 70.0 32.0 71.0 26.0 21.0 104.0 106.0 23.0 21.0 29.0 12.0 19.0 19.0 97.0 63.0 7.0 59.0 30.0 31.0 23.0 35.0 24.0 26.0
375 11.0 15.0 20.0 20.0 19.0 18.0 15.0 14.0 53.0 37.0 23.0 35.0 11.0 15.0 60.0 59.0 18.0 17.0 25.0 14.0 19.0 14.0 57.0 50.0 17.0 15.0 30.0 31.0 21.0 21.0 15.0 13.0
378 8.0 19.0 8.0 16.0 15.0 18.0 17.0 17.0 28.0 23.0 14.0 30.0 15.0 17.0 42.0 27.0 24.0 14.0 20.0 11.0 11.0 17.0 47.0 34.0 15.0 31.0 24.0 24.0 21.0 31.0 18.0 13.0
381 16.0 10.0 8.0 10.0 17.0 19.0 16.0 15.0 34.0 32.0 19.0 24.0 13.0 9.0 17.0 22.0 21.0 17.0 22.0 13.0 12.0 13.0 29.0 29.0 12.0 23.0 21.0 21.0 20.0 16.0 16.0 18.0
384 14.0 18.0 10.0 19.0 13.0 18.0 18.0 14.0 30.0 13.0 23.0 24.0 9.0 13.0 26.0 22.0 17.0 12.0 26.0 8.0 14.0 10.0 40.0 33.0 10.0 18.0 19.0 21.0 19.0 24.0 13.0 18.0
387 7.0 9.0 12.0 22.0 21.0 26.0 14.0 14.0 19.0 16.0 18.0 15.0 13.0 17.0 26.0 23.0 26.0 10.0 20.0 12.0 10.0 20.0 35.0 35.0 11.0 20.0 16.0 20.0 8.0 21.0 10.0 13.0
390 15.0 18.0 11.0 11.0 13.0 12.0 22.0 6.0 24.0 21.0 17.0 21.0 13.0 11.0 21.0 13.0 23.0 9.0 19.0 9.0 5.0 12.0 29.0 28.0 14.0 20.0 22.0 16.0 15.0 29.0 12.0 14.0
393 3.0 21.0 8.0 22.0 15.0 14.0 28.0 7.0 18.0 17.0 18.0 13.0 17.0 23.0 19.0 6.0 23.0 11.0 26.0 8.0 14.0 6.0 33.0 45.0 15.0 14.0 15.0 18.0 13.0 23.0 14.0 17.0
396 10.0 9.0 9.0 22.0 13.0 12.0 19.0 11.0 27.0 17.0 13.0 15.0 17.0 12.0 19.0 15.0 10.0 9.0 14.0 9.0 8.0 10.0 35.0 46.0 6.0 15.0 16.0 12.0 11.0 15.0 20.0 14.0
399 7.0 13.0 9.0 14.0 11.0 20.0 15.0 17.0 27.0 11.0 15.0 19.0 13.0 16.0 24.0 14.0 17.0 12.0 24.0 9.0 13.0 12.0 41.0 32.0 9.0 13.0 19.0 13.0 16.0 18.0 19.0 21.0
402 11.0 8.0 14.0 8.0 9.0 8.0 15.0 20.0 23.0 15.0 15.0 15.0 15.0 17.0 19.0 18.0 17.0 11.0 24.0 13.0 6.0 14.0 29.0 30.0 13.0 20.0 17.0 11.0 9.0 15.0 16.0 14.0
405 7.0 19.0 10.0 19.0 11.0 11.0 14.0 9.0 33.0 17.0 14.0 14.0 9.0 8.0 20.0 16.0 21.0 12.0 24.0 6.0 9.0 8.0 33.0 32.0 11.0 13.0 17.0 15.0 18.0 17.0 10.0 11.0
408 6.0 6.0 3.0 12.0 12.0 12.0 8.0 6.0 19.0 17.0 16.0 8.0 9.0 13.0 22.0 18.0 14.0 8.0 11.0 5.0 6.0 13.0 36.0 24.0 4.0 14.0 21.0 16.0 11.0 13.0 10.0 9.0
411 3.0 16.0 9.0 15.0 6.0 9.0 13.0 13.0 18.0 24.0 16.0 20.0 11.0 8.0 23.0 17.0 14.0 8.0 16.0 5.0 16.0 8.0 32.0 28.0 7.0 16.0 11.0 12.0 6.0 14.0 10.0 11.0
414 4.0 7.0 5.0 8.0 7.0 10.0 10.0 9.0 23.0 10.0 19.0 20.0 6.0 7.0 13.0 13.0 16.0 6.0 9.0 6.0 4.0 8.0 25.0 26.0 5.0 10.0 15.0 11.0 9.0 10.0 14.0 12.0
417 4.0 7.0 4.0 11.0 4.0 5.0 6.0 7.0 16.0 9.0 10.0 12.0 7.0 2.0 14.0 16.0 9.0 5.0 7.0 3.0 6.0 7.0 28.0 27.0 3.0 15.0 9.0 6.0 11.0 15.0 9.0 3.0
420 0.0 3.0 7.0 7.0 9.0 3.0 7.0 4.0 11.0 7.0 8.0 8.0 6.0 5.0 20.0 14.0 5.0 4.0 7.0 4.0 4.0 3.0 21.0 18.0 4.0 13.0 7.0 12.0 6.0 10.0 9.0 8.0
423 1.0 2.0 5.0 4.0 5.0 3.0 8.0 3.0 13.0 12.0 4.0 8.0 4.0 4.0 17.0 12.0 5.0 2.0 4.0 2.0 1.0 3.0 25.0 15.0 1.0 7.0 2.0 11.0 3.0 7.0 4.0 8.0
426 0.0 1.0 2.0 6.0 3.0 0.0 3.0 4.0 7.0 7.0 0.0 7.0 4.0 6.0 11.0 15.0 3.0 5.0 3.0 1.0 1.0 2.0 17.0 9.0 1.0 10.0 1.0 3.0 4.0 5.0 6.0 5.0
429 0.0 2.0 2.0 3.0 3.0 4.0 4.0 1.0 9.0 6.0 3.0 4.0 4.0 2.0 13.0 8.0 3.0 1.0 1.0 2.0 1.0 2.0 11.0 9.0 1.0 3.0 1.0 5.0 3.0 0.0 2.0 3.0
432 0.0 1.0 1.0 0.0 4.0 1.0 1.0 2.0 7.0 2.0 3.0 1.0 0.0 3.0 9.0 8.0 4.0 3.0 1.0 1.0 1.0 0.0 7.0 5.0 1.0 5.0 3.0 3.0 1.0 4.0 3.0 0.0
435 1.0 6.0 1.0 2.0 1.0 1.0 1.0 1.0 3.0 7.0 1.0 2.0 0.0 0.0 1.0 3.0 1.0 0.0 4.0 0.0 3.0 1.0 7.0 1.0 0.0 1.0 2.0 2.0 0.0 4.0 4.0 1.0
438 1.0 1.0 3.0 0.0 1.0 1.0 2.0 2.0 2.0 2.0 0.0 6.0 1.0 0.0 6.0 5.0 1.0 0.0 5.0 2.0 0.0 2.0 0.0 3.0 2.0 4.0 1.0 3.0 0.0 1.0 0.0 0.0
441 2.0 2.0 4.0 0.0 3.0 2.0 2.0 1.0 1.0 3.0 1.0 0.0 3.0 2.0 2.0 3.0 3.0 0.0 1.0 0.0 3.0 2.0 5.0 1.0 0.0 3.0 1.0 1.0 0.0 1.0 1.0 0.0
444 2.0 1.0 1.0 1.0 1.0 1.0 1.0 1.0 1.0 3.0 0.0 0.0 4.0 1.0 6.0 1.0 2.0 0.0 5.0 1.0 1.0 2.0 4.0 3.0 0.0 0.0 2.0 2.0 1.0 2.0 1.0 1.0
447 0.0 1.0 0.0 1.0 1.0 0.0 2.0 2.0 1.0 0.0 1.0 0.0 1.0 2.0 0.0 3.0 2.0 0.0 3.0 0.0 1.0 2.0 0.0 2.0 0.0 2.0 1.0 3.0 0.0 0.0 3.0 0.0
