150 79241.0 53626.0 112322.0 85211.0 112422.0 121516.0 118340.0 79194.0 64140.0 100147.0 86968.0 97763.0 113125.0 139332.0 115738.0 121434.0 71899.0 133222.0 98958.0 79393.0 85269.0 130968.0 64101.0 103309.0 180261.0 98774.0 72330.0 167094.0 196810.0 129222.0 112896.0 127983.0
153 229861.0 177410.0 271314.0 207437.0 272357.0 246451.0 227825.0 215123.0 214498.0 237889.0 241037.0 234155.0 264940.0 229607.0 264065.0 240041.0 225475.0 248570.0 218627.0 220277.0 214501.0 263237.0 211186.0 232119.0 251530.0 237182.0 216061.0 264088.0 280998.0 242788.0 254203.0 233721.0
156 15201452.0 15189713.0 15198895.0 15185979.0 15207042.0 15195172.0 15199077.0 15186554.0 15186004.0 15183927.0 15190628.0 15179833.0 15191307.0 15195589.0 15192168.0 15175278.0 15198762.0 15193120.0 15195948.0 15182737.0 15187230.0 15195866.0 15174369.0 15185016.0 15184343.0 15191419.0 15179197.0 15193827.0 15188984.0 15192714.0 15195008.0 15190387.0
159 18466410.0 18468321.0 18455652.0 18456956.0 18458338.0 18451696.0 18465128.0 18453887.0 18452867.0 18448500.0 18454165.0 18447023.0 18450476.0 18464837.0 18452329.0 18445539.0 18461969.0 18459148.0 18467585.0 18456633.0 18454907.0 18456894.0 18442202.0 18456078.0 18445556.0 18459441.0 18445015.0 18456531.0 18438434.0 18462873.0 18458760.0 18465364.0
162 18819457.0 18822336.0 18810191.0 18811865.0 18813194.0 18806021.0 18819541.0 18808240.0 18807390.0 18802781.0 18807694.0 18801338.0 18804066.0 18818139.0 18806746.0 18800045.0 18816011.0 18812523.0 18821488.0 18810991.0 18809454.0 18810965.0 18797468.0 18809967.0 18799321.0 18814457.0 18799815.0 18810712.0 18792941.0 18816420.0 18812484.0 18818649.0
165 19080716.0 19084070.0 19071019.0 19072468.0 19074299.0 19066072.0 19081137.0 19069226.0 19068518.0 19063207.0 19069679.0 19062514.0 19065588.0 19078675.0 19067875.0 19060593.0 19077791.0 19073592.0 19082608.0 19072522.0 19070267.0 19072422.0 19057886.0 19071794.0 19058671.0 19076369.0 19060947.0 19071957.0 19052842.0 19078043.0 19075245.0 19080449.0
168 19323131.0 19326700.0 19314334.0 19311926.0 19317561.0 19304501.0 19322537.0 19308157.0 19311151.0 19302005.0 19311286.0 19300971.0 19307891.0 19320150.0 19309862.0 19299584.0 19319540.0 19314298.0 19324082.0 19314147.0 19309961.0 19314649.0 19298208.0 19313085.0 19296852.0 19318125.0 19301094.0 19313928.0 19291559.0 19319597.0 19317280.0 19322585.0
171 19685963.0 19688990.0 19676342.0 19669627.0 19679320.0 19660943.0 19682939.0 19666187.0 19672372.0 19659280.0 19671763.0 19658997.0 19668161.0 19679958.0 19669713.0 19656837.0 19680735.0 19674815.0 19684778.0 19674507.0 19668252.0 19674954.0 19655616.0 19672553.0 19653958.0 19678491.0 19658064.0 19673629.0 19648948.0 19679619.0 19678175.0 19682667.0
174 19956051.0 19960470.0 19946799.0 19937974.0 19949475.0 19927548.0 19953363.0 19934795.0 19943756.0 19927584.0 19942792.0 19926875.0 19939137.0 19950380.0 19940278.0 19925273.0 19952615.0 19944936.0 19954871.0 19944657.0 19936504.0 19944765.0 19923421.0 19942331.0 19920498.0 19948376.0 19926688.0 19942884.0 19916078.0 19948072.0 19947607.0 19950857.0
177 19988985.0 19995041.0 19980243.0 19972496.0 19983094.0 19958786.0 19987926.0 19968697.0 19978999.0 19959627.0 19978193.0 19960488.0 19974730.0 19983558.0 19975165.0 19958716.0 19986822.0 19979616.0 19989148.0 19978232.0 19969403.0 19978369.0 19955705.0 19976229.0 19951404.0 19981203.0 19958347.0 19975092.0 19946263.0 19980649.0 19978745.0 19982796.0
180 19789820.0 19795762.0 19774620.0 19741184.0 19775149.0 19699820.0 19777631.0 19726430.0 19770845.0 19710076.0 19771236.0 19721925.0 19765850.0 19765696.0 19760564.0 19720947.0 19776310.0 19764713.0 19774851.0 19763953.0 19734490.0 19760468.0 19719775.0 19756538.0 19693509.0 19760608.0 19721065.0 19752882.0 19688880.0 19758002.0 19759367.0 19763962.0
183 18460800.0 18439358.0 18313792.0 17986381.0 18194527.0 17778658.0 18210255.0 17862113.0 18268705.0 17849775.0 18298315.0 17974905.0 18256402.0 18146092.0 18171770.0 18009693.0 18230335.0 18210227.0 18200155.0 18240563.0 17903760.0 18171450.0 17894949.0 18171263.0 17831458.0 18153824.0 17881761.0 18134694.0 17786913.0 18172265.0 18246686.0 18280389.0
186 9034909.0 9046628.0 8955158.0 8995536.0 8739435.0 8582591.0 8816730.0 8800104.0 9130334.0 8875922.0 9251848.0 9242538.0 9189511.0 8800181.0 8975391.0 9287176.0 8981009.0 9027827.0 8886244.0 9101471.0 8873808.0 8927103.0 9026709.0 8958630.0 8806542.0 8789891.0 8955317.0 8794418.0 8622234.0 8789703.0 8989351.0 8963508.0
189 7971653.0 7979166.0 7915692.0 8202502.0 7664944.0 7802304.0 7773244.0 8011669.0 8116493.0 8128692.0 8254273.0 8502387.0 8160857.0 7758347.0 7935012.0 8515126.0 7929367.0 8007170.0 7837599.0 8081653.0 8112878.0 7891741.0 8286208.0 7925148.0 8051222.0 7728235.0 8239133.0 7730473.0 7818704.0 7717618.0 7933430.0 7884417.0
192 286893.0 244927.0 312488.0 258759.0 281640.0 250542.0 246095.0 244995.0 313603.0 272286.0 343254.0 316544.0 316752.0 249596.0 298239.0 328172.0 284112.0 300146.0 254262.0 302642.0 257944.0 303974.0 297205.0 285273.0 278578.0 286620.0 300802.0 295432.0 296481.0 285437.0 323712.0 293434.0
195 249986.0 208323.0 276167.0 211129.0 267611.0 233409.0 215111.0 214589.0 255336.0 233432.0 255082.0 233128.0 260556.0 210529.0 254244.0 234451.0 242002.0 234520.0 208944.0 236822.0 214048.0 254515.0 252268.0 234979.0 232730.0 245025.0 243322.0 251461.0 261375.0 238375.0 262736.0 236051.0
198 249065.0 208610.0 275470.0 208086.0 269397.0 232448.0 214505.0 214767.0 254301.0 231956.0 250066.0 227109.0 256993.0 209060.0 252641.0 228824.0 240620.0 230721.0 207946.0 233550.0 211286.0 252341.0 248662.0 230655.0 229482.0 243372.0 238238.0 248168.0 258740.0 233506.0 256736.0 229855.0
201 250765.0 207861.0 275774.0 208839.0 268964.0 232435.0 213612.0 214848.0 255123.0 232279.0 251755.0 226916.0 257682.0 209487.0 253838.0 229557.0 241067.0 230630.0 207738.0 233345.0 211599.0 252040.0 249084.0 232483.0 229454.0 243271.0 239245.0 248804.0 259577.0 234332.0 257309.0 230259.0
204 251055.0 208955.0 275551.0 209221.0 268667.0 232643.0 214587.0 214864.0 255466.0 232340.0 250309.0 227582.0 258376.0 208379.0 254942.0 230055.0 241709.0 231541.0 208446.0 233681.0 212020.0 251992.0 249681.0 232549.0 229842.0 243094.0 238766.0 249314.0 259779.0 234111.0 257146.0 230213.0
207 250546.0 208719.0 275963.0 207856.0 268297.0 233414.0 214976.0 215315.0 255564.0 233106.0 250564.0 227860.0 258631.0 209136.0 253519.0 230350.0 241434.0 230823.0 208602.0 233775.0 212796.0 253073.0 249648.0 232889.0 231227.0 245492.0 239012.0 248425.0 260412.0 236440.0 257522.0 231219.0
210 249949.0 208324.0 275211.0 207767.0 268151.0 232206.0 214623.0 214466.0 253672.0 233070.0 250152.0 226662.0 258357.0 208518.0 253788.0 230559.0 240199.0 230765.0 208489.0 233383.0 212481.0 252174.0 249655.0 231416.0 230447.0 243776.0 238914.0 250077.0 260398.0 234753.0 256981.0 231130.0
213 249431.0 206834.0 274269.0 207680.0 262461.0 232767.0 214015.0 214570.0 254410.0 231731.0 250021.0 226508.0 258507.0 207606.0 253476.0 230622.0 240623.0 232407.0 207544.0 233746.0 211340.0 252367.0 249291.0 231662.0 230371.0 242149.0 238071.0 249611.0 259442.0 234551.0 256789.0 231085.0
216 248948.0 207456.0 274594.0 207716.0 266134.0 231080.0 214433.0 213909.0 253749.0 232112.0 248888.0 226451.0 258066.0 208052.0 252980.0 230824.0 239296.0 230385.0 206960.0 232909.0 212407.0 252562.0 247764.0 232009.0 230261.0 243161.0 237583.0 248586.0 259056.0 233998.0 256047.0 229922.0
219 248352.0 207865.0 276059.0 207984.0 266635.0 233066.0 213979.0 214880.0 253509.0 231108.0 250524.0 227596.0 256895.0 207789.0 252419.0 230044.0 240201.0 230800.0 205950.0 232471.0 211099.0 251314.0 247261.0 230300.0 230752.0 242111.0 237982.0 247513.0 258416.0 233124.0 255740.0 229400.0
222 248823.0 208302.0 273518.0 207700.0 265181.0 231804.0 213560.0 212597.0 253162.0 230213.0 248022.0 226091.0 256889.0 207528.0 251509.0 228197.0 238935.0 230008.0 206783.0 232566.0 210692.0 250671.0 247371.0 231072.0 228795.0 241414.0 235863.0 247477.0 257480.0 232517.0 255197.0 228558.0
225 247489.0 206257.0 274056.0 206306.0 266828.0 230867.0 212882.0 213343.0 253580.0 230332.0 248506.0 224894.0 255536.0 207309.0 251301.0 228459.0 238422.0 229776.0 206283.0 231711.0 210203.0 250189.0 246314.0 230123.0 228681.0 241668.0 236935.0 247332.0 257119.0 233599.0 255143.0 228493.0
228 246873.0 206523.0 272054.0 207199.0 260521.0 230210.0 212059.0 213276.0 252173.0 229822.0 246983.0 225795.0 256094.0 207841.0 250594.0 228716.0 239089.0 228639.0 206371.0 231548.0 210354.0 249381.0 246057.0 230270.0 227916.0 240797.0 236763.0 246523.0 257295.0 232620.0 254001.0 227619.0
231 247122.0 205451.0 272321.0 205923.0 259058.0 230041.0 211839.0 211580.0 251342.0 229708.0 247582.0 225073.0 254714.0 207048.0 250508.0 227977.0 235936.0 228503.0 204707.0 230542.0 209641.0 249005.0 246475.0 228835.0 228129.0 239783.0 235427.0 246166.0 256587.0 232357.0 253186.0 227655.0
234 246088.0 204382.0 269862.0 206038.0 259082.0 229084.0 211089.0 210210.0 249028.0 228500.0 246099.0 223326.0 253510.0 205991.0 248178.0 226786.0 235476.0 227687.0 203860.0 229683.0 208527.0 248381.0 244876.0 228109.0 228135.0 238640.0 235036.0 245445.0 255547.0 229666.0 251437.0 226147.0
237 243547.0 202423.0 269105.0 204473.0 256444.0 227739.0 211285.0 209788.0 248063.0 227428.0 245240.0 222662.0 253781.0 205355.0 247737.0 225499.0 233873.0 228150.0 203931.0 229327.0 207755.0 246605.0 243491.0 226462.0 226350.0 237172.0 233333.0 244985.0 254503.0 229275.0 250073.0 226142.0
240 239279.0 197983.0 263481.0 204382.0 251799.0 225371.0 209285.0 205372.0 244237.0 224321.0 243402.0 221995.0 251494.0 204800.0 243363.0 225634.0 227872.0 226275.0 201580.0 227556.0 204751.0 244016.0 237882.0 225859.0 226681.0 231302.0 229631.0 242798.0 253142.0 228004.0 247979.0 223678.0
243 217198.0 172625.0 250817.0 198087.0 229178.0 217896.0 204869.0 188188.0 226287.0 213806.0 239424.0 218473.0 245937.0 202014.0 233661.0 223412.0 203159.0 223734.0 191980.0 221845.0 194022.0 236179.0 219756.0 220191.0 224714.0 214632.0 215290.0 238990.0 249419.0 225122.0 235675.0 217315.0
246 150579.0 110465.0 205703.0 171336.0 164925.0 184185.0 183225.0 137465.0 166103.0 173383.0 218665.0 206258.0 223255.0 187259.0 190569.0 211451.0 137801.0 214228.0 158660.0 197094.0 156571.0 203360.0 163991.0 201492.0 221216.0 168344.0 171930.0 220934.0 231367.0 209539.0 199181.0 193776.0
249 74910.0 48928.0 128009.0 115831.0 83594.0 124956.0 133851.0 72373.0 89025.0 110102.0 167659.0 166651.0 170038.0 151822.0 120662.0 177000.0 67245.0 185603.0 102540.0 145293.0 97887.0 143329.0 92419.0 155183.0 207733.0 106754.0 108304.0 179065.0 187323.0 173144.0 141146.0 150354.0
252 26735.0 18189.0 51657.0 47986.0 30819.0 55942.0 64315.0 26680.0 32486.0 46150.0 86191.0 93289.0 84316.0 85364.0 49993.0 106163.0 24952.0 122092.0 42472.0 69005.0 38722.0 67364.0 35324.0 83150.0 165893.0 47086.0 45852.0 103743.0 108941.0 109697.0 69859.0 87798.0
255 16658.0 12771.0 23563.0 19658.0 18907.0 23993.0 25570.0 15246.0 17883.0 21057.0 34099.0 38728.0 33610.0 35139.0 22696.0 46433.0 15755.0 58048.0 18572.0 27569.0 17676.0 27451.0 18849.0 34110.0 102012.0 22209.0 20836.0 45227.0 47323.0 51152.0 29969.0 39084.0
258 13207.0 10363.0 15839.0 12164.0 15027.0 14255.0 13584.0 11326.0 13762.0 13600.0 16592.0 15534.0 17003.0 14115.0 14996.0 16938.0 12424.0 17626.0 11824.0 14696.0 11886.0 15252.0 13885.0 16132.0 25401.0 14214.0 13461.0 17782.0 18731.0 17204.0 15802.0 15772.0
261 12360.0 9588.0 14575.0 10834.0 13978.0 12761.0 11693.0 10720.0 12859.0 12229.0 14644.0 13395.0 14983.0 12324.0 13718.0 14467.0 11723.0 14590.0 10655.0 12999.0 10653.0 13639.0 12822.0 14022.0 17856.0 12904.0 12507.0 15088.0 15989.0 14668.0 14248.0 13482.0
264 11794.0 9082.0 13577.0 9850.0 13477.0 11881.0 10789.0 10127.0 12060.0 11073.0 13395.0 11834.0 13743.0 10833.0 12648.0 12633.0 11085.0 12685.0 9954.0 11835.0 9949.0 12642.0 12197.0 12677.0 14774.0 12211.0 11801.0 13386.0 13948.0 12992.0 12901.0 12028.0
267 11528.0 9101.0 13071.0 9454.0 13136.0 11314.0 10237.0 9626.0 11786.0 10632.0 12602.0 11198.0 13058.0 10029.0 12291.0 11628.0 10912.0 11736.0 9627.0 11363.0 9645.0 12000.0 11917.0 12125.0 13137.0 11741.0 11399.0 12205.0 13136.0 12108.0 12505.0 11412.0
270 11248.0 8838.0 13216.0 9384.0 12667.0 11154.0 9915.0 9615.0 11726.0 10575.0 12284.0 10849.0 12573.0 9546.0 11753.0 11209.0 10793.0 11072.0 9266.0 11281.0 9405.0 11549.0 11925.0 11732.0 12146.0 11686.0 11005.0 11713.0 12548.0 11762.0 12364.0 11048.0
273 11266.0 8873.0 12618.0 9151.0 12602.0 10982.0 9829.0 9618.0 11488.0 10446.0 12126.0 10776.0 12215.0 9737.0 11739.0 11054.0 10674.0 11080.0 9328.0 10941.0 9403.0 11758.0 11770.0 11657.0 11344.0 11411.0 10812.0 11507.0 12311.0 11695.0 12192.0 10999.0
276 11141.0 8763.0 12752.0 9000.0 12518.0 10793.0 9838.0 9437.0 11469.0 10585.0 11998.0 10534.0 12293.0 9405.0 11682.0 11110.0 10452.0 10879.0 9289.0 10877.0 9303.0 11338.0 11626.0 11414.0 11423.0 11458.0 10834.0 11434.0 12209.0 11270.0 11951.0 10898.0
279 11053.0 8578.0 12548.0 9138.0 12381.0 10849.0 9716.0 9431.0 11139.0 10229.0 12016.0 10613.0 12071.0 9350.0 11598.0 10673.0 10405.0 10750.0 9044.0 10937.0 9328.0 11488.0 11561.0 11184.0 11306.0 11268.0 10808.0 11425.0 11894.0 11287.0 11931.0 10680.0
282 11019.0 8460.0 12215.0 9020.0 12321.0 10755.0 9758.0 9131.0 11135.0 10005.0 11696.0 10207.0 11826.0 9495.0 11578.0 10659.0 10192.0 10700.0 9093.0 10772.0 9108.0 11336.0 11276.0 11264.0 11063.0 11073.0 10551.0 11389.0 11787.0 11100.0 11787.0 10543.0
285 10507.0 8409.0 12243.0 8766.0 11987.0 10739.0 9466.0 9089.0 10968.0 10122.0 11647.0 10165.0 11958.0 9061.0 11166.0 10488.0 10166.0 10429.0 8885.0 10706.0 8960.0 11064.0 11068.0 11068.0 11103.0 10768.0 10479.0 11051.0 11744.0 11116.0 11561.0 10649.0
288 10341.0 8430.0 12240.0 8656.0 11680.0 10459.0 9464.0 8965.0 10772.0 9730.0 11424.0 10228.0 11665.0 9213.0 11181.0 10303.0 10254.0 10421.0 8831.0 10351.0 8801.0 11043.0 11200.0 11124.0 10744.0 10675.0 10285.0 10843.0 11530.0 10958.0 11408.0 10236.0
291 10135.0 8270.0 11930.0 8577.0 11621.0 10417.0 9407.0 8953.0 10514.0 9713.0 11290.0 10059.0 11372.0 9003.0 11152.0 10448.0 9792.0 10234.0 8845.0 10378.0 8819.0 10981.0 10871.0 10673.0 10714.0 10589.0 10103.0 10820.0 11485.0 10564.0 11199.0 10220.0
294 10292.0 7786.0 11608.0 8391.0 11250.0 10158.0 8959.0 8576.0 10349.0 9406.0 11026.0 9736.0 11211.0 8621.0 10877.0 10138.0 9784.0 10215.0 8791.0 10181.0 8698.0 10611.0 10565.0 10636.0 10594.0 10510.0 10073.0 10566.0 11238.0 10453.0 11160.0 10085.0
297 9898.0 7680.0 11416.0 8299.0 11477.0 10026.0 9014.0 8462.0 10319.0 9396.0 10980.0 9637.0 11114.0 8630.0 10529.0 10000.0 9456.0 10033.0 8522.0 9920.0 8448.0 10381.0 10481.0 10639.0 10533.0 10116.0 9706.0 10566.0 11098.0 10478.0 10909.0 9754.0
300 9754.0 7455.0 11052.0 8086.0 11177.0 9859.0 8614.0 8481.0 10130.0 9120.0 10808.0 9625.0 11084.0 8517.0 10223.0 9787.0 9232.0 9792.0 8359.0 9665.0 8323.0 10210.0 10085.0 10351.0 10381.0 10040.0 9597.0 10284.0 10921.0 10227.0 10609.0 9743.0
303 9454.0 7462.0 10595.0 7831.0 10683.0 9565.0 8732.0 8089.0 9783.0 8958.0 10464.0 9475.0 10596.0 8618.0 10213.0 9672.0 9160.0 9593.0 8274.0 9553.0 7984.0 10095.0 9988.0 10143.0 10117.0 9809.0 9514.0 10263.0 10793.0 9916.0 10375.0 9402.0
306 9133.0 7085.0 10716.0 7992.0 10348.0 9426.0 8433.0 7862.0 9461.0 8720.0 10151.0 9237.0 10668.0 8435.0 9835.0 9485.0 8749.0 9370.0 7795.0 9393.0 7783.0 9597.0 9500.0 9853.0 10010.0 9434.0 9282.0 9953.0 10602.0 9807.0 10225.0 9213.0
309 8765.0 6538.0 10130.0 7593.0 10020.0 9137.0 8241.0 7378.0 8933.0 8528.0 10064.0 9025.0 10206.0 8173.0 9524.0 9205.0 8032.0 9230.0 7728.0 9359.0 7602.0 9595.0 9157.0 9695.0 9983.0 9204.0 8754.0 9673.0 10286.0 9503.0 9809.0 9095.0
312 7613.0 5347.0 9556.0 7212.0 8663.0 8680.0 7990.0 6522.0 8026.0 7719.0 9916.0 8695.0 9941.0 7844.0 8990.0 8945.0 6816.0 9175.0 7390.0 8791.0 6913.0 8930.0 7789.0 9243.0 9641.0 8165.0 8228.0 9393.0 9879.0 9183.0 9217.0 8706.0
315 5899.0 3700.0 8314.0 6408.0 7130.0 7880.0 7446.0 5309.0 6367.0 6880.0 9134.0 8338.0 9461.0 7713.0 7750.0 8551.0 5332.0 8898.0 6415.0 8012.0 6048.0 8375.0 6385.0 8737.0 9485.0 6999.0 6962.0 9153.0 9650.0 9056.0 8224.0 8196.0
318 3736.0 1962.0 6270.0 5294.0 4752.0 6691.0 6319.0 3551.0 4226.0 5155.0 7959.0 7255.0 8285.0 6830.0 6035.0 7994.0 3275.0 8135.0 5119.0 6718.0 4631.0 7039.0 4426.0 7665.0 9212.0 5316.0 5557.0 8221.0 8730.0 8090.0 6779.0 6983.0
321 1565.0 931.0 3359.0 3122.0 2261.0 4485.0 4407.0 1657.0 1882.0 3100.0 5755.0 5598.0 5737.0 5368.0 3440.0 6341.0 1491.0 7112.0 3140.0 4458.0 2484.0 4758.0 2197.0 5818.0 8645.0 3134.0 3176.0 6640.0 6878.0 6518.0 4544.0 5149.0
324 990.0 678.0 1743.0 1692.0 1275.0 2581.0 2632.0 951.0 1156.0 1668.0 3424.0 3650.0 3499.0 3788.0 1825.0 4426.0 880.0 5164.0 1651.0 2411.0 1292.0 2805.0 1286.0 3665.0 7577.0 1765.0 1810.0 4630.0 4943.0 5024.0 2809.0 3689.0
327 776.0 575.0 1201.0 972.0 977.0 1484.0 1607.0 695.0 875.0 1087.0 1895.0 2188.0 1812.0 2215.0 1107.0 2758.0 741.0 3586.0 984.0 1336.0 796.0 1551.0 878.0 2075.0 6234.0 1111.0 1087.0 2976.0 3195.0 3441.0 1642.0 2233.0
330 800.0 554.0 974.0 705.0 965.0 913.0 940.0 642.0 790.0 713.0 1156.0 1266.0 1190.0 1218.0 890.0 1449.0 723.0 2103.0 753.0 910.0 663.0 1102.0 959.0 1274.0 4433.0 887.0 857.0 1715.0 1847.0 1910.0 1099.0 1303.0
333 733.0 504.0 905.0 655.0 826.0 827.0 778.0 603.0 761.0 744.0 979.0 837.0 965.0 802.0 821.0 1048.0 712.0 1166.0 685.0 814.0 617.0 820.0 751.0 985.0 2829.0 833.0 819.0 1119.0 1231.0 1197.0 880.0 967.0
336 713.0 505.0 818.0 555.0 875.0 776.0 701.0 563.0 675.0 675.0 830.0 786.0 871.0 711.0 764.0 812.0 656.0 858.0 624.0 773.0 585.0 769.0 772.0 858.0 1488.0 767.0 765.0 842.0 949.0 973.0 828.0 800.0
339 731.0 523.0 807.0 597.0 812.0 735.0 686.0 578.0 707.0 646.0 783.0 710.0 826.0 616.0 745.0 775.0 661.0 777.0 623.0 740.0 610.0 718.0 760.0 789.0 1010.0 734.0 661.0 775.0 867.0 796.0 807.0 709.0
342 690.0 512.0 847.0 599.0 763.0 810.0 626.0 561.0 702.0 633.0 778.0 693.0 785.0 645.0 761.0 696.0 640.0 753.0 576.0 718.0 585.0 668.0 741.0 792.0 956.0 774.0 701.0 729.0 787.0 779.0 754.0 744.0
345 677.0 521.0 799.0 550.0 779.0 748.0 588.0 558.0 650.0 562.0 767.0 696.0 783.0 613.0 734.0 717.0 615.0 743.0 523.0 743.0 559.0 717.0 737.0 743.0 834.0 698.0 645.0 764.0 743.0 736.0 775.0 649.0
348 624.0 418.0 775.0 541.0 733.0 706.0 630.0 505.0 698.0 641.0 785.0 637.0 744.0 587.0 692.0 656.0 600.0 679.0 571.0 670.0 543.0 719.0 690.0 730.0 840.0 721.0 644.0 676.0 802.0 714.0 770.0 684.0
351 626.0 452.0 784.0 541.0 747.0 655.0 605.0 543.0 679.0 632.0 764.0 673.0 740.0 563.0 741.0 660.0 549.0 703.0 551.0 697.0 555.0 720.0 656.0 761.0 759.0 713.0 654.0 664.0 740.0 691.0 731.0 654.0
354 622.0 461.0 695.0 517.0 747.0 696.0 533.0 535.0 674.0 629.0 789.0 626.0 752.0 597.0 685.0 631.0 589.0 640.0 537.0 623.0 504.0 640.0 716.0 708.0 751.0 691.0 652.0 706.0 721.0 705.0 697.0 667.0
357 568.0 441.0 752.0 489.0 727.0 649.0 575.0 548.0 632.0 532.0 699.0 610.0 736.0 498.0 720.0 651.0 568.0 668.0 534.0 619.0 483.0 672.0 635.0 744.0 752.0 659.0 681.0 685.0 750.0 732.0 719.0 633.0
360 599.0 414.0 683.0 468.0 699.0 638.0 558.0 507.0 635.0 572.0 690.0 632.0 740.0 519.0 627.0 651.0 570.0 687.0 531.0 612.0 541.0 645.0 642.0 656.0 740.0 663.0 664.0 659.0 702.0 717.0 649.0 630.0
363 582.0 441.0 668.0 510.0 706.0 693.0 521.0 508.0 603.0 524.0 713.0 577.0 643.0 572.0 620.0 602.0 534.0 619.0 485.0 619.0 483.0 649.0 639.0 724.0 704.0 681.0 619.0 614.0 737.0 717.0 637.0 614.0
366 510.0 407.0 668.0 466.0 631.0 656.0 511.0 456.0 549.0 520.0 702.0 560.0 703.0 535.0 642.0 546.0 519.0 622.0 486.0 620.0 487.0 569.0 631.0 694.0 747.0 646.0 540.0 613.0 689.0 676.0 686.0 624.0
369 524.0 377.0 642.0 442.0 680.0 615.0 465.0 408.0 579.0 515.0 671.0 575.0 668.0 510.0 575.0 633.0 513.0 579.0 513.0 574.0 421.0 632.0 609.0 644.0 693.0 580.0 496.0 604.0 684.0 622.0 643.0 607.0
372 535.0 385.0 644.0 474.0 574.0 596.0 476.0 445.0 539.0 509.0 608.0 577.0 641.0 509.0 554.0 577.0 463.0 583.0 408.0 578.0 422.0 570.0 574.0 615.0 652.0 561.0 560.0 591.0 693.0 602.0 632.0 606.0
375 457.0 289.0 580.0 423.0 569.0 538.0 455.0 416.0 501.0 496.0 640.0 521.0 592.0 510.0 529.0 554.0 454.0 551.0 466.0 576.0 412.0 543.0 515.0 633.0 658.0 543.0 516.0 582.0 672.0 612.0 589.0 588.0
378 400.0 236.0 531.0 389.0 506.0 559.0 422.0 351.0 477.0 465.0 585.0 501.0 575.0 475.0 529.0 548.0 417.0 550.0 420.0 560.0 401.0 535.0 442.0 587.0 652.0 487.0 479.0 541.0 605.0 571.0 590.0 490.0
381 325.0 181.0 454.0 407.0 416.0 473.0 438.0 305.0 397.0 404.0 573.0 520.0 540.0 446.0 443.0 528.0 326.0 547.0 372.0 462.0 339.0 551.0 376.0 527.0 630.0 426.0 414.0 495.0 629.0 580.0 493.0 519.0
384 258.0 140.0 367.0 314.0 361.0 473.0 386.0 219.0 244.0 336.0 478.0 438.0 554.0 418.0 380.0 524.0 227.0 524.0 345.0 387.0 280.0 447.0 266.0 579.0 584.0 385.0 356.0 502.0 540.0 545.0 448.0 472.0
387 153.0 73.0 290.0 263.0 242.0 367.0 356.0 154.0 180.0 255.0 485.0 428.0 483.0 378.0 286.0 439.0 134.0 492.0 265.0 387.0 225.0 380.0 246.0 477.0 574.0 326.0 285.0 460.0 531.0 534.0 334.0 401.0
390 88.0 60.0 218.0 180.0 154.0 316.0 345.0 119.0 109.0 183.0 361.0 328.0 361.0 338.0 215.0 393.0 89.0 447.0 205.0 250.0 150.0 287.0 116.0 373.0 584.0 213.0 246.0 409.0 455.0 421.0 298.0 346.0
393 64.0 42.0 139.0 125.0 103.0 214.0 215.0 69.0 71.0 137.0 277.0 267.0 273.0 279.0 172.0 336.0 76.0 367.0 151.0 215.0 103.0 228.0 103.0 283.0 522.0 127.0 146.0 364.0 373.0 401.0 235.0 249.0
396 51.0 47.0 116.0 84.0 92.0 147.0 166.0 46.0 69.0 83.0 185.0 192.0 195.0 230.0 89.0 255.0 52.0 307.0 78.0 140.0 61.0 152.0 80.0 198.0 515.0 87.0 103.0 279.0 256.0 319.0 147.0 188.0
399 49.0 37.0 71.0 48.0 68.0 90.0 87.0 50.0 58.0 66.0 104.0 135.0 102.0 135.0 77.0 142.0 49.0 236.0 42.0 82.0 39.0 105.0 57.0 131.0 374.0 65.0 61.0 183.0 218.0 227.0 84.0 123.0
402 51.0 27.0 61.0 52.0 58.0 68.0 58.0 34.0 42.0 62.0 82.0 81.0 75.0 83.0 60.0 93.0 55.0 143.0 43.0 66.0 40.0 69.0 74.0 104.0 315.0 54.0 46.0 116.0 128.0 136.0 63.0 91.0
405 46.0 26.0 63.0 44.0 52.0 64.0 62.0 39.0 48.0 60.0 76.0 64.0 68.0 53.0 52.0 90.0 54.0 98.0 40.0 59.0 39.0 52.0 51.0 79.0 232.0 47.0 65.0 83.0 92.0 93.0 57.0 70.0
408 55.0 31.0 59.0 44.0 55.0 68.0 56.0 36.0 46.0 63.0 46.0 40.0 59.0 38.0 45.0 50.0 47.0 68.0 41.0 52.0 34.0 55.0 50.0 65.0 141.0 57.0 45.0 62.0 63.0 62.0 61.0 62.0
411 44.0 30.0 48.0 34.0 58.0 41.0 40.0 42.0 49.0 50.0 72.0 62.0 65.0 40.0 51.0 60.0 37.0 69.0 37.0 45.0 45.0 52.0 45.0 64.0 98.0 49.0 60.0 62.0 69.0 61.0 41.0 45.0
414 46.0 28.0 64.0 42.0 56.0 56.0 44.0 32.0 45.0 44.0 56.0 46.0 49.0 37.0 48.0 56.0 50.0 63.0 28.0 43.0 45.0 64.0 48.0 61.0 66.0 48.0 53.0 43.0 46.0 54.0 46.0 53.0
417 48.0 32.0 46.0 30.0 62.0 39.0 49.0 33.0 41.0 39.0 46.0 53.0 45.0 44.0 43.0 51.0 37.0 40.0 35.0 35.0 36.0 47.0 61.0 68.0 52.0 55.0 42.0 61.0 60.0 58.0 50.0 61.0
420 42.0 35.0 46.0 36.0 51.0 46.0 38.0 36.0 33.0 41.0 48.0 42.0 61.0 43.0 48.0 41.0 31.0 54.0 36.0 56.0 36.0 46.0 54.0 50.0 62.0 39.0 36.0 53.0 58.0 60.0 40.0 44.0
423 37.0 33.0 49.0 39.0 60.0 44.0 46.0 33.0 48.0 51.0 59.0 40.0 48.0 40.0 68.0 41.0 36.0 46.0 44.0 41.0 36.0 51.0 48.0 48.0 60.0 33.0 43.0 43.0 64.0 48.0 45.0 37.0
426 42.0 29.0 51.0 48.0 49.0 50.0 45.0 34.0 47.0 37.0 57.0 42.0 56.0 47.0 53.0 49.0 35.0 41.0 35.0 44.0 38.0 50.0 48.0 38.0 72.0 55.0 50.0 45.0 46.0 48.0 45.0 53.0
429 44.0 21.0 37.0 35.0 39.0 40.0 37.0 33.0 34.0 43.0 54.0 44.0 44.0 41.0 44.0 50.0 42.0 46.0 33.0 42.0 26.0 32.0 41.0 42.0 45.0 52.0 35.0 52.0 58.0 44.0 47.0 51.0
432 32.0 19.0 44.0 32.0 52.0 56.0 39.0 27.0 44.0 27.0 53.0 42.0 44.0 48.0 30.0 50.0 38.0 34.0 50.0 44.0 35.0 49.0 45.0 43.0 54.0 34.0 45.0 38.0 47.0 61.0 50.0 47.0
435 27.0 22.0 47.0 31.0 43.0 49.0 35.0 39.0 29.0 49.0 43.0 39.0 41.0 40.0 36.0 50.0 35.0 41.0 26.0 32.0 33.0 38.0 37.0 49.0 69.0 25.0 41.0 49.0 53.0 50.0 36.0 47.0
438 33.0 20.0 27.0 25.0 38.0 33.0 30.0 34.0 34.0 35.0 39.0 38.0 56.0 39.0 37.0 41.0 28.0 49.0 29.0 36.0 37.0 42.0 42.0 48.0 46.0 46.0 38.0 33.0 49.0 39.0 52.0 38.0
441 31.0 17.0 39.0 25.0 41.0 47.0 33.0 33.0 29.0 22.0 53.0 39.0 54.0 22.0 26.0 31.0 25.0 30.0 31.0 38.0 26.0 38.0 36.0 39.0 58.0 31.0 29.0 43.0 52.0 48.0 51.0 35.0
444 22.0 16.0 32.0 14.0 35.0 29.0 30.0 25.0 27.0 24.0 34.0 38.0 43.0 35.0 25.0 41.0 24.0 34.0 20.0 35.0 23.0 29.0 26.0 38.0 55.0 28.0 32.0 32.0 45.0 39.0 37.0 36.0
447 23.0 5.0 15.0 16.0 14.0 38.0 29.0 10.0 13.0 24.0 37.0 34.0 38.0 16.0 31.0 43.0 10.0 37.0 23.0 22.0 10.0 27.0 14.0 39.0 46.0 23.0 19.0 45.0 40.0 41.0 42.0 33.0
