150 264889.0 263693.0 277453.0 278364.0 267807.0 320276.0 238998.0 262394.0 249162.0 269944.0 270944.0 253430.0 255029.0 245686.0 303159.0 272588.0 282772.0 274358.0 264335.0 289849.0 263777.0 268842.0 307317.0 592551.0 249690.0 288534.0 303231.0 290602.0 285568.0 298838.0 283756.0 317491.0
153 18077554.0 18073905.0 18071153.0 18062284.0 18070461.0 18049868.0 18075546.0 18063536.0 18073103.0 18062710.0 18069103.0 18065547.0 18075955.0 18078401.0 18063060.0 18060486.0 18069507.0 18065233.0 18070684.0 18065720.0 18065117.0 18072071.0 18053460.0 18021747.0 18064335.0 18076512.0 18046103.0 18070983.0 18062232.0 18071726.0 18074676.0 18075435.0
156 18433663.0 18431091.0 18428834.0 18418894.0 18427182.0 18405954.0 18431794.0 18419940.0 18429288.0 18418405.0 18425722.0 18421862.0 18431146.0 18434778.0 18419265.0 18417041.0 18425673.0 18422035.0 18427988.0 18423201.0 18421589.0 18428645.0 18409948.0 18382950.0 18421135.0 18433556.0 18403500.0 18428139.0 18419500.0 18429625.0 18431549.0 18432703.0
159 18753486.0 18751337.0 18748788.0 18738290.0 18747036.0 18724252.0 18751645.0 18738609.0 18748917.0 18736238.0 18745341.0 18740137.0 18750474.0 18754429.0 18739226.0 18737113.0 18745766.0 18741608.0 18747693.0 18743630.0 18740481.0 18748727.0 18728466.0 18700947.0 18739857.0 18753781.0 18723294.0 18747932.0 18738223.0 18749856.0 18751819.0 18753343.0
162 19051695.0 19051348.0 19048209.0 19035392.0 19046142.0 19019661.0 19051304.0 19035397.0 19048079.0 19032458.0 19044844.0 19036493.0 19049483.0 19053774.0 19039059.0 19034846.0 19045161.0 19041407.0 19046789.0 19043079.0 19038706.0 19047661.0 19024291.0 19004520.0 19036099.0 19053873.0 19019814.0 19047130.0 19034938.0 19049829.0 19051362.0 19052238.0
165 19285360.0 19286537.0 19283590.0 19266711.0 19280238.0 19250808.0 19285920.0 19266517.0 19282098.0 19264214.0 19279702.0 19268141.0 19284119.0 19288778.0 19272770.0 19267648.0 19279715.0 19276200.0 19282052.0 19278259.0 19270574.0 19281511.0 19256530.0 19237997.0 19268258.0 19288184.0 19251373.0 19281652.0 19266101.0 19284987.0 19285647.0 19287415.0
168 19675913.0 19677358.0 19674409.0 19655322.0 19671020.0 19636042.0 19676247.0 19655138.0 19672198.0 19651155.0 19670333.0 19656153.0 19673671.0 19679638.0 19663497.0 19656539.0 19669910.0 19666572.0 19672260.0 19668917.0 19659297.0 19671769.0 19641722.0 19632789.0 19656134.0 19678785.0 19638218.0 19671594.0 19653101.0 19675721.0 19676161.0 19677686.0
171 19814671.0 19816557.0 19814168.0 19792898.0 19811310.0 19768623.0 19818114.0 19792645.0 19812223.0 19786684.0 19812188.0 19793510.0 19815311.0 19820458.0 19804195.0 19795041.0 19810901.0 19807740.0 19812901.0 19809149.0 19795932.0 19811252.0 19777300.0 19766129.0 19792086.0 19817684.0 19772699.0 19810258.0 19786994.0 19815083.0 19814572.0 19816685.0
174 19771544.0 19777901.0 19765215.0 19700712.0 19763148.0 19624410.0 19774178.0 19686820.0 19758266.0 19664204.0 19764973.0 19684173.0 19765339.0 19762373.0 19746057.0 19720207.0 19754503.0 19757016.0 19755405.0 19753679.0 19705506.0 19751382.0 19654192.0 19690091.0 19699097.0 19749833.0 19664599.0 19743396.0 19672183.0 19751695.0 19750396.0 19753491.0
177 14149309.0 14397748.0 13956767.0 13283228.0 13979273.0 12945513.0 14205017.0 13293011.0 13935194.0 13045546.0 14114179.0 13265587.0 13982564.0 13695262.0 13775135.0 13756376.0 13734740.0 14266305.0 13775023.0 14029934.0 13232735.0 13843232.0 13042232.0 13342535.0 13501822.0 13434535.0 13339462.0 13701163.0 12919812.0 13744853.0 13984886.0 13846425.0
180 8184836.0 8471748.0 8134215.0 8321004.0 8244198.0 8072877.0 8542413.0 8476102.0 8339922.0 8183337.0 8602181.0 8422122.0 8437792.0 8170402.0 8317525.0 8950305.0 8223614.0 8783157.0 8270726.0 8542678.0 8350185.0 8303311.0 8162269.0 7942272.0 8716997.0 7859057.0 8560987.0 8127475.0 7957912.0 8150122.0 8326279.0 8108535.0
183 3668916.0 3847327.0 3627426.0 3796914.0 3682847.0 3656336.0 3878434.0 3890413.0 3742776.0 3672521.0 3920943.0 3831804.0 3776403.0 3628925.0 3738343.0 4182775.0 3636976.0 4024587.0 3659220.0 3875661.0 3802131.0 3721728.0 3707904.0 3617064.0 4065103.0 3405031.0 3982584.0 3583936.0 3594602.0 3614161.0 3736769.0 3564194.0
186 262659.0 286641.0 270819.0 284613.0 271022.0 308235.0 282183.0 287392.0 271151.0 267376.0 314808.0 274635.0 270862.0 248341.0 319980.0 343378.0 277258.0 336895.0 265099.0 324819.0 275176.0 300346.0 309008.0 553886.0 308291.0 260724.0 339686.0 288745.0 288254.0 310014.0 316246.0 311071.0
189 228749.0 227867.0 244290.0 245679.0 234662.0 282869.0 212160.0 232562.0 219011.0 235265.0 240268.0 222318.0 221231.0 211050.0 263928.0 247407.0 247045.0 247073.0 230632.0 256832.0 228612.0 236102.0 266675.0 523861.0 222574.0 239315.0 276263.0 245504.0 241767.0 259564.0 244387.0 271989.0
192 228597.0 226916.0 242498.0 245724.0 233971.0 282147.0 211276.0 232199.0 217470.0 234400.0 239659.0 220970.0 220772.0 212367.0 263015.0 243434.0 247335.0 243664.0 231398.0 254602.0 228314.0 233028.0 268745.0 514344.0 218667.0 239444.0 274063.0 243349.0 241184.0 258764.0 239835.0 272127.0
195 229826.0 227689.0 243623.0 246966.0 235165.0 284203.0 210489.0 231604.0 218576.0 235350.0 240860.0 220508.0 221055.0 212232.0 264181.0 243231.0 247526.0 245393.0 231955.0 255812.0 235079.0 234366.0 269448.0 497915.0 218446.0 239884.0 275194.0 245100.0 246374.0 258939.0 240535.0 272789.0
198 230035.0 227662.0 243930.0 246249.0 235665.0 282610.0 211065.0 230963.0 218123.0 236039.0 239528.0 221036.0 221842.0 212709.0 267985.0 243510.0 247796.0 245298.0 230962.0 254837.0 236137.0 233921.0 268946.0 480718.0 218868.0 239882.0 274306.0 244313.0 247418.0 258081.0 240142.0 271564.0
201 231485.0 227828.0 244407.0 246730.0 234443.0 283340.0 211982.0 231743.0 219402.0 235011.0 239180.0 221758.0 222772.0 212865.0 269489.0 238111.0 247714.0 244733.0 231472.0 257238.0 235624.0 234017.0 268234.0 516341.0 218264.0 239587.0 274708.0 244803.0 247961.0 258122.0 241368.0 272510.0
204 230344.0 227899.0 242648.0 247159.0 235617.0 283250.0 210864.0 232623.0 219690.0 236104.0 240733.0 221762.0 221672.0 214090.0 268170.0 238084.0 248125.0 245462.0 231707.0 255933.0 236034.0 235049.0 273937.0 517189.0 217986.0 239852.0 275838.0 245125.0 247818.0 258824.0 240938.0 271300.0
207 231179.0 227643.0 242912.0 245356.0 236066.0 282734.0 211446.0 230824.0 218900.0 235313.0 240250.0 220530.0 220044.0 211911.0 269041.0 239730.0 248045.0 243733.0 231761.0 254333.0 234943.0 235048.0 275238.0 508555.0 218641.0 239219.0 274847.0 243929.0 247056.0 258642.0 240606.0 272207.0
210 230332.0 227847.0 242644.0 245412.0 234602.0 281605.0 210349.0 231037.0 217495.0 233982.0 238477.0 220117.0 220802.0 211056.0 267842.0 248369.0 245333.0 243663.0 229696.0 253833.0 234907.0 233856.0 273909.0 521627.0 217837.0 238512.0 273265.0 243562.0 246126.0 256856.0 241121.0 271420.0
213 229652.0 228275.0 241886.0 244027.0 233915.0 282446.0 210525.0 231467.0 218448.0 234498.0 237460.0 220862.0 220373.0 211399.0 266977.0 245667.0 246330.0 243397.0 230930.0 253469.0 234539.0 232894.0 274689.0 519253.0 218548.0 238277.0 271731.0 242662.0 246512.0 257632.0 240454.0 271148.0
216 227973.0 228553.0 242212.0 245023.0 234250.0 280573.0 210686.0 230995.0 218356.0 233969.0 238365.0 220167.0 221056.0 212521.0 266360.0 245130.0 245547.0 242965.0 230734.0 254765.0 232921.0 233046.0 273436.0 520163.0 217986.0 239241.0 271725.0 243464.0 244394.0 256546.0 239133.0 270967.0
219 227731.0 227767.0 240834.0 244726.0 233546.0 280821.0 209918.0 231139.0 216692.0 233046.0 238169.0 220490.0 220543.0 210800.0 263159.0 247447.0 246499.0 242064.0 230130.0 252532.0 233273.0 232930.0 272162.0 509111.0 217196.0 238143.0 272991.0 242599.0 243847.0 256158.0 239778.0 269047.0
222 227454.0 231835.0 240059.0 242403.0 232533.0 279522.0 209540.0 228972.0 217104.0 232118.0 238601.0 219336.0 219077.0 209713.0 261289.0 246007.0 244429.0 240890.0 229092.0 252359.0 232392.0 231878.0 267088.0 512148.0 216088.0 236188.0 271497.0 241418.0 243328.0 255320.0 239199.0 267344.0
225 227012.0 230532.0 238635.0 241596.0 232153.0 278389.0 208244.0 228247.0 214992.0 232212.0 237073.0 218334.0 219187.0 208287.0 260111.0 244850.0 243566.0 241189.0 227890.0 251211.0 231201.0 229656.0 267388.0 485798.0 215314.0 234766.0 270111.0 241216.0 241849.0 252493.0 236373.0 266139.0
228 225992.0 230150.0 238250.0 240538.0 231091.0 278204.0 207991.0 227978.0 215613.0 230855.0 236358.0 218478.0 218619.0 207139.0 259379.0 240328.0 241721.0 239967.0 227605.0 249929.0 229062.0 229145.0 265027.0 520346.0 214657.0 228288.0 267239.0 240418.0 236113.0 251683.0 235605.0 264352.0
231 225709.0 227864.0 236198.0 237088.0 229793.0 274947.0 206473.0 226650.0 214245.0 229115.0 233835.0 216478.0 217764.0 195523.0 257586.0 227853.0 238397.0 237191.0 224051.0 246520.0 220781.0 229097.0 262845.0 508461.0 213563.0 207142.0 265047.0 237318.0 229554.0 242400.0 233215.0 257933.0
234 223390.0 219426.0 221752.0 216305.0 226220.0 269479.0 198407.0 217564.0 211856.0 221804.0 225484.0 209667.0 212763.0 156684.0 253281.0 183223.0 219802.0 229573.0 210810.0 233825.0 183734.0 223348.0 249239.0 454880.0 209580.0 159061.0 250191.0 229707.0 206011.0 213200.0 226303.0 233718.0
237 213306.0 182810.0 173337.0 156830.0 208560.0 245559.0 168279.0 184103.0 197743.0 190888.0 195437.0 183031.0 194745.0 89597.0 220875.0 103883.0 166277.0 198833.0 168005.0 192925.0 114178.0 203829.0 212140.0 344031.0 189456.0 91359.0 197683.0 201384.0 151281.0 149926.0 200235.0 181737.0
240 173607.0 104176.0 90177.0 70821.0 147812.0 173714.0 99408.0 108816.0 150735.0 119258.0 119991.0 117689.0 137426.0 31925.0 140835.0 35112.0 77355.0 124375.0 88021.0 109048.0 42747.0 147991.0 127623.0 158813.0 135762.0 35394.0 107302.0 131624.0 74707.0 71619.0 142921.0 102636.0
243 106478.0 42151.0 33806.0 26737.0 71490.0 92631.0 40365.0 44448.0 82076.0 51160.0 51158.0 52385.0 67265.0 14991.0 63303.0 17012.0 28358.0 54457.0 32756.0 44313.0 18234.0 78267.0 54804.0 60614.0 68021.0 17023.0 41823.0 60611.0 30036.0 29369.0 76551.0 44244.0
246 47707.0 18957.0 17277.0 16123.0 27485.0 41646.0 17547.0 19432.0 32267.0 21564.0 21216.0 21460.0 25718.0 11620.0 25960.0 13515.0 16924.0 22079.0 16831.0 19933.0 12944.0 30923.0 24267.0 35246.0 26394.0 13202.0 20550.0 24676.0 17145.0 16733.0 31868.0 20796.0
249 20149.0 13979.0 13577.0 13354.0 16410.0 21188.0 12417.0 13794.0 15569.0 15061.0 14558.0 13717.0 14821.0 10073.0 17317.0 11832.0 13941.0 15199.0 13196.0 14978.0 11504.0 16651.0 16477.0 28940.0 15011.0 11553.0 16094.0 15649.0 13434.0 13129.0 16517.0 15626.0
252 15336.0 12320.0 11795.0 11805.0 13452.0 16600.0 10803.0 11841.0 12979.0 12857.0 12450.0 11704.0 12594.0 9118.0 14695.0 10875.0 12098.0 12693.0 11491.0 12978.0 10571.0 13843.0 14426.0 25898.0 12572.0 10802.0 14074.0 13173.0 11813.0 11691.0 13298.0 13769.0
255 13131.0 10966.0 10848.0 10929.0 11766.0 14544.0 9803.0 10804.0 11310.0 11702.0 11259.0 10337.0 10858.0 8639.0 12904.0 10259.0 11081.0 11663.0 10409.0 11703.0 9785.0 11980.0 12627.0 23771.0 11034.0 10321.0 12725.0 11854.0 10961.0 10650.0 11676.0 12735.0
258 11156.0 10256.0 10209.0 10154.0 10832.0 12954.0 8853.0 9740.0 10209.0 10598.0 10358.0 9454.0 9910.0 8584.0 11604.0 10169.0 10671.0 10705.0 9866.0 11264.0 9634.0 10659.0 11841.0 22452.0 10066.0 9873.0 12252.0 10537.0 10462.0 10149.0 10632.0 11903.0
261 10553.0 9927.0 10061.0 10248.0 10236.0 12619.0 8672.0 9557.0 9496.0 10553.0 9888.0 9062.0 9909.0 8548.0 11443.0 9893.0 10336.0 10639.0 9677.0 10801.0 9172.0 10309.0 11461.0 20904.0 9428.0 9860.0 12112.0 10476.0 10313.0 10121.0 10247.0 11816.0
264 10370.0 10176.0 9934.0 10213.0 10232.0 12178.0 8496.0 9492.0 9452.0 10520.0 9935.0 8920.0 9361.0 8294.0 11221.0 9796.0 10261.0 10437.0 9563.0 11132.0 9245.0 10129.0 11267.0 20501.0 9653.0 9751.0 12230.0 10154.0 10057.0 9986.0 9989.0 11569.0
267 10479.0 9873.0 9876.0 9849.0 10206.0 12344.0 8476.0 9498.0 9235.0 10304.0 9704.0 8896.0 9325.0 8134.0 10948.0 9776.0 10194.0 10193.0 9553.0 10561.0 9019.0 10055.0 11106.0 21225.0 9489.0 9770.0 11991.0 10211.0 9973.0 9756.0 9912.0 11463.0
270 10269.0 9857.0 9968.0 10024.0 10088.0 11968.0 8483.0 9326.0 9333.0 10163.0 9836.0 8726.0 9321.0 8083.0 10978.0 9564.0 10116.0 10203.0 9323.0 10821.0 8643.0 9975.0 11078.0 20291.0 9334.0 9472.0 11802.0 9904.0 9562.0 9635.0 9599.0 11142.0
273 10077.0 9633.0 9510.0 9783.0 10008.0 11670.0 8413.0 9000.0 9324.0 10168.0 9639.0 8630.0 8915.0 8043.0 10904.0 9311.0 9711.0 10161.0 9243.0 10394.0 8562.0 9873.0 10803.0 20574.0 9278.0 9371.0 11250.0 9886.0 9544.0 9469.0 9648.0 11350.0
276 10000.0 9436.0 9561.0 9692.0 9801.0 11787.0 8277.0 9154.0 9171.0 9996.0 9518.0 8530.0 9106.0 8088.0 10819.0 9342.0 9902.0 10099.0 9193.0 10223.0 8425.0 9815.0 10683.0 20774.0 9108.0 9222.0 11285.0 9915.0 9588.0 9144.0 9348.0 11034.0
279 9879.0 9362.0 9406.0 9506.0 9601.0 11601.0 8272.0 8982.0 9048.0 9881.0 9298.0 8342.0 9087.0 7800.0 10700.0 9012.0 9527.0 9741.0 9227.0 10108.0 8641.0 9702.0 10486.0 19323.0 8925.0 9168.0 11102.0 9541.0 9391.0 9063.0 9257.0 10881.0
282 9773.0 8905.0 9189.0 9455.0 9575.0 11267.0 8033.0 8691.0 9004.0 9639.0 9097.0 8134.0 8811.0 7756.0 10325.0 8889.0 9628.0 9688.0 8959.0 9939.0 8605.0 9521.0 10232.0 19912.0 8938.0 8786.0 10864.0 9474.0 9061.0 8975.0 9219.0 10606.0
285 9656.0 8803.0 9038.0 9163.0 9349.0 11160.0 7968.0 8787.0 8768.0 9523.0 8890.0 8086.0 8521.0 7620.0 10296.0 8580.0 9167.0 9433.0 8579.0 9780.0 8417.0 9418.0 10140.0 19439.0 8736.0 8609.0 11053.0 9295.0 9255.0 8819.0 9092.0 10275.0
288 9665.0 8561.0 8735.0 8757.0 9228.0 11003.0 7729.0 8556.0 8870.0 9292.0 8798.0 7918.0 8531.0 7174.0 10015.0 8502.0 9128.0 9324.0 8600.0 9545.0 8216.0 9204.0 10074.0 18166.0 8519.0 8510.0 10350.0 9283.0 9027.0 8714.0 8980.0 10330.0
291 9509.0 8356.0 8644.0 8742.0 9077.0 11017.0 7618.0 8210.0 8705.0 9093.0 8856.0 7871.0 8411.0 7185.0 9772.0 8125.0 8921.0 9141.0 8447.0 9366.0 7834.0 8989.0 9928.0 17154.0 8393.0 8059.0 10365.0 8972.0 8758.0 8207.0 8507.0 9987.0
294 9248.0 8069.0 8501.0 8381.0 8970.0 10406.0 7537.0 7958.0 8403.0 8779.0 8506.0 7739.0 8270.0 6728.0 9650.0 7565.0 8471.0 8839.0 7938.0 9017.0 7484.0 8826.0 9688.0 17675.0 8379.0 7483.0 9910.0 8847.0 8492.0 8214.0 8420.0 9469.0
297 8878.0 7845.0 8069.0 7900.0 8597.0 10255.0 7174.0 7851.0 8108.0 8697.0 8233.0 7430.0 8139.0 5696.0 9182.0 6720.0 8377.0 8495.0 7736.0 8760.0 6888.0 8694.0 9317.0 16761.0 7976.0 6668.0 9591.0 8353.0 7925.0 7318.0 8321.0 9114.0
300 8859.0 7523.0 7392.0 7305.0 8246.0 9882.0 6652.0 7418.0 7932.0 8346.0 7960.0 7148.0 7722.0 4668.0 8964.0 5048.0 7573.0 8181.0 7401.0 8389.0 5777.0 8424.0 8720.0 15197.0 7800.0 5321.0 8816.0 8033.0 7105.0 6490.0 8102.0 8255.0
303 8408.0 6694.0 6565.0 5934.0 8007.0 9402.0 6109.0 6695.0 7493.0 7715.0 7234.0 6623.0 7448.0 3119.0 8499.0 3240.0 6507.0 7391.0 6424.0 7338.0 4342.0 8084.0 7782.0 11815.0 7330.0 3947.0 7431.0 7673.0 5654.0 5161.0 7331.0 6845.0
306 8044.0 5617.0 4757.0 3961.0 7137.0 8183.0 4800.0 5619.0 6861.0 6586.0 5906.0 5732.0 6900.0 1654.0 6986.0 1639.0 4680.0 5912.0 4848.0 5546.0 2487.0 6967.0 6638.0 9711.0 6549.0 2321.0 5321.0 6643.0 4237.0 3626.0 6476.0 5257.0
309 7207.0 3709.0 3036.0 2234.0 5490.0 6445.0 3160.0 3799.0 5839.0 4943.0 4097.0 4375.0 5567.0 836.0 5369.0 891.0 2708.0 4198.0 3009.0 3622.0 1148.0 5875.0 4867.0 5679.0 5219.0 1303.0 3484.0 5098.0 2653.0 2079.0 5151.0 3630.0
312 5840.0 1941.0 1556.0 1160.0 3594.0 4372.0 1723.0 2102.0 4126.0 2938.0 2346.0 2642.0 3740.0 564.0 3330.0 645.0 1371.0 2391.0 1520.0 1966.0 715.0 4206.0 2998.0 2775.0 3475.0 799.0 1754.0 3217.0 1371.0 1088.0 3676.0 1998.0
315 4148.0 1102.0 912.0 797.0 2079.0 2537.0 875.0 1130.0 2594.0 1691.0 1238.0 1512.0 2184.0 491.0 1829.0 588.0 839.0 1246.0 853.0 1049.0 533.0 2462.0 1670.0 1651.0 2000.0 651.0 1066.0 1758.0 935.0 805.0 2213.0 1171.0
318 2520.0 743.0 747.0 657.0 1185.0 1531.0 673.0 714.0 1369.0 1076.0 828.0 861.0 1129.0 486.0 1123.0 565.0 725.0 884.0 665.0 764.0 559.0 1432.0 1014.0 1371.0 1107.0 591.0 882.0 1027.0 734.0 631.0 1261.0 890.0
321 1464.0 642.0 584.0 635.0 789.0 993.0 561.0 606.0 881.0 810.0 635.0 609.0 751.0 484.0 820.0 571.0 660.0 712.0 652.0 719.0 501.0 850.0 819.0 1315.0 777.0 564.0 753.0 756.0 660.0 570.0 870.0 727.0
324 960.0 585.0 604.0 564.0 784.0 840.0 514.0 551.0 700.0 650.0 604.0 576.0 621.0 432.0 731.0 538.0 623.0 692.0 589.0 666.0 505.0 765.0 714.0 1245.0 643.0 525.0 721.0 653.0 561.0 548.0 632.0 677.0
327 821.0 590.0 580.0 606.0 632.0 769.0 453.0 571.0 615.0 663.0 568.0 489.0 641.0 492.0 666.0 496.0 629.0 598.0 591.0 596.0 494.0 646.0 661.0 1217.0 604.0 548.0 691.0 639.0 647.0 533.0 610.0 647.0
330 693.0 529.0 557.0 553.0 611.0 786.0 519.0 537.0 555.0 615.0 539.0 478.0 544.0 405.0 656.0 510.0 639.0 628.0 580.0 573.0 458.0 603.0 616.0 1160.0 568.0 523.0 695.0 579.0 578.0 508.0 600.0 628.0
333 670.0 577.0 517.0 543.0 586.0 746.0 493.0 556.0 573.0 585.0 589.0 522.0 549.0 431.0 659.0 540.0 531.0 578.0 571.0 581.0 497.0 604.0 640.0 1124.0 548.0 557.0 677.0 580.0 560.0 516.0 582.0 661.0
336 589.0 538.0 578.0 523.0 580.0 721.0 477.0 484.0 547.0 630.0 532.0 483.0 514.0 407.0 618.0 499.0 591.0 586.0 510.0 608.0 432.0 554.0 601.0 1077.0 540.0 535.0 688.0 537.0 556.0 523.0 538.0 642.0
339 652.0 565.0 505.0 534.0 606.0 673.0 456.0 514.0 578.0 564.0 510.0 476.0 544.0 394.0 613.0 506.0 566.0 526.0 535.0 553.0 457.0 544.0 628.0 1098.0 552.0 519.0 635.0 547.0 531.0 488.0 522.0 623.0
342 643.0 587.0 515.0 554.0 527.0 708.0 464.0 483.0 530.0 584.0 530.0 445.0 505.0 400.0 595.0 495.0 525.0 558.0 506.0 578.0 408.0 579.0 647.0 1080.0 577.0 475.0 634.0 524.0 530.0 422.0 515.0 670.0
345 593.0 514.0 518.0 536.0 586.0 630.0 433.0 481.0 539.0 556.0 557.0 456.0 522.0 379.0 539.0 444.0 518.0 552.0 446.0 564.0 411.0 543.0 546.0 1084.0 547.0 488.0 584.0 538.0 513.0 447.0 493.0 617.0
348 586.0 474.0 489.0 510.0 553.0 619.0 438.0 465.0 539.0 535.0 452.0 432.0 497.0 353.0 577.0 445.0 564.0 501.0 468.0 514.0 415.0 544.0 560.0 953.0 522.0 452.0 608.0 516.0 506.0 420.0 524.0 571.0
351 570.0 506.0 488.0 460.0 567.0 632.0 443.0 458.0 485.0 489.0 471.0 471.0 511.0 389.0 578.0 466.0 493.0 498.0 488.0 504.0 379.0 558.0 541.0 987.0 470.0 429.0 592.0 551.0 539.0 421.0 477.0 579.0
354 584.0 475.0 463.0 484.0 519.0 647.0 407.0 440.0 504.0 548.0 477.0 400.0 441.0 371.0 498.0 400.0 480.0 531.0 512.0 508.0 372.0 518.0 536.0 954.0 467.0 422.0 567.0 477.0 459.0 370.0 527.0 517.0
357 534.0 430.0 430.0 435.0 486.0 632.0 372.0 433.0 478.0 529.0 497.0 392.0 458.0 322.0 509.0 359.0 462.0 496.0 441.0 440.0 333.0 499.0 539.0 885.0 480.0 393.0 507.0 501.0 458.0 421.0 475.0 505.0
360 575.0 407.0 419.0 397.0 495.0 564.0 362.0 396.0 430.0 518.0 455.0 429.0 437.0 283.0 515.0 309.0 423.0 435.0 433.0 472.0 353.0 477.0 520.0 873.0 480.0 324.0 540.0 450.0 417.0 352.0 394.0 502.0
363 549.0 407.0 438.0 374.0 465.0 587.0 401.0 425.0 413.0 505.0 435.0 372.0 434.0 201.0 466.0 235.0 405.0 408.0 379.0 440.0 258.0 487.0 462.0 767.0 428.0 309.0 482.0 433.0 362.0 340.0 409.0 444.0
366 493.0 356.0 361.0 311.0 449.0 491.0 318.0 365.0 475.0 453.0 370.0 348.0 471.0 167.0 456.0 196.0 356.0 427.0 374.0 403.0 236.0 462.0 424.0 715.0 436.0 229.0 424.0 411.0 346.0 245.0 379.0 404.0
369 516.0 331.0 319.0 230.0 430.0 484.0 318.0 329.0 411.0 432.0 345.0 332.0 401.0 115.0 438.0 104.0 294.0 370.0 304.0 323.0 167.0 382.0 359.0 615.0 414.0 155.0 366.0 382.0 258.0 233.0 356.0 328.0
372 498.0 275.0 222.0 169.0 383.0 411.0 195.0 232.0 381.0 407.0 243.0 290.0 361.0 56.0 363.0 51.0 235.0 306.0 238.0 261.0 98.0 396.0 337.0 418.0 333.0 127.0 275.0 316.0 215.0 153.0 319.0 267.0
375 419.0 181.0 178.0 113.0 315.0 375.0 190.0 221.0 319.0 305.0 219.0 230.0 333.0 41.0 271.0 42.0 151.0 196.0 174.0 201.0 59.0 331.0 255.0 282.0 334.0 87.0 149.0 300.0 171.0 105.0 272.0 181.0
378 366.0 150.0 127.0 51.0 242.0 266.0 97.0 126.0 254.0 221.0 162.0 177.0 273.0 32.0 210.0 33.0 82.0 154.0 103.0 134.0 31.0 254.0 198.0 168.0 237.0 62.0 91.0 223.0 111.0 57.0 237.0 118.0
381 278.0 68.0 58.0 48.0 164.0 187.0 60.0 85.0 215.0 147.0 97.0 107.0 169.0 25.0 144.0 42.0 65.0 90.0 71.0 76.0 37.0 208.0 121.0 120.0 176.0 55.0 77.0 153.0 59.0 44.0 177.0 90.0
384 293.0 70.0 44.0 51.0 118.0 135.0 43.0 76.0 147.0 103.0 57.0 88.0 137.0 31.0 101.0 32.0 46.0 66.0 56.0 54.0 26.0 166.0 97.0 86.0 107.0 37.0 69.0 118.0 42.0 39.0 125.0 55.0
387 212.0 43.0 42.0 38.0 76.0 99.0 29.0 51.0 97.0 73.0 43.0 62.0 71.0 29.0 74.0 32.0 36.0 44.0 39.0 34.0 31.0 83.0 46.0 85.0 67.0 33.0 63.0 60.0 47.0 33.0 71.0 60.0
390 118.0 38.0 41.0 29.0 49.0 74.0 30.0 22.0 71.0 43.0 39.0 39.0 60.0 29.0 44.0 31.0 31.0 46.0 27.0 37.0 26.0 69.0 52.0 75.0 37.0 31.0 49.0 55.0 35.0 29.0 56.0 49.0
393 71.0 24.0 46.0 33.0 37.0 59.0 33.0 28.0 63.0 41.0 36.0 34.0 42.0 20.0 43.0 31.0 41.0 54.0 32.0 41.0 22.0 43.0 49.0 71.0 49.0 25.0 55.0 62.0 48.0 20.0 45.0 39.0
396 61.0 39.0 37.0 49.0 58.0 66.0 40.0 29.0 38.0 53.0 46.0 35.0 36.0 34.0 38.0 42.0 34.0 46.0 21.0 39.0 24.0 47.0 38.0 67.0 39.0 34.0 37.0 39.0 32.0 33.0 45.0 32.0
399 48.0 22.0 42.0 37.0 41.0 42.0 38.0 25.0 43.0 40.0 28.0 42.0 35.0 35.0 40.0 35.0 41.0 42.0 37.0 40.0 27.0 38.0 48.0 74.0 37.0 31.0 37.0 31.0 32.0 38.0 30.0 56.0
402 48.0 38.0 39.0 30.0 37.0 31.0 24.0 29.0 48.0 54.0 29.0 26.0 26.0 16.0 37.0 32.0 35.0 32.0 22.0 39.0 33.0 36.0 45.0 69.0 41.0 33.0 41.0 40.0 28.0 23.0 34.0 29.0
405 45.0 27.0 28.0 33.0 32.0 48.0 33.0 25.0 32.0 28.0 32.0 33.0 40.0 29.0 36.0 25.0 46.0 39.0 32.0 41.0 35.0 37.0 43.0 59.0 38.0 43.0 48.0 31.0 32.0 18.0 38.0 37.0
408 43.0 44.0 34.0 39.0 41.0 47.0 31.0 36.0 45.0 44.0 28.0 29.0 33.0 22.0 25.0 26.0 33.0 38.0 31.0 34.0 27.0 47.0 45.0 54.0 46.0 34.0 45.0 26.0 32.0 28.0 37.0 28.0
411 44.0 30.0 28.0 28.0 49.0 46.0 24.0 27.0 43.0 34.0 31.0 21.0 34.0 24.0 34.0 21.0 31.0 36.0 43.0 29.0 23.0 34.0 35.0 52.0 38.0 39.0 39.0 28.0 34.0 19.0 36.0 38.0
414 39.0 34.0 32.0 22.0 39.0 35.0 35.0 29.0 24.0 21.0 23.0 21.0 43.0 16.0 27.0 24.0 26.0 33.0 24.0 26.0 24.0 37.0 25.0 53.0 35.0 24.0 30.0 30.0 18.0 18.0 37.0 33.0
417 35.0 24.0 29.0 29.0 36.0 43.0 19.0 22.0 31.0 30.0 24.0 24.0 36.0 16.0 29.0 19.0 26.0 15.0 32.0 31.0 22.0 37.0 24.0 56.0 29.0 22.0 41.0 34.0 29.0 24.0 34.0 28.0
420 31.0 33.0 28.0 27.0 43.0 52.0 20.0 28.0 31.0 35.0 18.0 29.0 27.0 16.0 36.0 30.0 28.0 38.0 28.0 33.0 15.0 39.0 23.0 49.0 33.0 27.0 33.0 26.0 18.0 14.0 23.0 31.0
423 32.0 27.0 34.0 36.0 34.0 51.0 26.0 33.0 34.0 20.0 24.0 24.0 30.0 12.0 24.0 12.0 16.0 35.0 14.0 28.0 15.0 38.0 30.0 55.0 34.0 26.0 32.0 27.0 21.0 14.0 25.0 33.0
426 34.0 32.0 16.0 15.0 34.0 30.0 32.0 32.0 19.0 34.0 22.0 34.0 33.0 12.0 32.0 8.0 22.0 41.0 23.0 28.0 14.0 36.0 31.0 43.0 30.0 26.0 37.0 39.0 23.0 17.0 27.0 17.0
429 36.0 18.0 27.0 22.0 26.0 30.0 18.0 22.0 29.0 32.0 16.0 22.0 23.0 6.0 31.0 4.0 18.0 23.0 26.0 17.0 7.0 32.0 24.0 34.0 29.0 14.0 26.0 25.0 14.0 11.0 22.0 22.0
432 41.0 14.0 25.0 10.0 24.0 34.0 12.0 19.0 24.0 29.0 18.0 28.0 26.0 7.0 29.0 4.0 12.0 20.0 26.0 28.0 8.0 28.0 23.0 39.0 23.0 10.0 23.0 19.0 19.0 5.0 18.0 15.0
435 36.0 13.0 12.0 7.0 15.0 28.0 16.0 16.0 22.0 28.0 20.0 10.0 14.0 4.0 30.0 3.0 9.0 18.0 11.0 14.0 3.0 30.0 26.0 29.0 32.0 4.0 13.0 15.0 10.0 6.0 20.0 24.0
438 32.0 13.0 11.0 10.0 19.0 19.0 8.0 15.0 26.0 16.0 7.0 26.0 26.0 4.0 20.0 4.0 8.0 21.0 11.0 12.0 6.0 17.0 10.0 14.0 18.0 5.0 5.0 20.0 14.0 5.0 18.0 9.0
441 18.0 4.0 6.0 3.0 15.0 21.0 7.0 6.0 19.0 16.0 12.0 10.0 20.0 2.0 9.0 5.0 5.0 5.0 2.0 8.0 2.0 17.0 9.0 8.0 12.0 2.0 7.0 14.0 3.0 4.0 12.0 6.0
444 24.0 4.0 5.0 1.0 8.0 18.0 5.0 4.0 16.0 10.0 7.0 8.0 10.0 2.0 17.0 3.0 6.0 6.0 1.0 1.0 1.0 15.0 12.0 9.0 14.0 1.0 7.0 6.0 2.0 1.0 13.0 9.0
447 28.0 3.0 8.0 3.0 7.0 5.0 2.0 1.0 10.0 2.0 1.0 9.0 13.0 4.0 6.0 2.0 4.0 6.0 4.0 6.0 4.0 4.0 7.0 5.0 9.0 2.0 3.0 10.0 0.0 4.0 5.0 6.0
