150 354135.0 341800.0 277984.0 267597.0 275020.0 265042.0 234045.0 314176.0 233537.0 304529.0 326342.0 267951.0 248311.0 293650.0 273974.0 321226.0 315985.0 283853.0 309827.0 300381.0 296819.0 288932.0 245095.0 324514.0 294698.0 363478.0 253267.0 280730.0 411117.0 333813.0 303577.0 201711.0
153 14598667.0 14586256.0 14579281.0 14528746.0 14563153.0 14523239.0 14541053.0 14524882.0 14544287.0 14525762.0 14557990.0 14516819.0 14548796.0 14552862.0 14572267.0 14521424.0 14565186.0 14547795.0 14556547.0 14555874.0 14526253.0 14556126.0 14502695.0 14554768.0 14512348.0 14577976.0 14514414.0 14545002.0 14538005.0 14586178.0 14576332.0 14549528.0
156 18188338.0 18186324.0 18195233.0 18148099.0 18181336.0 18147790.0 18169816.0 18138845.0 18170676.0 18141808.0 18165230.0 18142657.0 18174107.0 18170981.0 18179197.0 18136949.0 18171269.0 18169168.0 18164035.0 18167551.0 18144117.0 18169957.0 18139050.0 18161612.0 18137512.0 18161602.0 18146330.0 18166518.0 18115374.0 18172324.0 18180122.0 18181341.0
159 18625106.0 18621158.0 18627739.0 18578281.0 18612706.0 18580641.0 18600193.0 18570160.0 18600578.0 18572545.0 18596459.0 18575021.0 18604354.0 18601280.0 18608832.0 18568241.0 18601023.0 18597848.0 18593453.0 18597613.0 18574811.0 18600100.0 18571294.0 18592085.0 18569458.0 18592470.0 18579109.0 18596689.0 18544776.0 18602811.0 18607578.0 18609345.0
162 18969789.0 18967471.0 18974326.0 18934105.0 18962165.0 18936999.0 18951300.0 18925278.0 18953284.0 18928174.0 18947579.0 18931482.0 18956073.0 18951936.0 18959102.0 18924464.0 18951537.0 18950027.0 18945309.0 18949625.0 18930665.0 18953692.0 18930074.0 18946268.0 18926137.0 18946918.0 18936048.0 18951353.0 18898340.0 18955654.0 18958938.0 18962563.0
165 19201057.0 19199943.0 19209751.0 19174271.0 19199846.0 19176842.0 19193070.0 19166177.0 19195038.0 19169622.0 19187809.0 19171737.0 19199165.0 19193566.0 19202126.0 19164186.0 19193515.0 19193410.0 19187239.0 19192334.0 19169984.0 19196091.0 19168600.0 19188021.0 19165898.0 19186875.0 19175949.0 19193666.0 19136576.0 19196784.0 19199605.0 19203443.0
168 19640513.0 19633536.0 19644411.0 19613263.0 19637432.0 19609702.0 19633799.0 19598706.0 19635840.0 19600445.0 19624765.0 19602546.0 19637117.0 19629277.0 19640731.0 19593396.0 19629381.0 19631461.0 19629862.0 19632021.0 19601131.0 19635438.0 19600973.0 19627122.0 19598399.0 19627040.0 19609776.0 19634714.0 19570474.0 19637900.0 19640202.0 19645853.0
171 19622261.0 19613144.0 19624783.0 19591185.0 19617324.0 19589738.0 19614365.0 19576441.0 19615156.0 19579381.0 19604206.0 19584109.0 19615308.0 19605669.0 19618635.0 19574174.0 19608226.0 19608208.0 19608691.0 19609821.0 19581469.0 19613611.0 19581922.0 19604218.0 19579842.0 19605448.0 19589514.0 19610668.0 19549362.0 19615277.0 19617700.0 19625816.0
174 19664897.0 19650379.0 19665387.0 19617684.0 19653586.0 19613720.0 19652350.0 19591329.0 19653273.0 19598186.0 19638932.0 19613953.0 19655032.0 19641637.0 19659358.0 19602130.0 19645784.0 19644547.0 19649223.0 19646284.0 19607833.0 19648885.0 19613007.0 19638036.0 19612218.0 19638576.0 19618725.0 19642507.0 19570022.0 19648091.0 19652956.0 19661178.0
177 19022229.0 18976744.0 18979412.0 18641067.0 18947293.0 18613147.0 18953589.0 18527480.0 18914639.0 18560508.0 18840397.0 18660868.0 18930186.0 18871051.0 18911826.0 18667146.0 18863308.0 18857681.0 18911565.0 18863075.0 18626264.0 18839439.0 18682413.0 18814307.0 18690125.0 18793352.0 18654699.0 18854411.0 18514754.0 18813711.0 18926878.0 18940806.0
180 9961486.0 9917851.0 9830522.0 9562636.0 9834980.0 9544560.0 9958579.0 9397835.0 9858551.0 9471357.0 9718689.0 9695019.0 9927311.0 9824889.0 9831864.0 9796365.0 9765729.0 9763611.0 9964812.0 9804757.0 9536339.0 9680256.0 9814327.0 9672196.0 9791948.0 9557028.0 9602759.0 9783797.0 9376172.0 9539746.0 9993092.0 10063186.0
183 8937957.0 8893376.0 8882907.0 8962422.0 8947840.0 9009644.0 9108467.0 8843905.0 9025314.0 8918324.0 8889295.0 9146283.0 9101091.0 8996613.0 8990634.0 9255571.0 8927053.0 8920824.0 9148130.0 8987034.0 8948021.0 8841196.0 9299848.0 8836077.0 9240616.0 8701023.0 9066533.0 8941643.0 8769726.0 8664744.0 9106768.0 9159232.0
186 1918064.0 1910896.0 1866794.0 1902892.0 1894328.0 1920285.0 1988940.0 1865891.0 1948088.0 1900749.0 1911569.0 1991011.0 1966108.0 1927854.0 1911611.0 2093367.0 1907544.0 1891408.0 2028464.0 1941757.0 1906617.0 1872605.0 2103328.0 1887063.0 2075643.0 1840533.0 1977734.0 1922195.0 1939930.0 1810510.0 2001116.0 1986426.0
189 346634.0 324717.0 273554.0 297167.0 280783.0 278144.0 298960.0 306609.0 291543.0 305342.0 312656.0 306308.0 286596.0 285071.0 283454.0 331465.0 301634.0 288871.0 334172.0 304190.0 287184.0 287367.0 313563.0 312914.0 322081.0 336542.0 278699.0 299826.0 387855.0 317366.0 340952.0 292762.0
192 344511.0 317864.0 267752.0 292396.0 273474.0 268582.0 285829.0 303101.0 280234.0 298248.0 305203.0 297050.0 276798.0 278151.0 273897.0 311897.0 293307.0 280451.0 315682.0 290918.0 278663.0 277335.0 291112.0 303511.0 300842.0 330955.0 264485.0 284974.0 379906.0 312987.0 320001.0 271127.0
195 344143.0 318386.0 267624.0 293593.0 273469.0 268222.0 285045.0 304404.0 280195.0 297548.0 304320.0 296467.0 274987.0 278127.0 273540.0 313093.0 293569.0 280796.0 314493.0 289506.0 278234.0 278491.0 290735.0 303595.0 299607.0 329824.0 264083.0 283503.0 378923.0 313837.0 319481.0 269472.0
198 343307.0 319421.0 266262.0 292661.0 272579.0 269072.0 284778.0 304333.0 279945.0 297883.0 303448.0 296651.0 274983.0 277417.0 274260.0 312420.0 293329.0 280951.0 314956.0 289946.0 278430.0 278471.0 290240.0 302186.0 298899.0 331392.0 263551.0 283708.0 380076.0 313226.0 317943.0 269204.0
201 344054.0 320072.0 267421.0 294401.0 273860.0 269929.0 284925.0 305278.0 280389.0 297492.0 305350.0 297566.0 273916.0 278768.0 274281.0 311890.0 293693.0 280928.0 315053.0 290071.0 279211.0 278435.0 291078.0 305146.0 300076.0 335328.0 264331.0 284707.0 381455.0 314084.0 319292.0 270214.0
204 343270.0 317804.0 267610.0 292793.0 272897.0 269064.0 285192.0 304460.0 280177.0 297953.0 302326.0 296011.0 275399.0 277747.0 274438.0 311853.0 294007.0 282206.0 314362.0 289809.0 278278.0 277635.0 289049.0 303002.0 299149.0 334378.0 264711.0 283264.0 380265.0 313175.0 318734.0 269852.0
207 342183.0 317692.0 266615.0 292193.0 271305.0 268770.0 285074.0 303736.0 278796.0 296423.0 301816.0 295752.0 275483.0 278362.0 272939.0 311931.0 292767.0 281061.0 313582.0 288417.0 278288.0 276004.0 288934.0 302181.0 300287.0 330208.0 263780.0 282788.0 378913.0 312599.0 317749.0 268437.0
210 341233.0 317810.0 265521.0 292723.0 270687.0 267252.0 283714.0 302261.0 277384.0 297016.0 302200.0 294525.0 273699.0 276496.0 273081.0 310617.0 292110.0 279931.0 312956.0 289167.0 278511.0 276442.0 288369.0 302115.0 297090.0 329672.0 263491.0 281396.0 379564.0 311306.0 317758.0 267823.0
213 342551.0 314720.0 265438.0 291079.0 271165.0 266734.0 282918.0 301432.0 277160.0 295868.0 301816.0 293844.0 274468.0 274285.0 272629.0 310538.0 292053.0 279715.0 312010.0 288391.0 277783.0 275521.0 288047.0 300527.0 299133.0 332359.0 261548.0 280958.0 376977.0 310972.0 316942.0 267359.0
216 340616.0 315874.0 265867.0 290403.0 270950.0 267058.0 282946.0 302125.0 277921.0 295420.0 300826.0 293972.0 274741.0 274176.0 272015.0 310146.0 291406.0 279098.0 311393.0 287021.0 277460.0 274463.0 287565.0 300944.0 297590.0 329359.0 260328.0 282018.0 375750.0 310607.0 316358.0 266873.0
219 338866.0 314423.0 264012.0 289021.0 269397.0 265948.0 282087.0 300357.0 276564.0 293461.0 300048.0 292562.0 272093.0 272464.0 271393.0 308442.0 290432.0 277788.0 309446.0 286231.0 276367.0 273643.0 286508.0 298954.0 295809.0 326105.0 260713.0 280161.0 375198.0 309291.0 315937.0 264965.0
222 337364.0 313392.0 262243.0 288014.0 267223.0 264094.0 280668.0 298206.0 273889.0 292443.0 299148.0 290956.0 271667.0 273172.0 269427.0 307303.0 290457.0 276299.0 309165.0 284844.0 275588.0 272766.0 286268.0 298795.0 295457.0 324906.0 259005.0 280115.0 373897.0 307507.0 313877.0 263935.0
225 335750.0 311732.0 261069.0 285936.0 265916.0 262961.0 277102.0 296025.0 272388.0 290695.0 296841.0 289847.0 268370.0 271896.0 267644.0 306203.0 287119.0 275545.0 306098.0 283927.0 274132.0 271576.0 283935.0 296978.0 292879.0 327448.0 257927.0 278288.0 372060.0 305410.0 312314.0 262247.0
228 332467.0 309167.0 259955.0 284081.0 265250.0 261939.0 276690.0 295083.0 272137.0 289126.0 295286.0 286675.0 268234.0 271385.0 266315.0 304051.0 286786.0 274755.0 304954.0 283263.0 272509.0 269765.0 280799.0 295180.0 292187.0 319420.0 256417.0 276530.0 369577.0 304501.0 310316.0 260731.0
231 324370.0 307759.0 257512.0 274167.0 262559.0 256512.0 271545.0 290381.0 262827.0 284126.0 292557.0 280966.0 259668.0 268922.0 260554.0 301237.0 282889.0 270912.0 302461.0 280205.0 270545.0 266986.0 277965.0 292548.0 288182.0 317341.0 251242.0 273696.0 367971.0 297790.0 305197.0 250539.0
234 286152.0 302376.0 240943.0 237935.0 253144.0 237826.0 247416.0 270540.0 231308.0 267567.0 286884.0 253456.0 230655.0 264848.0 234254.0 292804.0 276425.0 260809.0 285178.0 271889.0 266554.0 252296.0 263290.0 288159.0 278764.0 306664.0 228448.0 265140.0 361751.0 276418.0 292315.0 216996.0
237 190446.0 281454.0 192684.0 151526.0 216103.0 180804.0 179595.0 212264.0 154487.0 213001.0 262942.0 177507.0 158914.0 247149.0 163792.0 265899.0 253062.0 220380.0 237400.0 241692.0 251247.0 207212.0 212424.0 267967.0 243574.0 267948.0 164424.0 237051.0 343101.0 216134.0 246039.0 143995.0
240 82854.0 219440.0 112140.0 64983.0 136323.0 92597.0 88076.0 117512.0 68098.0 120749.0 194958.0 78638.0 72893.0 196172.0 74762.0 192053.0 190958.0 140065.0 145723.0 170158.0 202118.0 124220.0 122745.0 211044.0 158892.0 182963.0 79036.0 168621.0 288562.0 121185.0 155022.0 63934.0
243 31370.0 129721.0 47327.0 25112.0 59249.0 34937.0 33747.0 46866.0 25816.0 49363.0 104591.0 28317.0 26954.0 116350.0 26918.0 98804.0 107575.0 62288.0 61985.0 84463.0 120191.0 52165.0 49851.0 123102.0 68406.0 88396.0 29703.0 84615.0 193220.0 49007.0 68396.0 24236.0
246 19749.0 53757.0 20306.0 16397.0 22918.0 16747.0 17495.0 21373.0 15412.0 22005.0 38842.0 16868.0 15409.0 47083.0 15022.0 36723.0 41098.0 24226.0 24574.0 30994.0 46616.0 21105.0 20878.0 47797.0 25856.0 32773.0 16183.0 30085.0 85982.0 22010.0 25992.0 14475.0
249 16853.0 24358.0 14620.0 13992.0 15534.0 13574.0 14084.0 16457.0 12884.0 16378.0 20147.0 14077.0 12724.0 21137.0 12694.0 20078.0 20249.0 16159.0 17269.0 17926.0 21014.0 15283.0 15296.0 22287.0 17421.0 20479.0 12902.0 17382.0 34740.0 16850.0 17186.0 12424.0
252 14998.0 18178.0 12391.0 12653.0 13057.0 11936.0 12614.0 14125.0 11476.0 14183.0 17162.0 12784.0 11455.0 16472.0 11457.0 16775.0 16469.0 13751.0 15135.0 14876.0 16477.0 13232.0 13632.0 17842.0 15147.0 17374.0 11165.0 14405.0 25112.0 14905.0 14932.0 10977.0
255 14048.0 15711.0 11016.0 11645.0 11915.0 11112.0 11533.0 12698.0 10758.0 12662.0 14769.0 11690.0 10687.0 13767.0 10520.0 14337.0 14098.0 12340.0 13142.0 13027.0 14140.0 11697.0 12258.0 15004.0 13122.0 15010.0 10277.0 12920.0 21316.0 13686.0 13412.0 10421.0
258 13556.0 13648.0 10268.0 11540.0 10928.0 10698.0 11226.0 11818.0 10478.0 11662.0 13034.0 11099.0 10326.0 12047.0 10135.0 12696.0 12596.0 11527.0 12547.0 11794.0 12750.0 10894.0 11674.0 13335.0 12198.0 13860.0 9939.0 11620.0 18698.0 12924.0 12861.0 9928.0
261 13481.0 12568.0 10063.0 11395.0 10610.0 10262.0 10850.0 11603.0 10125.0 11634.0 12638.0 11111.0 10204.0 11350.0 9849.0 12301.0 11890.0 11113.0 11976.0 11201.0 11940.0 10534.0 11160.0 12639.0 11855.0 13335.0 9550.0 11378.0 17256.0 12607.0 12211.0 9758.0
264 13228.0 12324.0 9901.0 11096.0 10646.0 10125.0 10936.0 11269.0 10239.0 11342.0 12257.0 10969.0 9913.0 11283.0 9785.0 12005.0 11439.0 10924.0 11870.0 11033.0 11423.0 10291.0 11143.0 12191.0 11713.0 13184.0 9452.0 11204.0 16693.0 12528.0 12054.0 9695.0
267 13199.0 12260.0 9888.0 10982.0 10355.0 10148.0 10596.0 11202.0 9926.0 11255.0 12099.0 10840.0 9602.0 11039.0 9550.0 11800.0 11356.0 10872.0 11625.0 10886.0 11485.0 10162.0 10920.0 11885.0 11559.0 13018.0 9544.0 11109.0 16381.0 12430.0 11967.0 9784.0
270 12986.0 11867.0 9611.0 10864.0 10385.0 9967.0 10548.0 10941.0 9875.0 11148.0 11932.0 10518.0 9694.0 10982.0 9434.0 11683.0 11439.0 10708.0 11538.0 10735.0 11430.0 9898.0 10664.0 11985.0 11097.0 12804.0 9437.0 10751.0 16165.0 12175.0 11859.0 9366.0
273 12653.0 11738.0 9377.0 10650.0 10415.0 9611.0 10527.0 11071.0 9689.0 11066.0 11567.0 10379.0 9389.0 10543.0 9399.0 11735.0 11266.0 10632.0 11356.0 10618.0 11244.0 10006.0 10613.0 11748.0 11066.0 12474.0 9140.0 10773.0 16104.0 11933.0 11694.0 9320.0
276 12547.0 11632.0 9265.0 10511.0 10054.0 9658.0 10284.0 10994.0 9556.0 10733.0 11735.0 10475.0 9410.0 10613.0 9144.0 11318.0 11140.0 10238.0 11399.0 10773.0 11081.0 9803.0 10441.0 11543.0 11078.0 12290.0 9032.0 10499.0 15884.0 11764.0 11400.0 9257.0
279 12358.0 11687.0 9305.0 10544.0 9825.0 9457.0 10079.0 10614.0 9623.0 10718.0 11425.0 10049.0 9224.0 10529.0 9099.0 11314.0 10891.0 10375.0 11055.0 10350.0 10900.0 9858.0 10309.0 11267.0 10946.0 12191.0 8976.0 10562.0 15466.0 11622.0 11368.0 9076.0
282 12068.0 11344.0 8984.0 10091.0 9543.0 9296.0 9803.0 10377.0 9279.0 10499.0 11336.0 10007.0 9032.0 10085.0 8560.0 10972.0 10775.0 10002.0 10870.0 10339.0 10786.0 9407.0 10134.0 11437.0 10818.0 11965.0 8695.0 10250.0 15443.0 11592.0 10904.0 8960.0
285 11944.0 11466.0 8928.0 9971.0 9608.0 8989.0 9734.0 10139.0 9068.0 10392.0 11206.0 9606.0 8709.0 10032.0 8757.0 10832.0 10459.0 9991.0 10641.0 9954.0 10677.0 9366.0 9976.0 11154.0 10420.0 11963.0 8485.0 10152.0 15197.0 11417.0 10920.0 8673.0
288 11452.0 11080.0 8753.0 9802.0 9337.0 8986.0 9467.0 9908.0 8940.0 10148.0 10794.0 9442.0 8625.0 9637.0 8469.0 10627.0 10266.0 9575.0 10302.0 9707.0 10453.0 9194.0 9711.0 10791.0 10305.0 11658.0 8411.0 9895.0 14710.0 11003.0 10590.0 8301.0
291 11269.0 10697.0 8527.0 9239.0 9166.0 8597.0 9301.0 9632.0 8626.0 9689.0 10640.0 9148.0 8175.0 9434.0 8130.0 10323.0 10058.0 9510.0 10206.0 9457.0 10546.0 9002.0 9506.0 10769.0 9865.0 11322.0 8022.0 9649.0 14334.0 10692.0 10478.0 8042.0
294 10743.0 10408.0 8196.0 9015.0 8839.0 8612.0 8804.0 9483.0 8384.0 9530.0 10609.0 8819.0 8076.0 9282.0 8016.0 10258.0 10031.0 9165.0 9855.0 9515.0 10087.0 8825.0 9182.0 10686.0 9597.0 11251.0 7845.0 9600.0 14346.0 10442.0 10197.0 7675.0
297 9919.0 10209.0 8025.0 8231.0 8831.0 8014.0 8170.0 9174.0 7408.0 9134.0 10137.0 8261.0 7445.0 9288.0 7468.0 9856.0 9774.0 8915.0 9451.0 9261.0 9695.0 8380.0 8774.0 10236.0 9247.0 10719.0 7286.0 9185.0 13902.0 9994.0 9794.0 6918.0
300 8871.0 10031.0 7523.0 6869.0 8167.0 7548.0 7362.0 8619.0 6340.0 8626.0 9795.0 7323.0 6569.0 8923.0 6788.0 9402.0 9565.0 8246.0 8972.0 8774.0 9718.0 7825.0 8084.0 10011.0 9105.0 10316.0 6829.0 8890.0 13672.0 9283.0 9184.0 5631.0
303 6830.0 9479.0 6586.0 5031.0 7281.0 6472.0 5943.0 7430.0 4672.0 7519.0 9439.0 5726.0 5188.0 8557.0 5415.0 8910.0 8912.0 7507.0 8023.0 8178.0 9191.0 7047.0 6909.0 9561.0 8406.0 9851.0 5240.0 8393.0 13108.0 8372.0 8438.0 4143.0
306 4330.0 8670.0 4990.0 2936.0 6083.0 4556.0 3623.0 5491.0 2818.0 5838.0 8509.0 3460.0 3307.0 7862.0 3576.0 7913.0 8111.0 5954.0 6309.0 7081.0 8620.0 5891.0 5197.0 8957.0 7029.0 8597.0 3478.0 7284.0 12317.0 6174.0 6741.0 2209.0
309 2230.0 7284.0 3416.0 1538.0 4220.0 2717.0 2099.0 3682.0 1430.0 3650.0 6887.0 1759.0 1652.0 6752.0 1842.0 6362.0 7085.0 4186.0 4270.0 5424.0 7219.0 3965.0 3175.0 7688.0 4958.0 6848.0 1817.0 5439.0 11399.0 4100.0 4588.0 1055.0
312 1215.0 5831.0 1925.0 921.0 2528.0 1362.0 1204.0 2064.0 792.0 2116.0 5070.0 932.0 896.0 5315.0 943.0 4080.0 5260.0 2395.0 2366.0 3690.0 5711.0 2195.0 1671.0 5839.0 2883.0 4540.0 952.0 3582.0 9377.0 2198.0 2628.0 683.0
315 874.0 4036.0 1085.0 707.0 1340.0 801.0 803.0 1153.0 625.0 1206.0 3172.0 695.0 633.0 3601.0 661.0 2501.0 3471.0 1322.0 1381.0 2096.0 3890.0 1240.0 911.0 4082.0 1510.0 2785.0 644.0 2039.0 7018.0 1160.0 1352.0 585.0
318 827.0 2298.0 740.0 632.0 771.0 634.0 644.0 793.0 568.0 772.0 1693.0 594.0 543.0 2020.0 588.0 1302.0 1865.0 823.0 879.0 1131.0 2114.0 759.0 748.0 2243.0 907.0 1413.0 585.0 1006.0 4290.0 845.0 860.0 497.0
321 766.0 1252.0 582.0 587.0 688.0 596.0 602.0 641.0 530.0 670.0 987.0 567.0 512.0 1132.0 508.0 834.0 1090.0 665.0 730.0 793.0 1155.0 632.0 657.0 1235.0 704.0 1028.0 486.0 732.0 2329.0 747.0 677.0 506.0
324 752.0 882.0 546.0 558.0 639.0 541.0 613.0 635.0 489.0 626.0 836.0 502.0 504.0 786.0 513.0 726.0 788.0 589.0 680.0 631.0 789.0 545.0 635.0 926.0 633.0 826.0 493.0 688.0 1473.0 685.0 653.0 502.0
327 669.0 747.0 514.0 565.0 557.0 553.0 584.0 583.0 521.0 603.0 753.0 551.0 489.0 745.0 487.0 712.0 688.0 593.0 639.0 567.0 745.0 500.0 559.0 734.0 654.0 735.0 478.0 634.0 1177.0 662.0 613.0 447.0
330 669.0 735.0 475.0 528.0 578.0 529.0 553.0 555.0 539.0 570.0 670.0 509.0 486.0 609.0 449.0 637.0 663.0 558.0 606.0 597.0 671.0 520.0 562.0 686.0 597.0 640.0 438.0 601.0 1071.0 640.0 626.0 499.0
333 709.0 643.0 450.0 552.0 579.0 523.0 531.0 547.0 480.0 595.0 634.0 561.0 475.0 510.0 446.0 631.0 635.0 564.0 605.0 567.0 666.0 516.0 515.0 663.0 604.0 675.0 449.0 547.0 984.0 619.0 589.0 431.0
336 653.0 615.0 484.0 529.0 558.0 512.0 507.0 568.0 479.0 529.0 626.0 527.0 431.0 598.0 448.0 617.0 620.0 581.0 561.0 581.0 673.0 537.0 525.0 651.0 602.0 629.0 422.0 561.0 939.0 663.0 587.0 460.0
339 623.0 663.0 472.0 529.0 510.0 512.0 517.0 557.0 444.0 550.0 602.0 504.0 474.0 604.0 446.0 582.0 622.0 522.0 576.0 547.0 670.0 507.0 570.0 672.0 524.0 639.0 450.0 554.0 872.0 608.0 587.0 410.0
342 628.0 622.0 454.0 480.0 487.0 462.0 542.0 577.0 473.0 571.0 624.0 445.0 435.0 568.0 409.0 612.0 610.0 555.0 570.0 533.0 662.0 476.0 493.0 605.0 588.0 579.0 440.0 564.0 888.0 631.0 604.0 399.0
345 545.0 607.0 485.0 522.0 501.0 464.0 463.0 507.0 475.0 578.0 587.0 482.0 426.0 549.0 405.0 573.0 596.0 502.0 509.0 508.0 586.0 511.0 465.0 615.0 557.0 597.0 415.0 534.0 903.0 626.0 551.0 401.0
348 588.0 582.0 421.0 493.0 474.0 436.0 475.0 500.0 400.0 544.0 611.0 482.0 401.0 533.0 398.0 569.0 537.0 539.0 508.0 534.0 606.0 496.0 490.0 584.0 550.0 629.0 454.0 555.0 840.0 595.0 542.0 376.0
351 571.0 602.0 419.0 471.0 494.0 419.0 440.0 509.0 413.0 473.0 592.0 416.0 368.0 532.0 362.0 537.0 531.0 485.0 503.0 505.0 581.0 408.0 501.0 557.0 513.0 617.0 370.0 482.0 837.0 570.0 567.0 388.0
354 495.0 541.0 416.0 487.0 441.0 427.0 450.0 437.0 402.0 497.0 525.0 419.0 387.0 549.0 394.0 511.0 530.0 468.0 507.0 513.0 598.0 456.0 474.0 544.0 525.0 633.0 406.0 510.0 791.0 525.0 535.0 346.0
357 497.0 536.0 385.0 431.0 451.0 383.0 459.0 455.0 338.0 437.0 540.0 409.0 386.0 506.0 319.0 470.0 514.0 460.0 486.0 449.0 579.0 414.0 440.0 603.0 501.0 588.0 352.0 487.0 756.0 501.0 495.0 319.0
360 506.0 513.0 355.0 357.0 425.0 374.0 390.0 446.0 371.0 433.0 564.0 379.0 361.0 501.0 322.0 514.0 481.0 433.0 499.0 424.0 498.0 397.0 435.0 548.0 459.0 523.0 326.0 467.0 762.0 493.0 478.0 278.0
363 412.0 505.0 317.0 336.0 468.0 359.0 350.0 404.0 300.0 433.0 526.0 317.0 336.0 462.0 309.0 458.0 478.0 378.0 473.0 400.0 526.0 377.0 377.0 502.0 444.0 529.0 301.0 460.0 711.0 463.0 435.0 246.0
366 341.0 476.0 328.0 229.0 354.0 310.0 272.0 380.0 234.0 372.0 478.0 260.0 241.0 448.0 264.0 470.0 510.0 396.0 369.0 428.0 495.0 343.0 350.0 490.0 410.0 485.0 227.0 396.0 721.0 433.0 434.0 193.0
369 250.0 469.0 259.0 150.0 333.0 245.0 207.0 301.0 163.0 321.0 424.0 193.0 182.0 441.0 185.0 403.0 419.0 329.0 379.0 390.0 468.0 339.0 250.0 497.0 350.0 455.0 195.0 420.0 721.0 317.0 369.0 120.0
372 167.0 404.0 221.0 106.0 297.0 170.0 170.0 250.0 107.0 262.0 447.0 105.0 126.0 412.0 128.0 380.0 398.0 257.0 273.0 350.0 464.0 258.0 237.0 408.0 337.0 389.0 121.0 303.0 638.0 267.0 278.0 62.0
375 105.0 410.0 153.0 77.0 222.0 120.0 101.0 171.0 73.0 190.0 354.0 64.0 71.0 356.0 86.0 310.0 342.0 180.0 218.0 300.0 405.0 197.0 135.0 417.0 228.0 374.0 85.0 271.0 608.0 230.0 213.0 38.0
378 59.0 303.0 80.0 41.0 135.0 76.0 60.0 104.0 44.0 112.0 297.0 48.0 38.0 278.0 43.0 231.0 320.0 113.0 129.0 209.0 308.0 128.0 84.0 331.0 170.0 259.0 52.0 189.0 544.0 146.0 123.0 38.0
381 46.0 242.0 58.0 35.0 76.0 45.0 28.0 72.0 41.0 74.0 234.0 32.0 40.0 209.0 34.0 136.0 250.0 77.0 78.0 125.0 258.0 63.0 51.0 246.0 88.0 207.0 36.0 130.0 441.0 73.0 72.0 30.0
384 54.0 197.0 54.0 37.0 46.0 43.0 37.0 56.0 36.0 56.0 157.0 41.0 29.0 151.0 31.0 105.0 202.0 60.0 57.0 96.0 190.0 52.0 47.0 198.0 67.0 126.0 30.0 95.0 371.0 65.0 64.0 27.0
387 42.0 126.0 32.0 38.0 42.0 37.0 41.0 51.0 23.0 39.0 101.0 38.0 24.0 123.0 29.0 85.0 120.0 51.0 46.0 59.0 129.0 39.0 47.0 134.0 50.0 90.0 26.0 60.0 283.0 46.0 46.0 34.0
390 46.0 87.0 39.0 35.0 37.0 34.0 33.0 37.0 23.0 32.0 62.0 33.0 23.0 71.0 21.0 46.0 99.0 44.0 34.0 39.0 77.0 34.0 52.0 81.0 51.0 61.0 22.0 43.0 186.0 36.0 39.0 29.0
393 36.0 62.0 27.0 32.0 34.0 27.0 31.0 37.0 21.0 41.0 47.0 29.0 25.0 49.0 25.0 47.0 50.0 37.0 29.0 41.0 61.0 34.0 50.0 65.0 46.0 59.0 32.0 49.0 108.0 49.0 41.0 17.0
396 52.0 51.0 26.0 36.0 35.0 31.0 30.0 43.0 27.0 29.0 47.0 29.0 18.0 45.0 24.0 34.0 45.0 37.0 35.0 40.0 44.0 30.0 39.0 61.0 48.0 42.0 33.0 35.0 79.0 45.0 30.0 37.0
399 31.0 48.0 27.0 34.0 29.0 32.0 38.0 31.0 20.0 42.0 39.0 16.0 19.0 46.0 19.0 38.0 39.0 35.0 40.0 38.0 39.0 28.0 30.0 45.0 27.0 41.0 26.0 40.0 79.0 37.0 38.0 31.0
402 33.0 42.0 24.0 27.0 40.0 24.0 27.0 22.0 18.0 35.0 39.0 29.0 27.0 38.0 35.0 25.0 34.0 49.0 32.0 29.0 50.0 24.0 24.0 42.0 39.0 36.0 20.0 36.0 67.0 37.0 42.0 23.0
405 33.0 46.0 22.0 29.0 40.0 26.0 30.0 23.0 22.0 24.0 43.0 33.0 26.0 37.0 21.0 32.0 37.0 34.0 28.0 26.0 36.0 35.0 34.0 40.0 32.0 39.0 29.0 27.0 58.0 36.0 26.0 24.0
408 27.0 42.0 32.0 27.0 40.0 31.0 23.0 22.0 24.0 23.0 35.0 31.0 31.0 33.0 20.0 32.0 25.0 35.0 33.0 30.0 41.0 29.0 30.0 42.0 35.0 36.0 21.0 41.0 54.0 40.0 29.0 18.0
411 40.0 39.0 17.0 27.0 32.0 28.0 29.0 28.0 23.0 36.0 40.0 25.0 18.0 39.0 28.0 35.0 44.0 30.0 22.0 34.0 38.0 29.0 29.0 40.0 25.0 25.0 24.0 35.0 51.0 28.0 44.0 19.0
414 32.0 36.0 26.0 24.0 16.0 38.0 28.0 26.0 28.0 28.0 35.0 32.0 13.0 30.0 25.0 25.0 31.0 18.0 33.0 31.0 42.0 32.0 29.0 30.0 20.0 43.0 19.0 31.0 58.0 31.0 28.0 21.0
417 27.0 38.0 21.0 17.0 32.0 24.0 21.0 30.0 22.0 30.0 33.0 26.0 23.0 43.0 20.0 37.0 28.0 31.0 34.0 21.0 27.0 27.0 20.0 45.0 26.0 33.0 15.0 41.0 47.0 32.0 19.0 17.0
420 25.0 29.0 19.0 21.0 24.0 23.0 20.0 24.0 19.0 23.0 38.0 26.0 16.0 19.0 19.0 35.0 40.0 30.0 35.0 26.0 33.0 28.0 22.0 30.0 28.0 32.0 26.0 32.0 56.0 42.0 23.0 14.0
423 24.0 36.0 19.0 17.0 19.0 22.0 23.0 26.0 17.0 28.0 33.0 21.0 26.0 39.0 23.0 24.0 38.0 30.0 33.0 32.0 41.0 25.0 29.0 28.0 21.0 26.0 10.0 32.0 47.0 29.0 35.0 13.0
426 15.0 32.0 17.0 16.0 23.0 15.0 19.0 22.0 11.0 25.0 28.0 12.0 11.0 27.0 19.0 29.0 28.0 19.0 31.0 24.0 33.0 24.0 20.0 38.0 30.0 37.0 14.0 21.0 58.0 31.0 27.0 14.0
429 14.0 32.0 19.0 16.0 21.0 19.0 10.0 25.0 7.0 20.0 21.0 5.0 13.0 27.0 13.0 35.0 31.0 19.0 15.0 22.0 31.0 20.0 12.0 35.0 30.0 36.0 12.0 23.0 53.0 23.0 25.0 7.0
432 12.0 21.0 14.0 8.0 21.0 12.0 10.0 16.0 9.0 15.0 23.0 6.0 9.0 22.0 10.0 25.0 25.0 17.0 20.0 27.0 24.0 21.0 10.0 33.0 21.0 26.0 14.0 16.0 49.0 14.0 26.0 3.0
435 6.0 22.0 13.0 3.0 10.0 1.0 4.0 16.0 2.0 14.0 29.0 4.0 6.0 29.0 2.0 18.0 30.0 15.0 17.0 24.0 25.0 12.0 12.0 26.0 18.0 21.0 7.0 23.0 40.0 11.0 13.0 4.0
438 7.0 28.0 7.0 3.0 12.0 7.0 7.0 6.0 6.0 8.0 18.0 5.0 3.0 21.0 0.0 11.0 27.0 8.0 6.0 18.0 21.0 13.0 4.0 26.0 20.0 23.0 4.0 13.0 31.0 14.0 14.0 5.0
441 5.0 20.0 8.0 1.0 9.0 5.0 3.0 4.0 1.0 4.0 13.0 0.0 1.0 14.0 4.0 11.0 19.0 6.0 5.0 9.0 16.0 8.0 1.0 23.0 5.0 14.0 4.0 10.0 33.0 5.0 7.0 3.0
444 1.0 8.0 4.0 2.0 7.0 6.0 1.0 5.0 1.0 0.0 20.0 0.0 1.0 16.0 2.0 8.0 12.0 5.0 3.0 7.0 13.0 4.0 6.0 18.0 4.0 11.0 3.0 6.0 30.0 5.0 8.0 3.0
447 3.0 5.0 3.0 0.0 2.0 2.0 4.0 2.0 3.0 2.0 11.0 2.0 1.0 8.0 6.0 9.0 18.0 6.0 3.0 5.0 11.0 3.0 3.0 12.0 5.0 12.0 0.0 1.0 31.0 4.0 6.0 1.0
