150 5780.0 6413.0 8364.0 5060.0 7681.0 8119.0 6866.0 6289.0 6244.0 12011.0 7092.0 9216.0 8382.0 7881.0 7899.0 5276.0 8181.0 7075.0 5568.0 8279.0 10184.0 6530.0 8142.0 8356.0 5946.0 12156.0 11033.0 9622.0 10366.0 9249.0 11246.0 7333.0
153 17622179.0 17620466.0 17618940.0 17612069.0 17617748.0 17612196.0 17616555.0 17612143.0 17616442.0 17610624.0 17616779.0 17606775.0 17617533.0 17613940.0 17617010.0 17608642.0 17617240.0 17615452.0 17614041.0 17614884.0 17612734.0 17612805.0 17605268.0 17614390.0 17608669.0 17616726.0 17609994.0 17616760.0 17610741.0 17619572.0 17622276.0 17618340.0
156 18059946.0 18057075.0 18054277.0 18044846.0 18054254.0 18043997.0 18051161.0 18044666.0 18051103.0 18042350.0 18051181.0 18041195.0 18051749.0 18051350.0 18051512.0 18044272.0 18051616.0 18050136.0 18049983.0 18049446.0 18043421.0 18047996.0 18040159.0 18048987.0 18043119.0 18048716.0 18041472.0 18049533.0 18042085.0 18050807.0 18053446.0 18052993.0
159 18277117.0 18274904.0 18273038.0 18264805.0 18272887.0 18263915.0 18270546.0 18264547.0 18270193.0 18263127.0 18270351.0 18262749.0 18271016.0 18271513.0 18270594.0 18264782.0 18270858.0 18269309.0 18269369.0 18268945.0 18263062.0 18267647.0 18261826.0 18268341.0 18263392.0 18267904.0 18262077.0 18268211.0 18262399.0 18268751.0 18270810.0 18270983.0
162 18518027.0 18516930.0 18516010.0 18513432.0 18515901.0 18513024.0 18514827.0 18513313.0 18514910.0 18512125.0 18514888.0 18511643.0 18514819.0 18515272.0 18514990.0 18512860.0 18514834.0 18514522.0 18514554.0 18514619.0 18512622.0 18514222.0 18511338.0 18514532.0 18512536.0 18514365.0 18511949.0 18514678.0 18512274.0 18514874.0 18515656.0 18515605.0
165 18702332.0 18700864.0 18699554.0 18694438.0 18699456.0 18694192.0 18697530.0 18694637.0 18697370.0 18694366.0 18697326.0 18694050.0 18698370.0 18698679.0 18698250.0 18694274.0 18697741.0 18696885.0 18696808.0 18696892.0 18693106.0 18696021.0 18692754.0 18696693.0 18693283.0 18696169.0 18692754.0 18696290.0 18692758.0 18696249.0 18696924.0 18697186.0
168 18641495.0 18640824.0 18640101.0 18638239.0 18640063.0 18638209.0 18639155.0 18638305.0 18639134.0 18638176.0 18639144.0 18638076.0 18639306.0 18639051.0 18639013.0 18638187.0 18639100.0 18638798.0 18638833.0 18639025.0 18637959.0 18638734.0 18637761.0 18638846.0 18637932.0 18639095.0 18637855.0 18639001.0 18637918.0 18638963.0 18639466.0 18639532.0
171 18710067.0 18710017.0 18709959.0 18709105.0 18710005.0 18709225.0 18709527.0 18709488.0 18709510.0 18709358.0 18709480.0 18709331.0 18709596.0 18709551.0 18709603.0 18709857.0 18709442.0 18709330.0 18709311.0 18709437.0 18708671.0 18709200.0 18708419.0 18709315.0 18708687.0 18709389.0 18708531.0 18709418.0 18708582.0 18709385.0 18709633.0 18709658.0
174 18765638.0 18764216.0 18763945.0 18757914.0 18765913.0 18756785.0 18761562.0 18759215.0 18759476.0 18759969.0 18761026.0 18761350.0 18760830.0 18761706.0 18759732.0 18762495.0 18759668.0 18759264.0 18759044.0 18758055.0 18755723.0 18757493.0 18754910.0 18756718.0 18755459.0 18755507.0 18753725.0 18755378.0 18753774.0 18754474.0 18755432.0 18755786.0
177 18633881.0 18616649.0 18613875.0 18495859.0 18633831.0 18432804.0 18601512.0 18464283.0 18567860.0 18468677.0 18590829.0 18534441.0 18597274.0 18601781.0 18577898.0 18557658.0 18588031.0 18580140.0 18584034.0 18562914.0 18439359.0 18568810.0 18471119.0 18552306.0 18487287.0 18527249.0 18422043.0 18536668.0 18431143.0 18517788.0 18541743.0 18559626.0
180 11543238.0 11497226.0 11536271.0 11333481.0 11698173.0 11142354.0 11583267.0 11305037.0 11412931.0 11318140.0 11578474.0 11652009.0 11630191.0 11717717.0 11562133.0 11770782.0 11621410.0 11624141.0 11700610.0 11508857.0 11207345.0 11658928.0 11466956.0 11546354.0 11574744.0 11300034.0 11151800.0 11415069.0 11228555.0 11226176.0 11394185.0 11664922.0
183 9966852.0 9956263.0 10035348.0 10074682.0 10218709.0 9830193.0 10123967.0 10043626.0 9915645.0 10056738.0 10119487.0 10522847.0 10190915.0 10305565.0 10100166.0 10648375.0 10175132.0 10179282.0 10272561.0 10033718.0 9908341.0 10224160.0 10295071.0 10080983.0 10447019.0 9756759.0 9863912.0 9905056.0 9963177.0 9651890.0 9854566.0 10170708.0
186 6811448.0 6808660.0 6903911.0 7025515.0 7060991.0 6754344.0 6982651.0 6958852.0 6753414.0 6984697.0 6954501.0 7493135.0 7020375.0 7140419.0 6907030.0 7570785.0 6987935.0 7000090.0 7083272.0 6844644.0 6827408.0 7057589.0 7230449.0 6898741.0 7401271.0 6567752.0 6801991.0 6721638.0 6911632.0 6442379.0 6643051.0 6957255.0
189 1467847.0 1460451.0 1520680.0 1436431.0 1605860.0 1342013.0 1542242.0 1410847.0 1413058.0 1467268.0 1532847.0 1708168.0 1572937.0 1651798.0 1489719.0 1690287.0 1547475.0 1562421.0 1593989.0 1495841.0 1395309.0 1605551.0 1526390.0 1530346.0 1598005.0 1395884.0 1385093.0 1465899.0 1429567.0 1328894.0 1430936.0 1570262.0
192 89082.0 87361.0 102368.0 76308.0 100750.0 83269.0 88925.0 78064.0 87428.0 100195.0 95031.0 114421.0 97682.0 118066.0 92269.0 94843.0 93076.0 97077.0 89723.0 98623.0 99455.0 94548.0 96144.0 98846.0 92863.0 107600.0 92639.0 103436.0 92789.0 87391.0 97907.0 108412.0
195 87076.0 85642.0 97826.0 73570.0 93361.0 82221.0 83649.0 75954.0 85688.0 97152.0 90307.0 100448.0 93288.0 110677.0 91113.0 85567.0 89378.0 91165.0 84387.0 95132.0 97660.0 83223.0 92382.0 94413.0 86106.0 104106.0 89913.0 98162.0 89182.0 86186.0 94381.0 99130.0
198 86748.0 85043.0 98173.0 73026.0 93542.0 82473.0 83622.0 75905.0 85648.0 97068.0 90547.0 99662.0 92809.0 110382.0 90422.0 85142.0 90077.0 89915.0 83765.0 94906.0 97565.0 83729.0 92241.0 94285.0 85389.0 104724.0 90093.0 98511.0 88829.0 85293.0 94075.0 99184.0
201 86133.0 84234.0 97616.0 69349.0 93271.0 80859.0 82852.0 74941.0 83847.0 96436.0 89927.0 99518.0 92875.0 109960.0 89864.0 84224.0 88790.0 90079.0 82767.0 94436.0 96278.0 83314.0 92250.0 93341.0 84669.0 104467.0 88496.0 98152.0 88054.0 82360.0 93386.0 97681.0
204 81170.0 79517.0 96662.0 55916.0 92754.0 77458.0 82138.0 69643.0 76330.0 94963.0 87929.0 99560.0 92220.0 108183.0 88566.0 80357.0 87817.0 87758.0 78847.0 93473.0 91148.0 82317.0 91469.0 92492.0 79407.0 103036.0 87099.0 94905.0 85553.0 70254.0 90168.0 93251.0
207 61032.0 63146.0 94275.0 29723.0 91342.0 62301.0 79091.0 51391.0 51054.0 92984.0 79547.0 97936.0 89101.0 101524.0 80250.0 63130.0 81238.0 81649.0 62865.0 85666.0 71469.0 79630.0 88611.0 88932.0 61555.0 100362.0 78583.0 82651.0 75556.0 41424.0 77040.0 76348.0
210 29271.0 33701.0 82173.0 9702.0 84353.0 34124.0 66870.0 24519.0 21042.0 81606.0 55328.0 92662.0 75148.0 78620.0 57395.0 33593.0 62263.0 61277.0 33545.0 66687.0 37770.0 70030.0 76666.0 74654.0 31578.0 85425.0 56241.0 53567.0 51548.0 14786.0 50456.0 47761.0
213 7579.0 9838.0 50574.0 2590.0 59506.0 10008.0 37337.0 6321.0 4954.0 50770.0 21961.0 72809.0 42478.0 37488.0 23193.0 9884.0 29547.0 28533.0 9420.0 33559.0 10640.0 45461.0 47815.0 41800.0 8582.0 53657.0 23951.0 19431.0 21156.0 3607.0 19474.0 17560.0
216 2482.0 2641.0 16290.0 1653.0 22419.0 2768.0 11083.0 2156.0 2132.0 17058.0 5008.0 35221.0 11854.0 9308.0 5262.0 2877.0 7537.0 7374.0 2726.0 8920.0 3125.0 16882.0 16161.0 11965.0 2534.0 19223.0 5932.0 4754.0 5437.0 1951.0 4764.0 4442.0
219 1910.0 1890.0 4119.0 1312.0 5161.0 1933.0 3019.0 1671.0 1718.0 4380.0 2266.0 9379.0 3310.0 3197.0 2413.0 2000.0 2652.0 2758.0 1975.0 2918.0 2345.0 4358.0 4134.0 3405.0 1877.0 5004.0 2406.0 2428.0 2471.0 1647.0 2361.0 2212.0
222 1545.0 1520.0 2468.0 1054.0 2529.0 1654.0 2069.0 1419.0 1533.0 2490.0 1947.0 3237.0 2257.0 2472.0 1989.0 1604.0 2127.0 2026.0 1573.0 2162.0 1982.0 2126.0 2449.0 2347.0 1600.0 2652.0 1952.0 1903.0 1936.0 1298.0 1990.0 1882.0
225 1277.0 1268.0 2080.0 901.0 2127.0 1325.0 1860.0 1118.0 1236.0 2207.0 1602.0 2397.0 1885.0 2115.0 1737.0 1298.0 1764.0 1731.0 1365.0 1901.0 1656.0 1742.0 2070.0 2014.0 1343.0 2139.0 1660.0 1594.0 1653.0 1082.0 1618.0 1627.0
228 1117.0 1024.0 1740.0 798.0 1821.0 1058.0 1547.0 990.0 1033.0 1718.0 1315.0 2044.0 1582.0 1803.0 1376.0 1040.0 1507.0 1442.0 1099.0 1524.0 1346.0 1555.0 1777.0 1690.0 1114.0 1980.0 1391.0 1352.0 1344.0 942.0 1340.0 1256.0
231 992.0 1013.0 1375.0 776.0 1460.0 998.0 1212.0 837.0 863.0 1499.0 1165.0 1754.0 1281.0 1506.0 1236.0 947.0 1247.0 1215.0 1016.0 1247.0 1240.0 1286.0 1486.0 1447.0 1020.0 1598.0 1172.0 1099.0 1103.0 880.0 1141.0 1143.0
234 978.0 846.0 1268.0 663.0 1333.0 969.0 1115.0 819.0 904.0 1332.0 1107.0 1459.0 1156.0 1264.0 1117.0 936.0 1170.0 1131.0 966.0 1168.0 1057.0 1110.0 1351.0 1263.0 1010.0 1419.0 1087.0 1095.0 1145.0 876.0 1070.0 1042.0
237 908.0 890.0 1212.0 646.0 1202.0 924.0 1084.0 776.0 886.0 1231.0 1085.0 1388.0 1200.0 1284.0 1121.0 898.0 1223.0 1089.0 977.0 1211.0 1051.0 1009.0 1265.0 1216.0 875.0 1379.0 1071.0 1012.0 1009.0 867.0 1066.0 1005.0
240 895.0 894.0 1159.0 582.0 1187.0 875.0 1130.0 779.0 811.0 1240.0 1001.0 1324.0 1182.0 1267.0 1130.0 863.0 1155.0 1106.0 857.0 1137.0 985.0 1017.0 1199.0 1155.0 872.0 1356.0 1064.0 963.0 977.0 784.0 1053.0 939.0
243 833.0 768.0 1157.0 426.0 1221.0 882.0 1028.0 733.0 758.0 1147.0 986.0 1282.0 1063.0 1223.0 1009.0 832.0 1098.0 1073.0 834.0 1022.0 975.0 1003.0 1180.0 1148.0 762.0 1316.0 1031.0 996.0 976.0 626.0 994.0 942.0
246 661.0 662.0 1144.0 247.0 1123.0 777.0 1003.0 526.0 582.0 1208.0 936.0 1245.0 1125.0 1210.0 932.0 656.0 1005.0 923.0 682.0 943.0 805.0 913.0 1149.0 1139.0 696.0 1348.0 915.0 869.0 868.0 402.0 933.0 777.0
249 410.0 462.0 1070.0 98.0 1117.0 585.0 890.0 324.0 287.0 1122.0 779.0 1204.0 934.0 1043.0 843.0 403.0 976.0 918.0 440.0 884.0 613.0 912.0 1107.0 1038.0 436.0 1229.0 792.0 713.0 770.0 199.0 730.0 574.0
252 141.0 264.0 970.0 36.0 1048.0 306.0 786.0 130.0 117.0 968.0 531.0 1190.0 841.0 843.0 654.0 189.0 728.0 655.0 215.0 727.0 337.0 811.0 974.0 884.0 167.0 1074.0 657.0 450.0 534.0 67.0 518.0 370.0
255 64.0 95.0 734.0 20.0 881.0 126.0 547.0 51.0 36.0 771.0 269.0 1019.0 619.0 510.0 340.0 68.0 481.0 379.0 74.0 493.0 130.0 673.0 804.0 671.0 54.0 824.0 394.0 211.0 330.0 37.0 270.0 158.0
258 29.0 28.0 275.0 11.0 385.0 34.0 191.0 19.0 27.0 377.0 70.0 710.0 222.0 138.0 92.0 32.0 150.0 101.0 32.0 159.0 33.0 284.0 321.0 249.0 27.0 418.0 92.0 51.0 74.0 17.0 48.0 43.0
261 20.0 23.0 103.0 11.0 185.0 18.0 64.0 19.0 20.0 180.0 32.0 325.0 71.0 46.0 28.0 36.0 49.0 41.0 25.0 55.0 25.0 114.0 124.0 87.0 27.0 160.0 43.0 21.0 29.0 14.0 33.0 33.0
264 14.0 17.0 42.0 5.0 48.0 18.0 34.0 14.0 25.0 51.0 30.0 140.0 32.0 30.0 26.0 18.0 36.0 35.0 20.0 29.0 22.0 51.0 46.0 35.0 16.0 54.0 38.0 14.0 14.0 18.0 29.0 16.0
267 23.0 18.0 30.0 10.0 32.0 24.0 26.0 22.0 13.0 43.0 18.0 52.0 38.0 29.0 25.0 18.0 35.0 23.0 20.0 20.0 20.0 29.0 37.0 30.0 26.0 36.0 37.0 16.0 21.0 16.0 18.0 19.0
270 19.0 10.0 25.0 12.0 37.0 19.0 23.0 20.0 20.0 22.0 24.0 30.0 25.0 30.0 18.0 16.0 26.0 30.0 11.0 19.0 23.0 27.0 38.0 24.0 23.0 34.0 23.0 17.0 23.0 8.0 22.0 13.0
273 13.0 20.0 19.0 14.0 28.0 15.0 18.0 9.0 11.0 30.0 18.0 35.0 26.0 22.0 23.0 14.0 23.0 23.0 18.0 19.0 21.0 18.0 28.0 26.0 12.0 25.0 7.0 19.0 16.0 7.0 20.0 21.0
276 8.0 13.0 18.0 6.0 22.0 9.0 19.0 18.0 20.0 28.0 12.0 31.0 16.0 25.0 22.0 14.0 20.0 28.0 17.0 16.0 14.0 23.0 29.0 24.0 9.0 31.0 21.0 20.0 17.0 7.0 16.0 20.0
279 8.0 6.0 27.0 4.0 31.0 16.0 19.0 7.0 17.0 25.0 14.0 26.0 18.0 29.0 33.0 14.0 15.0 22.0 24.0 18.0 15.0 10.0 21.0 31.0 20.0 33.0 13.0 19.0 18.0 8.0 21.0 15.0
282 15.0 15.0 22.0 4.0 20.0 16.0 13.0 7.0 2.0 21.0 17.0 15.0 25.0 16.0 20.0 8.0 18.0 13.0 16.0 28.0 21.0 18.0 22.0 17.0 10.0 17.0 11.0 17.0 10.0 8.0 8.0 14.0
285 11.0 9.0 23.0 1.0 19.0 7.0 19.0 7.0 5.0 27.0 16.0 24.0 22.0 29.0 17.0 12.0 27.0 14.0 12.0 10.0 13.0 16.0 20.0 25.0 5.0 19.0 17.0 12.0 15.0 4.0 20.0 11.0
288 2.0 8.0 18.0 1.0 21.0 8.0 12.0 6.0 9.0 24.0 12.0 24.0 19.0 17.0 15.0 5.0 17.0 14.0 8.0 18.0 6.0 13.0 22.0 22.0 4.0 33.0 12.0 7.0 7.0 0.0 8.0 8.0
291 2.0 8.0 22.0 1.0 21.0 7.0 16.0 0.0 2.0 18.0 10.0 27.0 19.0 17.0 12.0 5.0 20.0 9.0 4.0 15.0 11.0 22.0 20.0 27.0 3.0 22.0 12.0 7.0 23.0 1.0 9.0 3.0
294 1.0 6.0 16.0 0.0 21.0 3.0 15.0 3.0 0.0 27.0 6.0 20.0 12.0 8.0 5.0 1.0 7.0 5.0 0.0 17.0 3.0 10.0 17.0 18.0 1.0 17.0 6.0 6.0 8.0 0.0 5.0 3.0
297 1.0 0.0 14.0 0.0 12.0 2.0 4.0 1.0 0.0 11.0 5.0 21.0 8.0 4.0 3.0 0.0 4.0 7.0 2.0 5.0 2.0 12.0 12.0 10.0 0.0 8.0 4.0 1.0 1.0 2.0 4.0 1.0
300 0.0 0.0 6.0 1.0 10.0 0.0 9.0 1.0 1.0 12.0 2.0 21.0 4.0 1.0 1.0 2.0 5.0 4.0 2.0 6.0 0.0 5.0 5.0 8.0 1.0 10.0 3.0 2.0 4.0 1.0 2.0 2.0
303 0.0 2.0 5.0 1.0 4.0 2.0 3.0 1.0 3.0 7.0 0.0 13.0 2.0 2.0 0.0 1.0 2.0 3.0 0.0 1.0 0.0 2.0 6.0 2.0 0.0 8.0 0.0 2.0 0.0 1.0 1.0 1.0
306 1.0 1.0 5.0 2.0 5.0 1.0 0.0 1.0 3.0 6.0 2.0 9.0 2.0 1.0 1.0 0.0 1.0 0.0 0.0 2.0 4.0 3.0 2.0 1.0 1.0 3.0 1.0 1.0 2.0 1.0 1.0 1.0
309 1.0 0.0 2.0 0.0 5.0 2.0 2.0 0.0 0.0 1.0 0.0 1.0 0.0 1.0 0.0 0.0 0.0 2.0 1.0 0.0 1.0 0.0 1.0 1.0 1.0 3.0 1.0 0.0 1.0 1.0 0.0 0.0
312 0.0 1.0 1.0 3.0 1.0 0.0 2.0 0.0 1.0 2.0 3.0 2.0 1.0 2.0 2.0 0.0 1.0 2.0 1.0 1.0 0.0 0.0 1.0 1.0 1.0 2.0 1.0 1.0 1.0 0.0 3.0 1.0
315 1.0 1.0 0.0 0.0 2.0 1.0 0.0 1.0 1.0 0.0 0.0 1.0 1.0 0.0 1.0 0.0 2.0 1.0 0.0 1.0 1.0 0.0 0.0 1.0 1.0 2.0 0.0 0.0 3.0 4.0 1.0 1.0
318 3.0 0.0 2.0 0.0 1.0 0.0 2.0 1.0 0.0 1.0 0.0 1.0 1.0 0.0 1.0 0.0 4.0 2.0 4.0 1.0 0.0 0.0 4.0 0.0 0.0 2.0 2.0 4.0 1.0 0.0 0.0 1.0
321 0.0 1.0 1.0 1.0 3.0 0.0 0.0 2.0 0.0 0.0 0.0 0.0 2.0 1.0 0.0 0.0 2.0 0.0 0.0 0.0 2.0 2.0 3.0 3.0 2.0 3.0 0.0 0.0 0.0 0.0 0.0 0.0
324 0.0 0.0 1.0 0.0 0.0 1.0 0.0 0.0 0.0 2.0 1.0 0.0 1.0 0.0 1.0 0.0 0.0 2.0 0.0 0.0 0.0 0.0 1.0 0.0 0.0 2.0 0.0 0.0 0.0 0.0 0.0 0.0
327 0.0 1.0 0.0 0.0 1.0 0.0 1.0 0.0 0.0 1.0 1.0 3.0 2.0 0.0 1.0 2.0 0.0 0.0 1.0 3.0 0.0 1.0 1.0 1.0 0.0 3.0 1.0 1.0 0.0 1.0 0.0 1.0
330 0.0 1.0 0.0 0.0 1.0 1.0 0.0 0.0 0.0 0.0 0.0 0.0 1.0 0.0 0.0 0.0 2.0 0.0 0.0 0.0 1.0 0.0 0.0 0.0 0.0 0.0 1.0 0.0 1.0 0.0 0.0 0.0
333 1.0 2.0 2.0 0.0 4.0 1.0 2.0 0.0 1.0 0.0 1.0 0.0 1.0 1.0 0.0 0.0 2.0 2.0 0.0 1.0 0.0 3.0 1.0 2.0 0.0 0.0 0.0 1.0 1.0 0.0 3.0 0.0
336 1.0 0.0 1.0 0.0 1.0 0.0 0.0 0.0 0.0 0.0 0.0 0.0 0.0 0.0 1.0 0.0 0.0 1.0 0.0 2.0 0.0 2.0 3.0 0.0 0.0 1.0 0.0 0.0 0.0 0.0 1.0 0.0
339 0.0 0.0 1.0 1.0 2.0 0.0 0.0 0.0 0.0 1.0 1.0 2.0 1.0 0.0 0.0 1.0 0.0 0.0 0.0 0.0 1.0 0.0 0.0 1.0 0.0 0.0 0.0 0.0 0.0 0.0 0.0 1.0
342 0.0 0.0 0.0 0.0 1.0 0.0 1.0 0.0 0.0 3.0 0.0 0.0 1.0 1.0 2.0 0.0 1.0 1.0 0.0 0.0 0.0 2.0 0.0 2.0 0.0 1.0 0.0 1.0 1.0 2.0 2.0 0.0
345 0.0 1.0 0.0 0.0 0.0 1.0 0.0 0.0 0.0 0.0 0.0 0.0 0.0 0.0 0.0 1.0 0.0 0.0 0.0 0.0 0.0 0.0 0.0 0.0 0.0 0.0 0.0 2.0 0.0 1.0 0.0 0.0
348 1.0 0.0 1.0 1.0 3.0 1.0 0.0 4.0 2.0 2.0 0.0 1.0 1.0 0.0 1.0 2.0 0.0 1.0 0.0 1.0 1.0 0.0 1.0 0.0 0.0 0.0 2.0 3.0 2.0 3.0 0.0 0.0
351 0.0 0.0 0.0 0.0 0.0 1.0 0.0 2.0 0.0 0.0 1.0 1.0 0.0 0.0 1.0 0.0 0.0 0.0 0.0 0.0 0.0 0.0 0.0 0.0 0.0 0.0 0.0 0.0 0.0 0.0 0.0 0.0
354 0.0 1.0 1.0 0.0 1.0 2.0 1.0 1.0 1.0 2.0 2.0 1.0 1.0 0.0 0.0 1.0 0.0 1.0 0.0 0.0 1.0 1.0 1.0 0.0 1.0 0.0 1.0 0.0 0.0 0.0 1.0 2.0
357 0.0 1.0 1.0 0.0 1.0 1.0 1.0 0.0 3.0 2.0 2.0 0.0 0.0 1.0 2.0 0.0 0.0 0.0 1.0 0.0 0.0 1.0 1.0 0.0 2.0 0.0 1.0 2.0 0.0 0.0 0.0 0.0
