150 119698.0 133150.0 150548.0 140294.0 147736.0 123985.0 117257.0 153990.0 114507.0 154423.0 137384.0 139329.0 138005.0 127807.0 172847.0 121142.0 135197.0 142009.0 127301.0 145369.0 126107.0 129035.0 121805.0 160032.0 122067.0 182321.0 125869.0 138574.0 118536.0 149704.0 147223.0 130314.0
153 18467435.0 18472538.0 18466063.0 18448698.0 18464946.0 18449114.0 18459852.0 18449949.0 18458050.0 18448730.0 18460323.0 18449093.0 18460358.0 18461076.0 18458637.0 18450175.0 18460561.0 18460427.0 18459310.0 18457170.0 18447141.0 18457647.0 18448731.0 18453214.0 18446107.0 18457537.0 18446598.0 18455670.0 18448996.0 18456767.0 18458684.0 18461277.0
156 18822478.0 18832000.0 18825461.0 18805520.0 18824176.0 18805826.0 18818346.0 18806419.0 18816176.0 18805598.0 18819344.0 18805915.0 18819080.0 18820245.0 18817787.0 18806564.0 18818711.0 18819043.0 18817544.0 18815433.0 18804147.0 18815149.0 18805258.0 18810572.0 18803632.0 18814224.0 18804048.0 18812242.0 18805462.0 18813659.0 18815771.0 18816770.0
159 19316875.0 19321947.0 19318761.0 19307757.0 19318150.0 19307577.0 19315099.0 19308057.0 19314332.0 19307858.0 19316381.0 19307785.0 19315649.0 19316353.0 19314763.0 19307968.0 19315469.0 19315444.0 19314602.0 19313376.0 19305921.0 19313369.0 19306635.0 19310294.0 19305278.0 19313078.0 19305606.0 19311486.0 19306756.0 19312245.0 19313555.0 19313740.0
162 19722419.0 19723258.0 19721630.0 19716995.0 19721526.0 19716903.0 19720206.0 19717264.0 19719878.0 19717068.0 19720905.0 19717032.0 19720603.0 19720851.0 19720213.0 19716980.0 19720525.0 19720698.0 19720115.0 19719549.0 19715807.0 19719592.0 19716206.0 19718403.0 19715431.0 19719474.0 19715610.0 19718741.0 19716231.0 19718999.0 19719460.0 19719151.0
165 19982249.0 19980641.0 19980111.0 19977759.0 19980186.0 19977516.0 19979686.0 19977973.0 19980172.0 19977914.0 19980678.0 19977647.0 19980475.0 19980804.0 19980326.0 19977638.0 19980219.0 19980493.0 19980082.0 19979581.0 19976862.0 19979727.0 19976961.0 19978992.0 19976534.0 19979371.0 19976436.0 19978843.0 19976998.0 19978994.0 19979228.0 19978618.0
168 20093993.0 20092492.0 20092080.0 20090679.0 20092073.0 20090559.0 20091257.0 20090847.0 20091283.0 20091137.0 20092126.0 20090987.0 20091892.0 20091733.0 20091566.0 20090779.0 20091478.0 20091665.0 20091203.0 20090970.0 20089874.0 20090873.0 20089800.0 20090624.0 20089472.0 20090898.0 20089310.0 20090455.0 20089622.0 20090560.0 20090709.0 20090431.0
171 20088759.0 20086849.0 20081908.0 20072267.0 20079758.0 20071704.0 20077972.0 20072260.0 20074987.0 20073215.0 20078442.0 20073880.0 20075469.0 20074903.0 20072508.0 20073452.0 20074465.0 20074682.0 20072717.0 20070595.0 20068787.0 20070049.0 20068820.0 20068555.0 20067797.0 20068836.0 20066822.0 20068276.0 20067168.0 20068502.0 20069706.0 20069452.0
174 19115134.0 19338185.0 19189938.0 18841034.0 19217278.0 18808932.0 19260164.0 18696682.0 19229693.0 18678393.0 19086663.0 18797323.0 19075176.0 19076920.0 19007682.0 18850985.0 19059429.0 19046520.0 19069335.0 19072463.0 18778069.0 19037543.0 18746605.0 18930234.0 18793477.0 18958766.0 18751281.0 18997702.0 18752405.0 18986140.0 19096441.0 19134066.0
177 10545357.0 10566708.0 10153141.0 9997064.0 10333686.0 10039469.0 10600492.0 9693737.0 10680362.0 9745092.0 10221774.0 10169660.0 10173672.0 10242713.0 10044683.0 10316435.0 10131435.0 10118867.0 10189123.0 10246337.0 10052812.0 10114816.0 9960493.0 9703891.0 10147442.0 9765796.0 10009680.0 9915336.0 9924036.0 9810052.0 10199311.0 10257589.0
180 8289501.0 7877149.0 7635529.0 7751452.0 7808471.0 7808946.0 8051817.0 7419158.0 8154480.0 7438122.0 7714325.0 7865403.0 7672159.0 7723428.0 7534203.0 7976107.0 7615206.0 7586793.0 7657253.0 7717522.0 7779583.0 7596314.0 7666679.0 7217058.0 7862874.0 7259833.0 7729787.0 7401726.0 7625675.0 7290343.0 7647424.0 7677732.0
183 3617600.0 3286193.0 3133134.0 3292519.0 3253299.0 3299991.0 3406225.0 3044264.0 3507615.0 3054977.0 3193572.0 3337449.0 3165491.0 3192998.0 3087245.0 3395338.0 3119275.0 3096567.0 3123356.0 3184299.0 3263149.0 3101355.0 3179159.0 2858940.0 3308086.0 2892851.0 3238307.0 2970356.0 3161610.0 2877304.0 3095655.0 3083282.0
186 150195.0 206693.0 162732.0 232912.0 202958.0 193842.0 246099.0 143196.0 276674.0 169671.0 180170.0 200845.0 198804.0 164832.0 171292.0 208064.0 168077.0 166334.0 167048.0 168997.0 184632.0 155166.0 173555.0 131598.0 189089.0 188392.0 175674.0 161107.0 146041.0 133242.0 168344.0 148044.0
189 120403.0 117644.0 118708.0 161754.0 118355.0 109607.0 116260.0 105150.0 122674.0 135477.0 125585.0 121182.0 151719.0 105837.0 129836.0 112711.0 111347.0 107578.0 122189.0 114020.0 127817.0 107545.0 131057.0 115465.0 124725.0 172776.0 129702.0 128337.0 102791.0 111382.0 117389.0 106387.0
192 120507.0 117000.0 118145.0 169564.0 118698.0 109220.0 114520.0 105154.0 121466.0 135254.0 125801.0 120810.0 151403.0 105911.0 129194.0 112177.0 111123.0 106874.0 121764.0 113533.0 127658.0 107263.0 129717.0 114865.0 124652.0 167750.0 129748.0 128231.0 102262.0 111034.0 117712.0 105988.0
195 119325.0 117214.0 117785.0 170087.0 118429.0 108977.0 114291.0 103825.0 120518.0 135205.0 124701.0 120040.0 149996.0 105638.0 129022.0 110759.0 110172.0 106788.0 122035.0 113747.0 127365.0 106227.0 128451.0 115205.0 124990.0 166043.0 128823.0 126402.0 100550.0 110600.0 117064.0 105322.0
198 118314.0 115893.0 117442.0 166744.0 117026.0 105908.0 114392.0 99907.0 120979.0 132466.0 123900.0 119188.0 147432.0 104946.0 127198.0 107446.0 107720.0 105318.0 119753.0 113375.0 126708.0 101991.0 122372.0 113985.0 124102.0 160724.0 126739.0 117022.0 92588.0 108824.0 116285.0 101749.0
201 113831.0 110877.0 114696.0 159961.0 114252.0 94999.0 110461.0 77189.0 118732.0 119901.0 117751.0 113001.0 132990.0 102024.0 122875.0 88171.0 91801.0 100913.0 109002.0 111022.0 122480.0 81084.0 96125.0 112478.0 121559.0 133939.0 119791.0 81014.0 62767.0 97770.0 114247.0 84540.0
204 90926.0 88891.0 101405.0 129311.0 100249.0 62511.0 91888.0 35170.0 104970.0 80727.0 91881.0 88232.0 91214.0 86356.0 101202.0 47845.0 53300.0 81541.0 76899.0 102390.0 105016.0 40454.0 49454.0 104956.0 106475.0 84816.0 89662.0 32365.0 23657.0 66971.0 102843.0 45874.0
207 43271.0 41992.0 60558.0 57651.0 59387.0 20615.0 47476.0 7870.0 64089.0 28499.0 40878.0 40364.0 31171.0 46980.0 54201.0 12856.0 15316.0 40047.0 29614.0 71952.0 62560.0 9597.0 12586.0 75144.0 65281.0 31424.0 38539.0 7358.0 4862.0 23366.0 66984.0 12259.0
210 12361.0 12058.0 21128.0 14655.0 20384.0 5093.0 13827.0 2892.0 22541.0 7490.0 10577.0 11337.0 7458.0 14366.0 18056.0 3734.0 4057.0 11488.0 7651.0 30561.0 22812.0 3319.0 4073.0 35191.0 23595.0 8814.0 10204.0 3220.0 2525.0 5800.0 25716.0 3651.0
213 3814.0 3643.0 4957.0 5169.0 4688.0 2751.0 3775.0 2312.0 5061.0 3619.0 3600.0 3698.0 3814.0 3752.0 4947.0 2498.0 2557.0 3354.0 3324.0 6955.0 5656.0 2431.0 2921.0 8499.0 5635.0 4324.0 3816.0 2836.0 2052.0 2803.0 6225.0 2452.0
216 2938.0 2642.0 2946.0 4027.0 2915.0 2302.0 2700.0 1975.0 3034.0 3039.0 2937.0 2873.0 3259.0 2514.0 3206.0 2132.0 2227.0 2473.0 2738.0 3127.0 3290.0 2038.0 2348.0 3383.0 3318.0 3609.0 3023.0 2332.0 1679.0 2419.0 3110.0 2112.0
219 2439.0 2231.0 2554.0 3546.0 2512.0 1942.0 2326.0 1628.0 2685.0 2624.0 2550.0 2464.0 2771.0 2225.0 2872.0 1734.0 1784.0 2097.0 2327.0 2616.0 2772.0 1615.0 2013.0 2792.0 2860.0 2935.0 2531.0 1942.0 1348.0 2117.0 2669.0 1698.0
222 2047.0 1913.0 2218.0 2823.0 2122.0 1555.0 2079.0 1361.0 2246.0 2237.0 2083.0 1992.0 2319.0 1803.0 2429.0 1500.0 1526.0 1867.0 1917.0 2272.0 2367.0 1323.0 1781.0 2449.0 2395.0 2637.0 2213.0 1634.0 1243.0 1732.0 2264.0 1498.0
225 1832.0 1579.0 1828.0 2387.0 1777.0 1286.0 1671.0 1280.0 1949.0 1919.0 1835.0 1703.0 2044.0 1616.0 2020.0 1376.0 1340.0 1486.0 1818.0 1969.0 2078.0 1268.0 1646.0 2095.0 2076.0 2349.0 2011.0 1587.0 1126.0 1513.0 1939.0 1400.0
228 1747.0 1533.0 1709.0 2258.0 1603.0 1356.0 1495.0 1263.0 1722.0 1871.0 1784.0 1622.0 1988.0 1510.0 1893.0 1299.0 1328.0 1361.0 1689.0 1774.0 1880.0 1238.0 1580.0 1928.0 1945.0 2387.0 1956.0 1533.0 1073.0 1474.0 1798.0 1366.0
231 1669.0 1438.0 1613.0 2188.0 1599.0 1205.0 1513.0 1172.0 1664.0 1815.0 1667.0 1552.0 1928.0 1469.0 1818.0 1256.0 1308.0 1366.0 1715.0 1587.0 1786.0 1179.0 1455.0 1842.0 1843.0 2247.0 1830.0 1502.0 959.0 1419.0 1725.0 1180.0
234 1559.0 1366.0 1564.0 2033.0 1420.0 1187.0 1482.0 1119.0 1528.0 1714.0 1564.0 1521.0 1714.0 1443.0 1756.0 1154.0 1204.0 1303.0 1543.0 1566.0 1753.0 1046.0 1351.0 1835.0 1798.0 2100.0 1720.0 1200.0 846.0 1370.0 1703.0 1115.0
237 1544.0 1336.0 1558.0 1892.0 1452.0 1099.0 1388.0 928.0 1458.0 1672.0 1599.0 1425.0 1726.0 1393.0 1692.0 1008.0 1079.0 1339.0 1424.0 1580.0 1712.0 892.0 1056.0 1716.0 1767.0 1991.0 1623.0 879.0 573.0 1345.0 1734.0 932.0
240 1423.0 1212.0 1400.0 1789.0 1457.0 888.0 1237.0 639.0 1410.0 1426.0 1410.0 1332.0 1444.0 1278.0 1703.0 712.0 826.0 1199.0 1230.0 1508.0 1608.0 689.0 693.0 1630.0 1684.0 1614.0 1475.0 519.0 302.0 1045.0 1582.0 767.0
243 1185.0 1008.0 1348.0 1469.0 1236.0 569.0 1031.0 295.0 1300.0 989.0 1190.0 1097.0 892.0 1105.0 1455.0 338.0 475.0 1001.0 918.0 1386.0 1413.0 315.0 355.0 1552.0 1520.0 1272.0 1097.0 189.0 97.0 789.0 1452.0 435.0
246 791.0 634.0 1052.0 874.0 1025.0 289.0 691.0 94.0 904.0 500.0 689.0 724.0 410.0 845.0 1071.0 133.0 193.0 667.0 478.0 1148.0 1049.0 90.0 135.0 1309.0 1137.0 716.0 674.0 74.0 30.0 441.0 1212.0 150.0
249 293.0 279.0 672.0 409.0 615.0 96.0 287.0 45.0 473.0 201.0 288.0 332.0 148.0 438.0 623.0 52.0 62.0 302.0 186.0 903.0 603.0 41.0 59.0 1122.0 715.0 262.0 265.0 48.0 31.0 142.0 821.0 39.0
252 99.0 101.0 281.0 130.0 236.0 40.0 92.0 35.0 174.0 78.0 128.0 128.0 71.0 167.0 258.0 30.0 36.0 102.0 63.0 455.0 279.0 41.0 38.0 627.0 287.0 99.0 110.0 38.0 35.0 52.0 381.0 26.0
255 51.0 40.0 88.0 77.0 87.0 27.0 41.0 23.0 72.0 63.0 50.0 48.0 43.0 59.0 105.0 29.0 24.0 42.0 47.0 168.0 92.0 26.0 41.0 273.0 82.0 58.0 45.0 35.0 14.0 29.0 124.0 32.0
258 41.0 35.0 39.0 48.0 33.0 25.0 41.0 21.0 43.0 36.0 36.0 44.0 41.0 35.0 45.0 20.0 32.0 27.0 42.0 65.0 49.0 21.0 24.0 68.0 54.0 47.0 40.0 34.0 18.0 36.0 74.0 30.0
261 47.0 41.0 37.0 37.0 36.0 30.0 43.0 17.0 45.0 37.0 43.0 30.0 25.0 28.0 63.0 17.0 22.0 29.0 39.0 44.0 40.0 17.0 40.0 47.0 56.0 47.0 38.0 22.0 13.0 24.0 41.0 31.0
264 42.0 26.0 36.0 40.0 32.0 25.0 42.0 23.0 35.0 27.0 38.0 41.0 38.0 35.0 37.0 21.0 22.0 28.0 34.0 48.0 37.0 18.0 24.0 40.0 46.0 32.0 30.0 27.0 15.0 34.0 46.0 24.0
267 45.0 27.0 42.0 52.0 36.0 31.0 24.0 19.0 26.0 24.0 33.0 22.0 29.0 38.0 36.0 21.0 19.0 25.0 40.0 39.0 42.0 20.0 28.0 44.0 40.0 37.0 31.0 18.0 12.0 27.0 45.0 23.0
270 34.0 27.0 32.0 35.0 33.0 20.0 23.0 15.0 47.0 34.0 25.0 22.0 26.0 35.0 33.0 20.0 22.0 30.0 30.0 28.0 27.0 24.0 16.0 46.0 32.0 38.0 35.0 11.0 7.0 25.0 46.0 24.0
273 37.0 24.0 33.0 38.0 26.0 22.0 21.0 16.0 27.0 32.0 36.0 19.0 26.0 32.0 39.0 15.0 19.0 21.0 29.0 35.0 34.0 15.0 16.0 48.0 29.0 52.0 31.0 8.0 7.0 26.0 34.0 20.0
276 29.0 17.0 37.0 48.0 23.0 16.0 29.0 9.0 25.0 27.0 31.0 23.0 26.0 35.0 37.0 12.0 18.0 14.0 30.0 35.0 35.0 13.0 14.0 33.0 44.0 30.0 29.0 10.0 7.0 16.0 36.0 9.0
279 29.0 17.0 22.0 22.0 33.0 6.0 22.0 7.0 29.0 27.0 25.0 22.0 11.0 23.0 17.0 10.0 15.0 22.0 18.0 31.0 39.0 3.0 3.0 35.0 32.0 20.0 21.0 3.0 2.0 25.0 29.0 7.0
282 21.0 16.0 19.0 30.0 30.0 11.0 18.0 1.0 21.0 15.0 20.0 19.0 11.0 18.0 27.0 6.0 4.0 23.0 14.0 24.0 20.0 7.0 5.0 35.0 29.0 22.0 13.0 3.0 1.0 19.0 32.0 3.0
285 9.0 12.0 20.0 8.0 17.0 1.0 12.0 2.0 13.0 5.0 13.0 11.0 4.0 20.0 22.0 3.0 1.0 12.0 8.0 22.0 22.0 1.0 4.0 41.0 13.0 17.0 11.0 1.0 3.0 9.0 25.0 0.0
288 5.0 9.0 16.0 6.0 10.0 4.0 5.0 3.0 8.0 3.0 5.0 4.0 1.0 9.0 16.0 2.0 0.0 6.0 5.0 21.0 20.0 2.0 0.0 32.0 14.0 2.0 5.0 1.0 2.0 3.0 22.0 0.0
291 1.0 2.0 4.0 8.0 10.0 2.0 1.0 0.0 5.0 3.0 2.0 1.0 0.0 0.0 6.0 3.0 1.0 1.0 2.0 11.0 9.0 0.0 1.0 16.0 10.0 3.0 1.0 1.0 0.0 2.0 14.0 2.0
294 2.0 1.0 2.0 1.0 3.0 0.0 2.0 0.0 1.0 0.0 2.0 3.0 2.0 2.0 3.0 0.0 0.0 4.0 1.0 3.0 5.0 0.0 2.0 12.0 3.0 1.0 0.0 1.0 0.0 0.0 6.0 2.0
297 3.0 4.0 1.0 1.0 0.0 2.0 0.0 0.0 4.0 1.0 3.0 1.0 0.0 0.0 2.0 1.0 2.0 1.0 3.0 2.0 2.0 0.0 0.0 6.0 4.0 1.0 1.0 1.0 1.0 1.0 2.0 1.0
300 0.0 1.0 0.0 1.0 0.0 0.0 1.0 1.0 1.0 1.0 1.0 1.0 1.0 2.0 4.0 2.0 0.0 1.0 0.0 0.0 0.0 1.0 0.0 3.0 1.0 1.0 2.0 1.0 0.0 0.0 1.0 1.0
303 2.0 0.0 0.0 1.0 2.0 3.0 1.0 2.0 0.0 2.0 0.0 2.0 1.0 3.0 3.0 0.0 1.0 2.0 0.0 1.0 1.0 0.0 1.0 1.0 1.0 0.0 1.0 0.0 2.0 1.0 2.0 1.0
306 0.0 0.0 0.0 1.0 1.0 0.0 1.0 0.0 1.0 1.0 3.0 1.0 1.0 2.0 1.0 0.0 0.0 0.0 0.0 1.0 1.0 0.0 0.0 0.0 0.0 2.0 0.0 1.0 2.0 1.0 0.0 1.0
309 2.0 1.0 0.0 0.0 1.0 0.0 0.0 0.0 0.0 1.0 2.0 2.0 1.0 1.0 1.0 0.0 0.0 0.0 3.0 1.0 2.0 0.0 1.0 4.0 0.0 1.0 1.0 1.0 0.0 0.0 0.0 3.0
312 3.0 0.0 0.0 2.0 0.0 1.0 1.0 0.0 1.0 0.0 3.0 0.0 1.0 0.0 1.0 0.0 0.0 0.0 1.0 2.0 1.0 0.0 1.0 1.0 1.0 1.0 0.0 1.0 0.0 0.0 0.0 0.0
315 0.0 0.0 0.0 1.0 0.0 1.0 1.0 0.0 0.0 2.0 0.0 1.0 0.0 2.0 1.0 1.0 1.0 2.0 2.0 0.0 0.0 1.0 0.0 1.0 0.0 2.0 0.0 1.0 0.0 1.0 3.0 1.0
318 3.0 0.0 0.0 3.0 0.0 0.0 0.0 0.0 0.0 0.0 0.0 2.0 0.0 3.0 1.0 1.0 0.0 0.0 0.0 1.0 0.0 1.0 0.0 0.0 0.0 2.0 1.0 0.0 0.0 1.0 1.0 0.0
321 0.0 1.0 0.0 1.0 2.0 0.0 0.0 0.0 1.0 0.0 1.0 0.0 0.0 0.0 0.0 1.0 2.0 1.0 0.0 2.0 2.0 0.0 0.0 2.0 1.0 1.0 2.0 1.0 1.0 2.0 2.0 2.0
324 0.0 1.0 1.0 1.0 0.0 1.0 0.0 0.0 0.0 0.0 0.0 0.0 1.0 0.0 0.0 1.0 0.0 0.0 0.0 0.0 2.0 0.0 0.0 1.0 2.0 0.0 2.0 0.0 0.0 0.0 1.0 1.0
327 0.0 1.0 1.0 0.0 0.0 0.0 0.0 0.0 1.0 1.0 0.0 1.0 0.0 0.0 0.0 0.0 0.0 0.0 0.0 0.0 0.0 0.0 1.0 0.0 0.0 0.0 0.0 0.0 0.0 0.0 2.0 0.0
330 0.0 1.0 0.0 1.0 0.0 0.0 0.0 0.0 1.0 1.0 0.0 1.0 1.0 0.0 0.0 0.0 0.0 0.0 0.0 0.0 0.0 0.0 0.0 3.0 1.0 1.0 0.0 1.0 1.0 0.0 0.0 0.0
333 1.0 1.0 0.0 0.0 0.0 1.0 1.0 0.0 0.0 0.0 1.0 1.0 0.0 0.0 1.0 0.0 0.0 0.0 0.0 1.0 2.0 0.0 0.0 0.0 1.0 0.0 1.0 0.0 0.0 0.0 1.0 1.0
336 0.0 0.0 1.0 0.0 0.0 0.0 0.0 1.0 1.0 2.0 0.0 0.0 1.0 0.0 0.0 1.0 1.0 0.0 1.0 1.0 0.0 1.0 0.0 0.0 1.0 0.0 1.0 0.0 1.0 0.0 0.0 1.0
339 0.0 0.0 1.0 1.0 2.0 1.0 3.0 3.0 0.0 1.0 0.0 2.0 1.0 0.0 3.0 2.0 0.0 2.0 0.0 2.0 2.0 0.0 1.0 0.0 2.0 0.0 0.0 0.0 0.0 0.0 0.0 1.0
342 0.0 1.0 1.0 1.0 0.0 0.0 0.0 0.0 1.0 0.0 0.0 0.0 0.0 1.0 1.0 0.0 1.0 1.0 1.0 1.0 1.0 0.0 1.0 1.0 1.0 0.0 2.0 0.0 1.0 0.0 1.0 0.0
345 0.0 0.0 0.0 1.0 0.0 0.0 1.0 0.0 0.0 0.0 0.0 1.0 0.0 0.0 0.0 1.0 1.0 0.0 0.0 1.0 0.0 1.0 1.0 3.0 0.0 0.0 0.0 1.0 0.0 1.0 0.0 1.0
348 3.0 2.0 0.0 1.0 1.0 3.0 2.0 1.0 1.0 2.0 3.0 3.0 0.0 0.0 4.0 1.0 0.0 1.0 1.0 1.0 2.0 2.0 0.0 0.0 3.0 0.0 1.0 2.0 0.0 1.0 0.0 0.0
351 1.0 1.0 0.0 0.0 1.0 0.0 0.0 0.0 1.0 0.0 0.0 0.0 0.0 0.0 2.0 0.0 0.0 1.0 0.0 0.0 1.0 1.0 0.0 1.0 0.0 0.0 0.0 0.0 0.0 0.0 0.0 0.0
354 1.0 0.0 0.0 0.0 0.0 1.0 0.0 2.0 2.0 2.0 0.0 3.0 0.0 2.0 1.0 2.0 1.0 1.0 0.0 1.0 0.0 1.0 1.0 1.0 1.0 0.0 2.0 0.0 1.0 0.0 0.0 0.0
357 0.0 0.0 0.0 0.0 0.0 0.0 0.0 0.0 0.0 0.0 0.0 2.0 0.0 1.0 0.0 0.0 0.0 0.0 0.0 0.0 1.0 0.0 0.0 0.0 0.0 0.0 0.0 0.0 0.0 1.0 0.0 0.0
