150 12653.0 13698.0 14123.0 12168.0 14726.0 14820.0 11707.0 16532.0 12321.0 12802.0 10598.0 12237.0 12940.0 10816.0 12177.0 11611.0 11219.0 10853.0 12779.0 14386.0 18576.0 11361.0 13541.0 18949.0 12840.0 15592.0 12286.0 13181.0 10549.0 10916.0 11872.0 10161.0
153 15832175.0 15819667.0 15818870.0 15799737.0 15815922.0 15799580.0 15803901.0 15804884.0 15800812.0 15799003.0 15803067.0 15799396.0 15805781.0 15807112.0 15809886.0 15792760.0 15811029.0 15799916.0 15800058.0 15803193.0 15800404.0 15796063.0 15787285.0 15812728.0 15786823.0 15800658.0 15791593.0 15797985.0 15786331.0 15794217.0 15800142.0 15794444.0
156 17930941.0 17924429.0 17922754.0 17911176.0 17920634.0 17910052.0 17915921.0 17911218.0 17914606.0 17911091.0 17915744.0 17911646.0 17916669.0 17917350.0 17917745.0 17911576.0 17916860.0 17915047.0 17914695.0 17915694.0 17910539.0 17913539.0 17909147.0 17916080.0 17908856.0 17913827.0 17909747.0 17912856.0 17909534.0 17913100.0 17914821.0 17914534.0
159 18232468.0 18229027.0 18227878.0 18221456.0 18226133.0 18220596.0 18224044.0 18220824.0 18223620.0 18220855.0 18223594.0 18221134.0 18223689.0 18223746.0 18223974.0 18221210.0 18222898.0 18223138.0 18222601.0 18223081.0 18220368.0 18222692.0 18220295.0 18222893.0 18220166.0 18222556.0 18220234.0 18222021.0 18220258.0 18222232.0 18222833.0 18223199.0
162 18433317.0 18425723.0 18422988.0 18414129.0 18420212.0 18413568.0 18416848.0 18413679.0 18416366.0 18413745.0 18416121.0 18413829.0 18416055.0 18416201.0 18416406.0 18413857.0 18415960.0 18415726.0 18415385.0 18415779.0 18413304.0 18415489.0 18413198.0 18415977.0 18413221.0 18415665.0 18413258.0 18415300.0 18413289.0 18415539.0 18417021.0 18417736.0
165 18612423.0 18606907.0 18605069.0 18600542.0 18603661.0 18600222.0 18601837.0 18600311.0 18601465.0 18600341.0 18601404.0 18600388.0 18601387.0 18601452.0 18601478.0 18600311.0 18601621.0 18601250.0 18601210.0 18601543.0 18600138.0 18601225.0 18600041.0 18601560.0 18600150.0 18601357.0 18600251.0 18601354.0 18600272.0 18601415.0 18602155.0 18602396.0
168 18762747.0 18760481.0 18760119.0 18756312.0 18758761.0 18755899.0 18757743.0 18755996.0 18757628.0 18756107.0 18757406.0 18756182.0 18757518.0 18757741.0 18757698.0 18756167.0 18757561.0 18757376.0 18757142.0 18757323.0 18755732.0 18757277.0 18755721.0 18757569.0 18755758.0 18757424.0 18755899.0 18757298.0 18755864.0 18757392.0 18757909.0 18758111.0
171 19026960.0 19026482.0 19026648.0 19025880.0 19025696.0 19025429.0 19025363.0 19026087.0 19025688.0 19026325.0 19025537.0 19025745.0 19025806.0 19026089.0 19026609.0 19026056.0 19025514.0 19025896.0 19025251.0 19025642.0 19024622.0 19025561.0 19023415.0 19025436.0 19023357.0 19025622.0 19023296.0 19024927.0 19023267.0 19025314.0 19025236.0 19025408.0
174 19152599.0 19151429.0 19151816.0 19150664.0 19150487.0 19149800.0 19150133.0 19150090.0 19150435.0 19150077.0 19150361.0 19149901.0 19150422.0 19150822.0 19151157.0 19150310.0 19149916.0 19150572.0 19149642.0 19150106.0 19148109.0 19149605.0 19147816.0 19149625.0 19147711.0 19149652.0 19147585.0 19149011.0 19147654.0 19149155.0 19149193.0 19149317.0
177 18828330.0 18822307.0 18820905.0 18812526.0 18817321.0 18808032.0 18815807.0 18808209.0 18814592.0 18808776.0 18814635.0 18809951.0 18813828.0 18814297.0 18813900.0 18811248.0 18811779.0 18813209.0 18810816.0 18811072.0 18806720.0 18809893.0 18806197.0 18808856.0 18806005.0 18808592.0 18805230.0 18807684.0 18805650.0 18807820.0 18807874.0 18808729.0
180 18336639.0 18324411.0 18319421.0 18299776.0 18313309.0 18294887.0 18313859.0 18293509.0 18310548.0 18296426.0 18308914.0 18298834.0 18306863.0 18308526.0 18306435.0 18300788.0 18304810.0 18307639.0 18305189.0 18305427.0 18295148.0 18304168.0 18297104.0 18301505.0 18297144.0 18302078.0 18296732.0 18301924.0 18297988.0 18302916.0 18302977.0 18306083.0
183 10300684.0 10281904.0 10292160.0 10355562.0 10187217.0 10156536.0 10376830.0 10043342.0 10453407.0 10221112.0 10433901.0 10418041.0 10368229.0 10453886.0 10425910.0 10722358.0 10163530.0 10548931.0 10323318.0 10353609.0 10117315.0 10342146.0 10425467.0 10046695.0 10357151.0 10216132.0 10176497.0 10147498.0 10391614.0 10248567.0 10129030.0 10368355.0
186 10104825.0 10100357.0 10125847.0 10352915.0 10003306.0 10123350.0 10233478.0 9966412.0 10316918.0 10180850.0 10300255.0 10424205.0 10211655.0 10307865.0 10269561.0 10753670.0 9954531.0 10412596.0 10139194.0 10170434.0 10018182.0 10156205.0 10423914.0 9800024.0 10333907.0 9997606.0 10121575.0 9913362.0 10366631.0 10024957.0 9872687.0 10154469.0
189 8633075.0 8643716.0 8682306.0 9172689.0 8548869.0 8912868.0 8832794.0 8699762.0 8929720.0 8949935.0 8907049.0 9252967.0 8787962.0 8897307.0 8846017.0 9592193.0 8480471.0 9018039.0 8697284.0 8731586.0 8723671.0 8706921.0 9230019.0 8306427.0 9120407.0 8529958.0 8888411.0 8422581.0 9153697.0 8540241.0 8349247.0 8657877.0
192 160885.0 166678.0 171576.0 212754.0 165241.0 169269.0 197380.0 147913.0 233834.0 165971.0 220896.0 208072.0 178797.0 205146.0 186781.0 277407.0 137019.0 241193.0 175113.0 239240.0 189433.0 178678.0 216371.0 168572.0 197117.0 169349.0 164071.0 144366.0 179205.0 149980.0 145203.0 164772.0
195 103801.0 115902.0 118917.0 122758.0 121046.0 124265.0 124059.0 118868.0 147110.0 117100.0 127793.0 123037.0 119164.0 116779.0 113591.0 136580.0 98742.0 127316.0 125831.0 180141.0 146178.0 124707.0 142531.0 140330.0 127091.0 126279.0 120176.0 107787.0 121330.0 107722.0 111666.0 113242.0
198 100039.0 112308.0 114199.0 106415.0 117283.0 117953.0 116489.0 116266.0 136232.0 111492.0 113991.0 111578.0 115630.0 107977.0 108484.0 113425.0 95863.0 111931.0 121351.0 174169.0 141104.0 120573.0 130509.0 138654.0 113105.0 122853.0 112184.0 104646.0 110343.0 104469.0 109248.0 107717.0
201 99328.0 113011.0 113944.0 106488.0 117587.0 117887.0 115391.0 115882.0 135622.0 111020.0 115962.0 110460.0 115134.0 107488.0 107636.0 111514.0 93692.0 111011.0 122200.0 172667.0 140672.0 120318.0 129922.0 136917.0 112953.0 122471.0 112027.0 104512.0 109545.0 103403.0 108364.0 105541.0
204 97083.0 112453.0 113308.0 105257.0 116056.0 118522.0 114770.0 114828.0 135258.0 109553.0 114066.0 109281.0 115476.0 106295.0 106849.0 111775.0 85307.0 110842.0 121501.0 172703.0 140323.0 118303.0 129191.0 136023.0 112603.0 122117.0 110385.0 104357.0 108224.0 101925.0 106337.0 104649.0
207 87634.0 110814.0 111514.0 103130.0 114420.0 116524.0 112502.0 114807.0 134124.0 105830.0 107450.0 103816.0 114164.0 100998.0 100854.0 110815.0 63027.0 108310.0 118974.0 155475.0 138967.0 110847.0 127465.0 132950.0 111759.0 120014.0 103547.0 102101.0 104927.0 97036.0 95568.0 99522.0
210 61626.0 104197.0 102157.0 93586.0 104201.0 111727.0 103133.0 111932.0 127725.0 88835.0 91753.0 82614.0 108020.0 81910.0 79731.0 105550.0 29273.0 101684.0 111227.0 113771.0 134172.0 85055.0 121721.0 119155.0 106479.0 113243.0 82412.0 92274.0 88814.0 79072.0 66689.0 80820.0
213 25713.0 79925.0 77098.0 67024.0 74341.0 93116.0 76034.0 97227.0 104736.0 51799.0 54620.0 43291.0 86757.0 46067.0 40471.0 88649.0 8274.0 78556.0 85820.0 51523.0 117008.0 41555.0 100086.0 83105.0 91174.0 91622.0 43376.0 66241.0 55864.0 43524.0 28170.0 45640.0
216 7542.0 41699.0 42842.0 33366.0 34641.0 58245.0 38711.0 65821.0 62590.0 18365.0 19888.0 14323.0 49654.0 16480.0 12902.0 56740.0 2955.0 41699.0 48091.0 14730.0 81005.0 13260.0 63245.0 39275.0 61270.0 56657.0 14548.0 32022.0 23241.0 15414.0 8126.0 17072.0
219 2700.0 12201.0 13800.0 9712.0 9296.0 21027.0 11148.0 26150.0 21177.0 4731.0 5257.0 4016.0 15767.0 4474.0 3793.0 22794.0 1888.0 12493.0 16138.0 4938.0 34997.0 4036.0 23239.0 11021.0 25886.0 22066.0 4168.0 9176.0 6108.0 4196.0 3042.0 4736.0
222 2032.0 3923.0 4214.0 3290.0 3439.0 5766.0 3692.0 6849.0 5884.0 2771.0 2888.0 2581.0 4525.0 2513.0 2419.0 6459.0 1658.0 3760.0 4839.0 3863.0 10177.0 2862.0 6334.0 4095.0 7382.0 6661.0 2591.0 3178.0 2881.0 2523.0 2342.0 2589.0
225 1704.0 2678.0 2591.0 2223.0 2644.0 3065.0 2560.0 3227.0 3330.0 2288.0 2276.0 2157.0 2815.0 2182.0 2080.0 2887.0 1220.0 2523.0 2885.0 3122.0 4032.0 2267.0 3338.0 3017.0 3012.0 3225.0 2221.0 2302.0 2329.0 2081.0 1891.0 2038.0
228 1320.0 2293.0 2251.0 1988.0 2244.0 2614.0 2170.0 2623.0 2799.0 1937.0 1934.0 1775.0 2467.0 1702.0 1708.0 2468.0 1135.0 2059.0 2477.0 2643.0 3251.0 1872.0 2880.0 2655.0 2462.0 2703.0 1774.0 1980.0 1829.0 1696.0 1612.0 1704.0
231 1101.0 1862.0 1896.0 1519.0 1840.0 2302.0 1877.0 2264.0 2495.0 1550.0 1496.0 1440.0 2070.0 1353.0 1441.0 2066.0 944.0 1790.0 2113.0 2150.0 2775.0 1660.0 2490.0 2262.0 2116.0 2221.0 1495.0 1682.0 1565.0 1353.0 1285.0 1400.0
234 913.0 1528.0 1640.0 1324.0 1576.0 1835.0 1570.0 1960.0 2070.0 1289.0 1364.0 1206.0 1706.0 1222.0 1250.0 1760.0 816.0 1481.0 1835.0 2045.0 2376.0 1454.0 2017.0 1893.0 1746.0 2016.0 1378.0 1520.0 1318.0 1210.0 1249.0 1269.0
237 840.0 1284.0 1384.0 1147.0 1283.0 1631.0 1373.0 1547.0 1769.0 1244.0 1234.0 1103.0 1435.0 1132.0 1180.0 1546.0 894.0 1276.0 1554.0 1826.0 2062.0 1352.0 1783.0 1681.0 1472.0 1687.0 1167.0 1302.0 1259.0 1067.0 1153.0 1178.0
240 866.0 1284.0 1363.0 1014.0 1289.0 1486.0 1297.0 1521.0 1625.0 1181.0 1198.0 1074.0 1448.0 1053.0 1104.0 1396.0 771.0 1285.0 1536.0 1649.0 1806.0 1361.0 1684.0 1621.0 1385.0 1590.0 1101.0 1269.0 1115.0 1122.0 1112.0 1201.0
243 752.0 1207.0 1326.0 1061.0 1319.0 1455.0 1272.0 1426.0 1615.0 1108.0 1083.0 1033.0 1326.0 1001.0 1064.0 1311.0 540.0 1187.0 1407.0 1571.0 1771.0 1239.0 1593.0 1565.0 1360.0 1526.0 1079.0 1205.0 1138.0 1040.0 1011.0 1047.0
246 681.0 1140.0 1253.0 960.0 1190.0 1402.0 1220.0 1359.0 1581.0 1045.0 1043.0 954.0 1308.0 1005.0 991.0 1267.0 369.0 1153.0 1378.0 1353.0 1680.0 1123.0 1565.0 1505.0 1287.0 1483.0 978.0 1146.0 1097.0 1061.0 850.0 1016.0
249 550.0 1183.0 1150.0 926.0 1119.0 1297.0 1071.0 1324.0 1438.0 1002.0 873.0 827.0 1343.0 839.0 878.0 1242.0 221.0 1090.0 1304.0 1022.0 1683.0 880.0 1569.0 1428.0 1197.0 1396.0 841.0 1060.0 901.0 884.0 651.0 805.0
252 339.0 1081.0 1139.0 792.0 1070.0 1273.0 985.0 1372.0 1303.0 764.0 668.0 518.0 1126.0 633.0 610.0 1163.0 61.0 1038.0 1230.0 582.0 1571.0 592.0 1384.0 1221.0 1216.0 1336.0 594.0 952.0 686.0 626.0 425.0 594.0
255 139.0 867.0 906.0 591.0 810.0 1124.0 747.0 1150.0 1064.0 462.0 405.0 268.0 952.0 340.0 281.0 980.0 32.0 751.0 949.0 234.0 1465.0 263.0 1259.0 981.0 1008.0 1171.0 295.0 768.0 455.0 325.0 191.0 327.0
258 39.0 379.0 485.0 222.0 320.0 675.0 290.0 895.0 634.0 111.0 87.0 48.0 569.0 73.0 60.0 578.0 21.0 367.0 513.0 51.0 1056.0 50.0 669.0 474.0 651.0 691.0 54.0 335.0 138.0 88.0 43.0 98.0
261 22.0 150.0 248.0 94.0 105.0 329.0 138.0 517.0 258.0 43.0 43.0 20.0 230.0 42.0 29.0 298.0 11.0 135.0 210.0 36.0 688.0 38.0 314.0 197.0 401.0 460.0 40.0 149.0 58.0 36.0 30.0 30.0
264 18.0 58.0 97.0 37.0 46.0 124.0 64.0 259.0 100.0 28.0 31.0 20.0 80.0 32.0 33.0 117.0 16.0 59.0 76.0 35.0 379.0 34.0 160.0 73.0 169.0 160.0 26.0 50.0 26.0 25.0 19.0 28.0
267 15.0 37.0 42.0 31.0 31.0 65.0 36.0 90.0 55.0 29.0 24.0 16.0 43.0 17.0 17.0 64.0 13.0 28.0 52.0 37.0 123.0 35.0 55.0 40.0 81.0 78.0 23.0 42.0 26.0 24.0 20.0 28.0
270 12.0 44.0 34.0 17.0 27.0 35.0 29.0 42.0 30.0 27.0 17.0 14.0 30.0 21.0 17.0 45.0 13.0 32.0 25.0 31.0 62.0 34.0 51.0 36.0 40.0 56.0 20.0 19.0 13.0 23.0 14.0 26.0
273 12.0 20.0 23.0 21.0 31.0 33.0 16.0 37.0 37.0 21.0 17.0 17.0 24.0 19.0 30.0 24.0 15.0 19.0 31.0 24.0 51.0 26.0 35.0 32.0 32.0 44.0 13.0 19.0 26.0 17.0 29.0 15.0
276 10.0 24.0 25.0 17.0 30.0 24.0 21.0 34.0 34.0 27.0 19.0 15.0 33.0 9.0 8.0 36.0 10.0 15.0 21.0 26.0 35.0 18.0 36.0 40.0 31.0 35.0 26.0 24.0 17.0 17.0 20.0 17.0
279 14.0 25.0 19.0 14.0 26.0 38.0 23.0 32.0 16.0 15.0 8.0 22.0 32.0 18.0 19.0 34.0 14.0 15.0 28.0 17.0 28.0 14.0 32.0 21.0 23.0 25.0 11.0 24.0 11.0 18.0 12.0 15.0
282 11.0 16.0 25.0 16.0 19.0 16.0 21.0 29.0 23.0 18.0 17.0 20.0 22.0 9.0 17.0 26.0 0.0 18.0 27.0 18.0 37.0 12.0 37.0 24.0 23.0 41.0 11.0 24.0 18.0 22.0 17.0 19.0
285 11.0 25.0 28.0 12.0 12.0 28.0 22.0 18.0 22.0 18.0 14.0 19.0 30.0 9.0 13.0 27.0 4.0 13.0 29.0 14.0 33.0 16.0 27.0 19.0 23.0 24.0 15.0 19.0 13.0 15.0 10.0 11.0
288 11.0 11.0 25.0 9.0 16.0 22.0 14.0 20.0 28.0 18.0 11.0 8.0 20.0 14.0 5.0 20.0 0.0 15.0 26.0 10.0 24.0 21.0 22.0 26.0 20.0 14.0 10.0 11.0 10.0 14.0 8.0 10.0
291 3.0 19.0 19.0 14.0 15.0 16.0 10.0 32.0 17.0 8.0 8.0 5.0 15.0 10.0 11.0 17.0 1.0 19.0 18.0 4.0 24.0 9.0 22.0 22.0 11.0 24.0 8.0 24.0 13.0 5.0 2.0 8.0
294 3.0 15.0 21.0 7.0 15.0 18.0 18.0 21.0 14.0 8.0 9.0 3.0 10.0 8.0 9.0 24.0 0.0 16.0 20.0 3.0 24.0 5.0 24.0 19.0 18.0 18.0 3.0 14.0 10.0 5.0 4.0 4.0
297 2.0 7.0 16.0 3.0 8.0 14.0 12.0 24.0 12.0 9.0 7.0 2.0 12.0 3.0 6.0 10.0 2.0 9.0 19.0 1.0 21.0 7.0 16.0 19.0 15.0 21.0 8.0 9.0 7.0 3.0 2.0 2.0
300 0.0 8.0 13.0 4.0 5.0 16.0 5.0 14.0 11.0 3.0 2.0 0.0 7.0 0.0 0.0 12.0 0.0 7.0 2.0 1.0 17.0 3.0 15.0 6.0 12.0 25.0 0.0 5.0 2.0 1.0 0.0 3.0
303 0.0 2.0 5.0 1.0 3.0 6.0 7.0 12.0 8.0 0.0 2.0 1.0 6.0 0.0 2.0 8.0 0.0 1.0 6.0 1.0 12.0 2.0 10.0 7.0 8.0 11.0 1.0 4.0 1.0 0.0 2.0 1.0
306 2.0 1.0 1.0 1.0 1.0 7.0 0.0 3.0 2.0 1.0 0.0 0.0 2.0 2.0 1.0 4.0 0.0 3.0 5.0 1.0 18.0 0.0 7.0 3.0 3.0 6.0 1.0 1.0 1.0 2.0 1.0 3.0
309 0.0 0.0 0.0 0.0 0.0 2.0 2.0 4.0 1.0 0.0 0.0 0.0 3.0 0.0 1.0 0.0 1.0 2.0 1.0 0.0 6.0 0.0 2.0 3.0 1.0 5.0 0.0 0.0 0.0 0.0 1.0 0.0
312 0.0 1.0 2.0 1.0 1.0 0.0 2.0 0.0 0.0 1.0 0.0 0.0 1.0 3.0 1.0 0.0 2.0 1.0 2.0 0.0 4.0 1.0 3.0 1.0 5.0 3.0 2.0 2.0 1.0 0.0 2.0 0.0
315 0.0 1.0 0.0 0.0 2.0 0.0 1.0 2.0 1.0 2.0 0.0 1.0 1.0 1.0 0.0 0.0 1.0 1.0 0.0 0.0 2.0 0.0 0.0 4.0 3.0 2.0 0.0 0.0 1.0 0.0 0.0 0.0
318 1.0 0.0 0.0 0.0 0.0 2.0 1.0 2.0 3.0 2.0 0.0 0.0 0.0 0.0 0.0 1.0 0.0 1.0 1.0 0.0 0.0 1.0 1.0 1.0 0.0 2.0 1.0 1.0 1.0 0.0 1.0 1.0
321 1.0 0.0 1.0 0.0 0.0 0.0 1.0 0.0 1.0 2.0 1.0 0.0 0.0 0.0 0.0 0.0 0.0 1.0 3.0 0.0 3.0 1.0 1.0 0.0 1.0 5.0 0.0 1.0 0.0 0.0 1.0 0.0
324 0.0 0.0 0.0 2.0 2.0 2.0 2.0 1.0 3.0 1.0 1.0 1.0 1.0 2.0 0.0 1.0 1.0 3.0 1.0 0.0 1.0 2.0 1.0 4.0 1.0 1.0 0.0 1.0 0.0 2.0 1.0 0.0
327 0.0 0.0 2.0 0.0 1.0 2.0 1.0 1.0 0.0 0.0 0.0 0.0 0.0 0.0 0.0 0.0 0.0 1.0 1.0 1.0 0.0 1.0 2.0 0.0 1.0 4.0 1.0 0.0 1.0 0.0 1.0 1.0
330 0.0 4.0 0.0 0.0 1.0 0.0 1.0 1.0 0.0 0.0 0.0 0.0 0.0 0.0 0.0 1.0 0.0 1.0 1.0 0.0 2.0 0.0 4.0 1.0 3.0 1.0 0.0 1.0 1.0 1.0 1.0 1.0
333 1.0 0.0 0.0 2.0 0.0 1.0 0.0 2.0 3.0 0.0 0.0 1.0 1.0 0.0 1.0 0.0 0.0 1.0 1.0 0.0 2.0 0.0 1.0 0.0 0.0 1.0 1.0 2.0 0.0 0.0 2.0 1.0
336 1.0 1.0 0.0 0.0 0.0 1.0 1.0 0.0 3.0 0.0 0.0 1.0 1.0 0.0 0.0 3.0 0.0 0.0 0.0 0.0 0.0 0.0 0.0 1.0 0.0 0.0 0.0 0.0 0.0 1.0 1.0 1.0
339 0.0 1.0 2.0 0.0 2.0 0.0 0.0 1.0 0.0 0.0 0.0 1.0 1.0 1.0 0.0 2.0 0.0 0.0 1.0 0.0 2.0 0.0 1.0 2.0 1.0 3.0 3.0 1.0 1.0 0.0 2.0 2.0
342 0.0 0.0 1.0 0.0 0.0 0.0 0.0 1.0 1.0 0.0 1.0 0.0 1.0 0.0 0.0 0.0 0.0 0.0 0.0 1.0 0.0 0.0 0.0 0.0 0.0 0.0 1.0 0.0 0.0 0.0 0.0 1.0
345 1.0 1.0 0.0 1.0 0.0 0.0 2.0 3.0 1.0 0.0 1.0 1.0 1.0 0.0 0.0 1.0 0.0 1.0 0.0 2.0 0.0 0.0 1.0 0.0 1.0 1.0 1.0 1.0 0.0 1.0 1.0 3.0
348 0.0 0.0 0.0 0.0 0.0 0.0 0.0 0.0 0.0 0.0 2.0 0.0 0.0 0.0 1.0 1.0 0.0 1.0 1.0 1.0 1.0 0.0 1.0 0.0 0.0 1.0 1.0 0.0 0.0 0.0 0.0 0.0
351 0.0 1.0 0.0 0.0 0.0 0.0 0.0 0.0 0.0 0.0 0.0 1.0 1.0 0.0 0.0 0.0 0.0 0.0 0.0 0.0 0.0 1.0 1.0 0.0 1.0 2.0 1.0 0.0 0.0 0.0 0.0 0.0
354 3.0 0.0 0.0 1.0 1.0 1.0 1.0 0.0 0.0 0.0 0.0 0.0 0.0 1.0 1.0 0.0 0.0 2.0 0.0 0.0 0.0 2.0 0.0 1.0 2.0 1.0 1.0 1.0 0.0 1.0 0.0 0.0
357 0.0 1.0 0.0 0.0 0.0 0.0 0.0 0.0 0.0 1.0 0.0 1.0 0.0 0.0 0.0 1.0 0.0 0.0 1.0 1.0 0.0 0.0 1.0 0.0 2.0 0.0 0.0 0.0 0.0 0.0 0.0 0.0
