150 17301464.0 17300177.0 17298778.0 17289827.0 17299806.0 17289423.0 17296108.0 17291006.0 17297021.0 17289041.0 17298229.0 17290984.0 17296948.0 17297761.0 17294713.0 17288442.0 17295809.0 17298733.0 17295343.0 17295172.0 17289419.0 17296760.0 17287079.0 17294244.0 17287722.0 17295011.0 17287089.0 17292291.0 17289015.0 17294497.0 17296792.0 17296174.0
153 17722863.0 17724248.0 17723174.0 17715513.0 17722797.0 17715398.0 17720546.0 17715488.0 17720353.0 17715782.0 17721656.0 17715926.0 17720821.0 17721465.0 17721110.0 17716666.0 17719248.0 17721992.0 17719704.0 17719691.0 17715539.0 17720618.0 17715079.0 17718461.0 17715490.0 17719233.0 17714725.0 17718024.0 17714866.0 17718905.0 17721276.0 17720538.0
156 17927736.0 17927043.0 17926267.0 17923286.0 17926459.0 17923109.0 17925591.0 17923182.0 17925722.0 17922980.0 17926253.0 17923204.0 17925627.0 17925719.0 17925302.0 17923113.0 17925066.0 17926331.0 17924879.0 17925195.0 17923066.0 17925639.0 17922694.0 17924634.0 17922849.0 17924963.0 17922733.0 17924454.0 17922776.0 17924814.0 17926069.0 17926037.0
159 18141620.0 18146064.0 18143473.0 18135482.0 18141751.0 18135317.0 18139260.0 18135482.0 18138703.0 18135523.0 18139525.0 18135556.0 18138328.0 18138970.0 18138292.0 18135661.0 18137872.0 18138137.0 18137607.0 18138198.0 18135375.0 18139096.0 18135089.0 18137670.0 18135168.0 18138286.0 18134951.0 18137195.0 18135021.0 18137931.0 18140668.0 18139922.0
162 18393763.0 18391097.0 18388911.0 18377784.0 18386724.0 18377861.0 18382571.0 18378011.0 18382372.0 18378475.0 18382986.0 18378350.0 18381219.0 18381897.0 18380893.0 18378463.0 18380547.0 18380836.0 18380257.0 18380675.0 18377706.0 18381536.0 18377620.0 18380188.0 18377458.0 18380541.0 18377159.0 18379459.0 18377418.0 18380139.0 18382314.0 18381243.0
165 18568615.0 18562395.0 18562264.0 18555540.0 18562586.0 18555623.0 18560636.0 18555537.0 18561429.0 18555797.0 18562580.0 18555627.0 18560046.0 18561071.0 18559140.0 18555388.0 18558841.0 18559101.0 18558742.0 18559138.0 18554969.0 18560167.0 18554651.0 18558431.0 18554677.0 18558343.0 18554503.0 18556757.0 18554743.0 18557762.0 18559253.0 18557831.0
168 18644207.0 18638529.0 18637437.0 18629623.0 18635657.0 18630253.0 18633958.0 18629122.0 18632911.0 18630781.0 18635665.0 18629682.0 18632016.0 18632879.0 18632209.0 18628989.0 18629414.0 18633540.0 18629907.0 18630435.0 18625614.0 18630017.0 18624642.0 18628061.0 18624835.0 18627755.0 18623933.0 18626977.0 18624020.0 18627922.0 18628045.0 18627224.0
171 18492311.0 18487905.0 18484435.0 18451780.0 18478650.0 18451708.0 18469674.0 18451023.0 18464117.0 18454090.0 18470427.0 18451806.0 18460341.0 18463110.0 18459219.0 18453504.0 18455512.0 18462077.0 18456170.0 18455839.0 18447017.0 18452969.0 18445164.0 18449636.0 18445680.0 18449349.0 18443725.0 18449164.0 18443699.0 18450128.0 18450315.0 18452241.0
174 17860136.0 17912692.0 17876898.0 17652851.0 17882436.0 17614603.0 17848968.0 17619906.0 17793382.0 17653479.0 17826683.0 17598584.0 17804570.0 17803158.0 17831691.0 17731009.0 17766359.0 17838943.0 17786333.0 17772682.0 17627146.0 17748315.0 17620318.0 17731328.0 17640245.0 17743715.0 17588984.0 17790547.0 17586378.0 17786157.0 17780054.0 17871035.0
177 10968212.0 10809691.0 10774426.0 10721918.0 10829131.0 10705131.0 10863969.0 10739160.0 10750505.0 10879347.0 10842078.0 10668684.0 10833320.0 10815694.0 10943498.0 11095360.0 10696514.0 10990859.0 10772199.0 10747131.0 10791521.0 10648467.0 10824969.0 10590236.0 10915436.0 10609234.0 10719616.0 10817238.0 10644410.0 10777646.0 10714177.0 10976240.0
180 9899187.0 9627613.0 9603000.0 9637152.0 9662354.0 9614493.0 9717986.0 9665650.0 9591737.0 9817488.0 9694129.0 9572907.0 9690899.0 9674482.0 9829294.0 10068410.0 9535680.0 9845098.0 9617717.0 9594729.0 9708777.0 9480700.0 9762976.0 9410733.0 9850936.0 9430594.0 9633377.0 9670504.0 9533515.0 9619805.0 9548048.0 9813544.0
183 6939941.0 6527617.0 6513915.0 6583900.0 6565680.0 6522010.0 6644942.0 6583470.0 6488910.0 6746766.0 6593194.0 6474173.0 6605212.0 6591937.0 6775985.0 7045745.0 6420110.0 6746130.0 6511454.0 6496712.0 6583303.0 6373210.0 6660132.0 6291784.0 6725070.0 6313326.0 6527124.0 6587971.0 6410283.0 6522920.0 6442987.0 6712891.0
186 162872.0 183240.0 194111.0 223546.0 192590.0 192519.0 253206.0 178853.0 186850.0 233628.0 195641.0 186734.0 201424.0 238973.0 265747.0 282473.0 169384.0 207943.0 169315.0 196959.0 160790.0 188823.0 181945.0 157766.0 188792.0 155305.0 207439.0 204515.0 166967.0 192024.0 167694.0 215044.0
189 127619.0 139274.0 143435.0 176793.0 140392.0 155254.0 173824.0 136541.0 149622.0 162285.0 144426.0 153896.0 156103.0 175280.0 160882.0 160023.0 141979.0 144461.0 127102.0 159423.0 123913.0 164625.0 139750.0 140537.0 147150.0 135900.0 168409.0 148776.0 135849.0 144772.0 138843.0 146501.0
192 125593.0 137633.0 142718.0 174722.0 137331.0 154291.0 169816.0 134537.0 146805.0 156714.0 142704.0 152945.0 154009.0 171625.0 153603.0 148332.0 140382.0 140838.0 124323.0 158168.0 120458.0 162579.0 136908.0 139615.0 144441.0 134569.0 168777.0 144459.0 132070.0 142249.0 137710.0 141981.0
195 118007.0 135036.0 140428.0 172969.0 136568.0 150945.0 168154.0 132120.0 128093.0 155287.0 140755.0 152539.0 150760.0 168810.0 153659.0 147763.0 139515.0 139688.0 121061.0 157404.0 114718.0 160809.0 135812.0 134984.0 141214.0 132407.0 161915.0 143942.0 126828.0 136564.0 133903.0 141081.0
198 90177.0 123012.0 135190.0 169722.0 133040.0 149024.0 163971.0 122551.0 76330.0 153177.0 135454.0 146695.0 139405.0 165157.0 153128.0 142169.0 133745.0 132460.0 104751.0 154837.0 88746.0 153507.0 131485.0 115523.0 132651.0 119894.0 154436.0 140907.0 104284.0 117895.0 115547.0 137968.0
201 43745.0 88530.0 117199.0 157428.0 122537.0 139890.0 149296.0 92103.0 26621.0 142090.0 114700.0 129725.0 103654.0 147673.0 150554.0 122210.0 113464.0 107705.0 69061.0 144857.0 47872.0 131510.0 116394.0 72182.0 101220.0 86441.0 134041.0 129453.0 62164.0 77521.0 73225.0 126863.0
204 11246.0 36972.0 69564.0 116166.0 87993.0 98366.0 100628.0 40861.0 5997.0 105632.0 65895.0 85174.0 47034.0 102221.0 139963.0 73565.0 65845.0 57917.0 24761.0 111708.0 14295.0 76868.0 74098.0 24404.0 46799.0 35956.0 77405.0 95294.0 20927.0 28070.0 26617.0 93763.0
207 3275.0 8463.0 21437.0 50474.0 35270.0 36933.0 36530.0 9316.0 3205.0 46965.0 18889.0 29887.0 11245.0 41898.0 102985.0 23047.0 19782.0 15412.0 5538.0 53750.0 3776.0 24946.0 25992.0 5470.0 11035.0 8345.0 23459.0 41569.0 5077.0 6336.0 5978.0 39580.0
210 2466.0 3302.0 5599.0 13406.0 8987.0 8759.0 9372.0 3520.0 2592.0 12968.0 5111.0 7607.0 4241.0 11687.0 50595.0 6000.0 5509.0 4531.0 2838.0 15416.0 2476.0 6780.0 6550.0 3065.0 4031.0 3426.0 6302.0 11025.0 2756.0 3092.0 3100.0 10358.0
213 1956.0 2531.0 3189.0 5058.0 3588.0 4144.0 4229.0 2784.0 2076.0 4763.0 3382.0 3688.0 3227.0 4648.0 15032.0 3395.0 3259.0 3012.0 2242.0 4936.0 2019.0 3990.0 3268.0 2546.0 3033.0 2681.0 3825.0 4094.0 2278.0 2501.0 2456.0 3951.0
216 1523.0 2157.0 2657.0 3875.0 2887.0 3251.0 3313.0 2301.0 1543.0 3417.0 2847.0 3039.0 2629.0 3612.0 4755.0 2927.0 2819.0 2471.0 1781.0 3503.0 1538.0 3279.0 2641.0 2006.0 2435.0 2254.0 3104.0 3026.0 1813.0 1984.0 2023.0 3052.0
219 1437.0 1633.0 2111.0 3256.0 2343.0 2739.0 2871.0 1808.0 1264.0 2914.0 2157.0 2532.0 2157.0 2962.0 3540.0 2252.0 2134.0 1915.0 1461.0 2835.0 1197.0 2744.0 2178.0 1590.0 2063.0 1712.0 2490.0 2493.0 1390.0 1513.0 1576.0 2442.0
222 1218.0 1398.0 1598.0 2647.0 1935.0 2152.0 2225.0 1467.0 1164.0 2297.0 1867.0 1998.0 1790.0 2379.0 3062.0 1848.0 1850.0 1631.0 1199.0 2437.0 1115.0 2301.0 1792.0 1382.0 1692.0 1611.0 2018.0 1946.0 1333.0 1408.0 1423.0 2019.0
225 1187.0 1288.0 1458.0 2261.0 1608.0 1885.0 1875.0 1355.0 1070.0 2005.0 1618.0 1742.0 1770.0 2110.0 2445.0 1605.0 1653.0 1558.0 1140.0 2076.0 1065.0 1993.0 1506.0 1396.0 1601.0 1321.0 1824.0 1698.0 1174.0 1172.0 1285.0 1807.0
228 1052.0 1227.0 1402.0 2201.0 1522.0 1767.0 1756.0 1310.0 798.0 1872.0 1535.0 1690.0 1681.0 1963.0 2076.0 1492.0 1658.0 1425.0 1004.0 1857.0 991.0 1908.0 1444.0 1254.0 1470.0 1367.0 1595.0 1629.0 1161.0 1139.0 1228.0 1675.0
231 825.0 1097.0 1320.0 1994.0 1498.0 1657.0 1754.0 1182.0 450.0 1818.0 1463.0 1634.0 1492.0 1811.0 1897.0 1499.0 1549.0 1337.0 1008.0 1842.0 831.0 1836.0 1406.0 1161.0 1406.0 1311.0 1650.0 1512.0 1016.0 1048.0 1126.0 1601.0
234 496.0 950.0 1314.0 1978.0 1381.0 1723.0 1607.0 1069.0 205.0 1685.0 1337.0 1525.0 1365.0 1744.0 1946.0 1282.0 1449.0 1233.0 777.0 1748.0 488.0 1716.0 1242.0 880.0 1192.0 1150.0 1411.0 1495.0 711.0 780.0 928.0 1520.0
237 210.0 685.0 1075.0 1774.0 1291.0 1576.0 1450.0 893.0 56.0 1582.0 1192.0 1418.0 959.0 1601.0 1826.0 1060.0 1268.0 988.0 494.0 1655.0 261.0 1533.0 1137.0 563.0 938.0 856.0 1211.0 1338.0 430.0 520.0 587.0 1418.0
240 61.0 399.0 821.0 1577.0 1146.0 1359.0 1183.0 530.0 23.0 1355.0 887.0 1214.0 595.0 1402.0 1693.0 855.0 1028.0 697.0 278.0 1495.0 123.0 1284.0 947.0 304.0 583.0 532.0 918.0 1252.0 181.0 216.0 317.0 1201.0
243 25.0 142.0 459.0 1276.0 847.0 973.0 811.0 220.0 21.0 1105.0 529.0 875.0 268.0 987.0 1675.0 434.0 624.0 308.0 60.0 1292.0 36.0 823.0 562.0 96.0 239.0 228.0 524.0 910.0 71.0 76.0 121.0 823.0
246 23.0 42.0 168.0 700.0 417.0 446.0 349.0 55.0 12.0 623.0 197.0 400.0 83.0 524.0 1448.0 147.0 246.0 90.0 22.0 841.0 25.0 350.0 240.0 39.0 66.0 69.0 196.0 497.0 32.0 24.0 54.0 393.0
249 21.0 36.0 72.0 282.0 195.0 165.0 128.0 43.0 12.0 230.0 58.0 167.0 46.0 223.0 1072.0 59.0 104.0 39.0 24.0 394.0 29.0 131.0 86.0 29.0 46.0 24.0 71.0 210.0 22.0 23.0 16.0 140.0
252 17.0 29.0 27.0 124.0 71.0 65.0 67.0 33.0 19.0 81.0 38.0 66.0 32.0 80.0 690.0 36.0 45.0 28.0 19.0 138.0 18.0 61.0 40.0 30.0 37.0 20.0 50.0 79.0 24.0 30.0 32.0 57.0
255 16.0 13.0 24.0 63.0 43.0 48.0 43.0 28.0 8.0 52.0 31.0 44.0 31.0 50.0 294.0 30.0 30.0 31.0 15.0 59.0 13.0 36.0 22.0 21.0 24.0 31.0 35.0 51.0 17.0 18.0 21.0 35.0
258 15.0 21.0 26.0 45.0 30.0 44.0 22.0 13.0 9.0 45.0 31.0 39.0 23.0 35.0 86.0 23.0 32.0 24.0 23.0 45.0 14.0 35.0 25.0 15.0 27.0 19.0 22.0 37.0 12.0 16.0 21.0 30.0
261 11.0 13.0 12.0 37.0 27.0 30.0 28.0 15.0 10.0 29.0 23.0 16.0 28.0 26.0 47.0 24.0 28.0 21.0 7.0 35.0 15.0 36.0 17.0 25.0 23.0 19.0 26.0 39.0 10.0 13.0 17.0 36.0
264 14.0 19.0 11.0 43.0 21.0 30.0 26.0 18.0 4.0 29.0 29.0 30.0 17.0 24.0 46.0 13.0 31.0 23.0 10.0 42.0 12.0 33.0 28.0 8.0 26.0 19.0 20.0 26.0 12.0 10.0 16.0 37.0
267 8.0 17.0 19.0 41.0 28.0 30.0 29.0 20.0 2.0 22.0 30.0 31.0 13.0 29.0 48.0 23.0 25.0 19.0 8.0 33.0 6.0 33.0 23.0 23.0 16.0 15.0 18.0 28.0 12.0 6.0 19.0 25.0
270 5.0 10.0 13.0 32.0 23.0 30.0 20.0 14.0 0.0 27.0 26.0 21.0 18.0 27.0 34.0 22.0 24.0 14.0 10.0 29.0 8.0 31.0 10.0 8.0 16.0 14.0 15.0 20.0 6.0 8.0 16.0 21.0
273 1.0 6.0 12.0 34.0 21.0 34.0 19.0 13.0 2.0 25.0 19.0 22.0 16.0 26.0 39.0 10.0 25.0 15.0 9.0 30.0 4.0 27.0 20.0 6.0 15.0 15.0 15.0 16.0 5.0 5.0 3.0 25.0
276 0.0 6.0 9.0 26.0 18.0 19.0 21.0 8.0 1.0 14.0 13.0 15.0 7.0 19.0 28.0 13.0 19.0 11.0 1.0 26.0 2.0 22.0 9.0 4.0 7.0 11.0 11.0 23.0 1.0 2.0 7.0 25.0
279 1.0 3.0 10.0 16.0 16.0 17.0 16.0 2.0 2.0 29.0 10.0 14.0 5.0 21.0 24.0 8.0 15.0 3.0 1.0 30.0 0.0 15.0 11.0 1.0 6.0 3.0 10.0 11.0 1.0 2.0 4.0 22.0
282 0.0 0.0 6.0 16.0 14.0 11.0 5.0 4.0 0.0 12.0 4.0 12.0 5.0 9.0 32.0 2.0 5.0 3.0 0.0 20.0 2.0 11.0 3.0 1.0 1.0 2.0 7.0 15.0 0.0 1.0 1.0 11.0
285 0.0 2.0 1.0 13.0 7.0 7.0 1.0 1.0 0.0 4.0 3.0 5.0 0.0 9.0 27.0 0.0 4.0 1.0 0.0 9.0 0.0 8.0 3.0 0.0 3.0 1.0 2.0 7.0 0.0 1.0 1.0 5.0
288 0.0 0.0 0.0 5.0 3.0 4.0 1.0 0.0 0.0 3.0 0.0 1.0 2.0 4.0 13.0 0.0 1.0 0.0 0.0 7.0 0.0 1.0 4.0 1.0 0.0 0.0 0.0 2.0 1.0 0.0 2.0 3.0
291 2.0 0.0 0.0 2.0 0.0 1.0 2.0 0.0 0.0 0.0 0.0 0.0 0.0 4.0 13.0 1.0 0.0 0.0 1.0 3.0 1.0 1.0 3.0 1.0 0.0 0.0 0.0 3.0 1.0 0.0 0.0 0.0
294 1.0 0.0 1.0 2.0 1.0 1.0 0.0 0.0 0.0 0.0 0.0 2.0 2.0 5.0 10.0 0.0 0.0 0.0 1.0 1.0 0.0 1.0 0.0 1.0 2.0 0.0 0.0 2.0 0.0 1.0 1.0 2.0
297 0.0 0.0 0.0 0.0 1.0 1.0 0.0 0.0 0.0 2.0 1.0 1.0 0.0 1.0 3.0 1.0 2.0 0.0 1.0 0.0 0.0 3.0 0.0 0.0 0.0 1.0 1.0 0.0 0.0 1.0 1.0 1.0
300 0.0 1.0 1.0 3.0 2.0 1.0 1.0 0.0 0.0 0.0 0.0 1.0 1.0 0.0 1.0 0.0 0.0 0.0 1.0 1.0 1.0 0.0 4.0 1.0 1.0 0.0 2.0 0.0 0.0 0.0 0.0 0.0
303 0.0 1.0 0.0 0.0 1.0 1.0 0.0 2.0 0.0 2.0 0.0 1.0 0.0 0.0 0.0 1.0 0.0 0.0 0.0 0.0 0.0 1.0 0.0 0.0 1.0 1.0 0.0 0.0 1.0 0.0 0.0 1.0
306 0.0 0.0 1.0 1.0 0.0 0.0 3.0 0.0 0.0 1.0 2.0 1.0 1.0 0.0 2.0 0.0 0.0 0.0 1.0 0.0 1.0 1.0 0.0 0.0 0.0 1.0 0.0 0.0 1.0 1.0 0.0 2.0
309 0.0 0.0 0.0 0.0 1.0 0.0 0.0 0.0 0.0 0.0 0.0 0.0 0.0 1.0 1.0 1.0 0.0 0.0 0.0 2.0 0.0 0.0 1.0 0.0 2.0 1.0 0.0 0.0 0.0 0.0 0.0 0.0
312 0.0 1.0 0.0 0.0 0.0 0.0 0.0 0.0 1.0 0.0 0.0 2.0 0.0 0.0 1.0 0.0 1.0 0.0 0.0 1.0 0.0 1.0 0.0 0.0 0.0 0.0 1.0 1.0 0.0 0.0 0.0 1.0
315 0.0 0.0 1.0 3.0 0.0 0.0 0.0 0.0 0.0 0.0 1.0 1.0 1.0 1.0 1.0 0.0 0.0 0.0 0.0 1.0 1.0 0.0 0.0 0.0 0.0 0.0 0.0 0.0 0.0 0.0 0.0 0.0
318 1.0 0.0 0.0 1.0 0.0 0.0 1.0 0.0 0.0 1.0 1.0 0.0 0.0 1.0 1.0 0.0 0.0 0.0 2.0 0.0 0.0 0.0 0.0 0.0 0.0 0.0 0.0 1.0 0.0 0.0 0.0 0.0
321 0.0 0.0 0.0 0.0 0.0 0.0 0.0 0.0 0.0 1.0 1.0 0.0 1.0 0.0 0.0 0.0 1.0 0.0 0.0 0.0 0.0 0.0 0.0 0.0 0.0 0.0 0.0 2.0 0.0 0.0 0.0 1.0
324 0.0 0.0 0.0 1.0 1.0 0.0 0.0 1.0 0.0 0.0 0.0 0.0 1.0 0.0 1.0 0.0 0.0 0.0 0.0 1.0 0.0 0.0 0.0 0.0 0.0 0.0 0.0 0.0 0.0 0.0 0.0 0.0
327 0.0 0.0 0.0 0.0 0.0 0.0 1.0 0.0 0.0 1.0 0.0 0.0 0.0 0.0 1.0 0.0 0.0 1.0 1.0 0.0 0.0 0.0 0.0 0.0 0.0 0.0 0.0 1.0 0.0 0.0 1.0 1.0
330 0.0 0.0 0.0 0.0 0.0 1.0 0.0 0.0 0.0 0.0 0.0 0.0 0.0 0.0 0.0 0.0 0.0 0.0 1.0 0.0 0.0 0.0 0.0 1.0 0.0 0.0 0.0 0.0 0.0 2.0 0.0 1.0
333 0.0 0.0 0.0 1.0 0.0 1.0 0.0 0.0 0.0 1.0 1.0 0.0 0.0 0.0 0.0 0.0 0.0 0.0 0.0 1.0 0.0 0.0 1.0 0.0 0.0 0.0 0.0 0.0 0.0 0.0 0.0 0.0
336 0.0 0.0 0.0 0.0 0.0 0.0 0.0 0.0 0.0 0.0 0.0 0.0 0.0 0.0 0.0 0.0 0.0 0.0 0.0 1.0 0.0 0.0 1.0 0.0 0.0 0.0 0.0 0.0 0.0 0.0 0.0 0.0
339 0.0 0.0 0.0 0.0 0.0 0.0 0.0 0.0 0.0 0.0 0.0 0.0 0.0 0.0 0.0 0.0 0.0 0.0 0.0 0.0 0.0 0.0 0.0 0.0 0.0 1.0 0.0 0.0 0.0 0.0 0.0 0.0
342 0.0 0.0 2.0 0.0 0.0 0.0 2.0 1.0 0.0 0.0 0.0 0.0 0.0 0.0 0.0 0.0 0.0 0.0 1.0 0.0 0.0 0.0 0.0 0.0 0.0 0.0 1.0 0.0 0.0 0.0 0.0 0.0
345 0.0 0.0 0.0 0.0 0.0 0.0 0.0 0.0 0.0 1.0 2.0 0.0 0.0 0.0 0.0 0.0 0.0 0.0 0.0 0.0 0.0 0.0 0.0 0.0 0.0 0.0 0.0 0.0 0.0 0.0 0.0 1.0
348 0.0 0.0 1.0 1.0 0.0 0.0 0.0 0.0 0.0 0.0 1.0 0.0 0.0 1.0 0.0 0.0 0.0 1.0 0.0 0.0 1.0 0.0 0.0 0.0 1.0 0.0 0.0 0.0 1.0 0.0 1.0 0.0
351 0.0 0.0 0.0 0.0 0.0 0.0 0.0 0.0 0.0 0.0 0.0 0.0 0.0 0.0 0.0 0.0 0.0 0.0 0.0 0.0 1.0 0.0 0.0 0.0 0.0 0.0 0.0 1.0 0.0 0.0 0.0 0.0
354 1.0 0.0 0.0 0.0 0.0 0.0 0.0 0.0 0.0 0.0 0.0 0.0 0.0 1.0 0.0 0.0 0.0 0.0 0.0 0.0 1.0 0.0 0.0 1.0 0.0 2.0 1.0 0.0 0.0 0.0 1.0 1.0
357 0.0 0.0 1.0 0.0 0.0 0.0 0.0 1.0 0.0 0.0 0.0 0.0 1.0 0.0 0.0 0.0 0.0 0.0 0.0 1.0 1.0 0.0 0.0 0.0 0.0 0.0 0.0 0.0 0.0 0.0 0.0 0.0
