150 667249.0 665437.0 659583.0 664590.0 659177.0 680610.0 656378.0 669026.0 660699.0 662674.0 667750.0 662971.0 666611.0 662543.0 674904.0 656979.0 671276.0 661089.0 666421.0 666023.0 667133.0 675276.0 676289.0 683649.0 652955.0 672335.0 672705.0 683464.0 672155.0 660061.0 693872.0 667078.0
153 17685068.0 17683746.0 17681303.0 17677591.0 17682153.0 17678102.0 17680713.0 17678149.0 17680104.0 17677678.0 17681568.0 17678057.0 17681745.0 17681294.0 17681332.0 17676600.0 17681398.0 17681034.0 17680903.0 17680822.0 17677806.0 17681349.0 17675191.0 17681424.0 17677266.0 17680424.0 17677058.0 17681588.0 17674244.0 17681028.0 17684475.0 17683040.0
156 17945671.0 17944579.0 17942959.0 17940320.0 17943491.0 17940526.0 17942579.0 17940904.0 17942043.0 17940775.0 17942921.0 17940680.0 17943226.0 17943097.0 17942553.0 17940474.0 17942800.0 17942534.0 17942406.0 17942569.0 17940763.0 17942874.0 17939786.0 17942593.0 17940900.0 17942637.0 17940420.0 17943041.0 17939379.0 17943043.0 17944679.0 17944365.0
159 18158945.0 18157879.0 18156855.0 18155097.0 18157075.0 18155214.0 18156510.0 18155317.0 18156133.0 18155224.0 18156655.0 18155235.0 18156626.0 18156596.0 18156328.0 18154960.0 18156530.0 18156368.0 18156407.0 18156414.0 18155224.0 18156511.0 18154586.0 18156509.0 18155189.0 18156486.0 18154978.0 18156904.0 18154254.0 18156870.0 18157989.0 18157969.0
162 18382286.0 18381580.0 18380616.0 18379320.0 18380859.0 18379423.0 18380362.0 18379540.0 18380088.0 18379274.0 18380389.0 18379398.0 18380396.0 18380233.0 18380193.0 18379040.0 18380423.0 18380272.0 18380307.0 18380487.0 18379474.0 18380433.0 18378723.0 18380463.0 18379375.0 18380308.0 18379244.0 18380676.0 18378602.0 18380639.0 18381530.0 18381419.0
165 18751861.0 18750142.0 18747416.0 18744353.0 18747448.0 18744481.0 18746386.0 18744624.0 18745870.0 18744304.0 18746358.0 18744432.0 18746397.0 18746139.0 18746201.0 18744070.0 18746303.0 18746073.0 18746124.0 18746302.0 18744482.0 18746477.0 18743786.0 18746327.0 18744383.0 18746075.0 18744292.0 18746617.0 18743568.0 18746485.0 18748327.0 18747982.0
168 18915918.0 18914641.0 18913461.0 18914273.0 18914207.0 18915150.0 18913443.0 18915227.0 18913361.0 18913655.0 18913523.0 18914369.0 18913856.0 18914961.0 18913772.0 18911657.0 18913577.0 18913971.0 18913752.0 18913973.0 18911269.0 18914526.0 18910019.0 18913885.0 18910400.0 18914037.0 18910239.0 18914381.0 18909674.0 18915160.0 18914272.0 18914162.0
171 18889649.0 18887817.0 18885050.0 18886394.0 18887112.0 18886067.0 18885081.0 18888555.0 18884179.0 18889848.0 18884981.0 18889753.0 18885002.0 18885229.0 18883996.0 18888482.0 18884050.0 18884053.0 18883389.0 18883295.0 18883727.0 18883030.0 18880815.0 18882609.0 18881367.0 18882330.0 18880225.0 18882440.0 18879923.0 18883287.0 18882031.0 18882055.0
174 18593352.0 18576646.0 18562050.0 18543400.0 18574069.0 18534167.0 18562299.0 18540594.0 18552662.0 18546861.0 18555914.0 18545084.0 18556092.0 18554035.0 18550425.0 18552123.0 18553562.0 18550433.0 18547873.0 18547386.0 18539289.0 18544955.0 18534405.0 18543050.0 18541405.0 18543293.0 18533629.0 18542477.0 18531618.0 18544783.0 18543686.0 18544786.0
177 13924207.0 13818206.0 13725946.0 13552782.0 13906072.0 13320812.0 13919466.0 13464981.0 13745729.0 13675141.0 13825081.0 13618113.0 13851738.0 13854514.0 13722393.0 13851049.0 13868024.0 13758374.0 13690145.0 13723981.0 13548144.0 13658249.0 13569179.0 13639492.0 13783207.0 13729575.0 13504958.0 13677326.0 13540638.0 13801110.0 13705951.0 13863914.0
180 10786764.0 10735314.0 10713075.0 10854366.0 10891452.0 10545202.0 10954458.0 10754498.0 10828655.0 11056796.0 10918982.0 10953698.0 10953236.0 10975058.0 10818081.0 11260362.0 10968593.0 10842901.0 10753735.0 10790735.0 10858184.0 10718907.0 10938727.0 10700756.0 11201928.0 10794767.0 10819945.0 10727853.0 10864176.0 10866716.0 10725123.0 10900111.0
183 8182034.0 8128132.0 8118934.0 8385550.0 8287865.0 8044378.0 8360645.0 8262458.0 8235733.0 8608206.0 8323423.0 8466657.0 8344987.0 8382604.0 8208964.0 8821451.0 8361623.0 8217960.0 8117276.0 8156535.0 8379007.0 8091711.0 8514777.0 8083382.0 8795976.0 8166756.0 8379103.0 8096805.0 8423387.0 8218071.0 8072184.0 8240603.0
186 2888952.0 2835845.0 2828446.0 2940544.0 2944240.0 2725390.0 2998628.0 2838068.0 2910726.0 3095864.0 2981216.0 2970307.0 2986382.0 3049767.0 2901768.0 3237052.0 3029873.0 2900122.0 2836951.0 2876250.0 2910055.0 2846208.0 3023822.0 2886855.0 3178728.0 2915651.0 2913558.0 2881843.0 2969172.0 2958368.0 2870847.0 2989778.0
189 164230.0 142222.0 153066.0 185174.0 169137.0 156255.0 163623.0 149069.0 176072.0 186846.0 168428.0 167867.0 180754.0 191375.0 161984.0 203492.0 202158.0 148424.0 164089.0 174453.0 155288.0 163533.0 205585.0 230315.0 174479.0 172790.0 165162.0 180795.0 244367.0 180585.0 167930.0 201130.0
192 162257.0 140514.0 151595.0 180085.0 162840.0 155382.0 155319.0 145703.0 172100.0 171669.0 161083.0 161489.0 176808.0 180113.0 158980.0 172998.0 193684.0 141835.0 161802.0 171806.0 149895.0 160276.0 195879.0 226145.0 147690.0 167770.0 156657.0 174636.0 240901.0 168952.0 161594.0 191781.0
195 161835.0 139733.0 150572.0 179339.0 162199.0 154321.0 154151.0 143740.0 171361.0 169984.0 160387.0 160305.0 174973.0 178646.0 156679.0 172537.0 192532.0 140547.0 160541.0 169614.0 147743.0 156570.0 194972.0 221381.0 145832.0 167187.0 155564.0 172224.0 233342.0 167635.0 159900.0 188172.0
198 160867.0 137748.0 147376.0 178032.0 160107.0 149770.0 151722.0 137236.0 167988.0 166586.0 157464.0 153918.0 171968.0 174198.0 151873.0 171273.0 191216.0 132442.0 156490.0 165723.0 137360.0 143677.0 194114.0 209078.0 139880.0 163689.0 149557.0 166309.0 236088.0 161668.0 155543.0 175477.0
201 157418.0 129437.0 131696.0 170759.0 153187.0 134729.0 144436.0 113372.0 160608.0 157196.0 149474.0 133215.0 163244.0 157442.0 135680.0 167347.0 185219.0 106395.0 138284.0 153520.0 106248.0 104785.0 190759.0 169819.0 117884.0 154573.0 131413.0 144446.0 233505.0 138332.0 142185.0 136707.0
204 140919.0 97928.0 87573.0 144812.0 122722.0 88684.0 117531.0 59726.0 129725.0 120773.0 117179.0 80468.0 126126.0 106478.0 88077.0 152314.0 162097.0 52941.0 89847.0 111880.0 49736.0 43902.0 179037.0 91349.0 69221.0 118652.0 79904.0 91182.0 195130.0 85189.0 102680.0 70412.0
207 95883.0 48229.0 35972.0 87773.0 65127.0 34227.0 68467.0 17734.0 70817.0 59207.0 58371.0 28079.0 63125.0 42798.0 32399.0 110995.0 105773.0 14345.0 34927.0 48829.0 13238.0 11054.0 141715.0 29061.0 25067.0 59199.0 28062.0 34419.0 125151.0 30174.0 47052.0 22240.0
210 34746.0 11676.0 8709.0 26294.0 17414.0 7692.0 21347.0 4791.0 18898.0 14753.0 14561.0 6796.0 15740.0 9756.0 7188.0 45977.0 36777.0 3991.0 8368.0 11022.0 4164.0 4049.0 69692.0 7848.0 6388.0 15326.0 6496.0 8353.0 40154.0 7112.0 11876.0 6162.0
213 9234.0 4177.0 3960.0 7617.0 5642.0 3935.0 6032.0 3148.0 5766.0 5161.0 4984.0 3912.0 5448.0 4578.0 3896.0 13055.0 10145.0 2976.0 4131.0 4746.0 3177.0 3174.0 22120.0 5227.0 3382.0 5180.0 3756.0 4368.0 10898.0 4100.0 4556.0 3997.0
216 4187.0 2998.0 3050.0 4383.0 3710.0 3127.0 3542.0 2555.0 3817.0 3688.0 3641.0 3108.0 3936.0 3682.0 3179.0 4850.0 5091.0 2398.0 3344.0 3673.0 2639.0 2512.0 6826.0 4214.0 2712.0 3635.0 3002.0 3441.0 6033.0 3100.0 3439.0 3270.0
219 3374.0 2455.0 2482.0 3778.0 3042.0 2580.0 3015.0 2015.0 3164.0 3095.0 2941.0 2460.0 3294.0 2970.0 2576.0 3900.0 4135.0 1860.0 2718.0 3101.0 1985.0 1963.0 4869.0 3423.0 2146.0 2996.0 2401.0 2805.0 5125.0 2514.0 2778.0 2510.0
222 2757.0 1967.0 2050.0 3029.0 2450.0 2095.0 2402.0 1591.0 2540.0 2496.0 2336.0 2095.0 2587.0 2434.0 2039.0 3176.0 3398.0 1581.0 2140.0 2522.0 1605.0 1693.0 4057.0 2716.0 1718.0 2475.0 1942.0 2247.0 4262.0 2082.0 2238.0 2217.0
225 2393.0 1705.0 1856.0 2581.0 2109.0 1823.0 2015.0 1506.0 2228.0 1972.0 1923.0 1822.0 2244.0 2085.0 1728.0 2751.0 2958.0 1455.0 1944.0 2213.0 1527.0 1601.0 3447.0 2663.0 1596.0 2125.0 1791.0 2037.0 3536.0 1877.0 1879.0 2174.0
228 2154.0 1602.0 1673.0 2347.0 1968.0 1691.0 1942.0 1404.0 2047.0 1871.0 1775.0 1742.0 2085.0 1860.0 1608.0 2263.0 2525.0 1303.0 1865.0 2096.0 1418.0 1478.0 3001.0 2453.0 1360.0 1893.0 1721.0 1901.0 3204.0 1714.0 1816.0 1904.0
231 2013.0 1554.0 1712.0 2279.0 1830.0 1662.0 1821.0 1374.0 1985.0 1727.0 1743.0 1575.0 1987.0 1800.0 1594.0 2091.0 2440.0 1251.0 1824.0 1971.0 1290.0 1391.0 2821.0 2234.0 1382.0 1875.0 1574.0 1777.0 2978.0 1650.0 1675.0 1765.0
234 1988.0 1549.0 1594.0 2138.0 1773.0 1477.0 1736.0 1200.0 1781.0 1660.0 1666.0 1421.0 1990.0 1722.0 1548.0 2042.0 2350.0 1122.0 1588.0 1870.0 1122.0 1190.0 2645.0 2084.0 1177.0 1784.0 1453.0 1669.0 2907.0 1447.0 1623.0 1493.0
237 1959.0 1347.0 1377.0 1956.0 1639.0 1506.0 1659.0 976.0 1755.0 1530.0 1607.0 1343.0 1781.0 1546.0 1323.0 1991.0 2177.0 797.0 1467.0 1719.0 834.0 820.0 2557.0 1744.0 895.0 1704.0 1251.0 1452.0 2594.0 1295.0 1462.0 1204.0
240 1765.0 1233.0 1074.0 1880.0 1470.0 1191.0 1397.0 579.0 1425.0 1382.0 1403.0 878.0 1582.0 1174.0 1071.0 1803.0 2074.0 481.0 1112.0 1426.0 444.0 408.0 2410.0 1115.0 559.0 1473.0 929.0 1061.0 2482.0 922.0 1210.0 614.0
243 1552.0 924.0 709.0 1535.0 1062.0 799.0 1076.0 290.0 1220.0 931.0 1071.0 508.0 1214.0 712.0 588.0 1610.0 1650.0 208.0 643.0 972.0 164.0 157.0 2199.0 585.0 270.0 1079.0 478.0 628.0 2025.0 432.0 854.0 270.0
246 1231.0 521.0 301.0 1034.0 621.0 336.0 701.0 96.0 724.0 518.0 585.0 165.0 678.0 298.0 251.0 1258.0 1314.0 61.0 294.0 476.0 48.0 58.0 1988.0 170.0 99.0 606.0 194.0 244.0 1215.0 162.0 482.0 100.0
249 724.0 229.0 145.0 547.0 308.0 120.0 383.0 51.0 319.0 192.0 263.0 75.0 282.0 97.0 85.0 791.0 747.0 28.0 127.0 175.0 35.0 31.0 1490.0 70.0 59.0 279.0 62.0 109.0 694.0 47.0 183.0 47.0
252 302.0 77.0 58.0 179.0 95.0 57.0 141.0 32.0 92.0 75.0 91.0 43.0 89.0 47.0 49.0 314.0 333.0 27.0 50.0 69.0 32.0 30.0 873.0 71.0 36.0 81.0 43.0 51.0 236.0 40.0 73.0 43.0
255 121.0 42.0 38.0 86.0 49.0 47.0 57.0 30.0 67.0 53.0 55.0 31.0 49.0 50.0 34.0 150.0 103.0 22.0 54.0 49.0 25.0 18.0 383.0 38.0 28.0 47.0 29.0 33.0 93.0 36.0 48.0 45.0
258 75.0 33.0 30.0 56.0 46.0 27.0 40.0 26.0 41.0 42.0 38.0 33.0 38.0 22.0 29.0 59.0 76.0 15.0 41.0 35.0 23.0 19.0 121.0 46.0 19.0 48.0 24.0 33.0 66.0 25.0 33.0 20.0
261 47.0 25.0 33.0 42.0 32.0 22.0 42.0 15.0 31.0 24.0 31.0 18.0 47.0 23.0 26.0 40.0 35.0 14.0 26.0 34.0 27.0 17.0 58.0 31.0 18.0 38.0 25.0 25.0 63.0 31.0 38.0 33.0
264 42.0 21.0 26.0 41.0 31.0 28.0 34.0 17.0 31.0 19.0 28.0 30.0 26.0 19.0 27.0 37.0 44.0 20.0 42.0 27.0 21.0 22.0 67.0 36.0 21.0 25.0 18.0 28.0 61.0 25.0 21.0 26.0
267 35.0 21.0 24.0 37.0 34.0 10.0 21.0 11.0 25.0 22.0 28.0 22.0 35.0 19.0 23.0 46.0 36.0 15.0 27.0 26.0 18.0 13.0 69.0 24.0 17.0 31.0 26.0 23.0 45.0 21.0 32.0 19.0
270 34.0 22.0 23.0 44.0 33.0 15.0 24.0 15.0 27.0 24.0 30.0 13.0 34.0 20.0 17.0 31.0 35.0 10.0 32.0 36.0 18.0 13.0 60.0 23.0 12.0 29.0 22.0 25.0 30.0 17.0 28.0 16.0
273 34.0 19.0 27.0 32.0 33.0 16.0 15.0 5.0 37.0 21.0 26.0 17.0 26.0 22.0 23.0 32.0 35.0 6.0 18.0 24.0 8.0 6.0 54.0 27.0 4.0 16.0 11.0 13.0 43.0 10.0 26.0 11.0
276 34.0 17.0 11.0 23.0 37.0 14.0 22.0 12.0 24.0 27.0 14.0 21.0 30.0 15.0 17.0 28.0 33.0 3.0 15.0 22.0 4.0 1.0 40.0 11.0 9.0 18.0 10.0 10.0 29.0 11.0 16.0 5.0
279 29.0 16.0 10.0 29.0 24.0 10.0 17.0 4.0 18.0 9.0 19.0 5.0 15.0 18.0 8.0 27.0 26.0 1.0 13.0 14.0 2.0 1.0 33.0 5.0 4.0 20.0 8.0 10.0 27.0 6.0 20.0 6.0
282 18.0 10.0 5.0 20.0 9.0 10.0 15.0 2.0 10.0 16.0 17.0 5.0 11.0 7.0 9.0 17.0 35.0 1.0 6.0 10.0 0.0 1.0 29.0 4.0 3.0 15.0 0.0 2.0 29.0 6.0 16.0 0.0
285 17.0 10.0 4.0 18.0 9.0 3.0 9.0 2.0 6.0 8.0 10.0 1.0 8.0 2.0 1.0 21.0 14.0 1.0 6.0 13.0 1.0 1.0 30.0 4.0 0.0 7.0 4.0 3.0 15.0 3.0 5.0 2.0
288 9.0 1.0 3.0 8.0 1.0 1.0 10.0 2.0 3.0 4.0 6.0 0.0 8.0 0.0 1.0 9.0 16.0 1.0 3.0 3.0 2.0 2.0 22.0 2.0 3.0 5.0 1.0 0.0 10.0 1.0 2.0 3.0
291 8.0 0.0 2.0 8.0 1.0 1.0 3.0 1.0 2.0 1.0 1.0 1.0 1.0 0.0 1.0 6.0 8.0 1.0 2.0 1.0 1.0 0.0 23.0 1.0 0.0 1.0 0.0 1.0 6.0 2.0 0.0 0.0
294 5.0 1.0 0.0 0.0 3.0 1.0 0.0 0.0 0.0 2.0 1.0 0.0 2.0 1.0 2.0 1.0 1.0 2.0 1.0 0.0 0.0 0.0 11.0 0.0 0.0 2.0 0.0 0.0 1.0 1.0 0.0 0.0
297 2.0 2.0 0.0 2.0 0.0 0.0 0.0 1.0 1.0 1.0 0.0 1.0 2.0 2.0 0.0 1.0 2.0 2.0 1.0 1.0 3.0 3.0 12.0 3.0 0.0 1.0 0.0 3.0 0.0 1.0 2.0 1.0
300 1.0 1.0 2.0 0.0 1.0 1.0 1.0 2.0 0.0 0.0 0.0 0.0 0.0 0.0 0.0 1.0 1.0 0.0 0.0 0.0 0.0 0.0 3.0 0.0 1.0 2.0 2.0 1.0 3.0 0.0 0.0 1.0
303 1.0 0.0 1.0 0.0 2.0 1.0 0.0 1.0 3.0 1.0 0.0 1.0 0.0 1.0 1.0 0.0 0.0 0.0 0.0 0.0 0.0 0.0 1.0 0.0 0.0 1.0 0.0 0.0 1.0 2.0 0.0 1.0
306 1.0 1.0 0.0 1.0 1.0 1.0 0.0 1.0 0.0 1.0 2.0 2.0 1.0 1.0 0.0 2.0 4.0 0.0 0.0 1.0 0.0 0.0 1.0 1.0 0.0 0.0 0.0 2.0 2.0 0.0 0.0 0.0
309 0.0 0.0 0.0 1.0 1.0 0.0 1.0 0.0 0.0 1.0 1.0 0.0 1.0 1.0 0.0 0.0 0.0 0.0 2.0 2.0 0.0 0.0 3.0 0.0 0.0 1.0 1.0 1.0 0.0 0.0 0.0 1.0
312 0.0 2.0 0.0 2.0 0.0 0.0 2.0 1.0 2.0 1.0 0.0 0.0 0.0 0.0 1.0 0.0 0.0 0.0 2.0 3.0 0.0 0.0 2.0 1.0 1.0 0.0 1.0 0.0 4.0 0.0 0.0 0.0
315 0.0 0.0 2.0 0.0 5.0 2.0 0.0 0.0 0.0 0.0 0.0 0.0 0.0 0.0 0.0 2.0 2.0 0.0 0.0 0.0 1.0 0.0 3.0 0.0 0.0 0.0 0.0 0.0 2.0 0.0 0.0 1.0
318 1.0 0.0 0.0 0.0 0.0 1.0 1.0 1.0 1.0 1.0 1.0 1.0 0.0 0.0 0.0 0.0 1.0 0.0 1.0 0.0 0.0 0.0 2.0 1.0 2.0 0.0 1.0 1.0 0.0 1.0 0.0 0.0
321 0.0 2.0 0.0 1.0 0.0 1.0 0.0 0.0 0.0 0.0 0.0 1.0 0.0 0.0 0.0 0.0 0.0 0.0 0.0 0.0 0.0 0.0 1.0 1.0 0.0 0.0 1.0 0.0 1.0 0.0 1.0 0.0
324 0.0 0.0 1.0 0.0 1.0 0.0 0.0 1.0 0.0 0.0 0.0 1.0 1.0 0.0 1.0 2.0 0.0 0.0 0.0 0.0 0.0 0.0 0.0 0.0 1.0 1.0 0.0 0.0 1.0 0.0 0.0 0.0
327 0.0 0.0 0.0 1.0 0.0 2.0 1.0 0.0 0.0 0.0 0.0 1.0 0.0 1.0 0.0 0.0 1.0 3.0 1.0 0.0 0.0 1.0 4.0 0.0 0.0 1.0 1.0 0.0 2.0 0.0 1.0 2.0
330 0.0 0.0 0.0 0.0 0.0 0.0 0.0 0.0 0.0 0.0 0.0 0.0 0.0 0.0 0.0 0.0 0.0 0.0 0.0 0.0 0.0 0.0 1.0 0.0 0.0 0.0 0.0 0.0 0.0 0.0 0.0 0.0
333 1.0 0.0 0.0 0.0 0.0 0.0 0.0 0.0 1.0 0.0 0.0 0.0 0.0 0.0 0.0 0.0 0.0 0.0 1.0 1.0 1.0 0.0 0.0 0.0 2.0 0.0 1.0 0.0 0.0 1.0 2.0 0.0
336 1.0 0.0 1.0 0.0 0.0 0.0 0.0 1.0 0.0 0.0 0.0 1.0 0.0 0.0 0.0 0.0 0.0 1.0 0.0 0.0 0.0 0.0 0.0 0.0 0.0 0.0 1.0 0.0 0.0 0.0 1.0 0.0
339 0.0 0.0 0.0 0.0 0.0 0.0 0.0 0.0 1.0 0.0 0.0 1.0 0.0 3.0 0.0 0.0 0.0 0.0 0.0 1.0 0.0 0.0 0.0 0.0 0.0 0.0 0.0 0.0 2.0 0.0 0.0 1.0
342 0.0 0.0 0.0 1.0 0.0 1.0 0.0 1.0 0.0 0.0 0.0 0.0 1.0 0.0 1.0 2.0 0.0 0.0 0.0 0.0 0.0 1.0 0.0 0.0 0.0 1.0 1.0 0.0 0.0 1.0 1.0 1.0
345 0.0 0.0 0.0 0.0 1.0 0.0 0.0 0.0 1.0 1.0 1.0 1.0 0.0 3.0 1.0 0.0 0.0 0.0 0.0 0.0 1.0 0.0 0.0 0.0 1.0 0.0 0.0 0.0 0.0 0.0 0.0 0.0
348 0.0 0.0 1.0 2.0 1.0 2.0 1.0 0.0 1.0 0.0 0.0 0.0 1.0 0.0 0.0 1.0 0.0 0.0 0.0 0.0 0.0 1.0 0.0 0.0 0.0 0.0 0.0 1.0 1.0 0.0 0.0 2.0
351 0.0 0.0 0.0 0.0 0.0 0.0 0.0 0.0 0.0 0.0 0.0 0.0 0.0 0.0 0.0 0.0 0.0 0.0 0.0 0.0 0.0 0.0 0.0 0.0 0.0 0.0 0.0 0.0 0.0 0.0 0.0 0.0
354 1.0 0.0 0.0 0.0 0.0 0.0 0.0 1.0 1.0 1.0 0.0 0.0 0.0 0.0 1.0 1.0 1.0 0.0 0.0 1.0 1.0 0.0 0.0 1.0 0.0 0.0 0.0 1.0 1.0 0.0 0.0 1.0
357 0.0 0.0 0.0 1.0 0.0 2.0 0.0 0.0 0.0 0.0 0.0 0.0 0.0 0.0 0.0 0.0 1.0 0.0 0.0 1.0 0.0 0.0 2.0 0.0 2.0 0.0 0.0 0.0 0.0 0.0 0.0 0.0
