150 6922.0 5711.0 9141.0 13430.0 7389.0 8404.0 12101.0 10942.0 4830.0 9783.0 6740.0 5966.0 10812.0 2766.0 8641.0 6724.0 8368.0 7054.0 8066.0 5311.0 7943.0 13587.0 11722.0 7917.0 12906.0 10154.0 5585.0 8563.0 10777.0 8770.0 13927.0 4239.0
153 10895713.0 10864810.0 10890822.0 10872769.0 10874787.0 10876409.0 10872216.0 10866595.0 10861951.0 10878661.0 10863153.0 10855294.0 10879107.0 10853327.0 10864645.0 10849382.0 10880868.0 10879871.0 10862733.0 10863060.0 10866862.0 10878755.0 10859911.0 10876963.0 10842746.0 10874344.0 10847633.0 10870166.0 10821816.0 10862132.0 10893576.0 10859262.0
156 17659646.0 17655466.0 17656339.0 17649895.0 17654237.0 17649947.0 17652780.0 17647668.0 17652533.0 17649550.0 17652789.0 17649174.0 17653779.0 17652340.0 17652201.0 17648178.0 17653791.0 17653384.0 17652087.0 17652413.0 17649586.0 17652422.0 17644585.0 17652407.0 17641085.0 17652368.0 17647475.0 17652305.0 17631801.0 17651387.0 17654245.0 17653291.0
159 17750517.0 17742485.0 17742189.0 17729422.0 17737922.0 17729384.0 17736194.0 17728334.0 17735942.0 17728757.0 17737480.0 17729856.0 17737907.0 17736973.0 17735730.0 17729554.0 17736397.0 17735727.0 17735078.0 17734878.0 17729428.0 17734603.0 17725726.0 17733484.0 17724068.0 17733945.0 17727989.0 17734077.0 17719550.0 17733271.0 17736199.0 17737006.0
162 17983332.0 17978527.0 17977928.0 17969224.0 17975176.0 17968994.0 17974338.0 17968782.0 17973805.0 17968605.0 17975068.0 17969440.0 17975151.0 17974594.0 17974215.0 17969168.0 17974006.0 17973617.0 17973428.0 17972848.0 17968750.0 17973502.0 17967378.0 17971955.0 17967024.0 17972358.0 17968347.0 17972949.0 17965145.0 17972613.0 17974253.0 17974876.0
165 18152234.0 18148708.0 18148071.0 18141363.0 18146000.0 18141215.0 18145409.0 18141110.0 18145386.0 18141045.0 18146431.0 18141475.0 18146389.0 18146245.0 18145885.0 18141364.0 18145616.0 18145250.0 18145252.0 18144756.0 18141128.0 18145131.0 18140430.0 18143904.0 18140168.0 18144440.0 18140803.0 18145018.0 18139603.0 18144948.0 18146121.0 18146264.0
168 18352640.0 18350219.0 18349754.0 18344916.0 18348459.0 18344823.0 18347981.0 18344635.0 18347942.0 18344640.0 18348891.0 18344934.0 18348808.0 18348456.0 18348262.0 18344696.0 18348093.0 18348092.0 18347911.0 18347380.0 18344577.0 18348014.0 18344064.0 18346941.0 18343806.0 18347361.0 18344436.0 18347807.0 18343387.0 18347644.0 18348471.0 18348725.0
171 18406826.0 18406471.0 18406217.0 18404922.0 18406022.0 18405043.0 18406064.0 18404913.0 18405766.0 18404996.0 18405874.0 18405092.0 18405970.0 18405617.0 18405643.0 18404950.0 18405747.0 18405725.0 18405685.0 18405647.0 18404988.0 18405854.0 18404722.0 18405626.0 18404579.0 18405599.0 18404998.0 18405693.0 18404274.0 18405773.0 18406277.0 18405982.0
174 18502434.0 18501812.0 18501776.0 18501100.0 18500761.0 18499615.0 18500604.0 18500417.0 18500906.0 18499070.0 18501839.0 18500467.0 18502277.0 18501833.0 18501808.0 18499518.0 18500971.0 18500822.0 18500848.0 18500274.0 18497890.0 18500325.0 18496629.0 18499202.0 18496572.0 18499151.0 18496828.0 18499351.0 18495968.0 18499358.0 18499301.0 18499509.0
177 18453258.0 18450510.0 18440609.0 18427024.0 18433834.0 18423637.0 18432660.0 18424845.0 18432255.0 18423347.0 18435287.0 18425661.0 18433014.0 18434151.0 18430360.0 18424775.0 18428968.0 18427876.0 18428918.0 18427274.0 18422663.0 18426377.0 18421164.0 18423875.0 18421244.0 18424032.0 18421402.0 18424358.0 18420626.0 18423802.0 18423766.0 18426615.0
180 17861494.0 17879712.0 17785725.0 17615065.0 17724616.0 17556582.0 17722609.0 17581762.0 17729229.0 17565695.0 17759664.0 17618608.0 17717178.0 17773982.0 17721975.0 17643704.0 17679122.0 17671416.0 17704115.0 17692499.0 17573583.0 17660228.0 17577948.0 17639294.0 17607831.0 17648615.0 17587537.0 17666596.0 17651292.0 17669617.0 17651705.0 17724832.0
183 10664855.0 10810119.0 10625637.0 10571324.0 10496820.0 10356488.0 10546341.0 10508411.0 10650822.0 10446798.0 10819351.0 10723030.0 10665690.0 10973063.0 10780850.0 10886605.0 10514150.0 10492723.0 10684827.0 10651402.0 10405173.0 10469843.0 10517762.0 10380091.0 10728211.0 10398558.0 10546561.0 10509961.0 11050517.0 10535851.0 10378951.0 10749921.0
186 10272783.0 10399763.0 10243971.0 10251199.0 10102578.0 10046138.0 10155214.0 10184283.0 10246111.0 10133800.0 10396800.0 10381893.0 10243512.0 10527307.0 10344361.0 10528715.0 10084879.0 10069568.0 10259526.0 10220732.0 10059081.0 10041500.0 10201176.0 9953247.0 10407333.0 9960246.0 10220928.0 10067907.0 10697254.0 10095153.0 9934083.0 10285528.0
189 8905130.0 9073713.0 8923781.0 9144120.0 8751821.0 8885983.0 8833745.0 9052157.0 8947798.0 8996597.0 9125878.0 9292279.0 8933139.0 9296285.0 9068721.0 9475282.0 8735355.0 8718631.0 8966700.0 8911885.0 8828503.0 8689347.0 9063879.0 8588989.0 9334130.0 8587042.0 9076882.0 8716781.0 9722559.0 8759026.0 8541021.0 8952533.0
192 374513.0 445138.0 379723.0 413042.0 286285.0 248854.0 347955.0 313209.0 348519.0 276504.0 437681.0 342826.0 362093.0 446420.0 394200.0 390989.0 290761.0 291594.0 349676.0 322531.0 269351.0 314534.0 309566.0 258218.0 421890.0 288968.0 292159.0 300363.0 501164.0 303239.0 276789.0 341070.0
195 164875.0 179954.0 167840.0 269203.0 169360.0 168126.0 196000.0 187372.0 169776.0 169590.0 183473.0 166397.0 189075.0 170904.0 183630.0 177254.0 169312.0 166684.0 178673.0 176365.0 176861.0 196798.0 186936.0 172348.0 246858.0 194306.0 170328.0 168463.0 237039.0 177160.0 178982.0 170277.0
198 160054.0 168071.0 161939.0 259533.0 168332.0 165924.0 192566.0 180917.0 162705.0 164520.0 169639.0 156663.0 183879.0 152555.0 175783.0 164877.0 166903.0 163681.0 172650.0 172029.0 173932.0 194254.0 181103.0 170931.0 231435.0 191681.0 161733.0 163879.0 197281.0 173317.0 176701.0 160240.0
201 159257.0 167500.0 161502.0 260618.0 167121.0 164379.0 192613.0 181425.0 161672.0 163855.0 169391.0 156024.0 184301.0 151028.0 175084.0 163997.0 166120.0 162495.0 171937.0 169877.0 172086.0 193386.0 180281.0 168682.0 232650.0 191286.0 160543.0 163388.0 194549.0 172380.0 176746.0 158664.0
204 155244.0 166461.0 159980.0 256213.0 163961.0 161211.0 192587.0 179898.0 157719.0 161993.0 167250.0 153864.0 181729.0 147183.0 173742.0 162609.0 162380.0 158970.0 170673.0 164640.0 168062.0 192061.0 179552.0 162857.0 231129.0 186774.0 156615.0 161030.0 193622.0 171277.0 175085.0 153890.0
207 138554.0 162420.0 154496.0 250222.0 146913.0 143500.0 189690.0 175452.0 144694.0 156147.0 161592.0 143639.0 179243.0 130799.0 170553.0 157240.0 150467.0 141460.0 166150.0 141707.0 147431.0 188544.0 176494.0 140641.0 225955.0 175056.0 139045.0 154013.0 193678.0 166657.0 172137.0 133439.0
210 98568.0 150335.0 138427.0 227974.0 107707.0 99922.0 184878.0 159944.0 105339.0 135492.0 142205.0 114066.0 168193.0 90964.0 156559.0 139257.0 113970.0 100434.0 152943.0 93184.0 98428.0 177573.0 168210.0 89669.0 218411.0 140861.0 96872.0 129408.0 191155.0 149100.0 160810.0 88254.0
213 41489.0 106657.0 96533.0 154373.0 48615.0 40562.0 161560.0 119694.0 47351.0 86240.0 97088.0 62465.0 131133.0 36569.0 117689.0 90261.0 53014.0 42589.0 108884.0 34345.0 37752.0 148288.0 137445.0 31973.0 185322.0 76404.0 41012.0 74760.0 183674.0 102978.0 122594.0 33501.0
216 12290.0 50078.0 46417.0 67330.0 14634.0 11597.0 111163.0 63674.0 13769.0 35255.0 46308.0 22299.0 71735.0 10117.0 63479.0 37276.0 15738.0 12654.0 51172.0 9725.0 10857.0 99960.0 82247.0 8942.0 114992.0 26924.0 12528.0 26873.0 165611.0 47058.0 67002.0 9554.0
219 4663.0 12405.0 12478.0 16831.0 5054.0 4703.0 40782.0 18216.0 4906.0 8789.0 12272.0 6122.0 20233.0 4099.0 19168.0 8948.0 5242.0 4616.0 12941.0 4526.0 4777.0 41070.0 25947.0 4392.0 36744.0 7516.0 4668.0 6778.0 117396.0 11904.0 19442.0 4150.0
222 3592.0 4938.0 4821.0 8103.0 3901.0 3804.0 10798.0 6208.0 3592.0 4427.0 5042.0 3943.0 6501.0 3310.0 6337.0 4589.0 3992.0 3685.0 5277.0 3701.0 3969.0 12165.0 7609.0 3723.0 10433.0 4953.0 3727.0 4304.0 56175.0 5284.0 6455.0 3402.0
225 3097.0 4029.0 3612.0 6660.0 3246.0 3182.0 5410.0 4508.0 3032.0 3785.0 3889.0 3173.0 4691.0 2742.0 4507.0 3846.0 3264.0 3083.0 4065.0 2958.0 3352.0 5590.0 4882.0 3078.0 6264.0 4190.0 3048.0 3612.0 14436.0 3968.0 4553.0 2734.0
228 2461.0 3286.0 3044.0 5931.0 2674.0 2586.0 4691.0 3955.0 2502.0 3321.0 3357.0 2681.0 3997.0 2095.0 3727.0 3100.0 2677.0 2501.0 3399.0 2410.0 2647.0 4679.0 4117.0 2464.0 5178.0 3540.0 2409.0 3053.0 6363.0 3403.0 3905.0 2198.0
231 1998.0 2726.0 2493.0 4807.0 2224.0 2155.0 3935.0 3273.0 1990.0 2702.0 2722.0 2217.0 3353.0 1756.0 3222.0 2668.0 2311.0 2080.0 2800.0 1986.0 2257.0 3868.0 3501.0 2122.0 4350.0 2945.0 2006.0 2483.0 4988.0 2912.0 3158.0 1933.0
234 1812.0 2285.0 2129.0 4107.0 2070.0 1940.0 3462.0 2815.0 1853.0 2354.0 2368.0 1965.0 2892.0 1594.0 2743.0 2342.0 2161.0 1884.0 2581.0 1905.0 2209.0 3361.0 3178.0 1984.0 3740.0 2671.0 1857.0 2246.0 4465.0 2543.0 2804.0 1761.0
237 1680.0 2138.0 2048.0 3684.0 2011.0 1924.0 3001.0 2526.0 1814.0 2237.0 2192.0 1739.0 2599.0 1579.0 2543.0 2108.0 1904.0 1881.0 2241.0 1823.0 1978.0 3032.0 2651.0 1871.0 3224.0 2637.0 1768.0 1999.0 3846.0 2364.0 2573.0 1720.0
240 1583.0 2081.0 1760.0 3636.0 1805.0 1792.0 2757.0 2476.0 1669.0 2033.0 2119.0 1721.0 2543.0 1485.0 2369.0 2056.0 1932.0 1731.0 2309.0 1739.0 1885.0 2881.0 2598.0 1864.0 3073.0 2487.0 1765.0 2028.0 3389.0 2249.0 2563.0 1568.0
243 1439.0 1996.0 1738.0 3348.0 1726.0 1606.0 2695.0 2396.0 1513.0 1936.0 2026.0 1634.0 2375.0 1288.0 2308.0 1962.0 1855.0 1505.0 2084.0 1474.0 1688.0 2647.0 2459.0 1584.0 2989.0 2307.0 1576.0 1975.0 3061.0 2165.0 2450.0 1416.0
246 1218.0 1834.0 1781.0 3317.0 1608.0 1374.0 2568.0 2247.0 1302.0 1883.0 1875.0 1418.0 2249.0 928.0 2137.0 1800.0 1658.0 1378.0 1996.0 1126.0 1489.0 2618.0 2353.0 1251.0 2845.0 2018.0 1161.0 1766.0 2949.0 2012.0 2281.0 1024.0
249 946.0 1777.0 1550.0 2917.0 1244.0 1032.0 2434.0 2144.0 969.0 1659.0 1632.0 1171.0 2154.0 657.0 1997.0 1675.0 1271.0 982.0 1830.0 781.0 1026.0 2567.0 2299.0 899.0 2671.0 1804.0 898.0 1586.0 2777.0 1876.0 2210.0 656.0
252 514.0 1454.0 1299.0 2311.0 717.0 541.0 2537.0 1870.0 515.0 1372.0 1384.0 804.0 1896.0 268.0 1671.0 1208.0 799.0 549.0 1559.0 326.0 477.0 2329.0 2051.0 377.0 2499.0 1244.0 419.0 1153.0 2834.0 1524.0 1964.0 275.0
255 185.0 931.0 892.0 1570.0 287.0 166.0 2171.0 1459.0 176.0 871.0 837.0 355.0 1554.0 92.0 1285.0 772.0 361.0 230.0 1092.0 100.0 159.0 2010.0 1735.0 121.0 2051.0 605.0 165.0 607.0 2582.0 972.0 1598.0 77.0
258 62.0 366.0 459.0 682.0 77.0 61.0 1570.0 849.0 56.0 365.0 404.0 124.0 897.0 42.0 737.0 263.0 105.0 64.0 497.0 40.0 51.0 1500.0 1117.0 56.0 1377.0 190.0 71.0 217.0 2353.0 455.0 1050.0 32.0
261 42.0 120.0 188.0 278.0 63.0 43.0 1019.0 375.0 34.0 147.0 167.0 50.0 446.0 37.0 344.0 88.0 52.0 47.0 212.0 45.0 44.0 985.0 594.0 41.0 730.0 102.0 46.0 78.0 2103.0 170.0 500.0 46.0
264 53.0 56.0 87.0 115.0 46.0 39.0 518.0 140.0 34.0 62.0 92.0 40.0 168.0 34.0 171.0 71.0 51.0 45.0 88.0 35.0 44.0 601.0 250.0 35.0 313.0 70.0 42.0 59.0 1717.0 94.0 230.0 40.0
267 29.0 48.0 44.0 91.0 35.0 36.0 169.0 80.0 29.0 55.0 52.0 37.0 77.0 36.0 69.0 50.0 47.0 36.0 65.0 38.0 49.0 247.0 110.0 35.0 144.0 55.0 43.0 50.0 1048.0 53.0 104.0 33.0
270 42.0 50.0 29.0 98.0 39.0 26.0 81.0 55.0 28.0 38.0 44.0 22.0 52.0 27.0 60.0 46.0 37.0 23.0 53.0 33.0 24.0 101.0 94.0 39.0 74.0 55.0 27.0 43.0 544.0 54.0 70.0 30.0
273 31.0 32.0 39.0 77.0 28.0 29.0 83.0 55.0 25.0 39.0 43.0 22.0 54.0 25.0 49.0 35.0 29.0 31.0 43.0 38.0 34.0 79.0 62.0 31.0 75.0 63.0 27.0 49.0 248.0 41.0 59.0 35.0
276 24.0 40.0 26.0 62.0 24.0 31.0 63.0 46.0 34.0 49.0 52.0 29.0 52.0 18.0 42.0 35.0 28.0 29.0 45.0 24.0 38.0 74.0 56.0 22.0 51.0 44.0 27.0 37.0 118.0 43.0 65.0 31.0
279 16.0 41.0 32.0 69.0 20.0 34.0 70.0 40.0 17.0 34.0 28.0 29.0 52.0 14.0 51.0 39.0 28.0 32.0 41.0 25.0 24.0 63.0 57.0 26.0 52.0 32.0 30.0 41.0 82.0 35.0 59.0 19.0
282 18.0 22.0 28.0 52.0 37.0 14.0 50.0 45.0 23.0 23.0 24.0 27.0 47.0 11.0 42.0 33.0 30.0 27.0 43.0 14.0 31.0 62.0 44.0 30.0 53.0 28.0 18.0 37.0 67.0 25.0 62.0 11.0
285 17.0 26.0 35.0 56.0 23.0 20.0 50.0 41.0 17.0 23.0 28.0 11.0 43.0 8.0 44.0 24.0 19.0 22.0 36.0 17.0 23.0 66.0 47.0 16.0 45.0 44.0 6.0 33.0 57.0 34.0 38.0 10.0
288 9.0 23.0 17.0 45.0 17.0 16.0 50.0 48.0 16.0 42.0 27.0 20.0 42.0 10.0 46.0 29.0 21.0 14.0 30.0 9.0 21.0 49.0 47.0 12.0 48.0 42.0 17.0 31.0 70.0 35.0 33.0 11.0
291 4.0 22.0 21.0 44.0 6.0 5.0 46.0 32.0 6.0 17.0 23.0 7.0 36.0 3.0 38.0 17.0 11.0 6.0 21.0 2.0 8.0 40.0 43.0 4.0 45.0 23.0 1.0 24.0 53.0 27.0 35.0 3.0
294 1.0 22.0 15.0 26.0 1.0 4.0 43.0 28.0 5.0 18.0 12.0 7.0 33.0 0.0 25.0 14.0 6.0 3.0 16.0 3.0 0.0 54.0 33.0 1.0 39.0 13.0 0.0 14.0 69.0 26.0 42.0 1.0
297 1.0 9.0 13.0 23.0 4.0 0.0 32.0 21.0 1.0 12.0 12.0 2.0 22.0 2.0 24.0 7.0 4.0 2.0 19.0 0.0 0.0 41.0 26.0 1.0 29.0 7.0 2.0 9.0 62.0 13.0 25.0 0.0
300 1.0 3.0 5.0 15.0 1.0 3.0 34.0 25.0 3.0 12.0 4.0 0.0 15.0 1.0 9.0 6.0 2.0 1.0 9.0 1.0 2.0 35.0 30.0 2.0 25.0 6.0 0.0 3.0 40.0 20.0 23.0 0.0
303 2.0 0.0 4.0 5.0 3.0 1.0 25.0 11.0 0.0 3.0 7.0 2.0 11.0 0.0 7.0 3.0 3.0 1.0 7.0 0.0 4.0 23.0 14.0 1.0 13.0 3.0 0.0 3.0 50.0 1.0 10.0 0.0
306 1.0 2.0 0.0 6.0 2.0 0.0 10.0 5.0 1.0 1.0 2.0 0.0 1.0 1.0 3.0 1.0 3.0 1.0 2.0 0.0 1.0 22.0 5.0 3.0 4.0 1.0 1.0 4.0 37.0 1.0 4.0 1.0
309 1.0 1.0 7.0 3.0 2.0 1.0 7.0 1.0 2.0 2.0 4.0 2.0 0.0 0.0 2.0 1.0 2.0 3.0 1.0 1.0 1.0 11.0 7.0 0.0 1.0 3.0 0.0 3.0 28.0 1.0 3.0 2.0
312 2.0 0.0 3.0 0.0 1.0 1.0 5.0 1.0 0.0 0.0 1.0 1.0 1.0 0.0 1.0 0.0 0.0 2.0 2.0 0.0 2.0 7.0 2.0 3.0 2.0 1.0 0.0 1.0 22.0 3.0 3.0 0.0
315 0.0 0.0 0.0 0.0 0.0 2.0 2.0 0.0 1.0 3.0 0.0 0.0 1.0 0.0 0.0 1.0 0.0 1.0 1.0 0.0 1.0 5.0 0.0 1.0 0.0 0.0 1.0 3.0 18.0 4.0 1.0 2.0
318 1.0 1.0 0.0 1.0 1.0 0.0 1.0 0.0 1.0 1.0 1.0 1.0 1.0 1.0 1.0 1.0 1.0 1.0 0.0 0.0 1.0 2.0 2.0 1.0 2.0 1.0 0.0 1.0 6.0 2.0 2.0 0.0
321 0.0 0.0 1.0 1.0 1.0 0.0 2.0 2.0 1.0 1.0 0.0 0.0 0.0 2.0 1.0 0.0 1.0 1.0 1.0 0.0 1.0 1.0 2.0 0.0 3.0 1.0 0.0 0.0 5.0 1.0 2.0 0.0
324 2.0 2.0 0.0 4.0 0.0 0.0 1.0 0.0 0.0 1.0 0.0 1.0 1.0 0.0 2.0 0.0 1.0 0.0 1.0 0.0 0.0 1.0 0.0 0.0 1.0 1.0 1.0 1.0 1.0 1.0 2.0 0.0
327 1.0 0.0 0.0 0.0 1.0 0.0 1.0 1.0 0.0 0.0 1.0 0.0 1.0 0.0 0.0 1.0 0.0 1.0 0.0 0.0 0.0 0.0 0.0 0.0 2.0 0.0 0.0 0.0 2.0 0.0 0.0 0.0
330 0.0 0.0 1.0 2.0 1.0 0.0 2.0 3.0 0.0 0.0 2.0 0.0 1.0 1.0 1.0 0.0 0.0 0.0 0.0 0.0 1.0 1.0 1.0 1.0 1.0 1.0 0.0 1.0 3.0 0.0 1.0 0.0
333 0.0 1.0 0.0 0.0 0.0 0.0 0.0 1.0 0.0 0.0 2.0 1.0 2.0 0.0 1.0 0.0 0.0 2.0 2.0 0.0 0.0 1.0 0.0 2.0 0.0 1.0 1.0 1.0 2.0 1.0 1.0 0.0
336 1.0 0.0 1.0 1.0 0.0 0.0 2.0 2.0 1.0 0.0 2.0 0.0 1.0 0.0 1.0 2.0 2.0 1.0 0.0 0.0 1.0 6.0 0.0 0.0 3.0 2.0 1.0 1.0 2.0 2.0 1.0 1.0
339 2.0 0.0 0.0 1.0 1.0 0.0 1.0 0.0 1.0 0.0 1.0 0.0 0.0 0.0 2.0 1.0 1.0 0.0 1.0 0.0 0.0 1.0 1.0 1.0 1.0 1.0 0.0 0.0 0.0 2.0 2.0 1.0
342 0.0 1.0 1.0 0.0 0.0 0.0 3.0 0.0 1.0 0.0 1.0 0.0 1.0 0.0 1.0 0.0 0.0 0.0 0.0 0.0 0.0 0.0 1.0 0.0 0.0 0.0 0.0 0.0 1.0 0.0 1.0 0.0
345 0.0 2.0 1.0 0.0 1.0 0.0 0.0 0.0 0.0 1.0 0.0 0.0 1.0 1.0 0.0 0.0 2.0 0.0 0.0 1.0 2.0 1.0 1.0 0.0 1.0 0.0 1.0 0.0 0.0 0.0 0.0 0.0
348 0.0 0.0 0.0 0.0 0.0 0.0 1.0 0.0 0.0 1.0 0.0 0.0 0.0 0.0 0.0 0.0 0.0 0.0 0.0 0.0 0.0 0.0 1.0 0.0 0.0 0.0 0.0 0.0 1.0 0.0 0.0 0.0
351 0.0 0.0 0.0 1.0 0.0 1.0 2.0 1.0 0.0 0.0 0.0 1.0 4.0 0.0 0.0 1.0 0.0 0.0 2.0 1.0 1.0 1.0 1.0 1.0 3.0 0.0 1.0 1.0 0.0 2.0 1.0 0.0
354 0.0 0.0 0.0 0.0 1.0 0.0 2.0 0.0 0.0 0.0 0.0 0.0 0.0 0.0 0.0 0.0 0.0 0.0 0.0 0.0 0.0 1.0 0.0 0.0 0.0 0.0 0.0 2.0 3.0 0.0 0.0 0.0
357 0.0 1.0 0.0 0.0 0.0 1.0 0.0 0.0 1.0 0.0 0.0 0.0 1.0 0.0 0.0 0.0 0.0 3.0 0.0 0.0 0.0 0.0 1.0 0.0 1.0 0.0 0.0 0.0 1.0 0.0 3.0 0.0
