150 15708245.0 15697965.0 15693007.0 15690750.0 15704302.0 15665987.0 15690803.0 15698613.0 15673697.0 15671311.0 15701504.0 15681232.0 15694052.0 15700909.0 15710448.0 15674891.0 15700872.0 15686108.0 15702337.0 15700330.0 15664986.0 15686356.0 15678552.0 15700106.0 15679845.0 15706310.0 15689298.0 15700510.0 15682834.0 15700889.0 15714240.0 15699176.0
153 17408211.0 17398290.0 17388292.0 17376354.0 17397863.0 17361196.0 17389404.0 17381991.0 17376720.0 17366555.0 17392329.0 17368073.0 17386329.0 17390189.0 17394658.0 17372234.0 17391767.0 17379363.0 17392324.0 17390864.0 17361554.0 17381981.0 17366253.0 17387411.0 17369317.0 17391172.0 17374795.0 17389957.0 17365110.0 17392909.0 17401828.0 17397045.0
156 17948891.0 17944245.0 17939059.0 17932778.0 17941896.0 17926826.0 17937546.0 17934830.0 17935327.0 17931398.0 17938888.0 17929050.0 17937925.0 17937929.0 17938330.0 17934361.0 17938430.0 17934554.0 17938536.0 17938011.0 17930678.0 17936329.0 17929608.0 17937425.0 17931599.0 17939046.0 17933573.0 17938992.0 17927800.0 17939084.0 17945876.0 17942909.0
159 18218285.0 18211308.0 18206306.0 18194921.0 18207293.0 18192392.0 18201831.0 18196633.0 18200310.0 18195508.0 18204710.0 18193710.0 18206374.0 18202677.0 18202970.0 18197824.0 18203131.0 18199991.0 18203033.0 18202180.0 18194932.0 18201657.0 18193853.0 18202326.0 18194682.0 18206025.0 18195706.0 18203766.0 18192540.0 18203907.0 18215429.0 18213282.0
162 18416118.0 18414321.0 18412940.0 18409404.0 18413191.0 18408150.0 18411902.0 18410298.0 18411251.0 18409433.0 18412689.0 18408639.0 18412668.0 18412083.0 18412264.0 18410258.0 18412187.0 18410986.0 18412192.0 18412204.0 18409145.0 18411666.0 18408895.0 18412061.0 18409378.0 18412680.0 18409883.0 18412234.0 18408389.0 18412485.0 18414855.0 18414265.0
165 18665639.0 18663524.0 18662337.0 18658719.0 18662368.0 18658061.0 18661144.0 18659487.0 18660395.0 18659088.0 18661989.0 18658692.0 18661841.0 18660996.0 18661337.0 18659684.0 18661056.0 18660044.0 18660939.0 18660936.0 18658477.0 18660516.0 18658466.0 18660845.0 18658701.0 18661517.0 18659020.0 18660875.0 18658182.0 18661202.0 18662905.0 18662751.0
168 19042040.0 19039800.0 19038648.0 19035258.0 19038792.0 19035364.0 19037241.0 19036080.0 19036911.0 19035830.0 19038423.0 19035214.0 19038616.0 19037518.0 19037672.0 19035502.0 19037459.0 19036774.0 19037236.0 19037198.0 19033903.0 19037162.0 19033802.0 19037304.0 19033734.0 19037996.0 19034062.0 19037007.0 19033479.0 19037533.0 19038829.0 19038396.0
171 19062271.0 19061450.0 19059622.0 19053563.0 19060322.0 19053351.0 19058822.0 19053543.0 19058332.0 19054902.0 19061070.0 19053633.0 19061909.0 19057143.0 19058264.0 19055809.0 19058151.0 19055984.0 19056257.0 19055519.0 19051149.0 19055138.0 19050142.0 19054918.0 19049928.0 19054661.0 19050040.0 19053518.0 19049655.0 19054019.0 19055202.0 19055105.0
174 18963405.0 18963683.0 18954006.0 18928680.0 18953942.0 18928356.0 18951861.0 18929035.0 18950634.0 18936850.0 18950424.0 18930702.0 18955704.0 18943558.0 18942272.0 18945532.0 18946248.0 18941932.0 18942468.0 18937508.0 18930580.0 18940600.0 18921619.0 18935624.0 18924363.0 18932337.0 18920171.0 18934408.0 18919798.0 18934830.0 18936963.0 18941213.0
177 12537838.0 12692695.0 12261432.0 11674832.0 12223978.0 11812144.0 12260547.0 11724399.0 12372407.0 12033791.0 12115125.0 11872146.0 12459325.0 12044732.0 11966747.0 12292057.0 12140722.0 12143072.0 12093475.0 11875790.0 11928107.0 12250589.0 11711969.0 11916244.0 11851506.0 11746647.0 11673188.0 12006402.0 11794418.0 11990866.0 12070681.0 12349159.0
180 10384604.0 10476615.0 10351874.0 10291383.0 10361440.0 10447134.0 10422370.0 10383432.0 10546039.0 10645186.0 10396882.0 10508077.0 10649838.0 10361065.0 10329068.0 10836300.0 10432377.0 10439635.0 10377673.0 10219026.0 10532051.0 10495997.0 10363860.0 10246068.0 10491856.0 10096034.0 10329163.0 10279317.0 10439514.0 10246961.0 10285765.0 10394482.0
183 9128924.0 9248400.0 9122692.0 9199864.0 9140266.0 9405023.0 9212712.0 9337286.0 9376891.0 9652306.0 9183787.0 9475617.0 9493364.0 9160265.0 9115415.0 9875051.0 9232705.0 9252963.0 9166531.0 8968855.0 9502523.0 9323973.0 9314213.0 9021944.0 9493067.0 8826316.0 9288372.0 9058383.0 9429104.0 9002848.0 9040359.0 9136282.0
186 1149970.0 1195312.0 1131977.0 1062512.0 1147929.0 1154458.0 1124013.0 1100171.0 1255954.0 1323913.0 1157086.0 1181221.0 1335363.0 1133979.0 1092402.0 1403324.0 1141769.0 1173058.0 1096563.0 1022968.0 1189689.0 1221185.0 1108640.0 1107744.0 1159461.0 1014141.0 1100764.0 1096888.0 1177477.0 1059644.0 1100921.0 1111267.0
189 198113.0 216491.0 212904.0 204150.0 231511.0 235390.0 197329.0 193415.0 273725.0 300515.0 225419.0 227978.0 308024.0 217788.0 197271.0 318573.0 211107.0 239778.0 191632.0 185893.0 242313.0 257545.0 215341.0 232659.0 216933.0 200004.0 210455.0 215717.0 242091.0 193491.0 219983.0 217559.0
192 180108.0 178094.0 196171.0 188669.0 206282.0 201335.0 170314.0 162041.0 215971.0 190749.0 185443.0 174918.0 215206.0 186248.0 173067.0 169230.0 177419.0 202337.0 162610.0 173696.0 197865.0 193387.0 185253.0 198203.0 171830.0 187105.0 172779.0 181914.0 182264.0 167544.0 185128.0 183294.0
195 181061.0 179984.0 196469.0 188852.0 205661.0 200614.0 170766.0 162529.0 215856.0 190093.0 185616.0 175705.0 215203.0 186505.0 172273.0 167363.0 176858.0 202516.0 163906.0 173070.0 197640.0 193637.0 185107.0 198098.0 171949.0 187226.0 172970.0 181778.0 181327.0 166830.0 185118.0 182921.0
198 180277.0 179328.0 196160.0 189077.0 205273.0 200315.0 170210.0 161596.0 215775.0 190384.0 185861.0 175329.0 214826.0 185323.0 171488.0 167034.0 176663.0 201623.0 163094.0 173704.0 197394.0 193074.0 185159.0 198119.0 171311.0 187146.0 171812.0 181854.0 180442.0 166834.0 185152.0 181608.0
201 180099.0 178013.0 196083.0 188265.0 204046.0 200025.0 169640.0 160972.0 216084.0 188801.0 183951.0 174993.0 214231.0 185177.0 171179.0 166831.0 175446.0 201296.0 161933.0 172413.0 196497.0 194072.0 184147.0 196722.0 170663.0 186445.0 170745.0 180081.0 180332.0 164056.0 183780.0 180113.0
204 178884.0 177547.0 195283.0 185962.0 203036.0 199182.0 167097.0 157271.0 213934.0 187574.0 182915.0 174157.0 211948.0 184274.0 168597.0 164396.0 175082.0 201058.0 161071.0 168811.0 194481.0 193310.0 181986.0 195518.0 168109.0 183404.0 165307.0 177281.0 180383.0 156929.0 181931.0 174275.0
207 175229.0 174840.0 193781.0 182239.0 200776.0 196274.0 161143.0 145717.0 212437.0 182677.0 178452.0 172238.0 209298.0 178758.0 160624.0 154513.0 169121.0 198021.0 154025.0 157346.0 185984.0 190322.0 178017.0 189531.0 163171.0 173414.0 145121.0 168529.0 175719.0 130927.0 171862.0 155826.0
210 160205.0 166505.0 187011.0 165396.0 184456.0 184859.0 129875.0 103311.0 199643.0 163100.0 152619.0 163291.0 195389.0 156560.0 122759.0 115771.0 146556.0 186977.0 127779.0 120431.0 149667.0 173029.0 156314.0 167545.0 138248.0 140792.0 92217.0 133436.0 162859.0 73125.0 137657.0 104905.0
213 116629.0 136026.0 166853.0 119970.0 135755.0 149750.0 75139.0 48157.0 159640.0 112706.0 95786.0 134803.0 160454.0 104817.0 62821.0 55975.0 93742.0 155092.0 77174.0 61307.0 82544.0 130122.0 103767.0 116971.0 86003.0 82409.0 37262.0 72665.0 127403.0 24629.0 77567.0 46442.0
216 47605.0 69239.0 107161.0 51390.0 54371.0 75068.0 23159.0 12243.0 76620.0 42655.0 32336.0 70802.0 93110.0 38079.0 15798.0 14053.0 31493.0 81096.0 24869.0 17131.0 23034.0 58811.0 38195.0 46448.0 28584.0 25693.0 9316.0 20092.0 60931.0 6437.0 22729.0 11694.0
219 12383.0 21212.0 41632.0 14681.0 14135.0 22349.0 6778.0 4957.0 21547.0 11326.0 9092.0 21831.0 34340.0 10253.0 5752.0 5535.0 8436.0 24553.0 7282.0 6162.0 7456.0 16451.0 10546.0 12913.0 7910.0 7885.0 4746.0 6405.0 18354.0 4127.0 6850.0 5148.0
222 5729.0 7020.0 12231.0 6276.0 6262.0 7699.0 4628.0 3950.0 7806.0 5806.0 5218.0 6909.0 10800.0 5517.0 4396.0 4469.0 5129.0 8003.0 4517.0 4543.0 5548.0 6600.0 5380.0 6115.0 4846.0 5190.0 3910.0 4703.0 6477.0 3441.0 4854.0 4213.0
225 4623.0 5075.0 6466.0 5104.0 5288.0 5778.0 4067.0 3510.0 6160.0 4687.0 4431.0 4906.0 6211.0 4714.0 3908.0 3940.0 4370.0 5990.0 4130.0 3951.0 4901.0 5225.0 4654.0 5086.0 4235.0 4537.0 3435.0 4112.0 4970.0 2949.0 4279.0 3673.0
228 3863.0 4403.0 5368.0 4408.0 4606.0 4974.0 3535.0 2900.0 5284.0 4130.0 3959.0 4373.0 5417.0 4073.0 3204.0 3428.0 3617.0 5129.0 3483.0 3512.0 4110.0 4737.0 4043.0 4382.0 3690.0 3779.0 2934.0 3407.0 4354.0 2424.0 3712.0 3026.0
231 3406.0 3701.0 4698.0 3829.0 3848.0 4369.0 2994.0 2477.0 4488.0 3540.0 3327.0 3656.0 4641.0 3579.0 2806.0 2815.0 3280.0 4505.0 3036.0 3087.0 3518.0 4008.0 3517.0 3911.0 3250.0 3287.0 2509.0 3058.0 3683.0 2246.0 3184.0 2862.0
234 2957.0 3135.0 3940.0 3348.0 3420.0 3688.0 2790.0 2325.0 3936.0 3094.0 2888.0 3169.0 3984.0 3247.0 2558.0 2336.0 2863.0 3806.0 2672.0 2796.0 3267.0 3425.0 3148.0 3282.0 2803.0 3175.0 2365.0 2761.0 3194.0 2146.0 2914.0 2546.0
237 2761.0 3020.0 3833.0 3238.0 3135.0 3481.0 2576.0 2209.0 3519.0 2837.0 2840.0 2856.0 3627.0 2847.0 2443.0 2298.0 2660.0 3566.0 2517.0 2754.0 3132.0 3379.0 2963.0 3088.0 2569.0 2929.0 2321.0 2662.0 3027.0 2109.0 2737.0 2533.0
240 2776.0 2813.0 3542.0 3086.0 3058.0 3325.0 2501.0 2085.0 3457.0 2757.0 2721.0 2772.0 3509.0 2929.0 2247.0 2162.0 2673.0 3501.0 2443.0 2722.0 3039.0 3227.0 2785.0 2943.0 2606.0 2805.0 2311.0 2626.0 2875.0 2026.0 2760.0 2403.0
243 2662.0 2829.0 3450.0 3020.0 3113.0 3130.0 2419.0 2151.0 3467.0 2676.0 2706.0 2731.0 3345.0 2842.0 2242.0 2069.0 2659.0 3362.0 2402.0 2606.0 2923.0 3059.0 2764.0 2951.0 2542.0 2689.0 2139.0 2453.0 2786.0 1892.0 2611.0 2348.0
246 2670.0 2729.0 3515.0 2997.0 2965.0 3248.0 2407.0 1984.0 3212.0 2570.0 2462.0 2671.0 3337.0 2672.0 2220.0 2007.0 2552.0 3198.0 2373.0 2370.0 2912.0 2993.0 2564.0 2880.0 2476.0 2664.0 1981.0 2466.0 2784.0 1775.0 2501.0 2164.0
249 2607.0 2769.0 3240.0 2873.0 2798.0 3169.0 2297.0 1823.0 3168.0 2432.0 2524.0 2595.0 3126.0 2583.0 2045.0 1733.0 2460.0 3218.0 2272.0 2256.0 2726.0 2866.0 2549.0 2680.0 2310.0 2425.0 1697.0 2217.0 2640.0 1302.0 2195.0 1827.0
252 2390.0 2586.0 3177.0 2629.0 2626.0 2975.0 1978.0 1483.0 3091.0 2387.0 2265.0 2443.0 3008.0 2470.0 1917.0 1432.0 2188.0 3000.0 2072.0 2015.0 2299.0 2796.0 2427.0 2558.0 2159.0 2344.0 1302.0 2024.0 2579.0 783.0 2069.0 1394.0
255 2186.0 2449.0 3032.0 2365.0 2442.0 2680.0 1628.0 1119.0 2803.0 1981.0 1924.0 2342.0 2882.0 2096.0 1486.0 978.0 1954.0 3021.0 1679.0 1483.0 1819.0 2603.0 2023.0 2215.0 1751.0 1919.0 792.0 1509.0 2337.0 389.0 1606.0 838.0
258 1896.0 2321.0 2915.0 2151.0 2243.0 2520.0 1309.0 798.0 2644.0 1768.0 1674.0 2212.0 2710.0 1862.0 1114.0 616.0 1693.0 2645.0 1548.0 1222.0 1376.0 2377.0 1838.0 2101.0 1526.0 1654.0 500.0 1229.0 2199.0 229.0 1389.0 591.0
261 1464.0 1877.0 2719.0 1797.0 1620.0 2253.0 725.0 410.0 2064.0 1070.0 1037.0 1883.0 2371.0 1334.0 616.0 257.0 1124.0 2322.0 938.0 611.0 682.0 1783.0 1283.0 1490.0 902.0 962.0 205.0 654.0 1681.0 95.0 806.0 240.0
264 838.0 1222.0 2163.0 1054.0 915.0 1434.0 291.0 141.0 1157.0 509.0 482.0 1340.0 1677.0 649.0 183.0 109.0 521.0 1573.0 350.0 223.0 237.0 968.0 632.0 763.0 378.0 421.0 77.0 240.0 1187.0 52.0 284.0 102.0
267 348.0 626.0 1388.0 476.0 361.0 650.0 102.0 79.0 505.0 179.0 187.0 686.0 967.0 250.0 107.0 72.0 172.0 824.0 149.0 124.0 128.0 499.0 227.0 329.0 157.0 197.0 55.0 97.0 568.0 47.0 103.0 75.0
270 139.0 221.0 718.0 203.0 147.0 273.0 78.0 43.0 178.0 107.0 98.0 309.0 446.0 117.0 68.0 59.0 112.0 301.0 98.0 82.0 98.0 185.0 126.0 126.0 95.0 105.0 55.0 74.0 227.0 47.0 77.0 62.0
273 89.0 111.0 293.0 85.0 84.0 128.0 84.0 52.0 120.0 72.0 65.0 104.0 169.0 85.0 48.0 62.0 75.0 147.0 80.0 66.0 83.0 99.0 78.0 81.0 67.0 70.0 48.0 48.0 97.0 40.0 54.0 59.0
276 76.0 86.0 131.0 100.0 76.0 96.0 57.0 46.0 88.0 78.0 73.0 86.0 96.0 87.0 57.0 44.0 69.0 104.0 78.0 59.0 82.0 86.0 77.0 84.0 76.0 68.0 47.0 58.0 80.0 27.0 63.0 56.0
279 68.0 78.0 122.0 76.0 80.0 104.0 54.0 42.0 91.0 62.0 65.0 73.0 96.0 73.0 45.0 42.0 51.0 105.0 59.0 70.0 53.0 88.0 69.0 82.0 57.0 69.0 42.0 70.0 86.0 33.0 60.0 50.0
282 49.0 63.0 106.0 73.0 64.0 69.0 58.0 46.0 73.0 56.0 46.0 64.0 59.0 66.0 42.0 37.0 59.0 75.0 53.0 46.0 78.0 76.0 78.0 72.0 65.0 64.0 50.0 62.0 80.0 28.0 52.0 42.0
285 45.0 63.0 82.0 68.0 69.0 74.0 62.0 36.0 79.0 50.0 54.0 51.0 67.0 69.0 47.0 40.0 42.0 78.0 57.0 40.0 59.0 78.0 69.0 59.0 68.0 73.0 38.0 52.0 58.0 26.0 66.0 41.0
288 56.0 71.0 79.0 68.0 50.0 68.0 53.0 34.0 66.0 46.0 39.0 73.0 81.0 62.0 47.0 43.0 39.0 73.0 56.0 56.0 72.0 85.0 60.0 60.0 57.0 43.0 46.0 48.0 76.0 36.0 48.0 37.0
291 73.0 70.0 103.0 60.0 48.0 72.0 44.0 42.0 56.0 45.0 61.0 67.0 89.0 45.0 34.0 27.0 60.0 79.0 50.0 39.0 55.0 50.0 52.0 53.0 43.0 50.0 40.0 55.0 63.0 17.0 37.0 47.0
294 49.0 55.0 62.0 61.0 51.0 62.0 41.0 24.0 63.0 40.0 40.0 40.0 66.0 63.0 36.0 28.0 43.0 62.0 43.0 57.0 52.0 63.0 45.0 57.0 45.0 53.0 20.0 45.0 54.0 15.0 50.0 25.0
297 47.0 46.0 83.0 45.0 41.0 64.0 27.0 29.0 69.0 36.0 49.0 62.0 67.0 47.0 35.0 28.0 43.0 61.0 47.0 28.0 48.0 47.0 43.0 43.0 50.0 30.0 19.0 35.0 41.0 5.0 45.0 28.0
300 55.0 47.0 84.0 58.0 51.0 62.0 26.0 22.0 66.0 32.0 37.0 50.0 50.0 54.0 34.0 13.0 30.0 64.0 32.0 29.0 37.0 49.0 48.0 53.0 42.0 44.0 17.0 32.0 57.0 2.0 24.0 13.0
303 35.0 43.0 57.0 45.0 46.0 64.0 23.0 14.0 60.0 28.0 30.0 55.0 55.0 40.0 16.0 5.0 33.0 59.0 34.0 21.0 28.0 45.0 44.0 29.0 22.0 25.0 9.0 23.0 44.0 4.0 29.0 11.0
306 31.0 45.0 57.0 39.0 41.0 53.0 12.0 7.0 52.0 16.0 19.0 46.0 49.0 24.0 8.0 3.0 16.0 41.0 20.0 15.0 5.0 23.0 19.0 34.0 23.0 24.0 3.0 11.0 39.0 3.0 16.0 3.0
309 19.0 26.0 50.0 27.0 19.0 38.0 3.0 6.0 20.0 12.0 15.0 31.0 39.0 15.0 5.0 2.0 11.0 48.0 10.0 1.0 5.0 24.0 19.0 13.0 15.0 14.0 1.0 6.0 31.0 0.0 4.0 3.0
312 13.0 18.0 45.0 22.0 8.0 19.0 3.0 2.0 11.0 6.0 6.0 20.0 28.0 7.0 2.0 0.0 8.0 28.0 2.0 1.0 3.0 18.0 3.0 4.0 2.0 8.0 3.0 1.0 28.0 1.0 2.0 2.0
315 4.0 13.0 29.0 11.0 4.0 5.0 3.0 0.0 6.0 3.0 4.0 9.0 14.0 3.0 1.0 3.0 1.0 13.0 2.0 2.0 4.0 7.0 4.0 6.0 3.0 3.0 3.0 1.0 6.0 0.0 2.0 1.0
318 1.0 3.0 20.0 5.0 4.0 4.0 1.0 0.0 6.0 1.0 2.0 7.0 7.0 3.0 3.0 1.0 2.0 11.0 2.0 3.0 1.0 1.0 2.0 2.0 0.0 2.0 0.0 1.0 7.0 0.0 1.0 0.0
321 1.0 3.0 10.0 1.0 5.0 3.0 2.0 2.0 1.0 1.0 0.0 2.0 8.0 4.0 1.0 0.0 2.0 4.0 0.0 1.0 2.0 4.0 2.0 2.0 0.0 2.0 1.0 0.0 3.0 3.0 1.0 2.0
324 3.0 4.0 3.0 3.0 1.0 5.0 0.0 0.0 3.0 1.0 1.0 6.0 3.0 1.0 1.0 0.0 1.0 0.0 1.0 5.0 1.0 3.0 4.0 3.0 2.0 1.0 2.0 1.0 1.0 0.0 0.0 0.0
327 0.0 1.0 3.0 2.0 3.0 2.0 0.0 0.0 2.0 2.0 1.0 4.0 0.0 0.0 2.0 0.0 0.0 0.0 1.0 1.0 1.0 5.0 2.0 2.0 3.0 1.0 0.0 1.0 2.0 0.0 0.0 0.0
330 2.0 1.0 0.0 1.0 2.0 2.0 0.0 0.0 1.0 0.0 1.0 2.0 4.0 2.0 0.0 1.0 1.0 5.0 0.0 6.0 1.0 1.0 3.0 1.0 0.0 2.0 1.0 0.0 2.0 0.0 0.0 1.0
333 3.0 2.0 1.0 2.0 0.0 1.0 0.0 1.0 2.0 2.0 2.0 1.0 2.0 3.0 1.0 0.0 0.0 3.0 2.0 0.0 3.0 2.0 1.0 5.0 0.0 2.0 2.0 1.0 2.0 1.0 0.0 3.0
336 1.0 1.0 1.0 0.0 1.0 2.0 0.0 0.0 2.0 1.0 0.0 2.0 1.0 2.0 3.0 1.0 2.0 1.0 0.0 1.0 0.0 2.0 1.0 0.0 0.0 0.0 2.0 0.0 2.0 1.0 1.0 0.0
339 0.0 1.0 5.0 1.0 1.0 1.0 0.0 1.0 2.0 1.0 1.0 2.0 3.0 2.0 0.0 0.0 1.0 0.0 2.0 2.0 0.0 0.0 3.0 0.0 3.0 0.0 1.0 4.0 1.0 0.0 2.0 0.0
342 4.0 2.0 2.0 3.0 1.0 1.0 1.0 0.0 1.0 3.0 1.0 2.0 1.0 0.0 1.0 0.0 1.0 2.0 0.0 1.0 1.0 2.0 0.0 1.0 3.0 0.0 0.0 0.0 2.0 0.0 1.0 0.0
345 2.0 0.0 5.0 2.0 4.0 5.0 2.0 0.0 1.0 0.0 0.0 2.0 3.0 1.0 0.0 0.0 0.0 1.0 1.0 1.0 0.0 2.0 2.0 2.0 1.0 0.0 0.0 1.0 1.0 1.0 1.0 0.0
348 1.0 1.0 1.0 0.0 2.0 0.0 0.0 2.0 0.0 0.0 3.0 1.0 1.0 1.0 1.0 0.0 1.0 1.0 0.0 0.0 1.0 2.0 0.0 1.0 1.0 1.0 0.0 1.0 4.0 2.0 2.0 0.0
351 0.0 2.0 2.0 1.0 1.0 2.0 0.0 0.0 3.0 0.0 1.0 1.0 0.0 0.0 0.0 0.0 0.0 0.0 0.0 1.0 0.0 1.0 1.0 0.0 0.0 0.0 0.0 0.0 0.0 0.0 1.0 0.0
354 0.0 0.0 0.0 0.0 0.0 1.0 1.0 0.0 4.0 0.0 0.0 1.0 2.0 0.0 0.0 0.0 0.0 1.0 0.0 0.0 0.0 6.0 2.0 1.0 0.0 2.0 0.0 0.0 0.0 1.0 0.0 0.0
357 1.0 0.0 2.0 0.0 0.0 0.0 0.0 0.0 2.0 1.0 0.0 2.0 0.0 0.0 0.0 0.0 0.0 2.0 0.0 1.0 0.0 0.0 0.0 1.0 0.0 0.0 0.0 0.0 0.0 0.0 0.0 0.0
