150 164215.0 158738.0 158092.0 161224.0 161441.0 160390.0 159275.0 161733.0 159693.0 161662.0 160156.0 157980.0 159267.0 158122.0 160169.0 158795.0 162065.0 160479.0 159702.0 160986.0 159819.0 159998.0 159168.0 163059.0 161087.0 162987.0 161399.0 159792.0 160671.0 163028.0 159929.0 158049.0
153 16086461.0 16078446.0 16073375.0 16065320.0 16072065.0 16065687.0 16072693.0 16070728.0 16072094.0 16072797.0 16073404.0 16064200.0 16073360.0 16073389.0 16076629.0 16058897.0 16077064.0 16071641.0 16075255.0 16071618.0 16060953.0 16068573.0 16062490.0 16074678.0 16052405.0 16073688.0 16054880.0 16065150.0 16069098.0 16079279.0 16079569.0 16069963.0
156 17837527.0 17833704.0 17830559.0 17824073.0 17830308.0 17824314.0 17829325.0 17825120.0 17828774.0 17825004.0 17828600.0 17824897.0 17829803.0 17828523.0 17829359.0 17824131.0 17829098.0 17827689.0 17829043.0 17827523.0 17823755.0 17827194.0 17824063.0 17827864.0 17819886.0 17827900.0 17819863.0 17826658.0 17824236.0 17829970.0 17830255.0 17829592.0
159 18097051.0 18093157.0 18089731.0 18082793.0 18092749.0 18083087.0 18090129.0 18083114.0 18089760.0 18083218.0 18088858.0 18083734.0 18092230.0 18089907.0 18090978.0 18083715.0 18089617.0 18088599.0 18090042.0 18087095.0 18082759.0 18087979.0 18082728.0 18089320.0 18081494.0 18088235.0 18080623.0 18088338.0 18082092.0 18090589.0 18090180.0 18091200.0
162 18337116.0 18333731.0 18331219.0 18328381.0 18332512.0 18328404.0 18330928.0 18328353.0 18330950.0 18328605.0 18330421.0 18328735.0 18331469.0 18330679.0 18331200.0 18328695.0 18330871.0 18330238.0 18331022.0 18329916.0 18328245.0 18330091.0 18328220.0 18330956.0 18327958.0 18330884.0 18327646.0 18330469.0 18327955.0 18332037.0 18331900.0 18332286.0
165 18544167.0 18542460.0 18541582.0 18539977.0 18542209.0 18540056.0 18541478.0 18539997.0 18541687.0 18540136.0 18541188.0 18540295.0 18541879.0 18541549.0 18541778.0 18540151.0 18541453.0 18541175.0 18541571.0 18540843.0 18539914.0 18541039.0 18539933.0 18541525.0 18539551.0 18541314.0 18539490.0 18541128.0 18539782.0 18541688.0 18541714.0 18541876.0
168 18708686.0 18707578.0 18707249.0 18706415.0 18707400.0 18706497.0 18707065.0 18706462.0 18707124.0 18706497.0 18707016.0 18706556.0 18707045.0 18706936.0 18707054.0 18706441.0 18707134.0 18706923.0 18707128.0 18706896.0 18706416.0 18706928.0 18706393.0 18707143.0 18706187.0 18707064.0 18706215.0 18706960.0 18706449.0 18707314.0 18707265.0 18707252.0
171 18861923.0 18861006.0 18860504.0 18859220.0 18861045.0 18859711.0 18860500.0 18859862.0 18860760.0 18860114.0 18860220.0 18860376.0 18860870.0 18860168.0 18860914.0 18859828.0 18860319.0 18859823.0 18860315.0 18859505.0 18858986.0 18859437.0 18858709.0 18860065.0 18858079.0 18859598.0 18857859.0 18859457.0 18858546.0 18859826.0 18859731.0 18859753.0
174 18925425.0 18921044.0 18917643.0 18911885.0 18922008.0 18909704.0 18913799.0 18909927.0 18914465.0 18910348.0 18911603.0 18912090.0 18912989.0 18909597.0 18910745.0 18909584.0 18908874.0 18907968.0 18907584.0 18904278.0 18903003.0 18904611.0 18900563.0 18904526.0 18900671.0 18902782.0 18898168.0 18903064.0 18898690.0 18902931.0 18902762.0 18903070.0
177 18594714.0 18590651.0 18583330.0 18549723.0 18598610.0 18534614.0 18576432.0 18530681.0 18572640.0 18527288.0 18570593.0 18545000.0 18579088.0 18562955.0 18565346.0 18553764.0 18563397.0 18562063.0 18560373.0 18556004.0 18531678.0 18557528.0 18522827.0 18546970.0 18535608.0 18548576.0 18523640.0 18553116.0 18520074.0 18551269.0 18552279.0 18560153.0
180 10855409.0 10941494.0 10930665.0 11054500.0 11249012.0 10881016.0 11048746.0 10826891.0 10966481.0 10750629.0 11045685.0 11119480.0 11225630.0 10990489.0 10983520.0 11320871.0 10920074.0 11009195.0 10899966.0 10938113.0 10880149.0 11025206.0 10727173.0 10720252.0 11164365.0 10740128.0 10872962.0 10934078.0 10671969.0 10818693.0 10808091.0 11107940.0
183 10377274.0 10469093.0 10466640.0 10734604.0 10787480.0 10550331.0 10593145.0 10482594.0 10500584.0 10398028.0 10590026.0 10768594.0 10753783.0 10532177.0 10502929.0 10969557.0 10438777.0 10537563.0 10408261.0 10467308.0 10517903.0 10557152.0 10365184.0 10223966.0 10852350.0 10246150.0 10547189.0 10440523.0 10334712.0 10328179.0 10311655.0 10616620.0
186 6705083.0 6769825.0 6772781.0 7109825.0 7050508.0 6919903.0 6875342.0 6837262.0 6786883.0 6761241.0 6867063.0 7089710.0 6993160.0 6801669.0 6764950.0 7287013.0 6694414.0 6789358.0 6650235.0 6714467.0 6853248.0 6784743.0 6704509.0 6489246.0 7208883.0 6500131.0 6924746.0 6651300.0 6718626.0 6562913.0 6524869.0 6776393.0
189 179756.0 159940.0 172532.0 234953.0 278424.0 196336.0 195109.0 183427.0 199324.0 160321.0 201037.0 206574.0 216075.0 185113.0 187983.0 270404.0 173274.0 201814.0 162940.0 185923.0 179536.0 209899.0 154846.0 165853.0 261890.0 178778.0 209404.0 187656.0 166006.0 181844.0 162847.0 188839.0
192 111674.0 84034.0 89959.0 103641.0 115514.0 102911.0 95865.0 110623.0 104218.0 92306.0 100182.0 88100.0 106772.0 90482.0 102349.0 102930.0 102572.0 100835.0 96216.0 101098.0 104219.0 102011.0 95679.0 105576.0 119611.0 111439.0 111034.0 105871.0 93284.0 101756.0 88333.0 91485.0
195 111395.0 84203.0 90164.0 102250.0 112653.0 101875.0 96113.0 110235.0 103142.0 91485.0 99236.0 86265.0 106250.0 89844.0 101805.0 101053.0 102172.0 100189.0 95619.0 99714.0 103781.0 100146.0 95502.0 105756.0 116456.0 111271.0 109206.0 105184.0 93140.0 100699.0 87410.0 90054.0
198 111288.0 83562.0 89129.0 101941.0 112927.0 101392.0 95919.0 109754.0 102856.0 90808.0 98940.0 86146.0 104880.0 89172.0 101664.0 100547.0 102182.0 99145.0 95337.0 100324.0 103173.0 100515.0 95811.0 105733.0 116796.0 111016.0 109894.0 105109.0 92517.0 100183.0 87064.0 89223.0
201 111003.0 82785.0 89404.0 101710.0 112356.0 101534.0 96085.0 109172.0 101899.0 91278.0 99765.0 86094.0 105203.0 89293.0 100923.0 99973.0 101902.0 100066.0 95129.0 100317.0 102724.0 100749.0 94693.0 105290.0 116725.0 110664.0 109652.0 104756.0 91942.0 100905.0 86621.0 89288.0
204 110913.0 81973.0 87190.0 100778.0 112142.0 100284.0 95103.0 108844.0 101416.0 89969.0 98017.0 84686.0 102476.0 85070.0 98192.0 98858.0 100773.0 99425.0 92144.0 99815.0 101158.0 100054.0 91766.0 104899.0 115586.0 109857.0 109424.0 103921.0 89514.0 98321.0 81779.0 86279.0
207 109524.0 75335.0 79041.0 100595.0 112379.0 97573.0 92068.0 103802.0 98014.0 86367.0 96196.0 78949.0 93517.0 72491.0 89210.0 94278.0 98373.0 97122.0 83460.0 97627.0 94687.0 97882.0 80961.0 102379.0 115450.0 106926.0 107400.0 99983.0 81226.0 95656.0 68555.0 75021.0
210 106203.0 54645.0 55593.0 98350.0 109983.0 84401.0 78261.0 82616.0 84716.0 71050.0 84194.0 60554.0 67127.0 44677.0 61071.0 77976.0 88245.0 90574.0 58555.0 90095.0 71764.0 91907.0 54986.0 95038.0 111127.0 95822.0 103157.0 86540.0 57397.0 81685.0 42035.0 49847.0
213 91485.0 22830.0 23164.0 87006.0 102346.0 50341.0 46006.0 41749.0 50891.0 37392.0 54918.0 27358.0 27264.0 15296.0 23786.0 43612.0 59701.0 65578.0 23662.0 64984.0 31999.0 68795.0 21638.0 70313.0 96596.0 63316.0 82280.0 52909.0 24536.0 50464.0 14847.0 20579.0
216 57891.0 6584.0 6422.0 59427.0 80263.0 18363.0 16979.0 12941.0 18831.0 12252.0 22760.0 7774.0 7233.0 4137.0 6477.0 15245.0 26224.0 31363.0 6505.0 29944.0 8824.0 35231.0 6033.0 34090.0 64499.0 27561.0 46904.0 20021.0 7314.0 21023.0 4272.0 6087.0
219 21288.0 2317.0 2389.0 22296.0 40953.0 4814.0 4470.0 3810.0 4737.0 3243.0 5674.0 2540.0 2863.0 2128.0 2564.0 4101.0 6970.0 8275.0 2646.0 7737.0 2965.0 10502.0 2548.0 9437.0 25200.0 7221.0 14979.0 5117.0 2648.0 5566.0 2008.0 2312.0
222 5046.0 1749.0 1812.0 5141.0 10734.0 2439.0 2309.0 2553.0 2481.0 2079.0 2410.0 1710.0 2212.0 1691.0 2108.0 2310.0 2891.0 2750.0 2057.0 2882.0 2233.0 3229.0 2027.0 3173.0 6090.0 2948.0 3859.0 2571.0 2020.0 2573.0 1598.0 1714.0
225 2753.0 1358.0 1470.0 2682.0 3363.0 1995.0 1967.0 2101.0 1970.0 1725.0 1994.0 1468.0 1867.0 1311.0 1632.0 1919.0 2297.0 2252.0 1714.0 2259.0 1860.0 2393.0 1659.0 2383.0 2994.0 2327.0 2593.0 2079.0 1596.0 2058.0 1268.0 1339.0
228 2345.0 1106.0 1201.0 2165.0 2598.0 1674.0 1541.0 1622.0 1566.0 1348.0 1631.0 1134.0 1508.0 1028.0 1335.0 1544.0 1836.0 1849.0 1396.0 1875.0 1607.0 1939.0 1357.0 1933.0 2532.0 2012.0 2043.0 1669.0 1268.0 1608.0 1092.0 1056.0
231 1894.0 984.0 1063.0 1897.0 2255.0 1277.0 1283.0 1433.0 1312.0 1168.0 1408.0 1086.0 1263.0 1001.0 1189.0 1290.0 1647.0 1571.0 1251.0 1547.0 1264.0 1641.0 1212.0 1736.0 2050.0 1624.0 1878.0 1461.0 1177.0 1479.0 967.0 1085.0
234 1699.0 978.0 948.0 1673.0 1875.0 1220.0 1198.0 1290.0 1301.0 1054.0 1220.0 933.0 1255.0 982.0 1183.0 1185.0 1463.0 1269.0 1219.0 1494.0 1149.0 1442.0 1217.0 1482.0 1763.0 1537.0 1575.0 1358.0 1127.0 1292.0 978.0 953.0
237 1641.0 974.0 983.0 1451.0 1689.0 1123.0 1164.0 1285.0 1232.0 1048.0 1184.0 933.0 1160.0 891.0 1096.0 1152.0 1426.0 1268.0 1219.0 1409.0 1218.0 1416.0 1127.0 1486.0 1613.0 1424.0 1465.0 1298.0 1057.0 1267.0 981.0 987.0
240 1561.0 913.0 891.0 1559.0 1570.0 1184.0 1149.0 1315.0 1215.0 1053.0 1165.0 843.0 1131.0 872.0 1105.0 1111.0 1316.0 1224.0 1106.0 1337.0 1153.0 1364.0 1076.0 1402.0 1568.0 1433.0 1355.0 1330.0 1060.0 1183.0 910.0 919.0
243 1512.0 895.0 887.0 1352.0 1603.0 1170.0 1140.0 1207.0 1152.0 997.0 1088.0 881.0 1070.0 860.0 1084.0 1059.0 1394.0 1236.0 1112.0 1320.0 1125.0 1361.0 1063.0 1433.0 1542.0 1476.0 1369.0 1251.0 1042.0 1186.0 794.0 898.0
246 1532.0 774.0 785.0 1339.0 1477.0 1069.0 1029.0 1120.0 1139.0 1022.0 1080.0 790.0 1002.0 724.0 931.0 1084.0 1227.0 1194.0 1009.0 1322.0 1017.0 1300.0 914.0 1388.0 1507.0 1357.0 1366.0 1160.0 909.0 1222.0 711.0 767.0
249 1424.0 728.0 690.0 1250.0 1520.0 988.0 971.0 1056.0 961.0 934.0 1034.0 720.0 812.0 530.0 811.0 969.0 1292.0 1091.0 868.0 1207.0 962.0 1252.0 785.0 1293.0 1551.0 1350.0 1297.0 1148.0 821.0 1085.0 534.0 575.0
252 1348.0 526.0 470.0 1312.0 1420.0 911.0 872.0 834.0 834.0 794.0 928.0 489.0 583.0 268.0 538.0 851.0 1137.0 1024.0 575.0 1193.0 694.0 1170.0 526.0 1269.0 1384.0 1217.0 1249.0 959.0 561.0 979.0 296.0 334.0
255 1289.0 262.0 239.0 1225.0 1350.0 653.0 618.0 566.0 662.0 552.0 744.0 255.0 250.0 129.0 245.0 518.0 943.0 893.0 291.0 937.0 397.0 963.0 256.0 1069.0 1366.0 934.0 1122.0 686.0 295.0 752.0 131.0 171.0
258 1096.0 104.0 70.0 1067.0 1160.0 297.0 312.0 227.0 290.0 254.0 378.0 81.0 71.0 30.0 76.0 215.0 646.0 605.0 108.0 639.0 135.0 666.0 58.0 762.0 1070.0 649.0 786.0 335.0 110.0 391.0 40.0 60.0
261 778.0 29.0 25.0 711.0 1007.0 127.0 105.0 68.0 112.0 80.0 145.0 31.0 38.0 18.0 33.0 73.0 302.0 272.0 38.0 308.0 57.0 320.0 35.0 495.0 693.0 278.0 464.0 131.0 38.0 190.0 27.0 35.0
264 438.0 24.0 24.0 397.0 725.0 50.0 34.0 37.0 59.0 26.0 71.0 31.0 24.0 18.0 26.0 35.0 117.0 106.0 32.0 135.0 28.0 134.0 25.0 181.0 410.0 92.0 215.0 53.0 36.0 76.0 19.0 22.0
267 192.0 12.0 25.0 152.0 383.0 26.0 28.0 33.0 22.0 26.0 40.0 12.0 26.0 20.0 20.0 32.0 55.0 45.0 26.0 51.0 30.0 48.0 36.0 74.0 149.0 63.0 80.0 40.0 27.0 31.0 17.0 21.0
270 76.0 24.0 12.0 63.0 145.0 33.0 29.0 22.0 38.0 23.0 31.0 12.0 15.0 18.0 20.0 26.0 34.0 27.0 29.0 37.0 16.0 46.0 28.0 35.0 53.0 41.0 47.0 31.0 14.0 32.0 13.0 23.0
273 36.0 20.0 22.0 42.0 73.0 20.0 11.0 26.0 22.0 10.0 15.0 13.0 21.0 16.0 15.0 22.0 39.0 25.0 22.0 37.0 27.0 23.0 26.0 37.0 47.0 33.0 42.0 26.0 20.0 17.0 13.0 12.0
276 35.0 15.0 14.0 26.0 47.0 16.0 27.0 23.0 26.0 20.0 19.0 17.0 13.0 11.0 20.0 16.0 33.0 24.0 25.0 22.0 19.0 32.0 28.0 31.0 38.0 33.0 42.0 25.0 20.0 21.0 16.0 24.0
279 37.0 20.0 9.0 31.0 42.0 20.0 21.0 27.0 20.0 22.0 16.0 14.0 18.0 16.0 15.0 16.0 23.0 27.0 16.0 28.0 12.0 26.0 25.0 19.0 38.0 31.0 34.0 41.0 19.0 16.0 14.0 9.0
282 27.0 15.0 13.0 22.0 39.0 19.0 16.0 14.0 16.0 17.0 9.0 24.0 16.0 11.0 22.0 20.0 32.0 22.0 18.0 24.0 20.0 23.0 21.0 35.0 31.0 29.0 33.0 22.0 25.0 20.0 11.0 19.0
285 21.0 14.0 16.0 28.0 31.0 16.0 20.0 13.0 29.0 24.0 13.0 16.0 11.0 9.0 9.0 20.0 30.0 29.0 14.0 12.0 15.0 27.0 14.0 22.0 24.0 28.0 18.0 22.0 19.0 23.0 13.0 14.0
288 21.0 15.0 11.0 22.0 27.0 23.0 15.0 17.0 12.0 12.0 16.0 8.0 16.0 9.0 18.0 8.0 20.0 19.0 13.0 31.0 14.0 31.0 10.0 30.0 30.0 27.0 17.0 16.0 14.0 17.0 9.0 8.0
291 30.0 9.0 9.0 29.0 25.0 18.0 19.0 13.0 12.0 12.0 19.0 12.0 8.0 5.0 7.0 14.0 25.0 15.0 10.0 30.0 14.0 21.0 11.0 19.0 22.0 18.0 26.0 10.0 7.0 14.0 4.0 5.0
294 29.0 11.0 8.0 26.0 25.0 12.0 12.0 10.0 10.0 13.0 13.0 8.0 4.0 1.0 4.0 15.0 18.0 23.0 9.0 18.0 8.0 29.0 6.0 26.0 25.0 23.0 18.0 17.0 11.0 17.0 7.0 3.0
297 15.0 5.0 4.0 24.0 22.0 9.0 14.0 8.0 8.0 9.0 11.0 5.0 7.0 0.0 3.0 9.0 18.0 15.0 2.0 24.0 5.0 21.0 5.0 18.0 18.0 24.0 16.0 15.0 3.0 13.0 3.0 2.0
300 22.0 2.0 1.0 21.0 23.0 8.0 7.0 3.0 3.0 6.0 6.0 0.0 1.0 1.0 1.0 5.0 21.0 17.0 0.0 17.0 1.0 13.0 0.0 16.0 24.0 13.0 21.0 11.0 1.0 7.0 0.0 1.0
303 19.0 1.0 1.0 16.0 21.0 1.0 9.0 3.0 3.0 4.0 3.0 1.0 1.0 2.0 2.0 2.0 4.0 9.0 1.0 12.0 1.0 11.0 1.0 8.0 20.0 16.0 19.0 1.0 3.0 5.0 1.0 0.0
306 16.0 1.0 0.0 17.0 26.0 1.0 2.0 0.0 1.0 4.0 1.0 1.0 1.0 1.0 0.0 3.0 7.0 5.0 2.0 6.0 0.0 6.0 1.0 7.0 13.0 2.0 9.0 1.0 0.0 3.0 3.0 0.0
309 16.0 1.0 0.0 10.0 16.0 0.0 0.0 1.0 0.0 0.0 0.0 2.0 1.0 0.0 2.0 3.0 4.0 0.0 1.0 3.0 1.0 4.0 0.0 6.0 8.0 3.0 2.0 0.0 2.0 0.0 0.0 0.0
312 7.0 0.0 0.0 5.0 9.0 1.0 0.0 0.0 0.0 0.0 0.0 0.0 0.0 0.0 0.0 0.0 0.0 0.0 0.0 1.0 0.0 2.0 1.0 5.0 4.0 2.0 1.0 0.0 0.0 1.0 0.0 0.0
315 3.0 0.0 1.0 0.0 5.0 1.0 1.0 1.0 0.0 1.0 2.0 0.0 1.0 0.0 0.0 1.0 0.0 1.0 0.0 2.0 0.0 1.0 0.0 1.0 5.0 1.0 2.0 2.0 0.0 1.0 0.0 1.0
318 5.0 0.0 1.0 1.0 3.0 0.0 2.0 1.0 2.0 0.0 1.0 2.0 1.0 2.0 0.0 1.0 3.0 4.0 1.0 3.0 1.0 1.0 2.0 0.0 1.0 0.0 1.0 0.0 1.0 0.0 0.0 1.0
321 0.0 0.0 0.0 2.0 1.0 1.0 0.0 2.0 0.0 0.0 0.0 0.0 0.0 0.0 1.0 0.0 0.0 1.0 0.0 0.0 0.0 2.0 1.0 3.0 1.0 1.0 0.0 0.0 1.0 0.0 0.0 0.0
324 0.0 0.0 0.0 2.0 0.0 2.0 2.0 1.0 0.0 0.0 0.0 1.0 1.0 0.0 0.0 1.0 2.0 0.0 1.0 0.0 0.0 0.0 0.0 0.0 0.0 0.0 1.0 0.0 0.0 1.0 0.0 0.0
327 2.0 1.0 0.0 0.0 0.0 1.0 1.0 0.0 1.0 0.0 1.0 1.0 1.0 1.0 1.0 1.0 2.0 1.0 0.0 2.0 0.0 0.0 0.0 1.0 1.0 0.0 1.0 2.0 0.0 1.0 0.0 1.0
330 1.0 0.0 1.0 0.0 2.0 0.0 1.0 0.0 0.0 1.0 0.0 1.0 0.0 1.0 0.0 0.0 0.0 2.0 1.0 2.0 0.0 1.0 0.0 0.0 0.0 0.0 0.0 0.0 1.0 2.0 0.0 0.0
333 1.0 0.0 0.0 0.0 1.0 0.0 3.0 0.0 1.0 0.0 1.0 1.0 0.0 0.0 0.0 1.0 1.0 1.0 1.0 1.0 1.0 1.0 0.0 1.0 0.0 0.0 0.0 1.0 0.0 0.0 0.0 0.0
336 0.0 0.0 0.0 0.0 1.0 0.0 0.0 0.0 1.0 0.0 0.0 0.0 0.0 1.0 0.0 2.0 0.0 1.0 0.0 0.0 0.0 3.0 0.0 0.0 0.0 1.0 1.0 1.0 1.0 0.0 0.0 0.0
339 0.0 1.0 1.0 3.0 3.0 0.0 0.0 0.0 2.0 1.0 2.0 1.0 0.0 1.0 1.0 0.0 1.0 2.0 0.0 0.0 0.0 1.0 3.0 0.0 1.0 1.0 0.0 1.0 2.0 3.0 0.0 1.0
342 1.0 0.0 0.0 1.0 3.0 0.0 2.0 0.0 0.0 0.0 0.0 0.0 1.0 1.0 0.0 0.0 1.0 0.0 0.0 0.0 0.0 0.0 2.0 0.0 0.0 0.0 0.0 1.0 2.0 2.0 0.0 0.0
345 3.0 2.0 1.0 1.0 2.0 0.0 1.0 0.0 1.0 1.0 1.0 0.0 1.0 1.0 0.0 2.0 1.0 2.0 2.0 3.0 1.0 2.0 2.0 3.0 3.0 5.0 4.0 0.0 0.0 1.0 1.0 1.0
348 1.0 1.0 0.0 0.0 0.0 0.0 1.0 0.0 0.0 0.0 0.0 0.0 0.0 0.0 0.0 0.0 0.0 0.0 0.0 0.0 0.0 0.0 0.0 0.0 1.0 0.0 0.0 0.0 0.0 1.0 0.0 0.0
351 1.0 0.0 1.0 0.0 2.0 2.0 1.0 0.0 0.0 0.0 0.0 0.0 0.0 0.0 1.0 0.0 1.0 0.0 1.0 2.0 0.0 2.0 1.0 1.0 0.0 1.0 0.0 1.0 0.0 0.0 1.0 1.0
354 1.0 0.0 0.0 0.0 0.0 0.0 0.0 1.0 1.0 1.0 1.0 0.0 0.0 0.0 0.0 1.0 1.0 0.0 0.0 1.0 0.0 0.0 0.0 1.0 1.0 0.0 2.0 1.0 0.0 0.0 1.0 0.0
357 0.0 0.0 0.0 0.0 1.0 0.0 0.0 0.0 0.0 1.0 0.0 0.0 0.0 0.0 0.0 0.0 0.0 0.0 1.0 0.0 0.0 0.0 0.0 2.0 0.0 0.0 0.0 0.0 0.0 0.0 0.0 0.0
