150 22305.0 20549.0 18561.0 20943.0 22463.0 18660.0 19337.0 22838.0 17280.0 22745.0 17482.0 25381.0 18398.0 18695.0 22054.0 17058.0 18844.0 16973.0 16769.0 16545.0 22940.0 22092.0 18204.0 18295.0 19532.0 21491.0 17015.0 19405.0 21568.0 18881.0 22571.0 20309.0
153 18074088.0 18073034.0 18063430.0 18046060.0 18055830.0 18044228.0 18054716.0 18044223.0 18050756.0 18045419.0 18053180.0 18048032.0 18052177.0 18053286.0 18053403.0 18044636.0 18052642.0 18050239.0 18051764.0 18050813.0 18046051.0 18054519.0 18044962.0 18048776.0 18041009.0 18047195.0 18043780.0 18048188.0 18044880.0 18048367.0 18053248.0 18055080.0
156 18700637.0 18699392.0 18691226.0 18675932.0 18685090.0 18674954.0 18684061.0 18674476.0 18681042.0 18674737.0 18681397.0 18674877.0 18681786.0 18682093.0 18680379.0 18675424.0 18681155.0 18679740.0 18679925.0 18678873.0 18674517.0 18680813.0 18674420.0 18677381.0 18673912.0 18677298.0 18674173.0 18678137.0 18673737.0 18678899.0 18681283.0 18683703.0
159 19016225.0 19013608.0 19005314.0 18984978.0 18997755.0 18983554.0 18996491.0 18982221.0 18993546.0 18982813.0 18994007.0 18983092.0 18994754.0 18995396.0 18993130.0 18984858.0 18994131.0 18992403.0 18992909.0 18991220.0 18982703.0 18993398.0 18982799.0 18989086.0 18981794.0 18988015.0 18982547.0 18989411.0 18981586.0 18990356.0 18993536.0 18996151.0
162 19447366.0 19444464.0 19438431.0 19422984.0 19432974.0 19422009.0 19431463.0 19420712.0 19429479.0 19421465.0 19428824.0 19421586.0 19430331.0 19430498.0 19428458.0 19422110.0 19429398.0 19428075.0 19427644.0 19426533.0 19420485.0 19427835.0 19420585.0 19424981.0 19419692.0 19424743.0 19420027.0 19425363.0 19419243.0 19426676.0 19427538.0 19428921.0
165 19717889.0 19716084.0 19712651.0 19704777.0 19710275.0 19704277.0 19709591.0 19703178.0 19708941.0 19703713.0 19708413.0 19703567.0 19709945.0 19709814.0 19708997.0 19704216.0 19708835.0 19708444.0 19708163.0 19707545.0 19703040.0 19708102.0 19703114.0 19706373.0 19702573.0 19706583.0 19702791.0 19706493.0 19702365.0 19707522.0 19708391.0 19709538.0
168 19930458.0 19929070.0 19925997.0 19920891.0 19924625.0 19920292.0 19924307.0 19919619.0 19923926.0 19919925.0 19923205.0 19920028.0 19924475.0 19924455.0 19924137.0 19919760.0 19924061.0 19923763.0 19923531.0 19922757.0 19919060.0 19923291.0 19919205.0 19922057.0 19918620.0 19922409.0 19918925.0 19922353.0 19918592.0 19923395.0 19923700.0 19924344.0
171 20003694.0 20003302.0 20002603.0 20001295.0 20002468.0 20001821.0 20001884.0 20000544.0 20001633.0 20001474.0 20001207.0 20001023.0 20001860.0 20001728.0 20001975.0 20000506.0 20001312.0 20001347.0 20001015.0 20000623.0 19999206.0 20000559.0 19999210.0 20000137.0 19998771.0 20000134.0 19998843.0 20000030.0 19998517.0 20000341.0 20000716.0 20000844.0
174 19923477.0 19922149.0 19919390.0 19911563.0 19916984.0 19908511.0 19915397.0 19907208.0 19913633.0 19909545.0 19912396.0 19907445.0 19913938.0 19912396.0 19912171.0 19909907.0 19909847.0 19910065.0 19908941.0 19907486.0 19905747.0 19906472.0 19904267.0 19905379.0 19903748.0 19904954.0 19902600.0 19904391.0 19902699.0 19904612.0 19905004.0 19905148.0
177 19521328.0 19513733.0 19501488.0 19400882.0 19480264.0 19367234.0 19475811.0 19368791.0 19455772.0 19366465.0 19442841.0 19355035.0 19462025.0 19454654.0 19435542.0 19401625.0 19427668.0 19444771.0 19428051.0 19413752.0 19359804.0 19408281.0 19352577.0 19397524.0 19372618.0 19404868.0 19350297.0 19407671.0 19354610.0 19417891.0 19414024.0 19425718.0
180 11262919.0 11180926.0 11193397.0 10788928.0 11075157.0 10606615.0 11082662.0 10702511.0 11039513.0 10682881.0 10875053.0 10528204.0 11195695.0 11133593.0 10887949.0 11171526.0 10856498.0 11174577.0 10939991.0 10814519.0 10695499.0 10745519.0 10667528.0 10669648.0 11026817.0 10812641.0 10677119.0 10864807.0 10702332.0 11021772.0 10904176.0 11013424.0
183 6916467.0 6900416.0 6992952.0 6900651.0 6965374.0 6717071.0 6971940.0 6832536.0 6959419.0 6803582.0 6804923.0 6647323.0 7133755.0 7066769.0 6813049.0 7291696.0 6778656.0 7101521.0 6860394.0 6729127.0 6796035.0 6664536.0 6770240.0 6575805.0 7165559.0 6717383.0 6777886.0 6774614.0 6800215.0 6922053.0 6804675.0 6890456.0
186 7919552.0 7901764.0 8072421.0 8434550.0 8047233.0 8181793.0 8061077.0 8388323.0 8097980.0 8340890.0 7901085.0 8091565.0 8380790.0 8272019.0 7925005.0 9088178.0 7891207.0 8340745.0 7984513.0 7813764.0 8271918.0 7694726.0 8263553.0 7587359.0 8868016.0 7762643.0 8293402.0 7856040.0 8290492.0 8040446.0 7830048.0 7892816.0
189 206581.0 205032.0 221632.0 218453.0 230242.0 165217.0 231406.0 202407.0 224383.0 204607.0 175137.0 163304.0 288912.0 263206.0 210292.0 304952.0 170616.0 272706.0 194293.0 153367.0 197494.0 165316.0 173506.0 142329.0 281146.0 185727.0 166691.0 188463.0 189533.0 206674.0 206404.0 196261.0
192 124291.0 116798.0 106591.0 131031.0 130482.0 111465.0 124963.0 130592.0 117118.0 123533.0 103503.0 113616.0 124484.0 124447.0 119130.0 125011.0 103882.0 122071.0 113018.0 97956.0 130571.0 115204.0 107739.0 102347.0 162428.0 129797.0 106198.0 116765.0 127081.0 116389.0 134519.0 123258.0
195 123397.0 114743.0 100939.0 124984.0 127104.0 109013.0 119602.0 126353.0 110839.0 117923.0 100809.0 111213.0 114434.0 117394.0 116116.0 109264.0 102369.0 111412.0 109357.0 96760.0 127025.0 114613.0 101870.0 100709.0 148554.0 127802.0 100247.0 112841.0 122741.0 110353.0 130811.0 119293.0
198 122469.0 113267.0 101015.0 124939.0 126849.0 108602.0 119640.0 125914.0 111031.0 117977.0 99775.0 111285.0 114376.0 117236.0 116357.0 108369.0 102801.0 111373.0 107423.0 94976.0 126486.0 112934.0 101255.0 100126.0 147521.0 127585.0 99843.0 112247.0 121830.0 109683.0 129818.0 118149.0
201 121238.0 111413.0 99613.0 123803.0 126376.0 106749.0 117769.0 125036.0 110151.0 116747.0 94872.0 110730.0 112965.0 115883.0 115887.0 106505.0 100178.0 109664.0 98840.0 86998.0 125480.0 106889.0 98657.0 95835.0 145699.0 126318.0 93864.0 109592.0 120654.0 108248.0 128224.0 117694.0
204 117509.0 101524.0 93437.0 117227.0 124419.0 99152.0 114747.0 123169.0 103450.0 115550.0 76248.0 108081.0 111017.0 109705.0 113897.0 97495.0 93520.0 103014.0 73003.0 62529.0 120606.0 85669.0 86400.0 78096.0 134725.0 122211.0 74294.0 97602.0 115488.0 105275.0 121272.0 114279.0
207 101625.0 70981.0 71922.0 92798.0 119633.0 73895.0 101521.0 114727.0 79416.0 105901.0 39144.0 99733.0 100779.0 87258.0 107915.0 69437.0 69087.0 80309.0 35745.0 26646.0 102555.0 45677.0 55892.0 43921.0 100569.0 105253.0 40070.0 64486.0 95202.0 91558.0 98402.0 100049.0
210 61084.0 29622.0 34908.0 46883.0 98619.0 33580.0 64964.0 83723.0 38464.0 76737.0 11038.0 75110.0 69607.0 43716.0 85965.0 30448.0 30500.0 41113.0 10265.0 6407.0 60787.0 13813.0 20874.0 13485.0 47237.0 66185.0 12601.0 24428.0 52903.0 61350.0 54117.0 67234.0
213 20375.0 7959.0 9848.0 14452.0 55952.0 9486.0 25218.0 38589.0 11000.0 34682.0 3368.0 38044.0 29067.0 12736.0 47726.0 8495.0 8038.0 12390.0 3465.0 2579.0 21034.0 4179.0 5570.0 3893.0 13672.0 25602.0 3737.0 6474.0 17038.0 26725.0 18272.0 30192.0
216 5044.0 3205.0 3143.0 4277.0 17199.0 3308.0 6286.0 9807.0 3493.0 8334.0 2326.0 11065.0 6803.0 3856.0 14411.0 3155.0 3035.0 3708.0 2332.0 2178.0 5510.0 2802.0 2680.0 2399.0 4784.0 6360.0 2390.0 2967.0 4650.0 7259.0 4910.0 8348.0
219 3236.0 2658.0 2392.0 3141.0 5224.0 2723.0 3350.0 4101.0 2722.0 3608.0 2116.0 4007.0 3169.0 2930.0 4562.0 2549.0 2448.0 2722.0 2137.0 1843.0 3422.0 2408.0 2256.0 2157.0 3729.0 3608.0 2075.0 2535.0 3257.0 3239.0 3412.0 3622.0
222 2797.0 2359.0 2183.0 2719.0 3467.0 2252.0 2918.0 3286.0 2283.0 3086.0 1764.0 2975.0 2742.0 2487.0 3181.0 2219.0 2153.0 2318.0 1704.0 1494.0 2992.0 2036.0 2001.0 1839.0 3325.0 3159.0 1709.0 2187.0 2807.0 2657.0 2951.0 2967.0
225 2351.0 1934.0 1701.0 2295.0 2976.0 1926.0 2463.0 2904.0 1911.0 2675.0 1340.0 2531.0 2256.0 2042.0 2713.0 1779.0 1669.0 1941.0 1365.0 1161.0 2611.0 1662.0 1556.0 1453.0 2722.0 2574.0 1427.0 1763.0 2400.0 2167.0 2425.0 2486.0
228 1980.0 1596.0 1460.0 1930.0 2615.0 1592.0 2154.0 2454.0 1610.0 2274.0 1239.0 2191.0 1961.0 1749.0 2278.0 1491.0 1458.0 1637.0 1333.0 1097.0 2127.0 1453.0 1387.0 1310.0 2365.0 2177.0 1273.0 1619.0 2065.0 1884.0 2064.0 2189.0
231 1733.0 1422.0 1254.0 1755.0 2234.0 1428.0 1741.0 2066.0 1458.0 1940.0 1120.0 1865.0 1756.0 1549.0 1992.0 1339.0 1346.0 1538.0 1229.0 1114.0 1869.0 1398.0 1249.0 1179.0 2079.0 2065.0 1165.0 1516.0 1804.0 1606.0 1822.0 1851.0
234 1587.0 1465.0 1204.0 1652.0 1993.0 1401.0 1736.0 1974.0 1399.0 1752.0 1076.0 1777.0 1638.0 1462.0 1766.0 1329.0 1292.0 1369.0 1070.0 1020.0 1839.0 1276.0 1232.0 1190.0 2006.0 1927.0 1119.0 1440.0 1702.0 1506.0 1737.0 1829.0
237 1608.0 1372.0 1123.0 1640.0 1983.0 1330.0 1583.0 1849.0 1404.0 1776.0 1032.0 1676.0 1478.0 1434.0 1664.0 1171.0 1335.0 1376.0 980.0 929.0 1740.0 1278.0 1159.0 1105.0 1884.0 1841.0 1006.0 1300.0 1677.0 1565.0 1676.0 1725.0
240 1538.0 1263.0 1112.0 1533.0 1918.0 1360.0 1625.0 1808.0 1302.0 1589.0 830.0 1641.0 1479.0 1376.0 1696.0 1222.0 1229.0 1239.0 790.0 635.0 1769.0 1029.0 1113.0 937.0 1777.0 1800.0 834.0 1204.0 1627.0 1406.0 1642.0 1626.0
243 1473.0 1081.0 1054.0 1387.0 1832.0 1197.0 1517.0 1753.0 1179.0 1611.0 588.0 1682.0 1382.0 1205.0 1621.0 958.0 1189.0 1041.0 473.0 417.0 1586.0 803.0 879.0 677.0 1560.0 1643.0 550.0 1061.0 1463.0 1301.0 1479.0 1584.0
246 1335.0 797.0 785.0 1188.0 1746.0 942.0 1337.0 1587.0 938.0 1469.0 306.0 1507.0 1305.0 982.0 1505.0 690.0 928.0 858.0 208.0 157.0 1546.0 445.0 562.0 385.0 1204.0 1539.0 308.0 717.0 1278.0 1233.0 1311.0 1432.0
249 1014.0 433.0 499.0 771.0 1635.0 566.0 1047.0 1391.0 508.0 1300.0 111.0 1331.0 1053.0 628.0 1388.0 338.0 550.0 508.0 80.0 48.0 1161.0 177.0 279.0 168.0 698.0 1173.0 118.0 323.0 933.0 977.0 934.0 1174.0
252 653.0 197.0 205.0 384.0 1364.0 228.0 630.0 1184.0 235.0 996.0 42.0 1059.0 695.0 308.0 1217.0 152.0 241.0 266.0 39.0 33.0 730.0 80.0 106.0 60.0 303.0 744.0 47.0 126.0 497.0 638.0 515.0 754.0
255 267.0 83.0 70.0 142.0 949.0 97.0 288.0 697.0 98.0 556.0 37.0 728.0 339.0 87.0 841.0 46.0 67.0 79.0 35.0 29.0 293.0 48.0 55.0 39.0 112.0 371.0 42.0 61.0 180.0 339.0 217.0 425.0
258 84.0 45.0 39.0 60.0 492.0 57.0 98.0 245.0 49.0 224.0 29.0 338.0 113.0 44.0 419.0 39.0 53.0 43.0 35.0 25.0 103.0 35.0 41.0 35.0 49.0 135.0 24.0 36.0 64.0 133.0 74.0 168.0
261 53.0 36.0 15.0 44.0 196.0 39.0 60.0 107.0 35.0 83.0 28.0 153.0 62.0 41.0 173.0 31.0 32.0 35.0 29.0 16.0 65.0 35.0 31.0 26.0 57.0 77.0 30.0 29.0 73.0 60.0 70.0 70.0
264 29.0 24.0 35.0 30.0 94.0 30.0 62.0 56.0 32.0 64.0 18.0 74.0 40.0 38.0 86.0 29.0 34.0 23.0 20.0 18.0 44.0 26.0 24.0 22.0 47.0 39.0 18.0 27.0 53.0 35.0 47.0 58.0
267 42.0 29.0 15.0 36.0 64.0 30.0 57.0 50.0 30.0 47.0 20.0 51.0 39.0 36.0 38.0 24.0 27.0 36.0 19.0 21.0 38.0 21.0 24.0 19.0 35.0 39.0 27.0 27.0 42.0 33.0 42.0 40.0
270 40.0 17.0 15.0 29.0 49.0 41.0 36.0 48.0 32.0 46.0 21.0 55.0 40.0 28.0 52.0 24.0 24.0 17.0 19.0 19.0 50.0 23.0 21.0 18.0 37.0 58.0 17.0 24.0 41.0 33.0 43.0 40.0
273 25.0 20.0 27.0 32.0 55.0 37.0 40.0 39.0 27.0 43.0 19.0 32.0 25.0 39.0 37.0 22.0 27.0 32.0 17.0 12.0 44.0 22.0 20.0 26.0 34.0 47.0 19.0 35.0 34.0 15.0 46.0 34.0
276 34.0 21.0 22.0 35.0 41.0 34.0 30.0 47.0 19.0 41.0 13.0 43.0 38.0 23.0 36.0 22.0 24.0 17.0 10.0 10.0 29.0 27.0 24.0 16.0 43.0 36.0 17.0 17.0 36.0 28.0 40.0 37.0
279 35.0 16.0 14.0 23.0 33.0 25.0 31.0 40.0 18.0 33.0 11.0 41.0 24.0 29.0 44.0 13.0 24.0 25.0 7.0 7.0 31.0 17.0 15.0 11.0 27.0 36.0 10.0 26.0 35.0 16.0 31.0 29.0
282 40.0 19.0 13.0 29.0 30.0 18.0 34.0 40.0 23.0 31.0 6.0 45.0 20.0 21.0 41.0 16.0 18.0 23.0 4.0 3.0 26.0 11.0 13.0 15.0 25.0 25.0 7.0 12.0 24.0 15.0 28.0 40.0
285 34.0 9.0 10.0 16.0 37.0 24.0 29.0 37.0 10.0 23.0 4.0 43.0 20.0 16.0 36.0 11.0 11.0 12.0 3.0 2.0 20.0 6.0 6.0 5.0 14.0 28.0 3.0 11.0 23.0 26.0 24.0 36.0
288 19.0 8.0 14.0 17.0 28.0 13.0 13.0 33.0 9.0 25.0 5.0 21.0 14.0 6.0 33.0 4.0 8.0 9.0 2.0 3.0 27.0 5.0 8.0 2.0 18.0 13.0 1.0 6.0 18.0 18.0 22.0 27.0
291 10.0 5.0 4.0 9.0 29.0 8.0 19.0 27.0 4.0 23.0 1.0 18.0 20.0 7.0 20.0 0.0 10.0 7.0 2.0 1.0 23.0 1.0 2.0 0.0 8.0 19.0 1.0 1.0 11.0 11.0 16.0 17.0
294 9.0 2.0 3.0 6.0 21.0 2.0 12.0 15.0 2.0 21.0 2.0 26.0 11.0 5.0 15.0 1.0 1.0 2.0 0.0 0.0 9.0 1.0 0.0 4.0 4.0 14.0 2.0 1.0 3.0 13.0 8.0 13.0
297 3.0 2.0 0.0 1.0 17.0 1.0 4.0 11.0 1.0 5.0 1.0 18.0 3.0 2.0 16.0 2.0 3.0 1.0 0.0 2.0 10.0 0.0 1.0 2.0 3.0 6.0 1.0 2.0 5.0 2.0 3.0 14.0
300 0.0 1.0 2.0 0.0 13.0 2.0 2.0 3.0 2.0 6.0 3.0 10.0 4.0 1.0 15.0 1.0 3.0 0.0 1.0 0.0 2.0 0.0 0.0 1.0 1.0 5.0 0.0 2.0 3.0 7.0 0.0 4.0
303 0.0 0.0 0.0 2.0 7.0 1.0 1.0 1.0 3.0 6.0 1.0 3.0 0.0 1.0 7.0 3.0 0.0 1.0 1.0 1.0 2.0 1.0 0.0 2.0 0.0 3.0 1.0 0.0 0.0 4.0 2.0 2.0
306 2.0 1.0 1.0 1.0 6.0 0.0 1.0 2.0 1.0 3.0 0.0 2.0 0.0 2.0 1.0 1.0 0.0 0.0 0.0 0.0 1.0 1.0 0.0 0.0 1.0 1.0 0.0 0.0 4.0 0.0 1.0 0.0
309 0.0 3.0 1.0 1.0 3.0 0.0 1.0 3.0 1.0 2.0 0.0 2.0 1.0 0.0 1.0 1.0 0.0 0.0 0.0 1.0 5.0 1.0 1.0 0.0 1.0 3.0 0.0 0.0 3.0 2.0 1.0 2.0
312 1.0 2.0 0.0 3.0 3.0 0.0 0.0 1.0 0.0 3.0 0.0 2.0 3.0 1.0 0.0 0.0 0.0 1.0 1.0 1.0 0.0 1.0 1.0 0.0 2.0 1.0 0.0 0.0 1.0 1.0 0.0 4.0
315 1.0 3.0 0.0 0.0 1.0 1.0 2.0 3.0 0.0 1.0 0.0 1.0 2.0 1.0 2.0 1.0 0.0 2.0 2.0 2.0 1.0 1.0 0.0 0.0 2.0 1.0 0.0 1.0 1.0 1.0 0.0 0.0
318 0.0 0.0 1.0 1.0 0.0 0.0 1.0 0.0 1.0 2.0 0.0 2.0 0.0 1.0 3.0 1.0 0.0 1.0 1.0 0.0 2.0 2.0 0.0 1.0 0.0 2.0 1.0 0.0 1.0 0.0 2.0 3.0
321 1.0 0.0 0.0 0.0 1.0 2.0 4.0 1.0 0.0 1.0 1.0 0.0 1.0 0.0 1.0 0.0 1.0 0.0 0.0 0.0 2.0 1.0 1.0 0.0 0.0 3.0 1.0 0.0 0.0 0.0 1.0 1.0
324 1.0 0.0 0.0 0.0 0.0 0.0 0.0 2.0 0.0 0.0 0.0 1.0 0.0 0.0 2.0 0.0 2.0 2.0 0.0 0.0 1.0 0.0 0.0 3.0 1.0 0.0 0.0 0.0 2.0 2.0 1.0 1.0
327 2.0 0.0 0.0 1.0 2.0 0.0 1.0 0.0 1.0 1.0 0.0 0.0 2.0 0.0 1.0 0.0 1.0 0.0 0.0 0.0 2.0 0.0 1.0 1.0 0.0 2.0 0.0 0.0 1.0 0.0 0.0 0.0
330 3.0 1.0 0.0 0.0 1.0 1.0 2.0 0.0 0.0 0.0 2.0 0.0 0.0 0.0 3.0 0.0 0.0 1.0 1.0 0.0 1.0 1.0 0.0 0.0 0.0 1.0 0.0 1.0 0.0 1.0 1.0 2.0
333 3.0 1.0 0.0 1.0 1.0 2.0 0.0 2.0 0.0 0.0 1.0 1.0 1.0 0.0 0.0 1.0 0.0 1.0 1.0 0.0 1.0 1.0 0.0 0.0 0.0 1.0 0.0 1.0 0.0 2.0 0.0 0.0
336 0.0 0.0 0.0 0.0 2.0 0.0 1.0 1.0 0.0 2.0 0.0 0.0 0.0 0.0 2.0 1.0 0.0 1.0 0.0 0.0 0.0 0.0 0.0 0.0 0.0 1.0 0.0 0.0 0.0 0.0 1.0 2.0
339 1.0 0.0 1.0 1.0 1.0 1.0 0.0 0.0 0.0 0.0 0.0 2.0 0.0 0.0 0.0 0.0 1.0 1.0 0.0 0.0 2.0 1.0 1.0 0.0 1.0 0.0 0.0 1.0 1.0 1.0 0.0 0.0
342 0.0 0.0 0.0 0.0 2.0 0.0 1.0 1.0 0.0 0.0 0.0 2.0 2.0 0.0 1.0 0.0 1.0 0.0 1.0 0.0 2.0 0.0 0.0 2.0 0.0 0.0 2.0 1.0 0.0 0.0 0.0 0.0
345 0.0 0.0 0.0 1.0 1.0 0.0 0.0 0.0 0.0 1.0 1.0 1.0 1.0 0.0 0.0 0.0 2.0 1.0 1.0 0.0 0.0 2.0 1.0 1.0 0.0 0.0 1.0 0.0 1.0 0.0 1.0 0.0
348 1.0 1.0 2.0 0.0 2.0 2.0 1.0 0.0 0.0 0.0 0.0 0.0 0.0 2.0 1.0 2.0 2.0 0.0 2.0 0.0 1.0 1.0 0.0 1.0 1.0 1.0 1.0 0.0 3.0 0.0 1.0 1.0
351 0.0 0.0 0.0 1.0 0.0 0.0 1.0 1.0 0.0 0.0 0.0 0.0 0.0 0.0 1.0 0.0 0.0 1.0 1.0 1.0 0.0 0.0 0.0 0.0 0.0 0.0 1.0 2.0 0.0 0.0 1.0 1.0
354 2.0 1.0 2.0 0.0 1.0 0.0 1.0 0.0 1.0 2.0 0.0 2.0 0.0 0.0 1.0 2.0 0.0 2.0 0.0 0.0 0.0 1.0 2.0 0.0 0.0 0.0 0.0 0.0 0.0 0.0 1.0 1.0
357 1.0 0.0 0.0 2.0 0.0 1.0 0.0 0.0 0.0 1.0 0.0 1.0 0.0 0.0 0.0 0.0 1.0 2.0 0.0 2.0 1.0 1.0 1.0 1.0 0.0 0.0 0.0 1.0 0.0 2.0 1.0 0.0
