150 2544004.0 2580261.0 2553877.0 2600142.0 2547652.0 2542412.0 2536553.0 2572110.0 2534019.0 2564967.0 2566629.0 2556321.0 2555972.0 2535660.0 2541095.0 2549522.0 2556264.0 2544706.0 2570342.0 2561943.0 2547623.0 2549249.0 2539574.0 2556067.0 2534228.0 2556424.0 2545404.0 2583678.0 2534199.0 2547691.0 2566400.0 2558513.0
153 17683130.0 17694342.0 17685338.0 17665357.0 17686826.0 17663259.0 17675033.0 17663680.0 17675675.0 17657921.0 17678810.0 17662205.0 17675865.0 17679026.0 17678011.0 17663024.0 17676916.0 17677123.0 17675311.0 17676788.0 17662081.0 17676305.0 17661207.0 17673297.0 17660597.0 17677245.0 17659362.0 17677385.0 17660532.0 17676784.0 17681357.0 17682669.0
156 17950239.0 17957533.0 17950979.0 17933775.0 17952467.0 17933679.0 17942215.0 17932928.0 17942304.0 17930195.0 17944035.0 17932609.0 17941569.0 17943923.0 17942762.0 17932880.0 17940997.0 17941142.0 17939805.0 17940763.0 17932545.0 17940743.0 17932560.0 17938682.0 17932310.0 17940703.0 17931261.0 17940751.0 17932396.0 17940699.0 17942751.0 17943379.0
159 18126592.0 18128644.0 18123586.0 18108830.0 18125503.0 18108287.0 18118734.0 18107694.0 18119511.0 18106247.0 18120782.0 18107885.0 18118740.0 18120951.0 18120194.0 18108199.0 18118201.0 18118350.0 18116835.0 18118305.0 18107617.0 18117832.0 18107797.0 18115405.0 18107578.0 18118513.0 18106684.0 18117527.0 18107582.0 18118507.0 18120090.0 18120010.0
162 18325174.0 18321022.0 18318275.0 18311901.0 18321568.0 18308042.0 18318731.0 18308225.0 18321676.0 18306342.0 18321143.0 18307613.0 18320777.0 18325286.0 18324513.0 18307240.0 18320659.0 18322933.0 18319627.0 18321226.0 18307101.0 18322033.0 18307100.0 18318677.0 18306977.0 18321636.0 18306522.0 18318647.0 18306977.0 18322133.0 18319760.0 18317890.0
165 18441705.0 18440783.0 18438271.0 18429635.0 18439255.0 18429065.0 18434722.0 18429102.0 18435339.0 18428707.0 18436426.0 18428980.0 18434681.0 18435746.0 18434994.0 18428895.0 18433854.0 18434021.0 18433592.0 18434740.0 18428767.0 18434158.0 18428753.0 18432821.0 18428639.0 18434409.0 18428336.0 18433762.0 18428600.0 18433876.0 18434741.0 18434114.0
168 18597284.0 18583919.0 18585733.0 18590046.0 18592016.0 18582599.0 18595559.0 18583120.0 18603156.0 18581279.0 18597485.0 18581930.0 18600217.0 18608461.0 18606705.0 18581741.0 18597792.0 18601329.0 18595225.0 18598745.0 18581613.0 18598317.0 18581516.0 18593798.0 18581462.0 18594648.0 18581203.0 18590228.0 18581419.0 18591444.0 18588636.0 18585050.0
171 18595837.0 18591450.0 18591229.0 18591548.0 18590853.0 18588579.0 18588981.0 18590910.0 18590099.0 18587775.0 18589749.0 18588147.0 18588228.0 18590802.0 18590132.0 18586253.0 18587605.0 18588838.0 18586538.0 18587237.0 18585090.0 18586887.0 18584092.0 18585971.0 18583942.0 18585826.0 18583381.0 18585062.0 18583542.0 18585337.0 18585295.0 18584791.0
174 18555979.0 18583709.0 18577117.0 18524077.0 18580237.0 18526307.0 18563388.0 18526862.0 18553869.0 18529573.0 18547290.0 18529692.0 18543968.0 18552097.0 18546395.0 18532963.0 18540104.0 18543684.0 18540439.0 18537239.0 18526575.0 18540784.0 18526752.0 18536222.0 18526368.0 18537863.0 18520389.0 18534308.0 18523374.0 18540321.0 18539838.0 18540169.0
177 14585847.0 14910812.0 14809599.0 13594596.0 14996403.0 13771888.0 14913056.0 13680814.0 14674074.0 13841692.0 14384288.0 13812273.0 14500231.0 14732904.0 14638599.0 14013531.0 14385986.0 14588249.0 14483456.0 14265824.0 13827667.0 14550718.0 13928358.0 14424921.0 13975235.0 14456862.0 13685208.0 14306476.0 13915619.0 14702714.0 14541293.0 14561167.0
180 9739579.0 9549460.0 9557891.0 9184167.0 9717113.0 9453709.0 9754647.0 9379960.0 9656079.0 9584014.0 9413492.0 9527648.0 9552159.0 9749724.0 9701638.0 9731918.0 9467562.0 9675493.0 9566501.0 9354538.0 9538631.0 9609756.0 9702270.0 9539290.0 9773797.0 9511307.0 9447971.0 9339008.0 9713614.0 9713785.0 9529119.0 9495704.0
183 8355032.0 7934860.0 7946651.0 7683924.0 8112277.0 7975305.0 8171637.0 7896983.0 8067635.0 8134717.0 7811389.0 8055752.0 7976736.0 8168252.0 8126588.0 8291868.0 7882402.0 8101522.0 8002300.0 7749206.0 8059211.0 8030417.0 8262923.0 7973558.0 8332798.0 7919115.0 7966903.0 7728957.0 8281190.0 8130422.0 7917137.0 7864472.0
186 1132114.0 1128991.0 1121090.0 945779.0 1184552.0 1008212.0 1215863.0 990273.0 1129095.0 1115111.0 1013608.0 1078684.0 1091002.0 1169029.0 1153097.0 1132705.0 1026028.0 1125614.0 1105704.0 991798.0 1033808.0 1094574.0 1103935.0 1128104.0 1120238.0 1065077.0 996735.0 1002913.0 1082301.0 1165705.0 1052200.0 1015207.0
189 171431.0 160649.0 163424.0 186773.0 170029.0 158248.0 178542.0 168888.0 165813.0 200084.0 165962.0 195051.0 169437.0 157067.0 160480.0 173579.0 156067.0 172831.0 180699.0 192524.0 160283.0 172468.0 161823.0 224845.0 167993.0 170374.0 173615.0 184194.0 155984.0 182138.0 158714.0 147193.0
192 170268.0 157371.0 159188.0 186198.0 161892.0 154670.0 165846.0 167170.0 159360.0 190270.0 165557.0 186589.0 167103.0 148989.0 154850.0 168697.0 155112.0 168565.0 177280.0 191223.0 156574.0 168790.0 154542.0 220384.0 161678.0 167971.0 170729.0 183620.0 148818.0 176389.0 155672.0 144603.0
195 167749.0 155957.0 157909.0 184590.0 155931.0 150282.0 165142.0 165712.0 158745.0 189569.0 163738.0 187124.0 166651.0 148049.0 152529.0 166311.0 151016.0 165406.0 176642.0 188618.0 154778.0 167926.0 152373.0 218375.0 162633.0 165619.0 170552.0 180585.0 146846.0 173752.0 153830.0 141512.0
198 160361.0 153672.0 153710.0 179474.0 149788.0 136462.0 164109.0 162175.0 156597.0 188014.0 158600.0 182581.0 163513.0 143464.0 143142.0 163443.0 134324.0 158809.0 175453.0 179039.0 151776.0 164003.0 147169.0 211594.0 155516.0 157985.0 166481.0 176327.0 140273.0 168446.0 147713.0 127680.0
201 131125.0 145565.0 136415.0 160111.0 123535.0 91039.0 157743.0 151086.0 136537.0 185271.0 138763.0 160057.0 154611.0 124425.0 110235.0 147272.0 86575.0 131147.0 172044.0 140110.0 136841.0 148777.0 127857.0 187266.0 140143.0 130021.0 153669.0 156189.0 116714.0 145277.0 121628.0 86373.0
204 71863.0 116239.0 91971.0 105819.0 67807.0 36169.0 133591.0 113915.0 88728.0 172823.0 89161.0 105388.0 122646.0 79551.0 53575.0 103714.0 32351.0 71817.0 157560.0 72039.0 95265.0 104573.0 81289.0 123718.0 96164.0 79034.0 113294.0 105012.0 67397.0 89840.0 69828.0 36427.0
207 20503.0 59390.0 34404.0 37217.0 16978.0 8079.0 75733.0 51914.0 31473.0 128170.0 30691.0 38322.0 63943.0 27029.0 13248.0 42337.0 7328.0 19724.0 113050.0 19132.0 37960.0 41738.0 28703.0 44778.0 35886.0 26797.0 50015.0 38947.0 20509.0 29087.0 20381.0 8571.0
210 5567.0 16127.0 7948.0 8688.0 4685.0 3612.0 21886.0 13445.0 7348.0 58364.0 7248.0 9521.0 17575.0 6448.0 4133.0 10462.0 3546.0 5215.0 48707.0 5745.0 8866.0 9938.0 6976.0 10769.0 8149.0 6666.0 12233.0 9217.0 5096.0 6980.0 5291.0 3568.0
213 3736.0 4896.0 3765.0 4547.0 3157.0 2826.0 5901.0 4833.0 3786.0 16276.0 3920.0 4663.0 5411.0 3359.0 3093.0 4273.0 2820.0 3623.0 13430.0 4217.0 3938.0 4361.0 3547.0 5236.0 3890.0 3823.0 4781.0 4525.0 3168.0 3987.0 3438.0 2701.0
216 3047.0 3312.0 2981.0 3770.0 2630.0 2221.0 3782.0 3710.0 3018.0 5623.0 3331.0 3794.0 3790.0 2674.0 2526.0 3448.0 2281.0 2927.0 4977.0 3466.0 3130.0 3496.0 2918.0 4196.0 3165.0 3125.0 3547.0 3704.0 2674.0 3333.0 2709.0 2102.0
219 2463.0 2779.0 2544.0 3114.0 2006.0 1728.0 3255.0 2949.0 2501.0 4257.0 2653.0 2978.0 3119.0 2173.0 1844.0 2740.0 1767.0 2268.0 3822.0 2761.0 2517.0 2746.0 2366.0 3352.0 2460.0 2391.0 2960.0 2937.0 2038.0 2554.0 2219.0 1758.0
222 2119.0 2240.0 2005.0 2553.0 1710.0 1443.0 2577.0 2449.0 1985.0 3664.0 2155.0 2277.0 2534.0 1776.0 1643.0 2264.0 1564.0 1890.0 3295.0 2301.0 2090.0 2399.0 1844.0 2811.0 2086.0 2042.0 2490.0 2537.0 1740.0 2070.0 1873.0 1488.0
225 1847.0 1895.0 1785.0 2222.0 1446.0 1352.0 2212.0 2080.0 1705.0 3143.0 1970.0 2109.0 2113.0 1534.0 1486.0 1858.0 1360.0 1647.0 2760.0 2240.0 1743.0 2105.0 1694.0 2451.0 1824.0 1881.0 2112.0 2220.0 1583.0 1864.0 1661.0 1350.0
228 1773.0 1711.0 1478.0 2085.0 1346.0 1215.0 1922.0 1874.0 1632.0 2628.0 1872.0 1947.0 1987.0 1496.0 1382.0 1824.0 1362.0 1631.0 2436.0 1985.0 1684.0 1921.0 1561.0 2277.0 1752.0 1682.0 1989.0 2043.0 1430.0 1759.0 1526.0 1257.0
231 1760.0 1635.0 1516.0 2014.0 1313.0 1133.0 1914.0 1862.0 1585.0 2496.0 1735.0 1959.0 1879.0 1367.0 1210.0 1686.0 1285.0 1492.0 2328.0 2001.0 1540.0 1909.0 1480.0 2091.0 1598.0 1674.0 1882.0 1926.0 1367.0 1646.0 1575.0 1263.0
234 1570.0 1566.0 1404.0 1924.0 1172.0 875.0 1783.0 1737.0 1429.0 2402.0 1647.0 1650.0 1775.0 1250.0 1110.0 1603.0 944.0 1322.0 2250.0 1753.0 1500.0 1807.0 1320.0 1973.0 1529.0 1532.0 1859.0 1846.0 1188.0 1523.0 1359.0 876.0
237 1314.0 1390.0 1263.0 1693.0 918.0 563.0 1619.0 1741.0 1271.0 2208.0 1546.0 1420.0 1695.0 1141.0 823.0 1449.0 653.0 1166.0 2042.0 1464.0 1346.0 1616.0 1173.0 1737.0 1390.0 1228.0 1618.0 1657.0 866.0 1286.0 1123.0 633.0
240 892.0 1315.0 947.0 1408.0 617.0 238.0 1450.0 1490.0 889.0 2044.0 1170.0 1182.0 1503.0 746.0 459.0 1166.0 254.0 660.0 1955.0 891.0 1155.0 1352.0 812.0 1331.0 976.0 860.0 1362.0 1428.0 614.0 924.0 732.0 248.0
243 375.0 1002.0 567.0 839.0 301.0 85.0 1207.0 1111.0 526.0 2045.0 712.0 741.0 1174.0 374.0 152.0 710.0 68.0 263.0 1813.0 423.0 685.0 874.0 443.0 719.0 554.0 449.0 973.0 877.0 280.0 442.0 359.0 87.0
246 146.0 631.0 236.0 397.0 84.0 30.0 747.0 659.0 197.0 1582.0 342.0 308.0 784.0 158.0 53.0 386.0 34.0 104.0 1473.0 137.0 309.0 372.0 183.0 316.0 187.0 190.0 500.0 422.0 96.0 168.0 106.0 41.0
249 72.0 309.0 84.0 143.0 46.0 31.0 303.0 283.0 67.0 1227.0 102.0 126.0 300.0 53.0 25.0 124.0 28.0 52.0 961.0 49.0 92.0 137.0 57.0 119.0 69.0 70.0 169.0 154.0 33.0 64.0 55.0 28.0
252 40.0 101.0 44.0 45.0 41.0 27.0 84.0 100.0 33.0 659.0 45.0 53.0 118.0 32.0 23.0 58.0 20.0 41.0 569.0 56.0 46.0 43.0 41.0 61.0 33.0 41.0 84.0 65.0 25.0 36.0 29.0 16.0
255 31.0 55.0 32.0 46.0 28.0 30.0 59.0 57.0 37.0 215.0 39.0 56.0 60.0 40.0 13.0 36.0 20.0 25.0 222.0 47.0 31.0 39.0 30.0 48.0 38.0 38.0 39.0 32.0 29.0 45.0 25.0 29.0
258 36.0 42.0 26.0 35.0 19.0 18.0 37.0 50.0 39.0 152.0 40.0 42.0 47.0 22.0 23.0 40.0 22.0 26.0 153.0 37.0 29.0 50.0 27.0 42.0 22.0 30.0 46.0 38.0 23.0 22.0 31.0 25.0
261 31.0 20.0 25.0 35.0 16.0 16.0 41.0 44.0 38.0 75.0 24.0 22.0 40.0 18.0 19.0 35.0 18.0 30.0 74.0 34.0 32.0 44.0 24.0 40.0 30.0 24.0 46.0 37.0 19.0 30.0 16.0 13.0
264 36.0 37.0 22.0 30.0 20.0 17.0 34.0 40.0 23.0 71.0 39.0 22.0 45.0 15.0 15.0 32.0 15.0 24.0 68.0 35.0 24.0 41.0 18.0 30.0 22.0 22.0 36.0 29.0 29.0 25.0 30.0 15.0
267 29.0 25.0 19.0 30.0 14.0 14.0 21.0 31.0 19.0 43.0 29.0 28.0 37.0 21.0 15.0 29.0 14.0 16.0 51.0 26.0 25.0 36.0 20.0 19.0 25.0 18.0 28.0 24.0 21.0 21.0 24.0 9.0
270 26.0 16.0 21.0 26.0 10.0 4.0 36.0 23.0 17.0 45.0 26.0 28.0 33.0 14.0 9.0 20.0 24.0 20.0 43.0 24.0 27.0 37.0 20.0 21.0 19.0 25.0 22.0 26.0 8.0 29.0 24.0 8.0
273 21.0 36.0 17.0 30.0 11.0 7.0 31.0 32.0 13.0 47.0 26.0 21.0 33.0 20.0 10.0 27.0 9.0 16.0 40.0 24.0 14.0 31.0 16.0 30.0 21.0 18.0 28.0 34.0 14.0 20.0 17.0 10.0
276 13.0 25.0 11.0 22.0 6.0 0.0 26.0 25.0 14.0 41.0 10.0 19.0 19.0 8.0 8.0 21.0 5.0 13.0 40.0 23.0 15.0 15.0 13.0 11.0 12.0 8.0 22.0 19.0 5.0 5.0 11.0 3.0
279 4.0 21.0 9.0 24.0 5.0 1.0 23.0 22.0 8.0 27.0 20.0 15.0 16.0 9.0 5.0 13.0 2.0 7.0 38.0 9.0 13.0 13.0 11.0 13.0 9.0 9.0 20.0 30.0 5.0 14.0 7.0 1.0
282 4.0 8.0 5.0 12.0 3.0 4.0 13.0 12.0 5.0 29.0 12.0 13.0 18.0 3.0 2.0 10.0 0.0 3.0 26.0 8.0 7.0 16.0 8.0 9.0 5.0 6.0 12.0 13.0 4.0 9.0 3.0 1.0
285 1.0 18.0 3.0 5.0 0.0 1.0 17.0 11.0 0.0 39.0 4.0 5.0 12.0 0.0 0.0 5.0 1.0 0.0 20.0 0.0 6.0 9.0 5.0 7.0 3.0 5.0 13.0 11.0 1.0 2.0 2.0 2.0
288 3.0 3.0 1.0 5.0 2.0 1.0 7.0 12.0 1.0 23.0 3.0 0.0 12.0 2.0 0.0 3.0 0.0 2.0 25.0 0.0 1.0 4.0 1.0 2.0 1.0 1.0 7.0 3.0 3.0 1.0 0.0 0.0
291 0.0 4.0 2.0 3.0 0.0 0.0 3.0 4.0 1.0 20.0 4.0 2.0 8.0 0.0 1.0 4.0 1.0 2.0 12.0 0.0 0.0 3.0 0.0 2.0 2.0 3.0 1.0 1.0 0.0 2.0 2.0 0.0
294 2.0 2.0 0.0 2.0 0.0 1.0 0.0 0.0 0.0 11.0 0.0 1.0 3.0 0.0 0.0 1.0 2.0 2.0 11.0 0.0 0.0 3.0 0.0 0.0 0.0 1.0 0.0 0.0 0.0 0.0 0.0 0.0
297 1.0 0.0 0.0 0.0 1.0 0.0 3.0 1.0 1.0 8.0 2.0 1.0 1.0 0.0 0.0 0.0 1.0 1.0 3.0 0.0 1.0 1.0 2.0 0.0 0.0 2.0 2.0 1.0 0.0 0.0 0.0 0.0
300 1.0 0.0 1.0 0.0 0.0 0.0 0.0 0.0 0.0 1.0 0.0 0.0 0.0 2.0 0.0 0.0 1.0 1.0 2.0 0.0 1.0 1.0 0.0 1.0 0.0 0.0 0.0 1.0 0.0 0.0 0.0 0.0
303 0.0 0.0 0.0 1.0 0.0 0.0 2.0 1.0 0.0 2.0 3.0 0.0 1.0 0.0 1.0 2.0 0.0 0.0 3.0 0.0 1.0 3.0 2.0 1.0 1.0 1.0 1.0 1.0 0.0 1.0 1.0 0.0
306 1.0 1.0 0.0 0.0 1.0 0.0 0.0 2.0 0.0 1.0 0.0 1.0 0.0 1.0 0.0 1.0 0.0 0.0 0.0 0.0 0.0 1.0 0.0 0.0 0.0 1.0 0.0 0.0 1.0 0.0 1.0 0.0
309 1.0 0.0 0.0 1.0 0.0 2.0 0.0 1.0 0.0 1.0 0.0 1.0 0.0 1.0 1.0 3.0 0.0 0.0 3.0 1.0 0.0 0.0 0.0 1.0 1.0 3.0 1.0 2.0 0.0 0.0 0.0 0.0
312 0.0 2.0 2.0 0.0 0.0 1.0 1.0 0.0 0.0 1.0 1.0 1.0 0.0 0.0 1.0 1.0 1.0 0.0 2.0 0.0 0.0 0.0 1.0 2.0 0.0 0.0 0.0 0.0 1.0 1.0 0.0 0.0
315 0.0 1.0 1.0 1.0 1.0 1.0 0.0 1.0 0.0 0.0 1.0 0.0 0.0 0.0 1.0 2.0 0.0 1.0 1.0 0.0 1.0 1.0 1.0 0.0 0.0 0.0 1.0 1.0 0.0 0.0 0.0 0.0
318 0.0 2.0 0.0 0.0 1.0 0.0 1.0 0.0 1.0 0.0 0.0 2.0 0.0 1.0 0.0 0.0 0.0 0.0 1.0 0.0 0.0 2.0 0.0 0.0 0.0 1.0 0.0 1.0 0.0 0.0 2.0 1.0
321 0.0 2.0 1.0 0.0 0.0 0.0 0.0 0.0 0.0 2.0 1.0 0.0 0.0 1.0 0.0 0.0 1.0 0.0 0.0 1.0 0.0 2.0 1.0 0.0 1.0 3.0 0.0 0.0 0.0 0.0 0.0 1.0
324 0.0 0.0 0.0 0.0 0.0 0.0 2.0 0.0 0.0 1.0 0.0 0.0 0.0 0.0 0.0 0.0 0.0 0.0 0.0 0.0 0.0 0.0 0.0 1.0 0.0 0.0 1.0 0.0 0.0 0.0 0.0 0.0
327 0.0 1.0 1.0 0.0 0.0 0.0 1.0 1.0 1.0 1.0 1.0 0.0 0.0 1.0 0.0 0.0 0.0 0.0 1.0 0.0 1.0 1.0 0.0 0.0 0.0 0.0 1.0 0.0 0.0 0.0 0.0 0.0
330 1.0 0.0 0.0 0.0 0.0 0.0 0.0 0.0 1.0 0.0 0.0 0.0 0.0 0.0 0.0 0.0 0.0 0.0 1.0 0.0 0.0 0.0 0.0 0.0 0.0 0.0 0.0 0.0 0.0 0.0 0.0 0.0
333 0.0 1.0 0.0 0.0 0.0 0.0 0.0 0.0 0.0 0.0 0.0 0.0 0.0 1.0 0.0 2.0 0.0 0.0 1.0 0.0 0.0 1.0 0.0 0.0 0.0 1.0 0.0 0.0 0.0 0.0 0.0 0.0
336 1.0 0.0 0.0 0.0 0.0 0.0 1.0 0.0 0.0 0.0 0.0 0.0 0.0 0.0 0.0 0.0 0.0 0.0 0.0 0.0 0.0 0.0 0.0 0.0 1.0 0.0 0.0 0.0 0.0 0.0 0.0 0.0
339 1.0 0.0 0.0 0.0 0.0 0.0 0.0 0.0 1.0 0.0 1.0 0.0 2.0 0.0 0.0 0.0 0.0 1.0 0.0 0.0 0.0 0.0 1.0 0.0 1.0 0.0 0.0 1.0 0.0 0.0 1.0 0.0
342 0.0 0.0 0.0 0.0 0.0 1.0 0.0 0.0 2.0 1.0 0.0 0.0 0.0 0.0 1.0 0.0 0.0 1.0 1.0 0.0 0.0 0.0 1.0 0.0 0.0 0.0 0.0 0.0 1.0 0.0 0.0 0.0
345 0.0 0.0 0.0 0.0 1.0 0.0 0.0 0.0 0.0 1.0 0.0 0.0 1.0 1.0 1.0 0.0 0.0 0.0 1.0 0.0 0.0 0.0 1.0 2.0 0.0 0.0 0.0 0.0 0.0 0.0 0.0 0.0
348 0.0 0.0 1.0 0.0 0.0 1.0 0.0 0.0 0.0 0.0 1.0 0.0 0.0 0.0 1.0 2.0 0.0 2.0 0.0 1.0 0.0 0.0 1.0 0.0 1.0 0.0 0.0 0.0 0.0 0.0 1.0 1.0
351 0.0 0.0 0.0 0.0 0.0 0.0 0.0 1.0 1.0 0.0 1.0 0.0 0.0 0.0 0.0 0.0 0.0 0.0 0.0 0.0 0.0 0.0 0.0 1.0 0.0 0.0 0.0 1.0 0.0 0.0 0.0 0.0
354 1.0 0.0 0.0 0.0 0.0 0.0 2.0 1.0 1.0 1.0 1.0 0.0 0.0 0.0 3.0 2.0 0.0 0.0 0.0 0.0 1.0 0.0 1.0 0.0 0.0 0.0 0.0 0.0 0.0 0.0 1.0 2.0
357 0.0 0.0 0.0 0.0 0.0 0.0 0.0 0.0 0.0 0.0 0.0 1.0 0.0 0.0 0.0 1.0 0.0 0.0 0.0 0.0 1.0 1.0 0.0 0.0 0.0 0.0 0.0 0.0 0.0 0.0 0.0 0.0
