150 10450.0 7069.0 7833.0 10512.0 12156.0 7763.0 8606.0 11407.0 7659.0 13269.0 6970.0 9172.0 11241.0 8866.0 13855.0 9431.0 10574.0 5101.0 12329.0 13219.0 6419.0 9970.0 9892.0 10787.0 8945.0 10356.0 7467.0 6750.0 7589.0 9226.0 11386.0 7916.0
153 16144463.0 16136124.0 16143437.0 16119255.0 16132839.0 16110170.0 16124298.0 16116801.0 16122795.0 16116418.0 16124122.0 16114513.0 16128186.0 16129163.0 16126808.0 16101193.0 16128214.0 16124711.0 16127872.0 16126641.0 16117010.0 16128851.0 16096083.0 16122730.0 16103514.0 16124169.0 16111511.0 16111765.0 16106538.0 16119652.0 16128988.0 16120623.0
156 17664790.0 17661606.0 17662382.0 17653980.0 17658598.0 17652544.0 17657283.0 17651830.0 17656941.0 17649933.0 17657749.0 17652171.0 17657851.0 17657660.0 17656044.0 17645045.0 17658707.0 17657552.0 17657429.0 17656835.0 17654339.0 17657991.0 17645296.0 17656337.0 17648794.0 17657319.0 17652070.0 17655131.0 17650873.0 17655413.0 17658412.0 17657539.0
159 17887741.0 17883589.0 17884500.0 17870492.0 17877952.0 17868996.0 17874837.0 17868444.0 17874504.0 17867469.0 17874931.0 17869148.0 17875800.0 17875965.0 17873842.0 17866303.0 17876076.0 17874417.0 17874451.0 17873061.0 17869945.0 17874353.0 17865095.0 17872678.0 17866660.0 17873943.0 17868222.0 17872449.0 17867709.0 17872885.0 17874907.0 17874373.0
162 18225579.0 18226115.0 18225679.0 18209128.0 18218559.0 18206014.0 18215797.0 18204845.0 18216592.0 18203162.0 18217334.0 18207556.0 18219516.0 18219777.0 18213609.0 18203132.0 18218985.0 18216354.0 18214940.0 18211567.0 18207331.0 18215411.0 18199156.0 18211632.0 18201638.0 18213049.0 18203706.0 18211372.0 18202973.0 18211651.0 18213927.0 18212856.0
165 18576686.0 18574139.0 18574930.0 18561129.0 18569132.0 18557945.0 18565318.0 18557691.0 18565736.0 18556577.0 18565920.0 18558643.0 18567165.0 18568037.0 18564877.0 18555729.0 18567559.0 18566456.0 18565878.0 18563629.0 18558330.0 18565915.0 18553530.0 18563522.0 18555172.0 18564221.0 18556242.0 18563640.0 18555793.0 18563736.0 18565405.0 18564338.0
168 18778626.0 18778735.0 18778407.0 18776698.0 18778364.0 18771179.0 18780000.0 18772306.0 18780755.0 18771099.0 18781939.0 18771038.0 18783969.0 18786423.0 18783380.0 18768571.0 18785766.0 18783368.0 18784508.0 18780430.0 18770853.0 18783459.0 18767609.0 18779790.0 18768554.0 18780669.0 18769071.0 18779629.0 18768746.0 18781447.0 18782556.0 18781665.0
171 18850005.0 18849703.0 18849308.0 18850774.0 18849016.0 18848754.0 18849472.0 18849226.0 18849808.0 18849354.0 18850478.0 18849665.0 18851167.0 18852372.0 18851147.0 18848495.0 18852509.0 18851856.0 18851884.0 18850467.0 18848779.0 18851298.0 18845149.0 18850610.0 18846105.0 18850356.0 18846226.0 18851853.0 18845731.0 18851009.0 18850294.0 18850934.0
174 18750264.0 18746870.0 18738988.0 18719210.0 18733081.0 18718041.0 18729739.0 18714540.0 18727896.0 18717362.0 18728850.0 18726278.0 18728771.0 18729060.0 18728169.0 18733491.0 18730009.0 18726544.0 18727345.0 18718947.0 18721003.0 18719732.0 18715275.0 18717021.0 18718433.0 18717357.0 18713102.0 18717567.0 18713541.0 18716078.0 18716085.0 18717353.0
177 18377561.0 18351399.0 18213972.0 17828569.0 18174083.0 17816365.0 18175705.0 17742580.0 18116421.0 17745026.0 18135201.0 17828319.0 18115062.0 18112929.0 18120492.0 17968883.0 18161643.0 18122232.0 18126653.0 18050089.0 17791021.0 18044386.0 17864503.0 18038440.0 17861997.0 18057205.0 17744399.0 18100857.0 17845626.0 18068081.0 18071700.0 18147382.0
180 11789068.0 11773484.0 11628510.0 11506485.0 11627572.0 11556678.0 11684877.0 11492776.0 11636954.0 11514169.0 11665608.0 11596497.0 11654257.0 11671417.0 11708424.0 11752388.0 11745443.0 11723580.0 11715991.0 11624889.0 11554013.0 11605445.0 11681881.0 11616998.0 11672890.0 11619459.0 11477925.0 11725740.0 11627933.0 11646397.0 11642525.0 11784487.0
183 10284769.0 10280552.0 10152250.0 10130931.0 10160630.0 10226752.0 10243632.0 10141271.0 10185943.0 10175285.0 10216775.0 10267276.0 10210251.0 10232799.0 10280540.0 10438283.0 10316702.0 10289361.0 10281762.0 10173696.0 10202161.0 10141990.0 10393719.0 10157736.0 10368535.0 10149838.0 10121230.0 10282074.0 10326153.0 10185185.0 10178278.0 10348183.0
186 9473031.0 9472289.0 9365530.0 9421873.0 9387019.0 9543913.0 9490572.0 9437274.0 9425946.0 9474046.0 9458609.0 9582590.0 9457936.0 9483532.0 9536821.0 9775208.0 9564020.0 9533655.0 9526075.0 9420521.0 9484404.0 9377575.0 9718249.0 9400989.0 9676866.0 9380328.0 9399304.0 9518059.0 9641383.0 9418793.0 9411998.0 9562546.0
189 1398421.0 1390996.0 1330321.0 1363104.0 1356303.0 1389938.0 1396629.0 1356187.0 1366139.0 1375052.0 1370740.0 1408273.0 1385047.0 1393825.0 1446801.0 1498381.0 1459624.0 1411497.0 1423558.0 1391888.0 1353662.0 1359452.0 1479971.0 1380298.0 1444305.0 1367667.0 1328467.0 1428281.0 1420398.0 1388796.0 1395352.0 1439205.0
192 149411.0 138638.0 114491.0 155007.0 140707.0 134686.0 138129.0 139735.0 134123.0 147921.0 127792.0 135011.0 146474.0 133084.0 164643.0 130687.0 182481.0 123239.0 152128.0 167197.0 116934.0 137806.0 164538.0 149564.0 144390.0 139793.0 118829.0 140356.0 127064.0 135787.0 139155.0 131402.0
195 148560.0 138980.0 115233.0 155215.0 140784.0 133957.0 137991.0 139573.0 134107.0 147943.0 127391.0 134578.0 145711.0 133409.0 164138.0 130307.0 182629.0 122447.0 152275.0 167580.0 116046.0 138402.0 165728.0 150159.0 144960.0 141017.0 118570.0 141103.0 127059.0 135998.0 139359.0 130669.0
198 148728.0 138464.0 114125.0 155057.0 141321.0 133676.0 138655.0 140276.0 132970.0 148205.0 126654.0 134891.0 145682.0 132997.0 164481.0 130049.0 182157.0 121781.0 152784.0 167251.0 116236.0 137575.0 165551.0 149402.0 144281.0 140186.0 118840.0 141027.0 126394.0 135934.0 139599.0 130550.0
201 148890.0 137620.0 112959.0 153120.0 140661.0 133312.0 137839.0 139262.0 132966.0 147865.0 126550.0 134121.0 145037.0 132117.0 163886.0 130677.0 180658.0 121058.0 152098.0 166588.0 114377.0 136454.0 163281.0 148097.0 144343.0 138891.0 116935.0 140419.0 126276.0 135017.0 139055.0 130262.0
204 148062.0 136722.0 108872.0 149228.0 139991.0 131266.0 136751.0 138566.0 131723.0 147934.0 125001.0 132790.0 144865.0 131015.0 162872.0 129914.0 176416.0 115431.0 152104.0 165751.0 110258.0 135332.0 163098.0 146825.0 142548.0 138346.0 112881.0 139424.0 125163.0 134400.0 138136.0 130138.0
207 143414.0 119754.0 92272.0 129825.0 137997.0 121212.0 132490.0 135201.0 124881.0 144427.0 115282.0 126877.0 141681.0 125002.0 162222.0 128397.0 163674.0 94571.0 149970.0 157857.0 90959.0 127549.0 159754.0 141785.0 138958.0 134513.0 96335.0 131177.0 118218.0 131908.0 132475.0 126323.0
210 124333.0 79373.0 51459.0 84451.0 130028.0 91609.0 113663.0 121707.0 99096.0 135752.0 83475.0 103138.0 128714.0 104419.0 157341.0 124920.0 120716.0 52294.0 145838.0 143801.0 49506.0 99649.0 146688.0 120245.0 122657.0 116955.0 60917.0 106854.0 94038.0 122010.0 119386.0 115007.0
213 76692.0 28322.0 16080.0 33043.0 102578.0 44836.0 69663.0 83939.0 50836.0 106315.0 34913.0 55821.0 90489.0 61065.0 138939.0 112337.0 56880.0 16813.0 129052.0 102409.0 15078.0 50128.0 105080.0 70926.0 79581.0 74260.0 23881.0 59561.0 48782.0 90452.0 83119.0 84408.0
216 28704.0 6860.0 4461.0 9008.0 55605.0 13366.0 25990.0 36642.0 15278.0 55433.0 9200.0 17638.0 40056.0 22020.0 93047.0 76210.0 16825.0 4717.0 88119.0 46434.0 4172.0 14912.0 46915.0 24768.0 31624.0 28233.0 6930.0 20056.0 14728.0 44704.0 36520.0 39540.0
219 7055.0 3308.0 2642.0 4116.0 16643.0 4260.0 6609.0 9259.0 4545.0 15048.0 3419.0 4784.0 9880.0 5657.0 34667.0 27860.0 5435.0 2598.0 34477.0 11852.0 2522.0 4320.0 11769.0 6239.0 8028.0 6787.0 3117.0 5369.0 4298.0 12217.0 9552.0 10555.0
222 3971.0 2649.0 2050.0 3292.0 5476.0 3079.0 3625.0 3929.0 3069.0 5050.0 2711.0 3027.0 4339.0 3204.0 8944.0 6946.0 3882.0 2081.0 9501.0 4842.0 2065.0 3239.0 4872.0 3890.0 3933.0 3731.0 2519.0 3413.0 3002.0 4438.0 3932.0 3927.0
225 3136.0 2028.0 1585.0 2712.0 3457.0 2411.0 2859.0 3076.0 2536.0 3668.0 2167.0 2503.0 3431.0 2533.0 4412.0 3366.0 3113.0 1608.0 4301.0 3914.0 1641.0 2602.0 3785.0 2964.0 2959.0 2830.0 1990.0 2606.0 2341.0 2987.0 2933.0 2896.0
228 2618.0 1725.0 1460.0 2274.0 2984.0 2019.0 2419.0 2584.0 2161.0 3144.0 1948.0 2112.0 2845.0 2115.0 3648.0 2821.0 2746.0 1420.0 3541.0 3287.0 1410.0 2254.0 3118.0 2558.0 2625.0 2477.0 1766.0 2314.0 2011.0 2472.0 2399.0 2481.0
231 2328.0 1636.0 1383.0 2269.0 2578.0 1923.0 2116.0 2383.0 1929.0 2728.0 1831.0 1868.0 2483.0 1919.0 3104.0 2428.0 2533.0 1435.0 3110.0 2923.0 1473.0 2102.0 2736.0 2236.0 2269.0 2179.0 1655.0 2072.0 1812.0 2119.0 2119.0 2183.0
234 2213.0 1687.0 1327.0 2092.0 2383.0 1852.0 2008.0 2268.0 2002.0 2534.0 1855.0 1827.0 2385.0 1761.0 2727.0 2185.0 2306.0 1354.0 2775.0 2743.0 1328.0 2057.0 2668.0 2300.0 2150.0 2125.0 1662.0 2025.0 1843.0 2000.0 1948.0 1925.0
237 2197.0 1604.0 1340.0 2041.0 2340.0 1780.0 2026.0 2270.0 1840.0 2558.0 1685.0 1734.0 2176.0 1751.0 2504.0 2059.0 2289.0 1348.0 2745.0 2630.0 1298.0 1933.0 2602.0 2312.0 2164.0 2127.0 1543.0 1976.0 1757.0 1931.0 1953.0 1981.0
240 2121.0 1489.0 1296.0 1975.0 2333.0 1699.0 1843.0 2031.0 1780.0 2450.0 1662.0 1671.0 2168.0 1729.0 2451.0 1998.0 2208.0 1214.0 2565.0 2638.0 1285.0 1959.0 2492.0 2121.0 2059.0 2120.0 1558.0 1975.0 1717.0 1942.0 1898.0 1900.0
243 2181.0 1513.0 1139.0 1944.0 2300.0 1694.0 1919.0 2121.0 1718.0 2353.0 1568.0 1582.0 2295.0 1696.0 2464.0 1885.0 2047.0 1070.0 2478.0 2600.0 1114.0 1815.0 2517.0 2107.0 1951.0 1977.0 1539.0 1848.0 1670.0 1865.0 1850.0 1863.0
246 2043.0 1268.0 989.0 1716.0 2144.0 1495.0 1719.0 1958.0 1589.0 2305.0 1481.0 1510.0 2079.0 1563.0 2394.0 1918.0 1960.0 878.0 2480.0 2499.0 946.0 1695.0 2288.0 2044.0 1863.0 1909.0 1226.0 1718.0 1660.0 1812.0 1682.0 1849.0
249 1877.0 1027.0 732.0 1456.0 2079.0 1353.0 1675.0 1857.0 1449.0 2218.0 1265.0 1494.0 2031.0 1479.0 2240.0 1896.0 1768.0 589.0 2381.0 2382.0 700.0 1564.0 2202.0 1881.0 1708.0 1860.0 1023.0 1597.0 1377.0 1675.0 1654.0 1793.0
252 1707.0 585.0 445.0 879.0 2042.0 978.0 1446.0 1774.0 1131.0 2073.0 875.0 1120.0 1785.0 1323.0 2249.0 1787.0 1382.0 277.0 2328.0 2129.0 341.0 1266.0 1973.0 1562.0 1593.0 1673.0 643.0 1209.0 1137.0 1621.0 1504.0 1554.0
255 1295.0 243.0 152.0 427.0 1778.0 548.0 1000.0 1471.0 710.0 1942.0 413.0 857.0 1485.0 863.0 2037.0 1643.0 781.0 97.0 2243.0 1828.0 147.0 815.0 1721.0 1168.0 1201.0 1309.0 316.0 756.0 711.0 1434.0 1214.0 1253.0
258 696.0 60.0 50.0 158.0 1378.0 180.0 472.0 955.0 259.0 1482.0 127.0 351.0 1006.0 464.0 1777.0 1427.0 308.0 35.0 1899.0 1167.0 40.0 303.0 973.0 590.0 617.0 650.0 101.0 319.0 298.0 943.0 798.0 738.0
261 230.0 43.0 30.0 57.0 843.0 67.0 170.0 459.0 77.0 869.0 49.0 140.0 533.0 165.0 1338.0 1034.0 107.0 37.0 1439.0 620.0 34.0 125.0 481.0 228.0 251.0 291.0 53.0 99.0 96.0 550.0 359.0 348.0
264 96.0 27.0 18.0 51.0 443.0 54.0 81.0 215.0 57.0 434.0 53.0 72.0 188.0 81.0 840.0 626.0 43.0 12.0 966.0 259.0 35.0 67.0 177.0 106.0 79.0 99.0 52.0 70.0 54.0 254.0 161.0 141.0
267 63.0 33.0 27.0 57.0 189.0 34.0 70.0 64.0 40.0 143.0 26.0 55.0 82.0 40.0 306.0 221.0 53.0 16.0 413.0 124.0 33.0 67.0 98.0 64.0 56.0 62.0 36.0 58.0 38.0 75.0 56.0 79.0
270 47.0 36.0 19.0 39.0 81.0 42.0 53.0 54.0 45.0 89.0 35.0 39.0 65.0 40.0 115.0 82.0 41.0 27.0 185.0 81.0 22.0 40.0 64.0 56.0 50.0 51.0 24.0 40.0 36.0 63.0 48.0 45.0
273 48.0 26.0 28.0 35.0 68.0 39.0 37.0 50.0 35.0 67.0 38.0 34.0 51.0 42.0 75.0 64.0 40.0 24.0 90.0 86.0 19.0 39.0 62.0 46.0 45.0 68.0 30.0 39.0 40.0 32.0 50.0 44.0
276 40.0 23.0 14.0 48.0 59.0 32.0 30.0 49.0 36.0 59.0 29.0 29.0 47.0 38.0 70.0 46.0 34.0 14.0 66.0 59.0 18.0 41.0 55.0 46.0 45.0 41.0 21.0 39.0 25.0 40.0 38.0 35.0
279 40.0 21.0 15.0 37.0 48.0 25.0 38.0 53.0 34.0 68.0 28.0 28.0 52.0 35.0 64.0 47.0 43.0 16.0 62.0 69.0 23.0 37.0 36.0 46.0 51.0 36.0 33.0 33.0 27.0 39.0 37.0 45.0
282 34.0 18.0 28.0 30.0 57.0 26.0 40.0 57.0 37.0 57.0 27.0 45.0 36.0 31.0 54.0 38.0 46.0 21.0 65.0 62.0 15.0 34.0 50.0 34.0 37.0 39.0 25.0 40.0 26.0 38.0 45.0 34.0
285 42.0 11.0 15.0 33.0 51.0 22.0 22.0 39.0 32.0 55.0 22.0 28.0 52.0 25.0 54.0 33.0 38.0 8.0 58.0 43.0 7.0 39.0 55.0 39.0 43.0 49.0 17.0 35.0 22.0 28.0 34.0 30.0
288 39.0 12.0 14.0 28.0 40.0 29.0 27.0 44.0 33.0 59.0 25.0 27.0 44.0 25.0 50.0 31.0 44.0 8.0 57.0 62.0 7.0 36.0 43.0 40.0 30.0 36.0 21.0 21.0 24.0 35.0 35.0 28.0
291 42.0 7.0 9.0 16.0 55.0 17.0 26.0 38.0 26.0 51.0 17.0 21.0 39.0 20.0 61.0 41.0 18.0 6.0 49.0 48.0 11.0 21.0 51.0 38.0 36.0 25.0 14.0 26.0 23.0 34.0 27.0 20.0
294 23.0 7.0 4.0 15.0 45.0 11.0 25.0 42.0 12.0 42.0 11.0 21.0 39.0 22.0 39.0 32.0 20.0 1.0 59.0 47.0 0.0 13.0 47.0 19.0 28.0 28.0 8.0 20.0 21.0 22.0 36.0 31.0
297 36.0 4.0 3.0 5.0 37.0 5.0 24.0 31.0 15.0 50.0 5.0 15.0 36.0 19.0 33.0 39.0 12.0 2.0 44.0 41.0 1.0 13.0 35.0 18.0 28.0 17.0 8.0 12.0 11.0 31.0 24.0 29.0
300 18.0 1.0 1.0 4.0 31.0 6.0 10.0 21.0 6.0 44.0 5.0 7.0 36.0 11.0 31.0 42.0 5.0 0.0 33.0 26.0 2.0 7.0 19.0 11.0 19.0 14.0 4.0 5.0 8.0 22.0 13.0 16.0
303 6.0 0.0 1.0 1.0 33.0 5.0 5.0 13.0 0.0 22.0 1.0 2.0 13.0 4.0 29.0 25.0 3.0 1.0 32.0 19.0 1.0 2.0 11.0 6.0 8.0 11.0 1.0 5.0 1.0 18.0 15.0 9.0
306 3.0 0.0 0.0 1.0 19.0 1.0 1.0 2.0 5.0 15.0 1.0 0.0 16.0 0.0 20.0 26.0 0.0 0.0 39.0 12.0 0.0 2.0 4.0 1.0 2.0 5.0 1.0 0.0 2.0 9.0 4.0 12.0
309 4.0 0.0 0.0 3.0 16.0 1.0 1.0 1.0 1.0 11.0 2.0 1.0 4.0 0.0 21.0 18.0 1.0 1.0 19.0 5.0 1.0 1.0 4.0 1.0 3.0 0.0 1.0 0.0 3.0 3.0 0.0 4.0
312 0.0 1.0 0.0 0.0 3.0 2.0 0.0 1.0 0.0 3.0 0.0 1.0 1.0 0.0 15.0 9.0 1.0 1.0 12.0 4.0 1.0 1.0 1.0 0.0 0.0 0.0 0.0 0.0 1.0 3.0 1.0 6.0
315 1.0 0.0 0.0 0.0 2.0 1.0 0.0 3.0 0.0 5.0 0.0 0.0 3.0 0.0 6.0 5.0 2.0 2.0 4.0 3.0 1.0 1.0 2.0 3.0 2.0 1.0 0.0 1.0 0.0 1.0 1.0 2.0
318 1.0 1.0 0.0 1.0 3.0 2.0 0.0 1.0 0.0 2.0 0.0 1.0 2.0 1.0 1.0 0.0 3.0 1.0 4.0 2.0 0.0 1.0 1.0 1.0 0.0 3.0 0.0 1.0 0.0 0.0 1.0 0.0
321 1.0 0.0 0.0 1.0 1.0 0.0 1.0 1.0 0.0 1.0 0.0 0.0 2.0 1.0 6.0 1.0 0.0 1.0 1.0 3.0 1.0 0.0 1.0 3.0 1.0 1.0 1.0 3.0 0.0 0.0 1.0 0.0
324 3.0 0.0 0.0 2.0 1.0 0.0 1.0 3.0 0.0 2.0 0.0 0.0 1.0 1.0 1.0 0.0 0.0 0.0 2.0 0.0 0.0 0.0 3.0 0.0 1.0 2.0 1.0 0.0 0.0 0.0 1.0 1.0
327 0.0 0.0 1.0 2.0 3.0 1.0 1.0 1.0 2.0 4.0 0.0 0.0 3.0 1.0 5.0 1.0 1.0 0.0 1.0 1.0 2.0 0.0 3.0 1.0 2.0 2.0 1.0 0.0 2.0 0.0 0.0 0.0
330 0.0 0.0 0.0 0.0 2.0 0.0 3.0 1.0 3.0 1.0 0.0 0.0 0.0 0.0 0.0 1.0 1.0 1.0 2.0 1.0 0.0 0.0 1.0 1.0 1.0 0.0 0.0 1.0 0.0 1.0 0.0 4.0
333 0.0 0.0 2.0 0.0 2.0 0.0 0.0 1.0 2.0 2.0 0.0 1.0 0.0 2.0 1.0 0.0 0.0 1.0 4.0 1.0 0.0 0.0 1.0 1.0 0.0 1.0 0.0 0.0 1.0 0.0 0.0 0.0
336 0.0 0.0 1.0 0.0 1.0 0.0 1.0 1.0 0.0 1.0 0.0 1.0 0.0 1.0 0.0 2.0 0.0 0.0 4.0 0.0 1.0 1.0 0.0 3.0 0.0 0.0 0.0 1.0 0.0 0.0 1.0 0.0
339 0.0 0.0 0.0 1.0 1.0 0.0 0.0 0.0 0.0 0.0 1.0 1.0 0.0 0.0 1.0 2.0 0.0 0.0 2.0 1.0 0.0 0.0 1.0 2.0 0.0 0.0 0.0 1.0 0.0 2.0 0.0 1.0
342 0.0 0.0 0.0 0.0 0.0 0.0 0.0 0.0 0.0 1.0 0.0 0.0 0.0 0.0 0.0 2.0 0.0 0.0 0.0 1.0 0.0 0.0 0.0 1.0 1.0 0.0 0.0 0.0 0.0 0.0 0.0 1.0
345 0.0 0.0 0.0 0.0 2.0 1.0 0.0 0.0 0.0 1.0 0.0 0.0 0.0 0.0 1.0 0.0 0.0 0.0 0.0 0.0 0.0 0.0 0.0 0.0 1.0 1.0 0.0 0.0 0.0 0.0 0.0 0.0
348 0.0 0.0 0.0 0.0 0.0 0.0 2.0 0.0 0.0 0.0 0.0 0.0 0.0 0.0 1.0 2.0 1.0 0.0 2.0 0.0 0.0 0.0 0.0 0.0 0.0 0.0 0.0 0.0 0.0 1.0 0.0 0.0
351 0.0 0.0 1.0 1.0 1.0 0.0 0.0 0.0 1.0 1.0 0.0 0.0 0.0 0.0 0.0 0.0 1.0 0.0 1.0 1.0 0.0 1.0 0.0 0.0 0.0 0.0 1.0 0.0 1.0 1.0 0.0 1.0
354 0.0 0.0 0.0 1.0 0.0 0.0 0.0 0.0 0.0 1.0 1.0 0.0 0.0 0.0 0.0 0.0 0.0 0.0 0.0 0.0 0.0 0.0 0.0 0.0 0.0 0.0 0.0 1.0 1.0 0.0 0.0 0.0
357 1.0 0.0 0.0 0.0 0.0 0.0 0.0 0.0 0.0 0.0 0.0 0.0 0.0 0.0 0.0 0.0 0.0 0.0 0.0 1.0 0.0 1.0 0.0 0.0 0.0 0.0 0.0 0.0 0.0 0.0 0.0 1.0
