150 18136728.0 18138795.0 18133474.0 18121828.0 18131746.0 18121401.0 18127313.0 18121395.0 18127000.0 18121135.0 18127688.0 18121817.0 18130182.0 18130250.0 18129611.0 18122416.0 18129800.0 18128527.0 18126809.0 18125641.0 18120765.0 18126244.0 18120821.0 18125700.0 18120781.0 18124775.0 18119470.0 18125585.0 18120356.0 18123687.0 18128433.0 18126695.0
153 18406438.0 18409161.0 18402717.0 18389274.0 18399407.0 18389090.0 18394132.0 18388970.0 18393061.0 18388922.0 18392891.0 18389990.0 18394464.0 18394658.0 18394237.0 18390443.0 18394017.0 18393152.0 18391949.0 18391278.0 18388793.0 18391856.0 18388870.0 18391323.0 18388746.0 18391129.0 18388208.0 18391476.0 18388561.0 18390278.0 18394235.0 18392026.0
156 18641124.0 18646108.0 18642281.0 18629728.0 18640845.0 18629491.0 18636813.0 18629311.0 18636357.0 18629262.0 18635737.0 18631030.0 18637973.0 18640048.0 18638849.0 18630672.0 18638456.0 18635716.0 18634688.0 18633270.0 18628547.0 18633925.0 18628493.0 18632890.0 18628166.0 18631971.0 18627531.0 18632900.0 18627825.0 18630743.0 18635206.0 18631652.0
159 18928583.0 18930751.0 18926893.0 18916534.0 18924604.0 18914743.0 18921152.0 18914687.0 18921835.0 18913929.0 18922534.0 18915909.0 18924723.0 18926023.0 18925215.0 18915646.0 18924969.0 18922526.0 18920564.0 18918711.0 18912319.0 18919120.0 18912078.0 18918186.0 18911927.0 18916289.0 18911172.0 18917584.0 18911554.0 18915481.0 18919649.0 18916181.0
162 19263986.0 19267598.0 19261575.0 19253157.0 19258966.0 19251868.0 19254799.0 19251359.0 19254303.0 19250018.0 19255557.0 19253241.0 19257942.0 19256095.0 19256510.0 19249995.0 19255783.0 19255346.0 19251502.0 19249531.0 19245159.0 19249288.0 19244624.0 19248010.0 19244048.0 19246228.0 19242877.0 19247387.0 19243605.0 19245391.0 19247853.0 19246005.0
165 19282372.0 19286621.0 19280827.0 19269995.0 19277006.0 19265724.0 19271339.0 19263968.0 19269017.0 19262383.0 19269137.0 19269278.0 19270387.0 19268754.0 19268717.0 19267449.0 19267384.0 19265999.0 19262652.0 19259256.0 19256341.0 19257925.0 19254888.0 19255379.0 19254036.0 19253958.0 19252646.0 19254475.0 19253085.0 19251829.0 19255050.0 19253580.0
168 18942092.0 18948975.0 18926129.0 18826576.0 18918177.0 18783313.0 18895855.0 18774981.0 18876299.0 18769896.0 18880149.0 18815312.0 18879804.0 18871184.0 18869458.0 18829353.0 18868310.0 18858899.0 18854705.0 18829266.0 18767515.0 18822610.0 18756117.0 18805437.0 18759490.0 18806376.0 18759906.0 18808013.0 18763932.0 18795729.0 18808791.0 18818113.0
171 12061390.0 12073493.0 11947643.0 11659920.0 11986110.0 11579641.0 11947046.0 11571887.0 11909895.0 11626879.0 11989425.0 11964550.0 11993217.0 11972869.0 12031882.0 12196831.0 12011582.0 12129337.0 12055391.0 11819651.0 11747189.0 11815258.0 11673395.0 11634937.0 11678293.0 11685450.0 11749903.0 11723850.0 11781637.0 11625036.0 11681249.0 11864497.0
174 10548783.0 10603992.0 10539069.0 10653627.0 10662901.0 10612011.0 10659419.0 10599795.0 10676041.0 10648523.0 10771496.0 10997404.0 10796306.0 10762100.0 10847096.0 11234483.0 10806945.0 10952256.0 10846677.0 10606056.0 10790789.0 10612249.0 10723250.0 10406651.0 10721659.0 10446513.0 10826115.0 10485309.0 10838145.0 10375428.0 10413206.0 10577867.0
177 9602560.0 9659273.0 9597697.0 9885600.0 9735773.0 9874695.0 9734443.0 9877213.0 9767269.0 9914021.0 9866520.0 10256049.0 9903219.0 9860410.0 9967545.0 10494578.0 9914122.0 10073540.0 9952691.0 9711545.0 10066381.0 9734496.0 10004378.0 9514025.0 10004698.0 9549048.0 10130478.0 9589652.0 10116584.0 9475709.0 9487839.0 9645146.0
180 3655712.0 3698681.0 3654950.0 3807830.0 3726709.0 3807638.0 3719947.0 3795279.0 3744539.0 3822695.0 3797727.0 4101448.0 3808233.0 3802621.0 3895681.0 4247782.0 3790952.0 3919104.0 3817550.0 3672822.0 3915917.0 3704381.0 3882074.0 3547643.0 3881968.0 3558944.0 4027076.0 3595428.0 3964292.0 3514589.0 3505799.0 3599278.0
183 78462.0 87581.0 78651.0 77663.0 83734.0 74869.0 90732.0 75511.0 99504.0 81920.0 110382.0 119909.0 86180.0 99811.0 127162.0 122648.0 91393.0 97128.0 96122.0 97444.0 89660.0 95276.0 89767.0 90396.0 84053.0 83463.0 126403.0 103265.0 93592.0 84565.0 79349.0 89600.0
186 73508.0 77708.0 66824.0 64850.0 71370.0 61793.0 77139.0 66744.0 80252.0 67949.0 92566.0 76645.0 74873.0 76289.0 91846.0 78949.0 80574.0 70128.0 72876.0 78118.0 70360.0 68986.0 71374.0 79105.0 68611.0 69090.0 86800.0 81758.0 67541.0 68550.0 70370.0 70850.0
189 73043.0 77680.0 66497.0 64948.0 71080.0 61569.0 76940.0 66712.0 80845.0 67780.0 93754.0 75848.0 74402.0 76008.0 91832.0 78027.0 79927.0 69526.0 72280.0 76923.0 69376.0 68628.0 71474.0 78406.0 68477.0 68045.0 85852.0 80734.0 66258.0 68114.0 69965.0 70239.0
192 72393.0 77354.0 66871.0 64288.0 71108.0 60635.0 76435.0 66161.0 80074.0 67832.0 91411.0 75662.0 74389.0 76017.0 92172.0 77643.0 79107.0 68969.0 72191.0 76357.0 69803.0 68346.0 70737.0 78277.0 67854.0 64653.0 85718.0 80780.0 65976.0 67605.0 69721.0 69770.0
195 70748.0 75877.0 66412.0 64226.0 70846.0 58284.0 75893.0 64660.0 79498.0 67035.0 88937.0 76443.0 73587.0 75508.0 90996.0 77765.0 68498.0 68281.0 71377.0 76269.0 68791.0 67042.0 70079.0 76828.0 66172.0 61446.0 84684.0 79260.0 65467.0 67369.0 69169.0 67276.0
198 63074.0 71925.0 64784.0 59348.0 69299.0 48423.0 73925.0 58980.0 79081.0 62780.0 82803.0 76051.0 71560.0 74783.0 90304.0 77008.0 55172.0 66137.0 69018.0 74008.0 65293.0 65101.0 67319.0 68946.0 62095.0 50996.0 83413.0 75580.0 61277.0 63922.0 66270.0 59625.0
201 38436.0 56223.0 57024.0 42567.0 63437.0 25770.0 62713.0 40238.0 77340.0 48993.0 61135.0 74989.0 59550.0 67221.0 88519.0 72293.0 28652.0 52514.0 55988.0 64297.0 51333.0 53558.0 48094.0 45460.0 46884.0 30442.0 77174.0 58401.0 46137.0 51297.0 56112.0 39079.0
204 12801.0 28128.0 37465.0 17290.0 43162.0 7826.0 36466.0 16378.0 69797.0 25537.0 25779.0 70029.0 34102.0 47225.0 80351.0 56725.0 8128.0 27571.0 30001.0 40912.0 24835.0 31412.0 22468.0 17182.0 22818.0 10994.0 55421.0 27922.0 22431.0 28401.0 33489.0 16613.0
207 3317.0 7729.0 14444.0 3896.0 15992.0 2177.0 10422.0 3837.0 47347.0 7597.0 5911.0 52647.0 9745.0 18362.0 57750.0 25887.0 2279.0 7330.0 8101.0 14718.0 6231.0 10206.0 5926.0 3970.0 6069.0 2833.0 22561.0 7068.0 5913.0 9106.0 10924.0 4292.0
210 1923.0 2460.0 3908.0 1779.0 4108.0 1377.0 2940.0 1742.0 19845.0 2351.0 2483.0 26504.0 2769.0 4831.0 26136.0 7060.0 1640.0 2246.0 2403.0 4041.0 2161.0 2935.0 2120.0 2010.0 2188.0 1561.0 5885.0 2408.0 2072.0 2842.0 3052.0 1987.0
213 1533.0 1705.0 1680.0 1446.0 1890.0 1121.0 1941.0 1462.0 4703.0 1553.0 1991.0 6673.0 1743.0 1988.0 6471.0 2296.0 1389.0 1584.0 1731.0 1952.0 1655.0 1599.0 1558.0 1597.0 1542.0 1364.0 2352.0 1842.0 1457.0 1658.0 1762.0 1447.0
216 1248.0 1525.0 1410.0 1247.0 1669.0 962.0 1681.0 1252.0 2235.0 1320.0 1630.0 2427.0 1553.0 1613.0 2725.0 1855.0 1110.0 1334.0 1512.0 1626.0 1337.0 1413.0 1319.0 1345.0 1360.0 1180.0 2005.0 1477.0 1279.0 1311.0 1476.0 1271.0
219 952.0 1277.0 1155.0 997.0 1344.0 726.0 1418.0 960.0 1809.0 1142.0 1463.0 1906.0 1261.0 1458.0 2238.0 1656.0 874.0 1113.0 1243.0 1299.0 1143.0 1165.0 1093.0 1078.0 1210.0 910.0 1692.0 1292.0 1063.0 1108.0 1229.0 950.0
222 819.0 1007.0 986.0 828.0 1143.0 646.0 1126.0 821.0 1579.0 945.0 1087.0 1706.0 983.0 1158.0 1857.0 1336.0 838.0 884.0 1074.0 1144.0 941.0 955.0 948.0 980.0 917.0 732.0 1394.0 1057.0 890.0 959.0 1017.0 812.0
225 794.0 888.0 849.0 806.0 968.0 616.0 1032.0 851.0 1335.0 834.0 1045.0 1388.0 932.0 1033.0 1604.0 1115.0 831.0 818.0 995.0 958.0 851.0 800.0 829.0 837.0 897.0 795.0 1146.0 913.0 831.0 850.0 857.0 812.0
228 843.0 871.0 743.0 807.0 922.0 633.0 1012.0 732.0 1155.0 789.0 1011.0 1171.0 855.0 911.0 1392.0 1013.0 770.0 776.0 909.0 872.0 819.0 789.0 824.0 812.0 812.0 698.0 1082.0 900.0 746.0 784.0 873.0 745.0
231 746.0 836.0 723.0 748.0 912.0 595.0 982.0 731.0 1071.0 843.0 948.0 1068.0 836.0 890.0 1203.0 947.0 704.0 788.0 900.0 840.0 786.0 749.0 826.0 752.0 797.0 639.0 1046.0 898.0 746.0 769.0 887.0 730.0
234 747.0 810.0 737.0 796.0 865.0 507.0 980.0 704.0 1016.0 723.0 905.0 1063.0 855.0 861.0 1233.0 1007.0 696.0 786.0 818.0 847.0 763.0 756.0 788.0 794.0 804.0 630.0 981.0 832.0 741.0 755.0 874.0 740.0
237 623.0 759.0 673.0 717.0 892.0 422.0 933.0 635.0 1062.0 732.0 788.0 1023.0 789.0 863.0 1108.0 971.0 517.0 704.0 786.0 871.0 749.0 698.0 729.0 632.0 752.0 554.0 1033.0 789.0 692.0 697.0 801.0 589.0
240 443.0 661.0 627.0 565.0 751.0 265.0 822.0 588.0 1028.0 627.0 672.0 1003.0 732.0 816.0 1105.0 962.0 425.0 675.0 710.0 792.0 615.0 657.0 633.0 557.0 655.0 366.0 950.0 717.0 589.0 654.0 772.0 482.0
243 250.0 519.0 606.0 356.0 791.0 116.0 722.0 360.0 994.0 559.0 414.0 960.0 600.0 715.0 1140.0 832.0 167.0 533.0 577.0 685.0 481.0 571.0 447.0 345.0 456.0 211.0 900.0 524.0 411.0 530.0 672.0 266.0
246 111.0 294.0 466.0 173.0 650.0 48.0 451.0 194.0 887.0 342.0 161.0 871.0 425.0 573.0 1083.0 725.0 53.0 289.0 312.0 530.0 270.0 383.0 235.0 174.0 271.0 83.0 685.0 288.0 192.0 331.0 480.0 147.0
249 35.0 130.0 263.0 56.0 368.0 16.0 192.0 55.0 849.0 172.0 39.0 810.0 219.0 353.0 959.0 524.0 23.0 119.0 126.0 291.0 117.0 182.0 89.0 55.0 123.0 36.0 417.0 118.0 87.0 173.0 252.0 60.0
252 24.0 44.0 114.0 25.0 140.0 18.0 62.0 29.0 676.0 64.0 30.0 770.0 69.0 168.0 833.0 255.0 19.0 38.0 39.0 128.0 42.0 65.0 37.0 33.0 40.0 17.0 220.0 42.0 32.0 67.0 92.0 24.0
255 11.0 22.0 47.0 19.0 42.0 19.0 38.0 23.0 413.0 27.0 15.0 511.0 33.0 54.0 533.0 111.0 18.0 26.0 23.0 42.0 25.0 31.0 25.0 21.0 27.0 14.0 76.0 23.0 29.0 24.0 36.0 23.0
258 16.0 17.0 19.0 19.0 37.0 9.0 20.0 24.0 145.0 27.0 19.0 260.0 17.0 26.0 297.0 42.0 20.0 14.0 16.0 24.0 20.0 20.0 18.0 15.0 24.0 19.0 31.0 18.0 13.0 25.0 23.0 11.0
261 17.0 24.0 22.0 12.0 27.0 10.0 30.0 10.0 57.0 22.0 16.0 95.0 17.0 39.0 100.0 21.0 10.0 11.0 28.0 18.0 11.0 15.0 18.0 14.0 23.0 8.0 22.0 13.0 13.0 15.0 29.0 13.0
264 9.0 10.0 16.0 13.0 22.0 11.0 27.0 16.0 25.0 14.0 15.0 45.0 20.0 21.0 45.0 25.0 17.0 6.0 15.0 24.0 17.0 16.0 11.0 16.0 19.0 6.0 16.0 16.0 16.0 24.0 22.0 11.0
267 9.0 17.0 16.0 8.0 20.0 17.0 13.0 13.0 32.0 14.0 10.0 31.0 14.0 19.0 44.0 29.0 7.0 8.0 20.0 17.0 13.0 17.0 23.0 13.0 19.0 13.0 19.0 16.0 11.0 20.0 11.0 18.0
270 9.0 19.0 18.0 14.0 18.0 11.0 23.0 15.0 34.0 14.0 19.0 32.0 19.0 25.0 21.0 20.0 8.0 6.0 12.0 14.0 10.0 13.0 13.0 9.0 12.0 14.0 22.0 14.0 18.0 10.0 19.0 11.0
273 15.0 11.0 11.0 7.0 21.0 9.0 16.0 13.0 19.0 9.0 13.0 27.0 14.0 16.0 21.0 22.0 8.0 12.0 13.0 17.0 15.0 13.0 16.0 10.0 18.0 10.0 18.0 11.0 5.0 15.0 16.0 14.0
276 9.0 10.0 7.0 9.0 15.0 5.0 21.0 12.0 29.0 10.0 19.0 25.0 10.0 23.0 26.0 23.0 7.0 3.0 15.0 18.0 10.0 10.0 9.0 9.0 15.0 8.0 13.0 16.0 8.0 12.0 14.0 15.0
279 6.0 11.0 8.0 11.0 15.0 4.0 11.0 11.0 24.0 15.0 10.0 18.0 12.0 14.0 21.0 11.0 5.0 16.0 11.0 15.0 13.0 11.0 9.0 7.0 11.0 9.0 16.0 17.0 12.0 16.0 16.0 5.0
282 7.0 11.0 8.0 5.0 14.0 4.0 20.0 6.0 13.0 11.0 7.0 22.0 5.0 12.0 15.0 15.0 1.0 10.0 9.0 14.0 12.0 11.0 9.0 8.0 10.0 1.0 18.0 13.0 7.0 15.0 21.0 5.0
285 0.0 3.0 15.0 5.0 16.0 0.0 4.0 6.0 23.0 9.0 5.0 25.0 14.0 13.0 19.0 13.0 2.0 6.0 6.0 8.0 6.0 7.0 7.0 6.0 9.0 4.0 17.0 3.0 3.0 3.0 12.0 2.0
288 2.0 6.0 13.0 1.0 15.0 2.0 5.0 0.0 19.0 2.0 5.0 29.0 7.0 17.0 22.0 14.0 2.0 8.0 7.0 10.0 4.0 6.0 2.0 3.0 2.0 2.0 5.0 2.0 2.0 3.0 12.0 1.0
291 1.0 2.0 5.0 0.0 10.0 1.0 5.0 2.0 16.0 2.0 1.0 21.0 3.0 9.0 19.0 18.0 0.0 3.0 2.0 6.0 1.0 5.0 3.0 1.0 4.0 2.0 5.0 2.0 0.0 1.0 4.0 1.0
294 0.0 0.0 0.0 1.0 0.0 1.0 3.0 3.0 9.0 2.0 0.0 12.0 1.0 5.0 16.0 8.0 2.0 1.0 1.0 3.0 1.0 4.0 0.0 0.0 1.0 0.0 12.0 1.0 1.0 2.0 1.0 0.0
297 0.0 1.0 4.0 2.0 3.0 1.0 1.0 0.0 10.0 0.0 0.0 9.0 1.0 2.0 15.0 3.0 0.0 2.0 1.0 2.0 0.0 3.0 0.0 0.0 0.0 1.0 1.0 0.0 0.0 1.0 2.0 2.0
300 0.0 1.0 4.0 0.0 1.0 1.0 0.0 2.0 1.0 0.0 2.0 10.0 1.0 1.0 11.0 4.0 1.0 1.0 1.0 0.0 0.0 1.0 0.0 1.0 0.0 1.0 1.0 0.0 1.0 0.0 2.0 1.0
303 0.0 2.0 1.0 1.0 1.0 0.0 1.0 0.0 6.0 0.0 2.0 8.0 1.0 0.0 4.0 1.0 1.0 0.0 0.0 0.0 0.0 1.0 2.0 0.0 1.0 0.0 0.0 0.0 0.0 0.0 1.0 0.0
306 0.0 0.0 1.0 0.0 0.0 2.0 0.0 1.0 2.0 0.0 2.0 2.0 0.0 1.0 7.0 0.0 0.0 1.0 0.0 0.0 1.0 1.0 2.0 2.0 0.0 0.0 0.0 0.0 1.0 0.0 0.0 2.0
309 0.0 2.0 0.0 0.0 0.0 1.0 2.0 1.0 2.0 0.0 1.0 2.0 0.0 1.0 0.0 0.0 0.0 0.0 0.0 1.0 0.0 0.0 2.0 1.0 1.0 0.0 2.0 2.0 1.0 0.0 0.0 1.0
312 0.0 0.0 0.0 0.0 0.0 0.0 2.0 0.0 0.0 0.0 0.0 1.0 2.0 0.0 0.0 3.0 0.0 1.0 0.0 2.0 2.0 0.0 0.0 0.0 0.0 0.0 3.0 1.0 0.0 0.0 1.0 1.0
315 0.0 0.0 0.0 0.0 1.0 0.0 1.0 0.0 0.0 0.0 0.0 2.0 1.0 1.0 1.0 0.0 0.0 0.0 0.0 0.0 0.0 0.0 1.0 0.0 0.0 1.0 0.0 0.0 1.0 1.0 0.0 1.0
318 0.0 1.0 1.0 1.0 0.0 0.0 0.0 3.0 1.0 0.0 0.0 4.0 0.0 1.0 0.0 0.0 0.0 0.0 1.0 3.0 0.0 1.0 1.0 0.0 0.0 1.0 0.0 0.0 0.0 0.0 0.0 1.0
321 0.0 0.0 0.0 0.0 0.0 1.0 0.0 1.0 2.0 0.0 0.0 0.0 1.0 0.0 1.0 0.0 1.0 0.0 2.0 0.0 1.0 0.0 0.0 0.0 0.0 0.0 1.0 0.0 1.0 1.0 0.0 1.0
324 0.0 0.0 1.0 0.0 0.0 1.0 0.0 0.0 2.0 1.0 0.0 1.0 0.0 0.0 1.0 1.0 0.0 0.0 1.0 1.0 1.0 1.0 0.0 1.0 2.0 0.0 1.0 1.0 0.0 1.0 0.0 1.0
327 0.0 0.0 0.0 0.0 2.0 0.0 0.0 2.0 0.0 0.0 1.0 0.0 1.0 0.0 0.0 1.0 1.0 0.0 1.0 0.0 0.0 0.0 0.0 0.0 0.0 0.0 0.0 0.0 0.0 1.0 2.0 3.0
330 0.0 0.0 1.0 1.0 1.0 1.0 1.0 0.0 0.0 0.0 0.0 0.0 1.0 1.0 1.0 3.0 1.0 0.0 0.0 0.0 2.0 0.0 0.0 1.0 1.0 1.0 0.0 0.0 0.0 0.0 1.0 0.0
333 1.0 0.0 0.0 0.0 1.0 0.0 0.0 0.0 0.0 0.0 0.0 1.0 0.0 1.0 1.0 0.0 0.0 0.0 1.0 0.0 0.0 0.0 0.0 0.0 0.0 1.0 0.0 1.0 0.0 0.0 0.0 0.0
336 0.0 0.0 0.0 0.0 0.0 0.0 0.0 0.0 0.0 0.0 0.0 2.0 0.0 1.0 0.0 0.0 0.0 0.0 0.0 0.0 0.0 0.0 0.0 0.0 0.0 0.0 2.0 0.0 0.0 0.0 1.0 0.0
339 1.0 0.0 0.0 1.0 1.0 1.0 0.0 2.0 2.0 0.0 0.0 0.0 0.0 1.0 0.0 0.0 1.0 0.0 0.0 1.0 2.0 2.0 1.0 1.0 0.0 1.0 3.0 1.0 1.0 1.0 0.0 0.0
342 0.0 0.0 0.0 0.0 1.0 0.0 0.0 0.0 0.0 0.0 0.0 0.0 0.0 0.0 0.0 0.0 1.0 0.0 0.0 0.0 1.0 0.0 0.0 0.0 0.0 0.0 0.0 1.0 1.0 1.0 0.0 0.0
345 2.0 2.0 1.0 2.0 2.0 0.0 2.0 1.0 0.0 1.0 1.0 1.0 2.0 1.0 2.0 2.0 0.0 1.0 0.0 0.0 1.0 2.0 0.0 3.0 2.0 1.0 1.0 0.0 2.0 1.0 0.0 1.0
348 0.0 0.0 0.0 0.0 0.0 2.0 0.0 0.0 0.0 0.0 0.0 0.0 0.0 0.0 1.0 0.0 0.0 1.0 0.0 1.0 0.0 0.0 0.0 0.0 1.0 0.0 0.0 0.0 1.0 0.0 0.0 0.0
351 2.0 0.0 0.0 0.0 1.0 2.0 1.0 1.0 0.0 0.0 0.0 0.0 1.0 0.0 0.0 0.0 2.0 0.0 0.0 0.0 0.0 0.0 0.0 0.0 0.0 0.0 1.0 0.0 0.0 1.0 0.0 0.0
354 1.0 1.0 2.0 1.0 0.0 0.0 0.0 0.0 0.0 1.0 0.0 1.0 1.0 0.0 1.0 0.0 0.0 1.0 1.0 1.0 1.0 0.0 0.0 0.0 1.0 1.0 0.0 0.0 0.0 0.0 0.0 1.0
357 0.0 0.0 0.0 0.0 0.0 0.0 0.0 0.0 0.0 1.0 1.0 0.0 1.0 2.0 0.0 0.0 0.0 0.0 0.0 0.0 0.0 0.0 0.0 0.0 0.0 0.0 0.0 0.0 0.0 0.0 0.0 0.0
