150 18125040.0 18125882.0 18124449.0 18115165.0 18121589.0 18115383.0 18118323.0 18115442.0 18118547.0 18115211.0 18119937.0 18115631.0 18118937.0 18119917.0 18119517.0 18115697.0 18120193.0 18119709.0 18119042.0 18118369.0 18115116.0 18119003.0 18114880.0 18117809.0 18115220.0 18119390.0 18114575.0 18117545.0 18114874.0 18118193.0 18119347.0 18122100.0
153 18397622.0 18396804.0 18395200.0 18388100.0 18392966.0 18388170.0 18390599.0 18388205.0 18390557.0 18388075.0 18391568.0 18388288.0 18390417.0 18391140.0 18391020.0 18388331.0 18391649.0 18390993.0 18390483.0 18390376.0 18387980.0 18391092.0 18387939.0 18390165.0 18388042.0 18391757.0 18387696.0 18390279.0 18387885.0 18390628.0 18391828.0 18394522.0
156 18642046.0 18637197.0 18636151.0 18627062.0 18632817.0 18627171.0 18630191.0 18627196.0 18630195.0 18627198.0 18631655.0 18627338.0 18629954.0 18631178.0 18630854.0 18627539.0 18631294.0 18630797.0 18629993.0 18629693.0 18626908.0 18630208.0 18626971.0 18629045.0 18626910.0 18630211.0 18626734.0 18629302.0 18626733.0 18629431.0 18630204.0 18631918.0
159 18925256.0 18913045.0 18913153.0 18900861.0 18909023.0 18900916.0 18905676.0 18900962.0 18906531.0 18901070.0 18909112.0 18901100.0 18905936.0 18908491.0 18906918.0 18901552.0 18906834.0 18907729.0 18905895.0 18904668.0 18900189.0 18905708.0 18900078.0 18903039.0 18899917.0 18903801.0 18899613.0 18903324.0 18899779.0 18903294.0 18903553.0 18904894.0
162 19151407.0 19142631.0 19142821.0 19137526.0 19140912.0 19138128.0 19139102.0 19138257.0 19139495.0 19138020.0 19140572.0 19137796.0 19139082.0 19140528.0 19139438.0 19137474.0 19139527.0 19139868.0 19138596.0 19138306.0 19136528.0 19138649.0 19136072.0 19137484.0 19136058.0 19137757.0 19135846.0 19137744.0 19135988.0 19137789.0 19138012.0 19138648.0
165 19115156.0 19094247.0 19095725.0 19089799.0 19091901.0 19090256.0 19089764.0 19090207.0 19089802.0 19089617.0 19091006.0 19089190.0 19089241.0 19090707.0 19088952.0 19088603.0 19088874.0 19090008.0 19088303.0 19087924.0 19087105.0 19087924.0 19086324.0 19086897.0 19086438.0 19087124.0 19085876.0 19086973.0 19086039.0 19087076.0 19087228.0 19087604.0
168 18951719.0 18919527.0 18912072.0 18863967.0 18897879.0 18850014.0 18884171.0 18855047.0 18878379.0 18858270.0 18883242.0 18859604.0 18872719.0 18873227.0 18864218.0 18869169.0 18861313.0 18869951.0 18860149.0 18852480.0 18845486.0 18853295.0 18845065.0 18840710.0 18842020.0 18843918.0 18834551.0 18843698.0 18835318.0 18842118.0 18843918.0 18848867.0
171 16055297.0 16315373.0 16135302.0 15541937.0 16071677.0 15279820.0 16018438.0 15391643.0 15993562.0 15463851.0 16049125.0 15546077.0 15982190.0 15929105.0 15848524.0 15783698.0 15758239.0 16013466.0 15917937.0 15803144.0 15438502.0 15871810.0 15591082.0 15588155.0 15567551.0 15716428.0 15485439.0 15791635.0 15411916.0 15763361.0 15851046.0 16057031.0
174 11395898.0 11384585.0 11293628.0 11281539.0 11335059.0 11020964.0 11390247.0 11178085.0 11434404.0 11308046.0 11529305.0 11396653.0 11465015.0 11424585.0 11347351.0 11702901.0 11190120.0 11564445.0 11429018.0 11292675.0 11206891.0 11381907.0 11463865.0 10971916.0 11444774.0 11112805.0 11288975.0 11225714.0 11109166.0 11154617.0 11246469.0 11461814.0
177 10014146.0 9935869.0 9831767.0 9925336.0 9882395.0 9643590.0 9934327.0 9797847.0 9975947.0 9946014.0 10075598.0 10027900.0 10002379.0 9951557.0 9892824.0 10363708.0 9711297.0 10098738.0 9961951.0 9824782.0 9824549.0 9919374.0 10104475.0 9497498.0 10095885.0 9636028.0 9928620.0 9752616.0 9717279.0 9667964.0 9758461.0 9981667.0
180 9318009.0 9056896.0 8943764.0 9221775.0 9036341.0 8876504.0 9115719.0 9031706.0 9166485.0 9207438.0 9284157.0 9294513.0 9205320.0 9132615.0 9084705.0 9695746.0 8843589.0 9310979.0 9171873.0 8996782.0 9021365.0 9124493.0 9348165.0 8598816.0 9361663.0 8766429.0 9173376.0 8909730.0 8897658.0 8790938.0 8899141.0 9172666.0
183 78930.0 136437.0 120333.0 146380.0 151537.0 99653.0 133327.0 100918.0 159555.0 116653.0 182485.0 128891.0 152024.0 133186.0 140079.0 187726.0 100527.0 171914.0 111207.0 121917.0 105716.0 125476.0 121900.0 104991.0 118286.0 97927.0 105827.0 108609.0 105238.0 103903.0 104326.0 143430.0
186 66221.0 74060.0 72497.0 87218.0 79421.0 74682.0 75668.0 70023.0 68396.0 75031.0 79402.0 71739.0 72358.0 74921.0 75076.0 75891.0 73077.0 72171.0 61062.0 89635.0 74799.0 75555.0 75417.0 95635.0 71920.0 79271.0 67573.0 72739.0 86925.0 74708.0 70698.0 77136.0
189 65896.0 72201.0 71008.0 85627.0 76862.0 74461.0 74467.0 69015.0 65167.0 74365.0 75588.0 70278.0 69415.0 74046.0 73476.0 71207.0 71859.0 68983.0 59702.0 88343.0 73749.0 74952.0 73595.0 95590.0 70020.0 78859.0 65620.0 71591.0 85461.0 74372.0 69071.0 73795.0
192 64350.0 72454.0 71250.0 85559.0 77370.0 73677.0 74425.0 68632.0 65317.0 74097.0 74823.0 69551.0 69195.0 73613.0 72849.0 71832.0 72182.0 68687.0 59478.0 88266.0 74352.0 74601.0 73659.0 95955.0 70393.0 78758.0 65418.0 71726.0 85315.0 74601.0 68547.0 73062.0
195 60709.0 71953.0 71175.0 85025.0 76377.0 73612.0 74049.0 68394.0 64425.0 74059.0 75029.0 69151.0 69131.0 72372.0 71661.0 71365.0 71505.0 68024.0 58881.0 86485.0 73058.0 74648.0 73397.0 94960.0 69539.0 78742.0 65177.0 71418.0 82554.0 72886.0 68675.0 73536.0
198 46606.0 71082.0 69322.0 84571.0 74911.0 71703.0 73783.0 67428.0 63720.0 73445.0 74734.0 67378.0 67305.0 71706.0 67336.0 70938.0 70225.0 67368.0 54706.0 79573.0 72432.0 73646.0 71852.0 92106.0 67776.0 77722.0 62459.0 70558.0 69931.0 70826.0 67396.0 73371.0
201 22608.0 67415.0 62422.0 81925.0 67577.0 63128.0 71921.0 60100.0 60295.0 71711.0 74564.0 61201.0 59544.0 65025.0 52164.0 69349.0 62985.0 63063.0 40810.0 58269.0 67811.0 68941.0 64989.0 81116.0 60573.0 76079.0 51486.0 67895.0 41346.0 58410.0 60494.0 71031.0
204 6214.0 53193.0 42765.0 71173.0 50366.0 42786.0 67179.0 41986.0 45543.0 62810.0 70347.0 44150.0 38069.0 44961.0 27466.0 62246.0 42492.0 47453.0 18830.0 26292.0 52269.0 52636.0 44010.0 54621.0 39817.0 67187.0 29916.0 55491.0 13117.0 34012.0 40415.0 63228.0
207 1885.0 27546.0 17498.0 42651.0 24313.0 17489.0 50658.0 17222.0 20302.0 41309.0 56127.0 20360.0 13627.0 18632.0 8419.0 40761.0 17162.0 22912.0 5138.0 7298.0 25043.0 24427.0 17538.0 23491.0 15356.0 44074.0 9783.0 31176.0 3235.0 10884.0 15616.0 42942.0
210 1364.0 8575.0 4443.0 14719.0 6905.0 4477.0 25904.0 4439.0 5355.0 16458.0 28659.0 5848.0 3399.0 5227.0 2442.0 16526.0 4510.0 6206.0 1731.0 2501.0 6939.0 6517.0 4235.0 6288.0 3941.0 17295.0 2569.0 10408.0 1927.0 2962.0 3946.0 17903.0
213 1140.0 2557.0 1838.0 3780.0 2187.0 1923.0 7283.0 1878.0 1808.0 4054.0 7629.0 1932.0 1681.0 1958.0 1628.0 4110.0 2016.0 1896.0 1310.0 1861.0 2239.0 2215.0 1926.0 2618.0 1759.0 4197.0 1524.0 2816.0 1736.0 1730.0 1702.0 4432.0
216 885.0 1630.0 1512.0 2210.0 1695.0 1567.0 2419.0 1461.0 1457.0 2038.0 2468.0 1508.0 1479.0 1536.0 1404.0 1897.0 1586.0 1486.0 1040.0 1489.0 1592.0 1633.0 1593.0 2077.0 1475.0 2139.0 1254.0 1723.0 1303.0 1483.0 1475.0 1921.0
219 724.0 1426.0 1309.0 2157.0 1456.0 1389.0 1815.0 1322.0 1275.0 1629.0 1795.0 1259.0 1260.0 1220.0 1151.0 1654.0 1319.0 1270.0 882.0 1197.0 1382.0 1442.0 1369.0 1839.0 1206.0 1750.0 1094.0 1367.0 1136.0 1232.0 1224.0 1604.0
222 685.0 1248.0 1073.0 1571.0 1185.0 1206.0 1572.0 1056.0 957.0 1456.0 1567.0 1082.0 1012.0 1097.0 902.0 1417.0 1112.0 1024.0 756.0 993.0 1145.0 1237.0 1112.0 1438.0 962.0 1525.0 871.0 1196.0 922.0 949.0 1004.0 1400.0
225 655.0 960.0 920.0 1395.0 1000.0 938.0 1293.0 880.0 815.0 1194.0 1331.0 836.0 849.0 891.0 850.0 1057.0 935.0 935.0 654.0 868.0 1003.0 1007.0 983.0 1254.0 901.0 1173.0 744.0 1008.0 870.0 849.0 899.0 1110.0
228 627.0 829.0 793.0 1114.0 918.0 894.0 1055.0 856.0 673.0 969.0 1121.0 795.0 815.0 838.0 752.0 1009.0 846.0 789.0 588.0 887.0 894.0 952.0 865.0 1217.0 818.0 1093.0 771.0 923.0 784.0 835.0 794.0 958.0
231 568.0 848.0 825.0 1184.0 862.0 814.0 1008.0 764.0 709.0 995.0 1046.0 747.0 790.0 827.0 706.0 905.0 892.0 775.0 607.0 862.0 894.0 869.0 883.0 1159.0 739.0 1042.0 724.0 876.0 788.0 833.0 861.0 923.0
234 501.0 807.0 844.0 1034.0 837.0 810.0 980.0 761.0 712.0 961.0 970.0 706.0 766.0 776.0 668.0 886.0 824.0 735.0 588.0 788.0 852.0 786.0 820.0 1133.0 763.0 1039.0 716.0 825.0 724.0 785.0 780.0 875.0
237 363.0 807.0 754.0 1108.0 748.0 757.0 930.0 732.0 723.0 960.0 977.0 712.0 714.0 767.0 657.0 941.0 806.0 712.0 444.0 734.0 841.0 777.0 773.0 1096.0 762.0 978.0 660.0 799.0 511.0 691.0 737.0 855.0
240 151.0 797.0 660.0 1019.0 709.0 746.0 902.0 719.0 660.0 903.0 900.0 636.0 633.0 710.0 583.0 827.0 660.0 689.0 440.0 612.0 811.0 836.0 726.0 1016.0 666.0 930.0 579.0 802.0 308.0 630.0 649.0 838.0
243 52.0 676.0 600.0 956.0 659.0 625.0 956.0 653.0 559.0 840.0 881.0 574.0 493.0 582.0 423.0 807.0 632.0 587.0 239.0 434.0 722.0 752.0 653.0 880.0 554.0 918.0 443.0 754.0 146.0 442.0 555.0 810.0
246 20.0 592.0 412.0 848.0 495.0 516.0 894.0 466.0 425.0 768.0 824.0 411.0 300.0 457.0 206.0 712.0 513.0 438.0 101.0 173.0 622.0 566.0 445.0 657.0 347.0 861.0 261.0 627.0 45.0 241.0 355.0 745.0
249 19.0 370.0 230.0 670.0 298.0 291.0 749.0 223.0 248.0 688.0 784.0 255.0 124.0 205.0 88.0 664.0 291.0 294.0 35.0 54.0 414.0 329.0 182.0 427.0 193.0 674.0 87.0 451.0 28.0 96.0 179.0 594.0
252 16.0 221.0 83.0 401.0 137.0 133.0 624.0 85.0 85.0 451.0 649.0 118.0 43.0 97.0 31.0 373.0 116.0 93.0 17.0 21.0 202.0 117.0 60.0 181.0 65.0 495.0 32.0 248.0 23.0 38.0 79.0 412.0
255 16.0 63.0 34.0 159.0 54.0 39.0 348.0 37.0 19.0 233.0 383.0 47.0 26.0 26.0 19.0 166.0 45.0 28.0 19.0 25.0 63.0 54.0 34.0 74.0 27.0 239.0 17.0 103.0 17.0 27.0 27.0 194.0
258 9.0 22.0 21.0 43.0 19.0 19.0 120.0 19.0 25.0 59.0 121.0 29.0 27.0 14.0 10.0 48.0 24.0 14.0 9.0 18.0 27.0 21.0 25.0 35.0 13.0 94.0 23.0 26.0 15.0 21.0 25.0 39.0
261 8.0 16.0 21.0 32.0 16.0 19.0 44.0 25.0 15.0 33.0 40.0 20.0 20.0 14.0 9.0 16.0 23.0 14.0 12.0 15.0 17.0 24.0 19.0 33.0 20.0 33.0 12.0 25.0 18.0 20.0 18.0 28.0
264 10.0 18.0 13.0 27.0 18.0 19.0 34.0 28.0 10.0 24.0 28.0 12.0 17.0 12.0 8.0 17.0 20.0 24.0 8.0 18.0 24.0 17.0 10.0 22.0 16.0 24.0 17.0 26.0 19.0 13.0 14.0 22.0
267 6.0 23.0 12.0 19.0 18.0 10.0 18.0 18.0 9.0 17.0 20.0 12.0 19.0 16.0 11.0 27.0 17.0 9.0 7.0 15.0 22.0 26.0 13.0 26.0 15.0 40.0 16.0 18.0 7.0 11.0 7.0 27.0
270 7.0 15.0 15.0 21.0 14.0 21.0 31.0 14.0 12.0 26.0 17.0 18.0 11.0 14.0 11.0 19.0 14.0 13.0 12.0 9.0 21.0 17.0 16.0 15.0 16.0 18.0 14.0 15.0 12.0 16.0 11.0 23.0
273 2.0 12.0 15.0 20.0 18.0 10.0 15.0 13.0 13.0 25.0 20.0 15.0 14.0 14.0 10.0 17.0 14.0 4.0 10.0 13.0 13.0 15.0 17.0 27.0 13.0 17.0 14.0 12.0 7.0 8.0 5.0 17.0
276 1.0 14.0 10.0 19.0 13.0 11.0 18.0 11.0 8.0 14.0 12.0 13.0 20.0 15.0 8.0 20.0 14.0 11.0 10.0 12.0 16.0 11.0 12.0 16.0 12.0 12.0 10.0 16.0 4.0 14.0 12.0 10.0
279 3.0 15.0 18.0 22.0 7.0 17.0 21.0 17.0 9.0 18.0 21.0 7.0 7.0 16.0 7.0 21.0 18.0 12.0 7.0 6.0 12.0 12.0 17.0 17.0 11.0 22.0 6.0 18.0 2.0 8.0 13.0 21.0
282 0.0 16.0 9.0 15.0 11.0 6.0 20.0 9.0 7.0 15.0 14.0 6.0 7.0 10.0 8.0 14.0 16.0 5.0 6.0 9.0 8.0 17.0 13.0 16.0 16.0 20.0 14.0 16.0 2.0 4.0 9.0 16.0
285 4.0 17.0 6.0 18.0 9.0 9.0 26.0 5.0 9.0 17.0 19.0 9.0 5.0 11.0 5.0 13.0 16.0 9.0 2.0 5.0 12.0 9.0 7.0 19.0 5.0 23.0 2.0 13.0 1.0 7.0 11.0 12.0
288 1.0 5.0 4.0 19.0 10.0 4.0 13.0 5.0 3.0 15.0 17.0 0.0 2.0 2.0 0.0 14.0 5.0 7.0 0.0 4.0 12.0 6.0 2.0 12.0 3.0 13.0 2.0 10.0 0.0 4.0 4.0 12.0
291 1.0 6.0 5.0 8.0 7.0 4.0 18.0 5.0 1.0 10.0 18.0 2.0 1.0 2.0 0.0 9.0 10.0 4.0 2.0 1.0 7.0 3.0 1.0 2.0 1.0 5.0 2.0 6.0 1.0 1.0 4.0 10.0
294 0.0 3.0 1.0 8.0 1.0 2.0 10.0 3.0 1.0 9.0 18.0 2.0 1.0 0.0 0.0 6.0 2.0 0.0 0.0 0.0 5.0 3.0 0.0 5.0 1.0 13.0 1.0 4.0 1.0 0.0 0.0 9.0
297 2.0 2.0 0.0 2.0 2.0 1.0 5.0 0.0 0.0 8.0 9.0 0.0 0.0 1.0 0.0 3.0 1.0 0.0 0.0 1.0 1.0 2.0 0.0 1.0 0.0 5.0 1.0 3.0 0.0 2.0 2.0 4.0
300 0.0 1.0 0.0 4.0 0.0 2.0 7.0 1.0 3.0 3.0 4.0 1.0 1.0 1.0 1.0 2.0 0.0 1.0 0.0 0.0 1.0 0.0 0.0 3.0 0.0 4.0 1.0 2.0 1.0 1.0 0.0 1.0
303 0.0 1.0 3.0 0.0 1.0 0.0 4.0 0.0 1.0 2.0 5.0 0.0 0.0 0.0 2.0 0.0 1.0 1.0 0.0 1.0 2.0 1.0 1.0 0.0 0.0 0.0 0.0 2.0 1.0 1.0 3.0 1.0
306 0.0 0.0 1.0 0.0 0.0 0.0 3.0 0.0 2.0 2.0 0.0 0.0 1.0 0.0 0.0 2.0 0.0 0.0 0.0 0.0 0.0 1.0 1.0 1.0 0.0 0.0 0.0 0.0 0.0 3.0 1.0 0.0
309 1.0 2.0 1.0 2.0 1.0 0.0 0.0 0.0 1.0 2.0 0.0 1.0 0.0 1.0 1.0 2.0 2.0 0.0 0.0 0.0 0.0 1.0 2.0 2.0 1.0 0.0 1.0 0.0 1.0 0.0 1.0 2.0
312 0.0 0.0 0.0 1.0 1.0 0.0 0.0 0.0 1.0 0.0 0.0 0.0 0.0 2.0 2.0 0.0 0.0 0.0 1.0 1.0 0.0 0.0 0.0 0.0 2.0 0.0 0.0 0.0 0.0 0.0 1.0 0.0
315 0.0 0.0 0.0 0.0 1.0 1.0 0.0 0.0 0.0 1.0 0.0 3.0 0.0 0.0 0.0 0.0 1.0 1.0 0.0 1.0 1.0 0.0 1.0 0.0 0.0 2.0 0.0 1.0 0.0 0.0 2.0 3.0
318 1.0 0.0 3.0 1.0 0.0 0.0 0.0 1.0 0.0 0.0 1.0 0.0 0.0 0.0 2.0 0.0 0.0 0.0 0.0 0.0 1.0 0.0 0.0 0.0 0.0 1.0 2.0 0.0 0.0 1.0 0.0 0.0
321 0.0 0.0 0.0 2.0 0.0 0.0 1.0 0.0 0.0 0.0 0.0 0.0 0.0 1.0 1.0 0.0 1.0 0.0 1.0 0.0 0.0 2.0 0.0 0.0 0.0 0.0 1.0 1.0 0.0 0.0 0.0 0.0
324 0.0 0.0 0.0 0.0 0.0 0.0 0.0 1.0 2.0 1.0 2.0 1.0 0.0 1.0 0.0 1.0 0.0 0.0 0.0 0.0 0.0 3.0 0.0 0.0 0.0 2.0 2.0 0.0 0.0 0.0 0.0 0.0
327 1.0 1.0 0.0 0.0 1.0 2.0 2.0 1.0 0.0 1.0 4.0 1.0 0.0 1.0 1.0 1.0 0.0 0.0 0.0 1.0 0.0 0.0 0.0 1.0 1.0 1.0 0.0 1.0 0.0 1.0 4.0 1.0
330 0.0 0.0 2.0 2.0 0.0 1.0 0.0 0.0 0.0 1.0 2.0 2.0 1.0 0.0 0.0 1.0 0.0 2.0 0.0 0.0 1.0 1.0 0.0 0.0 2.0 1.0 0.0 1.0 1.0 0.0 0.0 0.0
333 1.0 1.0 0.0 1.0 0.0 0.0 1.0 0.0 0.0 0.0 0.0 0.0 0.0 1.0 0.0 0.0 0.0 1.0 0.0 0.0 0.0 2.0 1.0 0.0 0.0 1.0 0.0 0.0 0.0 1.0 0.0 3.0
336 2.0 1.0 0.0 0.0 1.0 0.0 1.0 0.0 0.0 2.0 0.0 0.0 0.0 0.0 1.0 2.0 1.0 0.0 0.0 1.0 0.0 0.0 0.0 0.0 1.0 0.0 0.0 1.0 0.0 2.0 0.0 0.0
339 0.0 0.0 0.0 2.0 1.0 2.0 1.0 0.0 2.0 1.0 0.0 0.0 0.0 2.0 2.0 0.0 0.0 0.0 0.0 0.0 0.0 2.0 0.0 1.0 1.0 0.0 0.0 1.0 2.0 0.0 0.0 0.0
342 1.0 0.0 0.0 0.0 0.0 0.0 0.0 1.0 0.0 0.0 0.0 0.0 1.0 0.0 0.0 0.0 1.0 0.0 1.0 0.0 0.0 0.0 0.0 0.0 0.0 0.0 1.0 0.0 0.0 0.0 0.0 0.0
345 0.0 1.0 0.0 0.0 0.0 1.0 0.0 1.0 0.0 1.0 2.0 0.0 1.0 0.0 1.0 0.0 2.0 0.0 0.0 1.0 2.0 0.0 0.0 0.0 2.0 0.0 2.0 2.0 3.0 0.0 0.0 1.0
348 0.0 0.0 0.0 0.0 0.0 0.0 0.0 1.0 0.0 0.0 0.0 0.0 0.0 1.0 0.0 0.0 1.0 0.0 1.0 0.0 1.0 0.0 1.0 0.0 0.0 0.0 0.0 1.0 0.0 0.0 1.0 1.0
351 0.0 0.0 0.0 0.0 1.0 1.0 1.0 0.0 1.0 1.0 1.0 1.0 0.0 0.0 2.0 0.0 1.0 0.0 1.0 2.0 0.0 0.0 0.0 0.0 0.0 1.0 1.0 0.0 0.0 1.0 1.0 0.0
354 0.0 0.0 0.0 0.0 0.0 0.0 0.0 1.0 2.0 1.0 0.0 1.0 0.0 1.0 0.0 0.0 1.0 0.0 1.0 1.0 1.0 0.0 1.0 0.0 0.0 0.0 0.0 0.0 1.0 0.0 1.0 0.0
357 0.0 0.0 0.0 0.0 0.0 0.0 0.0 0.0 0.0 0.0 0.0 0.0 0.0 0.0 0.0 0.0 0.0 0.0 0.0 1.0 1.0 1.0 2.0 0.0 0.0 0.0 1.0 0.0 0.0 0.0 0.0 0.0
