150 17787037.0 17784016.0 17780267.0 17761810.0 17776608.0 17755791.0 17773150.0 17759417.0 17774749.0 17760796.0 17772981.0 17751648.0 17776007.0 17775538.0 17778824.0 17760667.0 17775440.0 17775423.0 17775050.0 17769239.0 17754562.0 17771004.0 17760430.0 17771203.0 17757543.0 17768835.0 17755963.0 17770920.0 17749182.0 17771659.0 17775473.0 17773712.0
153 17940047.0 17939033.0 17935053.0 17917002.0 17931598.0 17916099.0 17926679.0 17917469.0 17930239.0 17917811.0 17929280.0 17917210.0 17933004.0 17929602.0 17934755.0 17920596.0 17928410.0 17929393.0 17929403.0 17925884.0 17916802.0 17925940.0 17916786.0 17924231.0 17916782.0 17923371.0 17915731.0 17925248.0 17911889.0 17924466.0 17929337.0 17928813.0
156 18188435.0 18187951.0 18185955.0 18177091.0 18183294.0 18176843.0 18180628.0 18177152.0 18181791.0 18177359.0 18181183.0 18177074.0 18182020.0 18181603.0 18183305.0 18177948.0 18180987.0 18181130.0 18180929.0 18179678.0 18176894.0 18180092.0 18177108.0 18179811.0 18177026.0 18179259.0 18176707.0 18179495.0 18175708.0 18179853.0 18181167.0 18180697.0
159 18637244.0 18636831.0 18635613.0 18631064.0 18634373.0 18630734.0 18632756.0 18630987.0 18633798.0 18630973.0 18633155.0 18630377.0 18633739.0 18633585.0 18634453.0 18630923.0 18633436.0 18633826.0 18633755.0 18633105.0 18630354.0 18633425.0 18630675.0 18633007.0 18630521.0 18633037.0 18630283.0 18633656.0 18630007.0 18633754.0 18635379.0 18635300.0
162 18944604.0 18944204.0 18942917.0 18939173.0 18941973.0 18938937.0 18940571.0 18939053.0 18941416.0 18939150.0 18941037.0 18938842.0 18941378.0 18941463.0 18942166.0 18938916.0 18941231.0 18941561.0 18941721.0 18941248.0 18938179.0 18941607.0 18938522.0 18941202.0 18938303.0 18941298.0 18938153.0 18941818.0 18937838.0 18941798.0 18943218.0 18943109.0
165 19125298.0 19125263.0 19125126.0 19122413.0 19124839.0 19122410.0 19122770.0 19122537.0 19123844.0 19122959.0 19123390.0 19122936.0 19123930.0 19123122.0 19124104.0 19123056.0 19123325.0 19123402.0 19123526.0 19122900.0 19121076.0 19123020.0 19121020.0 19122605.0 19120888.0 19122565.0 19120537.0 19122554.0 19120039.0 19122596.0 19123609.0 19123453.0
168 19031419.0 19031092.0 19030914.0 19007888.0 19027846.0 19006618.0 19020292.0 19005986.0 19020971.0 19005915.0 19019889.0 19014817.0 19023251.0 19013744.0 19017737.0 19015331.0 19012506.0 19012728.0 19012567.0 19007257.0 19003976.0 19003678.0 18996159.0 18999044.0 18998837.0 18999411.0 18992384.0 19000694.0 18989132.0 18996356.0 19002157.0 19001034.0
171 18056950.0 18036392.0 18050561.0 17509586.0 18009108.0 17494564.0 17987058.0 17438047.0 17938954.0 17482392.0 17956570.0 17642524.0 18027963.0 17820751.0 17856857.0 17691756.0 17827833.0 17851185.0 17895017.0 17803168.0 17610369.0 17743563.0 17459089.0 17666688.0 17528843.0 17732227.0 17402232.0 17796024.0 17397199.0 17672216.0 17831092.0 17852776.0
174 10587272.0 10567137.0 10624570.0 10357578.0 10694141.0 10531480.0 10776658.0 10433449.0 10779446.0 10570999.0 10845777.0 10873767.0 11016583.0 10603386.0 10713654.0 10953064.0 10609162.0 10704533.0 10813157.0 10649207.0 10825799.0 10474680.0 10529835.0 10296753.0 10677291.0 10443177.0 10338037.0 10596074.0 10277282.0 10240002.0 10598305.0 10592895.0
177 9932709.0 9906474.0 9977131.0 9836069.0 10050994.0 10041541.0 10168524.0 9917328.0 10159349.0 10054619.0 10233205.0 10357558.0 10406048.0 9979210.0 10080878.0 10448775.0 9972579.0 10080533.0 10211090.0 10031483.0 10346416.0 9835131.0 10030768.0 9649982.0 10182714.0 9811705.0 9816373.0 9994110.0 9741647.0 9587484.0 9972400.0 9963106.0
180 8096534.0 8062657.0 8142301.0 8116142.0 8233454.0 8359634.0 8390464.0 8213557.0 8379125.0 8345256.0 8457932.0 8685978.0 8638618.0 8196803.0 8303171.0 8789997.0 8186028.0 8302327.0 8457006.0 8254043.0 8667979.0 8038581.0 8304053.0 7851139.0 8473979.0 8025243.0 8091768.0 8240847.0 8005126.0 7782927.0 8194629.0 8174392.0
183 581447.0 532551.0 586673.0 493869.0 583748.0 564928.0 613682.0 552433.0 652547.0 546246.0 660329.0 706531.0 736572.0 560670.0 610441.0 691374.0 546839.0 586931.0 662917.0 597660.0 641193.0 559963.0 533020.0 498292.0 590501.0 548416.0 536471.0 620538.0 535201.0 500796.0 614313.0 594763.0
186 195501.0 151639.0 168720.0 152150.0 172433.0 161906.0 154662.0 182001.0 192166.0 156307.0 171130.0 200748.0 194621.0 145897.0 160121.0 153250.0 148473.0 146623.0 182082.0 172094.0 166211.0 172086.0 149860.0 153426.0 158677.0 174465.0 158891.0 169413.0 174718.0 157431.0 174968.0 174606.0
189 194891.0 150957.0 166463.0 150580.0 171349.0 160611.0 150941.0 181233.0 188848.0 154974.0 167227.0 197081.0 188873.0 144631.0 158417.0 148313.0 147305.0 144813.0 176610.0 170853.0 161243.0 170492.0 147832.0 152602.0 154337.0 172495.0 156474.0 164131.0 173964.0 156603.0 170481.0 170785.0
192 194819.0 149991.0 166107.0 150223.0 171077.0 159455.0 150545.0 180491.0 188317.0 153456.0 166998.0 196734.0 187849.0 144283.0 157649.0 147855.0 146084.0 143581.0 176159.0 169960.0 162020.0 169862.0 146203.0 151594.0 154964.0 171182.0 155057.0 163346.0 172925.0 155676.0 168980.0 169490.0
195 192220.0 150179.0 165699.0 149339.0 170303.0 159557.0 147210.0 179593.0 187882.0 152293.0 166471.0 196717.0 187570.0 141014.0 156256.0 146872.0 144855.0 139497.0 172551.0 167675.0 161331.0 167766.0 140407.0 149570.0 152454.0 169178.0 152698.0 161870.0 172409.0 152579.0 166665.0 167596.0
198 172852.0 147919.0 164422.0 145086.0 169377.0 158044.0 134743.0 176742.0 180911.0 144887.0 164603.0 194125.0 182577.0 130036.0 150696.0 143245.0 133754.0 123469.0 159208.0 162303.0 159831.0 163846.0 115256.0 138760.0 146463.0 163749.0 146601.0 156396.0 170625.0 139031.0 156359.0 158957.0
201 123618.0 139032.0 160650.0 131907.0 165013.0 155854.0 97202.0 164267.0 161032.0 117880.0 159840.0 193022.0 167275.0 94975.0 130013.0 130411.0 104837.0 82692.0 122674.0 142544.0 151469.0 150217.0 66715.0 106167.0 124862.0 140850.0 123146.0 136101.0 165220.0 105966.0 125928.0 134904.0
204 49740.0 102289.0 141052.0 85233.0 142689.0 142099.0 37067.0 118756.0 106369.0 59342.0 136326.0 183471.0 115633.0 39615.0 77484.0 88495.0 50216.0 28183.0 53948.0 87717.0 118032.0 102020.0 18834.0 46360.0 71061.0 84640.0 67703.0 84635.0 140728.0 47524.0 66423.0 76915.0
207 12855.0 45346.0 90148.0 30624.0 87077.0 102405.0 8576.0 50244.0 39171.0 15999.0 80944.0 148928.0 46776.0 9760.0 25325.0 35273.0 13346.0 6815.0 13985.0 29398.0 56051.0 40488.0 4972.0 11518.0 22781.0 28323.0 21451.0 30993.0 84673.0 12333.0 20668.0 25220.0
210 5715.0 12676.0 35778.0 8065.0 31863.0 47584.0 4059.0 14021.0 10249.0 5345.0 28946.0 82317.0 12817.0 4030.0 7303.0 9670.0 4685.0 3707.0 5263.0 7964.0 16069.0 10894.0 3397.0 4657.0 6582.0 7969.0 6272.0 8784.0 32673.0 4556.0 6338.0 7335.0
213 4433.0 4754.0 9213.0 4217.0 8704.0 12710.0 3381.0 5610.0 5279.0 3982.0 7845.0 25360.0 5444.0 3122.0 4149.0 4215.0 3518.0 2964.0 3954.0 4481.0 5418.0 4894.0 2869.0 3598.0 3965.0 4603.0 3854.0 4461.0 9125.0 3500.0 4071.0 4213.0
216 3669.0 3654.0 4639.0 3487.0 4737.0 5112.0 2819.0 4408.0 4331.0 3284.0 4554.0 7585.0 4454.0 2626.0 3537.0 3394.0 2899.0 2422.0 3380.0 3637.0 4178.0 3899.0 2349.0 3073.0 3280.0 3796.0 3264.0 3653.0 4867.0 2986.0 3392.0 3550.0
219 3100.0 3136.0 3938.0 2957.0 3998.0 4000.0 2368.0 3780.0 3684.0 2681.0 3895.0 5583.0 3724.0 2189.0 2921.0 2867.0 2410.0 2003.0 2682.0 2954.0 3550.0 3329.0 1950.0 2517.0 2626.0 3119.0 2643.0 3019.0 4238.0 2478.0 2775.0 2886.0
222 2692.0 2582.0 3237.0 2482.0 3442.0 3521.0 1934.0 3189.0 3092.0 2363.0 3244.0 4831.0 3171.0 1843.0 2484.0 2436.0 2058.0 1762.0 2237.0 2585.0 2913.0 2741.0 1736.0 2150.0 2234.0 2526.0 2276.0 2478.0 3598.0 2134.0 2365.0 2514.0
225 2542.0 2363.0 2821.0 2157.0 2981.0 2920.0 1825.0 2675.0 2595.0 2085.0 2781.0 4070.0 2665.0 1727.0 2089.0 2056.0 1951.0 1678.0 2059.0 2165.0 2485.0 2404.0 1619.0 1999.0 2118.0 2401.0 1985.0 2200.0 2916.0 1958.0 2114.0 2169.0
228 2461.0 2168.0 2466.0 2132.0 2730.0 2697.0 1730.0 2510.0 2505.0 2004.0 2539.0 3486.0 2549.0 1585.0 2053.0 1881.0 1794.0 1561.0 1931.0 2062.0 2334.0 2366.0 1545.0 2023.0 2029.0 2340.0 1928.0 2059.0 2785.0 1931.0 2070.0 2120.0
231 2313.0 2175.0 2415.0 2060.0 2592.0 2451.0 1672.0 2477.0 2438.0 1977.0 2453.0 3167.0 2440.0 1550.0 1992.0 1892.0 1727.0 1514.0 1811.0 2070.0 2253.0 2214.0 1494.0 1929.0 1928.0 2190.0 1876.0 1940.0 2695.0 1829.0 1974.0 2058.0
234 2142.0 2040.0 2399.0 1995.0 2538.0 2343.0 1450.0 2387.0 2319.0 1888.0 2221.0 3105.0 2318.0 1433.0 1909.0 1774.0 1599.0 1314.0 1740.0 2003.0 2245.0 2049.0 1195.0 1786.0 1826.0 2037.0 1776.0 1916.0 2593.0 1671.0 1817.0 1991.0
237 1914.0 1949.0 2258.0 1908.0 2433.0 2344.0 1261.0 2255.0 2216.0 1717.0 2241.0 3098.0 2258.0 1236.0 1809.0 1693.0 1551.0 1162.0 1512.0 1838.0 2175.0 2000.0 876.0 1685.0 1700.0 2062.0 1602.0 1840.0 2503.0 1565.0 1707.0 1832.0
240 1508.0 1859.0 2174.0 1766.0 2236.0 2273.0 916.0 2207.0 2001.0 1488.0 2228.0 2960.0 2013.0 980.0 1662.0 1620.0 1325.0 742.0 1176.0 1628.0 2011.0 1838.0 509.0 1343.0 1464.0 1811.0 1460.0 1673.0 2429.0 1337.0 1452.0 1614.0
243 855.0 1731.0 2012.0 1509.0 2179.0 2189.0 448.0 1970.0 1571.0 1009.0 2039.0 2821.0 1714.0 567.0 1382.0 1353.0 871.0 348.0 722.0 1387.0 1826.0 1559.0 169.0 889.0 1155.0 1393.0 1175.0 1307.0 2238.0 839.0 997.0 1086.0
246 378.0 1388.0 1785.0 1085.0 1952.0 1998.0 177.0 1569.0 1021.0 515.0 1760.0 2758.0 1218.0 230.0 885.0 977.0 417.0 116.0 305.0 810.0 1506.0 1105.0 68.0 378.0 656.0 862.0 680.0 876.0 2032.0 374.0 536.0 613.0
249 122.0 905.0 1520.0 580.0 1546.0 1772.0 70.0 1061.0 483.0 198.0 1379.0 2449.0 636.0 96.0 458.0 523.0 176.0 64.0 112.0 400.0 964.0 650.0 41.0 169.0 257.0 447.0 323.0 439.0 1638.0 161.0 243.0 292.0
252 65.0 349.0 928.0 202.0 888.0 1323.0 49.0 467.0 168.0 59.0 770.0 2089.0 201.0 48.0 153.0 205.0 77.0 29.0 57.0 111.0 426.0 229.0 45.0 69.0 88.0 132.0 76.0 153.0 1097.0 78.0 74.0 96.0
255 59.0 124.0 350.0 93.0 346.0 752.0 44.0 153.0 91.0 43.0 322.0 1364.0 98.0 38.0 52.0 57.0 58.0 32.0 50.0 56.0 107.0 83.0 29.0 55.0 53.0 80.0 49.0 60.0 529.0 55.0 47.0 45.0
258 55.0 76.0 193.0 53.0 190.0 395.0 40.0 92.0 83.0 48.0 135.0 826.0 68.0 28.0 49.0 37.0 37.0 35.0 37.0 52.0 86.0 57.0 28.0 47.0 53.0 64.0 37.0 59.0 250.0 36.0 44.0 53.0
261 45.0 50.0 82.0 71.0 81.0 154.0 33.0 62.0 51.0 33.0 79.0 341.0 52.0 26.0 50.0 37.0 41.0 26.0 41.0 55.0 53.0 53.0 29.0 43.0 39.0 60.0 34.0 50.0 97.0 44.0 44.0 51.0
264 41.0 59.0 67.0 49.0 72.0 83.0 31.0 48.0 39.0 44.0 81.0 142.0 54.0 29.0 48.0 41.0 37.0 26.0 33.0 49.0 62.0 57.0 23.0 30.0 30.0 46.0 33.0 42.0 62.0 40.0 31.0 39.0
267 46.0 50.0 62.0 40.0 58.0 64.0 30.0 50.0 43.0 44.0 60.0 91.0 50.0 32.0 30.0 43.0 34.0 25.0 27.0 38.0 58.0 52.0 29.0 40.0 23.0 45.0 30.0 44.0 70.0 36.0 35.0 41.0
270 41.0 34.0 52.0 40.0 51.0 58.0 26.0 47.0 44.0 32.0 46.0 77.0 38.0 21.0 36.0 35.0 28.0 29.0 28.0 40.0 59.0 39.0 18.0 35.0 38.0 42.0 36.0 20.0 55.0 32.0 38.0 34.0
273 42.0 51.0 51.0 35.0 46.0 57.0 18.0 46.0 36.0 45.0 60.0 77.0 40.0 18.0 34.0 35.0 32.0 14.0 28.0 35.0 43.0 35.0 19.0 31.0 36.0 40.0 38.0 39.0 48.0 34.0 32.0 27.0
276 31.0 46.0 41.0 44.0 53.0 42.0 16.0 36.0 36.0 36.0 37.0 62.0 42.0 12.0 43.0 24.0 25.0 18.0 22.0 43.0 37.0 39.0 10.0 28.0 27.0 36.0 31.0 26.0 54.0 30.0 22.0 30.0
279 22.0 30.0 34.0 34.0 57.0 51.0 13.0 44.0 44.0 27.0 41.0 60.0 41.0 15.0 28.0 28.0 27.0 7.0 23.0 23.0 32.0 34.0 5.0 23.0 27.0 32.0 23.0 25.0 68.0 31.0 27.0 25.0
282 28.0 33.0 47.0 33.0 41.0 41.0 12.0 25.0 28.0 18.0 34.0 73.0 27.0 5.0 22.0 31.0 13.0 4.0 7.0 30.0 51.0 27.0 7.0 23.0 17.0 21.0 28.0 25.0 46.0 22.0 14.0 18.0
285 6.0 22.0 37.0 33.0 51.0 39.0 6.0 44.0 24.0 14.0 43.0 63.0 24.0 2.0 13.0 24.0 16.0 4.0 5.0 16.0 28.0 24.0 2.0 9.0 10.0 27.0 16.0 14.0 57.0 11.0 14.0 14.0
288 5.0 24.0 35.0 23.0 39.0 41.0 1.0 28.0 16.0 10.0 27.0 47.0 13.0 3.0 13.0 17.0 9.0 4.0 2.0 15.0 25.0 22.0 1.0 2.0 11.0 14.0 8.0 14.0 46.0 2.0 4.0 8.0
291 5.0 23.0 32.0 11.0 40.0 39.0 5.0 22.0 13.0 5.0 26.0 43.0 14.0 3.0 7.0 9.0 3.0 1.0 3.0 5.0 22.0 9.0 2.0 2.0 3.0 12.0 3.0 9.0 37.0 0.0 2.0 7.0
294 0.0 11.0 23.0 3.0 28.0 30.0 1.0 12.0 2.0 3.0 21.0 44.0 3.0 2.0 3.0 6.0 1.0 1.0 1.0 2.0 13.0 1.0 1.0 1.0 0.0 2.0 3.0 2.0 33.0 3.0 2.0 0.0
297 2.0 4.0 7.0 5.0 14.0 25.0 0.0 6.0 0.0 2.0 19.0 33.0 2.0 2.0 2.0 2.0 1.0 2.0 1.0 2.0 3.0 1.0 0.0 0.0 2.0 0.0 2.0 1.0 21.0 1.0 3.0 0.0
300 1.0 0.0 7.0 0.0 9.0 15.0 4.0 3.0 2.0 0.0 8.0 25.0 1.0 0.0 1.0 0.0 1.0 0.0 2.0 1.0 1.0 3.0 0.0 1.0 0.0 0.0 2.0 0.0 11.0 1.0 1.0 0.0
303 0.0 1.0 3.0 1.0 4.0 8.0 0.0 1.0 2.0 0.0 3.0 17.0 3.0 0.0 3.0 3.0 1.0 0.0 0.0 1.0 3.0 4.0 0.0 2.0 0.0 1.0 0.0 1.0 3.0 1.0 0.0 0.0
306 1.0 0.0 0.0 2.0 5.0 2.0 0.0 0.0 0.0 1.0 1.0 10.0 2.0 2.0 0.0 3.0 1.0 1.0 0.0 0.0 1.0 2.0 0.0 1.0 1.0 1.0 0.0 2.0 2.0 3.0 5.0 2.0
309 0.0 2.0 2.0 0.0 0.0 0.0 1.0 1.0 1.0 1.0 0.0 2.0 2.0 0.0 0.0 0.0 0.0 0.0 0.0 4.0 0.0 1.0 0.0 2.0 1.0 0.0 2.0 1.0 0.0 2.0 1.0 0.0
312 2.0 1.0 1.0 0.0 2.0 4.0 0.0 1.0 1.0 2.0 3.0 6.0 0.0 2.0 0.0 0.0 0.0 0.0 1.0 2.0 1.0 2.0 1.0 2.0 0.0 0.0 2.0 2.0 4.0 1.0 2.0 1.0
315 0.0 1.0 2.0 1.0 2.0 2.0 0.0 1.0 2.0 0.0 1.0 0.0 1.0 0.0 1.0 0.0 1.0 1.0 2.0 1.0 0.0 0.0 0.0 2.0 0.0 1.0 0.0 1.0 2.0 0.0 2.0 0.0
318 0.0 2.0 0.0 1.0 1.0 3.0 3.0 1.0 1.0 3.0 1.0 3.0 0.0 0.0 0.0 0.0 0.0 0.0 0.0 2.0 1.0 2.0 0.0 0.0 1.0 0.0 1.0 0.0 3.0 0.0 0.0 0.0
321 0.0 4.0 2.0 1.0 2.0 3.0 0.0 2.0 2.0 0.0 0.0 2.0 1.0 0.0 0.0 1.0 0.0 0.0 0.0 0.0 1.0 0.0 0.0 0.0 2.0 0.0 1.0 1.0 1.0 1.0 1.0 0.0
324 0.0 0.0 0.0 0.0 0.0 0.0 0.0 0.0 1.0 1.0 1.0 3.0 0.0 0.0 1.0 1.0 1.0 0.0 0.0 0.0 0.0 1.0 0.0 0.0 0.0 1.0 1.0 1.0 3.0 1.0 0.0 0.0
327 1.0 0.0 1.0 1.0 3.0 3.0 1.0 0.0 2.0 0.0 1.0 1.0 2.0 0.0 1.0 1.0 1.0 1.0 1.0 0.0 1.0 2.0 0.0 0.0 0.0 1.0 0.0 1.0 0.0 0.0 1.0 2.0
330 1.0 0.0 3.0 0.0 0.0 0.0 0.0 1.0 0.0 0.0 0.0 2.0 0.0 0.0 0.0 0.0 0.0 0.0 0.0 0.0 0.0 1.0 0.0 0.0 0.0 0.0 0.0 0.0 0.0 0.0 1.0 0.0
333 0.0 1.0 2.0 1.0 3.0 1.0 0.0 2.0 0.0 0.0 0.0 3.0 1.0 0.0 0.0 0.0 1.0 0.0 1.0 0.0 2.0 1.0 1.0 1.0 1.0 2.0 0.0 1.0 2.0 1.0 1.0 0.0
336 0.0 0.0 1.0 0.0 0.0 1.0 0.0 0.0 0.0 1.0 1.0 1.0 0.0 0.0 1.0 0.0 0.0 0.0 0.0 0.0 2.0 0.0 1.0 0.0 0.0 0.0 0.0 0.0 2.0 0.0 0.0 0.0
339 0.0 1.0 0.0 0.0 1.0 3.0 0.0 1.0 0.0 1.0 1.0 1.0 2.0 0.0 1.0 1.0 1.0 0.0 0.0 1.0 1.0 0.0 0.0 0.0 2.0 0.0 1.0 1.0 0.0 1.0 0.0 0.0
342 0.0 1.0 1.0 0.0 0.0 0.0 0.0 0.0 1.0 0.0 0.0 1.0 0.0 0.0 1.0 1.0 0.0 0.0 0.0 0.0 0.0 1.0 0.0 0.0 0.0 0.0 0.0 1.0 2.0 1.0 0.0 0.0
345 0.0 0.0 0.0 0.0 1.0 0.0 1.0 0.0 0.0 0.0 0.0 0.0 1.0 0.0 0.0 1.0 1.0 0.0 1.0 1.0 0.0 0.0 0.0 0.0 0.0 0.0 0.0 0.0 1.0 0.0 1.0 0.0
348 0.0 0.0 1.0 0.0 0.0 0.0 0.0 1.0 0.0 1.0 0.0 1.0 1.0 1.0 0.0 0.0 1.0 0.0 1.0 1.0 0.0 1.0 0.0 1.0 1.0 2.0 1.0 0.0 1.0 1.0 1.0 0.0
351 0.0 0.0 0.0 0.0 1.0 1.0 1.0 1.0 1.0 1.0 1.0 1.0 1.0 0.0 0.0 1.0 1.0 0.0 1.0 1.0 1.0 0.0 0.0 0.0 0.0 0.0 1.0 0.0 1.0 0.0 0.0 0.0
354 0.0 2.0 0.0 2.0 1.0 0.0 1.0 1.0 0.0 0.0 0.0 1.0 2.0 0.0 1.0 1.0 1.0 2.0 0.0 1.0 0.0 2.0 0.0 0.0 0.0 1.0 0.0 1.0 1.0 1.0 1.0 0.0
357 0.0 0.0 0.0 0.0 0.0 0.0 1.0 0.0 0.0 1.0 1.0 1.0 0.0 0.0 0.0 0.0 0.0 1.0 1.0 0.0 0.0 0.0 0.0 0.0 0.0 1.0 0.0 0.0 1.0 0.0 0.0 0.0
