150 3123.0 11312.0 8807.0 6250.0 7141.0 5704.0 4272.0 6574.0 7134.0 4694.0 4186.0 4143.0 4975.0 21054.0 5888.0 6352.0 5859.0 2394.0 4148.0 6261.0 1634.0 4444.0 5928.0 6274.0 2205.0 6481.0 4890.0 7417.0 4668.0 5059.0 5364.0 3860.0
153 15783.0 28988.0 24679.0 19403.0 22505.0 19334.0 16291.0 20539.0 21069.0 18068.0 16385.0 17518.0 17833.0 51082.0 23944.0 19494.0 17758.0 13279.0 17319.0 19475.0 11222.0 17071.0 22258.0 21028.0 12020.0 22852.0 16828.0 23731.0 18956.0 19755.0 20880.0 14366.0
156 17535377.0 17535832.0 17537081.0 17531622.0 17537437.0 17532095.0 17535135.0 17530611.0 17535755.0 17532455.0 17536695.0 17532767.0 17536050.0 17535570.0 17536959.0 17530851.0 17535814.0 17536846.0 17536803.0 17535322.0 17533593.0 17536572.0 17530274.0 17535810.0 17532238.0 17536510.0 17530602.0 17535090.0 17531615.0 17536613.0 17537057.0 17535266.0
159 17831706.0 17845722.0 17836305.0 17823885.0 17837122.0 17823700.0 17828383.0 17823487.0 17829770.0 17823783.0 17829359.0 17824233.0 17828708.0 17832146.0 17829184.0 17823501.0 17828616.0 17828568.0 17828583.0 17827322.0 17824323.0 17828121.0 17822685.0 17827107.0 17823642.0 17828882.0 17822408.0 17828165.0 17822494.0 17829958.0 17831790.0 17829981.0
162 18125454.0 18137613.0 18129854.0 18111090.0 18128468.0 18111075.0 18119931.0 18111161.0 18122245.0 18110960.0 18121316.0 18111198.0 18119354.0 18126178.0 18120428.0 18111256.0 18119372.0 18117963.0 18118873.0 18117597.0 18111364.0 18118090.0 18110416.0 18116832.0 18111101.0 18119188.0 18110352.0 18118262.0 18110020.0 18120079.0 18121531.0 18121449.0
165 18344597.0 18349145.0 18344781.0 18332771.0 18343579.0 18332645.0 18338857.0 18332616.0 18340318.0 18332544.0 18340196.0 18332708.0 18338654.0 18342687.0 18339545.0 18332553.0 18338412.0 18337722.0 18338378.0 18337412.0 18332860.0 18337790.0 18331845.0 18336866.0 18332555.0 18338499.0 18332126.0 18337459.0 18331974.0 18338824.0 18339546.0 18339118.0
168 18555565.0 18556266.0 18553149.0 18544936.0 18551432.0 18545029.0 18548246.0 18544910.0 18548908.0 18544829.0 18548648.0 18544931.0 18547818.0 18550193.0 18548006.0 18544827.0 18547496.0 18547299.0 18547651.0 18547072.0 18545146.0 18547404.0 18544074.0 18546906.0 18544866.0 18547789.0 18544567.0 18547218.0 18544463.0 18547788.0 18548225.0 18548345.0
171 18741837.0 18741357.0 18740255.0 18734665.0 18738812.0 18734751.0 18737861.0 18734707.0 18738493.0 18734664.0 18738469.0 18734730.0 18737612.0 18740069.0 18737869.0 18734539.0 18737356.0 18737194.0 18737342.0 18736802.0 18734777.0 18737072.0 18733715.0 18736689.0 18734452.0 18737127.0 18734177.0 18736455.0 18734121.0 18736887.0 18737036.0 18737190.0
174 18839778.0 18840031.0 18839162.0 18835619.0 18837224.0 18835707.0 18836839.0 18835822.0 18837488.0 18835308.0 18837722.0 18835233.0 18836900.0 18838688.0 18836744.0 18835090.0 18836701.0 18836857.0 18836288.0 18835902.0 18834234.0 18836293.0 18833251.0 18835455.0 18833838.0 18835864.0 18833328.0 18835262.0 18833243.0 18835502.0 18835210.0 18835831.0
177 18846529.0 18845281.0 18842865.0 18833205.0 18838099.0 18833382.0 18835538.0 18834106.0 18836299.0 18831287.0 18836359.0 18831628.0 18833016.0 18836185.0 18832551.0 18831695.0 18831954.0 18831311.0 18830341.0 18829392.0 18827703.0 18829914.0 18825918.0 18827838.0 18826394.0 18827901.0 18824792.0 18827168.0 18824700.0 18827284.0 18827008.0 18828224.0
180 18443010.0 18530025.0 18476050.0 18369851.0 18478216.0 18365405.0 18441400.0 18368985.0 18447829.0 18359978.0 18434697.0 18368892.0 18429713.0 18423152.0 18407944.0 18374680.0 18425371.0 18426747.0 18409865.0 18407620.0 18377905.0 18402616.0 18370743.0 18391245.0 18377692.0 18391251.0 18359607.0 18396241.0 18359222.0 18401539.0 18404138.0 18441682.0
183 11077245.0 11425434.0 11097788.0 10765203.0 11203080.0 10767193.0 11051986.0 10798824.0 11157843.0 10718473.0 11064873.0 10791744.0 11094166.0 11012841.0 10915598.0 10846680.0 11071972.0 11143530.0 10928877.0 10942377.0 10928526.0 10872373.0 10847239.0 10780379.0 10950578.0 10741743.0 10684864.0 10823554.0 10667613.0 10855586.0 10875892.0 11359489.0
186 9772887.0 9768133.0 9604747.0 9502244.0 9687114.0 9531422.0 9598772.0 9561711.0 9707740.0 9476190.0 9631095.0 9546951.0 9660769.0 9594552.0 9500762.0 9597077.0 9643298.0 9711800.0 9495123.0 9518568.0 9694086.0 9428742.0 9611798.0 9349560.0 9713347.0 9291075.0 9443308.0 9380317.0 9404351.0 9388785.0 9406008.0 9825415.0
189 8486445.0 8261916.0 8107465.0 8152981.0 8203101.0 8206354.0 8113801.0 8232927.0 8242992.0 8125465.0 8159802.0 8198533.0 8200065.0 8116407.0 8037723.0 8248124.0 8179372.0 8259430.0 8017871.0 8054703.0 8365930.0 7941715.0 8264224.0 7875330.0 8376625.0 7793154.0 8087306.0 7897439.0 8031971.0 7880062.0 7898209.0 8330725.0
192 193681.0 329878.0 265174.0 212978.0 268193.0 218803.0 234317.0 220045.0 296833.0 195079.0 214446.0 209367.0 233696.0 422079.0 206390.0 223040.0 215564.0 227314.0 185275.0 196001.0 210948.0 194525.0 295792.0 178087.0 215936.0 175975.0 194695.0 189885.0 236554.0 188800.0 186599.0 253188.0
195 169375.0 228570.0 211181.0 174417.0 183161.0 164044.0 186948.0 167363.0 194308.0 163263.0 154011.0 170837.0 178556.0 377262.0 164247.0 165965.0 162709.0 173909.0 155631.0 157359.0 154633.0 171363.0 253584.0 161391.0 159271.0 163594.0 162416.0 161097.0 219521.0 166995.0 166179.0 172194.0
198 168130.0 222853.0 209691.0 171590.0 178259.0 160660.0 186374.0 165087.0 188373.0 162643.0 152639.0 169009.0 176989.0 374838.0 162505.0 163582.0 160645.0 171068.0 154569.0 156599.0 151814.0 171282.0 262062.0 161531.0 156789.0 163732.0 161529.0 161019.0 219130.0 166783.0 165419.0 165458.0
201 167793.0 221814.0 209018.0 172013.0 178044.0 160811.0 186199.0 164990.0 187518.0 161708.0 151881.0 169228.0 177849.0 373939.0 161323.0 162876.0 160279.0 170818.0 153746.0 156408.0 150841.0 170440.0 244953.0 161233.0 157733.0 162656.0 160072.0 160652.0 216788.0 165850.0 163733.0 165141.0
204 167214.0 224665.0 209035.0 171092.0 177123.0 159935.0 184214.0 164752.0 186594.0 160688.0 150799.0 167512.0 176513.0 374432.0 159871.0 162193.0 160625.0 167600.0 151607.0 156143.0 145745.0 169013.0 258134.0 160376.0 155200.0 161879.0 160202.0 159606.0 213713.0 164333.0 162562.0 165334.0
207 162576.0 221664.0 207214.0 170037.0 176658.0 156549.0 179395.0 161703.0 185376.0 156102.0 145707.0 162069.0 173851.0 370816.0 154540.0 160369.0 158492.0 155294.0 144168.0 153543.0 129086.0 162870.0 247581.0 156745.0 148151.0 155803.0 155597.0 157287.0 202353.0 156942.0 154761.0 164439.0
210 148009.0 220784.0 203062.0 164786.0 173538.0 148561.0 166851.0 158081.0 182489.0 139491.0 130982.0 143031.0 165683.0 364174.0 134320.0 155724.0 154430.0 122421.0 122193.0 146279.0 91293.0 144490.0 217778.0 144655.0 126531.0 138842.0 142351.0 151122.0 166250.0 135810.0 130391.0 159949.0
213 102089.0 216882.0 186339.0 146433.0 160177.0 115492.0 123031.0 137870.0 169662.0 91016.0 89414.0 92037.0 136056.0 335989.0 85073.0 135409.0 132916.0 59611.0 72177.0 121474.0 37438.0 93668.0 135612.0 105869.0 76344.0 92639.0 102241.0 125916.0 88687.0 84095.0 76946.0 145830.0
216 40816.0 194387.0 131657.0 92606.0 118294.0 57784.0 55707.0 84481.0 128827.0 32886.0 35411.0 32532.0 74976.0 241395.0 29897.0 83677.0 80920.0 15240.0 23626.0 71625.0 9044.0 34605.0 42613.0 46570.0 25126.0 34322.0 44698.0 73417.0 25245.0 29749.0 24405.0 103149.0
219 10394.0 139048.0 54148.0 32086.0 54650.0 16353.0 14593.0 28549.0 64473.0 8044.0 9069.0 8046.0 22406.0 99250.0 7486.0 29844.0 27032.0 5078.0 6205.0 24565.0 3902.0 8554.0 10407.0 11882.0 6526.0 8558.0 11885.0 23453.0 7337.0 7589.0 6479.0 43961.0
222 4881.0 57467.0 13602.0 7924.0 14384.0 5378.0 5552.0 7113.0 17849.0 4366.0 3882.0 4467.0 6506.0 25273.0 4192.0 7580.0 6893.0 3847.0 3835.0 6608.0 3153.0 4568.0 6463.0 4702.0 3898.0 4417.0 4597.0 6218.0 4926.0 4190.0 4107.0 10751.0
225 3891.0 14527.0 6064.0 4583.0 5406.0 3889.0 4222.0 4332.0 6185.0 3739.0 3219.0 3654.0 4471.0 12280.0 3595.0 4363.0 4144.0 3291.0 3266.0 3920.0 2463.0 3765.0 5440.0 3831.0 3273.0 3660.0 3653.0 3970.0 4025.0 3435.0 3424.0 4730.0
228 3261.0 6886.0 5258.0 4090.0 4394.0 3315.0 3610.0 3608.0 4524.0 3054.0 2800.0 3029.0 3802.0 10669.0 2817.0 3674.0 3588.0 2488.0 2684.0 3312.0 2098.0 3187.0 4633.0 3304.0 2682.0 3016.0 3031.0 3341.0 3383.0 2912.0 2781.0 3775.0
231 2839.0 5680.0 4349.0 3350.0 3817.0 2669.0 3000.0 3013.0 4025.0 2553.0 2234.0 2529.0 3214.0 9221.0 2339.0 3027.0 2937.0 2250.0 2219.0 2768.0 1787.0 2669.0 4228.0 2773.0 2203.0 2705.0 2678.0 2862.0 2840.0 2485.0 2449.0 3245.0
234 2493.0 4853.0 3669.0 2819.0 3087.0 2326.0 2682.0 2520.0 3318.0 2239.0 1971.0 2246.0 2831.0 7736.0 2193.0 2663.0 2455.0 2053.0 2069.0 2405.0 1712.0 2383.0 3776.0 2369.0 2069.0 2393.0 2235.0 2428.0 2608.0 2339.0 2205.0 2688.0
237 2405.0 4004.0 3276.0 2517.0 2703.0 2161.0 2497.0 2303.0 2980.0 2143.0 1889.0 2247.0 2607.0 7177.0 2074.0 2387.0 2387.0 1889.0 2022.0 2178.0 1549.0 2329.0 3615.0 2303.0 2010.0 2306.0 2163.0 2338.0 2544.0 2059.0 2091.0 2430.0
240 2288.0 3727.0 3148.0 2562.0 2578.0 2013.0 2367.0 2214.0 2706.0 2111.0 1771.0 2125.0 2387.0 6687.0 1979.0 2265.0 2250.0 1856.0 1957.0 2268.0 1553.0 2224.0 3498.0 2288.0 1885.0 2264.0 2092.0 2223.0 2342.0 2050.0 2093.0 2387.0
243 2248.0 3626.0 3057.0 2370.0 2500.0 2026.0 2359.0 2128.0 2645.0 1983.0 1774.0 2012.0 2420.0 6507.0 1950.0 2164.0 2147.0 1721.0 1886.0 2097.0 1380.0 2176.0 3129.0 2098.0 1774.0 2150.0 1961.0 2081.0 2322.0 2043.0 1978.0 2326.0
246 2115.0 3514.0 3020.0 2326.0 2370.0 1900.0 2143.0 2003.0 2455.0 1915.0 1637.0 1865.0 2347.0 6354.0 1795.0 2120.0 2157.0 1377.0 1709.0 1963.0 1063.0 1957.0 2912.0 1965.0 1610.0 2051.0 1892.0 2112.0 2060.0 1851.0 1846.0 2264.0
249 2033.0 3330.0 2827.0 2254.0 2217.0 1823.0 2038.0 1995.0 2397.0 1769.0 1441.0 1743.0 2207.0 6104.0 1517.0 2037.0 2025.0 1060.0 1493.0 1972.0 645.0 1830.0 2420.0 1978.0 1382.0 1942.0 1683.0 1974.0 1529.0 1707.0 1599.0 2128.0
252 1609.0 3277.0 2672.0 2114.0 2080.0 1576.0 1693.0 1864.0 2386.0 1356.0 1254.0 1360.0 2031.0 5776.0 1308.0 1885.0 1835.0 565.0 1098.0 1808.0 251.0 1391.0 1845.0 1613.0 1019.0 1622.0 1488.0 1790.0 955.0 1307.0 1171.0 2003.0
255 1055.0 3154.0 2419.0 1813.0 1990.0 1320.0 1237.0 1563.0 2162.0 847.0 771.0 770.0 1614.0 5254.0 787.0 1647.0 1676.0 218.0 591.0 1472.0 109.0 843.0 1000.0 1286.0 434.0 1020.0 1066.0 1554.0 504.0 762.0 644.0 1894.0
258 469.0 3075.0 1859.0 1371.0 1629.0 658.0 508.0 1211.0 1787.0 279.0 265.0 266.0 944.0 4432.0 285.0 1116.0 1053.0 74.0 192.0 998.0 59.0 334.0 290.0 587.0 141.0 422.0 429.0 1017.0 134.0 269.0 188.0 1359.0
261 160.0 2664.0 1147.0 756.0 1109.0 260.0 186.0 580.0 1294.0 115.0 103.0 99.0 466.0 3054.0 112.0 637.0 550.0 49.0 78.0 492.0 37.0 118.0 122.0 214.0 58.0 148.0 175.0 533.0 65.0 92.0 86.0 766.0
264 78.0 2094.0 581.0 268.0 558.0 88.0 88.0 212.0 725.0 55.0 61.0 59.0 159.0 1498.0 59.0 241.0 206.0 48.0 61.0 210.0 28.0 76.0 98.0 89.0 52.0 58.0 94.0 207.0 52.0 54.0 66.0 321.0
267 45.0 1250.0 203.0 105.0 201.0 55.0 60.0 91.0 295.0 47.0 45.0 45.0 84.0 615.0 50.0 81.0 81.0 23.0 49.0 91.0 25.0 64.0 85.0 59.0 35.0 58.0 74.0 88.0 47.0 52.0 54.0 118.0
270 72.0 543.0 103.0 68.0 93.0 58.0 55.0 63.0 110.0 44.0 37.0 46.0 58.0 279.0 42.0 62.0 57.0 36.0 45.0 47.0 20.0 52.0 71.0 53.0 35.0 66.0 63.0 57.0 38.0 41.0 46.0 69.0
273 61.0 254.0 70.0 69.0 69.0 47.0 58.0 61.0 88.0 49.0 34.0 36.0 67.0 212.0 39.0 62.0 49.0 32.0 35.0 48.0 18.0 48.0 60.0 49.0 33.0 45.0 45.0 49.0 45.0 45.0 34.0 60.0
276 40.0 128.0 70.0 72.0 44.0 29.0 32.0 48.0 43.0 36.0 26.0 27.0 48.0 172.0 25.0 63.0 61.0 28.0 36.0 40.0 25.0 37.0 51.0 42.0 46.0 45.0 44.0 49.0 40.0 45.0 30.0 54.0
279 40.0 90.0 69.0 49.0 42.0 39.0 48.0 40.0 51.0 35.0 31.0 26.0 49.0 171.0 29.0 44.0 42.0 26.0 38.0 35.0 18.0 48.0 47.0 58.0 29.0 35.0 35.0 42.0 34.0 31.0 28.0 54.0
282 48.0 85.0 56.0 44.0 32.0 36.0 31.0 47.0 48.0 35.0 33.0 28.0 39.0 170.0 33.0 44.0 34.0 21.0 27.0 27.0 24.0 26.0 44.0 39.0 27.0 27.0 37.0 38.0 27.0 41.0 41.0 39.0
285 44.0 61.0 52.0 42.0 37.0 26.0 28.0 41.0 40.0 36.0 18.0 32.0 40.0 148.0 29.0 48.0 35.0 13.0 29.0 40.0 11.0 39.0 42.0 44.0 24.0 40.0 37.0 23.0 22.0 26.0 31.0 42.0
288 32.0 86.0 71.0 43.0 42.0 25.0 39.0 32.0 46.0 30.0 23.0 23.0 38.0 141.0 32.0 32.0 31.0 7.0 27.0 35.0 5.0 27.0 39.0 39.0 19.0 41.0 30.0 51.0 29.0 26.0 24.0 42.0
291 26.0 68.0 48.0 33.0 48.0 25.0 29.0 47.0 43.0 25.0 20.0 25.0 42.0 109.0 18.0 30.0 38.0 12.0 18.0 27.0 3.0 21.0 27.0 26.0 15.0 36.0 23.0 31.0 19.0 22.0 17.0 40.0
294 18.0 53.0 60.0 45.0 34.0 21.0 19.0 23.0 33.0 14.0 15.0 16.0 28.0 120.0 17.0 43.0 23.0 1.0 5.0 28.0 0.0 22.0 14.0 27.0 16.0 23.0 23.0 35.0 8.0 19.0 13.0 40.0
297 12.0 64.0 39.0 29.0 31.0 20.0 13.0 23.0 41.0 9.0 6.0 3.0 28.0 104.0 10.0 33.0 36.0 2.0 5.0 27.0 0.0 6.0 5.0 20.0 5.0 18.0 13.0 23.0 5.0 16.0 6.0 32.0
300 5.0 56.0 26.0 25.0 24.0 8.0 6.0 21.0 33.0 5.0 5.0 3.0 14.0 88.0 3.0 19.0 19.0 0.0 2.0 25.0 2.0 6.0 3.0 5.0 3.0 12.0 10.0 17.0 3.0 4.0 3.0 38.0
303 3.0 49.0 28.0 11.0 24.0 8.0 6.0 12.0 25.0 2.0 2.0 1.0 14.0 65.0 3.0 15.0 12.0 3.0 1.0 8.0 0.0 1.0 5.0 7.0 1.0 4.0 5.0 18.0 1.0 2.0 0.0 13.0
306 1.0 54.0 19.0 12.0 10.0 3.0 3.0 5.0 25.0 0.0 2.0 2.0 4.0 65.0 2.0 8.0 5.0 0.0 2.0 5.0 2.0 0.0 3.0 1.0 0.0 1.0 3.0 7.0 0.0 0.0 3.0 10.0
309 0.0 37.0 9.0 2.0 8.0 1.0 4.0 3.0 16.0 1.0 0.0 0.0 2.0 33.0 0.0 5.0 4.0 1.0 0.0 4.0 1.0 2.0 0.0 0.0 0.0 3.0 1.0 5.0 0.0 1.0 1.0 3.0
312 0.0 31.0 5.0 1.0 2.0 1.0 2.0 1.0 4.0 2.0 0.0 2.0 2.0 18.0 2.0 0.0 1.0 3.0 2.0 2.0 0.0 1.0 1.0 2.0 1.0 2.0 0.0 1.0 0.0 2.0 0.0 3.0
315 1.0 19.0 0.0 1.0 1.0 4.0 1.0 1.0 5.0 2.0 1.0 1.0 1.0 10.0 0.0 0.0 0.0 0.0 0.0 0.0 1.0 0.0 0.0 3.0 1.0 3.0 0.0 3.0 1.0 0.0 1.0 0.0
318 0.0 8.0 1.0 1.0 0.0 0.0 1.0 2.0 4.0 0.0 0.0 1.0 2.0 4.0 1.0 4.0 1.0 0.0 0.0 1.0 0.0 0.0 4.0 1.0 1.0 1.0 0.0 1.0 0.0 3.0 1.0 2.0
321 2.0 4.0 5.0 2.0 1.0 2.0 1.0 0.0 1.0 0.0 0.0 0.0 0.0 6.0 1.0 2.0 0.0 1.0 1.0 3.0 0.0 0.0 3.0 0.0 0.0 1.0 2.0 0.0 2.0 3.0 2.0 2.0
324 1.0 6.0 2.0 1.0 1.0 1.0 2.0 1.0 1.0 0.0 1.0 0.0 1.0 3.0 0.0 3.0 2.0 0.0 1.0 1.0 0.0 0.0 1.0 2.0 1.0 0.0 0.0 0.0 3.0 1.0 0.0 0.0
327 2.0 3.0 0.0 1.0 2.0 0.0 0.0 1.0 0.0 1.0 0.0 0.0 1.0 2.0 0.0 0.0 1.0 2.0 1.0 0.0 0.0 0.0 0.0 2.0 0.0 1.0 0.0 1.0 0.0 0.0 1.0 0.0
330 0.0 1.0 1.0 2.0 0.0 0.0 1.0 0.0 2.0 2.0 0.0 0.0 1.0 3.0 0.0 1.0 1.0 0.0 1.0 2.0 0.0 0.0 0.0 0.0 1.0 0.0 0.0 0.0 1.0 0.0 0.0 1.0
333 1.0 2.0 1.0 2.0 2.0 0.0 0.0 1.0 2.0 0.0 0.0 0.0 0.0 6.0 0.0 2.0 0.0 1.0 0.0 0.0 0.0 0.0 0.0 2.0 0.0 3.0 0.0 1.0 0.0 0.0 2.0 2.0
336 3.0 0.0 3.0 0.0 1.0 3.0 0.0 0.0 0.0 1.0 0.0 0.0 0.0 2.0 0.0 0.0 2.0 0.0 0.0 0.0 0.0 0.0 0.0 1.0 0.0 0.0 0.0 0.0 1.0 0.0 0.0 1.0
339 0.0 3.0 0.0 2.0 1.0 0.0 0.0 0.0 1.0 1.0 1.0 0.0 0.0 2.0 2.0 1.0 3.0 0.0 0.0 3.0 0.0 1.0 0.0 1.0 0.0 1.0 0.0 0.0 0.0 1.0 0.0 0.0
342 1.0 1.0 1.0 1.0 2.0 1.0 0.0 2.0 1.0 0.0 0.0 0.0 0.0 3.0 0.0 1.0 0.0 0.0 0.0 1.0 0.0 1.0 0.0 0.0 0.0 1.0 1.0 1.0 0.0 0.0 0.0 1.0
345 0.0 2.0 0.0 0.0 0.0 0.0 0.0 0.0 0.0 0.0 0.0 0.0 0.0 2.0 0.0 0.0 1.0 1.0 0.0 1.0 0.0 0.0 0.0 0.0 0.0 0.0 1.0 0.0 0.0 0.0 1.0 0.0
348 0.0 1.0 0.0 0.0 0.0 0.0 0.0 0.0 1.0 1.0 0.0 0.0 0.0 2.0 0.0 1.0 0.0 0.0 0.0 1.0 0.0 0.0 0.0 0.0 0.0 1.0 0.0 0.0 0.0 0.0 1.0 1.0
351 1.0 1.0 0.0 0.0 0.0 0.0 0.0 0.0 1.0 0.0 0.0 0.0 0.0 1.0 0.0 0.0 0.0 0.0 0.0 0.0 0.0 0.0 0.0 1.0 1.0 0.0 0.0 0.0 0.0 0.0 0.0 0.0
354 0.0 0.0 2.0 0.0 0.0 0.0 0.0 0.0 0.0 0.0 0.0 0.0 1.0 1.0 1.0 0.0 0.0 0.0 0.0 0.0 0.0 1.0 0.0 0.0 0.0 0.0 1.0 0.0 0.0 0.0 0.0 0.0
357 1.0 0.0 0.0 0.0 0.0 0.0 1.0 0.0 0.0 1.0 0.0 0.0 0.0 1.0 0.0 0.0 0.0 0.0 0.0 0.0 0.0 0.0 0.0 0.0 0.0 0.0 0.0 0.0 0.0 0.0 0.0 0.0
