150 17964957.0 17956409.0 17951379.0 17936079.0 17948346.0 17932584.0 17943815.0 17933823.0 17942354.0 17933905.0 17944756.0 17933922.0 17945458.0 17946170.0 17945776.0 17934858.0 17943794.0 17941513.0 17942057.0 17941728.0 17933195.0 17939547.0 17932361.0 17937618.0 17930177.0 17939975.0 17927651.0 17937431.0 17930900.0 17941362.0 17940419.0 17943021.0
153 18323661.0 18314544.0 18308365.0 18287153.0 18304417.0 18285046.0 18298391.0 18283738.0 18297832.0 18284120.0 18298411.0 18288585.0 18299658.0 18297393.0 18301644.0 18284021.0 18299427.0 18293088.0 18292327.0 18291977.0 18282034.0 18289248.0 18280741.0 18287153.0 18280187.0 18288252.0 18278760.0 18287566.0 18279694.0 18291720.0 18290757.0 18292487.0
156 18676215.0 18670226.0 18665708.0 18652886.0 18663422.0 18652106.0 18659000.0 18651735.0 18659094.0 18651641.0 18658356.0 18653337.0 18659030.0 18658024.0 18660560.0 18651825.0 18659821.0 18656140.0 18656335.0 18656044.0 18651514.0 18655363.0 18651122.0 18654244.0 18650780.0 18655340.0 18649829.0 18654753.0 18650413.0 18657082.0 18656875.0 18658414.0
159 18986445.0 18982874.0 18979973.0 18974182.0 18978836.0 18973714.0 18977063.0 18973841.0 18977377.0 18973517.0 18977046.0 18973954.0 18977382.0 18977767.0 18978322.0 18973666.0 18978168.0 18976654.0 18977325.0 18977289.0 18973586.0 18976904.0 18973502.0 18976318.0 18973358.0 18977599.0 18972846.0 18977282.0 18973174.0 18979212.0 18979263.0 18980576.0
162 19009420.0 19006122.0 19004359.0 19000861.0 19003789.0 19000377.0 19002444.0 19000632.0 19002626.0 19000470.0 19002315.0 19000813.0 19002485.0 19002828.0 19002856.0 19000587.0 19002845.0 19001966.0 19002633.0 19002466.0 19000379.0 19002348.0 19000293.0 19001929.0 19000185.0 19002856.0 18999800.0 19002537.0 19000078.0 19003794.0 19003870.0 19004890.0
165 19096468.0 19093885.0 19092283.0 19089945.0 19091796.0 19088743.0 19089280.0 19087657.0 19091550.0 19087233.0 19091150.0 19089095.0 19091496.0 19091168.0 19094363.0 19086309.0 19093263.0 19090769.0 19090310.0 19091027.0 19085123.0 19088730.0 19084772.0 19088054.0 19084253.0 19087667.0 19083601.0 19088122.0 19083924.0 19090053.0 19088896.0 19088868.0
168 19166309.0 19165575.0 19162723.0 19158589.0 19160704.0 19156698.0 19157049.0 19155754.0 19156422.0 19155689.0 19156588.0 19157025.0 19156585.0 19156285.0 19156007.0 19154645.0 19155300.0 19153997.0 19154129.0 19153926.0 19152686.0 19152806.0 19152113.0 19152168.0 19151185.0 19152037.0 19150445.0 19151932.0 19150772.0 19152474.0 19152215.0 19152535.0
171 18746837.0 18749357.0 18734195.0 18636179.0 18716644.0 18627393.0 18701941.0 18604448.0 18691177.0 18614169.0 18695571.0 18662138.0 18694176.0 18685419.0 18692092.0 18626076.0 18690476.0 18675129.0 18658731.0 18663038.0 18612225.0 18647011.0 18597309.0 18638906.0 18609172.0 18631038.0 18599159.0 18640336.0 18603611.0 18645549.0 18650000.0 18649699.0
174 10604878.0 10746241.0 10730259.0 10387853.0 10644973.0 10668933.0 10674470.0 10429132.0 10783296.0 10725780.0 10888519.0 11274272.0 10884267.0 10886341.0 11055086.0 10935874.0 10983244.0 10966178.0 10619428.0 10851039.0 10775496.0 10558237.0 10520370.0 10491631.0 10813207.0 10309444.0 10586365.0 10524020.0 10543592.0 10618504.0 10694695.0 10591404.0
177 10099319.0 10250061.0 10282340.0 10141810.0 10210503.0 10515281.0 10279641.0 10228308.0 10383669.0 10543339.0 10501532.0 11129699.0 10488025.0 10499750.0 10679044.0 10781431.0 10593016.0 10583173.0 10184294.0 10455195.0 10597816.0 10118993.0 10320101.0 10059543.0 10666643.0 9849268.0 10400934.0 10079804.0 10320888.0 10178409.0 10260620.0 10126984.0
180 7003620.0 7121215.0 7158699.0 7068248.0 7093407.0 7445395.0 7170517.0 7144123.0 7251156.0 7437443.0 7348391.0 7997789.0 7336641.0 7371633.0 7514078.0 7671283.0 7426892.0 7394826.0 7035674.0 7294135.0 7475955.0 6968655.0 7232963.0 6918236.0 7559297.0 6735596.0 7320582.0 6933471.0 7235976.0 7026340.0 7102458.0 6954870.0
183 261720.0 279475.0 310275.0 254092.0 285864.0 319228.0 294040.0 262123.0 303418.0 363412.0 312453.0 442771.0 304051.0 408726.0 329328.0 345325.0 314715.0 309102.0 266574.0 323837.0 306861.0 268269.0 268276.0 234850.0 306522.0 226022.0 290588.0 257771.0 297879.0 272102.0 281631.0 256237.0
186 111259.0 108825.0 141437.0 120668.0 131224.0 133509.0 125578.0 124877.0 129992.0 201938.0 122810.0 166478.0 115604.0 208238.0 113299.0 142761.0 111214.0 119161.0 122757.0 143365.0 135415.0 127289.0 114061.0 103897.0 125995.0 107226.0 135329.0 113974.0 152508.0 123432.0 121342.0 115800.0
189 108288.0 102694.0 134150.0 116758.0 125730.0 122230.0 116625.0 120449.0 124232.0 196108.0 114046.0 138171.0 108787.0 196545.0 105317.0 130970.0 104778.0 110660.0 119297.0 134987.0 125721.0 122424.0 105592.0 101634.0 110588.0 105041.0 127816.0 108733.0 146204.0 117593.0 113610.0 110108.0
192 108240.0 101747.0 132966.0 116347.0 125828.0 121314.0 116747.0 121083.0 123450.0 194002.0 113943.0 137405.0 108769.0 202920.0 105045.0 130786.0 103689.0 110274.0 119037.0 135276.0 125690.0 121988.0 106945.0 100041.0 110239.0 105156.0 127345.0 107357.0 147415.0 116884.0 113723.0 110677.0
195 107759.0 102067.0 132549.0 115918.0 124839.0 121441.0 116172.0 120058.0 122811.0 200094.0 112516.0 136464.0 107423.0 193631.0 104431.0 129954.0 103050.0 110486.0 117573.0 134164.0 122800.0 121740.0 104231.0 99407.0 109418.0 103429.0 126430.0 105916.0 145909.0 115342.0 112145.0 109705.0
198 100888.0 99371.0 128396.0 113845.0 123217.0 120437.0 114510.0 117508.0 120934.0 192311.0 110209.0 135272.0 106300.0 190867.0 102285.0 127034.0 100644.0 106537.0 115623.0 132992.0 115550.0 120380.0 99119.0 92945.0 107038.0 96895.0 125222.0 99724.0 141590.0 108778.0 108682.0 106391.0
201 84736.0 89870.0 108748.0 107836.0 118842.0 117715.0 109035.0 110767.0 118320.0 160366.0 102228.0 133305.0 101240.0 178530.0 96654.0 120731.0 94624.0 95554.0 108595.0 131932.0 91946.0 113403.0 83603.0 74424.0 97683.0 78951.0 122605.0 82279.0 128351.0 92353.0 97361.0 99451.0
204 47596.0 56450.0 57840.0 83808.0 95891.0 107915.0 85651.0 84781.0 97134.0 94793.0 71108.0 121610.0 79861.0 144946.0 73663.0 95337.0 72362.0 65694.0 80937.0 122409.0 45122.0 88078.0 48085.0 36894.0 69809.0 40136.0 108799.0 44583.0 85390.0 52329.0 63153.0 74229.0
207 15512.0 19098.0 15272.0 40955.0 50215.0 75284.0 43530.0 41887.0 54036.0 29798.0 28389.0 87394.0 40341.0 70193.0 34249.0 49300.0 37672.0 27961.0 37851.0 92048.0 12469.0 43501.0 15587.0 10327.0 29746.0 11528.0 73490.0 13319.0 32162.0 15915.0 22737.0 35844.0
210 4580.0 4992.0 4552.0 12539.0 16235.0 32687.0 13691.0 13518.0 17948.0 8338.0 7492.0 40919.0 11972.0 20311.0 9831.0 16374.0 12316.0 8362.0 11021.0 45799.0 4221.0 12836.0 4446.0 3506.0 8541.0 3665.0 31445.0 3928.0 8613.0 4575.0 5934.0 10799.0
213 2605.0 2570.0 3071.0 3952.0 4555.0 8299.0 4078.0 4236.0 4904.0 5330.0 3152.0 11186.0 3634.0 6253.0 3277.0 4908.0 3656.0 3030.0 3763.0 13085.0 2885.0 4076.0 2489.0 2233.0 3261.0 2458.0 8451.0 2468.0 3979.0 2784.0 2873.0 3479.0
216 2236.0 2236.0 2667.0 2837.0 3257.0 3816.0 2940.0 2988.0 3183.0 4419.0 2605.0 4364.0 2735.0 4688.0 2503.0 3194.0 2581.0 2487.0 2894.0 4739.0 2340.0 3050.0 2271.0 1986.0 2481.0 2202.0 3821.0 2135.0 3400.0 2455.0 2515.0 2549.0
219 1842.0 1863.0 2196.0 2536.0 2634.0 3060.0 2474.0 2497.0 2747.0 3573.0 2291.0 3404.0 2281.0 3973.0 2097.0 2781.0 2128.0 2143.0 2492.0 3486.0 1962.0 2662.0 1872.0 1569.0 2131.0 1815.0 3065.0 1811.0 2837.0 2036.0 2035.0 2171.0
222 1500.0 1504.0 1794.0 1983.0 2268.0 2578.0 1958.0 2097.0 2216.0 3115.0 1765.0 2913.0 1943.0 3323.0 1765.0 2278.0 1844.0 1677.0 1955.0 3026.0 1663.0 2231.0 1584.0 1354.0 1750.0 1477.0 2693.0 1433.0 2340.0 1644.0 1630.0 1873.0
225 1289.0 1336.0 1577.0 1727.0 1848.0 2162.0 1742.0 1869.0 1861.0 2828.0 1584.0 2409.0 1624.0 2623.0 1415.0 1895.0 1494.0 1474.0 1765.0 2436.0 1450.0 1906.0 1380.0 1202.0 1473.0 1238.0 2144.0 1292.0 2114.0 1461.0 1485.0 1529.0
228 1313.0 1187.0 1411.0 1571.0 1725.0 1899.0 1467.0 1704.0 1763.0 2517.0 1486.0 2117.0 1461.0 2261.0 1244.0 1727.0 1410.0 1348.0 1605.0 2072.0 1395.0 1794.0 1170.0 1157.0 1390.0 1222.0 1880.0 1216.0 1873.0 1383.0 1315.0 1495.0
231 1231.0 1256.0 1451.0 1499.0 1616.0 1788.0 1498.0 1572.0 1590.0 2340.0 1418.0 1932.0 1403.0 2348.0 1248.0 1695.0 1266.0 1356.0 1590.0 1965.0 1307.0 1655.0 1137.0 1142.0 1371.0 1227.0 1781.0 1180.0 1860.0 1347.0 1288.0 1441.0
234 1141.0 1112.0 1292.0 1486.0 1575.0 1634.0 1443.0 1515.0 1505.0 2281.0 1384.0 1833.0 1311.0 2162.0 1262.0 1611.0 1239.0 1315.0 1515.0 1935.0 1290.0 1596.0 1089.0 1067.0 1273.0 1190.0 1666.0 1127.0 1777.0 1282.0 1315.0 1352.0
237 1094.0 1102.0 1277.0 1381.0 1639.0 1574.0 1418.0 1474.0 1535.0 2116.0 1309.0 1711.0 1335.0 2021.0 1127.0 1495.0 1257.0 1250.0 1390.0 1834.0 1057.0 1552.0 994.0 987.0 1196.0 1129.0 1642.0 1017.0 1666.0 1138.0 1163.0 1315.0
240 942.0 963.0 1047.0 1350.0 1455.0 1620.0 1328.0 1369.0 1483.0 1980.0 1206.0 1696.0 1274.0 1956.0 1072.0 1494.0 1166.0 1162.0 1358.0 1793.0 899.0 1464.0 919.0 823.0 1137.0 983.0 1644.0 910.0 1574.0 1047.0 1098.0 1270.0
243 643.0 792.0 680.0 1172.0 1351.0 1399.0 1242.0 1213.0 1292.0 1563.0 1007.0 1631.0 1229.0 1621.0 993.0 1292.0 1001.0 824.0 1213.0 1770.0 597.0 1311.0 694.0 544.0 887.0 669.0 1533.0 600.0 1178.0 730.0 876.0 1136.0
246 389.0 459.0 316.0 1026.0 1064.0 1412.0 1005.0 1007.0 1174.0 932.0 689.0 1426.0 950.0 1226.0 731.0 1069.0 900.0 532.0 969.0 1607.0 268.0 1031.0 377.0 258.0 640.0 367.0 1408.0 283.0 739.0 388.0 535.0 839.0
249 182.0 188.0 103.0 630.0 729.0 1213.0 584.0 668.0 849.0 400.0 316.0 1228.0 680.0 706.0 466.0 735.0 571.0 304.0 574.0 1532.0 126.0 696.0 156.0 117.0 326.0 146.0 1184.0 104.0 428.0 144.0 254.0 526.0
252 66.0 59.0 43.0 306.0 387.0 838.0 282.0 306.0 414.0 121.0 118.0 854.0 290.0 321.0 190.0 383.0 306.0 125.0 221.0 1114.0 52.0 308.0 64.0 44.0 135.0 44.0 808.0 34.0 134.0 66.0 75.0 218.0
255 29.0 36.0 45.0 119.0 139.0 424.0 88.0 105.0 167.0 64.0 38.0 427.0 112.0 101.0 72.0 139.0 129.0 46.0 83.0 627.0 39.0 130.0 33.0 31.0 49.0 35.0 394.0 30.0 59.0 36.0 53.0 66.0
258 26.0 29.0 42.0 41.0 49.0 142.0 36.0 59.0 68.0 51.0 32.0 199.0 49.0 58.0 37.0 61.0 51.0 30.0 45.0 294.0 27.0 57.0 22.0 32.0 40.0 30.0 130.0 29.0 52.0 23.0 24.0 58.0
261 25.0 16.0 33.0 39.0 46.0 64.0 56.0 34.0 40.0 47.0 31.0 65.0 31.0 36.0 28.0 45.0 22.0 33.0 44.0 96.0 22.0 58.0 19.0 31.0 40.0 21.0 57.0 22.0 50.0 20.0 36.0 28.0
264 21.0 20.0 27.0 42.0 43.0 52.0 32.0 31.0 35.0 47.0 38.0 49.0 37.0 43.0 20.0 31.0 32.0 35.0 31.0 62.0 26.0 36.0 17.0 30.0 21.0 27.0 55.0 26.0 44.0 23.0 18.0 32.0
267 24.0 29.0 17.0 26.0 27.0 44.0 30.0 28.0 42.0 42.0 19.0 44.0 26.0 41.0 28.0 37.0 26.0 30.0 40.0 54.0 13.0 45.0 25.0 24.0 24.0 22.0 47.0 24.0 32.0 23.0 26.0 29.0
270 13.0 13.0 18.0 21.0 29.0 38.0 21.0 24.0 34.0 42.0 16.0 44.0 30.0 32.0 20.0 20.0 28.0 31.0 22.0 36.0 22.0 34.0 30.0 24.0 20.0 20.0 35.0 27.0 37.0 25.0 16.0 38.0
273 17.0 14.0 19.0 33.0 40.0 35.0 25.0 30.0 33.0 34.0 18.0 29.0 35.0 50.0 15.0 26.0 24.0 29.0 24.0 33.0 24.0 41.0 26.0 10.0 26.0 20.0 44.0 19.0 35.0 22.0 25.0 32.0
276 24.0 13.0 19.0 19.0 23.0 30.0 25.0 32.0 32.0 50.0 22.0 40.0 22.0 30.0 19.0 43.0 20.0 21.0 34.0 42.0 15.0 33.0 15.0 17.0 20.0 27.0 34.0 15.0 33.0 13.0 26.0 22.0
279 10.0 16.0 7.0 30.0 25.0 41.0 28.0 27.0 19.0 32.0 25.0 27.0 28.0 33.0 17.0 19.0 24.0 14.0 24.0 27.0 14.0 35.0 17.0 11.0 23.0 19.0 35.0 10.0 25.0 22.0 20.0 29.0
282 11.0 13.0 9.0 23.0 23.0 26.0 18.0 33.0 22.0 26.0 18.0 32.0 16.0 31.0 17.0 21.0 16.0 28.0 23.0 38.0 12.0 28.0 11.0 13.0 25.0 13.0 37.0 14.0 24.0 8.0 14.0 13.0
285 5.0 12.0 4.0 12.0 20.0 36.0 13.0 12.0 21.0 18.0 10.0 27.0 18.0 25.0 13.0 25.0 17.0 9.0 10.0 29.0 5.0 23.0 8.0 6.0 17.0 7.0 22.0 10.0 19.0 10.0 11.0 17.0
288 7.0 5.0 2.0 13.0 19.0 24.0 16.0 11.0 15.0 8.0 12.0 25.0 21.0 23.0 12.0 12.0 7.0 11.0 10.0 33.0 1.0 16.0 8.0 3.0 4.0 1.0 23.0 5.0 4.0 2.0 8.0 9.0
291 3.0 1.0 0.0 16.0 13.0 31.0 13.0 9.0 13.0 3.0 7.0 29.0 14.0 5.0 5.0 17.0 5.0 3.0 5.0 34.0 0.0 10.0 3.0 5.0 3.0 4.0 12.0 1.0 6.0 3.0 1.0 12.0
294 0.0 2.0 1.0 5.0 7.0 15.0 5.0 10.0 5.0 0.0 1.0 20.0 3.0 4.0 3.0 6.0 7.0 3.0 3.0 19.0 1.0 8.0 1.0 2.0 1.0 2.0 12.0 0.0 4.0 0.0 3.0 3.0
297 0.0 1.0 1.0 3.0 3.0 17.0 3.0 4.0 7.0 2.0 0.0 9.0 1.0 2.0 0.0 5.0 4.0 1.0 2.0 17.0 2.0 3.0 0.0 1.0 2.0 0.0 16.0 2.0 0.0 1.0 0.0 2.0
300 4.0 0.0 0.0 1.0 2.0 6.0 1.0 1.0 3.0 0.0 0.0 9.0 0.0 2.0 0.0 0.0 2.0 1.0 1.0 10.0 2.0 1.0 1.0 0.0 0.0 2.0 7.0 0.0 4.0 0.0 0.0 1.0
303 0.0 0.0 1.0 1.0 1.0 6.0 0.0 2.0 0.0 3.0 2.0 5.0 1.0 3.0 1.0 3.0 2.0 0.0 1.0 3.0 0.0 1.0 0.0 0.0 1.0 1.0 3.0 0.0 1.0 0.0 0.0 4.0
306 0.0 0.0 1.0 0.0 0.0 2.0 1.0 1.0 0.0 1.0 4.0 2.0 3.0 0.0 1.0 1.0 0.0 2.0 3.0 3.0 1.0 1.0 1.0 2.0 0.0 2.0 1.0 1.0 3.0 1.0 0.0 3.0
309 1.0 0.0 0.0 1.0 0.0 4.0 0.0 1.0 2.0 1.0 1.0 2.0 3.0 1.0 0.0 2.0 2.0 0.0 0.0 2.0 0.0 3.0 1.0 0.0 1.0 0.0 0.0 1.0 1.0 1.0 0.0 0.0
312 1.0 1.0 1.0 0.0 1.0 2.0 1.0 1.0 0.0 2.0 0.0 1.0 0.0 2.0 1.0 0.0 0.0 2.0 1.0 2.0 0.0 2.0 0.0 0.0 2.0 0.0 1.0 1.0 1.0 0.0 0.0 1.0
315 0.0 2.0 2.0 0.0 1.0 0.0 0.0 4.0 0.0 0.0 0.0 2.0 1.0 0.0 2.0 0.0 3.0 0.0 4.0 1.0 0.0 0.0 0.0 1.0 2.0 0.0 1.0 1.0 0.0 0.0 1.0 1.0
318 0.0 1.0 0.0 0.0 1.0 1.0 2.0 1.0 1.0 0.0 1.0 0.0 0.0 2.0 1.0 0.0 2.0 3.0 2.0 2.0 0.0 0.0 0.0 0.0 2.0 1.0 0.0 0.0 0.0 0.0 0.0 0.0
321 0.0 1.0 1.0 2.0 0.0 0.0 3.0 0.0 0.0 0.0 1.0 0.0 0.0 2.0 1.0 0.0 0.0 1.0 0.0 0.0 0.0 0.0 0.0 0.0 0.0 0.0 0.0 0.0 1.0 0.0 2.0 1.0
324 0.0 0.0 0.0 2.0 2.0 0.0 1.0 0.0 0.0 2.0 2.0 0.0 0.0 0.0 0.0 0.0 0.0 1.0 1.0 0.0 0.0 0.0 0.0 0.0 0.0 0.0 1.0 0.0 0.0 0.0 0.0 0.0
327 0.0 0.0 0.0 0.0 1.0 1.0 0.0 1.0 0.0 0.0 0.0 1.0 2.0 0.0 0.0 0.0 0.0 0.0 0.0 1.0 0.0 0.0 0.0 2.0 0.0 0.0 1.0 0.0 1.0 1.0 0.0 0.0
330 1.0 0.0 0.0 2.0 0.0 0.0 0.0 0.0 0.0 0.0 1.0 1.0 1.0 0.0 0.0 0.0 0.0 0.0 0.0 1.0 0.0 1.0 0.0 0.0 0.0 0.0 0.0 0.0 0.0 0.0 0.0 0.0
333 0.0 1.0 0.0 0.0 0.0 1.0 0.0 0.0 1.0 0.0 0.0 0.0 0.0 1.0 0.0 0.0 1.0 1.0 1.0 0.0 0.0 0.0 0.0 0.0 0.0 0.0 0.0 1.0 0.0 0.0 0.0 1.0
336 0.0 0.0 0.0 0.0 0.0 1.0 0.0 0.0 0.0 0.0 0.0 0.0 0.0 0.0 2.0 0.0 0.0 0.0 0.0 1.0 0.0 0.0 0.0 0.0 1.0 0.0 0.0 0.0 1.0 0.0 0.0 0.0
339 0.0 0.0 0.0 0.0 0.0 0.0 0.0 1.0 1.0 0.0 0.0 0.0 1.0 0.0 0.0 0.0 2.0 0.0 2.0 0.0 0.0 1.0 0.0 0.0 0.0 1.0 2.0 0.0 0.0 0.0 1.0 1.0
342 0.0 0.0 0.0 0.0 0.0 0.0 0.0 1.0 0.0 0.0 0.0 0.0 0.0 0.0 0.0 0.0 0.0 0.0 0.0 1.0 0.0 0.0 0.0 0.0 0.0 1.0 0.0 0.0 0.0 0.0 0.0 0.0
345 0.0 0.0 0.0 0.0 0.0 0.0 0.0 2.0 0.0 0.0 0.0 0.0 0.0 1.0 0.0 0.0 0.0 0.0 0.0 1.0 0.0 0.0 0.0 0.0 0.0 0.0 0.0 0.0 0.0 0.0 0.0 0.0
348 0.0 0.0 0.0 0.0 0.0 1.0 0.0 0.0 0.0 0.0 0.0 0.0 0.0 1.0 0.0 2.0 0.0 0.0 0.0 0.0 0.0 0.0 0.0 0.0 1.0 0.0 0.0 0.0 0.0 0.0 1.0 1.0
351 0.0 0.0 0.0 0.0 0.0 0.0 0.0 1.0 0.0 0.0 0.0 2.0 0.0 0.0 0.0 0.0 0.0 0.0 0.0 0.0 0.0 0.0 0.0 0.0 0.0 0.0 1.0 0.0 0.0 0.0 0.0 0.0
354 0.0 0.0 0.0 0.0 0.0 0.0 0.0 0.0 1.0 0.0 1.0 0.0 0.0 0.0 0.0 0.0 0.0 0.0 0.0 1.0 0.0 0.0 0.0 0.0 0.0 0.0 0.0 0.0 0.0 0.0 0.0 0.0
357 0.0 0.0 0.0 0.0 0.0 0.0 0.0 0.0 0.0 0.0 0.0 0.0 0.0 0.0 0.0 0.0 0.0 0.0 0.0 1.0 0.0 0.0 0.0 0.0 1.0 0.0 0.0 0.0 0.0 1.0 0.0 0.0
