150 17051177.0 17043278.0 17045161.0 17036123.0 17044558.0 17037491.0 17041388.0 17039021.0 17040294.0 17037044.0 17043750.0 17037962.0 17045167.0 17043546.0 17041534.0 17037181.0 17045192.0 17041741.0 17041544.0 17043103.0 17036411.0 17042360.0 17038998.0 17041751.0 17034570.0 17039835.0 17034906.0 17043358.0 17033502.0 17043452.0 17045951.0 17042242.0
153 17732478.0 17726488.0 17725743.0 17716287.0 17727815.0 17715488.0 17723902.0 17715821.0 17723434.0 17716285.0 17726688.0 17718449.0 17728290.0 17724835.0 17724017.0 17718576.0 17725139.0 17722209.0 17723677.0 17721082.0 17716165.0 17722760.0 17716826.0 17721086.0 17715605.0 17719107.0 17714237.0 17723519.0 17713940.0 17722783.0 17726057.0 17724833.0
156 17925631.0 17924494.0 17924437.0 17922792.0 17924480.0 17922672.0 17924130.0 17922783.0 17924144.0 17922780.0 17924630.0 17923029.0 17924718.0 17924185.0 17924073.0 17922817.0 17924276.0 17923936.0 17924299.0 17923928.0 17922652.0 17924273.0 17922934.0 17924044.0 17922625.0 17923786.0 17922448.0 17924533.0 17922218.0 17924372.0 17924889.0 17924754.0
159 18147276.0 18141218.0 18141385.0 18135740.0 18140391.0 18135536.0 18138428.0 18135542.0 18138055.0 18135710.0 18139056.0 18136273.0 18139293.0 18138370.0 18137861.0 18135875.0 18138370.0 18137473.0 18137974.0 18137197.0 18135471.0 18137800.0 18135650.0 18137213.0 18135199.0 18136613.0 18135013.0 18138096.0 18134868.0 18137892.0 18139096.0 18138529.0
162 18386446.0 18384754.0 18386477.0 18378692.0 18384140.0 18378271.0 18381632.0 18378265.0 18380681.0 18378332.0 18381777.0 18378950.0 18381923.0 18380722.0 18380038.0 18378471.0 18380686.0 18379752.0 18380067.0 18379450.0 18377964.0 18379848.0 18378056.0 18379531.0 18377789.0 18378907.0 18377522.0 18379734.0 18377405.0 18379676.0 18380918.0 18379889.0
165 18688846.0 18688567.0 18690195.0 18682891.0 18691455.0 18682319.0 18693113.0 18682547.0 18692494.0 18682716.0 18696643.0 18683783.0 18696241.0 18693252.0 18690380.0 18683301.0 18693450.0 18689135.0 18690832.0 18688512.0 18682058.0 18689762.0 18682171.0 18689250.0 18681568.0 18686204.0 18680846.0 18688410.0 18680539.0 18687921.0 18691104.0 18686685.0
168 18815871.0 18815367.0 18815691.0 18815379.0 18816118.0 18814994.0 18816527.0 18815272.0 18817355.0 18814121.0 18819330.0 18815532.0 18819332.0 18819061.0 18818503.0 18815118.0 18818133.0 18818123.0 18818734.0 18816517.0 18812701.0 18817183.0 18812831.0 18817464.0 18811818.0 18815144.0 18811571.0 18816815.0 18811187.0 18815383.0 18816199.0 18814729.0
171 18806316.0 18807417.0 18805755.0 18802721.0 18808367.0 18801477.0 18805423.0 18801587.0 18805600.0 18801995.0 18808891.0 18807314.0 18809434.0 18804468.0 18804364.0 18807653.0 18805379.0 18803417.0 18804953.0 18800581.0 18800084.0 18800999.0 18799560.0 18800288.0 18796755.0 18797697.0 18795170.0 18798682.0 18794544.0 18797820.0 18798707.0 18798509.0
174 18523254.0 18590510.0 18512479.0 18380366.0 18572897.0 18287574.0 18549163.0 18269631.0 18514428.0 18322420.0 18539076.0 18377312.0 18550459.0 18495976.0 18505609.0 18416085.0 18497579.0 18500228.0 18527530.0 18444195.0 18321507.0 18453852.0 18240641.0 18436784.0 18301621.0 18434938.0 18245061.0 18441469.0 18285275.0 18446020.0 18459683.0 18522921.0
177 11033654.0 11373438.0 11043724.0 11214686.0 11350435.0 11017176.0 11394188.0 10969755.0 11331228.0 11214534.0 11424957.0 11423064.0 11478937.0 11333049.0 11411229.0 11556186.0 11284470.0 11390895.0 11471404.0 11145281.0 11231206.0 11173246.0 10906196.0 11122742.0 11239994.0 11089915.0 10974753.0 11126613.0 11155621.0 11100702.0 11140404.0 11477708.0
180 10112368.0 10382595.0 10122075.0 10435088.0 10411041.0 10232284.0 10472667.0 10163897.0 10429846.0 10441124.0 10520875.0 10633410.0 10575292.0 10439999.0 10511890.0 10767423.0 10384424.0 10482454.0 10548758.0 10249009.0 10433491.0 10263254.0 10075299.0 10202999.0 10446476.0 10161219.0 10158237.0 10205536.0 10357684.0 10164331.0 10198225.0 10457807.0
183 8487305.0 8752993.0 8489732.0 8953542.0 8781609.0 8758052.0 8848638.0 8650494.0 8808757.0 8950513.0 8878548.0 9101453.0 8920295.0 8817740.0 8867531.0 9240198.0 8728127.0 8843118.0 8886997.0 8607801.0 8908515.0 8609266.0 8527797.0 8541716.0 8941808.0 8497533.0 8642527.0 8522135.0 8863324.0 8490700.0 8502848.0 8790188.0
186 1134079.0 1246686.0 1108499.0 1207891.0 1256580.0 1153429.0 1255728.0 1092911.0 1247800.0 1226372.0 1255079.0 1258228.0 1277924.0 1267715.0 1272117.0 1380240.0 1208871.0 1233936.0 1246568.0 1170638.0 1192617.0 1164319.0 1062260.0 1121260.0 1208419.0 1110744.0 1130053.0 1157445.0 1230340.0 1160205.0 1153093.0 1263385.0
189 138558.0 156313.0 138780.0 140031.0 154119.0 148632.0 155323.0 134045.0 165453.0 153023.0 155631.0 147838.0 168105.0 178394.0 181210.0 201821.0 163056.0 157967.0 158839.0 168182.0 145494.0 151752.0 125419.0 135052.0 160009.0 133040.0 152216.0 179770.0 185898.0 175079.0 160719.0 186556.0
192 135136.0 134030.0 133492.0 119607.0 123837.0 135109.0 126936.0 127563.0 138768.0 125365.0 127780.0 120226.0 134888.0 145201.0 147948.0 144755.0 139762.0 126021.0 125583.0 149027.0 124343.0 129615.0 118313.0 116607.0 143850.0 114834.0 138046.0 162222.0 160519.0 146553.0 131482.0 130897.0
195 133804.0 133335.0 132727.0 118736.0 122707.0 133701.0 126019.0 126372.0 137750.0 124276.0 126665.0 119268.0 134476.0 144637.0 147801.0 144081.0 139050.0 125482.0 124188.0 147800.0 122903.0 129242.0 118199.0 114519.0 140263.0 111824.0 137359.0 160286.0 161736.0 146298.0 130244.0 128767.0
198 131823.0 133096.0 131248.0 116870.0 121555.0 132754.0 124802.0 123789.0 137139.0 120778.0 124760.0 115599.0 133915.0 143329.0 146361.0 143563.0 137778.0 124121.0 120253.0 147632.0 122318.0 128796.0 114321.0 104075.0 140477.0 99130.0 136113.0 157054.0 158863.0 140689.0 125490.0 128063.0
201 126252.0 130834.0 122583.0 110136.0 117919.0 126091.0 119350.0 105868.0 134100.0 106073.0 117802.0 101723.0 131493.0 140108.0 142973.0 141042.0 134143.0 118900.0 103590.0 145287.0 115506.0 124142.0 97034.0 74962.0 128877.0 66828.0 133480.0 144553.0 156491.0 124352.0 109193.0 119254.0
204 100469.0 124691.0 93080.0 83215.0 98111.0 103864.0 94850.0 63365.0 121071.0 68533.0 92555.0 65490.0 122295.0 123909.0 127896.0 131363.0 118889.0 98616.0 63745.0 131798.0 91459.0 110036.0 58817.0 32154.0 104986.0 27017.0 118244.0 109799.0 143175.0 84351.0 70382.0 92928.0
207 50488.0 95595.0 42534.0 36317.0 54135.0 55068.0 46403.0 19742.0 80606.0 24963.0 44438.0 23383.0 89847.0 80772.0 82919.0 96753.0 75620.0 52790.0 20661.0 93250.0 47368.0 72237.0 18956.0 7505.0 54374.0 6404.0 78788.0 51891.0 105078.0 33578.0 26423.0 49829.0
210 13742.0 46386.0 10772.0 8652.0 16308.0 16026.0 12201.0 4683.0 31198.0 6109.0 11224.0 5708.0 40032.0 31142.0 28576.0 43491.0 27000.0 14948.0 4932.0 38941.0 13165.0 27562.0 4759.0 2920.0 15191.0 2679.0 31718.0 12927.0 49141.0 8551.0 6519.0 14988.0
213 4369.0 12590.0 3792.0 3144.0 4316.0 4585.0 3832.0 2882.0 7494.0 2918.0 3588.0 2776.0 10281.0 8107.0 6483.0 11041.0 6805.0 4082.0 2759.0 10053.0 3916.0 6952.0 2672.0 2349.0 4336.0 2100.0 8189.0 4363.0 13872.0 3509.0 2986.0 4213.0
216 2966.0 4175.0 2842.0 2426.0 2714.0 2962.0 2801.0 2438.0 3528.0 2513.0 2581.0 2263.0 3852.0 3633.0 3792.0 4097.0 3398.0 2776.0 2322.0 4164.0 2709.0 3324.0 2179.0 1810.0 3207.0 1664.0 3735.0 3425.0 4890.0 2768.0 2420.0 2754.0
219 2459.0 2986.0 2352.0 2043.0 2267.0 2476.0 2311.0 1990.0 2935.0 1888.0 2234.0 1824.0 2974.0 2948.0 3174.0 3192.0 2898.0 2350.0 1771.0 3217.0 2405.0 2633.0 1749.0 1425.0 2603.0 1295.0 2919.0 2738.0 3626.0 2295.0 1993.0 2286.0
222 1894.0 2677.0 1916.0 1579.0 1890.0 2015.0 1740.0 1481.0 2286.0 1564.0 1715.0 1488.0 2404.0 2440.0 2607.0 2722.0 2393.0 1861.0 1477.0 2611.0 1861.0 2240.0 1342.0 1245.0 2109.0 1190.0 2427.0 2221.0 3075.0 1897.0 1546.0 1822.0
225 1599.0 2091.0 1612.0 1296.0 1411.0 1704.0 1499.0 1407.0 1716.0 1317.0 1428.0 1300.0 1865.0 1828.0 2060.0 2099.0 1926.0 1529.0 1319.0 2019.0 1560.0 1802.0 1175.0 1073.0 1836.0 1072.0 1921.0 1788.0 2487.0 1490.0 1282.0 1477.0
228 1522.0 1801.0 1518.0 1278.0 1387.0 1510.0 1398.0 1301.0 1638.0 1226.0 1350.0 1168.0 1692.0 1656.0 1774.0 1828.0 1710.0 1432.0 1200.0 1845.0 1448.0 1593.0 1194.0 1082.0 1653.0 1029.0 1641.0 1704.0 2198.0 1487.0 1258.0 1345.0
231 1515.0 1690.0 1513.0 1220.0 1315.0 1436.0 1429.0 1243.0 1595.0 1189.0 1247.0 1164.0 1605.0 1547.0 1746.0 1669.0 1605.0 1324.0 1138.0 1792.0 1328.0 1482.0 1161.0 951.0 1537.0 882.0 1614.0 1638.0 2090.0 1400.0 1253.0 1322.0
234 1400.0 1622.0 1422.0 1214.0 1241.0 1400.0 1248.0 1166.0 1522.0 1043.0 1258.0 1003.0 1595.0 1489.0 1631.0 1662.0 1654.0 1260.0 1054.0 1770.0 1336.0 1442.0 1101.0 813.0 1563.0 670.0 1606.0 1631.0 1933.0 1374.0 1238.0 1251.0
237 1213.0 1608.0 1341.0 1092.0 1196.0 1360.0 1210.0 1006.0 1487.0 898.0 1092.0 871.0 1451.0 1513.0 1651.0 1587.0 1513.0 1203.0 919.0 1687.0 1261.0 1382.0 907.0 498.0 1404.0 399.0 1520.0 1445.0 1882.0 1272.0 975.0 1173.0
240 1243.0 1532.0 1189.0 916.0 1110.0 1181.0 1079.0 746.0 1357.0 680.0 1000.0 654.0 1330.0 1407.0 1637.0 1520.0 1453.0 1141.0 662.0 1629.0 1125.0 1329.0 691.0 257.0 1268.0 153.0 1364.0 1209.0 1814.0 910.0 716.0 1020.0
243 953.0 1527.0 879.0 597.0 894.0 933.0 782.0 395.0 1180.0 376.0 700.0 357.0 1333.0 1215.0 1364.0 1416.0 1224.0 822.0 327.0 1473.0 852.0 1184.0 353.0 89.0 953.0 67.0 1281.0 915.0 1561.0 622.0 453.0 742.0
246 626.0 1192.0 474.0 285.0 585.0 537.0 420.0 144.0 867.0 147.0 403.0 146.0 1077.0 906.0 1014.0 1156.0 911.0 456.0 124.0 1126.0 522.0 881.0 166.0 34.0 549.0 34.0 992.0 489.0 1382.0 243.0 193.0 378.0
249 328.0 837.0 207.0 106.0 265.0 260.0 138.0 47.0 534.0 49.0 152.0 55.0 713.0 549.0 513.0 765.0 535.0 188.0 35.0 851.0 230.0 516.0 44.0 25.0 231.0 22.0 636.0 171.0 884.0 95.0 68.0 174.0
252 110.0 480.0 60.0 45.0 78.0 111.0 50.0 32.0 199.0 34.0 50.0 27.0 337.0 249.0 210.0 370.0 248.0 77.0 27.0 360.0 88.0 240.0 32.0 21.0 79.0 23.0 276.0 61.0 465.0 33.0 36.0 54.0
255 48.0 199.0 31.0 24.0 40.0 52.0 36.0 20.0 67.0 16.0 29.0 23.0 135.0 68.0 63.0 133.0 86.0 29.0 24.0 143.0 25.0 73.0 14.0 18.0 41.0 6.0 105.0 45.0 189.0 28.0 28.0 34.0
258 33.0 53.0 27.0 30.0 29.0 28.0 35.0 27.0 36.0 20.0 23.0 18.0 34.0 45.0 33.0 57.0 35.0 28.0 18.0 49.0 26.0 26.0 16.0 14.0 31.0 14.0 42.0 30.0 68.0 19.0 29.0 30.0
261 19.0 41.0 20.0 17.0 30.0 20.0 23.0 18.0 25.0 20.0 16.0 18.0 33.0 29.0 41.0 43.0 30.0 22.0 14.0 50.0 36.0 31.0 12.0 11.0 23.0 15.0 34.0 31.0 44.0 18.0 23.0 20.0
264 19.0 34.0 26.0 28.0 24.0 25.0 19.0 21.0 29.0 19.0 23.0 19.0 30.0 32.0 28.0 39.0 29.0 27.0 18.0 38.0 30.0 25.0 15.0 17.0 24.0 15.0 32.0 28.0 31.0 20.0 15.0 16.0
267 18.0 33.0 28.0 14.0 15.0 23.0 10.0 24.0 29.0 13.0 14.0 20.0 28.0 29.0 35.0 28.0 32.0 11.0 21.0 27.0 13.0 25.0 16.0 10.0 24.0 7.0 23.0 15.0 34.0 23.0 14.0 16.0
270 17.0 31.0 21.0 19.0 22.0 15.0 5.0 18.0 27.0 18.0 18.0 13.0 22.0 34.0 29.0 38.0 20.0 20.0 13.0 31.0 16.0 26.0 15.0 9.0 31.0 5.0 25.0 23.0 32.0 13.0 15.0 33.0
273 21.0 31.0 16.0 18.0 20.0 22.0 14.0 13.0 20.0 15.0 12.0 13.0 23.0 24.0 20.0 25.0 26.0 14.0 11.0 28.0 12.0 22.0 11.0 7.0 19.0 1.0 30.0 14.0 38.0 12.0 14.0 15.0
276 14.0 25.0 19.0 19.0 13.0 23.0 21.0 16.0 19.0 10.0 19.0 19.0 18.0 30.0 30.0 20.0 21.0 21.0 5.0 31.0 14.0 18.0 9.0 1.0 17.0 1.0 28.0 23.0 33.0 16.0 6.0 15.0
279 14.0 26.0 25.0 8.0 11.0 15.0 15.0 10.0 17.0 9.0 19.0 5.0 11.0 18.0 30.0 20.0 23.0 14.0 8.0 21.0 11.0 20.0 6.0 0.0 17.0 1.0 20.0 21.0 24.0 10.0 11.0 13.0
282 19.0 22.0 10.0 10.0 9.0 5.0 10.0 0.0 11.0 3.0 3.0 3.0 16.0 14.0 25.0 20.0 19.0 5.0 1.0 18.0 10.0 16.0 2.0 0.0 16.0 1.0 15.0 7.0 27.0 11.0 2.0 5.0
285 15.0 13.0 5.0 2.0 9.0 8.0 6.0 3.0 14.0 2.0 5.0 1.0 16.0 13.0 24.0 21.0 11.0 4.0 1.0 23.0 10.0 11.0 1.0 0.0 5.0 0.0 14.0 4.0 20.0 4.0 2.0 8.0
288 3.0 16.0 5.0 1.0 4.0 2.0 0.0 3.0 4.0 1.0 1.0 2.0 11.0 12.0 7.0 16.0 17.0 5.0 0.0 16.0 4.0 11.0 0.0 0.0 3.0 0.0 9.0 3.0 11.0 0.0 1.0 1.0
291 2.0 14.0 1.0 0.0 2.0 1.0 1.0 0.0 6.0 0.0 2.0 1.0 4.0 7.0 6.0 5.0 4.0 0.0 1.0 9.0 2.0 5.0 0.0 0.0 1.0 0.0 5.0 0.0 17.0 0.0 0.0 0.0
294 0.0 3.0 1.0 1.0 1.0 0.0 1.0 0.0 4.0 0.0 0.0 0.0 3.0 2.0 2.0 3.0 2.0 3.0 3.0 3.0 0.0 1.0 0.0 0.0 0.0 0.0 5.0 0.0 7.0 1.0 2.0 0.0
297 0.0 1.0 1.0 0.0 0.0 0.0 0.0 1.0 0.0 0.0 0.0 1.0 4.0 2.0 3.0 2.0 1.0 0.0 0.0 1.0 0.0 1.0 0.0 0.0 0.0 1.0 0.0 0.0 2.0 0.0 1.0 0.0
300 0.0 0.0 2.0 0.0 0.0 0.0 0.0 0.0 1.0 0.0 0.0 1.0 1.0 0.0 0.0 1.0 1.0 0.0 0.0 0.0 1.0 1.0 0.0 0.0 1.0 0.0 1.0 0.0 0.0 0.0 1.0 0.0
303 0.0 1.0 0.0 1.0 1.0 1.0 1.0 0.0 1.0 1.0 1.0 1.0 1.0 3.0 1.0 0.0 1.0 1.0 0.0 0.0 1.0 0.0 0.0 0.0 0.0 0.0 2.0 0.0 3.0 0.0 1.0 1.0
306 0.0 1.0 1.0 1.0 0.0 1.0 1.0 0.0 1.0 0.0 2.0 0.0 1.0 0.0 0.0 0.0 1.0 0.0 0.0 1.0 0.0 0.0 1.0 0.0 1.0 0.0 0.0 0.0 0.0 0.0 0.0 0.0
309 0.0 1.0 0.0 0.0 0.0 1.0 0.0 0.0 1.0 0.0 1.0 0.0 1.0 0.0 0.0 1.0 1.0 0.0 1.0 1.0 0.0 1.0 0.0 0.0 0.0 0.0 0.0 0.0 0.0 0.0 0.0 0.0
312 2.0 0.0 0.0 1.0 0.0 1.0 0.0 1.0 0.0 0.0 0.0 1.0 2.0 2.0 0.0 0.0 1.0 0.0 1.0 0.0 0.0 1.0 0.0 0.0 0.0 1.0 1.0 0.0 2.0 0.0 1.0 0.0
315 0.0 1.0 1.0 0.0 0.0 1.0 0.0 1.0 0.0 1.0 1.0 0.0 0.0 0.0 1.0 0.0 1.0 0.0 0.0 1.0 1.0 0.0 0.0 0.0 0.0 0.0 1.0 1.0 2.0 0.0 0.0 0.0
318 0.0 0.0 1.0 1.0 0.0 1.0 1.0 0.0 0.0 0.0 0.0 0.0 0.0 1.0 1.0 1.0 1.0 0.0 0.0 1.0 0.0 0.0 0.0 0.0 0.0 0.0 1.0 1.0 1.0 0.0 0.0 0.0
321 0.0 0.0 1.0 0.0 0.0 0.0 0.0 0.0 1.0 1.0 1.0 0.0 0.0 1.0 1.0 0.0 1.0 0.0 0.0 0.0 0.0 0.0 0.0 1.0 0.0 0.0 0.0 0.0 0.0 0.0 0.0 1.0
324 0.0 0.0 0.0 0.0 0.0 0.0 0.0 0.0 0.0 1.0 0.0 0.0 0.0 0.0 1.0 0.0 1.0 0.0 1.0 0.0 2.0 0.0 0.0 0.0 0.0 0.0 0.0 0.0 0.0 0.0 0.0 0.0
327 0.0 0.0 0.0 0.0 0.0 0.0 0.0 0.0 0.0 0.0 0.0 1.0 0.0 0.0 0.0 0.0 0.0 0.0 0.0 1.0 0.0 1.0 0.0 0.0 0.0 0.0 0.0 0.0 1.0 0.0 0.0 0.0
330 1.0 0.0 0.0 1.0 0.0 0.0 0.0 0.0 0.0 0.0 0.0 1.0 0.0 1.0 0.0 0.0 0.0 0.0 0.0 0.0 0.0 0.0 0.0 0.0 2.0 0.0 0.0 0.0 0.0 0.0 0.0 0.0
333 0.0 1.0 0.0 0.0 0.0 0.0 0.0 0.0 0.0 0.0 1.0 0.0 0.0 0.0 0.0 1.0 1.0 0.0 0.0 1.0 0.0 0.0 0.0 0.0 0.0 0.0 1.0 0.0 0.0 0.0 1.0 0.0
336 0.0 0.0 0.0 0.0 0.0 1.0 0.0 0.0 0.0 0.0 0.0 0.0 0.0 0.0 0.0 0.0 0.0 1.0 0.0 0.0 1.0 0.0 0.0 0.0 0.0 0.0 0.0 0.0 0.0 1.0 0.0 0.0
339 0.0 0.0 0.0 0.0 0.0 0.0 0.0 0.0 0.0 0.0 0.0 0.0 0.0 0.0 0.0 0.0 0.0 0.0 0.0 1.0 0.0 0.0 0.0 0.0 0.0 0.0 0.0 0.0 0.0 0.0 0.0 0.0
342 1.0 1.0 1.0 0.0 0.0 0.0 0.0 0.0 0.0 0.0 0.0 0.0 1.0 0.0 0.0 0.0 0.0 0.0 1.0 0.0 1.0 0.0 1.0 0.0 0.0 1.0 0.0 0.0 0.0 1.0 0.0 0.0
345 0.0 0.0 0.0 0.0 0.0 0.0 0.0 0.0 1.0 0.0 0.0 0.0 0.0 2.0 1.0 0.0 0.0 0.0 0.0 0.0 0.0 0.0 0.0 0.0 0.0 0.0 0.0 0.0 1.0 0.0 0.0 1.0
348 1.0 0.0 0.0 0.0 0.0 0.0 0.0 1.0 0.0 0.0 0.0 0.0 0.0 1.0 0.0 0.0 0.0 0.0 0.0 1.0 0.0 0.0 0.0 0.0 1.0 0.0 0.0 0.0 0.0 0.0 0.0 0.0
351 0.0 0.0 0.0 0.0 0.0 0.0 0.0 1.0 0.0 0.0 0.0 0.0 0.0 0.0 1.0 0.0 0.0 0.0 0.0 0.0 1.0 0.0 1.0 0.0 0.0 0.0 0.0 0.0 0.0 0.0 0.0 0.0
354 0.0 0.0 0.0 0.0 0.0 0.0 0.0 0.0 1.0 0.0 0.0 0.0 0.0 0.0 0.0 0.0 0.0 0.0 0.0 0.0 0.0 2.0 0.0 0.0 0.0 0.0 1.0 0.0 1.0 0.0 0.0 0.0
357 0.0 0.0 0.0 0.0 0.0 1.0 0.0 1.0 0.0 0.0 0.0 0.0 0.0 0.0 0.0 1.0 0.0 0.0 1.0 0.0 0.0 0.0 1.0 1.0 0.0 0.0 0.0 0.0 0.0 1.0 0.0 0.0
