150 17276420.0 17263799.0 17261550.0 17226160.0 17261160.0 17230625.0 17239459.0 17231617.0 17244463.0 17234838.0 17262131.0 17232064.0 17258823.0 17260557.0 17264296.0 17225617.0 17255529.0 17255889.0 17248802.0 17244239.0 17217348.0 17257936.0 17219822.0 17246858.0 17218131.0 17244836.0 17213676.0 17235219.0 17211236.0 17243276.0 17247190.0 17245878.0
153 18113625.0 18106970.0 18104421.0 18080849.0 18102690.0 18079067.0 18091456.0 18081105.0 18092586.0 18082635.0 18100482.0 18079858.0 18100306.0 18099526.0 18101010.0 18077074.0 18097071.0 18097445.0 18095657.0 18089807.0 18073311.0 18096992.0 18074481.0 18090150.0 18072009.0 18092769.0 18073881.0 18088719.0 18070778.0 18091389.0 18095530.0 18094419.0
156 18494034.0 18484120.0 18480178.0 18453900.0 18478538.0 18451258.0 18465320.0 18454052.0 18465904.0 18455358.0 18474356.0 18452437.0 18472977.0 18472780.0 18474688.0 18450992.0 18470596.0 18469909.0 18467428.0 18462206.0 18445828.0 18469167.0 18446806.0 18461119.0 18444904.0 18464546.0 18446243.0 18460671.0 18444030.0 18463627.0 18467556.0 18466352.0
159 18764100.0 18758679.0 18756361.0 18743843.0 18756212.0 18741683.0 18748461.0 18744104.0 18748932.0 18745033.0 18754377.0 18742236.0 18754767.0 18753160.0 18756007.0 18740806.0 18751764.0 18753031.0 18750719.0 18746661.0 18738538.0 18751324.0 18739360.0 18746907.0 18737588.0 18748854.0 18739043.0 18746939.0 18737234.0 18748227.0 18750389.0 18750280.0
162 19047225.0 19037305.0 19034855.0 19021784.0 19036425.0 19020438.0 19028002.0 19021982.0 19027654.0 19022459.0 19032797.0 19020528.0 19031708.0 19030077.0 19032358.0 19020291.0 19029605.0 19028964.0 19027743.0 19026249.0 19018622.0 19028625.0 19019083.0 19025013.0 19017762.0 19026237.0 19019109.0 19024084.0 19018107.0 19025652.0 19027131.0 19026370.0
165 19088783.0 19077196.0 19075807.0 19073256.0 19078203.0 19069777.0 19073339.0 19069337.0 19072391.0 19068667.0 19078470.0 19067034.0 19078954.0 19074995.0 19079193.0 19063563.0 19074076.0 19080584.0 19075232.0 19070626.0 19059747.0 19075425.0 19060264.0 19067971.0 19059916.0 19069501.0 19059555.0 19069274.0 19059143.0 19068135.0 19069800.0 19068089.0
168 19412942.0 19401761.0 19400794.0 19397656.0 19401429.0 19397006.0 19396604.0 19399222.0 19395076.0 19401182.0 19398415.0 19397701.0 19397646.0 19395885.0 19396971.0 19392261.0 19394632.0 19395820.0 19393515.0 19390679.0 19385542.0 19393028.0 19386138.0 19389008.0 19384979.0 19390073.0 19384314.0 19389349.0 19383207.0 19389542.0 19390648.0 19389879.0
171 19305484.0 19239146.0 19234005.0 19177386.0 19221661.0 19100239.0 19217714.0 19143214.0 19196737.0 19140106.0 19217545.0 19140743.0 19209678.0 19198439.0 19191764.0 19169946.0 19187774.0 19193623.0 19182248.0 19161868.0 19120417.0 19171124.0 19124144.0 19139526.0 19110894.0 19161337.0 19108739.0 19154978.0 19109127.0 19150812.0 19162093.0 19160788.0
174 13066092.0 12989266.0 12967308.0 12226250.0 12570555.0 11767965.0 13078193.0 12105061.0 12700166.0 12150324.0 12918304.0 12159392.0 12905285.0 12605182.0 12512422.0 12641946.0 12467051.0 12937230.0 12747834.0 12255377.0 12110320.0 12423133.0 12174112.0 11884209.0 11954413.0 12502614.0 11959939.0 12442718.0 11936604.0 12251567.0 12609114.0 12704936.0
177 11047035.0 10723164.0 10788733.0 10793722.0 10688875.0 10505806.0 10999303.0 10781667.0 10859279.0 10815736.0 11012737.0 10820946.0 11015538.0 10841645.0 10810495.0 11162370.0 10748993.0 11070589.0 10937625.0 10590925.0 10768129.0 10712209.0 10848198.0 10289619.0 10636232.0 10714485.0 10645320.0 10675241.0 10624713.0 10531190.0 10748858.0 10759263.0
180 10060649.0 9652311.0 9724837.0 9826283.0 9617069.0 9565317.0 9911105.0 9832263.0 9797791.0 9849258.0 9926765.0 9842783.0 9931221.0 9770763.0 9738391.0 10172223.0 9683661.0 9985891.0 9873740.0 9537115.0 9797213.0 9651137.0 9874886.0 9258628.0 9660680.0 9666710.0 9671465.0 9624854.0 9668929.0 9484811.0 9689245.0 9690988.0
183 3057529.0 2811839.0 2868054.0 2910826.0 2804003.0 2740033.0 2998557.0 2917984.0 2924889.0 2909956.0 3017119.0 2882638.0 3010187.0 2885200.0 2878903.0 3137319.0 2842207.0 3007177.0 2978360.0 2762629.0 2864095.0 2792343.0 2909565.0 2584809.0 2804360.0 2834896.0 2801290.0 2770187.0 2806723.0 2728904.0 2844782.0 2827725.0
186 236000.0 223141.0 229688.0 243027.0 233221.0 244204.0 282180.0 226928.0 264740.0 232952.0 264352.0 226975.0 253612.0 235135.0 270702.0 262605.0 242443.0 251016.0 270732.0 298972.0 256420.0 224092.0 237291.0 226241.0 254020.0 247503.0 262269.0 208036.0 225128.0 249349.0 242549.0 242309.0
189 225133.0 215373.0 214442.0 223256.0 225442.0 239456.0 262112.0 201303.0 246127.0 213838.0 231947.0 210574.0 225904.0 219295.0 263935.0 224594.0 230845.0 231633.0 247668.0 293483.0 247578.0 214377.0 214656.0 226453.0 241081.0 233084.0 255414.0 200155.0 209632.0 241500.0 228120.0 234397.0
192 225618.0 215088.0 214288.0 224319.0 225717.0 240544.0 262181.0 199534.0 247471.0 212396.0 230239.0 210444.0 224452.0 218510.0 262708.0 222755.0 231738.0 230406.0 247047.0 294807.0 246806.0 213566.0 213573.0 225271.0 240929.0 232423.0 255226.0 199317.0 209059.0 240390.0 226157.0 233881.0
195 222580.0 212236.0 212095.0 221891.0 225219.0 238253.0 260793.0 198070.0 244587.0 210129.0 229894.0 209443.0 222946.0 216647.0 260595.0 221400.0 230165.0 228747.0 246233.0 292126.0 246171.0 212437.0 212276.0 224004.0 239740.0 231153.0 250753.0 197368.0 207916.0 238323.0 223715.0 231802.0
198 217938.0 206401.0 210094.0 219879.0 223623.0 235505.0 259723.0 194800.0 243427.0 200843.0 228951.0 207244.0 220116.0 212609.0 255516.0 220346.0 229028.0 225518.0 241929.0 289850.0 241282.0 205261.0 207540.0 219608.0 237083.0 229113.0 240817.0 191862.0 204131.0 233391.0 214678.0 224484.0
201 195465.0 173469.0 196703.0 211723.0 220406.0 225862.0 254184.0 180540.0 236009.0 168247.0 225216.0 198848.0 207017.0 191577.0 232246.0 212225.0 220938.0 209188.0 227176.0 282327.0 228569.0 184605.0 194355.0 201587.0 227321.0 218387.0 199938.0 169747.0 194090.0 217772.0 180712.0 203850.0
204 141588.0 104306.0 157232.0 179879.0 209145.0 193953.0 239509.0 142451.0 217109.0 102729.0 213533.0 172172.0 167270.0 139002.0 170865.0 188220.0 202515.0 158696.0 182643.0 260445.0 187346.0 129954.0 155374.0 151726.0 196868.0 187497.0 119188.0 116325.0 159151.0 170567.0 113543.0 146411.0
207 60047.0 31806.0 77548.0 101637.0 163707.0 111742.0 184335.0 72157.0 155644.0 32683.0 173675.0 102488.0 86953.0 59477.0 74125.0 121446.0 141019.0 69943.0 93971.0 192232.0 97180.0 52382.0 80183.0 68440.0 120171.0 112868.0 36069.0 43848.0 90415.0 86212.0 39053.0 57307.0
210 16790.0 8674.0 22799.0 32895.0 84964.0 37235.0 94503.0 23471.0 68541.0 9016.0 102360.0 36595.0 27329.0 16446.0 21171.0 47711.0 62529.0 18650.0 28981.0 90932.0 30028.0 14073.0 24529.0 18872.0 44683.0 41563.0 10147.0 11318.0 33000.0 26551.0 10620.0 14836.0
213 6559.0 5509.0 7034.0 9026.0 24251.0 10199.0 27139.0 7124.0 17411.0 5220.0 36837.0 9538.0 8122.0 6304.0 7981.0 12266.0 16520.0 6735.0 8703.0 24989.0 9107.0 5912.0 7095.0 6984.0 11938.0 11274.0 6592.0 5272.0 9272.0 8265.0 5671.0 6553.0
216 5174.0 4465.0 5228.0 5752.0 8006.0 6363.0 9137.0 4597.0 7464.0 4477.0 11080.0 5441.0 5483.0 4980.0 6415.0 6289.0 6957.0 5390.0 5983.0 9981.0 6314.0 4729.0 5099.0 5264.0 6587.0 6135.0 5319.0 4173.0 5242.0 5670.0 4601.0 5436.0
219 4066.0 3654.0 4238.0 4922.0 5698.0 5412.0 6928.0 3816.0 5916.0 3532.0 6339.0 4591.0 4634.0 4037.0 5260.0 5161.0 5578.0 4503.0 5068.0 7952.0 5353.0 3849.0 4297.0 4546.0 5393.0 5160.0 4413.0 3475.0 4276.0 4781.0 3856.0 4357.0
222 3523.0 3029.0 3552.0 4178.0 5014.0 4615.0 5879.0 3263.0 4991.0 3044.0 5253.0 3838.0 3813.0 3366.0 4508.0 4303.0 4673.0 3688.0 4195.0 6901.0 4608.0 3222.0 3555.0 3896.0 4579.0 4256.0 3874.0 2894.0 3632.0 4145.0 3162.0 3813.0
225 3097.0 2758.0 2962.0 3371.0 4014.0 3901.0 4833.0 2610.0 4078.0 2579.0 4358.0 3171.0 3166.0 2884.0 3769.0 3555.0 3833.0 3213.0 3517.0 5621.0 3892.0 2851.0 2955.0 3352.0 3738.0 3477.0 3464.0 2521.0 2936.0 3444.0 2748.0 3341.0
228 2971.0 2577.0 2782.0 3268.0 3423.0 3491.0 4278.0 2416.0 3833.0 2435.0 3675.0 2901.0 2984.0 2768.0 3471.0 3305.0 3415.0 3027.0 3386.0 5199.0 3662.0 2656.0 2734.0 3244.0 3547.0 3266.0 3199.0 2502.0 2719.0 3127.0 2723.0 3239.0
231 2874.0 2520.0 2628.0 3069.0 3310.0 3396.0 4036.0 2329.0 3499.0 2224.0 3495.0 2780.0 2816.0 2645.0 3305.0 3084.0 3217.0 2795.0 3082.0 4984.0 3442.0 2595.0 2594.0 2939.0 3235.0 3061.0 3053.0 2449.0 2593.0 3143.0 2509.0 3044.0
234 2712.0 2285.0 2559.0 2929.0 3156.0 3274.0 3982.0 2242.0 3346.0 2219.0 3235.0 2660.0 2647.0 2504.0 3282.0 2952.0 3157.0 2761.0 3044.0 4788.0 3325.0 2378.0 2545.0 2912.0 3301.0 3026.0 2935.0 2266.0 2537.0 2934.0 2381.0 2929.0
237 2558.0 2153.0 2480.0 2723.0 3136.0 3083.0 3882.0 2087.0 3273.0 1992.0 3070.0 2522.0 2480.0 2289.0 3063.0 2792.0 3024.0 2570.0 2891.0 4445.0 3164.0 2257.0 2348.0 2734.0 2983.0 2925.0 2493.0 1967.0 2435.0 2887.0 2102.0 2603.0
240 2279.0 1680.0 2251.0 2642.0 3025.0 2970.0 3584.0 1915.0 3151.0 1616.0 2989.0 2388.0 2356.0 2057.0 2725.0 2672.0 2930.0 2257.0 2499.0 4379.0 2916.0 2048.0 2187.0 2706.0 2850.0 2611.0 1982.0 1780.0 2239.0 2499.0 1698.0 2216.0
243 1615.0 976.0 1732.0 2255.0 2767.0 2668.0 3418.0 1555.0 2841.0 862.0 2847.0 2152.0 1852.0 1547.0 2205.0 2440.0 2705.0 1720.0 2103.0 4192.0 2529.0 1496.0 1739.0 2201.0 2641.0 2396.0 1150.0 1207.0 2098.0 2128.0 1016.0 1710.0
246 974.0 465.0 1280.0 1714.0 2601.0 2182.0 2981.0 1214.0 2509.0 388.0 2701.0 1625.0 1352.0 956.0 1476.0 1930.0 2484.0 1076.0 1477.0 3693.0 1845.0 946.0 1255.0 1547.0 2208.0 1887.0 480.0 652.0 1487.0 1529.0 455.0 878.0
249 423.0 181.0 647.0 1031.0 2281.0 1450.0 2427.0 624.0 1866.0 130.0 2363.0 1115.0 637.0 423.0 683.0 1304.0 1838.0 382.0 740.0 2982.0 928.0 368.0 618.0 841.0 1351.0 1224.0 177.0 215.0 906.0 791.0 154.0 341.0
252 135.0 70.0 269.0 396.0 1690.0 719.0 1626.0 283.0 1108.0 83.0 1870.0 540.0 276.0 140.0 262.0 612.0 1181.0 151.0 288.0 1925.0 387.0 130.0 272.0 364.0 718.0 616.0 99.0 102.0 435.0 310.0 91.0 132.0
255 83.0 62.0 71.0 125.0 914.0 253.0 719.0 106.0 446.0 67.0 1050.0 195.0 81.0 72.0 126.0 249.0 465.0 100.0 118.0 874.0 121.0 67.0 94.0 134.0 237.0 218.0 79.0 62.0 181.0 124.0 54.0 80.0
258 69.0 52.0 65.0 96.0 391.0 115.0 268.0 83.0 202.0 47.0 560.0 97.0 71.0 64.0 73.0 118.0 183.0 68.0 78.0 379.0 106.0 44.0 64.0 77.0 116.0 110.0 79.0 52.0 95.0 93.0 56.0 64.0
261 65.0 39.0 58.0 80.0 151.0 82.0 140.0 39.0 114.0 43.0 214.0 66.0 59.0 59.0 65.0 74.0 102.0 59.0 65.0 173.0 82.0 54.0 59.0 72.0 73.0 85.0 56.0 56.0 60.0 60.0 55.0 62.0
264 51.0 43.0 39.0 60.0 96.0 61.0 104.0 51.0 80.0 34.0 111.0 57.0 57.0 53.0 82.0 62.0 82.0 57.0 53.0 126.0 65.0 38.0 55.0 73.0 63.0 68.0 45.0 43.0 50.0 68.0 48.0 48.0
267 52.0 31.0 32.0 62.0 76.0 60.0 105.0 38.0 63.0 32.0 86.0 49.0 50.0 36.0 65.0 48.0 62.0 51.0 56.0 105.0 60.0 30.0 29.0 66.0 63.0 49.0 65.0 37.0 49.0 56.0 30.0 61.0
270 28.0 21.0 45.0 47.0 72.0 55.0 91.0 39.0 66.0 33.0 65.0 55.0 34.0 34.0 55.0 53.0 79.0 46.0 48.0 120.0 58.0 44.0 42.0 65.0 71.0 59.0 48.0 48.0 42.0 52.0 35.0 60.0
273 49.0 32.0 47.0 45.0 65.0 71.0 80.0 29.0 75.0 29.0 70.0 49.0 42.0 45.0 48.0 41.0 60.0 28.0 57.0 96.0 75.0 38.0 35.0 48.0 63.0 57.0 40.0 51.0 46.0 56.0 42.0 50.0
276 38.0 24.0 46.0 46.0 59.0 55.0 73.0 38.0 61.0 25.0 79.0 49.0 46.0 34.0 39.0 54.0 55.0 34.0 44.0 89.0 44.0 27.0 34.0 44.0 56.0 46.0 40.0 40.0 46.0 44.0 32.0 38.0
279 34.0 29.0 28.0 51.0 55.0 48.0 60.0 36.0 49.0 21.0 66.0 41.0 38.0 33.0 42.0 36.0 51.0 30.0 33.0 97.0 49.0 29.0 37.0 54.0 53.0 50.0 30.0 28.0 42.0 46.0 29.0 42.0
282 21.0 23.0 27.0 48.0 58.0 54.0 69.0 20.0 58.0 10.0 65.0 30.0 33.0 35.0 34.0 35.0 57.0 26.0 45.0 66.0 45.0 32.0 36.0 39.0 47.0 41.0 14.0 14.0 28.0 46.0 8.0 25.0
285 19.0 3.0 25.0 35.0 53.0 47.0 82.0 20.0 45.0 6.0 56.0 30.0 23.0 16.0 39.0 43.0 47.0 22.0 32.0 89.0 34.0 21.0 23.0 24.0 43.0 34.0 7.0 12.0 38.0 19.0 10.0 22.0
288 8.0 2.0 10.0 18.0 55.0 40.0 67.0 12.0 48.0 2.0 60.0 23.0 6.0 6.0 10.0 24.0 44.0 4.0 8.0 72.0 25.0 6.0 20.0 24.0 27.0 37.0 2.0 5.0 17.0 18.0 4.0 9.0
291 3.0 0.0 7.0 6.0 44.0 16.0 45.0 7.0 34.0 2.0 42.0 13.0 8.0 1.0 6.0 22.0 27.0 2.0 5.0 58.0 18.0 4.0 9.0 12.0 19.0 19.0 2.0 2.0 18.0 12.0 0.0 3.0
294 3.0 2.0 1.0 9.0 32.0 9.0 29.0 4.0 17.0 3.0 36.0 14.0 1.0 1.0 1.0 14.0 25.0 2.0 2.0 50.0 7.0 2.0 3.0 7.0 15.0 9.0 2.0 3.0 9.0 4.0 0.0 2.0
297 0.0 1.0 2.0 4.0 24.0 4.0 13.0 1.0 9.0 0.0 21.0 4.0 0.0 1.0 4.0 3.0 10.0 2.0 4.0 23.0 3.0 4.0 1.0 1.0 6.0 1.0 1.0 2.0 4.0 2.0 0.0 2.0
300 2.0 1.0 3.0 0.0 13.0 3.0 7.0 2.0 3.0 2.0 12.0 5.0 1.0 2.0 1.0 2.0 5.0 1.0 1.0 9.0 6.0 0.0 0.0 3.0 3.0 1.0 1.0 1.0 1.0 1.0 0.0 0.0
303 2.0 0.0 3.0 1.0 7.0 4.0 10.0 1.0 2.0 1.0 8.0 2.0 3.0 2.0 0.0 2.0 5.0 0.0 2.0 7.0 1.0 0.0 0.0 0.0 0.0 6.0 2.0 0.0 1.0 4.0 1.0 1.0
306 1.0 0.0 2.0 1.0 3.0 0.0 6.0 1.0 0.0 0.0 4.0 0.0 0.0 0.0 1.0 0.0 3.0 1.0 3.0 5.0 3.0 2.0 0.0 4.0 2.0 1.0 3.0 2.0 2.0 3.0 0.0 0.0
309 0.0 2.0 1.0 1.0 0.0 1.0 2.0 0.0 1.0 0.0 1.0 1.0 0.0 0.0 0.0 3.0 2.0 0.0 1.0 2.0 1.0 1.0 1.0 0.0 5.0 1.0 1.0 2.0 0.0 1.0 0.0 2.0
312 0.0 0.0 4.0 1.0 5.0 5.0 1.0 3.0 8.0 0.0 0.0 2.0 0.0 0.0 1.0 1.0 1.0 2.0 0.0 4.0 3.0 0.0 1.0 0.0 0.0 0.0 2.0 1.0 0.0 0.0 1.0 2.0
315 0.0 2.0 1.0 0.0 0.0 1.0 1.0 1.0 2.0 2.0 0.0 0.0 0.0 0.0 2.0 0.0 1.0 2.0 1.0 2.0 1.0 2.0 0.0 0.0 1.0 1.0 0.0 1.0 0.0 3.0 1.0 0.0
318 0.0 1.0 1.0 0.0 3.0 1.0 0.0 0.0 1.0 0.0 1.0 0.0 0.0 0.0 6.0 2.0 2.0 1.0 2.0 0.0 0.0 0.0 2.0 0.0 1.0 1.0 0.0 1.0 0.0 1.0 1.0 2.0
321 0.0 0.0 1.0 3.0 0.0 0.0 1.0 4.0 3.0 1.0 3.0 1.0 3.0 1.0 1.0 2.0 0.0 0.0 1.0 1.0 4.0 0.0 0.0 2.0 0.0 0.0 0.0 1.0 1.0 1.0 0.0 0.0
324 0.0 0.0 0.0 1.0 1.0 0.0 0.0 1.0 1.0 0.0 0.0 2.0 0.0 1.0 1.0 2.0 1.0 1.0 0.0 6.0 0.0 1.0 1.0 2.0 0.0 1.0 0.0 0.0 0.0 0.0 0.0 1.0
327 0.0 0.0 0.0 0.0 2.0 1.0 4.0 0.0 3.0 1.0 1.0 1.0 0.0 1.0 2.0 1.0 1.0 0.0 1.0 2.0 1.0 1.0 0.0 2.0 2.0 2.0 0.0 1.0 1.0 3.0 2.0 1.0
330 0.0 0.0 0.0 0.0 1.0 0.0 4.0 0.0 2.0 0.0 3.0 1.0 0.0 0.0 1.0 1.0 0.0 1.0 1.0 1.0 0.0 1.0 0.0 0.0 0.0 0.0 1.0 0.0 1.0 1.0 0.0 0.0
333 0.0 0.0 0.0 0.0 2.0 0.0 1.0 1.0 0.0 0.0 1.0 0.0 2.0 0.0 0.0 0.0 1.0 0.0 0.0 0.0 0.0 0.0 0.0 0.0 1.0 0.0 0.0 0.0 1.0 0.0 0.0 0.0
336 0.0 0.0 0.0 0.0 1.0 0.0 0.0 0.0 1.0 1.0 1.0 1.0 0.0 0.0 2.0 2.0 0.0 0.0 0.0 2.0 0.0 0.0 0.0 0.0 0.0 1.0 0.0 0.0 0.0 0.0 0.0 0.0
339 0.0 0.0 0.0 0.0 1.0 0.0 0.0 0.0 0.0 0.0 1.0 0.0 0.0 0.0 0.0 0.0 1.0 0.0 0.0 1.0 0.0 1.0 1.0 0.0 1.0 0.0 0.0 0.0 0.0 1.0 1.0 0.0
342 0.0 0.0 1.0 0.0 1.0 1.0 0.0 0.0 1.0 1.0 1.0 1.0 3.0 2.0 0.0 0.0 1.0 3.0 0.0 1.0 0.0 1.0 1.0 0.0 0.0 0.0 1.0 1.0 2.0 1.0 0.0 0.0
345 0.0 0.0 1.0 0.0 0.0 0.0 0.0 0.0 0.0 0.0 0.0 0.0 0.0 0.0 0.0 0.0 0.0 1.0 0.0 1.0 0.0 0.0 0.0 0.0 0.0 0.0 1.0 0.0 0.0 0.0 0.0 0.0
348 0.0 0.0 0.0 1.0 0.0 0.0 0.0 1.0 0.0 0.0 0.0 1.0 0.0 3.0 0.0 0.0 0.0 0.0 0.0 0.0 0.0 0.0 0.0 0.0 0.0 0.0 1.0 1.0 1.0 1.0 0.0 0.0
351 0.0 0.0 0.0 1.0 0.0 0.0 1.0 0.0 1.0 0.0 0.0 0.0 0.0 0.0 0.0 0.0 0.0 0.0 0.0 0.0 0.0 0.0 0.0 0.0 0.0 0.0 0.0 0.0 0.0 0.0 1.0 0.0
354 0.0 0.0 0.0 1.0 0.0 0.0 1.0 0.0 0.0 0.0 0.0 1.0 0.0 0.0 0.0 0.0 1.0 1.0 1.0 0.0 0.0 1.0 0.0 1.0 0.0 1.0 0.0 0.0 0.0 0.0 0.0 0.0
357 0.0 0.0 0.0 0.0 0.0 0.0 1.0 0.0 1.0 0.0 0.0 1.0 0.0 0.0 1.0 1.0 0.0 0.0 0.0 0.0 0.0 0.0 0.0 1.0 0.0 1.0 0.0 0.0 0.0 2.0 1.0 0.0
