150 15676.0 11156.0 16054.0 12469.0 16135.0 14450.0 18440.0 9412.0 10153.0 11797.0 8579.0 12638.0 11502.0 9000.0 15345.0 10644.0 12526.0 13415.0 10789.0 11982.0 10745.0 9500.0 15234.0 18374.0 8870.0 11593.0 12187.0 15962.0 31053.0 18475.0 14254.0 13769.0
153 5635086.0 5610529.0 5609228.0 5580866.0 5624301.0 5611520.0 5599479.0 5599487.0 5584460.0 5604639.0 5588605.0 5592725.0 5593984.0 5577630.0 5617802.0 5590062.0 5593434.0 5579210.0 5588770.0 5600399.0 5597540.0 5591001.0 5590829.0 5629024.0 5581905.0 5606368.0 5610019.0 5616880.0 5622178.0 5625364.0 5608682.0 5602264.0
156 17570524.0 17537624.0 17508574.0 17428578.0 17495332.0 17423989.0 17472374.0 17425638.0 17465109.0 17427547.0 17475047.0 17430682.0 17477019.0 17472832.0 17487916.0 17436082.0 17470282.0 17450844.0 17458694.0 17459883.0 17422125.0 17448514.0 17419594.0 17450740.0 17415308.0 17446179.0 17413846.0 17444522.0 17412684.0 17455149.0 17449122.0 17451130.0
159 17890046.0 17879588.0 17868820.0 17835971.0 17862347.0 17832761.0 17854479.0 17834189.0 17851352.0 17834245.0 17855818.0 17835633.0 17857548.0 17856583.0 17858393.0 17838150.0 17854927.0 17849312.0 17845775.0 17844928.0 17831289.0 17840625.0 17831116.0 17841798.0 17829839.0 17840295.0 17828640.0 17839083.0 17827797.0 17843340.0 17841224.0 17842304.0
162 18122668.0 18119364.0 18117300.0 18111055.0 18115904.0 18111089.0 18114458.0 18111369.0 18113858.0 18111405.0 18114427.0 18111409.0 18115008.0 18114889.0 18115133.0 18112009.0 18114715.0 18113769.0 18113190.0 18113054.0 18111270.0 18112477.0 18110649.0 18112726.0 18110942.0 18112664.0 18110902.0 18112999.0 18110030.0 18113491.0 18113273.0 18113689.0
165 18349556.0 18344596.0 18340703.0 18332968.0 18338952.0 18332884.0 18336919.0 18333166.0 18336227.0 18333197.0 18337054.0 18333011.0 18337203.0 18336791.0 18337948.0 18333183.0 18336928.0 18335762.0 18335844.0 18335875.0 18332985.0 18335323.0 18332449.0 18335947.0 18332786.0 18336333.0 18332777.0 18336832.0 18331633.0 18337976.0 18337690.0 18338411.0
168 18555091.0 18552061.0 18550010.0 18545071.0 18549255.0 18545205.0 18547965.0 18545484.0 18547792.0 18545669.0 18548301.0 18545500.0 18548459.0 18547920.0 18549490.0 18545548.0 18548414.0 18547090.0 18547527.0 18547665.0 18545299.0 18547160.0 18544844.0 18547702.0 18545133.0 18547682.0 18545107.0 18548205.0 18544166.0 18548988.0 18548650.0 18549005.0
171 18755597.0 18754546.0 18754312.0 18751431.0 18753679.0 18751470.0 18753584.0 18751664.0 18753946.0 18751963.0 18754531.0 18751730.0 18754942.0 18755086.0 18756160.0 18751638.0 18754952.0 18753846.0 18754045.0 18754098.0 18751197.0 18753318.0 18750472.0 18753459.0 18750789.0 18753305.0 18750791.0 18753632.0 18749785.0 18753889.0 18753454.0 18753449.0
174 18865959.0 18865198.0 18864728.0 18862411.0 18863678.0 18862205.0 18863582.0 18862289.0 18863294.0 18862918.0 18863582.0 18862638.0 18863683.0 18863718.0 18863877.0 18862967.0 18863503.0 18863242.0 18862911.0 18862927.0 18862123.0 18862430.0 18861354.0 18862419.0 18861453.0 18862241.0 18861441.0 18862331.0 18860596.0 18862519.0 18862405.0 18862404.0
177 18854138.0 18854436.0 18845863.0 18819784.0 18836056.0 18800371.0 18835014.0 18805841.0 18831952.0 18807092.0 18834493.0 18806215.0 18834419.0 18836352.0 18830621.0 18817421.0 18830207.0 18831310.0 18823075.0 18822680.0 18801077.0 18819328.0 18801445.0 18814527.0 18802023.0 18815763.0 18792161.0 18811575.0 18790936.0 18815210.0 18816728.0 18817805.0
180 13297032.0 13478166.0 13260814.0 12963216.0 13001419.0 12513194.0 13125723.0 12667761.0 13112314.0 12747881.0 13182793.0 12719903.0 13224149.0 13400100.0 13021468.0 13102791.0 13137670.0 13368149.0 12988032.0 12966569.0 12643190.0 12969416.0 12816550.0 12784095.0 12855990.0 12841434.0 12475441.0 12669313.0 12543531.0 12832382.0 12923442.0 12957654.0
183 9158887.0 9290588.0 9256125.0 9424549.0 9109636.0 8986340.0 9244780.0 9153778.0 9269110.0 9254319.0 9348031.0 9190349.0 9405839.0 9580331.0 9227160.0 9599287.0 9329077.0 9569545.0 9175757.0 9160989.0 9077699.0 9163840.0 9292639.0 8981586.0 9352556.0 9005431.0 8886719.0 8824067.0 8983482.0 8984487.0 9064161.0 9068910.0
186 8777319.0 8960091.0 8908269.0 9310189.0 8719826.0 8793635.0 8887295.0 9010098.0 8915922.0 9126535.0 9001687.0 9006544.0 9070160.0 9295298.0 8832850.0 9534299.0 8968441.0 9284464.0 8790630.0 8782247.0 8878240.0 8800453.0 9168091.0 8574176.0 9279396.0 8586359.0 8682762.0 8375551.0 8757082.0 8553330.0 8658766.0 8640432.0
189 4124248.0 4227124.0 4219194.0 4466230.0 4080751.0 4038207.0 4220076.0 4192449.0 4192154.0 4291607.0 4245702.0 4184038.0 4301376.0 4450171.0 4133719.0 4607921.0 4220986.0 4465426.0 4061177.0 4066775.0 4097631.0 4069584.0 4331748.0 3932520.0 4399692.0 3919549.0 3973242.0 3760007.0 4118611.0 3910585.0 3975059.0 3938074.0
192 179051.0 193375.0 218334.0 245241.0 169515.0 174874.0 268171.0 154230.0 194449.0 186521.0 186308.0 171539.0 200163.0 229076.0 189560.0 240933.0 196111.0 290918.0 172758.0 172659.0 169777.0 169091.0 222335.0 173502.0 211435.0 155965.0 160669.0 165007.0 383122.0 185501.0 180778.0 170121.0
195 149941.0 126820.0 165350.0 159041.0 142899.0 155529.0 227743.0 116933.0 145816.0 125021.0 123536.0 135174.0 132922.0 138359.0 148011.0 137843.0 149805.0 194613.0 143811.0 132402.0 133133.0 129173.0 159552.0 150363.0 141997.0 127618.0 135107.0 152659.0 364851.0 156805.0 139342.0 142286.0
198 148673.0 123685.0 163966.0 150095.0 142250.0 154604.0 224121.0 113261.0 143435.0 119999.0 119454.0 133068.0 129282.0 131909.0 146665.0 128624.0 148559.0 188395.0 142197.0 130059.0 129677.0 126618.0 154934.0 148469.0 133375.0 125579.0 132689.0 151793.0 362092.0 155255.0 135671.0 141051.0
201 148343.0 122623.0 161722.0 149831.0 140663.0 152507.0 222679.0 112873.0 141906.0 120185.0 118759.0 132806.0 128600.0 131631.0 146199.0 127890.0 147339.0 182456.0 141084.0 128892.0 129556.0 126220.0 154891.0 148469.0 132642.0 124505.0 130703.0 150094.0 353497.0 155511.0 135323.0 140532.0
204 145942.0 121453.0 161664.0 149575.0 139423.0 149810.0 221677.0 109009.0 140571.0 118290.0 117224.0 131727.0 127355.0 130085.0 144059.0 127196.0 145571.0 180434.0 138723.0 128237.0 125605.0 122833.0 153750.0 147750.0 129956.0 121195.0 125725.0 147697.0 343958.0 153875.0 134119.0 139993.0
207 134974.0 116904.0 161584.0 148283.0 136203.0 134239.0 213985.0 93127.0 133565.0 113059.0 108308.0 128765.0 125362.0 126652.0 137157.0 122029.0 139602.0 176416.0 128111.0 124567.0 111675.0 111369.0 151473.0 143375.0 116957.0 108716.0 105937.0 136556.0 310296.0 148967.0 130325.0 135879.0
210 93996.0 95250.0 150454.0 143163.0 118072.0 87729.0 177432.0 52561.0 101244.0 92642.0 76878.0 113688.0 113364.0 111580.0 109087.0 99980.0 111379.0 157708.0 89895.0 105624.0 70901.0 75852.0 142985.0 127705.0 77050.0 70597.0 57786.0 95576.0 187317.0 131114.0 112289.0 118843.0
213 40151.0 53978.0 115976.0 123606.0 77024.0 36434.0 92423.0 17356.0 50793.0 54334.0 35144.0 76839.0 81433.0 76094.0 61809.0 59180.0 60758.0 110535.0 40313.0 63889.0 27778.0 32800.0 114961.0 89768.0 32540.0 29441.0 19741.0 43590.0 64196.0 88720.0 73708.0 81340.0
216 12522.0 19006.0 59822.0 81145.0 31554.0 11163.0 36948.0 5133.0 16533.0 21078.0 10636.0 33691.0 39997.0 34753.0 22698.0 22532.0 21490.0 56910.0 12135.0 25134.0 7971.0 10059.0 67773.0 43730.0 10061.0 8795.0 5998.0 13312.0 19156.0 40338.0 32188.0 37497.0
219 4732.0 5075.0 16929.0 30695.0 8285.0 4583.0 11153.0 2789.0 5315.0 5860.0 3696.0 8945.0 11219.0 9579.0 6313.0 6145.0 6177.0 16436.0 4586.0 6483.0 3634.0 3926.0 21885.0 12757.0 3963.0 3560.0 3359.0 4894.0 10602.0 11047.0 8551.0 10535.0
222 3608.0 3073.0 5816.0 8323.0 4056.0 3804.0 6675.0 2451.0 3639.0 3260.0 2805.0 3951.0 4106.0 3968.0 3707.0 3388.0 3811.0 6261.0 3523.0 3538.0 3000.0 3002.0 6692.0 4912.0 3093.0 2863.0 2751.0 3758.0 9181.0 4676.0 3797.0 4348.0
225 2884.0 2518.0 4040.0 4214.0 3327.0 3167.0 5538.0 1869.0 3035.0 2646.0 2258.0 3118.0 3137.0 3048.0 3099.0 2833.0 3309.0 4470.0 2797.0 2799.0 2407.0 2486.0 4121.0 3634.0 2580.0 2331.0 2241.0 3231.0 7736.0 3671.0 3167.0 3445.0
228 2404.0 2199.0 3535.0 3663.0 2743.0 2629.0 4639.0 1578.0 2489.0 2139.0 1954.0 2686.0 2693.0 2581.0 2667.0 2466.0 2771.0 3872.0 2466.0 2419.0 2029.0 2037.0 3607.0 3050.0 2106.0 1919.0 1888.0 2728.0 6278.0 3167.0 2681.0 2822.0
231 1997.0 1864.0 3059.0 3118.0 2345.0 2262.0 4012.0 1336.0 2064.0 1812.0 1613.0 2256.0 2279.0 2265.0 2269.0 2041.0 2245.0 3308.0 2059.0 1998.0 1721.0 1721.0 3063.0 2629.0 1837.0 1625.0 1633.0 2201.0 5403.0 2679.0 2222.0 2453.0
234 1783.0 1514.0 2538.0 2743.0 2040.0 2133.0 3408.0 1216.0 2009.0 1547.0 1405.0 1903.0 1899.0 1918.0 1981.0 1663.0 2057.0 2804.0 1865.0 1770.0 1534.0 1568.0 2625.0 2263.0 1604.0 1503.0 1454.0 2054.0 4835.0 2245.0 1929.0 2229.0
237 1730.0 1465.0 2207.0 2338.0 1973.0 1930.0 3240.0 1193.0 1758.0 1429.0 1371.0 1773.0 1735.0 1718.0 1872.0 1615.0 1923.0 2600.0 1747.0 1644.0 1541.0 1446.0 2326.0 2067.0 1515.0 1447.0 1469.0 2052.0 4784.0 2085.0 1799.0 2058.0
240 1688.0 1330.0 2053.0 2248.0 1873.0 1861.0 3187.0 1070.0 1712.0 1400.0 1348.0 1814.0 1612.0 1679.0 1779.0 1650.0 1786.0 2360.0 1771.0 1574.0 1476.0 1436.0 2140.0 1940.0 1531.0 1336.0 1330.0 1931.0 4375.0 2128.0 1691.0 1885.0
243 1566.0 1313.0 2113.0 2131.0 1788.0 1812.0 3084.0 967.0 1659.0 1367.0 1268.0 1667.0 1587.0 1569.0 1665.0 1566.0 1743.0 2311.0 1702.0 1481.0 1237.0 1358.0 2057.0 1921.0 1320.0 1252.0 1176.0 1798.0 4123.0 2052.0 1614.0 1805.0
246 1485.0 1225.0 1996.0 2036.0 1713.0 1559.0 2795.0 730.0 1520.0 1312.0 1134.0 1600.0 1603.0 1561.0 1605.0 1400.0 1562.0 2170.0 1524.0 1381.0 1086.0 1144.0 1974.0 1908.0 1123.0 1055.0 896.0 1636.0 3557.0 1806.0 1568.0 1801.0
249 1154.0 1084.0 1894.0 1927.0 1605.0 1275.0 2435.0 494.0 1247.0 1132.0 877.0 1512.0 1394.0 1386.0 1518.0 1338.0 1503.0 1991.0 1263.0 1324.0 866.0 919.0 2019.0 1758.0 809.0 862.0 643.0 1404.0 2530.0 1831.0 1394.0 1664.0
252 798.0 851.0 1744.0 1872.0 1437.0 763.0 1706.0 251.0 868.0 932.0 565.0 1281.0 1312.0 1148.0 1163.0 1029.0 1150.0 1837.0 750.0 1057.0 484.0 551.0 1763.0 1605.0 507.0 518.0 309.0 965.0 1348.0 1626.0 1242.0 1397.0
255 364.0 515.0 1426.0 1686.0 1041.0 368.0 1168.0 100.0 494.0 588.0 259.0 941.0 1044.0 834.0 766.0 662.0 674.0 1489.0 362.0 731.0 187.0 259.0 1542.0 1313.0 211.0 232.0 98.0 484.0 501.0 1234.0 919.0 1066.0
258 193.0 267.0 1095.0 1432.0 690.0 181.0 694.0 43.0 249.0 351.0 101.0 651.0 754.0 542.0 450.0 346.0 419.0 998.0 151.0 458.0 104.0 144.0 1343.0 1045.0 90.0 133.0 49.0 231.0 221.0 901.0 617.0 720.0
261 73.0 91.0 599.0 910.0 282.0 74.0 325.0 28.0 76.0 143.0 53.0 313.0 395.0 232.0 170.0 143.0 136.0 502.0 68.0 189.0 37.0 44.0 743.0 561.0 53.0 56.0 28.0 83.0 146.0 451.0 261.0 336.0
264 48.0 46.0 254.0 511.0 129.0 59.0 175.0 22.0 51.0 60.0 39.0 112.0 159.0 108.0 95.0 67.0 82.0 213.0 64.0 71.0 41.0 39.0 404.0 286.0 30.0 36.0 25.0 66.0 163.0 199.0 106.0 153.0
267 42.0 30.0 98.0 209.0 72.0 45.0 91.0 17.0 43.0 40.0 22.0 62.0 59.0 49.0 53.0 56.0 58.0 83.0 44.0 52.0 38.0 26.0 163.0 95.0 37.0 29.0 32.0 58.0 111.0 76.0 62.0 83.0
270 37.0 40.0 57.0 92.0 54.0 33.0 61.0 17.0 43.0 39.0 35.0 45.0 43.0 49.0 45.0 32.0 45.0 59.0 36.0 42.0 28.0 30.0 85.0 77.0 27.0 16.0 28.0 50.0 110.0 64.0 45.0 43.0
273 27.0 28.0 62.0 65.0 47.0 52.0 63.0 17.0 25.0 35.0 22.0 40.0 46.0 43.0 39.0 35.0 41.0 50.0 40.0 37.0 21.0 20.0 65.0 64.0 31.0 22.0 21.0 36.0 83.0 42.0 39.0 47.0
276 37.0 27.0 46.0 68.0 33.0 31.0 59.0 21.0 35.0 32.0 30.0 44.0 48.0 24.0 24.0 31.0 41.0 41.0 35.0 27.0 24.0 22.0 60.0 60.0 29.0 23.0 15.0 25.0 92.0 51.0 33.0 35.0
279 20.0 17.0 54.0 49.0 41.0 37.0 47.0 15.0 30.0 32.0 24.0 33.0 40.0 28.0 37.0 24.0 37.0 47.0 25.0 21.0 23.0 22.0 33.0 42.0 21.0 21.0 20.0 38.0 79.0 54.0 32.0 40.0
282 31.0 15.0 47.0 45.0 31.0 24.0 41.0 16.0 16.0 18.0 15.0 39.0 33.0 23.0 37.0 25.0 32.0 42.0 35.0 31.0 24.0 27.0 46.0 40.0 23.0 22.0 19.0 31.0 76.0 40.0 18.0 37.0
285 25.0 17.0 40.0 42.0 28.0 39.0 36.0 11.0 26.0 18.0 25.0 31.0 37.0 31.0 21.0 37.0 26.0 35.0 35.0 29.0 13.0 20.0 46.0 40.0 14.0 11.0 9.0 32.0 57.0 35.0 38.0 25.0
288 26.0 20.0 33.0 34.0 43.0 19.0 30.0 8.0 22.0 20.0 17.0 34.0 24.0 26.0 25.0 20.0 23.0 55.0 26.0 22.0 10.0 20.0 35.0 45.0 13.0 17.0 7.0 28.0 44.0 32.0 30.0 31.0
291 16.0 18.0 39.0 41.0 23.0 17.0 44.0 5.0 18.0 20.0 15.0 31.0 27.0 17.0 33.0 20.0 23.0 32.0 17.0 25.0 6.0 8.0 41.0 32.0 10.0 14.0 4.0 14.0 29.0 31.0 18.0 37.0
294 11.0 12.0 34.0 39.0 28.0 9.0 31.0 3.0 12.0 9.0 5.0 20.0 22.0 12.0 15.0 20.0 23.0 30.0 16.0 22.0 7.0 3.0 31.0 30.0 2.0 7.0 2.0 15.0 15.0 34.0 20.0 21.0
297 6.0 10.0 23.0 24.0 18.0 4.0 27.0 0.0 8.0 9.0 5.0 15.0 13.0 17.0 10.0 10.0 5.0 22.0 3.0 15.0 1.0 5.0 36.0 37.0 1.0 5.0 1.0 6.0 3.0 25.0 20.0 20.0
300 1.0 4.0 18.0 30.0 10.0 3.0 9.0 1.0 4.0 6.0 0.0 16.0 13.0 9.0 5.0 8.0 6.0 13.0 2.0 5.0 2.0 1.0 26.0 15.0 2.0 0.0 0.0 5.0 3.0 21.0 11.0 20.0
303 2.0 1.0 9.0 24.0 9.0 2.0 3.0 0.0 3.0 3.0 1.0 7.0 1.0 4.0 7.0 0.0 1.0 12.0 0.0 4.0 1.0 2.0 19.0 13.0 0.0 1.0 1.0 3.0 2.0 12.0 6.0 8.0
306 2.0 2.0 10.0 14.0 4.0 2.0 3.0 0.0 3.0 1.0 2.0 1.0 1.0 4.0 1.0 2.0 3.0 5.0 1.0 1.0 0.0 1.0 10.0 6.0 1.0 2.0 1.0 2.0 0.0 5.0 2.0 2.0
309 0.0 1.0 2.0 5.0 2.0 0.0 1.0 0.0 3.0 0.0 0.0 4.0 3.0 0.0 0.0 1.0 1.0 3.0 1.0 1.0 0.0 0.0 4.0 1.0 1.0 1.0 0.0 0.0 2.0 2.0 2.0 0.0
312 1.0 2.0 1.0 4.0 1.0 1.0 2.0 0.0 0.0 1.0 1.0 1.0 0.0 1.0 0.0 0.0 0.0 1.0 0.0 0.0 0.0 0.0 5.0 2.0 0.0 0.0 0.0 0.0 4.0 2.0 1.0 0.0
315 0.0 1.0 1.0 1.0 2.0 3.0 1.0 0.0 1.0 0.0 0.0 0.0 0.0 0.0 1.0 2.0 3.0 4.0 0.0 2.0 1.0 0.0 2.0 2.0 0.0 0.0 0.0 1.0 2.0 2.0 1.0 4.0
318 0.0 0.0 3.0 1.0 1.0 2.0 1.0 0.0 2.0 0.0 0.0 0.0 1.0 2.0 0.0 0.0 2.0 0.0 1.0 2.0 3.0 0.0 2.0 2.0 0.0 2.0 0.0 0.0 2.0 1.0 2.0 1.0
321 0.0 1.0 1.0 2.0 1.0 0.0 0.0 0.0 1.0 3.0 0.0 1.0 0.0 1.0 1.0 0.0 0.0 4.0 1.0 2.0 0.0 0.0 3.0 0.0 1.0 1.0 0.0 0.0 2.0 1.0 0.0 0.0
324 0.0 0.0 2.0 0.0 2.0 0.0 1.0 0.0 0.0 1.0 0.0 0.0 1.0 2.0 1.0 2.0 0.0 0.0 0.0 0.0 0.0 2.0 2.0 2.0 1.0 1.0 1.0 0.0 2.0 2.0 0.0 2.0
327 0.0 1.0 0.0 0.0 1.0 0.0 1.0 1.0 3.0 3.0 0.0 2.0 1.0 1.0 0.0 0.0 0.0 0.0 0.0 1.0 0.0 1.0 0.0 1.0 0.0 1.0 0.0 0.0 0.0 2.0 0.0 4.0
330 0.0 0.0 1.0 0.0 1.0 2.0 1.0 0.0 1.0 1.0 0.0 2.0 2.0 0.0 0.0 2.0 2.0 1.0 1.0 0.0 1.0 0.0 0.0 1.0 0.0 0.0 0.0 0.0 3.0 2.0 0.0 0.0
333 0.0 0.0 1.0 3.0 0.0 1.0 0.0 0.0 0.0 1.0 0.0 0.0 0.0 0.0 3.0 0.0 2.0 0.0 1.0 0.0 0.0 0.0 1.0 0.0 1.0 0.0 0.0 0.0 1.0 0.0 0.0 0.0
336 0.0 0.0 0.0 3.0 0.0 1.0 0.0 0.0 1.0 1.0 0.0 0.0 0.0 0.0 0.0 0.0 0.0 0.0 0.0 0.0 0.0 1.0 2.0 1.0 0.0 0.0 0.0 0.0 0.0 0.0 0.0 0.0
339 0.0 0.0 0.0 0.0 0.0 0.0 1.0 1.0 0.0 0.0 0.0 1.0 0.0 2.0 0.0 0.0 0.0 0.0 2.0 0.0 0.0 1.0 1.0 1.0 2.0 0.0 0.0 0.0 0.0 0.0 1.0 1.0
342 0.0 0.0 0.0 0.0 0.0 0.0 0.0 0.0 0.0 0.0 0.0 1.0 0.0 0.0 0.0 0.0 1.0 0.0 1.0 0.0 0.0 0.0 2.0 1.0 0.0 0.0 0.0 0.0 0.0 0.0 0.0 0.0
345 0.0 0.0 0.0 0.0 0.0 0.0 0.0 0.0 0.0 0.0 0.0 1.0 0.0 0.0 0.0 1.0 0.0 0.0 0.0 0.0 0.0 0.0 0.0 1.0 0.0 0.0 0.0 0.0 1.0 0.0 0.0 0.0
348 0.0 0.0 0.0 1.0 0.0 0.0 1.0 0.0 0.0 0.0 0.0 0.0 0.0 1.0 0.0 1.0 0.0 0.0 0.0 0.0 0.0 0.0 0.0 0.0 1.0 1.0 0.0 0.0 0.0 1.0 0.0 2.0
351 0.0 0.0 0.0 0.0 0.0 0.0 1.0 0.0 0.0 0.0 0.0 1.0 0.0 0.0 0.0 0.0 0.0 0.0 0.0 1.0 1.0 0.0 1.0 0.0 0.0 0.0 0.0 0.0 0.0 1.0 0.0 0.0
354 1.0 0.0 2.0 0.0 2.0 0.0 0.0 1.0 0.0 0.0 0.0 0.0 0.0 1.0 1.0 0.0 0.0 0.0 0.0 1.0 0.0 1.0 1.0 0.0 0.0 0.0 1.0 0.0 1.0 1.0 0.0 0.0
357 0.0 0.0 2.0 0.0 3.0 0.0 0.0 0.0 0.0 0.0 0.0 0.0 0.0 0.0 0.0 0.0 0.0 0.0 0.0 0.0 0.0 0.0 0.0 0.0 0.0 1.0 0.0 0.0 0.0 0.0 0.0 0.0
