150 403958.0 403123.0 395754.0 401060.0 397284.0 400765.0 396433.0 399184.0 386714.0 390709.0 394417.0 389418.0 394686.0 400127.0 400720.0 395501.0 398095.0 396579.0 391075.0 398765.0 400660.0 401748.0 409828.0 393160.0 390724.0 394910.0 399010.0 395929.0 403270.0 392714.0 395831.0 395717.0
153 16619838.0 16613203.0 16603116.0 16590025.0 16606262.0 16593213.0 16600273.0 16589520.0 16589203.0 16584814.0 16598351.0 16583923.0 16597984.0 16600579.0 16605762.0 16584617.0 16602329.0 16599800.0 16595706.0 16599426.0 16585757.0 16602477.0 16589402.0 16595960.0 16576753.0 16593938.0 16578655.0 16595291.0 16581618.0 16596513.0 16601549.0 16606538.0
156 17721653.0 17720731.0 17718354.0 17711836.0 17718623.0 17712937.0 17717059.0 17712345.0 17717449.0 17713649.0 17717425.0 17713852.0 17717425.0 17716647.0 17717956.0 17712344.0 17717913.0 17717526.0 17717666.0 17717249.0 17711147.0 17717260.0 17710780.0 17717106.0 17712610.0 17716521.0 17709315.0 17717459.0 17709094.0 17718284.0 17719325.0 17720218.0
159 17920682.0 17917486.0 17912178.0 17901555.0 17912238.0 17901273.0 17908846.0 17901198.0 17907603.0 17901939.0 17908527.0 17902404.0 17909009.0 17907483.0 17908217.0 17901587.0 17908516.0 17907449.0 17907500.0 17907299.0 17900336.0 17907620.0 17900137.0 17906267.0 17901197.0 17906645.0 17899537.0 17907385.0 17899584.0 17907521.0 17910353.0 17912101.0
162 18261375.0 18258963.0 18255020.0 18246969.0 18254801.0 18246676.0 18252611.0 18246712.0 18251769.0 18247453.0 18252392.0 18247971.0 18252629.0 18251355.0 18251982.0 18247495.0 18252167.0 18251166.0 18251169.0 18251114.0 18246128.0 18250960.0 18245718.0 18250002.0 18246736.0 18250222.0 18245509.0 18250828.0 18245441.0 18250817.0 18252945.0 18254456.0
165 18431442.0 18431115.0 18430144.0 18428336.0 18430064.0 18428504.0 18429545.0 18428329.0 18429125.0 18428599.0 18429408.0 18428518.0 18429494.0 18429351.0 18429375.0 18428317.0 18429467.0 18429429.0 18429407.0 18429589.0 18428199.0 18429647.0 18428039.0 18429412.0 18428388.0 18429546.0 18428107.0 18429781.0 18428095.0 18429846.0 18430405.0 18430876.0
168 18584457.0 18584044.0 18582989.0 18581540.0 18582841.0 18581583.0 18582477.0 18581497.0 18582077.0 18581622.0 18582270.0 18581597.0 18582446.0 18582399.0 18582158.0 18581493.0 18582257.0 18582198.0 18582297.0 18582386.0 18581424.0 18582341.0 18581273.0 18582168.0 18581584.0 18582329.0 18581377.0 18582421.0 18581403.0 18582510.0 18582882.0 18582946.0
171 18613202.0 18611735.0 18610264.0 18607876.0 18611263.0 18606617.0 18609512.0 18606735.0 18609174.0 18606811.0 18609945.0 18607982.0 18609874.0 18608786.0 18609022.0 18606531.0 18608837.0 18608020.0 18608177.0 18608265.0 18604885.0 18607667.0 18604595.0 18606689.0 18604876.0 18606364.0 18603920.0 18607056.0 18603777.0 18606440.0 18607404.0 18607392.0
174 18816319.0 18814812.0 18813601.0 18811729.0 18813303.0 18809337.0 18811091.0 18809748.0 18811124.0 18810514.0 18810432.0 18813549.0 18811922.0 18809324.0 18809560.0 18810132.0 18809032.0 18808281.0 18808479.0 18807582.0 18805736.0 18806028.0 18805323.0 18805527.0 18804648.0 18804643.0 18802412.0 18805242.0 18801949.0 18804812.0 18804899.0 18804416.0
177 18471960.0 18466177.0 18454834.0 18396398.0 18457954.0 18366008.0 18444894.0 18389574.0 18459738.0 18400359.0 18442447.0 18418963.0 18452648.0 18423668.0 18428244.0 18413710.0 18436568.0 18430000.0 18435091.0 18419600.0 18373334.0 18412968.0 18359916.0 18409506.0 18389762.0 18411437.0 18356595.0 18413509.0 18363567.0 18412002.0 18416638.0 18416518.0
180 11262901.0 11280845.0 11215082.0 11186382.0 11328212.0 11035906.0 11295426.0 11287813.0 11674489.0 11397726.0 11392540.0 11539227.0 11496911.0 11250056.0 11322763.0 11541959.0 11397731.0 11396147.0 11443660.0 11254704.0 11207213.0 11215117.0 11109599.0 11233043.0 11443334.0 11256365.0 11118602.0 11327996.0 11160469.0 11323947.0 11325820.0 11301031.0
183 10004441.0 10031376.0 9968889.0 10100262.0 10108300.0 9947515.0 10073278.0 10233507.0 10471606.0 10348854.0 10189924.0 10488171.0 10280692.0 10029999.0 10112606.0 10496846.0 10190003.0 10185298.0 10218843.0 10023359.0 10118373.0 9985136.0 10018637.0 9996052.0 10389014.0 10007870.0 10032619.0 10089445.0 10071269.0 10063993.0 10069667.0 10020734.0
186 8135344.0 8165981.0 8109155.0 8352485.0 8247463.0 8204616.0 8225486.0 8492238.0 8602803.0 8585025.0 8331664.0 8699955.0 8395558.0 8182331.0 8259385.0 8719847.0 8327094.0 8328690.0 8340400.0 8158134.0 8339967.0 8125769.0 8249070.0 8124461.0 8618552.0 8128599.0 8262136.0 8217885.0 8302783.0 8177539.0 8172991.0 8108964.0
189 261442.0 294989.0 260114.0 276956.0 274552.0 237970.0 276285.0 300342.0 400139.0 281084.0 280038.0 317847.0 296669.0 275307.0 282201.0 343998.0 284737.0 300090.0 296761.0 258566.0 262606.0 248546.0 324345.0 234982.0 311734.0 250134.0 257659.0 290287.0 283722.0 270814.0 271550.0 245794.0
192 174900.0 204045.0 179243.0 189452.0 167687.0 172018.0 166840.0 184088.0 210989.0 155091.0 166854.0 165431.0 176350.0 178835.0 186258.0 179876.0 167045.0 173219.0 166865.0 164053.0 174194.0 155734.0 239684.0 149491.0 165705.0 156448.0 174567.0 175659.0 183944.0 165124.0 171029.0 153620.0
195 171867.0 204712.0 175381.0 183471.0 162062.0 168558.0 159761.0 173104.0 180873.0 144029.0 159332.0 147470.0 166116.0 173398.0 180675.0 160486.0 157803.0 160696.0 154310.0 158769.0 168798.0 149643.0 230914.0 144260.0 145363.0 149498.0 169615.0 164742.0 174119.0 155383.0 163953.0 146206.0
198 172173.0 204014.0 173736.0 182602.0 161182.0 166990.0 157872.0 172457.0 178226.0 141804.0 157302.0 145992.0 166787.0 173165.0 179144.0 158831.0 157851.0 159061.0 152717.0 157878.0 168276.0 148471.0 230511.0 143016.0 143986.0 149016.0 168382.0 163802.0 173409.0 153727.0 163838.0 144380.0
201 170972.0 203865.0 173856.0 182742.0 159577.0 165397.0 158452.0 170839.0 187548.0 139084.0 155991.0 144602.0 166263.0 171475.0 176271.0 158490.0 156077.0 158393.0 150943.0 157667.0 166774.0 147011.0 227389.0 141019.0 141967.0 148463.0 167736.0 162906.0 173158.0 152789.0 159940.0 141340.0
204 167622.0 199163.0 169690.0 180493.0 156329.0 156815.0 155300.0 167278.0 179935.0 123371.0 150965.0 138197.0 164195.0 170818.0 161780.0 155796.0 151981.0 154580.0 144142.0 152670.0 164575.0 142965.0 223071.0 129978.0 134487.0 144475.0 164017.0 158596.0 171267.0 142907.0 150644.0 127470.0
207 157320.0 186989.0 152953.0 174685.0 143138.0 126943.0 144620.0 153674.0 153626.0 83183.0 131145.0 110262.0 160406.0 165476.0 117811.0 142228.0 133560.0 137101.0 119931.0 137275.0 156151.0 124223.0 201727.0 99573.0 107905.0 131800.0 153539.0 143988.0 163920.0 120369.0 120270.0 90363.0
210 115047.0 133028.0 97200.0 145187.0 98930.0 58508.0 103269.0 105810.0 83993.0 27356.0 75326.0 51018.0 139872.0 139778.0 43763.0 96585.0 81773.0 83535.0 62575.0 88997.0 117752.0 72301.0 138369.0 42212.0 49662.0 94191.0 110414.0 96308.0 131223.0 66602.0 59499.0 35910.0
213 56304.0 60130.0 38083.0 86617.0 46105.0 17281.0 49076.0 47235.0 27043.0 7442.0 26455.0 14271.0 94583.0 88146.0 11411.0 42192.0 31448.0 31946.0 20111.0 35768.0 58750.0 26570.0 59978.0 11877.0 14322.0 45592.0 53219.0 42925.0 73994.0 24164.0 19283.0 9842.0
216 14431.0 13648.0 8746.0 26383.0 11741.0 5038.0 12270.0 11042.0 6770.0 3381.0 6139.0 4236.0 33802.0 28479.0 4551.0 10015.0 7288.0 7415.0 5142.0 8197.0 14336.0 6287.0 14180.0 4214.0 4144.0 11877.0 13328.0 10396.0 21564.0 5993.0 5304.0 3632.0
219 5164.0 5759.0 4329.0 7259.0 4508.0 3731.0 4538.0 4692.0 4310.0 2877.0 3601.0 3096.0 8748.0 7356.0 3760.0 4231.0 3876.0 3896.0 3378.0 3894.0 4983.0 3568.0 6585.0 3102.0 3065.0 4379.0 4877.0 4289.0 6220.0 3484.0 3703.0 2744.0
222 3944.0 4597.0 3637.0 4704.0 3495.0 3098.0 3415.0 3830.0 3613.0 2226.0 3244.0 2676.0 4579.0 4484.0 2942.0 3508.0 3247.0 3161.0 2730.0 3347.0 4056.0 2961.0 5278.0 2520.0 2635.0 3335.0 3822.0 3472.0 4183.0 2893.0 2977.0 2261.0
225 3276.0 3831.0 2954.0 3812.0 2899.0 2472.0 2871.0 3116.0 2737.0 1809.0 2473.0 2095.0 3704.0 3663.0 2392.0 2769.0 2667.0 2594.0 2218.0 2710.0 3218.0 2366.0 4330.0 2034.0 1976.0 2852.0 3193.0 2786.0 3523.0 2245.0 2500.0 1802.0
228 2628.0 3205.0 2400.0 3176.0 2371.0 2083.0 2382.0 2527.0 2338.0 1584.0 2087.0 1676.0 3129.0 3115.0 2066.0 2315.0 2117.0 2289.0 1919.0 2227.0 2650.0 2008.0 3724.0 1778.0 1670.0 2357.0 2569.0 2331.0 2901.0 1944.0 2121.0 1623.0
231 2369.0 2723.0 2143.0 2663.0 2026.0 1942.0 2067.0 2220.0 2053.0 1366.0 1844.0 1673.0 2726.0 2556.0 1958.0 1958.0 1884.0 1864.0 1661.0 1895.0 2218.0 1758.0 3197.0 1582.0 1452.0 1967.0 2228.0 2070.0 2433.0 1757.0 1881.0 1551.0
234 2187.0 2580.0 2077.0 2527.0 1949.0 1839.0 1965.0 2220.0 1869.0 1312.0 1706.0 1494.0 2420.0 2354.0 1789.0 1956.0 1698.0 1722.0 1663.0 1850.0 2076.0 1654.0 2946.0 1635.0 1413.0 1927.0 2116.0 1903.0 2267.0 1768.0 1748.0 1425.0
237 2171.0 2389.0 1882.0 2434.0 1793.0 1787.0 1837.0 1999.0 1840.0 1217.0 1650.0 1488.0 2375.0 2229.0 1720.0 1717.0 1719.0 1691.0 1562.0 1736.0 2204.0 1624.0 2886.0 1497.0 1317.0 1876.0 1962.0 1800.0 2154.0 1645.0 1853.0 1321.0
240 1899.0 2287.0 1836.0 2311.0 1792.0 1574.0 1743.0 2004.0 1729.0 1020.0 1562.0 1352.0 2301.0 2127.0 1534.0 1737.0 1546.0 1616.0 1373.0 1663.0 1962.0 1422.0 2768.0 1284.0 1208.0 1751.0 1934.0 1749.0 1979.0 1496.0 1644.0 1127.0
243 1926.0 2111.0 1763.0 2212.0 1548.0 1433.0 1637.0 1786.0 1431.0 731.0 1425.0 1072.0 2096.0 2113.0 1164.0 1536.0 1437.0 1504.0 1178.0 1569.0 1815.0 1445.0 2534.0 1085.0 1020.0 1687.0 1834.0 1578.0 1966.0 1366.0 1312.0 877.0
246 1699.0 2022.0 1520.0 2039.0 1500.0 1044.0 1519.0 1553.0 1111.0 361.0 1137.0 728.0 2126.0 1967.0 742.0 1419.0 1265.0 1257.0 893.0 1346.0 1649.0 1150.0 2229.0 690.0 625.0 1489.0 1666.0 1348.0 1809.0 1069.0 1001.0 487.0
249 1503.0 1668.0 1086.0 1835.0 1128.0 560.0 1168.0 1203.0 582.0 141.0 732.0 332.0 1883.0 1805.0 319.0 1043.0 966.0 757.0 485.0 1001.0 1400.0 808.0 1814.0 329.0 326.0 1197.0 1349.0 1015.0 1545.0 608.0 569.0 201.0
252 1024.0 1019.0 578.0 1482.0 726.0 210.0 777.0 692.0 184.0 54.0 355.0 128.0 1689.0 1491.0 103.0 621.0 463.0 438.0 203.0 570.0 891.0 407.0 1081.0 115.0 123.0 762.0 905.0 615.0 1168.0 297.0 252.0 87.0
255 553.0 478.0 204.0 915.0 334.0 83.0 374.0 299.0 58.0 35.0 138.0 47.0 1152.0 980.0 53.0 240.0 182.0 153.0 70.0 199.0 458.0 160.0 424.0 50.0 56.0 405.0 434.0 251.0 734.0 121.0 114.0 41.0
258 179.0 150.0 72.0 349.0 120.0 39.0 109.0 84.0 33.0 33.0 45.0 26.0 527.0 481.0 25.0 93.0 53.0 57.0 37.0 73.0 161.0 58.0 122.0 40.0 36.0 147.0 127.0 83.0 236.0 41.0 47.0 26.0
261 65.0 77.0 43.0 142.0 43.0 31.0 58.0 62.0 35.0 19.0 38.0 24.0 225.0 164.0 41.0 44.0 37.0 42.0 30.0 40.0 58.0 38.0 93.0 31.0 26.0 62.0 63.0 46.0 95.0 33.0 37.0 27.0
264 56.0 58.0 39.0 67.0 36.0 43.0 42.0 55.0 28.0 22.0 50.0 26.0 80.0 79.0 31.0 36.0 32.0 26.0 33.0 25.0 46.0 35.0 66.0 29.0 18.0 46.0 47.0 42.0 59.0 31.0 36.0 19.0
267 38.0 56.0 35.0 57.0 33.0 33.0 45.0 41.0 24.0 31.0 21.0 21.0 47.0 53.0 28.0 35.0 22.0 30.0 25.0 31.0 34.0 32.0 56.0 25.0 15.0 46.0 47.0 36.0 48.0 23.0 34.0 19.0
270 33.0 50.0 37.0 52.0 40.0 19.0 33.0 36.0 20.0 22.0 25.0 23.0 54.0 48.0 30.0 39.0 31.0 22.0 21.0 35.0 33.0 26.0 52.0 31.0 20.0 37.0 46.0 33.0 46.0 25.0 34.0 18.0
273 29.0 49.0 38.0 46.0 24.0 29.0 29.0 36.0 28.0 19.0 27.0 16.0 40.0 46.0 21.0 32.0 29.0 31.0 21.0 23.0 29.0 34.0 32.0 16.0 19.0 42.0 32.0 18.0 38.0 22.0 26.0 21.0
276 40.0 46.0 29.0 38.0 28.0 19.0 24.0 25.0 23.0 13.0 16.0 8.0 37.0 40.0 25.0 19.0 22.0 20.0 17.0 27.0 38.0 19.0 40.0 21.0 23.0 26.0 39.0 15.0 34.0 30.0 30.0 10.0
279 37.0 31.0 26.0 35.0 18.0 17.0 34.0 32.0 10.0 8.0 30.0 27.0 36.0 42.0 15.0 30.0 21.0 17.0 23.0 22.0 25.0 18.0 33.0 21.0 15.0 34.0 27.0 24.0 21.0 16.0 17.0 14.0
282 27.0 29.0 17.0 32.0 24.0 19.0 23.0 25.0 22.0 5.0 21.0 10.0 56.0 28.0 12.0 27.0 14.0 16.0 18.0 18.0 23.0 22.0 45.0 10.0 17.0 36.0 29.0 16.0 28.0 15.0 25.0 9.0
285 25.0 23.0 18.0 42.0 24.0 15.0 25.0 24.0 6.0 2.0 17.0 8.0 46.0 37.0 4.0 18.0 16.0 13.0 7.0 16.0 17.0 14.0 33.0 11.0 6.0 19.0 23.0 29.0 37.0 14.0 15.0 6.0
288 15.0 23.0 11.0 37.0 17.0 6.0 17.0 25.0 5.0 4.0 9.0 8.0 36.0 36.0 1.0 12.0 14.0 8.0 9.0 8.0 19.0 12.0 29.0 2.0 2.0 25.0 21.0 17.0 32.0 1.0 15.0 1.0
291 16.0 17.0 9.0 25.0 9.0 2.0 15.0 9.0 5.0 2.0 6.0 1.0 23.0 29.0 2.0 9.0 5.0 9.0 2.0 7.0 14.0 7.0 15.0 4.0 1.0 15.0 15.0 8.0 14.0 6.0 5.0 0.0
294 15.0 17.0 3.0 18.0 4.0 1.0 10.0 5.0 0.0 0.0 4.0 0.0 23.0 23.0 0.0 4.0 5.0 2.0 0.0 2.0 6.0 0.0 13.0 1.0 1.0 8.0 9.0 3.0 11.0 1.0 3.0 1.0
297 2.0 5.0 1.0 16.0 1.0 0.0 4.0 2.0 1.0 0.0 0.0 0.0 20.0 10.0 1.0 3.0 1.0 3.0 2.0 2.0 4.0 1.0 0.0 1.0 0.0 5.0 3.0 1.0 6.0 2.0 2.0 0.0
300 1.0 1.0 2.0 3.0 0.0 0.0 3.0 4.0 3.0 0.0 0.0 2.0 8.0 9.0 1.0 0.0 1.0 1.0 1.0 0.0 1.0 0.0 5.0 1.0 1.0 3.0 3.0 1.0 5.0 1.0 0.0 0.0
303 1.0 1.0 1.0 2.0 2.0 0.0 1.0 3.0 0.0 0.0 1.0 1.0 2.0 4.0 0.0 1.0 0.0 2.0 2.0 1.0 1.0 0.0 2.0 1.0 1.0 2.0 0.0 1.0 3.0 0.0 0.0 1.0
306 1.0 1.0 0.0 3.0 1.0 0.0 3.0 1.0 2.0 0.0 1.0 1.0 2.0 2.0 1.0 1.0 0.0 0.0 1.0 2.0 1.0 1.0 2.0 0.0 2.0 1.0 2.0 1.0 1.0 1.0 0.0 0.0
309 2.0 0.0 1.0 0.0 1.0 0.0 1.0 0.0 0.0 1.0 1.0 2.0 6.0 1.0 0.0 1.0 0.0 1.0 0.0 1.0 1.0 0.0 1.0 0.0 0.0 0.0 0.0 0.0 2.0 0.0 0.0 0.0
312 0.0 0.0 3.0 2.0 0.0 0.0 0.0 2.0 0.0 1.0 1.0 1.0 1.0 2.0 0.0 0.0 3.0 1.0 0.0 1.0 1.0 0.0 1.0 0.0 0.0 0.0 1.0 0.0 3.0 2.0 2.0 0.0
315 0.0 1.0 0.0 0.0 1.0 1.0 0.0 0.0 0.0 0.0 0.0 0.0 1.0 2.0 0.0 3.0 1.0 0.0 0.0 0.0 0.0 0.0 0.0 0.0 0.0 2.0 0.0 1.0 1.0 0.0 0.0 0.0
318 1.0 2.0 0.0 0.0 1.0 2.0 0.0 0.0 0.0 0.0 1.0 0.0 2.0 1.0 0.0 0.0 0.0 1.0 0.0 0.0 0.0 0.0 1.0 3.0 0.0 1.0 1.0 1.0 3.0 1.0 2.0 0.0
321 2.0 1.0 0.0 0.0 1.0 0.0 1.0 2.0 1.0 1.0 0.0 2.0 3.0 2.0 1.0 2.0 1.0 2.0 2.0 1.0 1.0 0.0 1.0 0.0 0.0 1.0 0.0 1.0 0.0 0.0 0.0 0.0
324 3.0 0.0 1.0 1.0 3.0 0.0 0.0 1.0 0.0 0.0 0.0 0.0 1.0 0.0 1.0 0.0 1.0 0.0 0.0 0.0 0.0 0.0 1.0 0.0 0.0 1.0 0.0 0.0 0.0 1.0 0.0 0.0
327 0.0 1.0 1.0 1.0 1.0 0.0 0.0 0.0 0.0 0.0 0.0 1.0 0.0 3.0 0.0 0.0 0.0 0.0 0.0 1.0 0.0 0.0 0.0 0.0 0.0 3.0 1.0 1.0 0.0 0.0 0.0 0.0
330 0.0 1.0 0.0 0.0 1.0 0.0 0.0 0.0 1.0 0.0 0.0 0.0 3.0 0.0 0.0 0.0 0.0 1.0 1.0 0.0 0.0 0.0 0.0 1.0 0.0 0.0 0.0 0.0 1.0 0.0 0.0 0.0
333 0.0 0.0 0.0 0.0 0.0 1.0 1.0 0.0 1.0 1.0 1.0 0.0 2.0 0.0 0.0 1.0 1.0 0.0 0.0 0.0 0.0 0.0 0.0 1.0 0.0 0.0 0.0 1.0 0.0 1.0 1.0 1.0
336 0.0 0.0 0.0 0.0 0.0 0.0 0.0 0.0 0.0 0.0 0.0 0.0 0.0 0.0 0.0 0.0 0.0 0.0 0.0 0.0 1.0 0.0 0.0 0.0 0.0 1.0 1.0 0.0 0.0 0.0 0.0 0.0
339 1.0 0.0 2.0 1.0 1.0 0.0 1.0 0.0 0.0 0.0 0.0 0.0 1.0 0.0 0.0 0.0 0.0 0.0 0.0 1.0 0.0 0.0 0.0 0.0 0.0 0.0 0.0 0.0 2.0 0.0 0.0 0.0
342 0.0 1.0 0.0 0.0 1.0 0.0 0.0 0.0 0.0 1.0 1.0 0.0 1.0 1.0 0.0 1.0 0.0 0.0 0.0 0.0 1.0 0.0 0.0 0.0 0.0 0.0 0.0 1.0 0.0 0.0 0.0 0.0
345 1.0 1.0 1.0 1.0 0.0 0.0 0.0 0.0 0.0 0.0 0.0 0.0 1.0 0.0 0.0 0.0 0.0 0.0 0.0 1.0 0.0 0.0 0.0 0.0 0.0 0.0 0.0 0.0 1.0 0.0 0.0 0.0
348 1.0 0.0 1.0 0.0 1.0 3.0 1.0 0.0 0.0 1.0 1.0 0.0 0.0 0.0 0.0 1.0 1.0 0.0 0.0 0.0 1.0 1.0 1.0 0.0 1.0 0.0 0.0 0.0 0.0 0.0 0.0 0.0
351 0.0 0.0 0.0 0.0 0.0 0.0 0.0 0.0 0.0 0.0 0.0 0.0 1.0 0.0 0.0 0.0 0.0 0.0 0.0 0.0 0.0 0.0 0.0 0.0 0.0 0.0 0.0 0.0 0.0 0.0 0.0 0.0
354 1.0 2.0 0.0 0.0 1.0 0.0 1.0 0.0 0.0 0.0 1.0 0.0 1.0 0.0 0.0 0.0 1.0 0.0 0.0 0.0 0.0 0.0 0.0 1.0 0.0 0.0 0.0 0.0 0.0 1.0 0.0 0.0
357 0.0 0.0 0.0 0.0 0.0 0.0 0.0 0.0 0.0 2.0 0.0 0.0 0.0 0.0 1.0 0.0 1.0 1.0 0.0 0.0 2.0 0.0 0.0 0.0 0.0 1.0 0.0 0.0 0.0 0.0 0.0 0.0
