100 0.0 0.0 1.0 0.0 0.0 0.0 1.0 0.0 0.0 0.0 1.0 0.0 0.0 0.0 1.0 0.0 1.0 0.0 1.0 0.0 0.0 1.0 0.0 0.0 0.0 0.0 1.0 0.0 0.0 0.0 0.0 0.0
105 0.0 0.0 1.0 0.0 0.0 1.0 1.0 0.0 0.0 0.0 0.0 0.0 0.0 1.0 2.0 0.0 0.0 0.0 0.0 1.0 0.0 0.0 0.0 0.0 0.0 0.0 0.0 1.0 3.0 0.0 1.0 1.0
110 1.0 0.0 3.0 0.0 0.0 0.0 0.0 0.0 1.0 0.0 0.0 0.0 1.0 0.0 0.0 0.0 3.0 1.0 1.0 2.0 0.0 0.0 1.0 3.0 0.0 0.0 2.0 0.0 2.0 0.0 0.0 1.0
115 1.0 0.0 7.0 5.0 5.0 0.0 2.0 0.0 1.0 1.0 0.0 3.0 2.0 1.0 2.0 1.0 5.0 0.0 0.0 1.0 0.0 0.0 8.0 11.0 0.0 1.0 1.0 1.0 2.0 8.0 4.0 8.0
120 6.0 6.0 17.0 18.0 11.0 9.0 10.0 5.0 4.0 8.0 2.0 7.0 14.0 7.0 7.0 8.0 10.0 16.0 5.0 4.0 4.0 2.0 25.0 12.0 2.0 4.0 3.0 9.0 11.0 15.0 7.0 11.0
125 29.0 12.0 38.0 17.0 29.0 20.0 23.0 5.0 9.0 13.0 12.0 19.0 21.0 16.0 20.0 18.0 24.0 24.0 23.0 28.0 12.0 9.0 56.0 67.0 6.0 10.0 8.0 22.0 33.0 47.0 24.0 33.0
130 73.0 79.0 177.0 125.0 145.0 51.0 103.0 28.0 63.0 76.0 35.0 75.0 106.0 49.0 138.0 64.0 89.0 120.0 48.0 96.0 34.0 43.0 200.0 216.0 19.0 51.0 45.0 107.0 159.0 195.0 126.0 133.0
135 303.0 258.0 467.0 342.0 430.0 320.0 587.0 158.0 252.0 244.0 160.0 271.0 324.0 212.0 416.0 294.0 323.0 441.0 268.0 330.0 205.0 196.0 466.0 605.0 193.0 222.0 216.0 371.0 767.0 523.0 374.0 384.0
140 1043.0 735.0 1656.0 1039.0 1541.0 811.0 1330.0 433.0 665.0 826.0 513.0 903.0 995.0 642.0 1374.0 721.0 952.0 1113.0 670.0 995.0 613.0 574.0 1785.0 2631.0 514.0 708.0 683.0 1069.0 2187.0 1937.0 1187.0 1223.0
145 9100.0 7003.0 11270.0 8040.0 10073.0 8077.0 11090.0 4801.0 6061.0 7173.0 5024.0 7625.0 7823.0 5527.0 10214.0 6719.0 8367.0 8782.0 6288.0 7711.0 6026.0 5479.0 10940.0 12440.0 4858.0 6562.0 6975.0 9522.0 19272.0 11844.0 8745.0 8901.0
150 30617.0 24411.0 32597.0 25501.0 30907.0 28889.0 38116.0 19848.0 23233.0 23312.0 19835.0 24146.0 24363.0 20456.0 30702.0 22593.0 26564.0 28717.0 23538.0 24729.0 23263.0 21353.0 30516.0 36193.0 20870.0 24497.0 25137.0 31870.0 62321.0 35090.0 28217.0 27974.0
155 17267657.0 17260001.0 17252744.0 17230576.0 17252181.0 17239946.0 17246562.0 17242282.0 17246623.0 17239166.0 17249648.0 17234441.0 17245839.0 17246221.0 17249571.0 17237022.0 17246279.0 17237337.0 17247944.0 17247353.0 17239745.0 17247946.0 17221920.0 17240916.0 17235486.0 17246309.0 17237098.0 17244689.0 17223563.0 17242335.0 17245036.0 17244858.0
160 17850773.0 17847452.0 17845421.0 17836745.0 17843906.0 17838903.0 17843503.0 17839492.0 17842374.0 17838844.0 17843296.0 17837785.0 17842867.0 17842906.0 17843697.0 17838821.0 17842950.0 17840954.0 17841963.0 17841781.0 17839043.0 17841736.0 17832299.0 17840875.0 17838348.0 17841898.0 17838304.0 17842392.0 17836247.0 17842465.0 17842431.0 17842856.0
165 18311531.0 18309036.0 18307269.0 18299893.0 18306657.0 18302937.0 18305485.0 18303749.0 18305263.0 18302801.0 18305764.0 18301408.0 18304935.0 18305145.0 18305518.0 18302709.0 18305214.0 18303554.0 18305239.0 18305121.0 18303535.0 18305263.0 18298208.0 18304127.0 18303138.0 18305580.0 18303250.0 18305640.0 18300072.0 18305368.0 18306056.0 18306370.0
170 18641685.0 18640302.0 18639952.0 18636005.0 18639285.0 18636449.0 18638376.0 18636959.0 18638102.0 18636818.0 18638343.0 18636458.0 18638233.0 18637915.0 18638896.0 18636694.0 18638251.0 18637206.0 18638035.0 18638031.0 18636755.0 18637776.0 18635259.0 18637790.0 18636548.0 18638223.0 18636533.0 18638599.0 18634430.0 18639001.0 18638787.0 18639175.0
175 18841671.0 18840648.0 18840196.0 18835723.0 18838816.0 18835325.0 18838584.0 18836332.0 18838193.0 18836599.0 18838481.0 18835842.0 18838743.0 18838648.0 18839423.0 18836273.0 18838404.0 18837589.0 18837717.0 18837843.0 18835707.0 18837148.0 18832811.0 18836737.0 18835020.0 18836822.0 18834511.0 18837132.0 18831671.0 18837071.0 18837018.0 18837163.0
180 13133035.0 13301874.0 13095263.0 12868776.0 12854810.0 12476681.0 12973460.0 12628650.0 12968168.0 12711585.0 13039135.0 12684544.0 13083087.0 13243340.0 12905700.0 13035449.0 13012708.0 13212914.0 12874480.0 12853380.0 12613227.0 12858750.0 12764840.0 12688061.0 12806145.0 12734514.0 12448434.0 12578644.0 12491722.0 12718528.0 12798248.0 12822692.0
185 9518186.0 9682945.0 9636240.0 9964661.0 9461936.0 9505258.0 9626410.0 9707510.0 9649094.0 9816845.0 9734507.0 9716590.0 9800171.0 10002123.0 9584276.0 10185093.0 9710469.0 9994778.0 9544391.0 9535097.0 9599512.0 9553566.0 9852060.0 9334369.0 9947449.0 9352554.0 9409922.0 9152769.0 9471325.0 9318402.0 9414011.0 9399401.0
190 410202.0 440628.0 462427.0 473681.0 378118.0 355825.0 496853.0 350926.0 419075.0 396559.0 415753.0 367319.0 443630.0 485885.0 403582.0 493037.0 426006.0 556055.0 373994.0 376340.0 363180.0 378512.0 443435.0 364787.0 436064.0 350765.0 342734.0 337550.0 598770.0 382179.0 382950.0 367657.0
195 173028.0 145502.0 192195.0 173228.0 162626.0 177542.0 260730.0 133430.0 167963.0 142146.0 141334.0 151455.0 151404.0 153693.0 170342.0 152621.0 173657.0 223169.0 164311.0 148916.0 153719.0 151047.0 180710.0 170829.0 158744.0 147674.0 158791.0 173771.0 422490.0 180850.0 156410.0 162252.0
200 172699.0 144686.0 191194.0 170919.0 163538.0 178222.0 258715.0 133026.0 166532.0 140683.0 140054.0 151083.0 150485.0 151780.0 171217.0 149645.0 173412.0 219691.0 164728.0 148942.0 151750.0 149895.0 178975.0 170650.0 156097.0 147785.0 157699.0 174892.0 418220.0 179913.0 156282.0 160803.0
205 172947.0 143801.0 191977.0 171053.0 162725.0 178402.0 258274.0 132046.0 166039.0 139941.0 139775.0 151508.0 150872.0 151557.0 169584.0 150154.0 173661.0 214308.0 163470.0 149835.0 151652.0 149201.0 178930.0 170969.0 155965.0 148307.0 157305.0 174377.0 413326.0 179618.0 155225.0 160991.0
210 171354.0 143712.0 193483.0 170400.0 161133.0 175451.0 258255.0 131052.0 165895.0 138792.0 139117.0 150301.0 149402.0 149838.0 169084.0 148515.0 171482.0 213453.0 161053.0 148279.0 150223.0 147985.0 178447.0 170454.0 154315.0 145948.0 155559.0 173228.0 409192.0 180415.0 155001.0 161185.0
215 162877.0 139945.0 191193.0 167942.0 159663.0 162904.0 247779.0 118046.0 159282.0 135600.0 132157.0 146708.0 147731.0 147630.0 164133.0 145206.0 167025.0 210158.0 152843.0 145014.0 138467.0 137049.0 176145.0 166787.0 143677.0 134636.0 137905.0 163787.0 379539.0 175073.0 150783.0 157343.0
220 103546.0 116328.0 177221.0 161349.0 140339.0 93455.0 187010.0 59567.0 119260.0 106894.0 91677.0 125263.0 134426.0 125083.0 134308.0 119023.0 130116.0 182905.0 95882.0 121716.0 79569.0 80841.0 166484.0 150994.0 87130.0 80168.0 68816.0 110402.0 203607.0 152053.0 124692.0 135074.0
225 14846.0 30064.0 77535.0 90680.0 43835.0 12231.0 37067.0 6718.0 23245.0 25957.0 14263.0 36698.0 53037.0 38227.0 35393.0 31740.0 28663.0 68237.0 13216.0 33155.0 10244.0 11313.0 87829.0 65108.0 12145.0 11335.0 8246.0 17333.0 23777.0 52725.0 35489.0 46146.0
230 5309.0 5094.0 11263.0 15924.0 7128.0 5521.0 8907.0 3543.0 5696.0 5127.0 4322.0 5975.0 8030.0 6432.0 6645.0 5827.0 6211.0 10989.0 5000.0 5701.0 4343.0 4488.0 14692.0 10631.0 4813.0 4273.0 4374.0 5751.0 13430.0 8428.0 6223.0 7512.0
235 4294.0 3863.0 6080.0 5875.0 4804.0 4618.0 6748.0 2918.0 4616.0 3793.0 3552.0 4347.0 4577.0 4312.0 4892.0 4304.0 4752.0 6402.0 4237.0 4265.0 3652.0 3646.0 6078.0 5496.0 3677.0 3488.0 3523.0 4654.0 11582.0 5388.0 4360.0 4837.0
240 3283.0 3138.0 4908.0 4919.0 3912.0 3567.0 5546.0 2310.0 3687.0 2999.0 2680.0 3413.0 3828.0 3474.0 3856.0 3563.0 3801.0 5265.0 3427.0 3306.0 2995.0 2948.0 4772.0 4256.0 3023.0 2849.0 2834.0 3741.0 9568.0 4518.0 3534.0 4040.0
245 3079.0 2607.0 4110.0 3877.0 3354.0 3324.0 4977.0 2083.0 3306.0 2616.0 2456.0 3002.0 3086.0 2961.0 3218.0 2871.0 3379.0 4443.0 3111.0 2881.0 2607.0 2762.0 4040.0 3709.0 2749.0 2495.0 2685.0 3527.0 8666.0 3878.0 2946.0 3421.0
250 3008.0 2462.0 3849.0 3701.0 3142.0 3301.0 4643.0 2121.0 3076.0 2369.0 2417.0 2851.0 2869.0 2841.0 3154.0 2787.0 3253.0 4139.0 3099.0 2876.0 2591.0 2541.0 3648.0 3468.0 2632.0 2412.0 2523.0 3223.0 8365.0 3616.0 2896.0 3274.0
255 2762.0 2483.0 3726.0 3491.0 3091.0 3193.0 4587.0 1960.0 2986.0 2384.0 2303.0 2835.0 2864.0 2705.0 3033.0 2668.0 3167.0 4052.0 2952.0 2712.0 2451.0 2436.0 3561.0 3338.0 2517.0 2295.0 2367.0 3109.0 7851.0 3404.0 2810.0 3157.0
260 2669.0 2280.0 3580.0 3405.0 2912.0 3005.0 5090.0 1738.0 2751.0 2292.0 2288.0 2657.0 2672.0 2605.0 2945.0 2559.0 3031.0 3855.0 2753.0 2604.0 2268.0 2369.0 3481.0 3222.0 2319.0 2210.0 2234.0 3047.0 7049.0 3332.0 2771.0 2971.0
265 2383.0 2200.0 3425.0 3248.0 2876.0 2606.0 4681.0 1437.0 2801.0 2176.0 1938.0 2516.0 2509.0 2468.0 2592.0 2343.0 2683.0 3688.0 2413.0 2429.0 2004.0 1900.0 3284.0 3006.0 2049.0 1930.0 1771.0 2779.0 6039.0 3136.0 2472.0 2858.0
270 1628.0 1884.0 3119.0 3031.0 2619.0 1567.0 3407.0 627.0 2044.0 1678.0 1297.0 2078.0 2345.0 2049.0 2271.0 2101.0 2222.0 3101.0 1469.0 2078.0 1121.0 1127.0 3127.0 2864.0 1121.0 1195.0 857.0 1989.0 3080.0 2716.0 2125.0 2569.0
275 510.0 998.0 2387.0 2546.0 1718.0 446.0 1427.0 137.0 804.0 883.0 426.0 1288.0 1769.0 1166.0 1378.0 1131.0 1157.0 2196.0 423.0 1217.0 290.0 307.0 2557.0 2328.0 305.0 310.0 187.0 743.0 669.0 1968.0 1326.0 1598.0
280 473.0 576.0 1361.0 1777.0 1009.0 497.0 803.0 422.0 582.0 598.0 473.0 786.0 1136.0 790.0 846.0 740.0 689.0 1254.0 508.0 732.0 426.0 456.0 1848.0 1643.0 427.0 451.0 400.0 525.0 634.0 1060.0 746.0 1009.0
285 87.0 75.0 301.0 416.0 172.0 132.0 212.0 53.0 102.0 102.0 60.0 106.0 191.0 145.0 132.0 106.0 128.0 233.0 99.0 124.0 79.0 75.0 429.0 375.0 79.0 79.0 57.0 115.0 280.0 207.0 117.0 168.0
290 391.0 371.0 333.0 411.0 362.0 323.0 421.0 328.0 383.0 313.0 293.0 388.0 372.0 383.0 363.0 323.0 338.0 411.0 349.0 354.0 327.0 366.0 398.0 413.0 330.0 341.0 342.0 356.0 506.0 378.0 363.0 341.0
295 165.0 158.0 191.0 224.0 183.0 157.0 237.0 164.0 165.0 191.0 166.0 158.0 194.0 178.0 189.0 166.0 167.0 174.0 175.0 157.0 151.0 122.0 219.0 202.0 140.0 153.0 148.0 165.0 282.0 184.0 137.0 192.0
300 142.0 112.0 135.0 170.0 182.0 165.0 205.0 104.0 159.0 132.0 123.0 131.0 156.0 137.0 165.0 138.0 156.0 186.0 155.0 138.0 114.0 120.0 171.0 176.0 118.0 121.0 108.0 160.0 297.0 154.0 132.0 176.0
305 302.0 261.0 280.0 340.0 312.0 312.0 354.0 268.0 299.0 314.0 243.0 314.0 323.0 302.0 302.0 296.0 297.0 346.0 291.0 303.0 280.0 287.0 347.0 306.0 269.0 276.0 270.0 287.0 414.0 282.0 278.0 308.0
310 71.0 44.0 85.0 82.0 62.0 54.0 120.0 32.0 70.0 43.0 51.0 53.0 69.0 69.0 67.0 64.0 70.0 93.0 76.0 68.0 51.0 56.0 79.0 81.0 31.0 39.0 40.0 83.0 137.0 76.0 70.0 88.0
315 246.0 256.0 220.0 304.0 276.0 262.0 287.0 211.0 270.0 264.0 239.0 267.0 278.0 263.0 274.0 293.0 291.0 283.0 262.0 276.0 215.0 220.0 338.0 306.0 233.0 227.0 215.0 297.0 323.0 249.0 266.0 265.0
320 22.0 35.0 72.0 95.0 62.0 30.0 67.0 7.0 45.0 36.0 27.0 38.0 54.0 38.0 72.0 41.0 48.0 71.0 23.0 41.0 16.0 20.0 82.0 76.0 17.0 19.0 8.0 56.0 38.0 79.0 50.0 75.0
325 155.0 159.0 143.0 200.0 175.0 146.0 189.0 165.0 143.0 148.0 156.0 189.0 205.0 183.0 176.0 211.0 179.0 206.0 167.0 181.0 132.0 149.0 223.0 236.0 152.0 145.0 141.0 174.0 194.0 200.0 180.0 181.0
330 40.0 60.0 77.0 116.0 71.0 63.0 76.0 50.0 44.0 65.0 50.0 61.0 79.0 75.0 52.0 58.0 53.0 77.0 57.0 54.0 43.0 51.0 116.0 97.0 52.0 37.0 71.0 67.0 54.0 78.0 60.0 83.0
335 32.0 32.0 23.0 65.0 36.0 37.0 44.0 38.0 32.0 37.0 26.0 33.0 34.0 40.0 31.0 35.0 35.0 31.0 36.0 40.0 34.0 34.0 47.0 49.0 26.0 33.0 45.0 29.0 41.0 37.0 28.0 29.0
340 118.0 109.0 98.0 122.0 113.0 112.0 131.0 110.0 136.0 118.0 107.0 117.0 119.0 128.0 102.0 116.0 111.0 133.0 131.0 107.0 106.0 134.0 121.0 116.0 110.0 122.0 109.0 100.0 124.0 105.0 105.0 132.0
345 1.0 1.0 5.0 3.0 3.0 0.0 7.0 1.0 5.0 2.0 0.0 3.0 0.0 3.0 1.0 0.0 1.0 0.0 2.0 3.0 0.0 1.0 4.0 2.0 4.0 0.0 1.0 4.0 8.0 2.0 1.0 3.0
350 110.0 86.0 65.0 96.0 79.0 112.0 110.0 91.0 107.0 106.0 85.0 116.0 90.0 94.0 98.0 87.0 106.0 84.0 100.0 112.0 68.0 95.0 109.0 97.0 97.0 107.0 122.0 81.0 82.0 95.0 101.0 130.0
355 2.0 2.0 3.0 2.0 2.0 3.0 8.0 1.0 4.0 0.0 3.0 1.0 5.0 0.0 1.0 4.0 3.0 1.0 0.0 2.0 2.0 1.0 3.0 5.0 3.0 0.0 1.0 5.0 3.0 4.0 2.0 5.0
360 50.0 51.0 43.0 51.0 50.0 60.0 60.0 44.0 52.0 52.0 43.0 51.0 54.0 51.0 65.0 44.0 56.0 44.0 68.0 65.0 52.0 47.0 63.0 50.0 42.0 47.0 60.0 50.0 58.0 42.0 50.0 61.0
365 15.0 13.0 10.0 22.0 16.0 14.0 14.0 13.0 16.0 14.0 11.0 17.0 20.0 17.0 26.0 16.0 18.0 17.0 15.0 17.0 13.0 12.0 21.0 22.0 16.0 20.0 12.0 16.0 17.0 21.0 18.0 26.0
370 9.0 8.0 11.0 6.0 8.0 5.0 6.0 4.0 6.0 9.0 8.0 8.0 13.0 2.0 9.0 10.0 5.0 7.0 8.0 7.0 8.0 5.0 9.0 8.0 6.0 5.0 7.0 4.0 5.0 10.0 2.0 9.0
375 8.0 17.0 10.0 15.0 12.0 12.0 9.0 11.0 11.0 17.0 12.0 16.0 18.0 10.0 20.0 7.0 13.0 17.0 12.0 8.0 10.0 16.0 11.0 11.0 13.0 11.0 16.0 8.0 12.0 10.0 21.0 15.0
380 0.0 0.0 1.0 0.0 0.0 0.0 1.0 0.0 0.0 2.0 0.0 0.0 1.0 0.0 0.0 0.0 0.0 1.0 0.0 0.0 0.0 0.0 3.0 5.0 0.0 0.0 0.0 1.0 1.0 1.0 0.0 1.0
385 10.0 9.0 6.0 12.0 11.0 8.0 9.0 17.0 11.0 11.0 8.0 14.0 8.0 10.0 15.0 12.0 6.0 6.0 22.0 10.0 5.0 7.0 6.0 9.0 13.0 10.0 13.0 13.0 8.0 3.0 9.0 13.0
390 0.0 1.0 0.0 1.0 0.0 1.0 0.0 0.0 2.0 1.0 0.0 0.0 0.0 0.0 0.0 0.0 0.0 1.0 0.0 0.0 0.0 1.0 1.0 0.0 1.0 0.0 0.0 2.0 1.0 2.0 1.0 0.0
395 0.0 0.0 0.0 1.0 0.0 2.0 1.0 0.0 1.0 0.0 1.0 0.0 0.0 0.0 0.0 0.0 0.0 1.0 2.0 0.0 0.0 0.0 1.0 0.0 0.0 1.0 1.0 0.0 0.0 1.0 2.0 1.0
400 1.0 0.0 0.0 0.0 0.0 1.0 0.0 0.0 1.0 0.0 1.0 0.0 1.0 0.0 0.0 0.0 0.0 0.0 0.0 0.0 0.0 0.0 0.0 0.0 0.0 0.0 0.0 2.0 0.0 1.0 0.0 0.0
405 0.0 0.0 0.0 0.0 0.0 0.0 0.0 0.0 0.0 0.0 0.0 0.0 0.0 0.0 0.0 0.0 1.0 0.0 0.0 0.0 0.0 0.0 0.0 0.0 0.0 0.0 0.0 0.0 0.0 0.0 0.0 0.0
410 0.0 1.0 0.0 2.0 0.0 0.0 0.0 0.0 0.0 1.0 0.0 1.0 0.0 0.0 0.0 2.0 1.0 0.0 0.0 1.0 1.0 2.0 0.0 2.0 0.0 1.0 0.0 0.0 2.0 0.0 0.0 1.0
415 0.0 0.0 0.0 0.0 0.0 0.0 0.0 0.0 1.0 0.0 0.0 0.0 0.0 0.0 0.0 0.0 0.0 1.0 0.0 0.0 0.0 0.0 0.0 0.0 0.0 0.0 0.0 0.0 0.0 0.0 1.0 0.0
420 0.0 0.0 1.0 0.0 0.0 1.0 0.0 1.0 1.0 0.0 0.0 0.0 0.0 1.0 0.0 0.0 1.0 0.0 1.0 0.0 0.0 0.0 0.0 1.0 0.0 0.0 0.0 0.0 0.0 0.0 2.0 0.0
425 0.0 1.0 1.0 0.0 1.0 0.0 0.0 0.0 0.0 0.0 0.0 1.0 1.0 0.0 0.0 0.0 0.0 1.0 0.0 1.0 1.0 0.0 1.0 0.0 1.0 0.0 0.0 0.0 0.0 0.0 0.0 0.0
430 0.0 0.0 2.0 0.0 1.0 0.0 0.0 1.0 1.0 1.0 1.0 0.0 0.0 0.0 1.0 0.0 0.0 0.0 0.0 0.0 0.0 0.0 1.0 0.0 0.0 0.0 1.0 0.0 1.0 0.0 0.0 0.0
435 0.0 0.0 0.0 0.0 0.0 0.0 0.0 0.0 0.0 0.0 0.0 0.0 1.0 0.0 0.0 0.0 0.0 0.0 0.0 0.0 0.0 0.0 0.0 1.0 0.0 0.0 0.0 0.0 2.0 0.0 0.0 0.0
440 0.0 1.0 0.0 0.0 0.0 1.0 0.0 0.0 0.0 0.0 1.0 0.0 0.0 0.0 0.0 0.0 2.0 0.0 1.0 0.0 0.0 0.0 0.0 0.0 0.0 0.0 0.0 1.0 0.0 0.0 0.0 0.0
445 0.0 1.0 0.0 0.0 2.0 2.0 2.0 0.0 1.0 0.0 1.0 1.0 0.0 1.0 1.0 0.0 1.0 0.0 1.0 0.0 0.0 0.0 0.0 0.0 0.0 0.0 0.0 0.0 0.0 0.0 2.0 1.0
450 0.0 0.0 0.0 1.0 0.0 0.0 0.0 0.0 0.0 1.0 0.0 0.0 0.0 0.0 0.0 0.0 0.0 1.0 0.0 0.0 0.0 0.0 0.0 1.0 0.0 0.0 0.0 2.0 0.0 1.0 0.0 1.0
455 0.0 0.0 1.0 0.0 1.0 0.0 0.0 0.0 1.0 0.0 0.0 0.0 1.0 0.0 0.0 0.0 0.0 0.0 1.0 1.0 0.0 0.0 0.0 0.0 1.0 0.0 0.0 0.0 0.0 0.0 0.0 0.0
460 0.0 0.0 0.0 0.0 0.0 0.0 0.0 0.0 0.0 0.0 0.0 1.0 0.0 0.0 0.0 0.0 0.0 0.0 0.0 0.0 0.0 0.0 1.0 0.0 0.0 0.0 0.0 0.0 0.0 0.0 0.0 1.0
465 0.0 0.0 1.0 0.0 0.0 0.0 0.0 1.0 1.0 0.0 0.0 0.0 0.0 0.0 2.0 0.0 0.0 0.0 0.0 1.0 1.0 1.0 1.0 0.0 3.0 2.0 0.0 0.0 1.0 0.0 1.0 1.0
470 1.0 0.0 0.0 1.0 0.0 1.0 0.0 0.0 0.0 0.0 0.0 0.0 0.0 0.0 0.0 1.0 0.0 0.0 1.0 0.0 0.0 1.0 0.0 0.0 0.0 0.0 0.0 0.0 0.0 0.0 1.0 0.0
475 0.0 0.0 0.0 0.0 0.0 0.0 0.0 0.0 0.0 0.0 0.0 0.0 0.0 0.0 1.0 0.0 0.0 0.0 0.0 0.0 0.0 0.0 0.0 0.0 0.0 0.0 0.0 0.0 0.0 0.0 0.0 0.0
480 0.0 0.0 0.0 0.0 0.0 0.0 0.0 1.0 0.0 0.0 0.0 0.0 0.0 0.0 0.0 0.0 0.0 0.0 0.0 0.0 0.0 0.0 0.0 1.0 0.0 1.0 0.0 1.0 0.0 0.0 0.0 1.0
485 0.0 0.0 0.0 0.0 0.0 0.0 0.0 0.0 0.0 0.0 0.0 0.0 0.0 0.0 0.0 0.0 0.0 0.0 0.0 0.0 0.0 0.0 0.0 0.0 0.0 0.0 0.0 0.0 0.0 0.0 0.0 0.0
490 0.0 0.0 0.0 0.0 0.0 0.0 1.0 2.0 0.0 0.0 0.0 0.0 0.0 0.0 0.0 0.0 0.0 0.0 0.0 0.0 0.0 0.0 0.0 0.0 0.0 0.0 0.0 1.0 1.0 0.0 1.0 0.0
495 0.0 0.0 0.0 0.0 0.0 1.0 0.0 0.0 0.0 0.0 0.0 0.0 2.0 1.0 0.0 0.0 0.0 0.0 0.0 0.0 0.0 0.0 0.0 0.0 0.0 0.0 0.0 1.0 0.0 0.0 0.0 0.0
