150 33125.0 39566.0 26091.0 52848.0 59927.0 28654.0 39138.0 57446.0 29713.0 39175.0 34937.0 36615.0 51528.0 26899.0 30249.0 32633.0 27443.0 32280.0 34531.0 46286.0 68160.0 38465.0 36126.0 29494.0 28792.0 43512.0 26260.0 43227.0 37567.0 28996.0 30946.0 27056.0
153 18376613.0 18380188.0 18382666.0 18351982.0 18380453.0 18365217.0 18363742.0 18358169.0 18377589.0 18355988.0 18378087.0 18358330.0 18372424.0 18382382.0 18378345.0 18362762.0 18378608.0 18375367.0 18374813.0 18371605.0 18349375.0 18377343.0 18352727.0 18376319.0 18362073.0 18374820.0 18362255.0 18367419.0 18354044.0 18372147.0 18380912.0 18378807.0
156 18661731.0 18667134.0 18665897.0 18643868.0 18666923.0 18655791.0 18654336.0 18650895.0 18662033.0 18647613.0 18662514.0 18650708.0 18660711.0 18664232.0 18662227.0 18655179.0 18662488.0 18661332.0 18661622.0 18660634.0 18641636.0 18663089.0 18645313.0 18661565.0 18654366.0 18663271.0 18654294.0 18657257.0 18646607.0 18660467.0 18664655.0 18664500.0
159 18994763.0 18997960.0 18996661.0 18977058.0 18997677.0 18986485.0 18988216.0 18983092.0 18994562.0 18981038.0 18994929.0 18983134.0 18993643.0 18996349.0 18994841.0 18985901.0 18994037.0 18993551.0 18992938.0 18991974.0 18975443.0 18993410.0 18978881.0 18992057.0 18985487.0 18993146.0 18985591.0 18989602.0 18980448.0 18991639.0 18993881.0 18994059.0
162 19300380.0 19301861.0 19300384.0 19286128.0 19301659.0 19292268.0 19295275.0 19290195.0 19299534.0 19288999.0 19299721.0 19290107.0 19299206.0 19300758.0 19299674.0 19291611.0 19298708.0 19298763.0 19297899.0 19297270.0 19284350.0 19298073.0 19287720.0 19296994.0 19291604.0 19297759.0 19291592.0 19295764.0 19288789.0 19296485.0 19297822.0 19297859.0
165 19630888.0 19630852.0 19629605.0 19618643.0 19631378.0 19625323.0 19625974.0 19623115.0 19629444.0 19621612.0 19629514.0 19622793.0 19629416.0 19630053.0 19629274.0 19624427.0 19628922.0 19628716.0 19628344.0 19628048.0 19616174.0 19628684.0 19619802.0 19628160.0 19624387.0 19628392.0 19624455.0 19626596.0 19621809.0 19627266.0 19628266.0 19627849.0
168 19800594.0 19800429.0 19799074.0 19794700.0 19800492.0 19796914.0 19798325.0 19796380.0 19798977.0 19795778.0 19799093.0 19796122.0 19799548.0 19798764.0 19798592.0 19796277.0 19798439.0 19798502.0 19798406.0 19798543.0 19792702.0 19798443.0 19794517.0 19798136.0 19796159.0 19798539.0 19796203.0 19797680.0 19795166.0 19797739.0 19798384.0 19798202.0
171 19685178.0 19681683.0 19680401.0 19679528.0 19681916.0 19680112.0 19679998.0 19680260.0 19681431.0 19680044.0 19682012.0 19679847.0 19681951.0 19681071.0 19681108.0 19679406.0 19680273.0 19680414.0 19679548.0 19679259.0 19675116.0 19679314.0 19675867.0 19678630.0 19676907.0 19678891.0 19676453.0 19678288.0 19675676.0 19678243.0 19678534.0 19678190.0
174 19485730.0 19501783.0 19495826.0 19461977.0 19492759.0 19461502.0 19490249.0 19459289.0 19482760.0 19467628.0 19484744.0 19465394.0 19478578.0 19481466.0 19479339.0 19465433.0 19473125.0 19476575.0 19471668.0 19470307.0 19458130.0 19468795.0 19459623.0 19465303.0 19461210.0 19466066.0 19459087.0 19465470.0 19456064.0 19465194.0 19466877.0 19467378.0
177 16419072.0 16737412.0 16890490.0 16046778.0 16509962.0 16032552.0 16922160.0 15880386.0 16519897.0 16206138.0 16627402.0 16164722.0 16450453.0 16700749.0 16746800.0 16235931.0 16425387.0 16664840.0 16453213.0 16422432.0 16126880.0 16391648.0 16201745.0 16316485.0 16142736.0 16376662.0 16122188.0 16531453.0 15996062.0 16544797.0 16484230.0 16695528.0
180 9008838.0 8621365.0 8947794.0 8621731.0 8474599.0 8670469.0 9198185.0 8394777.0 8707113.0 9071537.0 8902598.0 9005688.0 8619784.0 9047154.0 9210924.0 9096242.0 8559283.0 9055011.0 8616886.0 8558610.0 8870737.0 8483201.0 9036186.0 8363585.0 8871331.0 8427282.0 8834416.0 8753063.0 8463836.0 8719585.0 8523010.0 8833603.0
183 5996071.0 5467482.0 5768870.0 5611760.0 5361172.0 5661543.0 6012303.0 5421692.0 5553490.0 5998773.0 5716920.0 5960958.0 5475681.0 5833871.0 5997560.0 6032134.0 5404501.0 5859563.0 5475320.0 5437474.0 5858606.0 5363862.0 5976210.0 5275455.0 5819062.0 5333105.0 5801857.0 5615592.0 5455935.0 5556129.0 5372265.0 5616781.0
186 201788.0 212647.0 259052.0 244708.0 208113.0 223011.0 392917.0 226569.0 223309.0 289053.0 246253.0 283911.0 238968.0 268517.0 328641.0 359788.0 189098.0 292991.0 214608.0 233097.0 276437.0 199239.0 270163.0 187356.0 238634.0 262258.0 225445.0 254561.0 208530.0 210551.0 197012.0 222138.0
189 167892.0 159125.0 144342.0 180693.0 158856.0 148932.0 207690.0 175615.0 149911.0 167571.0 152310.0 166754.0 185966.0 147719.0 169401.0 242072.0 142817.0 172012.0 155572.0 173027.0 183365.0 151748.0 168327.0 146316.0 158116.0 214851.0 153388.0 166081.0 162960.0 144932.0 147803.0 155864.0
192 167018.0 159328.0 142386.0 179673.0 158254.0 147838.0 197029.0 175042.0 148878.0 164716.0 151092.0 163175.0 184184.0 144479.0 163913.0 239714.0 142316.0 168800.0 154443.0 172957.0 181736.0 150617.0 165593.0 145935.0 157184.0 213216.0 151476.0 162442.0 162636.0 143256.0 146704.0 154831.0
195 167291.0 159081.0 142228.0 179311.0 158332.0 147414.0 195994.0 175201.0 148140.0 163233.0 150874.0 163162.0 183969.0 143439.0 164245.0 246812.0 142734.0 167967.0 155041.0 172484.0 181075.0 150422.0 165122.0 146995.0 157142.0 207652.0 152189.0 162680.0 162731.0 143049.0 146629.0 154222.0
198 166584.0 158907.0 142726.0 179547.0 158000.0 147212.0 196543.0 173852.0 148542.0 163465.0 150352.0 163166.0 185942.0 143673.0 162963.0 242831.0 142384.0 169348.0 153699.0 172701.0 181207.0 150760.0 165255.0 146326.0 156193.0 207073.0 152427.0 162811.0 161689.0 143671.0 145866.0 155186.0
201 165899.0 158329.0 140578.0 178918.0 157824.0 146598.0 195207.0 173705.0 148560.0 162930.0 150324.0 162168.0 186653.0 143158.0 162629.0 243041.0 141410.0 168421.0 152234.0 172774.0 180088.0 149286.0 164074.0 143805.0 154935.0 207367.0 149634.0 162610.0 160979.0 142692.0 144521.0 152792.0
204 162924.0 156827.0 139714.0 178474.0 156498.0 144083.0 194633.0 172684.0 145894.0 161771.0 149091.0 161630.0 186370.0 141014.0 162564.0 232713.0 137423.0 168237.0 151703.0 170098.0 180411.0 147937.0 164655.0 138195.0 152048.0 205736.0 145066.0 162011.0 160658.0 141293.0 136289.0 147638.0
207 147374.0 153343.0 129450.0 177228.0 154007.0 128064.0 194148.0 169473.0 138207.0 159160.0 146739.0 159063.0 183651.0 134342.0 156723.0 212234.0 121896.0 163947.0 144775.0 166454.0 178805.0 141363.0 162232.0 113202.0 140699.0 176843.0 121535.0 159382.0 155220.0 132387.0 103748.0 123771.0
210 103276.0 142098.0 98989.0 173710.0 144000.0 89116.0 191494.0 156115.0 110260.0 151817.0 135521.0 149016.0 175004.0 112799.0 137478.0 158122.0 81761.0 150718.0 122107.0 150027.0 177242.0 117224.0 155223.0 68205.0 107703.0 121142.0 79267.0 148912.0 140210.0 108923.0 55999.0 75393.0
213 39021.0 97708.0 41874.0 156227.0 106244.0 34470.0 179578.0 110012.0 52174.0 115054.0 97739.0 111332.0 138343.0 58634.0 85649.0 67858.0 29405.0 104453.0 68359.0 101524.0 166732.0 62972.0 123201.0 22108.0 48993.0 48827.0 28999.0 112047.0 93413.0 58728.0 15809.0 23348.0
216 8917.0 34490.0 9052.0 100144.0 42647.0 8025.0 133063.0 41544.0 11681.0 49908.0 38226.0 46787.0 64760.0 15051.0 26444.0 15184.0 6656.0 37450.0 19564.0 37192.0 129824.0 16553.0 58420.0 5389.0 11391.0 12624.0 6954.0 50104.0 33880.0 15727.0 4707.0 5865.0
219 4932.0 8060.0 3970.0 33839.0 10181.0 4201.0 57024.0 10194.0 4442.0 12083.0 9250.0 11424.0 16324.0 5018.0 6673.0 7647.0 3934.0 8728.0 5647.0 9179.0 64471.0 5061.0 14998.0 3674.0 4607.0 5861.0 4015.0 13053.0 8423.0 5026.0 3634.0 4045.0
222 4510.0 4729.0 3489.0 9161.0 4798.0 3603.0 15337.0 5463.0 3744.0 5229.0 4690.0 5016.0 6715.0 3811.0 4457.0 6391.0 3572.0 4769.0 4088.0 4941.0 19613.0 4041.0 5491.0 3194.0 3930.0 4956.0 3473.0 5566.0 4847.0 3724.0 3133.0 3589.0
225 3758.0 4091.0 2930.0 5405.0 4057.0 2984.0 6447.0 4609.0 3152.0 4281.0 3958.0 4170.0 5321.0 3257.0 3843.0 5704.0 2933.0 4066.0 3488.0 4212.0 6677.0 3578.0 4343.0 2626.0 3341.0 4326.0 2970.0 4266.0 4126.0 3304.0 2657.0 2848.0
228 3451.0 3492.0 2452.0 5053.0 3561.0 2598.0 5609.0 4119.0 2766.0 3801.0 3486.0 3591.0 4795.0 2898.0 3417.0 4922.0 2715.0 3583.0 3106.0 3732.0 5303.0 3189.0 3902.0 2378.0 2874.0 3767.0 2614.0 3870.0 3624.0 2812.0 2429.0 2656.0
231 3049.0 3063.0 2165.0 4332.0 3099.0 2426.0 4916.0 3495.0 2439.0 3222.0 2994.0 3178.0 4123.0 2406.0 2833.0 4439.0 2425.0 3126.0 2786.0 3137.0 4693.0 2804.0 3319.0 2138.0 2631.0 3190.0 2423.0 3379.0 3070.0 2541.0 2306.0 2438.0
234 3000.0 2929.0 2098.0 3764.0 2705.0 2307.0 4273.0 3208.0 2304.0 2859.0 2728.0 2830.0 3851.0 2295.0 2629.0 4514.0 2418.0 2740.0 2589.0 2907.0 4092.0 2700.0 2900.0 2189.0 2503.0 3286.0 2315.0 3126.0 2961.0 2404.0 2129.0 2438.0
237 2912.0 2830.0 2016.0 3594.0 2689.0 2211.0 3949.0 3109.0 2260.0 2889.0 2620.0 2716.0 3646.0 2373.0 2511.0 4265.0 2337.0 2708.0 2561.0 2765.0 3876.0 2581.0 2854.0 2146.0 2512.0 3061.0 2265.0 2955.0 2921.0 2318.0 2079.0 2328.0
240 2865.0 2701.0 2021.0 3445.0 2597.0 2154.0 3623.0 3020.0 2262.0 2807.0 2527.0 2593.0 3595.0 2206.0 2472.0 4161.0 2251.0 2570.0 2523.0 2842.0 3580.0 2496.0 2735.0 2025.0 2241.0 3071.0 2174.0 2772.0 2908.0 2327.0 1984.0 2255.0
243 2706.0 2610.0 1871.0 3301.0 2549.0 2093.0 3677.0 2974.0 2122.0 2598.0 2504.0 2619.0 3518.0 2134.0 2439.0 3918.0 2211.0 2552.0 2493.0 2757.0 3578.0 2467.0 2733.0 1925.0 2202.0 2839.0 2137.0 2794.0 2804.0 2248.0 1849.0 2154.0
246 2612.0 2537.0 1839.0 3321.0 2512.0 2029.0 3573.0 2910.0 2026.0 2618.0 2505.0 2457.0 3428.0 2126.0 2267.0 3648.0 2009.0 2553.0 2320.0 2644.0 3457.0 2311.0 2644.0 1702.0 2260.0 2583.0 1871.0 2715.0 2768.0 2188.0 1620.0 2029.0
249 2400.0 2447.0 1632.0 3241.0 2495.0 1716.0 3480.0 2813.0 1867.0 2520.0 2494.0 2413.0 3344.0 1906.0 2276.0 3227.0 1732.0 2291.0 2278.0 2511.0 3340.0 2226.0 2576.0 1311.0 1959.0 2087.0 1511.0 2570.0 2643.0 2010.0 1264.0 1555.0
252 1745.0 2339.0 1266.0 3134.0 2397.0 1232.0 3306.0 2670.0 1603.0 2319.0 2309.0 2286.0 3201.0 1660.0 1961.0 2457.0 1281.0 2155.0 1907.0 2402.0 3210.0 1975.0 2389.0 822.0 1643.0 1614.0 1024.0 2605.0 2447.0 1724.0 697.0 975.0
255 1065.0 2038.0 755.0 3109.0 2169.0 701.0 3196.0 2379.0 1032.0 2231.0 1966.0 1958.0 3018.0 1197.0 1514.0 1352.0 602.0 1883.0 1474.0 1992.0 3216.0 1560.0 2242.0 356.0 983.0 884.0 534.0 2332.0 2052.0 1233.0 277.0 382.0
258 329.0 1368.0 212.0 2772.0 1637.0 202.0 3018.0 1686.0 349.0 1611.0 1366.0 1402.0 2408.0 484.0 798.0 373.0 154.0 1098.0 734.0 1293.0 3017.0 767.0 1642.0 95.0 332.0 323.0 156.0 1765.0 1270.0 565.0 76.0 109.0
261 131.0 687.0 71.0 2176.0 1047.0 81.0 2579.0 938.0 121.0 940.0 768.0 724.0 1583.0 185.0 284.0 165.0 78.0 461.0 310.0 680.0 2726.0 313.0 1076.0 68.0 123.0 131.0 78.0 1094.0 657.0 178.0 75.0 71.0
264 116.0 218.0 67.0 1364.0 408.0 59.0 1721.0 372.0 66.0 377.0 271.0 275.0 704.0 90.0 98.0 129.0 48.0 182.0 124.0 278.0 2131.0 100.0 432.0 65.0 85.0 113.0 85.0 451.0 258.0 92.0 64.0 69.0
267 105.0 98.0 56.0 584.0 145.0 57.0 883.0 133.0 75.0 146.0 108.0 79.0 293.0 71.0 80.0 110.0 57.0 90.0 73.0 130.0 1312.0 93.0 134.0 49.0 73.0 66.0 57.0 162.0 116.0 70.0 61.0 65.0
270 80.0 105.0 52.0 243.0 92.0 57.0 373.0 100.0 64.0 103.0 84.0 81.0 137.0 61.0 76.0 125.0 78.0 88.0 70.0 89.0 649.0 82.0 95.0 41.0 73.0 77.0 57.0 104.0 105.0 63.0 48.0 57.0
273 79.0 80.0 57.0 145.0 82.0 52.0 161.0 90.0 67.0 72.0 96.0 74.0 127.0 68.0 58.0 97.0 55.0 60.0 56.0 75.0 298.0 66.0 76.0 44.0 35.0 57.0 47.0 85.0 82.0 49.0 50.0 60.0
276 75.0 85.0 47.0 129.0 83.0 46.0 121.0 85.0 40.0 73.0 61.0 73.0 115.0 61.0 63.0 110.0 62.0 59.0 60.0 81.0 153.0 66.0 76.0 47.0 62.0 64.0 65.0 86.0 69.0 47.0 46.0 54.0
279 62.0 75.0 29.0 103.0 80.0 40.0 116.0 74.0 46.0 85.0 74.0 62.0 98.0 48.0 61.0 104.0 58.0 69.0 68.0 58.0 128.0 50.0 98.0 62.0 53.0 54.0 48.0 60.0 79.0 47.0 36.0 40.0
282 59.0 57.0 46.0 98.0 53.0 45.0 110.0 65.0 51.0 68.0 60.0 70.0 100.0 45.0 55.0 91.0 46.0 61.0 61.0 63.0 98.0 65.0 73.0 46.0 51.0 60.0 36.0 88.0 77.0 55.0 42.0 48.0
285 66.0 69.0 38.0 96.0 56.0 35.0 111.0 72.0 44.0 71.0 53.0 59.0 91.0 59.0 63.0 108.0 53.0 64.0 43.0 68.0 106.0 69.0 55.0 31.0 50.0 68.0 43.0 83.0 75.0 47.0 28.0 36.0
288 56.0 75.0 34.0 98.0 66.0 36.0 83.0 68.0 37.0 68.0 59.0 62.0 86.0 36.0 56.0 78.0 32.0 50.0 44.0 65.0 91.0 57.0 51.0 21.0 40.0 54.0 41.0 70.0 55.0 53.0 32.0 38.0
291 62.0 79.0 33.0 100.0 61.0 28.0 90.0 81.0 47.0 52.0 59.0 51.0 101.0 36.0 41.0 74.0 36.0 52.0 52.0 58.0 106.0 49.0 58.0 27.0 42.0 40.0 21.0 66.0 69.0 29.0 16.0 34.0
294 40.0 52.0 18.0 102.0 50.0 18.0 87.0 62.0 29.0 65.0 66.0 51.0 80.0 40.0 39.0 42.0 29.0 45.0 41.0 47.0 94.0 55.0 68.0 11.0 20.0 28.0 13.0 66.0 66.0 40.0 15.0 21.0
297 18.0 51.0 18.0 78.0 49.0 18.0 77.0 60.0 18.0 55.0 53.0 41.0 97.0 27.0 37.0 16.0 8.0 40.0 35.0 40.0 85.0 40.0 56.0 6.0 20.0 21.0 10.0 56.0 54.0 25.0 6.0 6.0
300 11.0 46.0 7.0 90.0 40.0 7.0 56.0 59.0 6.0 36.0 43.0 34.0 69.0 19.0 21.0 9.0 8.0 32.0 31.0 43.0 83.0 24.0 60.0 2.0 18.0 7.0 7.0 66.0 35.0 15.0 4.0 2.0
303 3.0 38.0 3.0 78.0 44.0 2.0 68.0 44.0 5.0 37.0 27.0 33.0 71.0 6.0 5.0 3.0 6.0 20.0 8.0 27.0 75.0 12.0 43.0 1.0 7.0 3.0 7.0 34.0 29.0 7.0 0.0 2.0
306 5.0 19.0 2.0 75.0 26.0 5.0 67.0 23.0 7.0 21.0 24.0 25.0 35.0 8.0 12.0 8.0 3.0 12.0 6.0 22.0 75.0 11.0 30.0 5.0 4.0 6.0 5.0 19.0 19.0 7.0 3.0 6.0
309 3.0 6.0 0.0 44.0 20.0 3.0 44.0 11.0 3.0 8.0 7.0 15.0 38.0 2.0 2.0 1.0 2.0 3.0 5.0 7.0 50.0 4.0 17.0 1.0 4.0 3.0 1.0 14.0 7.0 1.0 2.0 2.0
312 6.0 7.0 5.0 35.0 9.0 5.0 31.0 10.0 4.0 5.0 6.0 8.0 10.0 7.0 3.0 5.0 9.0 4.0 7.0 4.0 48.0 7.0 14.0 1.0 8.0 2.0 5.0 9.0 3.0 8.0 8.0 5.0
315 2.0 7.0 1.0 18.0 5.0 0.0 23.0 3.0 0.0 3.0 3.0 2.0 7.0 1.0 2.0 3.0 2.0 4.0 1.0 1.0 39.0 3.0 2.0 0.0 0.0 1.0 6.0 2.0 3.0 2.0 0.0 2.0
318 4.0 5.0 1.0 5.0 1.0 1.0 13.0 1.0 4.0 8.0 0.0 3.0 4.0 2.0 5.0 5.0 0.0 7.0 2.0 2.0 30.0 2.0 5.0 1.0 5.0 3.0 4.0 3.0 5.0 1.0 3.0 3.0
321 10.0 6.0 3.0 3.0 2.0 2.0 4.0 4.0 3.0 5.0 5.0 2.0 6.0 6.0 3.0 6.0 3.0 1.0 1.0 2.0 12.0 2.0 3.0 3.0 5.0 2.0 0.0 6.0 4.0 7.0 5.0 2.0
324 0.0 2.0 0.0 5.0 0.0 3.0 7.0 5.0 1.0 3.0 5.0 6.0 3.0 2.0 3.0 5.0 2.0 2.0 2.0 1.0 2.0 2.0 2.0 0.0 1.0 1.0 4.0 4.0 4.0 5.0 1.0 3.0
327 3.0 7.0 2.0 5.0 2.0 3.0 5.0 3.0 3.0 3.0 9.0 3.0 9.0 4.0 2.0 2.0 4.0 0.0 0.0 4.0 1.0 5.0 4.0 0.0 5.0 2.0 4.0 1.0 3.0 4.0 1.0 3.0
330 3.0 4.0 0.0 2.0 4.0 1.0 2.0 1.0 0.0 3.0 3.0 3.0 2.0 0.0 2.0 1.0 2.0 2.0 2.0 3.0 2.0 3.0 6.0 1.0 3.0 4.0 2.0 1.0 3.0 3.0 0.0 1.0
333 3.0 3.0 3.0 1.0 4.0 0.0 6.0 2.0 1.0 8.0 2.0 4.0 1.0 0.0 4.0 0.0 1.0 4.0 3.0 3.0 4.0 4.0 5.0 3.0 3.0 2.0 4.0 3.0 4.0 2.0 0.0 1.0
336 0.0 0.0 1.0 0.0 2.0 0.0 1.0 2.0 2.0 2.0 2.0 2.0 2.0 1.0 1.0 2.0 1.0 2.0 1.0 3.0 5.0 0.0 1.0 0.0 0.0 3.0 1.0 3.0 1.0 0.0 1.0 2.0
339 2.0 5.0 1.0 6.0 6.0 5.0 2.0 5.0 1.0 1.0 2.0 5.0 3.0 4.0 1.0 1.0 4.0 2.0 3.0 2.0 3.0 1.0 5.0 1.0 0.0 2.0 2.0 1.0 2.0 1.0 1.0 2.0
342 0.0 2.0 0.0 3.0 3.0 1.0 5.0 5.0 1.0 1.0 5.0 4.0 2.0 3.0 2.0 4.0 2.0 2.0 0.0 2.0 1.0 0.0 5.0 1.0 3.0 3.0 0.0 7.0 5.0 5.0 1.0 2.0
345 0.0 1.0 0.0 3.0 2.0 0.0 3.0 1.0 1.0 3.0 4.0 0.0 2.0 0.0 3.0 1.0 1.0 1.0 1.0 1.0 3.0 1.0 1.0 0.0 1.0 0.0 1.0 3.0 3.0 0.0 1.0 0.0
348 1.0 1.0 0.0 2.0 5.0 0.0 5.0 1.0 2.0 4.0 2.0 4.0 2.0 2.0 2.0 3.0 1.0 1.0 4.0 3.0 10.0 0.0 3.0 1.0 5.0 3.0 1.0 0.0 6.0 0.0 0.0 2.0
351 0.0 0.0 0.0 2.0 0.0 1.0 1.0 1.0 0.0 0.0 0.0 1.0 1.0 0.0 1.0 0.0 0.0 2.0 0.0 0.0 2.0 0.0 0.0 1.0 0.0 0.0 0.0 1.0 0.0 2.0 0.0 0.0
354 2.0 1.0 0.0 4.0 1.0 0.0 3.0 1.0 2.0 2.0 1.0 2.0 4.0 0.0 1.0 2.0 1.0 0.0 2.0 2.0 4.0 1.0 1.0 1.0 3.0 2.0 1.0 0.0 1.0 0.0 0.0 0.0
357 0.0 0.0 0.0 3.0 1.0 0.0 0.0 0.0 0.0 0.0 0.0 0.0 1.0 2.0 0.0 0.0 0.0 1.0 1.0 0.0 1.0 0.0 1.0 0.0 0.0 0.0 0.0 0.0 0.0 0.0 0.0 0.0
