150 8897.0 9711.0 11810.0 12714.0 15101.0 10405.0 8197.0 15859.0 12255.0 15755.0 14677.0 15644.0 14104.0 14428.0 15102.0 9681.0 13246.0 13484.0 14217.0 15702.0 14069.0 17381.0 11931.0 11434.0 13554.0 17452.0 10388.0 15845.0 8735.0 10463.0 15649.0 16763.0
153 13638074.0 13632631.0 13651536.0 13633198.0 13649170.0 13628091.0 13626590.0 13649424.0 13630206.0 13642763.0 13639856.0 13640180.0 13637810.0 13656514.0 13646176.0 13618400.0 13656670.0 13625310.0 13634433.0 13628362.0 13633394.0 13627029.0 13617191.0 13636322.0 13633498.0 13634931.0 13619922.0 13638268.0 13620133.0 13629700.0 13655268.0 13636575.0
156 18649287.0 18645578.0 18648471.0 18634580.0 18644995.0 18637581.0 18643729.0 18634639.0 18640698.0 18632519.0 18639454.0 18630079.0 18639961.0 18645643.0 18641559.0 18635409.0 18645954.0 18633765.0 18637096.0 18632735.0 18629095.0 18633611.0 18627313.0 18642633.0 18631647.0 18633100.0 18631589.0 18636289.0 18635777.0 18644019.0 18647764.0 18639927.0
159 18994544.0 18992180.0 18993197.0 18984168.0 18992101.0 18985777.0 18990600.0 18984281.0 18988852.0 18982879.0 18988380.0 18980784.0 18988645.0 18991156.0 18989382.0 18984845.0 18990994.0 18984384.0 18987233.0 18983934.0 18980349.0 18986072.0 18978941.0 18990077.0 18982568.0 18984411.0 18982541.0 18986673.0 18985155.0 18991296.0 18994278.0 18990376.0
162 19297551.0 19296208.0 19296450.0 19291487.0 19296331.0 19292033.0 19295642.0 19291446.0 19294845.0 19290938.0 19294832.0 19290026.0 19294985.0 19295736.0 19295491.0 19291651.0 19295611.0 19293028.0 19294757.0 19293052.0 19289847.0 19294542.0 19289083.0 19295734.0 19290858.0 19293632.0 19291051.0 19294738.0 19291886.0 19296458.0 19297876.0 19296814.0
165 19629699.0 19628666.0 19629175.0 19624474.0 19628457.0 19624790.0 19627151.0 19624544.0 19626982.0 19623949.0 19626857.0 19623534.0 19627166.0 19627559.0 19627412.0 19624502.0 19627569.0 19625936.0 19627090.0 19626312.0 19623556.0 19626977.0 19623123.0 19627630.0 19623947.0 19626569.0 19624309.0 19627221.0 19624630.0 19627935.0 19629379.0 19628930.0
168 19800390.0 19799213.0 19799785.0 19795512.0 19799044.0 19795878.0 19797788.0 19795641.0 19797314.0 19794940.0 19797188.0 19794670.0 19797442.0 19798342.0 19797703.0 19795661.0 19798338.0 19796438.0 19797353.0 19796619.0 19794608.0 19797145.0 19794089.0 19798039.0 19795069.0 19796927.0 19795467.0 19797571.0 19795924.0 19798396.0 19799713.0 19798952.0
171 19852833.0 19852458.0 19852696.0 19848329.0 19852806.0 19848961.0 19851512.0 19848770.0 19851226.0 19847729.0 19850941.0 19847112.0 19851206.0 19852225.0 19851782.0 19848714.0 19852074.0 19849375.0 19850844.0 19849414.0 19846961.0 19850522.0 19846245.0 19851378.0 19847743.0 19849542.0 19848035.0 19850321.0 19848850.0 19851444.0 19852052.0 19851135.0
174 20065573.0 20065622.0 20065352.0 20062962.0 20066122.0 20063198.0 20064758.0 20063532.0 20064672.0 20062817.0 20065025.0 20063124.0 20065097.0 20065240.0 20065250.0 20064635.0 20065068.0 20063690.0 20064624.0 20063931.0 20061815.0 20064043.0 20061331.0 20064202.0 20061878.0 20063411.0 20062000.0 20063789.0 20062400.0 20064153.0 20064484.0 20064079.0
177 19808265.0 19807085.0 19800514.0 19783196.0 19801597.0 19780726.0 19799756.0 19779937.0 19794666.0 19778127.0 19796342.0 19784706.0 19800426.0 19792145.0 19795322.0 19791067.0 19793536.0 19792298.0 19794880.0 19793515.0 19779821.0 19789600.0 19780148.0 19788114.0 19778449.0 19785218.0 19777773.0 19785997.0 19779656.0 19786797.0 19786806.0 19786962.0
180 12752298.0 12876715.0 12139690.0 11802961.0 12302033.0 11773296.0 12630133.0 11577004.0 12309894.0 11602229.0 12334450.0 11922229.0 12584355.0 11878306.0 12382846.0 12309874.0 11989067.0 12687443.0 12400847.0 12629137.0 11824260.0 12402243.0 12138630.0 12099522.0 11841567.0 12138915.0 11666899.0 12145162.0 11863821.0 12180972.0 12127975.0 12385092.0
183 9656914.0 9812775.0 9347914.0 9755326.0 9577936.0 9809478.0 9923874.0 9554293.0 9758148.0 9579187.0 9772174.0 9914956.0 9985416.0 9342298.0 9853749.0 10262178.0 9430061.0 10117113.0 9818171.0 10036103.0 9773326.0 9832126.0 10198560.0 9528472.0 9826857.0 9514525.0 9570271.0 9510072.0 9792305.0 9517592.0 9415326.0 9618989.0
186 6340620.0 6498706.0 6073347.0 6574981.0 6273728.0 6652817.0 6603124.0 6377699.0 6455046.0 6385632.0 6461186.0 6709556.0 6637685.0 6067042.0 6531323.0 6990689.0 6122398.0 6813432.0 6483687.0 6722052.0 6577861.0 6515229.0 7038516.0 6219813.0 6659101.0 6223410.0 6373748.0 6203186.0 6609487.0 6200247.0 6114457.0 6296145.0
189 180587.0 221045.0 161195.0 195130.0 201330.0 214452.0 228945.0 197433.0 225434.0 202177.0 228435.0 233721.0 249220.0 205631.0 255608.0 249183.0 179892.0 295584.0 223606.0 287548.0 200805.0 266456.0 257329.0 184749.0 227410.0 220094.0 190788.0 199454.0 208595.0 186970.0 204130.0 227744.0
192 138880.0 142555.0 132790.0 151121.0 162088.0 152355.0 140150.0 152631.0 172768.0 170313.0 161042.0 159695.0 154977.0 168228.0 194820.0 152501.0 153598.0 156269.0 146526.0 160456.0 144487.0 203353.0 154178.0 142455.0 160993.0 171942.0 142606.0 153990.0 142750.0 143051.0 162130.0 176269.0
195 138242.0 140832.0 132428.0 149364.0 161710.0 149322.0 136646.0 151140.0 171629.0 169582.0 159132.0 156932.0 152241.0 169667.0 193503.0 150955.0 153996.0 147260.0 144317.0 152073.0 142611.0 201316.0 148638.0 142224.0 158183.0 170052.0 140934.0 151983.0 139518.0 141913.0 160380.0 173484.0
198 137258.0 140082.0 132557.0 149880.0 161168.0 148826.0 136402.0 151770.0 171405.0 169862.0 159141.0 156939.0 151166.0 169547.0 193550.0 150246.0 154458.0 146962.0 144111.0 151640.0 142302.0 201082.0 148566.0 141076.0 157461.0 169883.0 140782.0 151723.0 139382.0 142079.0 159406.0 173401.0
201 138021.0 139485.0 131857.0 150346.0 160089.0 149566.0 136349.0 151536.0 171838.0 169358.0 158177.0 156682.0 151006.0 170329.0 192618.0 150312.0 153286.0 146626.0 144115.0 151181.0 142513.0 200478.0 148273.0 141001.0 157153.0 169124.0 140249.0 151311.0 138847.0 141333.0 159131.0 171677.0
204 137465.0 139883.0 131706.0 149420.0 159730.0 147765.0 135878.0 149546.0 171644.0 169018.0 157765.0 156836.0 152154.0 167836.0 193544.0 149775.0 152181.0 147173.0 144332.0 151288.0 141563.0 198933.0 147917.0 140677.0 157326.0 169083.0 140983.0 151290.0 138062.0 141516.0 159462.0 172077.0
207 135473.0 137916.0 130187.0 149335.0 159033.0 147427.0 135175.0 147695.0 169631.0 167568.0 158237.0 155662.0 150886.0 165361.0 190795.0 147161.0 149649.0 146468.0 142881.0 150513.0 141805.0 198016.0 147570.0 140349.0 157207.0 168512.0 138452.0 150125.0 135822.0 139316.0 157819.0 171456.0
210 125223.0 135611.0 125579.0 146545.0 157302.0 139416.0 128488.0 147015.0 164885.0 164082.0 157251.0 154863.0 149130.0 154818.0 183887.0 141073.0 131292.0 146289.0 142840.0 149926.0 140398.0 194967.0 145683.0 133696.0 152955.0 167653.0 130870.0 149530.0 119758.0 128500.0 150355.0 168366.0
213 91538.0 122945.0 105527.0 136786.0 149891.0 111660.0 106140.0 137399.0 143326.0 145866.0 153081.0 146509.0 143956.0 114979.0 156547.0 112267.0 86803.0 144133.0 139477.0 149043.0 134916.0 186541.0 140893.0 112757.0 138313.0 164053.0 103418.0 143796.0 82821.0 97642.0 129766.0 160295.0
216 39385.0 84340.0 59973.0 106337.0 120508.0 59990.0 60527.0 104046.0 91028.0 97831.0 137229.0 121001.0 125228.0 52633.0 95464.0 57201.0 34012.0 137411.0 128291.0 145434.0 114218.0 156920.0 122086.0 67174.0 96713.0 149779.0 53808.0 125324.0 35402.0 47658.0 84572.0 130583.0
219 9890.0 31864.0 18626.0 52734.0 61699.0 17736.0 19458.0 48268.0 31060.0 38009.0 92743.0 70341.0 80279.0 14120.0 35643.0 15791.0 9115.0 112556.0 95209.0 129544.0 66889.0 88657.0 77137.0 23157.0 40443.0 110395.0 15968.0 81462.0 9360.0 13573.0 33587.0 79895.0
222 4248.0 7868.0 5438.0 15513.0 17546.0 5835.0 5618.0 13145.0 8031.0 10181.0 35505.0 23906.0 30691.0 5554.0 10295.0 5263.0 4528.0 62541.0 43671.0 88428.0 22377.0 27197.0 27877.0 6655.0 10803.0 53253.0 5227.0 32879.0 4129.0 4702.0 9487.0 29994.0
225 3522.0 4026.0 3519.0 5196.0 5684.0 3958.0 3540.0 4772.0 4998.0 5057.0 8141.0 6222.0 7336.0 4167.0 5571.0 4064.0 3786.0 17006.0 10102.0 31465.0 5880.0 7501.0 6755.0 4017.0 4856.0 13467.0 3762.0 7946.0 3345.0 3591.0 4535.0 7883.0
228 3083.0 3485.0 3019.0 4164.0 4602.0 3445.0 3272.0 3971.0 4380.0 4460.0 4988.0 4377.0 4541.0 3749.0 4807.0 3542.0 3409.0 5855.0 4872.0 9216.0 4239.0 5996.0 4352.0 3383.0 4157.0 6101.0 3285.0 4807.0 2861.0 3147.0 4006.0 5230.0
231 2556.0 3048.0 2638.0 3658.0 4023.0 3091.0 2647.0 3505.0 3848.0 3828.0 4260.0 3799.0 3712.0 3292.0 4293.0 3015.0 2894.0 4353.0 4045.0 5092.0 3794.0 5277.0 3842.0 2995.0 3584.0 4979.0 2889.0 4177.0 2482.0 2740.0 3594.0 4456.0
234 2317.0 2555.0 2357.0 3271.0 3525.0 2634.0 2410.0 2984.0 3360.0 3517.0 3869.0 3386.0 3363.0 2981.0 3594.0 2676.0 2613.0 3910.0 3602.0 4476.0 3344.0 4673.0 3479.0 2689.0 3247.0 4466.0 2529.0 3636.0 2263.0 2379.0 3116.0 3965.0
237 2266.0 2300.0 2192.0 2890.0 3148.0 2484.0 2269.0 2646.0 3128.0 3157.0 3458.0 3050.0 2946.0 2717.0 3456.0 2562.0 2490.0 3365.0 3273.0 3998.0 2849.0 4219.0 3098.0 2423.0 2830.0 4003.0 2349.0 3355.0 2101.0 2333.0 2888.0 3615.0
240 2131.0 2190.0 2020.0 2654.0 3017.0 2410.0 2110.0 2576.0 3065.0 3046.0 3209.0 2809.0 2646.0 2634.0 2849.0 2497.0 2441.0 2840.0 2924.0 3287.0 2723.0 3986.0 2811.0 2358.0 2790.0 3655.0 2263.0 2975.0 2119.0 2178.0 2670.0 3411.0
243 2172.0 2259.0 2063.0 2740.0 2936.0 2386.0 2130.0 2403.0 2999.0 2991.0 2964.0 2662.0 2596.0 2556.0 2807.0 2378.0 2386.0 2684.0 2733.0 3126.0 2541.0 3902.0 2699.0 2419.0 2714.0 3611.0 2225.0 2911.0 2119.0 2186.0 2724.0 3156.0
246 1986.0 2127.0 1962.0 2607.0 2814.0 2265.0 2037.0 2411.0 2822.0 2883.0 2922.0 2565.0 2444.0 2550.0 2690.0 2367.0 2334.0 2685.0 2791.0 3027.0 2628.0 3863.0 2763.0 2333.0 2547.0 3530.0 2101.0 2864.0 1913.0 2080.0 2664.0 3195.0
249 2002.0 2055.0 1969.0 2519.0 2792.0 2164.0 1917.0 2303.0 2811.0 2785.0 3080.0 2486.0 2367.0 2311.0 3032.0 2250.0 2231.0 2731.0 2700.0 3051.0 2417.0 3702.0 2630.0 2244.0 2568.0 3371.0 2120.0 2878.0 1834.0 2053.0 2560.0 3182.0
252 1877.0 1985.0 1877.0 2438.0 2788.0 2087.0 1886.0 2264.0 2701.0 2752.0 2854.0 2399.0 2464.0 2316.0 2885.0 2116.0 2100.0 2563.0 2655.0 2914.0 2433.0 3598.0 2634.0 2028.0 2419.0 3296.0 1974.0 2845.0 1654.0 1893.0 2448.0 3037.0
255 1550.0 1936.0 1857.0 2295.0 2638.0 1854.0 1624.0 2321.0 2541.0 2572.0 2820.0 2379.0 2355.0 1993.0 2663.0 1857.0 1585.0 2501.0 2621.0 2821.0 2438.0 3492.0 2472.0 1980.0 2348.0 3257.0 1672.0 2728.0 1264.0 1628.0 2282.0 2939.0
258 1041.0 1673.0 1391.0 2131.0 2427.0 1358.0 1361.0 2012.0 2132.0 2360.0 2708.0 2277.0 2102.0 1439.0 2238.0 1384.0 1073.0 2455.0 2517.0 2795.0 2232.0 3205.0 2458.0 1699.0 2058.0 3129.0 1291.0 2636.0 821.0 1168.0 1975.0 2715.0
261 523.0 1207.0 1023.0 1844.0 2179.0 799.0 829.0 1797.0 1576.0 1809.0 2461.0 2044.0 2024.0 846.0 1772.0 785.0 524.0 2412.0 2309.0 2719.0 2105.0 2920.0 2211.0 1175.0 1650.0 2971.0 764.0 2294.0 357.0 657.0 1525.0 2482.0
264 168.0 652.0 514.0 1297.0 1678.0 361.0 404.0 1350.0 774.0 1248.0 2194.0 1639.0 1764.0 347.0 1099.0 323.0 212.0 2209.0 2172.0 2611.0 1758.0 2321.0 1845.0 580.0 1058.0 2669.0 351.0 2065.0 145.0 235.0 1051.0 1965.0
267 77.0 261.0 207.0 714.0 1045.0 139.0 142.0 679.0 250.0 559.0 1664.0 1065.0 1317.0 134.0 521.0 134.0 99.0 1958.0 1712.0 2353.0 1140.0 1388.0 1217.0 286.0 492.0 2136.0 123.0 1567.0 73.0 112.0 412.0 1365.0
270 81.0 100.0 78.0 312.0 429.0 83.0 91.0 293.0 135.0 232.0 913.0 477.0 736.0 99.0 223.0 86.0 84.0 1400.0 1203.0 1954.0 563.0 639.0 644.0 118.0 219.0 1508.0 96.0 962.0 68.0 83.0 190.0 775.0
273 73.0 60.0 56.0 112.0 157.0 51.0 66.0 89.0 105.0 125.0 355.0 162.0 268.0 67.0 109.0 52.0 62.0 687.0 519.0 1332.0 186.0 204.0 216.0 80.0 109.0 651.0 81.0 380.0 53.0 70.0 92.0 276.0
276 63.0 76.0 77.0 93.0 86.0 44.0 58.0 84.0 85.0 116.0 145.0 89.0 124.0 66.0 103.0 84.0 59.0 308.0 191.0 753.0 117.0 135.0 118.0 65.0 89.0 299.0 50.0 166.0 47.0 46.0 93.0 144.0
279 51.0 53.0 58.0 92.0 91.0 62.0 52.0 71.0 89.0 80.0 114.0 74.0 90.0 51.0 84.0 62.0 52.0 136.0 131.0 307.0 81.0 86.0 99.0 49.0 81.0 157.0 65.0 106.0 36.0 43.0 81.0 120.0
282 49.0 48.0 67.0 59.0 64.0 51.0 42.0 59.0 81.0 88.0 80.0 68.0 97.0 67.0 70.0 52.0 60.0 104.0 93.0 145.0 89.0 114.0 74.0 87.0 64.0 137.0 52.0 85.0 48.0 51.0 74.0 82.0
285 51.0 56.0 56.0 79.0 76.0 56.0 51.0 74.0 72.0 84.0 91.0 61.0 88.0 70.0 71.0 51.0 54.0 99.0 83.0 100.0 69.0 104.0 66.0 64.0 77.0 125.0 53.0 91.0 51.0 58.0 67.0 79.0
288 39.0 42.0 38.0 76.0 65.0 42.0 50.0 65.0 64.0 80.0 76.0 57.0 74.0 66.0 72.0 51.0 39.0 81.0 85.0 96.0 72.0 94.0 85.0 66.0 60.0 103.0 55.0 80.0 28.0 43.0 57.0 81.0
291 56.0 48.0 44.0 66.0 73.0 37.0 47.0 53.0 75.0 80.0 84.0 56.0 60.0 53.0 78.0 45.0 63.0 92.0 72.0 89.0 61.0 104.0 76.0 56.0 59.0 100.0 63.0 87.0 46.0 49.0 65.0 94.0
294 39.0 44.0 39.0 72.0 68.0 43.0 41.0 51.0 62.0 75.0 76.0 74.0 47.0 46.0 80.0 47.0 47.0 80.0 78.0 92.0 63.0 96.0 61.0 55.0 63.0 108.0 37.0 72.0 21.0 29.0 54.0 85.0
297 36.0 51.0 45.0 60.0 79.0 47.0 44.0 37.0 67.0 72.0 81.0 58.0 58.0 44.0 71.0 39.0 35.0 76.0 81.0 81.0 79.0 101.0 64.0 45.0 48.0 112.0 42.0 86.0 27.0 42.0 62.0 79.0
300 22.0 21.0 49.0 56.0 59.0 29.0 36.0 49.0 61.0 48.0 66.0 45.0 62.0 29.0 58.0 34.0 39.0 70.0 79.0 71.0 66.0 83.0 68.0 46.0 50.0 106.0 27.0 85.0 21.0 30.0 45.0 73.0
303 13.0 40.0 28.0 56.0 58.0 14.0 18.0 40.0 35.0 49.0 59.0 46.0 52.0 27.0 47.0 17.0 11.0 62.0 68.0 87.0 53.0 69.0 56.0 28.0 44.0 96.0 20.0 70.0 12.0 21.0 51.0 78.0
306 5.0 27.0 20.0 41.0 59.0 18.0 15.0 32.0 32.0 35.0 64.0 47.0 65.0 19.0 36.0 11.0 7.0 57.0 84.0 73.0 62.0 78.0 50.0 27.0 36.0 85.0 10.0 58.0 11.0 12.0 34.0 66.0
309 5.0 4.0 8.0 31.0 40.0 3.0 5.0 24.0 17.0 30.0 69.0 46.0 48.0 7.0 25.0 3.0 4.0 51.0 63.0 72.0 41.0 50.0 39.0 6.0 26.0 83.0 7.0 52.0 0.0 4.0 17.0 58.0
312 3.0 11.0 4.0 25.0 28.0 6.0 7.0 25.0 7.0 25.0 58.0 26.0 34.0 11.0 14.0 5.0 6.0 61.0 45.0 72.0 33.0 31.0 26.0 8.0 22.0 62.0 5.0 59.0 4.0 8.0 14.0 43.0
315 4.0 3.0 4.0 12.0 18.0 2.0 3.0 6.0 3.0 4.0 29.0 15.0 17.0 2.0 12.0 1.0 3.0 36.0 32.0 56.0 26.0 35.0 16.0 1.0 5.0 40.0 2.0 35.0 0.0 1.0 6.0 29.0
318 3.0 1.0 3.0 3.0 7.0 2.0 4.0 5.0 0.0 6.0 20.0 9.0 16.0 6.0 4.0 2.0 3.0 32.0 34.0 50.0 15.0 11.0 9.0 1.0 4.0 34.0 4.0 23.0 5.0 2.0 4.0 14.0
321 3.0 4.0 2.0 12.0 0.0 5.0 2.0 6.0 5.0 4.0 12.0 6.0 5.0 4.0 4.0 3.0 7.0 24.0 17.0 36.0 6.0 5.0 7.0 5.0 2.0 27.0 1.0 24.0 2.0 0.0 4.0 5.0
324 1.0 2.0 1.0 3.0 5.0 3.0 2.0 2.0 4.0 4.0 4.0 3.0 5.0 5.0 2.0 3.0 0.0 9.0 6.0 26.0 3.0 5.0 3.0 3.0 3.0 5.0 2.0 5.0 3.0 1.0 4.0 4.0
327 4.0 3.0 3.0 0.0 7.0 1.0 4.0 7.0 3.0 3.0 6.0 5.0 8.0 4.0 6.0 8.0 5.0 5.0 6.0 15.0 2.0 6.0 5.0 4.0 5.0 9.0 5.0 3.0 0.0 2.0 4.0 4.0
330 0.0 4.0 3.0 2.0 4.0 1.0 0.0 2.0 2.0 2.0 2.0 2.0 1.0 1.0 2.0 0.0 1.0 4.0 2.0 12.0 2.0 4.0 3.0 3.0 3.0 7.0 1.0 3.0 3.0 1.0 4.0 10.0
333 1.0 2.0 4.0 4.0 4.0 2.0 2.0 3.0 2.0 1.0 3.0 2.0 0.0 1.0 5.0 2.0 2.0 3.0 1.0 6.0 3.0 5.0 4.0 6.0 5.0 6.0 5.0 4.0 3.0 2.0 4.0 4.0
336 0.0 1.0 0.0 3.0 3.0 0.0 0.0 3.0 2.0 1.0 1.0 4.0 2.0 0.0 2.0 0.0 1.0 4.0 4.0 4.0 1.0 2.0 1.0 3.0 1.0 2.0 2.0 2.0 0.0 3.0 3.0 2.0
339 3.0 5.0 1.0 1.0 5.0 2.0 2.0 4.0 3.0 3.0 8.0 2.0 3.0 1.0 4.0 2.0 2.0 6.0 3.0 5.0 3.0 6.0 4.0 6.0 5.0 5.0 4.0 3.0 5.0 5.0 8.0 5.0
342 1.0 2.0 1.0 1.0 3.0 2.0 5.0 7.0 2.0 1.0 6.0 3.0 4.0 1.0 6.0 3.0 2.0 0.0 6.0 5.0 4.0 3.0 4.0 2.0 3.0 6.0 2.0 4.0 4.0 1.0 3.0 6.0
345 0.0 1.0 0.0 3.0 1.0 1.0 0.0 2.0 3.0 2.0 1.0 2.0 3.0 4.0 3.0 3.0 1.0 2.0 1.0 1.0 3.0 2.0 2.0 1.0 1.0 3.0 0.0 2.0 1.0 1.0 3.0 5.0
348 1.0 0.0 2.0 4.0 4.0 2.0 2.0 1.0 0.0 5.0 7.0 2.0 3.0 4.0 3.0 0.0 3.0 5.0 2.0 9.0 1.0 2.0 4.0 0.0 3.0 9.0 1.0 2.0 2.0 3.0 1.0 3.0
351 2.0 2.0 0.0 0.0 0.0 1.0 0.0 0.0 2.0 0.0 1.0 0.0 2.0 1.0 1.0 0.0 0.0 1.0 4.0 5.0 3.0 5.0 0.0 3.0 0.0 4.0 0.0 1.0 0.0 0.0 2.0 4.0
354 1.0 1.0 1.0 4.0 5.0 1.0 1.0 0.0 2.0 1.0 2.0 1.0 2.0 2.0 5.0 2.0 0.0 3.0 5.0 2.0 2.0 3.0 5.0 1.0 2.0 1.0 4.0 6.0 2.0 1.0 2.0 1.0
357 0.0 1.0 0.0 0.0 1.0 0.0 1.0 1.0 0.0 2.0 1.0 1.0 2.0 0.0 2.0 0.0 0.0 4.0 0.0 2.0 4.0 7.0 1.0 0.0 1.0 3.0 1.0 0.0 0.0 0.0 2.0 0.0
