150 38311.0 22412.0 59174.0 20532.0 34803.0 36306.0 20558.0 32267.0 19060.0 24213.0 33186.0 21772.0 20471.0 23172.0 20826.0 21954.0 34204.0 21422.0 39401.0 36670.0 22833.0 47964.0 27933.0 20821.0 23479.0 24803.0 44152.0 25584.0 28604.0 30737.0 20104.0 18324.0
153 16697552.0 16681242.0 16672272.0 16646225.0 16671822.0 16648974.0 16664264.0 16652242.0 16649290.0 16660298.0 16663722.0 16641969.0 16654641.0 16662869.0 16665694.0 16636511.0 16671935.0 16659477.0 16677754.0 16661936.0 16651281.0 16672555.0 16636009.0 16659677.0 16647052.0 16658270.0 16647285.0 16653444.0 16647070.0 16667498.0 16666227.0 16673611.0
156 18449263.0 18441043.0 18425848.0 18411616.0 18427447.0 18411643.0 18428401.0 18411526.0 18421273.0 18418091.0 18421779.0 18409851.0 18422760.0 18422602.0 18426428.0 18408046.0 18430560.0 18425391.0 18424782.0 18421659.0 18413963.0 18421917.0 18405330.0 18424034.0 18411907.0 18419961.0 18406915.0 18416621.0 18410195.0 18423652.0 18430921.0 18434234.0
159 18750737.0 18745366.0 18729934.0 18718479.0 18731990.0 18717499.0 18733134.0 18717003.0 18726175.0 18723862.0 18726402.0 18715275.0 18728547.0 18728187.0 18731442.0 18712068.0 18734948.0 18730787.0 18730670.0 18725468.0 18720167.0 18726956.0 18710421.0 18729713.0 18717246.0 18724728.0 18712144.0 18721564.0 18715467.0 18728245.0 18734234.0 18738217.0
162 19050048.0 19046580.0 19032140.0 19024866.0 19036619.0 19021836.0 19039206.0 19020952.0 19031094.0 19028801.0 19032502.0 19018978.0 19035570.0 19036123.0 19039918.0 19016904.0 19042222.0 19036993.0 19038273.0 19030965.0 19025393.0 19033847.0 19015092.0 19035565.0 19021556.0 19031024.0 19015737.0 19027337.0 19019274.0 19033023.0 19039584.0 19042064.0
165 19309141.0 19306775.0 19294047.0 19292918.0 19300078.0 19285836.0 19302439.0 19286127.0 19295820.0 19294465.0 19297322.0 19280267.0 19301760.0 19304770.0 19308815.0 19276979.0 19306555.0 19303472.0 19305454.0 19295355.0 19288197.0 19301097.0 19275448.0 19300409.0 19283443.0 19296895.0 19276364.0 19293020.0 19281335.0 19297774.0 19303367.0 19304109.0
168 19685369.0 19682917.0 19682637.0 19681173.0 19682739.0 19676348.0 19681263.0 19678252.0 19680511.0 19682361.0 19680990.0 19671441.0 19682569.0 19684822.0 19687097.0 19666870.0 19684772.0 19682883.0 19684633.0 19680886.0 19673382.0 19683408.0 19664819.0 19680987.0 19670613.0 19681914.0 19666050.0 19680654.0 19669833.0 19681568.0 19683980.0 19681886.0
171 19866456.0 19865205.0 19866288.0 19865961.0 19865988.0 19863918.0 19864387.0 19865353.0 19864373.0 19868535.0 19864516.0 19863275.0 19864967.0 19866190.0 19867300.0 19859897.0 19866228.0 19865108.0 19866514.0 19864426.0 19861516.0 19865291.0 19856818.0 19863282.0 19859145.0 19864339.0 19856411.0 19863757.0 19858092.0 19864409.0 19865482.0 19864091.0
174 19816288.0 19811153.0 19808845.0 19796559.0 19805254.0 19795181.0 19802542.0 19796397.0 19800519.0 19800379.0 19801085.0 19801058.0 19801207.0 19803223.0 19807613.0 19800433.0 19806230.0 19801621.0 19804558.0 19799955.0 19799379.0 19800719.0 19793227.0 19797878.0 19796473.0 19798971.0 19790723.0 19797825.0 19792179.0 19798451.0 19800803.0 19798794.0
177 19376503.0 19321069.0 19318824.0 18971729.0 19273415.0 18915378.0 19227299.0 18870746.0 19275295.0 18877362.0 19192359.0 19051919.0 19251111.0 19225218.0 19284495.0 19110405.0 19252704.0 19205953.0 19189754.0 19186928.0 18983204.0 19123908.0 18988971.0 19123539.0 18996155.0 19163508.0 18932842.0 19138543.0 18955629.0 19122517.0 19206824.0 19181118.0
180 9786185.0 9571755.0 9700779.0 9367536.0 9604133.0 9241925.0 9487485.0 9099247.0 9923499.0 9087882.0 9499192.0 9811213.0 9819469.0 9706633.0 9868620.0 10014228.0 9705362.0 9688376.0 9551305.0 9659327.0 9443793.0 9347467.0 9589600.0 9420573.0 9540021.0 9621623.0 9236777.0 9519543.0 9274497.0 9400438.0 9794027.0 9602001.0
183 7343248.0 7204091.0 7387695.0 7283658.0 7331999.0 7200519.0 7207361.0 7027783.0 7682358.0 7011022.0 7239990.0 7805047.0 7562799.0 7434545.0 7578484.0 7992316.0 7425590.0 7418968.0 7264866.0 7398806.0 7387807.0 7054733.0 7567395.0 7129091.0 7505980.0 7328848.0 7187405.0 7218668.0 7210353.0 7105155.0 7493866.0 7267133.0
186 482995.0 429142.0 532683.0 460284.0 504573.0 445945.0 441116.0 414913.0 583585.0 407600.0 480420.0 559861.0 528682.0 500542.0 528741.0 605594.0 478807.0 504381.0 485719.0 514278.0 476587.0 463463.0 527210.0 437483.0 493912.0 495954.0 458742.0 483779.0 456211.0 458768.0 522319.0 448730.0
189 204744.0 177113.0 224561.0 214126.0 219962.0 189545.0 181776.0 185652.0 185637.0 178169.0 198216.0 192152.0 200248.0 201227.0 195853.0 201025.0 175192.0 178035.0 214156.0 187697.0 190070.0 214098.0 195678.0 181038.0 183705.0 212164.0 186907.0 210807.0 184517.0 192623.0 188851.0 176092.0
192 204023.0 176939.0 222861.0 213414.0 217335.0 191765.0 181600.0 185890.0 174433.0 177657.0 196861.0 186569.0 199226.0 199997.0 193457.0 194284.0 173790.0 174421.0 213620.0 182821.0 188607.0 214278.0 195293.0 179485.0 179892.0 208984.0 186351.0 209545.0 182260.0 191972.0 182686.0 173744.0
195 203278.0 176195.0 222731.0 212742.0 218117.0 192109.0 180976.0 185726.0 174671.0 178496.0 196925.0 186782.0 200079.0 200431.0 192377.0 194360.0 174448.0 174544.0 213555.0 181971.0 188411.0 214053.0 194777.0 179855.0 180509.0 212406.0 186266.0 210190.0 184155.0 191852.0 183380.0 174279.0
198 204473.0 176073.0 222160.0 213514.0 218474.0 189369.0 180925.0 185626.0 173865.0 178047.0 196238.0 186018.0 198788.0 198956.0 191863.0 194673.0 173128.0 174874.0 212978.0 182910.0 188692.0 214455.0 192632.0 179698.0 179863.0 211639.0 185096.0 210437.0 183166.0 190621.0 182323.0 173954.0
201 204399.0 175982.0 221527.0 212368.0 216933.0 189966.0 180320.0 185335.0 174248.0 177354.0 196060.0 186487.0 196654.0 199729.0 191080.0 193570.0 174156.0 172928.0 212922.0 181487.0 187571.0 213421.0 192703.0 179263.0 179098.0 210735.0 185120.0 208925.0 183279.0 190993.0 181800.0 173677.0
204 202177.0 174599.0 221550.0 210785.0 216314.0 188678.0 179020.0 184328.0 173773.0 175167.0 195713.0 186118.0 198938.0 199068.0 190678.0 194389.0 173489.0 172488.0 212923.0 181780.0 186041.0 212876.0 192689.0 178836.0 179634.0 211564.0 184486.0 208459.0 183000.0 189940.0 181687.0 173071.0
207 201289.0 172658.0 220653.0 205359.0 214115.0 186883.0 176423.0 182986.0 173115.0 167949.0 195527.0 184787.0 194526.0 196077.0 189011.0 193148.0 172956.0 171514.0 210861.0 181353.0 183846.0 210907.0 190992.0 173687.0 177442.0 209806.0 183932.0 207310.0 180229.0 188026.0 178954.0 170518.0
210 194450.0 162040.0 218886.0 185796.0 211668.0 180021.0 164782.0 177133.0 170511.0 141059.0 192267.0 182319.0 189401.0 191380.0 183705.0 191299.0 168459.0 165140.0 206018.0 179580.0 170941.0 206946.0 188380.0 156740.0 172097.0 202357.0 180781.0 201590.0 174582.0 184037.0 173080.0 157151.0
213 164160.0 116055.0 215740.0 122636.0 195203.0 142061.0 117670.0 146479.0 163392.0 78672.0 177798.0 172402.0 161302.0 163182.0 155592.0 183781.0 149344.0 139866.0 181257.0 173903.0 121354.0 185705.0 176013.0 99745.0 147171.0 172348.0 168767.0 174878.0 146285.0 161691.0 145843.0 114875.0
216 91240.0 47209.0 198932.0 46949.0 139680.0 71237.0 49385.0 79564.0 131204.0 24077.0 129302.0 129437.0 90291.0 96613.0 85892.0 149447.0 95509.0 85244.0 111899.0 147147.0 51682.0 124510.0 132365.0 34892.0 86608.0 99658.0 122535.0 109717.0 80675.0 106331.0 85058.0 50244.0
219 29575.0 12405.0 147889.0 13125.0 62570.0 21266.0 13415.0 25174.0 70788.0 7433.0 59680.0 62560.0 29352.0 33007.0 26897.0 81985.0 35352.0 32069.0 39991.0 88925.0 14477.0 49868.0 64705.0 9436.0 31325.0 32176.0 56303.0 41612.0 24933.0 43139.0 29072.0 14360.0
222 8317.0 5575.0 64624.0 6731.0 16210.0 6910.0 5779.0 7471.0 19467.0 4994.0 14597.0 15385.0 8150.0 8688.0 7634.0 22728.0 8782.0 8209.0 10408.0 27811.0 5862.0 12256.0 15820.0 5262.0 8566.0 8910.0 14180.0 10853.0 7150.0 10848.0 7628.0 5768.0
225 6033.0 4556.0 17249.0 5691.0 7165.0 5237.0 4883.0 5447.0 6278.0 4304.0 6531.0 6258.0 5957.0 6091.0 5507.0 7477.0 5186.0 4809.0 6579.0 8003.0 4999.0 6717.0 6417.0 4634.0 5396.0 6162.0 6230.0 6534.0 5050.0 5780.0 5067.0 4580.0
228 5078.0 3954.0 8092.0 5080.0 5978.0 4446.0 4056.0 4771.0 4877.0 3724.0 5440.0 5102.0 5202.0 5305.0 4747.0 6144.0 4482.0 4167.0 5792.0 5534.0 4242.0 5902.0 5198.0 3994.0 4596.0 5575.0 5171.0 5540.0 4506.0 4978.0 4490.0 4058.0
231 4623.0 3522.0 6679.0 4676.0 5219.0 3875.0 3705.0 4259.0 4339.0 3297.0 4852.0 4446.0 4632.0 4575.0 4175.0 5351.0 3848.0 3694.0 5247.0 4884.0 3784.0 5219.0 4694.0 3445.0 4080.0 4822.0 4609.0 4985.0 4044.0 4488.0 3880.0 3548.0
234 4022.0 3273.0 5845.0 4474.0 4597.0 3443.0 3396.0 3712.0 3730.0 3169.0 4325.0 4024.0 4225.0 4081.0 3757.0 4628.0 3429.0 3274.0 4413.0 4216.0 3422.0 4549.0 3959.0 3359.0 3632.0 4423.0 3954.0 4470.0 3516.0 3864.0 3421.0 3359.0
237 3885.0 3298.0 5130.0 4281.0 4188.0 3339.0 3304.0 3563.0 3330.0 3098.0 4069.0 3635.0 3876.0 3983.0 3498.0 4228.0 3232.0 3241.0 4229.0 3874.0 3285.0 4377.0 3641.0 3303.0 3391.0 4121.0 3705.0 4346.0 3331.0 3718.0 3294.0 3177.0
240 3794.0 3170.0 4961.0 4183.0 4127.0 3336.0 3143.0 3596.0 3126.0 3094.0 3873.0 3406.0 3732.0 3791.0 3522.0 4132.0 3197.0 3109.0 4257.0 3685.0 3172.0 4238.0 3512.0 3137.0 3444.0 4074.0 3755.0 4100.0 3361.0 3536.0 3280.0 3145.0
243 3808.0 3105.0 4788.0 3981.0 3888.0 3190.0 3156.0 3379.0 3135.0 2857.0 3693.0 3437.0 3682.0 3700.0 3516.0 4109.0 3242.0 2989.0 4015.0 3574.0 3174.0 4111.0 3622.0 3075.0 3278.0 3958.0 3626.0 4053.0 3219.0 3568.0 3167.0 3140.0
246 3619.0 2933.0 4607.0 3749.0 3828.0 3048.0 3033.0 3359.0 3128.0 2885.0 3708.0 3397.0 3592.0 3670.0 3397.0 4051.0 3078.0 2848.0 3913.0 3376.0 3112.0 4074.0 3401.0 2898.0 3209.0 3984.0 3511.0 3971.0 3202.0 3361.0 3054.0 2992.0
249 3549.0 2861.0 4393.0 3687.0 3787.0 2962.0 2965.0 3251.0 3047.0 2653.0 3541.0 3249.0 3432.0 3594.0 3169.0 3889.0 2985.0 2823.0 3957.0 3393.0 3003.0 3958.0 3240.0 2875.0 3155.0 3757.0 3478.0 3914.0 3092.0 3324.0 2922.0 2935.0
252 3325.0 2717.0 4316.0 3301.0 3613.0 2906.0 2773.0 3090.0 2991.0 2409.0 3461.0 3186.0 3358.0 3382.0 3049.0 3635.0 2781.0 2731.0 3774.0 3332.0 2684.0 3856.0 3212.0 2531.0 2924.0 3632.0 3334.0 3714.0 2994.0 3184.0 2853.0 2723.0
255 3142.0 2301.0 4233.0 2673.0 3279.0 2557.0 2487.0 2889.0 2834.0 1859.0 3433.0 3145.0 3089.0 3285.0 2843.0 3597.0 2737.0 2459.0 3633.0 3108.0 2492.0 3696.0 3121.0 2166.0 2866.0 3423.0 3206.0 3584.0 2797.0 3027.0 2548.0 2338.0
258 2659.0 1630.0 4082.0 1687.0 3183.0 2090.0 1683.0 2498.0 2682.0 1027.0 3069.0 2800.0 2583.0 2740.0 2406.0 3439.0 2564.0 2158.0 3243.0 3000.0 1683.0 3354.0 2776.0 1298.0 2401.0 2968.0 2987.0 3067.0 2313.0 2738.0 2184.0 1646.0
261 2006.0 841.0 3877.0 753.0 2635.0 1245.0 855.0 1780.0 2359.0 434.0 2634.0 2471.0 1669.0 1945.0 1634.0 3055.0 1982.0 1558.0 2492.0 2831.0 854.0 2738.0 2457.0 542.0 1821.0 1959.0 2618.0 2449.0 1648.0 2158.0 1465.0 873.0
264 1032.0 318.0 3647.0 269.0 1842.0 560.0 331.0 938.0 1709.0 163.0 1761.0 1758.0 818.0 1047.0 738.0 2478.0 1277.0 848.0 1591.0 2377.0 326.0 1885.0 1694.0 208.0 1024.0 958.0 1829.0 1358.0 779.0 1372.0 767.0 345.0
267 405.0 145.0 3091.0 166.0 999.0 249.0 123.0 390.0 999.0 117.0 1044.0 931.0 287.0 423.0 303.0 1478.0 593.0 399.0 753.0 1793.0 147.0 984.0 932.0 116.0 420.0 362.0 1130.0 589.0 347.0 664.0 308.0 155.0
270 154.0 119.0 2135.0 162.0 427.0 125.0 97.0 174.0 405.0 86.0 422.0 360.0 180.0 168.0 143.0 657.0 216.0 128.0 276.0 874.0 111.0 381.0 375.0 101.0 160.0 152.0 449.0 244.0 157.0 280.0 147.0 132.0
273 118.0 94.0 1222.0 139.0 207.0 107.0 95.0 123.0 186.0 78.0 194.0 159.0 136.0 129.0 124.0 258.0 128.0 113.0 156.0 417.0 89.0 191.0 177.0 102.0 118.0 144.0 188.0 159.0 88.0 151.0 99.0 82.0
276 119.0 88.0 480.0 125.0 133.0 85.0 79.0 96.0 121.0 68.0 155.0 107.0 97.0 118.0 113.0 162.0 105.0 90.0 131.0 152.0 84.0 140.0 111.0 90.0 102.0 128.0 142.0 167.0 108.0 116.0 83.0 90.0
279 96.0 87.0 232.0 134.0 127.0 80.0 79.0 115.0 88.0 87.0 111.0 110.0 113.0 106.0 92.0 159.0 108.0 82.0 120.0 126.0 68.0 112.0 103.0 63.0 106.0 121.0 132.0 128.0 110.0 93.0 74.0 80.0
282 110.0 72.0 155.0 104.0 122.0 78.0 78.0 99.0 95.0 78.0 123.0 99.0 89.0 103.0 70.0 130.0 75.0 65.0 97.0 105.0 64.0 123.0 88.0 79.0 80.0 102.0 124.0 124.0 87.0 86.0 69.0 81.0
285 77.0 48.0 156.0 112.0 96.0 74.0 91.0 92.0 90.0 75.0 118.0 84.0 111.0 86.0 92.0 119.0 73.0 74.0 122.0 113.0 71.0 114.0 90.0 68.0 78.0 104.0 97.0 105.0 74.0 90.0 67.0 75.0
288 83.0 65.0 139.0 99.0 110.0 57.0 87.0 92.0 76.0 55.0 120.0 97.0 96.0 87.0 91.0 131.0 93.0 74.0 108.0 110.0 77.0 121.0 91.0 55.0 76.0 118.0 97.0 104.0 77.0 99.0 68.0 81.0
291 78.0 65.0 139.0 73.0 91.0 70.0 84.0 86.0 91.0 55.0 90.0 79.0 85.0 111.0 88.0 109.0 62.0 67.0 93.0 96.0 67.0 110.0 88.0 79.0 86.0 87.0 111.0 102.0 74.0 111.0 64.0 70.0
294 86.0 56.0 137.0 77.0 114.0 47.0 70.0 93.0 71.0 62.0 86.0 94.0 87.0 75.0 78.0 103.0 80.0 65.0 101.0 82.0 63.0 94.0 91.0 55.0 95.0 88.0 90.0 93.0 65.0 94.0 68.0 56.0
297 76.0 66.0 131.0 62.0 84.0 56.0 57.0 71.0 65.0 40.0 82.0 89.0 79.0 74.0 62.0 125.0 69.0 63.0 109.0 87.0 58.0 93.0 104.0 52.0 69.0 94.0 85.0 117.0 66.0 90.0 73.0 60.0
300 66.0 47.0 109.0 59.0 74.0 54.0 46.0 77.0 81.0 18.0 73.0 61.0 65.0 84.0 67.0 87.0 67.0 52.0 91.0 87.0 35.0 99.0 65.0 37.0 51.0 57.0 80.0 107.0 56.0 66.0 54.0 46.0
303 61.0 22.0 135.0 30.0 65.0 44.0 34.0 66.0 64.0 27.0 90.0 72.0 57.0 56.0 47.0 83.0 59.0 47.0 73.0 74.0 30.0 82.0 62.0 17.0 59.0 64.0 95.0 76.0 69.0 55.0 60.0 36.0
306 48.0 21.0 98.0 19.0 71.0 26.0 17.0 44.0 72.0 14.0 68.0 47.0 46.0 58.0 36.0 99.0 44.0 26.0 73.0 77.0 19.0 79.0 60.0 10.0 40.0 61.0 68.0 64.0 44.0 65.0 37.0 29.0
309 17.0 9.0 107.0 7.0 56.0 21.0 13.0 38.0 51.0 4.0 71.0 49.0 26.0 37.0 21.0 61.0 41.0 31.0 52.0 71.0 8.0 55.0 39.0 7.0 35.0 29.0 53.0 39.0 25.0 47.0 27.0 10.0
312 17.0 7.0 79.0 1.0 31.0 6.0 7.0 14.0 32.0 2.0 36.0 29.0 12.0 15.0 7.0 65.0 28.0 10.0 28.0 67.0 4.0 33.0 34.0 2.0 21.0 18.0 53.0 21.0 14.0 28.0 8.0 7.0
315 5.0 5.0 85.0 5.0 27.0 7.0 3.0 9.0 27.0 1.0 27.0 21.0 6.0 6.0 4.0 40.0 17.0 8.0 17.0 41.0 2.0 24.0 26.0 1.0 6.0 5.0 33.0 8.0 4.0 17.0 3.0 2.0
318 5.0 3.0 54.0 3.0 6.0 3.0 5.0 7.0 11.0 3.0 9.0 7.0 3.0 5.0 6.0 23.0 6.0 2.0 3.0 25.0 3.0 9.0 7.0 1.0 7.0 10.0 16.0 7.0 9.0 7.0 3.0 5.0
321 6.0 2.0 41.0 4.0 6.0 5.0 2.0 3.0 2.0 4.0 5.0 4.0 1.0 3.0 3.0 6.0 8.0 3.0 4.0 14.0 3.0 3.0 3.0 1.0 4.0 2.0 3.0 5.0 3.0 9.0 3.0 0.0
324 2.0 3.0 27.0 7.0 2.0 2.0 8.0 2.0 5.0 4.0 7.0 5.0 2.0 2.0 2.0 4.0 2.0 1.0 7.0 6.0 5.0 5.0 4.0 4.0 1.0 1.0 8.0 6.0 1.0 2.0 3.0 1.0
327 4.0 4.0 20.0 4.0 4.0 3.0 1.0 3.0 2.0 0.0 3.0 6.0 1.0 0.0 3.0 7.0 2.0 5.0 4.0 7.0 3.0 8.0 2.0 2.0 0.0 5.0 8.0 2.0 2.0 4.0 2.0 4.0
330 2.0 3.0 5.0 2.0 1.0 0.0 1.0 4.0 2.0 2.0 4.0 1.0 4.0 2.0 5.0 7.0 5.0 2.0 4.0 4.0 2.0 3.0 1.0 3.0 4.0 1.0 1.0 4.0 3.0 2.0 0.0 2.0
333 3.0 1.0 6.0 2.0 4.0 1.0 2.0 2.0 3.0 4.0 4.0 1.0 2.0 6.0 3.0 4.0 2.0 2.0 8.0 4.0 2.0 3.0 3.0 4.0 6.0 3.0 6.0 8.0 2.0 5.0 2.0 7.0
336 2.0 1.0 6.0 6.0 4.0 2.0 1.0 1.0 1.0 2.0 1.0 2.0 4.0 1.0 3.0 4.0 2.0 1.0 4.0 3.0 2.0 6.0 3.0 1.0 1.0 3.0 3.0 3.0 1.0 2.0 2.0 3.0
339 3.0 3.0 5.0 4.0 2.0 5.0 3.0 0.0 2.0 3.0 2.0 3.0 2.0 3.0 1.0 5.0 1.0 2.0 4.0 8.0 6.0 5.0 5.0 3.0 4.0 6.0 5.0 4.0 2.0 1.0 2.0 2.0
342 4.0 2.0 1.0 2.0 6.0 2.0 1.0 4.0 3.0 2.0 5.0 2.0 1.0 0.0 0.0 5.0 1.0 2.0 3.0 2.0 4.0 3.0 6.0 3.0 2.0 1.0 4.0 4.0 1.0 1.0 1.0 1.0
345 1.0 2.0 1.0 2.0 5.0 2.0 0.0 1.0 3.0 1.0 5.0 1.0 1.0 1.0 4.0 3.0 5.0 3.0 2.0 4.0 2.0 2.0 3.0 1.0 5.0 2.0 4.0 2.0 3.0 1.0 4.0 2.0
348 4.0 7.0 5.0 2.0 4.0 0.0 2.0 2.0 2.0 2.0 3.0 2.0 0.0 3.0 0.0 6.0 3.0 0.0 1.0 1.0 1.0 1.0 3.0 2.0 3.0 5.0 1.0 4.0 2.0 1.0 2.0 1.0
351 2.0 0.0 5.0 0.0 4.0 3.0 1.0 1.0 2.0 0.0 2.0 4.0 3.0 1.0 0.0 2.0 1.0 0.0 3.0 1.0 0.0 2.0 4.0 2.0 3.0 0.0 2.0 4.0 1.0 1.0 0.0 0.0
354 1.0 2.0 5.0 3.0 6.0 1.0 1.0 1.0 2.0 2.0 2.0 2.0 3.0 4.0 1.0 3.0 3.0 3.0 4.0 4.0 3.0 2.0 2.0 1.0 7.0 2.0 4.0 2.0 4.0 4.0 2.0 2.0
357 0.0 0.0 4.0 1.0 1.0 1.0 1.0 0.0 0.0 0.0 0.0 2.0 1.0 1.0 2.0 3.0 0.0 0.0 0.0 4.0 0.0 2.0 0.0 0.0 1.0 1.0 1.0 3.0 0.0 2.0 0.0 0.0
