150 5712897.0 5675080.0 5677353.0 5663683.0 5677160.0 5678226.0 5666249.0 5673786.0 5672349.0 5669313.0 5669860.0 5665185.0 5679748.0 5675817.0 5673092.0 5670686.0 5688007.0 5666375.0 5664238.0 5693003.0 5668102.0 5678100.0 5676443.0 5666088.0 5665708.0 5665033.0 5676612.0 5689320.0 5677151.0 5681767.0 5683430.0 5669061.0
153 18330669.0 18327111.0 18327722.0 18323474.0 18327687.0 18321698.0 18326171.0 18323614.0 18324715.0 18322931.0 18326384.0 18323033.0 18326289.0 18325172.0 18324031.0 18318326.0 18326249.0 18325557.0 18326383.0 18324991.0 18321415.0 18325311.0 18322748.0 18326436.0 18320359.0 18326165.0 18317742.0 18325773.0 18315790.0 18327931.0 18328846.0 18328484.0
156 18544093.0 18540171.0 18540110.0 18535369.0 18539468.0 18534439.0 18537583.0 18535497.0 18536686.0 18535209.0 18537681.0 18535359.0 18537814.0 18536962.0 18536203.0 18531972.0 18537659.0 18536855.0 18537443.0 18536881.0 18534335.0 18536927.0 18535160.0 18537411.0 18533695.0 18537184.0 18531021.0 18538254.0 18529483.0 18539037.0 18540319.0 18539782.0
159 18825307.0 18822686.0 18823077.0 18817601.0 18821841.0 18817058.0 18820307.0 18817488.0 18819352.0 18817413.0 18820148.0 18817587.0 18820246.0 18819559.0 18818728.0 18816255.0 18819891.0 18819012.0 18819604.0 18819201.0 18816952.0 18819586.0 18817512.0 18819397.0 18816644.0 18819145.0 18815566.0 18820587.0 18814729.0 18820899.0 18822236.0 18822000.0
162 19112075.0 19110544.0 19111335.0 19106406.0 19109816.0 19105967.0 19108388.0 19106312.0 19107871.0 19106292.0 19108642.0 19106507.0 19108574.0 19108021.0 19107521.0 19105609.0 19108425.0 19107812.0 19108175.0 19107733.0 19105937.0 19108001.0 19106245.0 19107944.0 19105679.0 19107763.0 19105179.0 19108670.0 19104577.0 19108953.0 19109679.0 19109708.0
165 19448534.0 19446954.0 19447817.0 19442650.0 19446754.0 19441423.0 19446104.0 19442585.0 19445042.0 19442259.0 19447167.0 19442282.0 19446630.0 19445474.0 19444339.0 19440463.0 19445927.0 19445404.0 19446232.0 19444617.0 19441893.0 19445193.0 19442595.0 19446068.0 19441505.0 19445571.0 19440374.0 19445547.0 19439295.0 19446181.0 19447262.0 19446465.0
168 19716128.0 19715175.0 19715397.0 19712603.0 19715049.0 19711894.0 19714296.0 19712579.0 19714052.0 19712025.0 19715164.0 19712782.0 19715119.0 19714317.0 19713799.0 19711183.0 19714581.0 19714218.0 19714773.0 19713410.0 19711234.0 19713905.0 19711709.0 19714255.0 19710521.0 19713545.0 19709468.0 19714065.0 19708740.0 19713888.0 19714621.0 19713891.0
171 19854408.0 19854332.0 19853965.0 19851058.0 19854054.0 19850184.0 19852627.0 19850800.0 19852674.0 19850625.0 19853949.0 19852258.0 19854109.0 19852093.0 19851906.0 19851796.0 19852855.0 19851805.0 19852458.0 19851134.0 19849376.0 19851245.0 19849454.0 19850959.0 19848548.0 19850342.0 19847649.0 19850956.0 19847105.0 19850694.0 19851045.0 19850769.0
174 19777199.0 19791227.0 19773778.0 19742828.0 19788237.0 19721235.0 19778814.0 19720393.0 19772717.0 19732791.0 19783040.0 19748112.0 19786120.0 19766477.0 19768866.0 19755373.0 19771211.0 19767654.0 19775441.0 19754388.0 19732796.0 19756610.0 19717200.0 19752443.0 19728219.0 19749577.0 19715277.0 19750887.0 19721286.0 19751502.0 19754826.0 19765399.0
177 10760955.0 11436130.0 10727839.0 10687990.0 11262885.0 10285998.0 11275087.0 10151567.0 11068372.0 10579536.0 11173932.0 10890951.0 11236894.0 11036564.0 11152951.0 11115275.0 10924894.0 11139852.0 11303281.0 10729488.0 10604541.0 10808129.0 10064112.0 10733640.0 10646156.0 10749800.0 10231908.0 10778622.0 10544727.0 10813832.0 10902195.0 11684755.0
180 8181554.0 8655460.0 8214915.0 8950840.0 8699675.0 8581897.0 8832086.0 8398744.0 8758090.0 8931634.0 8870561.0 9235323.0 8935148.0 8781477.0 8903090.0 9464204.0 8631446.0 8838500.0 8936698.0 8449441.0 8870430.0 8470654.0 8252367.0 8386556.0 8941821.0 8322090.0 8464231.0 8390759.0 8819944.0 8316592.0 8358836.0 8790723.0
183 2880258.0 3127346.0 2873166.0 3274356.0 3148622.0 3085932.0 3193296.0 2949226.0 3161223.0 3264797.0 3184819.0 3391089.0 3210587.0 3173164.0 3200145.0 3544608.0 3048450.0 3152095.0 3180972.0 2964614.0 3211116.0 2959252.0 2862008.0 2902271.0 3255473.0 2870622.0 3023466.0 2926655.0 3245572.0 2889729.0 2889877.0 3115062.0
186 180260.0 214698.0 185581.0 195309.0 222241.0 194913.0 219305.0 176859.0 230410.0 215576.0 217044.0 238099.0 230703.0 244898.0 251616.0 285535.0 220499.0 224070.0 230660.0 222889.0 216595.0 204024.0 161362.0 188674.0 215852.0 183753.0 197134.0 258906.0 258773.0 229459.0 218523.0 258450.0
189 166929.0 169003.0 171103.0 154104.0 165145.0 168486.0 161883.0 162793.0 175081.0 166644.0 160899.0 182621.0 166805.0 182244.0 195235.0 185670.0 174289.0 162887.0 165976.0 184215.0 177354.0 161368.0 147260.0 150885.0 179060.0 148183.0 168060.0 226572.0 212796.0 181646.0 169289.0 172623.0
192 166440.0 168118.0 170329.0 152913.0 162399.0 167523.0 159461.0 162872.0 173385.0 165251.0 158977.0 180167.0 164791.0 179846.0 194049.0 180435.0 173130.0 159619.0 162729.0 183101.0 173305.0 158710.0 147646.0 150340.0 175608.0 145551.0 167484.0 225490.0 210156.0 178368.0 165589.0 163980.0
195 166281.0 167541.0 170263.0 153079.0 163412.0 166945.0 159385.0 162854.0 172905.0 163585.0 158383.0 180084.0 165204.0 179323.0 194987.0 180060.0 172616.0 159805.0 162680.0 183201.0 174052.0 159344.0 146425.0 148768.0 174925.0 146362.0 166981.0 225302.0 210341.0 177372.0 165206.0 163738.0
198 165838.0 167035.0 169945.0 152013.0 162839.0 166264.0 159645.0 162245.0 172618.0 164064.0 159152.0 180147.0 164899.0 179229.0 193815.0 179637.0 173165.0 159121.0 161039.0 183225.0 173666.0 159145.0 146735.0 148616.0 174135.0 145038.0 167249.0 226248.0 209768.0 177305.0 164642.0 163095.0
201 164027.0 166669.0 168743.0 150780.0 162586.0 165757.0 157829.0 159651.0 171463.0 161688.0 157912.0 178023.0 164362.0 177204.0 194314.0 178801.0 172837.0 157967.0 159853.0 184556.0 171717.0 157798.0 144790.0 144326.0 172010.0 138816.0 165604.0 223713.0 207444.0 175820.0 162642.0 161424.0
204 161522.0 165490.0 164704.0 147136.0 160397.0 163640.0 154975.0 151457.0 170069.0 155192.0 154438.0 169861.0 162779.0 176591.0 190959.0 177231.0 169787.0 155190.0 150865.0 179987.0 168509.0 156746.0 136460.0 124874.0 168153.0 112291.0 164466.0 217111.0 205729.0 167353.0 153654.0 156191.0
207 145539.0 160488.0 139783.0 127688.0 151086.0 151360.0 140624.0 112834.0 163167.0 128153.0 140810.0 134310.0 159216.0 166947.0 182756.0 172551.0 162338.0 142091.0 117414.0 172653.0 150031.0 147434.0 104967.0 75209.0 148826.0 61560.0 155537.0 190332.0 197507.0 138305.0 123956.0 138485.0
210 98835.0 139745.0 83969.0 77156.0 116713.0 111295.0 93832.0 50966.0 136457.0 71472.0 97901.0 66742.0 138955.0 137314.0 145774.0 152241.0 131492.0 100393.0 56498.0 147870.0 100234.0 119754.0 51532.0 25157.0 100008.0 19315.0 124375.0 124748.0 164627.0 81231.0 69224.0 96527.0
213 36399.0 83195.0 26057.0 22794.0 52003.0 45304.0 31984.0 11878.0 74147.0 20566.0 36543.0 17721.0 84778.0 73441.0 68065.0 94214.0 67028.0 38247.0 14035.0 84983.0 35164.0 62112.0 13285.0 6213.0 35985.0 5445.0 64896.0 43697.0 95259.0 26327.0 21122.0 39900.0
216 8652.0 25127.0 6802.0 5732.0 11863.0 10671.0 7309.0 4898.0 19878.0 5798.0 8258.0 6240.0 25548.0 20335.0 15459.0 29101.0 17193.0 8611.0 4979.0 24678.0 8335.0 16981.0 4610.0 3990.0 8336.0 3663.0 18340.0 9734.0 29668.0 6771.0 5963.0 9785.0
219 5017.0 6978.0 4862.0 4107.0 4965.0 5103.0 4484.0 3992.0 6297.0 4373.0 4342.0 4869.0 6644.0 6268.0 6277.0 7621.0 6039.0 4608.0 4116.0 7235.0 5183.0 5556.0 3740.0 3491.0 5202.0 3065.0 5884.0 6260.0 8855.0 4764.0 4297.0 4754.0
222 4240.0 4904.0 4262.0 3648.0 4258.0 4318.0 3973.0 3673.0 4561.0 3722.0 3806.0 4310.0 4668.0 4896.0 5391.0 5278.0 4785.0 3984.0 3641.0 5198.0 4441.0 4367.0 3195.0 3107.0 4421.0 2582.0 4528.0 5384.0 6059.0 4135.0 3652.0 3941.0
225 3505.0 4217.0 3560.0 3024.0 3691.0 3682.0 3371.0 2935.0 4108.0 3146.0 3325.0 3574.0 3987.0 3973.0 4597.0 4467.0 4183.0 3436.0 2946.0 4451.0 3834.0 3771.0 2723.0 2452.0 3865.0 2314.0 3993.0 4493.0 5318.0 3443.0 3032.0 3285.0
228 3098.0 3624.0 3218.0 2551.0 3029.0 3141.0 2851.0 2652.0 3578.0 2732.0 2853.0 3019.0 3404.0 3561.0 3870.0 3981.0 3526.0 2922.0 2637.0 3900.0 3285.0 3209.0 2367.0 2360.0 3271.0 2182.0 3620.0 3897.0 4513.0 2988.0 2816.0 2928.0
231 2956.0 3287.0 2961.0 2440.0 2745.0 2864.0 2640.0 2686.0 2996.0 2668.0 2627.0 2957.0 2944.0 3091.0 3540.0 3428.0 3187.0 2649.0 2494.0 3353.0 3088.0 2955.0 2274.0 2296.0 3147.0 2144.0 3174.0 3597.0 4136.0 2746.0 2457.0 2660.0
234 2635.0 3103.0 2878.0 2410.0 2640.0 2776.0 2557.0 2479.0 2860.0 2494.0 2508.0 2886.0 2868.0 2905.0 3490.0 3291.0 3116.0 2544.0 2408.0 3173.0 2925.0 2743.0 2222.0 2180.0 2989.0 2020.0 2981.0 3457.0 3909.0 2609.0 2423.0 2594.0
237 2760.0 2978.0 2842.0 2336.0 2524.0 2715.0 2557.0 2376.0 2929.0 2405.0 2428.0 2759.0 2760.0 2868.0 3403.0 3140.0 2986.0 2429.0 2428.0 3260.0 2859.0 2739.0 2176.0 2128.0 2874.0 1990.0 2978.0 3435.0 3736.0 2638.0 2396.0 2484.0
240 2671.0 2999.0 2739.0 2304.0 2489.0 2705.0 2453.0 2372.0 2782.0 2296.0 2371.0 2663.0 2617.0 2863.0 3158.0 2989.0 2984.0 2521.0 2323.0 3144.0 2873.0 2693.0 2069.0 2041.0 2871.0 1788.0 2851.0 3321.0 3693.0 2502.0 2398.0 2478.0
243 2511.0 2920.0 2634.0 2181.0 2431.0 2484.0 2371.0 2148.0 2696.0 2165.0 2290.0 2377.0 2539.0 2759.0 3083.0 2956.0 2779.0 2282.0 2131.0 2970.0 2614.0 2578.0 2045.0 1667.0 2635.0 1425.0 2614.0 3198.0 3547.0 2431.0 2223.0 2290.0
246 2393.0 2821.0 2614.0 1969.0 2319.0 2391.0 2221.0 1924.0 2606.0 1988.0 2136.0 2133.0 2615.0 2603.0 3069.0 2969.0 2701.0 2213.0 1859.0 2911.0 2477.0 2550.0 1757.0 1120.0 2593.0 860.0 2542.0 2875.0 3382.0 2227.0 1930.0 2154.0
249 2201.0 2641.0 2138.0 1697.0 2263.0 2184.0 1962.0 1409.0 2449.0 1545.0 1975.0 1635.0 2498.0 2495.0 2803.0 2711.0 2726.0 1989.0 1275.0 2737.0 2245.0 2424.0 1337.0 601.0 2268.0 407.0 2464.0 2451.0 3233.0 1815.0 1603.0 1859.0
252 1796.0 2475.0 1437.0 1078.0 1904.0 1836.0 1475.0 803.0 2237.0 897.0 1443.0 901.0 2212.0 2222.0 2316.0 2494.0 2415.0 1491.0 607.0 2522.0 1646.0 2136.0 775.0 195.0 1619.0 123.0 2170.0 1768.0 2789.0 1308.0 975.0 1304.0
255 1155.0 1967.0 706.0 444.0 1223.0 1118.0 717.0 273.0 1695.0 399.0 822.0 329.0 1947.0 1670.0 1808.0 2073.0 1825.0 784.0 238.0 2156.0 838.0 1514.0 275.0 112.0 863.0 74.0 1640.0 978.0 2301.0 564.0 494.0 777.0
258 448.0 1181.0 222.0 142.0 579.0 463.0 229.0 116.0 849.0 138.0 282.0 109.0 1204.0 924.0 810.0 1320.0 983.0 270.0 69.0 1291.0 281.0 803.0 96.0 65.0 285.0 58.0 907.0 328.0 1318.0 181.0 137.0 271.0
261 178.0 537.0 112.0 92.0 185.0 173.0 112.0 81.0 338.0 86.0 110.0 92.0 516.0 395.0 248.0 606.0 395.0 120.0 76.0 585.0 124.0 326.0 60.0 57.0 132.0 54.0 402.0 141.0 633.0 104.0 82.0 118.0
264 93.0 190.0 80.0 70.0 82.0 101.0 88.0 68.0 135.0 67.0 78.0 81.0 186.0 140.0 112.0 198.0 160.0 64.0 68.0 244.0 121.0 129.0 55.0 47.0 99.0 51.0 131.0 87.0 219.0 82.0 71.0 69.0
267 73.0 117.0 85.0 72.0 86.0 80.0 54.0 68.0 81.0 58.0 66.0 69.0 84.0 82.0 94.0 128.0 109.0 80.0 71.0 111.0 86.0 107.0 59.0 46.0 78.0 48.0 103.0 95.0 138.0 62.0 62.0 69.0
270 75.0 98.0 74.0 69.0 64.0 74.0 68.0 58.0 71.0 56.0 57.0 71.0 95.0 100.0 105.0 111.0 84.0 72.0 66.0 93.0 67.0 70.0 54.0 36.0 87.0 32.0 93.0 81.0 121.0 68.0 66.0 55.0
273 69.0 70.0 76.0 61.0 63.0 66.0 67.0 60.0 79.0 68.0 60.0 47.0 83.0 68.0 74.0 91.0 71.0 56.0 42.0 82.0 73.0 64.0 38.0 51.0 67.0 47.0 75.0 71.0 94.0 57.0 61.0 67.0
276 58.0 90.0 67.0 59.0 50.0 57.0 70.0 46.0 82.0 42.0 49.0 62.0 60.0 66.0 73.0 69.0 66.0 59.0 62.0 87.0 72.0 64.0 48.0 46.0 61.0 41.0 81.0 92.0 122.0 55.0 43.0 52.0
279 74.0 69.0 50.0 49.0 66.0 57.0 59.0 59.0 74.0 43.0 48.0 60.0 61.0 69.0 102.0 89.0 55.0 52.0 32.0 88.0 67.0 73.0 37.0 35.0 83.0 48.0 77.0 75.0 91.0 49.0 42.0 51.0
282 52.0 85.0 66.0 32.0 69.0 51.0 47.0 58.0 63.0 40.0 44.0 51.0 61.0 67.0 80.0 71.0 63.0 63.0 46.0 87.0 65.0 64.0 43.0 38.0 69.0 24.0 71.0 54.0 64.0 48.0 42.0 55.0
285 42.0 76.0 61.0 46.0 58.0 53.0 53.0 46.0 65.0 38.0 35.0 37.0 55.0 58.0 80.0 74.0 64.0 54.0 47.0 75.0 53.0 49.0 43.0 18.0 61.0 15.0 77.0 58.0 91.0 45.0 41.0 55.0
288 58.0 77.0 43.0 33.0 56.0 60.0 36.0 28.0 46.0 29.0 41.0 29.0 70.0 63.0 61.0 59.0 57.0 48.0 25.0 69.0 57.0 52.0 29.0 14.0 59.0 4.0 73.0 50.0 75.0 46.0 51.0 42.0
291 47.0 65.0 49.0 35.0 36.0 43.0 37.0 23.0 68.0 20.0 45.0 23.0 67.0 45.0 60.0 64.0 53.0 32.0 14.0 73.0 33.0 75.0 24.0 8.0 68.0 2.0 53.0 44.0 79.0 38.0 30.0 41.0
294 48.0 60.0 31.0 15.0 34.0 29.0 28.0 13.0 48.0 13.0 28.0 8.0 48.0 46.0 44.0 54.0 61.0 23.0 11.0 60.0 35.0 40.0 18.0 0.0 28.0 1.0 48.0 26.0 67.0 16.0 17.0 27.0
297 22.0 52.0 21.0 16.0 28.0 35.0 11.0 6.0 40.0 4.0 22.0 3.0 43.0 47.0 46.0 51.0 50.0 18.0 4.0 46.0 17.0 44.0 6.0 2.0 19.0 4.0 35.0 25.0 54.0 16.0 16.0 10.0
300 23.0 38.0 14.0 2.0 22.0 18.0 5.0 2.0 29.0 2.0 11.0 9.0 38.0 25.0 29.0 41.0 27.0 12.0 3.0 37.0 10.0 24.0 4.0 1.0 11.0 1.0 22.0 9.0 50.0 6.0 5.0 7.0
303 5.0 16.0 2.0 2.0 13.0 3.0 1.0 3.0 18.0 2.0 1.0 0.0 18.0 20.0 15.0 19.0 19.0 1.0 3.0 27.0 6.0 17.0 0.0 0.0 6.0 2.0 24.0 8.0 28.0 3.0 2.0 4.0
306 4.0 14.0 1.0 4.0 5.0 3.0 5.0 4.0 9.0 3.0 2.0 3.0 11.0 10.0 7.0 15.0 11.0 4.0 0.0 13.0 3.0 10.0 1.0 4.0 7.0 2.0 9.0 3.0 13.0 1.0 5.0 2.0
309 2.0 7.0 3.0 1.0 1.0 1.0 1.0 1.0 2.0 1.0 1.0 2.0 5.0 3.0 4.0 6.0 3.0 2.0 2.0 5.0 1.0 6.0 1.0 1.0 3.0 2.0 3.0 2.0 8.0 4.0 2.0 1.0
312 6.0 5.0 4.0 4.0 3.0 4.0 6.0 2.0 4.0 5.0 3.0 0.0 5.0 2.0 1.0 8.0 3.0 3.0 0.0 4.0 3.0 8.0 2.0 7.0 2.0 2.0 6.0 4.0 1.0 1.0 1.0 3.0
315 1.0 3.0 2.0 2.0 0.0 1.0 0.0 2.0 2.0 3.0 3.0 2.0 2.0 4.0 1.0 2.0 3.0 1.0 0.0 1.0 5.0 4.0 1.0 2.0 1.0 0.0 3.0 1.0 3.0 1.0 0.0 0.0
318 3.0 2.0 1.0 0.0 5.0 5.0 2.0 0.0 0.0 2.0 4.0 2.0 4.0 2.0 4.0 5.0 3.0 2.0 1.0 1.0 1.0 1.0 2.0 2.0 1.0 3.0 3.0 3.0 6.0 0.0 6.0 2.0
321 0.0 5.0 0.0 1.0 2.0 2.0 2.0 0.0 0.0 1.0 0.0 2.0 3.0 3.0 3.0 3.0 4.0 4.0 1.0 4.0 1.0 3.0 0.0 4.0 2.0 1.0 4.0 2.0 2.0 2.0 1.0 1.0
324 2.0 3.0 2.0 2.0 5.0 4.0 3.0 4.0 4.0 4.0 2.0 2.0 1.0 2.0 1.0 4.0 4.0 2.0 6.0 2.0 4.0 3.0 2.0 2.0 3.0 1.0 5.0 2.0 4.0 1.0 3.0 4.0
327 2.0 3.0 5.0 3.0 1.0 4.0 3.0 2.0 5.0 0.0 2.0 1.0 3.0 2.0 0.0 3.0 0.0 1.0 0.0 3.0 3.0 1.0 0.0 1.0 1.0 0.0 0.0 0.0 4.0 0.0 2.0 1.0
330 3.0 2.0 1.0 1.0 3.0 3.0 2.0 7.0 6.0 0.0 1.0 3.0 1.0 0.0 0.0 2.0 0.0 1.0 1.0 2.0 3.0 3.0 0.0 0.0 0.0 0.0 3.0 2.0 5.0 2.0 0.0 2.0
333 2.0 1.0 4.0 2.0 1.0 3.0 1.0 2.0 1.0 1.0 0.0 1.0 4.0 3.0 1.0 6.0 1.0 2.0 0.0 3.0 2.0 0.0 7.0 0.0 4.0 1.0 4.0 5.0 2.0 1.0 3.0 2.0
336 0.0 1.0 0.0 2.0 0.0 3.0 2.0 1.0 0.0 0.0 1.0 0.0 1.0 1.0 2.0 1.0 2.0 1.0 0.0 2.0 1.0 2.0 1.0 1.0 0.0 0.0 3.0 3.0 1.0 1.0 0.0 1.0
339 3.0 1.0 2.0 1.0 3.0 1.0 1.0 0.0 1.0 0.0 0.0 1.0 3.0 2.0 3.0 3.0 2.0 2.0 3.0 2.0 1.0 0.0 0.0 0.0 3.0 0.0 3.0 0.0 2.0 3.0 0.0 0.0
342 1.0 1.0 1.0 0.0 0.0 0.0 0.0 1.0 1.0 0.0 2.0 0.0 1.0 1.0 2.0 2.0 2.0 0.0 1.0 1.0 1.0 0.0 1.0 0.0 0.0 0.0 1.0 0.0 1.0 0.0 0.0 0.0
345 1.0 1.0 0.0 0.0 0.0 0.0 2.0 2.0 0.0 0.0 0.0 2.0 4.0 3.0 3.0 1.0 0.0 0.0 0.0 2.0 1.0 1.0 1.0 1.0 0.0 1.0 1.0 1.0 2.0 2.0 0.0 1.0
348 0.0 0.0 0.0 0.0 1.0 0.0 1.0 0.0 0.0 1.0 0.0 1.0 1.0 1.0 0.0 1.0 0.0 0.0 1.0 0.0 1.0 0.0 1.0 0.0 0.0 0.0 1.0 0.0 1.0 0.0 0.0 0.0
351 0.0 0.0 0.0 0.0 1.0 0.0 0.0 0.0 0.0 1.0 0.0 1.0 1.0 0.0 0.0 2.0 0.0 0.0 0.0 1.0 0.0 0.0 1.0 1.0 0.0 0.0 0.0 1.0 1.0 0.0 0.0 0.0
354 0.0 1.0 0.0 0.0 0.0 1.0 1.0 0.0 0.0 1.0 2.0 1.0 1.0 0.0 1.0 0.0 1.0 2.0 0.0 0.0 0.0 3.0 0.0 1.0 2.0 1.0 0.0 1.0 0.0 1.0 0.0 0.0
357 0.0 0.0 0.0 0.0 0.0 0.0 0.0 0.0 0.0 0.0 1.0 0.0 1.0 0.0 1.0 0.0 0.0 0.0 1.0 0.0 0.0 0.0 0.0 0.0 0.0 0.0 0.0 0.0 1.0 0.0 0.0 0.0
