150 13144375.0 13148619.0 13158304.0 13128797.0 13145106.0 13127023.0 13124375.0 13127530.0 13123422.0 13137408.0 13150585.0 13108826.0 13149384.0 13147023.0 13144387.0 13113097.0 13145924.0 13128015.0 13131149.0 13131043.0 13117683.0 13118254.0 13102599.0 13132368.0 13113218.0 13132276.0 13081186.0 13121864.0 13126136.0 13124312.0 13129833.0 13126340.0
153 18567740.0 18566568.0 18561463.0 18521596.0 18562022.0 18526103.0 18543590.0 18525840.0 18543759.0 18522335.0 18551846.0 18528459.0 18550062.0 18552997.0 18545210.0 18518286.0 18546989.0 18551459.0 18547524.0 18545438.0 18527418.0 18545725.0 18506198.0 18528795.0 18510798.0 18534774.0 18515897.0 18537986.0 18497441.0 18540072.0 18546068.0 18550015.0
156 19176696.0 19171432.0 19167754.0 19125219.0 19164636.0 19132589.0 19145471.0 19131312.0 19146667.0 19124122.0 19156786.0 19134682.0 19156290.0 19151286.0 19146358.0 19123565.0 19149887.0 19152481.0 19152647.0 19148790.0 19134519.0 19151210.0 19113798.0 19131573.0 19117800.0 19139342.0 19124831.0 19145109.0 19098882.0 19145965.0 19153019.0 19157129.0
159 19538856.0 19533162.0 19530640.0 19501630.0 19528811.0 19509391.0 19514387.0 19508402.0 19515283.0 19500628.0 19521939.0 19510955.0 19522198.0 19518034.0 19514668.0 19499539.0 19516831.0 19520538.0 19520410.0 19518819.0 19512074.0 19520876.0 19492707.0 19504831.0 19496698.0 19511737.0 19504578.0 19518215.0 19483854.0 19518562.0 19523189.0 19525551.0
162 19840635.0 19836034.0 19835938.0 19810393.0 19833631.0 19817226.0 19822945.0 19816318.0 19823135.0 19809502.0 19828915.0 19818267.0 19828335.0 19826253.0 19822832.0 19808327.0 19824879.0 19828568.0 19826967.0 19826057.0 19818392.0 19826688.0 19802312.0 19815813.0 19805920.0 19820054.0 19812894.0 19824670.0 19799173.0 19825496.0 19828002.0 19829689.0
165 20044556.0 20041636.0 20041321.0 20027082.0 20040238.0 20030769.0 20035239.0 20030240.0 20034719.0 20026536.0 20037789.0 20031057.0 20036564.0 20036521.0 20034870.0 20025095.0 20035507.0 20037070.0 20035812.0 20036279.0 20030939.0 20035961.0 20020483.0 20032302.0 20023197.0 20033935.0 20028025.0 20035106.0 20021540.0 20036027.0 20036710.0 20037069.0
168 20183341.0 20180607.0 20180782.0 20173238.0 20180011.0 20174770.0 20177190.0 20174408.0 20176453.0 20173691.0 20178296.0 20174588.0 20177226.0 20177066.0 20176492.0 20171701.0 20176671.0 20176896.0 20176346.0 20176716.0 20173900.0 20176203.0 20168850.0 20175183.0 20170250.0 20175877.0 20172303.0 20175779.0 20168830.0 20176395.0 20176831.0 20176873.0
171 20106269.0 20096692.0 20096595.0 20089219.0 20095219.0 20090347.0 20091832.0 20090455.0 20089995.0 20091121.0 20092915.0 20090485.0 20090727.0 20090843.0 20089292.0 20086676.0 20089658.0 20089946.0 20088940.0 20088655.0 20086484.0 20087843.0 20081926.0 20086973.0 20082960.0 20087607.0 20084387.0 20086909.0 20080347.0 20087506.0 20088275.0 20088423.0
174 19282365.0 19522814.0 19227534.0 18707168.0 19260795.0 18453267.0 19239627.0 18594946.0 19169202.0 18494027.0 19094979.0 18684607.0 18960493.0 19113818.0 18941972.0 18724797.0 19002323.0 19144935.0 18954237.0 18894468.0 18560829.0 18952831.0 18650632.0 18921233.0 18690734.0 18977477.0 18692574.0 18862004.0 18620311.0 18943890.0 18952210.0 19099967.0
177 10608731.0 10741366.0 10078450.0 10039977.0 10236827.0 9544156.0 10381409.0 9966914.0 10399362.0 9809272.0 10166009.0 10152586.0 9896060.0 10373675.0 9991292.0 10344393.0 10071491.0 10510923.0 9984030.0 9881883.0 9681049.0 9991345.0 10141969.0 9999834.0 10163437.0 10048217.0 10160545.0 9690531.0 9935077.0 9893422.0 9823172.0 10172446.0
180 9101480.0 8771477.0 8327765.0 8466615.0 8482944.0 7953045.0 8617519.0 8369784.0 8650242.0 8182813.0 8377595.0 8503311.0 8112592.0 8551205.0 8182294.0 8680001.0 8262736.0 8650799.0 8150503.0 8041166.0 8015543.0 8149591.0 8502641.0 8189018.0 8522243.0 8214316.0 8501630.0 7847169.0 8285379.0 8037620.0 7958773.0 8302353.0
183 3518349.0 3456465.0 3204467.0 3309891.0 3256144.0 3012380.0 3351976.0 3235849.0 3399776.0 3147050.0 3228216.0 3288555.0 3085723.0 3319128.0 3115579.0 3387968.0 3178770.0 3350050.0 3093058.0 3074451.0 3042409.0 3076342.0 3320821.0 3175415.0 3332439.0 3160409.0 3292217.0 2953146.0 3336919.0 3056954.0 2990096.0 3170991.0
186 215588.0 301428.0 270664.0 264849.0 268710.0 201817.0 262338.0 242703.0 270658.0 242053.0 236394.0 224372.0 212654.0 241603.0 221324.0 235681.0 231222.0 223591.0 217330.0 310254.0 184451.0 199035.0 251006.0 294221.0 234205.0 251424.0 205598.0 231719.0 445711.0 253397.0 214399.0 224943.0
189 207191.0 224500.0 251427.0 229939.0 244230.0 194311.0 220300.0 226605.0 202111.0 225340.0 206904.0 199543.0 197015.0 211659.0 206249.0 207867.0 205108.0 191358.0 204763.0 303219.0 174482.0 185428.0 224709.0 274263.0 204393.0 230046.0 185030.0 224767.0 428285.0 238544.0 203371.0 201625.0
192 207334.0 222321.0 250296.0 227645.0 242267.0 193736.0 218953.0 220741.0 201779.0 223764.0 206988.0 198849.0 196488.0 209895.0 204836.0 207760.0 204032.0 191678.0 204274.0 302910.0 174904.0 185831.0 224000.0 273540.0 203816.0 230566.0 184124.0 226696.0 426762.0 238410.0 203191.0 200672.0
195 207011.0 221367.0 251100.0 227881.0 241539.0 192708.0 219296.0 221135.0 199914.0 224568.0 206592.0 198357.0 196236.0 209187.0 205709.0 206569.0 204052.0 190836.0 204003.0 301055.0 174531.0 184476.0 223712.0 272233.0 202695.0 228516.0 184347.0 224005.0 424230.0 238439.0 202782.0 200196.0
198 205763.0 222120.0 249466.0 226644.0 240593.0 192031.0 219324.0 223783.0 199429.0 223305.0 205810.0 198937.0 195047.0 209001.0 204178.0 205461.0 204469.0 190833.0 202573.0 294984.0 171716.0 182550.0 222824.0 271996.0 203690.0 228403.0 183324.0 221807.0 421745.0 236067.0 202456.0 198375.0
201 198626.0 220477.0 245476.0 225968.0 237963.0 188302.0 216887.0 220939.0 198637.0 222462.0 204464.0 193711.0 190206.0 208204.0 203357.0 204819.0 202336.0 187783.0 194131.0 266950.0 163431.0 173825.0 221850.0 269104.0 202169.0 227682.0 179987.0 210837.0 409687.0 229903.0 195826.0 194253.0
204 172424.0 217872.0 240153.0 224268.0 223009.0 171396.0 214385.0 209991.0 196716.0 219060.0 199474.0 170927.0 172545.0 204501.0 199608.0 201126.0 198594.0 180693.0 161943.0 182090.0 130198.0 136947.0 220312.0 265109.0 200930.0 223553.0 169667.0 169074.0 396109.0 207460.0 174426.0 175500.0
207 106560.0 212271.0 209695.0 217995.0 172091.0 120120.0 205305.0 157691.0 183718.0 203005.0 180186.0 113770.0 121977.0 189629.0 181834.0 190371.0 181862.0 152112.0 94807.0 74966.0 72351.0 70995.0 212053.0 244904.0 195246.0 210124.0 132570.0 90233.0 332859.0 145182.0 116412.0 123368.0
210 34207.0 186381.0 124652.0 188315.0 78865.0 47112.0 165542.0 73165.0 138332.0 148853.0 120497.0 39551.0 50329.0 136586.0 124831.0 146767.0 129959.0 83076.0 28472.0 18705.0 21276.0 18826.0 178608.0 182706.0 173456.0 155570.0 64670.0 24462.0 186626.0 57238.0 42185.0 49193.0
213 8911.0 111337.0 36759.0 112712.0 18479.0 10658.0 81479.0 16869.0 61180.0 62738.0 42131.0 9039.0 11924.0 55012.0 46327.0 68840.0 52156.0 20817.0 7578.0 9761.0 6172.0 6082.0 99353.0 78882.0 110632.0 70489.0 15694.0 7903.0 58125.0 13536.0 9949.0 11618.0
216 6108.0 33502.0 10021.0 36576.0 7789.0 5546.0 21011.0 7477.0 15160.0 15323.0 10055.0 5691.0 5652.0 12992.0 11322.0 17266.0 12515.0 6527.0 5503.0 8188.0 4457.0 4894.0 28768.0 19477.0 37346.0 17776.0 5934.0 6237.0 18394.0 7296.0 5914.0 5695.0
219 5501.0 9810.0 7282.0 11307.0 6841.0 5026.0 8086.0 6414.0 6563.0 7481.0 6193.0 5108.0 4868.0 6597.0 6678.0 7343.0 6492.0 5275.0 4840.0 7081.0 4016.0 4286.0 9464.0 9510.0 10896.0 8025.0 5127.0 5611.0 14124.0 6562.0 5226.0 5014.0
222 4693.0 6474.0 6531.0 7139.0 5947.0 4269.0 6206.0 5677.0 5340.0 6312.0 5560.0 4372.0 4219.0 5749.0 5737.0 5926.0 5558.0 4693.0 4197.0 6186.0 3530.0 3698.0 6905.0 8112.0 6604.0 6479.0 4501.0 4782.0 12652.0 5889.0 4549.0 4311.0
225 4111.0 5715.0 5630.0 6214.0 5165.0 3633.0 5424.0 4838.0 4674.0 5478.0 4912.0 3686.0 3669.0 4972.0 5053.0 5247.0 4766.0 3903.0 3516.0 5549.0 3047.0 3217.0 6045.0 7006.0 5762.0 5717.0 3774.0 4296.0 11003.0 4844.0 3871.0 3603.0
228 3947.0 4913.0 4833.0 5535.0 4460.0 3282.0 4662.0 4224.0 4004.0 4811.0 3982.0 3351.0 3232.0 4389.0 4504.0 4569.0 4292.0 3601.0 3396.0 5380.0 2796.0 3071.0 5273.0 6191.0 5009.0 4906.0 3409.0 4049.0 9977.0 4369.0 3637.0 3417.0
231 3791.0 4576.0 4531.0 4933.0 4428.0 3066.0 4275.0 4098.0 3732.0 4419.0 3737.0 3331.0 3167.0 3943.0 4087.0 4208.0 3922.0 3381.0 3226.0 5327.0 2683.0 2953.0 4827.0 5667.0 4424.0 4561.0 3302.0 3872.0 9395.0 4236.0 3493.0 3196.0
234 3722.0 4138.0 4397.0 4566.0 4058.0 3081.0 4082.0 4138.0 3394.0 4133.0 3556.0 3339.0 3037.0 3739.0 3868.0 3806.0 3722.0 3236.0 3146.0 5022.0 2498.0 2741.0 4548.0 5546.0 4038.0 4204.0 3164.0 3659.0 9004.0 4204.0 3404.0 3180.0
237 3584.0 3943.0 4232.0 4342.0 4072.0 2985.0 3925.0 4019.0 3437.0 4081.0 3509.0 3093.0 2963.0 3814.0 4021.0 3855.0 3636.0 3133.0 3041.0 4694.0 2480.0 2797.0 4441.0 5356.0 3952.0 4307.0 3091.0 3637.0 8720.0 4096.0 3139.0 3096.0
240 3447.0 3822.0 4157.0 4198.0 3754.0 2884.0 3826.0 3776.0 3302.0 3903.0 3451.0 3010.0 2768.0 3687.0 3795.0 3891.0 3589.0 3002.0 2785.0 3997.0 2396.0 2522.0 4212.0 5213.0 3867.0 4110.0 2984.0 3397.0 8440.0 3885.0 3063.0 2911.0
243 3036.0 3807.0 3954.0 4129.0 3711.0 2662.0 3714.0 3608.0 3164.0 3693.0 3396.0 2665.0 2657.0 3539.0 3527.0 3690.0 3442.0 2827.0 2499.0 2892.0 1891.0 2097.0 4209.0 5098.0 3759.0 4049.0 2864.0 2869.0 7641.0 3556.0 2844.0 2801.0
246 2220.0 3544.0 3720.0 4073.0 3381.0 2360.0 3756.0 3195.0 3085.0 3738.0 3152.0 2104.0 2392.0 3371.0 3494.0 3508.0 3303.0 2693.0 1809.0 1528.0 1517.0 1406.0 4075.0 4837.0 3626.0 3825.0 2531.0 2019.0 7088.0 2935.0 2394.0 2211.0
249 1286.0 3515.0 3412.0 3802.0 2424.0 1752.0 3440.0 2542.0 2769.0 3427.0 2886.0 1328.0 1662.0 3088.0 3257.0 3420.0 2999.0 2258.0 968.0 532.0 828.0 642.0 3726.0 4480.0 3566.0 3619.0 1924.0 995.0 5826.0 2041.0 1585.0 1675.0
252 473.0 3105.0 2419.0 3660.0 1441.0 944.0 2946.0 1572.0 2372.0 3116.0 2415.0 551.0 895.0 2493.0 2655.0 2858.0 2583.0 1441.0 327.0 233.0 314.0 192.0 3616.0 3862.0 3384.0 3226.0 1108.0 335.0 4149.0 1015.0 688.0 701.0
255 189.0 2773.0 1331.0 3143.0 611.0 379.0 2377.0 672.0 1684.0 2328.0 1615.0 185.0 385.0 1907.0 1990.0 2271.0 1836.0 661.0 146.0 165.0 108.0 122.0 3027.0 2897.0 2996.0 2474.0 497.0 155.0 2382.0 422.0 242.0 285.0
258 130.0 1895.0 520.0 2383.0 206.0 152.0 1318.0 241.0 915.0 1301.0 702.0 107.0 133.0 953.0 964.0 1331.0 935.0 223.0 105.0 173.0 90.0 93.0 2041.0 1638.0 2340.0 1446.0 160.0 113.0 896.0 179.0 145.0 120.0
261 109.0 967.0 195.0 1363.0 133.0 94.0 512.0 161.0 334.0 569.0 245.0 95.0 99.0 359.0 355.0 603.0 355.0 118.0 96.0 136.0 78.0 70.0 1013.0 599.0 1476.0 602.0 108.0 110.0 408.0 108.0 120.0 83.0
264 108.0 316.0 128.0 514.0 126.0 106.0 197.0 123.0 142.0 216.0 118.0 79.0 82.0 152.0 167.0 218.0 139.0 89.0 68.0 139.0 62.0 79.0 373.0 259.0 617.0 234.0 89.0 97.0 321.0 151.0 94.0 85.0
267 104.0 139.0 120.0 221.0 115.0 81.0 138.0 111.0 93.0 159.0 100.0 84.0 90.0 112.0 130.0 147.0 125.0 86.0 66.0 115.0 62.0 70.0 172.0 183.0 248.0 160.0 91.0 92.0 281.0 126.0 88.0 72.0
270 83.0 138.0 110.0 144.0 107.0 59.0 111.0 113.0 81.0 147.0 69.0 72.0 79.0 118.0 137.0 126.0 122.0 81.0 75.0 106.0 52.0 62.0 141.0 169.0 160.0 135.0 81.0 84.0 246.0 124.0 82.0 74.0
273 85.0 95.0 104.0 166.0 99.0 57.0 130.0 114.0 86.0 126.0 97.0 70.0 65.0 106.0 133.0 98.0 94.0 67.0 68.0 111.0 53.0 66.0 140.0 183.0 147.0 132.0 77.0 88.0 245.0 103.0 76.0 61.0
276 83.0 104.0 81.0 118.0 94.0 69.0 104.0 85.0 68.0 111.0 84.0 62.0 66.0 91.0 120.0 99.0 97.0 62.0 60.0 107.0 56.0 66.0 115.0 155.0 117.0 104.0 87.0 77.0 222.0 85.0 81.0 66.0
279 76.0 98.0 82.0 118.0 113.0 65.0 92.0 88.0 66.0 109.0 77.0 58.0 80.0 107.0 105.0 111.0 88.0 79.0 54.0 102.0 61.0 48.0 122.0 135.0 116.0 91.0 80.0 72.0 221.0 98.0 86.0 69.0
282 72.0 99.0 101.0 114.0 96.0 74.0 98.0 71.0 79.0 100.0 77.0 57.0 48.0 84.0 92.0 99.0 80.0 73.0 55.0 50.0 35.0 53.0 123.0 136.0 116.0 107.0 60.0 61.0 201.0 81.0 67.0 56.0
285 51.0 112.0 86.0 112.0 79.0 45.0 87.0 90.0 67.0 88.0 73.0 33.0 46.0 85.0 78.0 96.0 99.0 68.0 42.0 30.0 33.0 31.0 113.0 153.0 96.0 99.0 57.0 55.0 161.0 58.0 60.0 46.0
288 39.0 87.0 74.0 98.0 54.0 50.0 92.0 69.0 81.0 91.0 81.0 35.0 42.0 81.0 94.0 86.0 69.0 70.0 27.0 18.0 15.0 27.0 115.0 110.0 128.0 95.0 52.0 24.0 162.0 44.0 38.0 43.0
291 23.0 89.0 74.0 101.0 53.0 25.0 72.0 53.0 57.0 87.0 46.0 17.0 38.0 66.0 83.0 79.0 76.0 37.0 10.0 9.0 11.0 9.0 86.0 123.0 102.0 87.0 36.0 13.0 145.0 40.0 29.0 29.0
294 17.0 71.0 63.0 97.0 24.0 28.0 77.0 44.0 55.0 84.0 63.0 15.0 15.0 71.0 80.0 65.0 54.0 47.0 8.0 10.0 3.0 3.0 94.0 99.0 98.0 80.0 23.0 13.0 101.0 23.0 17.0 17.0
297 5.0 68.0 36.0 93.0 10.0 8.0 61.0 21.0 43.0 55.0 42.0 6.0 3.0 40.0 60.0 67.0 47.0 13.0 4.0 5.0 5.0 5.0 87.0 91.0 87.0 65.0 10.0 6.0 61.0 12.0 8.0 6.0
300 3.0 54.0 15.0 61.0 7.0 8.0 53.0 6.0 35.0 52.0 26.0 0.0 5.0 27.0 39.0 39.0 31.0 3.0 5.0 4.0 2.0 0.0 64.0 50.0 75.0 47.0 2.0 3.0 35.0 3.0 3.0 5.0
303 7.0 57.0 9.0 62.0 5.0 5.0 27.0 10.0 19.0 24.0 12.0 3.0 4.0 20.0 30.0 46.0 18.0 7.0 4.0 5.0 3.0 1.0 56.0 35.0 64.0 32.0 5.0 4.0 13.0 6.0 4.0 4.0
306 4.0 28.0 2.0 38.0 2.0 4.0 12.0 2.0 8.0 13.0 10.0 1.0 1.0 6.0 8.0 24.0 7.0 3.0 3.0 4.0 1.0 3.0 34.0 12.0 43.0 23.0 2.0 2.0 13.0 3.0 5.0 1.0
309 2.0 13.0 4.0 24.0 6.0 7.0 3.0 3.0 5.0 3.0 5.0 7.0 2.0 5.0 5.0 9.0 7.0 3.0 3.0 6.0 5.0 1.0 15.0 15.0 28.0 2.0 2.0 2.0 11.0 3.0 2.0 3.0
312 4.0 6.0 2.0 11.0 0.0 0.0 2.0 2.0 1.0 3.0 4.0 2.0 2.0 4.0 3.0 2.0 3.0 4.0 0.0 1.0 0.0 0.0 6.0 3.0 17.0 3.0 1.0 0.0 13.0 3.0 2.0 2.0
315 3.0 3.0 4.0 7.0 2.0 1.0 3.0 4.0 5.0 4.0 4.0 4.0 1.0 7.0 5.0 4.0 7.0 5.0 2.0 1.0 2.0 1.0 5.0 6.0 10.0 7.0 2.0 4.0 8.0 6.0 2.0 3.0
318 5.0 8.0 2.0 6.0 2.0 2.0 1.0 2.0 4.0 4.0 4.0 4.0 2.0 3.0 2.0 5.0 3.0 1.0 1.0 2.0 1.0 0.0 9.0 5.0 4.0 4.0 3.0 2.0 17.0 2.0 4.0 2.0
321 1.0 6.0 1.0 6.0 4.0 1.0 6.0 3.0 3.0 1.0 3.0 1.0 5.0 4.0 3.0 1.0 2.0 1.0 2.0 2.0 3.0 2.0 3.0 0.0 12.0 5.0 2.0 5.0 10.0 3.0 0.0 3.0
324 1.0 2.0 5.0 2.0 0.0 1.0 3.0 1.0 4.0 5.0 3.0 5.0 0.0 4.0 11.0 6.0 4.0 3.0 2.0 1.0 0.0 1.0 4.0 6.0 4.0 3.0 1.0 2.0 1.0 4.0 1.0 0.0
327 1.0 3.0 4.0 4.0 0.0 1.0 1.0 1.0 2.0 5.0 2.0 2.0 1.0 3.0 2.0 3.0 2.0 2.0 0.0 0.0 0.0 0.0 7.0 3.0 3.0 4.0 1.0 2.0 6.0 0.0 2.0 1.0
330 2.0 7.0 1.0 6.0 1.0 3.0 5.0 4.0 4.0 5.0 3.0 3.0 3.0 5.0 7.0 3.0 4.0 1.0 2.0 0.0 2.0 2.0 2.0 4.0 6.0 9.0 2.0 1.0 4.0 1.0 3.0 2.0
333 0.0 2.0 0.0 3.0 0.0 2.0 3.0 1.0 2.0 6.0 3.0 0.0 1.0 2.0 6.0 1.0 2.0 0.0 0.0 0.0 1.0 1.0 5.0 6.0 2.0 2.0 1.0 0.0 2.0 1.0 1.0 0.0
336 1.0 4.0 2.0 7.0 0.0 2.0 0.0 0.0 2.0 5.0 2.0 0.0 0.0 3.0 1.0 1.0 1.0 2.0 0.0 1.0 0.0 1.0 6.0 6.0 7.0 4.0 1.0 1.0 7.0 2.0 1.0 1.0
339 2.0 4.0 1.0 5.0 2.0 2.0 3.0 1.0 2.0 7.0 3.0 1.0 3.0 6.0 1.0 2.0 3.0 2.0 2.0 1.0 1.0 3.0 4.0 3.0 3.0 4.0 3.0 1.0 5.0 2.0 1.0 2.0
342 1.0 0.0 0.0 4.0 0.0 1.0 1.0 0.0 0.0 1.0 0.0 0.0 0.0 0.0 2.0 0.0 1.0 1.0 0.0 1.0 2.0 0.0 4.0 0.0 1.0 2.0 0.0 0.0 0.0 1.0 0.0 0.0
345 2.0 0.0 2.0 3.0 1.0 1.0 1.0 1.0 0.0 2.0 2.0 1.0 0.0 1.0 2.0 2.0 0.0 1.0 0.0 0.0 1.0 1.0 1.0 0.0 3.0 4.0 0.0 0.0 0.0 0.0 1.0 0.0
348 0.0 1.0 1.0 0.0 1.0 0.0 1.0 0.0 1.0 0.0 0.0 0.0 0.0 0.0 0.0 0.0 1.0 0.0 0.0 0.0 1.0 0.0 2.0 0.0 0.0 1.0 1.0 1.0 1.0 0.0 2.0 1.0
351 1.0 2.0 2.0 1.0 2.0 4.0 3.0 0.0 0.0 0.0 1.0 0.0 0.0 1.0 1.0 0.0 0.0 1.0 1.0 1.0 2.0 2.0 2.0 2.0 2.0 1.0 0.0 1.0 2.0 4.0 0.0 2.0
354 0.0 0.0 0.0 0.0 0.0 0.0 0.0 0.0 0.0 1.0 1.0 0.0 0.0 1.0 0.0 2.0 1.0 1.0 0.0 0.0 2.0 0.0 0.0 0.0 1.0 0.0 1.0 0.0 0.0 0.0 0.0 0.0
357 3.0 0.0 2.0 2.0 3.0 3.0 5.0 0.0 2.0 2.0 4.0 1.0 0.0 1.0 0.0 2.0 2.0 1.0 1.0 1.0 1.0 2.0 2.0 2.0 0.0 1.0 2.0 2.0 3.0 1.0 2.0 1.0
