150 9022.0 9615.0 11769.0 12595.0 14883.0 10335.0 8168.0 15836.0 12165.0 15631.0 14356.0 16069.0 13502.0 14024.0 16824.0 9563.0 13031.0 13426.0 14388.0 15544.0 13836.0 17075.0 11996.0 11390.0 13434.0 17729.0 10318.0 15667.0 8761.0 10011.0 15715.0 16694.0
153 13956801.0 13951068.0 13969680.0 13950800.0 13966698.0 13946775.0 13945280.0 13966884.0 13948615.0 13960506.0 13958120.0 13957709.0 13955710.0 13973982.0 13966233.0 13936999.0 13974146.0 13943448.0 13952587.0 13946793.0 13951354.0 13944288.0 13934753.0 13954384.0 13951610.0 13952150.0 13938323.0 13955745.0 13939020.0 13947974.0 13972576.0 13953721.0
156 18642428.0 18638760.0 18641410.0 18627987.0 18638281.0 18630778.0 18636841.0 18628004.0 18634164.0 18625959.0 18632393.0 18623589.0 18633176.0 18638780.0 18634976.0 18628693.0 18638814.0 18626999.0 18630412.0 18626009.0 18622571.0 18627370.0 18620630.0 18635870.0 18625024.0 18626682.0 18624947.0 18629545.0 18629102.0 18637103.0 18641174.0 18633173.0
159 18997938.0 18995528.0 18996722.0 18987715.0 18995490.0 18989265.0 18993837.0 18987730.0 18992288.0 18986607.0 18991868.0 18984708.0 18992259.0 18994521.0 18992853.0 18988284.0 18994565.0 18988200.0 18990877.0 18987646.0 18984100.0 18989683.0 18982678.0 18993647.0 18986088.0 18988400.0 18986256.0 18990347.0 18988572.0 18994672.0 18997727.0 18994352.0
162 19299194.0 19297987.0 19298138.0 19293167.0 19298038.0 19293619.0 19297248.0 19293323.0 19296635.0 19292619.0 19296487.0 19291758.0 19296722.0 19297374.0 19297072.0 19293328.0 19297312.0 19294786.0 19296518.0 19294845.0 19291778.0 19296262.0 19291008.0 19297390.0 19292521.0 19295240.0 19292736.0 19296714.0 19293477.0 19297973.0 19299460.0 19298462.0
165 19626068.0 19624816.0 19625256.0 19620861.0 19624672.0 19621047.0 19623478.0 19620960.0 19623100.0 19620350.0 19623162.0 19620120.0 19623500.0 19623878.0 19623740.0 19620845.0 19623987.0 19622226.0 19623397.0 19622641.0 19620016.0 19623265.0 19619560.0 19623862.0 19620292.0 19622894.0 19620617.0 19623514.0 19621036.0 19624212.0 19625759.0 19625294.0
168 19789327.0 19788443.0 19788920.0 19784568.0 19788356.0 19785175.0 19786968.0 19784872.0 19786452.0 19784244.0 19786539.0 19784007.0 19786817.0 19787431.0 19786833.0 19784853.0 19787550.0 19785476.0 19786583.0 19785907.0 19783848.0 19786389.0 19783429.0 19787376.0 19784301.0 19786129.0 19784673.0 19786878.0 19785207.0 19787574.0 19789016.0 19788161.0
171 19856053.0 19855843.0 19856073.0 19851750.0 19856037.0 19852377.0 19854724.0 19852113.0 19854388.0 19851290.0 19854304.0 19850618.0 19854528.0 19855426.0 19855179.0 19852120.0 19855423.0 19852841.0 19854161.0 19852965.0 19850503.0 19853842.0 19849774.0 19854785.0 19851085.0 19853080.0 19851440.0 19853709.0 19852229.0 19854812.0 19855445.0 19854488.0
174 20063384.0 20063370.0 20063306.0 20060869.0 20063934.0 20061047.0 20062475.0 20061406.0 20062431.0 20060832.0 20062795.0 20061124.0 20062857.0 20062948.0 20062940.0 20062628.0 20062919.0 20061456.0 20062466.0 20061725.0 20059716.0 20061860.0 20059250.0 20062034.0 20059737.0 20061281.0 20059766.0 20061551.0 20060232.0 20061822.0 20062143.0 20061779.0
177 19820695.0 19819564.0 19812851.0 19795377.0 19814423.0 19792892.0 19812450.0 19792368.0 19807355.0 19790678.0 19809043.0 19796980.0 19813446.0 19804435.0 19808613.0 19803897.0 19806081.0 19805192.0 19807855.0 19806035.0 19792122.0 19802474.0 19792436.0 19800762.0 19790962.0 19798016.0 19789772.0 19798430.0 19792050.0 19799471.0 19799306.0 19799593.0
180 12645576.0 12772541.0 12038580.0 11715358.0 12203172.0 11685805.0 12532791.0 11490708.0 12213818.0 11516389.0 12237993.0 11837530.0 12488361.0 11783995.0 12287694.0 12223885.0 11893595.0 12591998.0 12304525.0 12532083.0 11736575.0 12306592.0 12051837.0 12004868.0 11752797.0 12041365.0 11579449.0 12046815.0 11776311.0 12082167.0 12027393.0 12284565.0
183 9611513.0 9766210.0 9302360.0 9710733.0 9532359.0 9763204.0 9878761.0 9510280.0 9714386.0 9536234.0 9727400.0 9871583.0 9939248.0 9296040.0 9805138.0 10216735.0 9386426.0 10073324.0 9772056.0 9991324.0 9727952.0 9786659.0 10152521.0 9483305.0 9783099.0 9470839.0 9525681.0 9465125.0 9745635.0 9471897.0 9370611.0 9572816.0
186 6267048.0 6426064.0 6001648.0 6499675.0 6198957.0 6579941.0 6530126.0 6306293.0 6382831.0 6312327.0 6387311.0 6636404.0 6563527.0 5993471.0 6447356.0 6917310.0 6048461.0 6741498.0 6410822.0 6646879.0 6505984.0 6437909.0 6964870.0 6148065.0 6586258.0 6149303.0 6301737.0 6128690.0 6536702.0 6124775.0 6041052.0 6221000.0
189 178793.0 219540.0 161192.0 193938.0 200413.0 213230.0 226573.0 195039.0 224876.0 202784.0 227170.0 232948.0 247256.0 202937.0 235783.0 246968.0 178221.0 294993.0 222103.0 285111.0 199842.0 262409.0 254539.0 183239.0 225490.0 220147.0 189803.0 198524.0 207786.0 186074.0 203579.0 227083.0
192 140279.0 143118.0 134459.0 153568.0 164179.0 153022.0 141810.0 153153.0 174268.0 172412.0 163179.0 162223.0 156780.0 171404.0 177616.0 155640.0 155642.0 158890.0 149250.0 161931.0 145985.0 201538.0 157016.0 144243.0 162122.0 173976.0 143815.0 155685.0 143927.0 144255.0 164394.0 178702.0
195 139965.0 140848.0 134564.0 152823.0 163966.0 151277.0 139076.0 152792.0 173041.0 171974.0 161502.0 160289.0 154157.0 171441.0 190737.0 152625.0 156211.0 150516.0 146888.0 153672.0 143754.0 195750.0 151148.0 143764.0 159931.0 173188.0 142323.0 153894.0 140398.0 143265.0 161922.0 177040.0
198 139919.0 140920.0 134977.0 153136.0 162872.0 150557.0 138359.0 152565.0 174001.0 171810.0 161265.0 159717.0 153591.0 169564.0 194863.0 152108.0 155804.0 149558.0 147263.0 153343.0 144896.0 195917.0 150992.0 143813.0 160133.0 172461.0 142017.0 153499.0 140860.0 142879.0 161556.0 175477.0
201 138958.0 140365.0 134590.0 152924.0 162030.0 149701.0 137832.0 152670.0 173274.0 170990.0 160699.0 158888.0 153669.0 169210.0 174619.0 151498.0 155349.0 149657.0 146672.0 153767.0 144440.0 195803.0 150231.0 143014.0 159770.0 171628.0 141189.0 154235.0 140459.0 143166.0 161231.0 176352.0
204 138801.0 140539.0 133755.0 151873.0 163540.0 150208.0 138076.0 151430.0 173376.0 170130.0 161149.0 158811.0 153791.0 169823.0 174487.0 151330.0 154478.0 151099.0 147317.0 153010.0 144509.0 195706.0 150488.0 143531.0 159784.0 172403.0 141131.0 153809.0 139522.0 142714.0 161053.0 175095.0
207 137348.0 139994.0 132217.0 151216.0 161856.0 147974.0 136914.0 150136.0 171692.0 169371.0 160284.0 158556.0 153191.0 168664.0 173122.0 151861.0 150784.0 149099.0 146270.0 153559.0 142960.0 193982.0 149425.0 141795.0 158760.0 171845.0 140098.0 152699.0 137301.0 139660.0 159665.0 174084.0
210 124094.0 136713.0 126945.0 149026.0 159880.0 138762.0 129196.0 147233.0 165439.0 164766.0 157988.0 156411.0 150993.0 152954.0 165925.0 140634.0 129093.0 148343.0 145593.0 152041.0 141872.0 191179.0 147764.0 134864.0 154300.0 170358.0 130795.0 151131.0 118198.0 127289.0 151537.0 170826.0
213 87498.0 122117.0 103149.0 138425.0 150165.0 108399.0 102577.0 135232.0 141507.0 144035.0 155897.0 147499.0 144254.0 108537.0 140017.0 108478.0 82073.0 147099.0 142610.0 151159.0 135124.0 182118.0 142887.0 110805.0 137415.0 165944.0 99907.0 145239.0 78463.0 93733.0 126753.0 159600.0
216 34878.0 78333.0 54643.0 102267.0 116349.0 54242.0 55413.0 98307.0 84658.0 91638.0 136347.0 118041.0 121853.0 47145.0 83793.0 51060.0 29950.0 138337.0 128602.0 146935.0 111688.0 149683.0 120558.0 62666.0 91479.0 150086.0 49209.0 123922.0 31242.0 42165.0 78888.0 128234.0
219 8378.0 27803.0 15920.0 47747.0 55841.0 15359.0 16793.0 42824.0 26988.0 33638.0 86171.0 64351.0 74437.0 12350.0 30044.0 13529.0 7932.0 109589.0 90907.0 127692.0 61436.0 79337.0 72100.0 20227.0 36101.0 106124.0 13629.0 77650.0 8165.0 11801.0 29570.0 74853.0
222 4030.0 7068.0 4909.0 13464.0 15207.0 5278.0 5227.0 10947.0 7401.0 8962.0 31124.0 20667.0 26448.0 5137.0 9139.0 5025.0 4513.0 57769.0 39238.0 83924.0 19167.0 22843.0 24462.0 6036.0 9340.0 48989.0 4835.0 29302.0 4154.0 4463.0 8438.0 26426.0
225 3377.0 3865.0 3533.0 4916.0 5518.0 4049.0 3564.0 4627.0 4895.0 5007.0 7262.0 5817.0 6657.0 4335.0 5469.0 3962.0 3795.0 14941.0 8824.0 27865.0 5622.0 7139.0 6401.0 3906.0 4730.0 12020.0 3677.0 7308.0 3316.0 3520.0 4576.0 7400.0
228 3004.0 3351.0 3047.0 4147.0 4446.0 3490.0 3115.0 3931.0 4327.0 4370.0 4887.0 4404.0 4500.0 3701.0 4878.0 3572.0 3243.0 5612.0 4714.0 8311.0 4173.0 5776.0 4548.0 3437.0 4082.0 6007.0 3233.0 4737.0 2848.0 2969.0 3909.0 5098.0
231 2542.0 2975.0 2693.0 3557.0 3965.0 2982.0 2726.0 3418.0 3774.0 3956.0 4366.0 3819.0 3800.0 3247.0 4100.0 2936.0 2867.0 4213.0 4042.0 4930.0 3711.0 5148.0 4076.0 2992.0 3658.0 5012.0 2790.0 4146.0 2509.0 2656.0 3553.0 4460.0
234 2368.0 2612.0 2400.0 3187.0 3509.0 2679.0 2356.0 2922.0 3361.0 3430.0 3832.0 3226.0 3277.0 2906.0 3612.0 2668.0 2578.0 3746.0 3592.0 4351.0 3284.0 4509.0 3363.0 2578.0 3199.0 4529.0 2441.0 3694.0 2222.0 2349.0 3114.0 3980.0
237 2185.0 2360.0 2219.0 2941.0 3147.0 2423.0 2267.0 2746.0 3111.0 3321.0 3405.0 2888.0 2947.0 2693.0 2939.0 2577.0 2479.0 3342.0 3172.0 3766.0 2895.0 4028.0 3020.0 2462.0 2905.0 3976.0 2368.0 3330.0 2266.0 2309.0 2910.0 3635.0
240 2190.0 2231.0 2206.0 2776.0 3114.0 2429.0 2142.0 2554.0 3066.0 3073.0 3170.0 2681.0 2638.0 2602.0 2813.0 2526.0 2421.0 2929.0 2951.0 3356.0 2663.0 3967.0 2879.0 2418.0 2744.0 3600.0 2243.0 3035.0 2112.0 2263.0 2741.0 3324.0
243 2167.0 2205.0 2100.0 2737.0 2883.0 2317.0 2166.0 2481.0 2995.0 3034.0 3036.0 2622.0 2501.0 2623.0 2739.0 2417.0 2465.0 2780.0 2843.0 3133.0 2657.0 3736.0 2734.0 2466.0 2778.0 3609.0 2267.0 2936.0 2001.0 2124.0 2795.0 3337.0
246 2144.0 2117.0 2036.0 2589.0 2923.0 2305.0 2083.0 2323.0 3020.0 2945.0 3043.0 2600.0 2455.0 2498.0 2746.0 2363.0 2306.0 2764.0 2800.0 3015.0 2447.0 3707.0 2796.0 2328.0 2603.0 3425.0 2134.0 3020.0 1987.0 2139.0 2674.0 3198.0
249 1940.0 2075.0 2006.0 2566.0 2799.0 2163.0 1943.0 2310.0 2833.0 2876.0 2829.0 2481.0 2523.0 2426.0 2474.0 2214.0 2211.0 2759.0 2645.0 3080.0 2479.0 3690.0 2573.0 2215.0 2543.0 3494.0 2034.0 2778.0 1757.0 1901.0 2603.0 3137.0
252 1759.0 2050.0 1901.0 2490.0 2839.0 2037.0 1881.0 2237.0 2592.0 2739.0 2881.0 2451.0 2459.0 2168.0 2568.0 2107.0 1900.0 2579.0 2701.0 2873.0 2481.0 3593.0 2615.0 2028.0 2465.0 3365.0 1840.0 2845.0 1599.0 1904.0 2463.0 2976.0
255 1421.0 1783.0 1632.0 2336.0 2579.0 1750.0 1578.0 2142.0 2443.0 2507.0 2743.0 2399.0 2379.0 1890.0 2346.0 1774.0 1430.0 2514.0 2548.0 2827.0 2242.0 3336.0 2362.0 1877.0 2319.0 3324.0 1616.0 2686.0 1165.0 1479.0 2277.0 2948.0
258 904.0 1543.0 1332.0 2127.0 2457.0 1265.0 1188.0 1983.0 1850.0 2266.0 2628.0 2234.0 2195.0 1261.0 1895.0 1203.0 969.0 2460.0 2474.0 2744.0 2213.0 3137.0 2312.0 1581.0 1903.0 3151.0 1142.0 2516.0 654.0 1007.0 1963.0 2795.0
261 379.0 1115.0 858.0 1805.0 2100.0 721.0 707.0 1631.0 1271.0 1705.0 2560.0 1883.0 2029.0 652.0 1446.0 628.0 370.0 2409.0 2311.0 2717.0 2092.0 2796.0 2109.0 1017.0 1563.0 2995.0 633.0 2389.0 328.0 542.0 1411.0 2366.0
264 130.0 560.0 385.0 1179.0 1547.0 273.0 292.0 1085.0 689.0 1080.0 2100.0 1497.0 1663.0 283.0 892.0 212.0 136.0 2205.0 2058.0 2600.0 1672.0 2091.0 1563.0 526.0 907.0 2541.0 243.0 1958.0 117.0 210.0 794.0 1788.0
267 88.0 218.0 161.0 607.0 893.0 110.0 129.0 593.0 231.0 469.0 1478.0 935.0 1195.0 127.0 443.0 104.0 87.0 1843.0 1589.0 2348.0 1045.0 1203.0 1049.0 190.0 423.0 2094.0 107.0 1397.0 70.0 106.0 383.0 1178.0
270 76.0 100.0 72.0 230.0 358.0 73.0 63.0 235.0 125.0 197.0 854.0 449.0 613.0 80.0 202.0 77.0 80.0 1263.0 1031.0 1972.0 450.0 487.0 478.0 83.0 133.0 1412.0 81.0 827.0 52.0 79.0 144.0 644.0
273 70.0 82.0 49.0 96.0 142.0 72.0 66.0 86.0 96.0 113.0 278.0 144.0 209.0 67.0 104.0 73.0 73.0 606.0 374.0 1222.0 164.0 173.0 169.0 76.0 110.0 573.0 72.0 307.0 72.0 64.0 73.0 217.0
276 52.0 59.0 50.0 86.0 84.0 63.0 56.0 69.0 76.0 101.0 142.0 86.0 100.0 68.0 84.0 66.0 72.0 245.0 173.0 627.0 77.0 125.0 110.0 73.0 78.0 228.0 60.0 126.0 49.0 59.0 87.0 140.0
279 49.0 65.0 62.0 68.0 84.0 57.0 46.0 61.0 70.0 71.0 109.0 66.0 80.0 56.0 87.0 69.0 66.0 109.0 106.0 293.0 85.0 146.0 79.0 62.0 86.0 146.0 66.0 108.0 42.0 62.0 91.0 100.0
282 38.0 46.0 51.0 73.0 95.0 53.0 52.0 69.0 72.0 81.0 86.0 71.0 58.0 52.0 95.0 59.0 62.0 103.0 88.0 166.0 74.0 119.0 102.0 53.0 75.0 101.0 47.0 95.0 45.0 52.0 76.0 95.0
285 43.0 50.0 51.0 64.0 77.0 52.0 44.0 47.0 54.0 73.0 90.0 83.0 56.0 64.0 84.0 57.0 45.0 87.0 88.0 98.0 76.0 94.0 60.0 53.0 76.0 96.0 46.0 89.0 38.0 41.0 72.0 85.0
288 46.0 62.0 44.0 62.0 71.0 46.0 58.0 58.0 62.0 84.0 97.0 56.0 59.0 48.0 75.0 56.0 45.0 66.0 67.0 89.0 68.0 95.0 58.0 57.0 59.0 122.0 45.0 82.0 37.0 58.0 74.0 79.0
291 31.0 46.0 48.0 79.0 61.0 55.0 48.0 47.0 65.0 73.0 74.0 53.0 62.0 62.0 74.0 56.0 67.0 66.0 65.0 89.0 64.0 100.0 57.0 53.0 52.0 99.0 48.0 68.0 42.0 28.0 65.0 83.0
294 42.0 37.0 35.0 47.0 65.0 60.0 48.0 53.0 70.0 74.0 85.0 45.0 71.0 50.0 66.0 42.0 34.0 50.0 86.0 87.0 57.0 90.0 63.0 52.0 68.0 97.0 45.0 90.0 30.0 46.0 53.0 82.0
297 40.0 42.0 38.0 59.0 70.0 32.0 26.0 46.0 47.0 66.0 73.0 47.0 55.0 44.0 68.0 42.0 25.0 68.0 72.0 82.0 49.0 89.0 51.0 56.0 47.0 108.0 38.0 56.0 16.0 34.0 55.0 81.0
300 26.0 28.0 18.0 58.0 53.0 27.0 21.0 40.0 51.0 65.0 60.0 61.0 53.0 25.0 57.0 35.0 25.0 67.0 65.0 72.0 47.0 94.0 65.0 39.0 49.0 89.0 22.0 76.0 15.0 23.0 48.0 73.0
303 12.0 34.0 24.0 37.0 52.0 26.0 16.0 48.0 39.0 46.0 68.0 56.0 49.0 23.0 43.0 17.0 14.0 61.0 68.0 73.0 52.0 80.0 60.0 36.0 36.0 97.0 17.0 79.0 13.0 13.0 36.0 66.0
306 4.0 18.0 12.0 43.0 49.0 13.0 14.0 30.0 16.0 50.0 62.0 41.0 47.0 9.0 29.0 13.0 5.0 70.0 65.0 71.0 46.0 64.0 43.0 17.0 35.0 86.0 9.0 55.0 1.0 6.0 26.0 61.0
309 2.0 15.0 7.0 29.0 41.0 2.0 4.0 17.0 16.0 34.0 61.0 28.0 46.0 6.0 26.0 7.0 1.0 54.0 60.0 69.0 36.0 57.0 35.0 15.0 22.0 62.0 2.0 54.0 2.0 3.0 14.0 47.0
312 2.0 4.0 2.0 14.0 29.0 1.0 5.0 11.0 6.0 13.0 36.0 19.0 31.0 2.0 9.0 4.0 2.0 49.0 56.0 66.0 19.0 41.0 29.0 8.0 7.0 65.0 1.0 43.0 1.0 1.0 11.0 35.0
315 3.0 5.0 2.0 8.0 14.0 4.0 4.0 12.0 3.0 4.0 27.0 21.0 17.0 0.0 8.0 2.0 5.0 42.0 38.0 50.0 21.0 21.0 20.0 4.0 7.0 43.0 4.0 29.0 3.0 8.0 5.0 31.0
318 1.0 2.0 0.0 7.0 6.0 0.0 0.0 4.0 2.0 4.0 20.0 12.0 14.0 1.0 2.0 1.0 2.0 28.0 16.0 46.0 12.0 6.0 11.0 1.0 1.0 25.0 3.0 16.0 2.0 0.0 3.0 14.0
321 2.0 8.0 5.0 6.0 6.0 7.0 3.0 2.0 7.0 2.0 6.0 6.0 6.0 2.0 2.0 5.0 2.0 23.0 12.0 39.0 7.0 7.0 5.0 5.0 3.0 11.0 2.0 6.0 0.0 4.0 6.0 9.0
324 1.0 3.0 1.0 3.0 5.0 3.0 3.0 3.0 5.0 6.0 6.0 4.0 3.0 2.0 1.0 2.0 2.0 7.0 7.0 28.0 4.0 4.0 5.0 1.0 4.0 9.0 2.0 11.0 0.0 3.0 6.0 6.0
327 0.0 0.0 0.0 3.0 0.0 1.0 0.0 4.0 2.0 5.0 1.0 3.0 3.0 0.0 3.0 1.0 3.0 3.0 4.0 11.0 3.0 1.0 1.0 2.0 4.0 1.0 3.0 5.0 1.0 3.0 1.0 3.0
330 2.0 0.0 4.0 3.0 6.0 1.0 6.0 3.0 2.0 2.0 2.0 5.0 4.0 5.0 4.0 3.0 4.0 5.0 6.0 6.0 3.0 2.0 7.0 1.0 2.0 3.0 1.0 5.0 3.0 1.0 6.0 7.0
333 3.0 1.0 2.0 1.0 1.0 2.0 1.0 2.0 2.0 4.0 5.0 1.0 1.0 1.0 2.0 0.0 0.0 6.0 4.0 4.0 6.0 3.0 3.0 0.0 1.0 5.0 3.0 4.0 2.0 1.0 2.0 6.0
336 4.0 0.0 6.0 6.0 9.0 4.0 2.0 5.0 2.0 2.0 2.0 1.0 2.0 4.0 6.0 2.0 0.0 4.0 8.0 6.0 3.0 4.0 4.0 0.0 7.0 3.0 4.0 3.0 2.0 6.0 3.0 6.0
339 0.0 2.0 3.0 2.0 1.0 0.0 1.0 2.0 2.0 2.0 1.0 3.0 1.0 0.0 3.0 2.0 2.0 1.0 3.0 0.0 3.0 3.0 4.0 2.0 2.0 5.0 0.0 0.0 2.0 2.0 1.0 1.0
342 2.0 0.0 1.0 5.0 3.0 0.0 2.0 2.0 2.0 3.0 4.0 3.0 1.0 3.0 3.0 2.0 2.0 2.0 2.0 2.0 4.0 5.0 6.0 1.0 2.0 2.0 4.0 2.0 0.0 2.0 1.0 2.0
345 1.0 2.0 2.0 4.0 3.0 1.0 2.0 4.0 2.0 0.0 0.0 2.0 2.0 2.0 2.0 2.0 2.0 3.0 1.0 5.0 2.0 3.0 5.0 3.0 2.0 5.0 2.0 3.0 3.0 4.0 1.0 6.0
348 1.0 0.0 0.0 0.0 1.0 1.0 1.0 2.0 1.0 1.0 1.0 1.0 2.0 1.0 3.0 0.0 0.0 0.0 1.0 4.0 1.0 2.0 3.0 0.0 2.0 3.0 0.0 4.0 0.0 0.0 2.0 4.0
351 0.0 1.0 1.0 5.0 2.0 2.0 3.0 2.0 3.0 3.0 3.0 1.0 2.0 1.0 2.0 2.0 2.0 8.0 3.0 2.0 3.0 4.0 8.0 0.0 2.0 2.0 1.0 6.0 0.0 2.0 3.0 3.0
354 1.0 1.0 1.0 1.0 0.0 0.0 0.0 0.0 0.0 0.0 2.0 1.0 1.0 1.0 1.0 0.0 1.0 4.0 2.0 3.0 1.0 0.0 0.0 2.0 1.0 3.0 0.0 3.0 0.0 2.0 1.0 2.0
357 3.0 1.0 3.0 1.0 4.0 3.0 1.0 2.0 1.0 1.0 4.0 5.0 4.0 2.0 1.0 0.0 4.0 3.0 1.0 4.0 2.0 2.0 2.0 3.0 1.0 3.0 2.0 5.0 0.0 4.0 3.0 6.0
