150 22093.0 17616.0 24381.0 18514.0 22446.0 20041.0 23278.0 14512.0 16623.0 17644.0 14354.0 18502.0 18222.0 15847.0 21904.0 16306.0 19908.0 21721.0 22310.0 17871.0 17062.0 16512.0 23314.0 27295.0 14184.0 17589.0 17654.0 21368.0 51872.0 26791.0 21152.0 20643.0
153 18081350.0 18076782.0 18067808.0 18054488.0 18070015.0 18061115.0 18064240.0 18066334.0 18067479.0 18061291.0 18071110.0 18057006.0 18064966.0 18065287.0 18066942.0 18060948.0 18065659.0 18056132.0 18066825.0 18068712.0 18063549.0 18071421.0 18048872.0 18062575.0 18062067.0 18068866.0 18061248.0 18066708.0 18029136.0 18062566.0 18067026.0 18067264.0
156 18171663.0 18166147.0 18160698.0 18144290.0 18158989.0 18148741.0 18156519.0 18150540.0 18156428.0 18148464.0 18158365.0 18146114.0 18156311.0 18158111.0 18157701.0 18148757.0 18157016.0 18153014.0 18156150.0 18155296.0 18149595.0 18155472.0 18138385.0 18151794.0 18147837.0 18154599.0 18147610.0 18154712.0 18140283.0 18152972.0 18154651.0 18155694.0
159 18517688.0 18510767.0 18503234.0 18488621.0 18501521.0 18491832.0 18498000.0 18493188.0 18497077.0 18491467.0 18498271.0 18489610.0 18496884.0 18496890.0 18497766.0 18491959.0 18497367.0 18493693.0 18496649.0 18496343.0 18492821.0 18496612.0 18485861.0 18494676.0 18492110.0 18497006.0 18491856.0 18496910.0 18486829.0 18496880.0 18497965.0 18499089.0
162 18816355.0 18812043.0 18809034.0 18799479.0 18807567.0 18801603.0 18806051.0 18802234.0 18805046.0 18801330.0 18805438.0 18800176.0 18804612.0 18804287.0 18805451.0 18801475.0 18804924.0 18802970.0 18804914.0 18804648.0 18802119.0 18804549.0 18798118.0 18804053.0 18801808.0 18804972.0 18801792.0 18805510.0 18799167.0 18805712.0 18806210.0 18806953.0
165 19100603.0 19098147.0 19097016.0 19090850.0 19095817.0 19092213.0 19094503.0 19092792.0 19094118.0 19092172.0 19094296.0 19091466.0 19093870.0 19093474.0 19094305.0 19092325.0 19093828.0 19092710.0 19093747.0 19093832.0 19092565.0 19093688.0 19090383.0 19093582.0 19092564.0 19093990.0 19092560.0 19094531.0 19090324.0 19094638.0 19094895.0 19095293.0
168 19331940.0 19329993.0 19329282.0 19324666.0 19328129.0 19324907.0 19327127.0 19325190.0 19326500.0 19325038.0 19326678.0 19324874.0 19326582.0 19326171.0 19326918.0 19324955.0 19326494.0 19325652.0 19326263.0 19326296.0 19324989.0 19326128.0 19324448.0 19326206.0 19324982.0 19326441.0 19324985.0 19327040.0 19323409.0 19327545.0 19327451.0 19327833.0
171 19657135.0 19656341.0 19656608.0 19653214.0 19655734.0 19653280.0 19655599.0 19653266.0 19655343.0 19653247.0 19655407.0 19653082.0 19655488.0 19655774.0 19656195.0 19652831.0 19655605.0 19655269.0 19655420.0 19655162.0 19653008.0 19654891.0 19652145.0 19654969.0 19652730.0 19654674.0 19652755.0 19655236.0 19651136.0 19655472.0 19655247.0 19655372.0
174 19878102.0 19877445.0 19877773.0 19875555.0 19876674.0 19875654.0 19876309.0 19875889.0 19876308.0 19877002.0 19876467.0 19876574.0 19876496.0 19876713.0 19877314.0 19876789.0 19876550.0 19876241.0 19876119.0 19875945.0 19876234.0 19875354.0 19873623.0 19875297.0 19874580.0 19875020.0 19874359.0 19875435.0 19871718.0 19875391.0 19875209.0 19875405.0
177 19823939.0 19822952.0 19818390.0 19799885.0 19812510.0 19784499.0 19811571.0 19790008.0 19810479.0 19792009.0 19812651.0 19790964.0 19813310.0 19814745.0 19812647.0 19800045.0 19811449.0 19810912.0 19805511.0 19805374.0 19789107.0 19802801.0 19788451.0 19798998.0 19790621.0 19799848.0 19783375.0 19797423.0 19777823.0 19799292.0 19800867.0 19801405.0
180 15628011.0 15750808.0 15547175.0 14993960.0 15273812.0 14457282.0 15369177.0 14609733.0 15298591.0 14655035.0 15340765.0 14624141.0 15357319.0 15513051.0 15097273.0 15022487.0 15246163.0 15468569.0 15090697.0 15057139.0 14593784.0 15069422.0 14763270.0 14875570.0 14818753.0 14962061.0 14469143.0 14801474.0 14536904.0 14954975.0 15075600.0 15133641.0
183 6854774.0 7058263.0 6978870.0 7322523.0 6747484.0 6526331.0 6951576.0 6786616.0 6968359.0 6903003.0 7064346.0 6788324.0 7153791.0 7421184.0 6849043.0 7464003.0 7042289.0 7426372.0 6821431.0 6771331.0 6623534.0 6791107.0 6985777.0 6536256.0 7077040.0 6586591.0 6384895.0 6350487.0 6562625.0 6552176.0 6664118.0 6679164.0
186 4154256.0 4330258.0 4276776.0 4654421.0 4060560.0 3999620.0 4242215.0 4224011.0 4235793.0 4350763.0 4308692.0 4216118.0 4385596.0 4615613.0 4133194.0 4828865.0 4288837.0 4640359.0 4106279.0 4066596.0 4100348.0 4086619.0 4442623.0 3872746.0 4554088.0 3890965.0 3931069.0 3679912.0 4140853.0 3865803.0 3955725.0 3937915.0
189 299254.0 336920.0 350795.0 355364.0 266539.0 243452.0 350442.0 238753.0 313705.0 284320.0 309821.0 256699.0 334770.0 383274.0 294769.0 374960.0 320262.0 448624.0 311680.0 266402.0 253332.0 274975.0 327350.0 255632.0 307757.0 246673.0 228970.0 232181.0 514200.0 274518.0 273778.0 262746.0
192 186582.0 174492.0 209549.0 213624.0 172469.0 192149.0 237837.0 157563.0 190341.0 177265.0 167593.0 175075.0 177556.0 197297.0 184271.0 198465.0 195269.0 259517.0 233134.0 166400.0 177058.0 177390.0 211289.0 184362.0 188781.0 167425.0 172995.0 183508.0 472680.0 197790.0 178241.0 181798.0
195 181292.0 157262.0 197616.0 178950.0 168233.0 187318.0 227287.0 146201.0 177451.0 155380.0 150953.0 165498.0 159215.0 168028.0 174811.0 164034.0 184995.0 225660.0 227743.0 155817.0 165084.0 166222.0 187882.0 178970.0 160469.0 160032.0 164820.0 180676.0 465442.0 190112.0 164025.0 173334.0
198 181375.0 157427.0 197784.0 177882.0 168126.0 186758.0 227341.0 146296.0 177790.0 154409.0 150471.0 164560.0 159663.0 167158.0 176747.0 161524.0 184771.0 222134.0 225733.0 155698.0 165923.0 165733.0 186478.0 179329.0 158527.0 160320.0 163955.0 179305.0 464086.0 189528.0 163306.0 172771.0
201 180257.0 156848.0 197527.0 177777.0 167683.0 184901.0 226181.0 146897.0 177742.0 153437.0 150544.0 164938.0 158898.0 167117.0 176494.0 161727.0 188876.0 221154.0 224925.0 156056.0 165174.0 165444.0 187067.0 178641.0 159223.0 159915.0 163020.0 179848.0 463307.0 189224.0 163004.0 172227.0
204 180129.0 157027.0 196945.0 176820.0 167956.0 184427.0 225011.0 144801.0 177151.0 153700.0 149387.0 163517.0 158390.0 166894.0 175931.0 161094.0 185448.0 223987.0 224027.0 155116.0 163472.0 164322.0 185823.0 177587.0 157063.0 157888.0 162675.0 178581.0 453198.0 188841.0 163105.0 171319.0
207 178564.0 155997.0 195517.0 176651.0 166993.0 181389.0 223926.0 143314.0 175299.0 152506.0 148334.0 163240.0 157599.0 166746.0 174910.0 159282.0 182428.0 222682.0 220072.0 154828.0 161811.0 163571.0 185699.0 178133.0 155336.0 156570.0 159368.0 176333.0 445716.0 187215.0 161374.0 171055.0
210 171294.0 153302.0 193920.0 174741.0 163601.0 169182.0 219195.0 131404.0 169821.0 149976.0 143247.0 160325.0 156207.0 163451.0 171812.0 156031.0 182098.0 223338.0 210148.0 151242.0 150823.0 154893.0 184802.0 174560.0 146930.0 146819.0 145769.0 166847.0 420159.0 183854.0 158357.0 167638.0
213 141459.0 139152.0 188019.0 171374.0 152509.0 129454.0 195882.0 96431.0 145655.0 135828.0 120475.0 150424.0 149886.0 153717.0 154776.0 140583.0 160384.0 211570.0 170019.0 138895.0 116002.0 122988.0 179244.0 163562.0 116622.0 115818.0 105105.0 131217.0 326554.0 169462.0 145552.0 153039.0
216 81015.0 101391.0 163755.0 157307.0 116915.0 66544.0 137989.0 45997.0 92856.0 101273.0 73846.0 118653.0 128315.0 121515.0 109448.0 102733.0 108930.0 172641.0 97571.0 105486.0 61695.0 70935.0 159906.0 132369.0 66867.0 64656.0 50891.0 71511.0 160909.0 133263.0 111786.0 116676.0
219 24736.0 42147.0 97528.0 109158.0 52712.0 18824.0 57036.0 11637.0 31092.0 45088.0 24520.0 57439.0 73482.0 61652.0 44989.0 43521.0 40827.0 95898.0 28832.0 46687.0 17615.0 22476.0 105090.0 70261.0 20973.0 19739.0 13697.0 20970.0 42457.0 66450.0 54417.0 56184.0
222 7802.0 11018.0 33304.0 45301.0 14576.0 7144.0 17307.0 4847.0 8797.0 12788.0 6874.0 16152.0 24441.0 19137.0 12539.0 11893.0 11337.0 31825.0 9764.0 12969.0 6161.0 7024.0 40564.0 23009.0 6713.0 6502.0 5535.0 7264.0 18370.0 19885.0 15814.0 16553.0
225 5371.0 4892.0 8303.0 10335.0 5668.0 5560.0 7936.0 3794.0 5509.0 5061.0 4471.0 5819.0 6436.0 6041.0 5642.0 5354.0 5952.0 9025.0 7010.0 5122.0 4647.0 4938.0 9738.0 6938.0 4536.0 4502.0 4292.0 5275.0 14547.0 6819.0 5676.0 6042.0
228 4779.0 4358.0 6245.0 5977.0 4878.0 4942.0 6777.0 3492.0 5068.0 4268.0 3920.0 4865.0 4917.0 4859.0 5020.0 4711.0 5241.0 6913.0 6518.0 4383.0 4070.0 4402.0 6251.0 5451.0 4041.0 4078.0 3989.0 4750.0 13411.0 5668.0 4735.0 5256.0
231 4011.0 3781.0 5618.0 5329.0 4426.0 4367.0 6211.0 2916.0 4194.0 3920.0 3462.0 4487.0 4478.0 4504.0 4473.0 4126.0 4696.0 6281.0 5525.0 3916.0 3628.0 3826.0 5581.0 4820.0 3537.0 3412.0 3411.0 4279.0 11831.0 4926.0 4201.0 4591.0
234 3644.0 3419.0 4966.0 4892.0 3987.0 3813.0 5469.0 2548.0 3828.0 3442.0 2981.0 3807.0 3850.0 4015.0 3849.0 3686.0 4150.0 5680.0 5156.0 3547.0 3246.0 3328.0 4960.0 4343.0 3129.0 3175.0 2978.0 3753.0 10663.0 4400.0 3709.0 4180.0
237 3303.0 3004.0 4421.0 4405.0 3467.0 3624.0 4944.0 2452.0 3612.0 3046.0 2635.0 3463.0 3367.0 3467.0 3491.0 3380.0 3733.0 5002.0 4767.0 3050.0 2929.0 3185.0 4442.0 3828.0 2856.0 2725.0 2830.0 3463.0 10065.0 3968.0 3419.0 3743.0
240 3212.0 2861.0 3958.0 3854.0 3372.0 3470.0 4614.0 2335.0 3346.0 2835.0 2547.0 3148.0 3127.0 3207.0 3256.0 3037.0 3348.0 4636.0 4679.0 2861.0 2831.0 3045.0 4011.0 3598.0 2693.0 2786.0 2663.0 3294.0 9565.0 3680.0 3086.0 3542.0
243 3053.0 2739.0 3899.0 3587.0 3281.0 3379.0 4598.0 2173.0 3144.0 2717.0 2445.0 3122.0 3124.0 3107.0 3149.0 2986.0 3369.0 4257.0 4622.0 2848.0 2771.0 2904.0 3835.0 3455.0 2618.0 2563.0 2553.0 3263.0 9391.0 3584.0 2979.0 3412.0
246 3011.0 2602.0 3748.0 3567.0 3110.0 3198.0 4431.0 2195.0 3176.0 2655.0 2399.0 3114.0 2973.0 3016.0 3173.0 2874.0 3308.0 4210.0 4420.0 2774.0 2671.0 2832.0 3697.0 3309.0 2600.0 2505.0 2515.0 3229.0 9002.0 3506.0 2920.0 3295.0
249 2901.0 2519.0 3650.0 3555.0 3016.0 3200.0 4317.0 2136.0 2954.0 2571.0 2452.0 3000.0 2840.0 2994.0 2902.0 2811.0 3227.0 4276.0 4121.0 2629.0 2619.0 2709.0 3551.0 3226.0 2431.0 2543.0 2343.0 3055.0 8551.0 3403.0 2850.0 3284.0
252 2725.0 2477.0 3539.0 3403.0 2926.0 2893.0 4197.0 1858.0 2921.0 2463.0 2238.0 2846.0 2835.0 2927.0 2850.0 2611.0 3084.0 4110.0 4097.0 2534.0 2459.0 2578.0 3515.0 3261.0 2419.0 2350.0 2250.0 2903.0 7889.0 3398.0 2696.0 3178.0
255 2536.0 2338.0 3403.0 3390.0 2916.0 2542.0 3791.0 1463.0 2589.0 2396.0 2033.0 2705.0 2679.0 2695.0 2774.0 2479.0 2959.0 3733.0 3306.0 2419.0 2003.0 2228.0 3395.0 3127.0 2022.0 2098.0 1817.0 2546.0 6418.0 3151.0 2659.0 2970.0
258 2042.0 2133.0 3231.0 3190.0 2668.0 2067.0 3411.0 1068.0 2210.0 2151.0 1681.0 2596.0 2630.0 2602.0 2475.0 2237.0 2509.0 3578.0 2758.0 2241.0 1576.0 1799.0 3158.0 3030.0 1539.0 1638.0 1311.0 2159.0 5011.0 2956.0 2474.0 2729.0
261 1453.0 1699.0 3002.0 3021.0 2342.0 1251.0 2557.0 585.0 1400.0 1784.0 1130.0 2261.0 2326.0 2133.0 2043.0 1811.0 1969.0 3145.0 1722.0 1820.0 985.0 1096.0 3040.0 2582.0 960.0 1032.0 693.0 1367.0 2664.0 2604.0 2131.0 2244.0
264 725.0 1083.0 2436.0 2611.0 1768.0 586.0 1578.0 233.0 825.0 1209.0 576.0 1632.0 1857.0 1523.0 1442.0 1230.0 1282.0 2461.0 782.0 1411.0 454.0 538.0 2662.0 2168.0 430.0 533.0 269.0 643.0 1172.0 2033.0 1474.0 1640.0
267 290.0 523.0 1637.0 1860.0 893.0 210.0 777.0 92.0 325.0 611.0 212.0 883.0 1199.0 861.0 702.0 550.0 543.0 1529.0 324.0 680.0 166.0 236.0 1907.0 1474.0 160.0 185.0 133.0 244.0 440.0 1255.0 856.0 914.0
270 112.0 186.0 806.0 1046.0 344.0 137.0 354.0 72.0 134.0 235.0 117.0 372.0 623.0 357.0 279.0 234.0 200.0 665.0 178.0 293.0 96.0 122.0 1122.0 735.0 105.0 117.0 88.0 137.0 326.0 583.0 354.0 368.0
273 104.0 102.0 257.0 411.0 147.0 105.0 180.0 53.0 100.0 92.0 83.0 155.0 238.0 148.0 124.0 118.0 118.0 239.0 165.0 120.0 104.0 99.0 451.0 309.0 81.0 81.0 87.0 110.0 333.0 218.0 157.0 204.0
276 98.0 85.0 176.0 224.0 115.0 117.0 179.0 71.0 110.0 94.0 79.0 121.0 144.0 121.0 112.0 100.0 108.0 145.0 146.0 101.0 82.0 84.0 212.0 144.0 89.0 82.0 65.0 106.0 283.0 148.0 100.0 140.0
279 76.0 82.0 129.0 134.0 115.0 103.0 137.0 52.0 98.0 83.0 78.0 105.0 101.0 110.0 100.0 98.0 103.0 157.0 128.0 90.0 62.0 95.0 142.0 102.0 65.0 76.0 78.0 96.0 242.0 124.0 100.0 126.0
282 97.0 55.0 106.0 140.0 103.0 95.0 141.0 42.0 95.0 101.0 70.0 92.0 104.0 104.0 83.0 85.0 83.0 138.0 118.0 81.0 65.0 85.0 111.0 101.0 69.0 65.0 86.0 86.0 243.0 136.0 89.0 120.0
285 83.0 82.0 104.0 107.0 82.0 106.0 126.0 50.0 73.0 58.0 51.0 79.0 94.0 77.0 85.0 63.0 97.0 122.0 128.0 65.0 55.0 80.0 101.0 120.0 63.0 59.0 61.0 88.0 235.0 88.0 79.0 106.0
288 81.0 58.0 105.0 102.0 107.0 82.0 120.0 56.0 80.0 62.0 56.0 73.0 72.0 83.0 81.0 74.0 83.0 118.0 113.0 77.0 59.0 85.0 87.0 112.0 51.0 70.0 56.0 92.0 227.0 82.0 64.0 103.0
291 79.0 67.0 88.0 104.0 86.0 83.0 122.0 48.0 99.0 70.0 46.0 87.0 82.0 73.0 78.0 75.0 85.0 119.0 92.0 55.0 65.0 71.0 106.0 89.0 62.0 65.0 60.0 84.0 223.0 85.0 77.0 93.0
294 70.0 50.0 83.0 117.0 48.0 83.0 128.0 34.0 68.0 76.0 48.0 71.0 75.0 72.0 82.0 65.0 70.0 101.0 100.0 90.0 60.0 67.0 98.0 83.0 59.0 53.0 48.0 72.0 169.0 88.0 64.0 82.0
297 54.0 62.0 82.0 82.0 80.0 72.0 110.0 25.0 84.0 62.0 51.0 72.0 65.0 82.0 59.0 61.0 86.0 92.0 97.0 69.0 57.0 59.0 105.0 76.0 44.0 37.0 44.0 63.0 166.0 70.0 62.0 83.0
300 54.0 44.0 83.0 97.0 57.0 57.0 96.0 33.0 55.0 62.0 37.0 76.0 65.0 70.0 68.0 57.0 70.0 80.0 77.0 69.0 50.0 49.0 111.0 83.0 50.0 42.0 35.0 67.0 140.0 74.0 81.0 83.0
303 43.0 44.0 91.0 90.0 64.0 49.0 70.0 13.0 37.0 42.0 28.0 55.0 66.0 59.0 59.0 36.0 51.0 94.0 56.0 45.0 29.0 39.0 94.0 83.0 29.0 22.0 21.0 48.0 84.0 63.0 60.0 66.0
306 25.0 33.0 84.0 81.0 51.0 15.0 56.0 6.0 29.0 27.0 17.0 48.0 73.0 60.0 43.0 37.0 44.0 69.0 38.0 39.0 14.0 15.0 79.0 66.0 14.0 19.0 13.0 40.0 39.0 52.0 46.0 55.0
309 13.0 21.0 68.0 84.0 30.0 11.0 50.0 2.0 16.0 21.0 7.0 38.0 46.0 43.0 24.0 32.0 24.0 66.0 9.0 23.0 4.0 13.0 70.0 51.0 5.0 8.0 4.0 20.0 16.0 60.0 40.0 38.0
312 12.0 15.0 45.0 55.0 27.0 10.0 18.0 6.0 4.0 15.0 7.0 33.0 33.0 16.0 14.0 22.0 9.0 41.0 11.0 18.0 2.0 3.0 71.0 46.0 3.0 6.0 4.0 12.0 18.0 29.0 27.0 35.0
315 6.0 5.0 29.0 36.0 20.0 5.0 10.0 3.0 2.0 5.0 4.0 15.0 20.0 12.0 11.0 11.0 10.0 37.0 3.0 11.0 1.0 2.0 42.0 23.0 4.0 4.0 4.0 7.0 13.0 23.0 15.0 19.0
318 3.0 3.0 17.0 26.0 9.0 8.0 6.0 3.0 6.0 3.0 5.0 9.0 11.0 7.0 11.0 6.0 5.0 13.0 6.0 5.0 5.0 3.0 25.0 15.0 4.0 2.0 6.0 4.0 10.0 8.0 6.0 14.0
321 1.0 4.0 7.0 14.0 5.0 0.0 4.0 1.0 5.0 0.0 1.0 3.0 3.0 7.0 3.0 5.0 6.0 10.0 8.0 7.0 3.0 6.0 12.0 9.0 5.0 3.0 4.0 2.0 4.0 5.0 3.0 5.0
324 3.0 4.0 4.0 2.0 5.0 4.0 7.0 1.0 4.0 3.0 0.0 2.0 0.0 4.0 1.0 4.0 4.0 4.0 4.0 2.0 1.0 2.0 7.0 5.0 2.0 0.0 11.0 6.0 8.0 7.0 3.0 4.0
327 6.0 6.0 4.0 3.0 3.0 1.0 9.0 0.0 5.0 2.0 1.0 3.0 4.0 3.0 3.0 7.0 1.0 5.0 1.0 2.0 1.0 4.0 9.0 3.0 2.0 3.0 3.0 3.0 12.0 6.0 4.0 3.0
330 1.0 0.0 6.0 6.0 2.0 2.0 4.0 0.0 5.0 2.0 2.0 2.0 2.0 3.0 4.0 1.0 0.0 4.0 4.0 6.0 2.0 2.0 2.0 5.0 2.0 1.0 3.0 4.0 6.0 1.0 3.0 4.0
333 2.0 2.0 4.0 6.0 5.0 3.0 10.0 1.0 3.0 1.0 4.0 4.0 4.0 2.0 0.0 3.0 3.0 4.0 2.0 3.0 2.0 2.0 4.0 1.0 2.0 1.0 3.0 4.0 4.0 3.0 7.0 4.0
336 2.0 1.0 5.0 1.0 3.0 5.0 4.0 0.0 2.0 5.0 1.0 1.0 0.0 3.0 2.0 2.0 1.0 8.0 3.0 1.0 2.0 0.0 3.0 3.0 2.0 3.0 1.0 1.0 3.0 3.0 5.0 8.0
339 4.0 1.0 1.0 5.0 1.0 6.0 4.0 0.0 1.0 5.0 1.0 3.0 5.0 2.0 3.0 2.0 7.0 8.0 2.0 1.0 2.0 1.0 2.0 4.0 1.0 2.0 1.0 1.0 4.0 1.0 2.0 0.0
342 6.0 2.0 1.0 3.0 2.0 4.0 2.0 0.0 2.0 2.0 3.0 3.0 5.0 3.0 2.0 4.0 3.0 5.0 3.0 2.0 4.0 0.0 3.0 1.0 1.0 0.0 0.0 4.0 3.0 1.0 3.0 3.0
345 1.0 0.0 1.0 5.0 3.0 3.0 1.0 0.0 1.0 1.0 1.0 1.0 2.0 4.0 0.0 1.0 1.0 4.0 1.0 2.0 3.0 2.0 1.0 0.0 1.0 0.0 0.0 3.0 1.0 4.0 4.0 5.0
348 0.0 1.0 6.0 2.0 4.0 0.0 2.0 0.0 2.0 2.0 1.0 0.0 2.0 2.0 5.0 1.0 2.0 3.0 0.0 4.0 1.0 2.0 1.0 1.0 1.0 3.0 1.0 3.0 5.0 4.0 2.0 0.0
351 0.0 1.0 1.0 1.0 2.0 1.0 2.0 0.0 3.0 3.0 1.0 5.0 0.0 1.0 0.0 1.0 1.0 2.0 1.0 1.0 0.0 1.0 4.0 5.0 0.0 0.0 0.0 0.0 0.0 1.0 0.0 2.0
354 1.0 0.0 2.0 3.0 3.0 1.0 1.0 0.0 1.0 1.0 2.0 4.0 0.0 3.0 2.0 1.0 0.0 2.0 0.0 0.0 0.0 0.0 5.0 3.0 0.0 1.0 0.0 3.0 2.0 9.0 1.0 1.0
357 0.0 0.0 0.0 1.0 3.0 0.0 1.0 1.0 0.0 0.0 2.0 1.0 0.0 1.0 0.0 1.0 0.0 2.0 0.0 1.0 0.0 2.0 1.0 2.0 0.0 0.0 0.0 2.0 2.0 1.0 1.0 1.0
