150 17334023.0 17338922.0 17328556.0 17307789.0 17322441.0 17304784.0 17316839.0 17301480.0 17312646.0 17301940.0 17316972.0 17300872.0 17314497.0 17317224.0 17312625.0 17297404.0 17317393.0 17309720.0 17313150.0 17313160.0 17300646.0 17308125.0 17291929.0 17305479.0 17287445.0 17307584.0 17294786.0 17304637.0 17287100.0 17302192.0 17318615.0 17321378.0
153 18599343.0 18598858.0 18595536.0 18583778.0 18593606.0 18582760.0 18591788.0 18583007.0 18590035.0 18579842.0 18591102.0 18584498.0 18588791.0 18590476.0 18588990.0 18580298.0 18591297.0 18591039.0 18590501.0 18590610.0 18582990.0 18587933.0 18580565.0 18588221.0 18580448.0 18589533.0 18580872.0 18588693.0 18574430.0 18587695.0 18592204.0 18595119.0
156 18880837.0 18879510.0 18870784.0 18840485.0 18864334.0 18838505.0 18859161.0 18838803.0 18853732.0 18833426.0 18852263.0 18841515.0 18851646.0 18853863.0 18852608.0 18835854.0 18856308.0 18856598.0 18853789.0 18852685.0 18838600.0 18847165.0 18836476.0 18849599.0 18837336.0 18851214.0 18836145.0 18848137.0 18830011.0 18851555.0 18856022.0 18861487.0
159 19156796.0 19154563.0 19149802.0 19129822.0 19145478.0 19128792.0 19142919.0 19129388.0 19139983.0 19124927.0 19139027.0 19131473.0 19138281.0 19140114.0 19139805.0 19126365.0 19142201.0 19143133.0 19140740.0 19140862.0 19129650.0 19136674.0 19127616.0 19138187.0 19128352.0 19139027.0 19127670.0 19137643.0 19121967.0 19140363.0 19142802.0 19145908.0
162 19362454.0 19361212.0 19357714.0 19343291.0 19354504.0 19342581.0 19352383.0 19343099.0 19350577.0 19339753.0 19350679.0 19344430.0 19349177.0 19350153.0 19349704.0 19340242.0 19351417.0 19352191.0 19350550.0 19351065.0 19343297.0 19348125.0 19341902.0 19349319.0 19342319.0 19349828.0 19342119.0 19349239.0 19337876.0 19350760.0 19352874.0 19354098.0
165 19470831.0 19470204.0 19467871.0 19458390.0 19465946.0 19457445.0 19464490.0 19457682.0 19463639.0 19455377.0 19464720.0 19458612.0 19463108.0 19463372.0 19463137.0 19455321.0 19463862.0 19463980.0 19463189.0 19463705.0 19457786.0 19461870.0 19456598.0 19462547.0 19456941.0 19462591.0 19456836.0 19462468.0 19454121.0 19464228.0 19465266.0 19465346.0
168 19652219.0 19652001.0 19650154.0 19643548.0 19647762.0 19643020.0 19646486.0 19643207.0 19645632.0 19641860.0 19647490.0 19644148.0 19646102.0 19645377.0 19645882.0 19641229.0 19645265.0 19644953.0 19644579.0 19645162.0 19641721.0 19644055.0 19640549.0 19643908.0 19640644.0 19643777.0 19640275.0 19643923.0 19638721.0 19644996.0 19645456.0 19645291.0
171 19596965.0 19597286.0 19595164.0 19587451.0 19590944.0 19585439.0 19589083.0 19585480.0 19587493.0 19584700.0 19589448.0 19587609.0 19588463.0 19586559.0 19587452.0 19584246.0 19586723.0 19585326.0 19584811.0 19585328.0 19581832.0 19583673.0 19581283.0 19583294.0 19581490.0 19582983.0 19579553.0 19583156.0 19579398.0 19583798.0 19584198.0 19583904.0
174 19090107.0 19060996.0 19045052.0 18939697.0 19043746.0 18910065.0 19027257.0 18906895.0 19009469.0 18913170.0 19026311.0 18963332.0 19020337.0 19003503.0 19028512.0 18966199.0 19004139.0 19014660.0 18995954.0 18992375.0 18911160.0 18975373.0 18935260.0 18976648.0 18966739.0 18976988.0 18914383.0 18973074.0 18953847.0 18986081.0 18966534.0 18989105.0
177 10811660.0 10257402.0 10127838.0 9780450.0 10316711.0 9799065.0 10235958.0 9805906.0 10175484.0 9892094.0 10459264.0 10478242.0 10329810.0 10179111.0 10539664.0 10574683.0 10212597.0 10480051.0 10248009.0 10199260.0 9666311.0 10057471.0 10088684.0 10097682.0 10644842.0 10062913.0 9706059.0 10061054.0 10377218.0 10196540.0 9821866.0 10141439.0
180 7884362.0 7560541.0 7511014.0 7575987.0 7761973.0 7692899.0 7715921.0 7666909.0 7673175.0 7760877.0 8015444.0 8458446.0 7835250.0 7671946.0 8073075.0 8590661.0 7699347.0 8018589.0 7758784.0 7694191.0 7378264.0 7554375.0 7931161.0 7582536.0 8695905.0 7520459.0 7472726.0 7541958.0 8341369.0 7643672.0 7191183.0 7549900.0
183 2903162.0 2681499.0 2646490.0 2639864.0 2801370.0 2713344.0 2756988.0 2680962.0 2723379.0 2774410.0 3025973.0 3140102.0 2809774.0 2699656.0 2986748.0 3251062.0 2711789.0 2898442.0 2748426.0 2690620.0 2525485.0 2640083.0 2821339.0 2644040.0 3307664.0 2603112.0 2592829.0 2621140.0 3150230.0 2689390.0 2422514.0 2628491.0
186 310856.0 248034.0 234540.0 253625.0 284536.0 255623.0 247426.0 265485.0 254831.0 308781.0 443468.0 314979.0 277577.0 233093.0 305494.0 323991.0 242915.0 247122.0 245494.0 240142.0 231624.0 252922.0 241614.0 227759.0 304295.0 218119.0 228959.0 235827.0 335503.0 235124.0 214809.0 237051.0
189 242418.0 209076.0 200516.0 214930.0 217902.0 210232.0 190298.0 234222.0 204403.0 260315.0 344951.0 213287.0 222842.0 189426.0 221211.0 211947.0 198475.0 179396.0 195275.0 195421.0 209271.0 207131.0 195373.0 189332.0 194479.0 174956.0 207044.0 190207.0 248036.0 197761.0 193991.0 196526.0
192 239366.0 206658.0 199365.0 213530.0 212700.0 206967.0 187179.0 228718.0 201221.0 257169.0 344206.0 202834.0 220599.0 187604.0 217466.0 199652.0 196798.0 175775.0 193018.0 195048.0 208783.0 203268.0 192286.0 187989.0 177688.0 171781.0 204616.0 186262.0 234522.0 195986.0 192494.0 193607.0
195 238017.0 206508.0 199308.0 212751.0 212186.0 206045.0 187061.0 229769.0 201330.0 257322.0 339835.0 202787.0 221531.0 187992.0 217414.0 199041.0 196361.0 176120.0 191931.0 192593.0 208872.0 202932.0 191740.0 187770.0 177210.0 172086.0 205319.0 185954.0 234122.0 196335.0 193246.0 193393.0
198 237664.0 206803.0 198691.0 212688.0 211638.0 206585.0 186456.0 229866.0 200169.0 256644.0 340349.0 200010.0 220358.0 186518.0 215749.0 198887.0 196085.0 174875.0 191076.0 191748.0 207271.0 201855.0 190853.0 186726.0 176599.0 172233.0 203257.0 185383.0 223441.0 194916.0 191441.0 191915.0
201 236657.0 206199.0 197950.0 211566.0 209343.0 205206.0 185122.0 226555.0 198543.0 254623.0 337075.0 200857.0 219982.0 185929.0 216690.0 198709.0 193810.0 173537.0 188967.0 193537.0 205747.0 201246.0 189685.0 186105.0 176046.0 170432.0 202258.0 184781.0 222568.0 193582.0 191365.0 189902.0
204 229128.0 204307.0 196080.0 210000.0 206615.0 203870.0 181337.0 222879.0 197715.0 252754.0 333062.0 197715.0 218273.0 185110.0 214768.0 197581.0 186967.0 165230.0 184280.0 189858.0 200062.0 200691.0 187391.0 182931.0 174277.0 166385.0 195691.0 181530.0 235640.0 192286.0 188694.0 180973.0
207 231365.0 201454.0 190282.0 207037.0 191800.0 197339.0 167197.0 204947.0 190488.0 246756.0 327128.0 190035.0 216974.0 181280.0 212603.0 195379.0 163187.0 137229.0 160073.0 178475.0 179064.0 196178.0 175721.0 172260.0 169242.0 152801.0 172722.0 173281.0 231795.0 184215.0 176510.0 152370.0
210 214908.0 191643.0 164733.0 188145.0 139874.0 172009.0 118333.0 148422.0 159378.0 222226.0 308924.0 153536.0 209783.0 163987.0 205436.0 184440.0 101032.0 71819.0 98349.0 138351.0 120060.0 180895.0 131057.0 133881.0 147111.0 110530.0 111931.0 137856.0 214289.0 153795.0 137067.0 90173.0
213 156618.0 152009.0 98003.0 130720.0 63683.0 107075.0 49314.0 68320.0 91589.0 155232.0 241171.0 80511.0 179811.0 110995.0 176534.0 150349.0 36096.0 20516.0 33682.0 65465.0 48621.0 134797.0 59768.0 66430.0 90896.0 49978.0 41967.0 71881.0 160866.0 85166.0 70853.0 30975.0
216 67854.0 77657.0 32074.0 51969.0 17514.0 37529.0 12863.0 19835.0 29540.0 64301.0 114621.0 23290.0 111223.0 43099.0 101912.0 81240.0 10140.0 6673.0 9009.0 17860.0 13539.0 63102.0 15806.0 18715.0 30783.0 13798.0 11444.0 20952.0 83363.0 26285.0 21936.0 9063.0
219 19252.0 23709.0 9643.0 14825.0 7359.0 11189.0 6135.0 8260.0 9422.0 18362.0 32844.0 7950.0 42285.0 12119.0 33298.0 26847.0 6078.0 4953.0 5901.0 7153.0 6852.0 18670.0 6885.0 7314.0 8922.0 5964.0 6674.0 7351.0 23680.0 8565.0 8032.0 5767.0
222 8651.0 8292.0 6256.0 7619.0 5990.0 6746.0 5123.0 6823.0 6293.0 9347.0 13295.0 6072.0 12154.0 6369.0 9835.0 8829.0 5302.0 4461.0 5066.0 5904.0 5980.0 7842.0 5452.0 5802.0 5709.0 4934.0 5583.0 5514.0 9389.0 6182.0 5818.0 5068.0
225 7235.0 6553.0 5569.0 6294.0 5411.0 5916.0 4634.0 5927.0 5457.0 8120.0 10660.0 5509.0 7392.0 5552.0 7296.0 6436.0 4605.0 3797.0 4292.0 5180.0 5132.0 6194.0 4879.0 5037.0 4853.0 4337.0 5042.0 5062.0 6988.0 5461.0 5251.0 4409.0
228 6486.0 5766.0 4651.0 5823.0 4627.0 5161.0 3865.0 5150.0 4680.0 7402.0 9487.0 4867.0 6624.0 4811.0 6500.0 5696.0 3880.0 3343.0 3784.0 4596.0 4433.0 5497.0 4227.0 4371.0 4363.0 3705.0 4331.0 4367.0 6500.0 4650.0 4506.0 3899.0
231 5731.0 5077.0 4214.0 5072.0 4158.0 4706.0 3295.0 4632.0 4189.0 6490.0 8521.0 4132.0 5995.0 4271.0 6027.0 5189.0 3623.0 3067.0 3394.0 4055.0 3965.0 4845.0 3741.0 3906.0 3782.0 3366.0 4017.0 3910.0 5823.0 4141.0 4142.0 3593.0
234 5175.0 4548.0 3821.0 4610.0 3724.0 4175.0 3202.0 4269.0 3849.0 5701.0 7714.0 3823.0 5269.0 3915.0 5247.0 4617.0 3574.0 2992.0 3247.0 3908.0 3837.0 4507.0 3599.0 3608.0 3422.0 3212.0 3825.0 3478.0 5153.0 4013.0 3858.0 3386.0
237 4880.0 4246.0 3703.0 4265.0 3593.0 3916.0 3119.0 4077.0 3693.0 5709.0 7264.0 3664.0 4882.0 3702.0 4835.0 4227.0 3451.0 2920.0 3182.0 3705.0 3734.0 4262.0 3445.0 3552.0 3307.0 3144.0 3585.0 3436.0 4774.0 3809.0 3605.0 3337.0
240 4648.0 4110.0 3561.0 4234.0 3537.0 3861.0 2995.0 4070.0 3587.0 5360.0 6962.0 3503.0 4481.0 3612.0 4756.0 4049.0 3258.0 2651.0 2970.0 3653.0 3567.0 4080.0 3427.0 3377.0 3224.0 3034.0 3420.0 3419.0 4570.0 3734.0 3562.0 3207.0
243 4397.0 4083.0 3433.0 4034.0 3578.0 3750.0 2961.0 3918.0 3486.0 5123.0 6597.0 3437.0 4660.0 3615.0 4625.0 3840.0 3197.0 2598.0 2847.0 3551.0 3540.0 3999.0 3180.0 3490.0 3135.0 2904.0 3381.0 3354.0 4402.0 3627.0 3457.0 3039.0
246 4352.0 3867.0 3419.0 3961.0 3328.0 3665.0 2822.0 3719.0 3399.0 5028.0 6379.0 3399.0 4485.0 3474.0 4480.0 3874.0 3059.0 2318.0 2859.0 3387.0 3295.0 3958.0 3094.0 3361.0 3043.0 2829.0 3104.0 3173.0 4279.0 3345.0 3380.0 2945.0
249 4195.0 3800.0 3302.0 3806.0 3119.0 3471.0 2528.0 3533.0 3264.0 4797.0 6140.0 3167.0 4356.0 3322.0 4335.0 3857.0 2653.0 1973.0 2421.0 3252.0 2977.0 3894.0 2988.0 3151.0 2928.0 2677.0 2875.0 3031.0 4166.0 3333.0 3296.0 2431.0
252 4089.0 3619.0 3217.0 3704.0 2726.0 3281.0 2255.0 3051.0 3096.0 4480.0 5879.0 2961.0 4359.0 3128.0 4098.0 3620.0 2119.0 1253.0 1841.0 2894.0 2520.0 3781.0 2567.0 2857.0 2702.0 2266.0 2384.0 2742.0 3875.0 3160.0 3027.0 1867.0
255 3592.0 3450.0 2831.0 3512.0 1986.0 3013.0 1596.0 2380.0 2520.0 4235.0 5675.0 2296.0 4089.0 2958.0 4098.0 3527.0 1328.0 645.0 1091.0 2311.0 1899.0 3373.0 2091.0 2414.0 2269.0 1695.0 1556.0 2274.0 3862.0 2764.0 2617.0 1128.0
258 2109.0 2686.0 1288.0 2266.0 493.0 1566.0 340.0 665.0 1062.0 2657.0 3885.0 682.0 3474.0 1746.0 3339.0 2569.0 291.0 111.0 153.0 736.0 449.0 2241.0 489.0 754.0 890.0 457.0 353.0 722.0 2805.0 1197.0 1048.0 228.0
261 1101.0 1802.0 517.0 1205.0 183.0 792.0 167.0 260.0 431.0 1417.0 2303.0 241.0 2646.0 893.0 2450.0 1751.0 157.0 103.0 127.0 271.0 157.0 1362.0 190.0 306.0 381.0 180.0 154.0 267.0 1533.0 487.0 451.0 129.0
264 453.0 928.0 220.0 489.0 142.0 310.0 103.0 167.0 188.0 527.0 964.0 151.0 1566.0 356.0 1327.0 901.0 118.0 77.0 99.0 151.0 141.0 621.0 128.0 158.0 141.0 119.0 119.0 142.0 771.0 182.0 190.0 122.0
267 218.0 369.0 121.0 202.0 106.0 142.0 96.0 119.0 132.0 246.0 453.0 130.0 780.0 178.0 555.0 364.0 98.0 69.0 82.0 127.0 98.0 242.0 138.0 148.0 105.0 108.0 130.0 101.0 293.0 141.0 140.0 121.0
270 131.0 173.0 104.0 140.0 100.0 140.0 72.0 107.0 119.0 196.0 273.0 112.0 322.0 128.0 257.0 186.0 119.0 77.0 78.0 112.0 101.0 158.0 120.0 119.0 109.0 100.0 109.0 91.0 188.0 135.0 116.0 73.0
273 133.0 131.0 98.0 142.0 99.0 126.0 74.0 110.0 94.0 188.0 212.0 106.0 204.0 139.0 200.0 167.0 74.0 64.0 73.0 121.0 79.0 138.0 123.0 114.0 103.0 74.0 100.0 105.0 140.0 113.0 96.0 89.0
276 138.0 133.0 93.0 135.0 92.0 111.0 78.0 106.0 101.0 150.0 189.0 84.0 163.0 120.0 152.0 141.0 90.0 59.0 63.0 105.0 101.0 137.0 84.0 86.0 79.0 95.0 87.0 86.0 153.0 95.0 106.0 87.0
279 126.0 131.0 83.0 117.0 74.0 112.0 69.0 95.0 86.0 149.0 204.0 78.0 158.0 122.0 123.0 132.0 81.0 46.0 67.0 108.0 83.0 143.0 98.0 117.0 89.0 90.0 72.0 97.0 160.0 115.0 103.0 82.0
282 123.0 114.0 98.0 96.0 89.0 108.0 69.0 91.0 86.0 166.0 185.0 98.0 157.0 80.0 137.0 113.0 76.0 51.0 59.0 91.0 102.0 136.0 87.0 98.0 68.0 76.0 88.0 77.0 119.0 85.0 111.0 69.0
285 116.0 105.0 94.0 103.0 62.0 83.0 63.0 98.0 91.0 137.0 166.0 82.0 140.0 97.0 142.0 118.0 77.0 54.0 76.0 87.0 72.0 104.0 88.0 80.0 79.0 76.0 75.0 73.0 131.0 86.0 90.0 67.0
288 117.0 97.0 74.0 124.0 79.0 83.0 59.0 83.0 73.0 130.0 166.0 68.0 134.0 81.0 113.0 99.0 69.0 30.0 49.0 84.0 81.0 129.0 83.0 86.0 72.0 95.0 73.0 92.0 107.0 97.0 84.0 53.0
291 100.0 116.0 74.0 117.0 61.0 103.0 57.0 81.0 58.0 128.0 168.0 86.0 144.0 74.0 128.0 79.0 57.0 26.0 38.0 74.0 64.0 97.0 79.0 73.0 69.0 56.0 72.0 77.0 114.0 75.0 77.0 45.0
294 101.0 98.0 68.0 107.0 62.0 87.0 50.0 83.0 66.0 109.0 142.0 51.0 115.0 82.0 140.0 98.0 42.0 18.0 32.0 75.0 45.0 104.0 72.0 54.0 57.0 48.0 48.0 68.0 125.0 79.0 77.0 40.0
297 95.0 84.0 57.0 100.0 40.0 85.0 26.0 53.0 51.0 112.0 153.0 51.0 127.0 87.0 128.0 89.0 25.0 9.0 10.0 56.0 35.0 96.0 40.0 41.0 54.0 39.0 28.0 52.0 86.0 70.0 77.0 23.0
300 77.0 85.0 60.0 81.0 21.0 72.0 18.0 25.0 40.0 100.0 103.0 27.0 109.0 66.0 92.0 78.0 13.0 5.0 10.0 32.0 20.0 79.0 25.0 32.0 26.0 7.0 18.0 38.0 83.0 45.0 45.0 8.0
303 74.0 76.0 33.0 71.0 12.0 45.0 10.0 19.0 31.0 68.0 104.0 17.0 101.0 63.0 109.0 75.0 10.0 5.0 11.0 22.0 20.0 85.0 15.0 27.0 15.0 17.0 11.0 24.0 79.0 45.0 39.0 10.0
306 46.0 65.0 25.0 47.0 5.0 33.0 4.0 7.0 11.0 63.0 84.0 13.0 91.0 50.0 74.0 43.0 4.0 2.0 2.0 16.0 7.0 48.0 5.0 17.0 9.0 9.0 6.0 5.0 53.0 21.0 11.0 1.0
309 18.0 36.0 9.0 24.0 5.0 23.0 1.0 4.0 13.0 31.0 40.0 2.0 82.0 19.0 63.0 53.0 7.0 3.0 4.0 7.0 5.0 32.0 6.0 11.0 7.0 3.0 5.0 4.0 33.0 8.0 17.0 2.0
312 11.0 17.0 4.0 15.0 2.0 8.0 5.0 4.0 0.0 14.0 19.0 3.0 47.0 7.0 34.0 27.0 2.0 2.0 1.0 2.0 4.0 26.0 2.0 3.0 5.0 2.0 5.0 4.0 20.0 4.0 7.0 5.0
315 4.0 10.0 7.0 9.0 3.0 8.0 3.0 3.0 5.0 9.0 20.0 4.0 25.0 7.0 17.0 13.0 1.0 3.0 3.0 7.0 5.0 12.0 1.0 4.0 7.0 5.0 3.0 4.0 17.0 2.0 6.0 5.0
318 6.0 8.0 4.0 1.0 8.0 4.0 0.0 2.0 3.0 6.0 8.0 2.0 12.0 3.0 14.0 6.0 1.0 1.0 2.0 2.0 5.0 4.0 3.0 6.0 3.0 0.0 3.0 6.0 8.0 2.0 4.0 3.0
321 8.0 5.0 5.0 4.0 3.0 5.0 1.0 1.0 5.0 4.0 2.0 2.0 6.0 4.0 7.0 5.0 2.0 2.0 3.0 5.0 6.0 4.0 1.0 2.0 3.0 4.0 1.0 3.0 5.0 2.0 3.0 1.0
324 6.0 5.0 4.0 0.0 4.0 3.0 4.0 3.0 2.0 5.0 7.0 2.0 5.0 4.0 7.0 5.0 7.0 3.0 3.0 4.0 3.0 6.0 0.0 4.0 3.0 4.0 1.0 3.0 5.0 5.0 5.0 2.0
327 5.0 2.0 3.0 1.0 3.0 2.0 2.0 5.0 1.0 5.0 7.0 1.0 3.0 4.0 5.0 2.0 3.0 1.0 3.0 2.0 3.0 5.0 3.0 2.0 1.0 3.0 3.0 1.0 2.0 2.0 2.0 1.0
330 2.0 1.0 7.0 3.0 3.0 4.0 5.0 3.0 4.0 2.0 8.0 3.0 8.0 2.0 6.0 5.0 3.0 2.0 5.0 5.0 3.0 1.0 2.0 2.0 5.0 2.0 3.0 4.0 4.0 7.0 4.0 3.0
333 6.0 2.0 0.0 5.0 1.0 3.0 2.0 2.0 2.0 6.0 1.0 4.0 6.0 2.0 7.0 2.0 3.0 1.0 0.0 3.0 1.0 1.0 3.0 3.0 5.0 2.0 2.0 3.0 6.0 1.0 1.0 2.0
336 2.0 5.0 5.0 4.0 2.0 3.0 1.0 2.0 3.0 3.0 8.0 3.0 6.0 5.0 9.0 3.0 2.0 1.0 1.0 3.0 3.0 5.0 2.0 2.0 2.0 3.0 3.0 2.0 3.0 5.0 6.0 2.0
339 6.0 2.0 5.0 6.0 2.0 5.0 1.0 2.0 5.0 7.0 7.0 1.0 6.0 3.0 7.0 9.0 0.0 0.0 2.0 3.0 0.0 9.0 3.0 0.0 5.0 2.0 3.0 3.0 2.0 1.0 1.0 2.0
342 2.0 5.0 4.0 6.0 0.0 2.0 2.0 3.0 3.0 3.0 4.0 1.0 6.0 2.0 4.0 3.0 1.0 1.0 0.0 2.0 0.0 5.0 3.0 0.0 0.0 2.0 2.0 0.0 3.0 2.0 1.0 0.0
345 4.0 3.0 0.0 4.0 1.0 0.0 2.0 2.0 0.0 2.0 4.0 0.0 3.0 1.0 4.0 3.0 2.0 0.0 1.0 3.0 2.0 2.0 3.0 3.0 1.0 3.0 1.0 1.0 2.0 1.0 3.0 2.0
348 1.0 2.0 0.0 3.0 1.0 0.0 3.0 1.0 0.0 3.0 3.0 1.0 2.0 3.0 5.0 0.0 0.0 0.0 0.0 1.0 2.0 1.0 1.0 1.0 1.0 0.0 0.0 2.0 1.0 3.0 1.0 1.0
351 4.0 0.0 0.0 5.0 2.0 0.0 0.0 0.0 0.0 2.0 3.0 0.0 4.0 3.0 3.0 6.0 3.0 0.0 2.0 1.0 2.0 3.0 1.0 0.0 2.0 0.0 2.0 0.0 3.0 1.0 0.0 1.0
354 1.0 1.0 1.0 3.0 1.0 2.0 0.0 1.0 0.0 1.0 1.0 0.0 6.0 2.0 1.0 3.0 1.0 0.0 0.0 2.0 0.0 2.0 2.0 1.0 1.0 1.0 1.0 0.0 0.0 1.0 0.0 1.0
357 2.0 0.0 1.0 2.0 1.0 1.0 1.0 1.0 1.0 1.0 2.0 1.0 5.0 1.0 1.0 1.0 3.0 0.0 2.0 1.0 2.0 1.0 1.0 0.0 0.0 0.0 1.0 2.0 2.0 1.0 0.0 0.0
