150 18956343.0 18952106.0 18953366.0 18924044.0 18950012.0 18930806.0 18944865.0 18931750.0 18951349.0 18933154.0 18951939.0 18933364.0 18950463.0 18958698.0 18957022.0 18936567.0 18954024.0 18948145.0 18953966.0 18950982.0 18926643.0 18948260.0 18928619.0 18943169.0 18929574.0 18947597.0 18925532.0 18944245.0 18922551.0 18946294.0 18952788.0 18952151.0
153 19383439.0 19380302.0 19380988.0 19369049.0 19378678.0 19372912.0 19376362.0 19373191.0 19379803.0 19371200.0 19381811.0 19369758.0 19380406.0 19388924.0 19388071.0 19369557.0 19383825.0 19381518.0 19384050.0 19383517.0 19362708.0 19381657.0 19364639.0 19378932.0 19366325.0 19380766.0 19363260.0 19380686.0 19360375.0 19381671.0 19383154.0 19383371.0
156 19638402.0 19636223.0 19636291.0 19632913.0 19636091.0 19635571.0 19634368.0 19635471.0 19635215.0 19633748.0 19636610.0 19631847.0 19635528.0 19639850.0 19639627.0 19629763.0 19637188.0 19636830.0 19637189.0 19638260.0 19625822.0 19636844.0 19626642.0 19636095.0 19628274.0 19636322.0 19626085.0 19636982.0 19623889.0 19637230.0 19637742.0 19637541.0
159 19901154.0 19899661.0 19899341.0 19897437.0 19899889.0 19900683.0 19898390.0 19901220.0 19898558.0 19901956.0 19898895.0 19900264.0 19898601.0 19900028.0 19899955.0 19898190.0 19899185.0 19898806.0 19899514.0 19899670.0 19892693.0 19899255.0 19892821.0 19899086.0 19894940.0 19898892.0 19892340.0 19899396.0 19890044.0 19899871.0 19900051.0 19899611.0
162 19992036.0 19989705.0 19989296.0 19981103.0 19989127.0 19983497.0 19986028.0 19983606.0 19985853.0 19984197.0 19985553.0 19984441.0 19985385.0 19985838.0 19986572.0 19986637.0 19985797.0 19984810.0 19986013.0 19985049.0 19981511.0 19984571.0 19981722.0 19984257.0 19983089.0 19984223.0 19981230.0 19984017.0 19979652.0 19984622.0 19986051.0 19985294.0
165 19895866.0 19879650.0 19865496.0 19615710.0 19850431.0 19619148.0 19817752.0 19627359.0 19808178.0 19642870.0 19796417.0 19676042.0 19793930.0 19780448.0 19766326.0 19684230.0 19758065.0 19721562.0 19740930.0 19698667.0 19650765.0 19693762.0 19646665.0 19677751.0 19651644.0 19679461.0 19640242.0 19677786.0 19651094.0 19680194.0 19694981.0 19707124.0
168 12012287.0 11975599.0 11303078.0 10189038.0 10882603.0 10248659.0 10876686.0 10282679.0 10870404.0 10351455.0 10903022.0 10720867.0 10859979.0 10891350.0 10811868.0 10991050.0 10683467.0 10619060.0 10703545.0 10492108.0 10639616.0 10491616.0 10565859.0 10342656.0 10572777.0 10365410.0 10330242.0 10451310.0 10631414.0 10451940.0 10538839.0 10729744.0
171 9212702.0 9324782.0 9168530.0 8862884.0 8956029.0 9026509.0 9140447.0 9082446.0 9209262.0 9158903.0 9306079.0 9597514.0 9251136.0 9340874.0 9273866.0 9893734.0 9100376.0 9041381.0 9128422.0 8904428.0 9477238.0 8895739.0 9418263.0 8729698.0 9406271.0 8722161.0 9093266.0 8819051.0 9475863.0 8784806.0 8837701.0 8966280.0
174 3887202.0 3980523.0 3882656.0 3805836.0 3749006.0 3875033.0 3890210.0 3913733.0 3942767.0 3934843.0 4006401.0 4232419.0 3959497.0 4004382.0 3955063.0 4412867.0 3854884.0 3857976.0 3886155.0 3763688.0 4149867.0 3779731.0 4096212.0 3683250.0 4078695.0 3653147.0 3873452.0 3745125.0 4145862.0 3715472.0 3760304.0 3820842.0
177 159063.0 163612.0 132488.0 234147.0 159178.0 152253.0 156103.0 143744.0 167238.0 146770.0 171769.0 167239.0 147501.0 141614.0 147510.0 173546.0 145436.0 157647.0 148349.0 150534.0 181088.0 154198.0 160320.0 173190.0 154367.0 132367.0 164225.0 143941.0 185065.0 149790.0 173423.0 147358.0
180 145024.0 136087.0 114738.0 228838.0 152293.0 142495.0 140014.0 129336.0 134958.0 132872.0 144786.0 134340.0 121588.0 119153.0 130206.0 124460.0 129288.0 132158.0 126411.0 135774.0 147782.0 131694.0 132880.0 157235.0 124508.0 123416.0 146217.0 124151.0 146332.0 134647.0 152790.0 118375.0
183 144046.0 135960.0 114622.0 225911.0 148979.0 142906.0 139631.0 129139.0 134792.0 132498.0 143473.0 133382.0 120919.0 119071.0 130966.0 123612.0 129116.0 131350.0 126206.0 135328.0 147769.0 131438.0 131771.0 160209.0 123899.0 122428.0 147328.0 122765.0 145584.0 134047.0 151664.0 117863.0
186 144177.0 135231.0 114189.0 222118.0 148459.0 143098.0 139392.0 128723.0 134044.0 133134.0 143167.0 133038.0 120510.0 118784.0 130783.0 123126.0 129462.0 131084.0 126216.0 135560.0 146760.0 130457.0 131979.0 160055.0 123802.0 123571.0 146536.0 122591.0 145005.0 133190.0 151348.0 117194.0
189 144365.0 135534.0 113856.0 221651.0 148476.0 141999.0 139389.0 129407.0 133673.0 132744.0 143139.0 133436.0 121245.0 118506.0 129492.0 122952.0 128579.0 130577.0 125470.0 134743.0 146119.0 130741.0 130706.0 157501.0 124138.0 123138.0 146683.0 123605.0 145959.0 134406.0 152126.0 117312.0
192 144485.0 135315.0 113282.0 223691.0 150600.0 141652.0 138808.0 129466.0 133612.0 131838.0 143168.0 133187.0 120597.0 118654.0 130401.0 123499.0 128644.0 131125.0 125637.0 134834.0 147109.0 129851.0 130815.0 158880.0 123193.0 123143.0 145634.0 122306.0 145637.0 132663.0 151184.0 117285.0
195 142993.0 135314.0 112850.0 221605.0 147380.0 140551.0 138478.0 127092.0 133972.0 130166.0 141918.0 132834.0 120477.0 116765.0 129478.0 122881.0 127207.0 129769.0 124851.0 134350.0 146056.0 128818.0 130939.0 157167.0 122927.0 120353.0 144519.0 121487.0 144692.0 132440.0 151285.0 117568.0
198 142334.0 133386.0 110428.0 218850.0 146589.0 134951.0 136630.0 123489.0 132218.0 123723.0 137995.0 129512.0 118598.0 110836.0 124944.0 119240.0 123439.0 127428.0 122535.0 130342.0 143704.0 125936.0 127400.0 149553.0 119923.0 114168.0 139578.0 117334.0 144367.0 130685.0 146689.0 113240.0
201 137796.0 121525.0 94802.0 194114.0 137470.0 107236.0 126680.0 102572.0 125605.0 94739.0 122943.0 115515.0 110188.0 81878.0 106051.0 102727.0 105747.0 114865.0 111935.0 111849.0 131089.0 110629.0 112493.0 119310.0 108039.0 88696.0 116307.0 98225.0 138726.0 120580.0 133768.0 98603.0
204 118566.0 85578.0 56586.0 124896.0 107443.0 53601.0 92104.0 59433.0 100352.0 46725.0 82200.0 79141.0 80069.0 35541.0 60222.0 62693.0 63300.0 78402.0 79046.0 68129.0 95711.0 69303.0 74817.0 60254.0 72468.0 43552.0 63273.0 54325.0 115610.0 85611.0 90978.0 62249.0
207 71554.0 35351.0 17922.0 46194.0 55335.0 13657.0 37511.0 18515.0 54429.0 12808.0 31728.0 31561.0 33878.0 8473.0 17415.0 21281.0 20346.0 30819.0 31640.0 22855.0 43732.0 23592.0 28251.0 15910.0 27219.0 11576.0 18193.0 15914.0 64386.0 34792.0 33839.0 21547.0
210 26152.0 10069.0 4950.0 14205.0 17928.0 5082.0 10085.0 5425.0 17761.0 4770.0 8689.0 8740.0 8827.0 3582.0 5285.0 5961.0 5780.0 8419.0 8390.0 6403.0 13120.0 6379.0 7959.0 5534.0 7052.0 4203.0 5626.0 4817.0 20038.0 8934.0 8842.0 5720.0
213 7454.0 4249.0 3208.0 7398.0 5987.0 4030.0 4623.0 3605.0 5455.0 3573.0 4256.0 4127.0 3717.0 3046.0 3668.0 3617.0 3833.0 4028.0 4040.0 3998.0 5204.0 3794.0 4056.0 4330.0 3778.0 3471.0 4078.0 3375.0 6054.0 4363.0 4686.0 3291.0
216 4643.0 3425.0 2616.0 6230.0 4439.0 3564.0 3673.0 2986.0 3765.0 3076.0 3648.0 3236.0 3206.0 2613.0 3183.0 2997.0 3321.0 3443.0 3316.0 3400.0 3940.0 3180.0 3457.0 3739.0 3189.0 2940.0 3506.0 2902.0 4217.0 3593.0 4016.0 2870.0
219 3900.0 2910.0 2374.0 5369.0 3942.0 2980.0 3234.0 2676.0 3351.0 2725.0 3094.0 2988.0 2812.0 2218.0 2728.0 2593.0 2815.0 2889.0 2989.0 2844.0 3571.0 2826.0 2976.0 3455.0 2873.0 2496.0 3071.0 2505.0 3741.0 3259.0 3293.0 2474.0
222 3453.0 2677.0 2155.0 4867.0 3537.0 2760.0 2885.0 2330.0 2859.0 2565.0 2803.0 2662.0 2470.0 2080.0 2446.0 2407.0 2544.0 2515.0 2632.0 2535.0 3147.0 2467.0 2601.0 2941.0 2515.0 2350.0 2725.0 2160.0 3275.0 2949.0 2887.0 2142.0
225 3215.0 2523.0 2004.0 4437.0 3376.0 2750.0 2707.0 2126.0 2541.0 2409.0 2669.0 2429.0 2275.0 2131.0 2219.0 2115.0 2405.0 2450.0 2499.0 2412.0 2920.0 2199.0 2373.0 2848.0 2342.0 2175.0 2583.0 2205.0 2959.0 2650.0 2723.0 2061.0
228 2931.0 2409.0 1980.0 4433.0 3168.0 2680.0 2667.0 2122.0 2393.0 2404.0 2518.0 2389.0 2293.0 1915.0 2224.0 2179.0 2424.0 2362.0 2333.0 2401.0 2903.0 2305.0 2440.0 2827.0 2353.0 2176.0 2643.0 2097.0 2891.0 2592.0 2636.0 1992.0
231 2933.0 2393.0 1932.0 4300.0 3048.0 2615.0 2592.0 2086.0 2477.0 2364.0 2419.0 2326.0 2151.0 1966.0 2282.0 2127.0 2286.0 2283.0 2318.0 2298.0 2774.0 2264.0 2285.0 2661.0 2174.0 2050.0 2446.0 2074.0 2720.0 2541.0 2688.0 1967.0
234 2883.0 2356.0 1898.0 4181.0 3014.0 2498.0 2565.0 2002.0 2313.0 2380.0 2435.0 2353.0 2174.0 1880.0 2133.0 2057.0 2269.0 2241.0 2287.0 2166.0 2705.0 2156.0 2274.0 2678.0 2156.0 2174.0 2453.0 1994.0 2685.0 2443.0 2505.0 1872.0
237 2875.0 2302.0 1913.0 4009.0 3081.0 2449.0 2368.0 2052.0 2313.0 2109.0 2324.0 2206.0 2051.0 1735.0 2109.0 2013.0 2288.0 2132.0 2182.0 2159.0 2651.0 2088.0 2257.0 2467.0 2117.0 1966.0 2419.0 1978.0 2747.0 2446.0 2473.0 1928.0
240 2792.0 2264.0 1778.0 3882.0 2857.0 2328.0 2356.0 1939.0 2372.0 2057.0 2223.0 2077.0 1972.0 1771.0 2031.0 1886.0 2142.0 2065.0 2096.0 2134.0 2571.0 2068.0 2207.0 2483.0 2022.0 1979.0 2284.0 1942.0 2614.0 2341.0 2443.0 1873.0
243 2689.0 2076.0 1568.0 3638.0 2717.0 2067.0 2256.0 1819.0 2216.0 1753.0 1995.0 2028.0 1886.0 1409.0 1786.0 1797.0 2026.0 1969.0 1964.0 2030.0 2418.0 1933.0 2019.0 2170.0 1876.0 1702.0 2168.0 1785.0 2532.0 2228.0 2254.0 1664.0
246 2569.0 1765.0 1361.0 3431.0 2608.0 1639.0 2131.0 1487.0 1989.0 1418.0 1854.0 1820.0 1775.0 974.0 1545.0 1446.0 1697.0 1816.0 1856.0 1799.0 2211.0 1726.0 1813.0 1787.0 1764.0 1459.0 1712.0 1394.0 2376.0 2078.0 2076.0 1423.0
249 2385.0 1421.0 857.0 2584.0 2318.0 941.0 1710.0 1003.0 1771.0 854.0 1341.0 1459.0 1428.0 461.0 1063.0 988.0 1236.0 1456.0 1577.0 1340.0 1731.0 1248.0 1400.0 1170.0 1413.0 1001.0 1052.0 884.0 2158.0 1724.0 1681.0 961.0
252 2082.0 860.0 443.0 1647.0 1782.0 385.0 1139.0 496.0 1329.0 392.0 806.0 913.0 905.0 173.0 530.0 457.0 665.0 879.0 994.0 765.0 1195.0 723.0 870.0 540.0 837.0 429.0 472.0 460.0 1735.0 1163.0 1055.0 525.0
255 1412.0 349.0 163.0 758.0 996.0 133.0 583.0 206.0 787.0 134.0 307.0 408.0 451.0 73.0 209.0 169.0 233.0 395.0 436.0 286.0 666.0 280.0 356.0 177.0 325.0 155.0 176.0 161.0 1055.0 537.0 420.0 191.0
258 961.0 202.0 97.0 434.0 679.0 105.0 277.0 114.0 486.0 89.0 164.0 191.0 227.0 52.0 96.0 102.0 145.0 220.0 258.0 158.0 339.0 149.0 224.0 137.0 187.0 108.0 116.0 95.0 587.0 281.0 232.0 93.0
261 436.0 93.0 62.0 218.0 264.0 93.0 118.0 70.0 180.0 74.0 90.0 97.0 80.0 61.0 69.0 61.0 80.0 84.0 104.0 87.0 137.0 69.0 98.0 104.0 89.0 86.0 71.0 66.0 213.0 117.0 115.0 81.0
264 180.0 81.0 43.0 144.0 136.0 70.0 73.0 60.0 102.0 67.0 70.0 68.0 69.0 54.0 63.0 73.0 89.0 90.0 87.0 80.0 111.0 86.0 76.0 63.0 66.0 85.0 82.0 63.0 122.0 60.0 106.0 69.0
267 127.0 65.0 60.0 131.0 94.0 82.0 91.0 56.0 64.0 71.0 60.0 62.0 65.0 53.0 68.0 57.0 66.0 51.0 67.0 74.0 84.0 74.0 62.0 77.0 74.0 71.0 77.0 52.0 95.0 78.0 75.0 47.0
270 101.0 76.0 55.0 113.0 94.0 69.0 78.0 76.0 82.0 81.0 65.0 53.0 66.0 50.0 54.0 60.0 65.0 60.0 69.0 67.0 73.0 52.0 74.0 63.0 66.0 54.0 72.0 60.0 94.0 73.0 82.0 58.0
273 79.0 65.0 45.0 103.0 77.0 66.0 60.0 47.0 62.0 53.0 73.0 61.0 66.0 56.0 53.0 48.0 53.0 62.0 63.0 50.0 80.0 49.0 65.0 66.0 53.0 64.0 65.0 58.0 69.0 73.0 76.0 56.0
276 94.0 55.0 61.0 134.0 94.0 59.0 68.0 53.0 72.0 54.0 62.0 58.0 51.0 36.0 62.0 58.0 51.0 62.0 51.0 70.0 87.0 60.0 51.0 54.0 69.0 51.0 60.0 36.0 82.0 66.0 80.0 56.0
279 92.0 55.0 47.0 111.0 92.0 58.0 61.0 39.0 68.0 56.0 61.0 41.0 52.0 35.0 61.0 64.0 59.0 44.0 60.0 53.0 73.0 50.0 51.0 52.0 77.0 62.0 61.0 45.0 76.0 54.0 66.0 43.0
282 75.0 45.0 43.0 103.0 94.0 60.0 60.0 50.0 43.0 48.0 43.0 46.0 57.0 43.0 61.0 38.0 66.0 53.0 53.0 52.0 68.0 60.0 56.0 54.0 50.0 48.0 57.0 47.0 83.0 61.0 66.0 54.0
285 79.0 50.0 30.0 110.0 71.0 48.0 54.0 52.0 62.0 48.0 55.0 48.0 58.0 34.0 57.0 42.0 54.0 47.0 53.0 62.0 68.0 45.0 62.0 64.0 68.0 56.0 54.0 66.0 82.0 75.0 60.0 39.0
288 87.0 48.0 28.0 86.0 76.0 61.0 65.0 36.0 53.0 24.0 37.0 49.0 41.0 39.0 48.0 32.0 46.0 50.0 43.0 56.0 59.0 59.0 48.0 52.0 53.0 31.0 43.0 33.0 75.0 64.0 56.0 40.0
291 82.0 44.0 32.0 91.0 86.0 40.0 47.0 35.0 60.0 32.0 54.0 41.0 30.0 16.0 33.0 25.0 32.0 30.0 49.0 42.0 50.0 37.0 51.0 48.0 49.0 44.0 33.0 34.0 59.0 36.0 51.0 48.0
294 68.0 31.0 15.0 75.0 55.0 23.0 44.0 28.0 49.0 18.0 25.0 40.0 34.0 14.0 29.0 25.0 32.0 30.0 37.0 41.0 44.0 28.0 38.0 29.0 36.0 15.0 19.0 18.0 56.0 36.0 40.0 17.0
297 54.0 24.0 13.0 50.0 68.0 16.0 42.0 13.0 33.0 11.0 24.0 25.0 23.0 7.0 19.0 11.0 19.0 19.0 31.0 30.0 40.0 21.0 28.0 14.0 24.0 14.0 13.0 9.0 52.0 30.0 41.0 11.0
300 53.0 14.0 7.0 25.0 28.0 7.0 22.0 12.0 35.0 6.0 16.0 16.0 15.0 1.0 7.0 7.0 6.0 18.0 19.0 22.0 25.0 20.0 20.0 5.0 7.0 11.0 11.0 7.0 33.0 27.0 17.0 6.0
303 37.0 6.0 3.0 23.0 28.0 2.0 13.0 3.0 18.0 1.0 6.0 7.0 7.0 1.0 2.0 2.0 4.0 3.0 8.0 5.0 13.0 9.0 3.0 3.0 9.0 3.0 1.0 3.0 21.0 7.0 4.0 1.0
306 21.0 4.0 8.0 9.0 14.0 3.0 11.0 2.0 11.0 4.0 3.0 7.0 5.0 4.0 7.0 1.0 4.0 2.0 3.0 2.0 6.0 3.0 3.0 4.0 1.0 3.0 6.0 1.0 12.0 8.0 8.0 1.0
309 9.0 5.0 1.0 6.0 10.0 3.0 1.0 0.0 4.0 1.0 1.0 3.0 1.0 6.0 3.0 2.0 0.0 3.0 0.0 6.0 3.0 4.0 2.0 1.0 0.0 0.0 1.0 3.0 4.0 3.0 2.0 1.0
312 7.0 3.0 2.0 6.0 4.0 2.0 1.0 2.0 1.0 4.0 0.0 6.0 1.0 1.0 3.0 3.0 3.0 0.0 2.0 6.0 4.0 2.0 2.0 3.0 4.0 3.0 5.0 1.0 5.0 2.0 4.0 5.0
315 4.0 3.0 4.0 4.0 2.0 4.0 2.0 0.0 1.0 3.0 3.0 1.0 3.0 1.0 0.0 2.0 1.0 1.0 3.0 1.0 2.0 0.0 1.0 3.0 0.0 2.0 4.0 4.0 4.0 2.0 4.0 2.0
318 5.0 3.0 0.0 9.0 3.0 2.0 2.0 2.0 3.0 4.0 2.0 4.0 3.0 3.0 1.0 2.0 2.0 1.0 1.0 3.0 2.0 1.0 2.0 4.0 2.0 2.0 0.0 4.0 1.0 2.0 1.0 0.0
321 5.0 3.0 2.0 5.0 3.0 3.0 3.0 0.0 2.0 5.0 2.0 0.0 5.0 3.0 1.0 0.0 3.0 4.0 1.0 2.0 0.0 3.0 2.0 5.0 0.0 2.0 2.0 0.0 3.0 3.0 2.0 1.0
324 6.0 4.0 0.0 4.0 2.0 2.0 2.0 0.0 2.0 3.0 4.0 1.0 1.0 0.0 0.0 2.0 1.0 1.0 1.0 1.0 2.0 0.0 6.0 3.0 0.0 2.0 1.0 3.0 2.0 4.0 1.0 2.0
327 6.0 5.0 1.0 5.0 2.0 2.0 3.0 3.0 4.0 2.0 1.0 2.0 2.0 0.0 8.0 2.0 3.0 1.0 3.0 2.0 1.0 2.0 1.0 2.0 2.0 2.0 3.0 4.0 1.0 4.0 6.0 2.0
330 2.0 2.0 0.0 6.0 5.0 1.0 1.0 0.0 3.0 2.0 2.0 2.0 1.0 0.0 2.0 1.0 1.0 3.0 1.0 1.0 0.0 0.0 1.0 1.0 2.0 1.0 3.0 1.0 3.0 1.0 1.0 4.0
333 7.0 3.0 3.0 6.0 6.0 3.0 3.0 2.0 2.0 1.0 3.0 2.0 2.0 1.0 4.0 1.0 4.0 2.0 1.0 3.0 6.0 2.0 2.0 1.0 3.0 4.0 1.0 6.0 4.0 3.0 4.0 3.0
336 4.0 0.0 1.0 1.0 4.0 1.0 3.0 2.0 1.0 0.0 0.0 2.0 4.0 0.0 1.0 0.0 2.0 4.0 1.0 1.0 0.0 1.0 0.0 1.0 0.0 3.0 3.0 0.0 3.0 0.0 2.0 2.0
339 1.0 0.0 1.0 0.0 0.0 1.0 2.0 1.0 2.0 0.0 3.0 1.0 3.0 0.0 0.0 1.0 1.0 2.0 1.0 0.0 3.0 0.0 3.0 2.0 2.0 1.0 1.0 0.0 1.0 6.0 1.0 1.0
342 1.0 0.0 1.0 2.0 3.0 0.0 0.0 2.0 0.0 4.0 2.0 1.0 1.0 0.0 0.0 0.0 2.0 0.0 2.0 0.0 2.0 0.0 1.0 0.0 0.0 2.0 0.0 0.0 1.0 3.0 5.0 0.0
345 1.0 0.0 1.0 0.0 2.0 0.0 1.0 0.0 0.0 0.0 0.0 0.0 1.0 0.0 0.0 2.0 0.0 0.0 0.0 0.0 2.0 0.0 0.0 0.0 0.0 0.0 1.0 0.0 1.0 2.0 1.0 0.0
348 1.0 0.0 0.0 1.0 0.0 1.0 1.0 0.0 2.0 1.0 1.0 2.0 2.0 0.0 1.0 0.0 1.0 0.0 0.0 0.0 1.0 3.0 0.0 0.0 1.0 1.0 1.0 0.0 2.0 0.0 1.0 4.0
351 1.0 0.0 0.0 0.0 0.0 0.0 0.0 0.0 0.0 0.0 0.0 0.0 0.0 1.0 0.0 0.0 0.0 0.0 0.0 2.0 1.0 0.0 1.0 1.0 1.0 0.0 0.0 0.0 0.0 2.0 0.0 0.0
354 2.0 1.0 1.0 0.0 2.0 5.0 2.0 1.0 1.0 1.0 0.0 0.0 0.0 0.0 2.0 4.0 0.0 1.0 2.0 2.0 1.0 1.0 0.0 4.0 2.0 0.0 2.0 2.0 2.0 4.0 1.0 1.0
357 0.0 0.0 1.0 0.0 0.0 0.0 1.0 0.0 0.0 0.0 0.0 0.0 0.0 0.0 0.0 0.0 0.0 0.0 0.0 0.0 1.0 0.0 0.0 0.0 0.0 1.0 0.0 1.0 1.0 1.0 0.0 0.0
