150 18263925.0 18262994.0 18255414.0 18226415.0 18255156.0 18225118.0 18244168.0 18227003.0 18235297.0 18228435.0 18242841.0 18220202.0 18245332.0 18243570.0 18239936.0 18220710.0 18241429.0 18242202.0 18240722.0 18239829.0 18227985.0 18241044.0 18223842.0 18236154.0 18224632.0 18238559.0 18221020.0 18235284.0 18220519.0 18234660.0 18243129.0 18242975.0
153 18567646.0 18571588.0 18564450.0 18548462.0 18562218.0 18547752.0 18556357.0 18548454.0 18553257.0 18548905.0 18556218.0 18546224.0 18556447.0 18555610.0 18554349.0 18546567.0 18554904.0 18554888.0 18554702.0 18554663.0 18548842.0 18555150.0 18547555.0 18553855.0 18547972.0 18554596.0 18546253.0 18553391.0 18546212.0 18555109.0 18560782.0 18559620.0
156 18927442.0 18925274.0 18915308.0 18895964.0 18912879.0 18895774.0 18906413.0 18896069.0 18902994.0 18896660.0 18905805.0 18894620.0 18907598.0 18905598.0 18904054.0 18894964.0 18904509.0 18904728.0 18904185.0 18903197.0 18896425.0 18904299.0 18895630.0 18902191.0 18896187.0 18904158.0 18894697.0 18902019.0 18894355.0 18903778.0 18909232.0 18907891.0
159 19578830.0 19575513.0 19569172.0 19552523.0 19568545.0 19551764.0 19564294.0 19552661.0 19559182.0 19554180.0 19564348.0 19546356.0 19566035.0 19565315.0 19563382.0 19547496.0 19564525.0 19565470.0 19563588.0 19564140.0 19554184.0 19564615.0 19551874.0 19561446.0 19552952.0 19563109.0 19550694.0 19560881.0 19550814.0 19561678.0 19568142.0 19565966.0
162 19931455.0 19930530.0 19928198.0 19922799.0 19927514.0 19922350.0 19926420.0 19922742.0 19926227.0 19922821.0 19926996.0 19921253.0 19927311.0 19926829.0 19926072.0 19921323.0 19926379.0 19926693.0 19925856.0 19926535.0 19922784.0 19926605.0 19922283.0 19926115.0 19922428.0 19926596.0 19922051.0 19925598.0 19922059.0 19926362.0 19928164.0 19927367.0
165 20046774.0 20044511.0 20043314.0 20040627.0 20042948.0 20040189.0 20042448.0 20040552.0 20042108.0 20040573.0 20042692.0 20039071.0 20042666.0 20042114.0 20041976.0 20039016.0 20042108.0 20042345.0 20041800.0 20042214.0 20040201.0 20041752.0 20039769.0 20041724.0 20039873.0 20041888.0 20039431.0 20041243.0 20039522.0 20041914.0 20043016.0 20042439.0
168 20043020.0 20031131.0 20024592.0 20015496.0 20024048.0 20016744.0 20020651.0 20016984.0 20016892.0 20016423.0 20019700.0 20014212.0 20019365.0 20016688.0 20015505.0 20013653.0 20015271.0 20015491.0 20014587.0 20013951.0 20012504.0 20013795.0 20010751.0 20012305.0 20011103.0 20013208.0 20009880.0 20012534.0 20009741.0 20012620.0 20014428.0 20014961.0
171 19371971.0 19541660.0 19468980.0 19092257.0 19431690.0 19119237.0 19376106.0 19068800.0 19350092.0 19128139.0 19410469.0 19083495.0 19404442.0 19337118.0 19308497.0 19160812.0 19265912.0 19288445.0 19293467.0 19216402.0 19068094.0 19305642.0 19139321.0 19173051.0 19212405.0 19268746.0 19053656.0 19270082.0 19069083.0 19240283.0 19263565.0 19352585.0
174 9995782.0 9973649.0 9959186.0 9764475.0 9820554.0 10100829.0 9878592.0 9871632.0 10041059.0 10185747.0 10239697.0 9956703.0 10187561.0 9963691.0 9936012.0 10252972.0 9631071.0 9771103.0 9791045.0 9442654.0 9647312.0 9919335.0 10233570.0 9212902.0 10637432.0 9702668.0 9601210.0 9687754.0 9614918.0 9533428.0 9536461.0 9876922.0
177 7830827.0 7588865.0 7639294.0 7557075.0 7490293.0 7867640.0 7549758.0 7644144.0 7709687.0 7931904.0 7892649.0 7726421.0 7815857.0 7609957.0 7611202.0 8001327.0 7293042.0 7416772.0 7439242.0 7129351.0 7410478.0 7559293.0 7956508.0 6922407.0 8326390.0 7345898.0 7372832.0 7331125.0 7398609.0 7204725.0 7189474.0 7464948.0
180 572285.0 660027.0 665314.0 608901.0 596567.0 661691.0 625996.0 614794.0 745439.0 680617.0 774794.0 664762.0 691973.0 641749.0 655250.0 708907.0 570150.0 585859.0 604490.0 541144.0 563555.0 627745.0 632783.0 550504.0 733928.0 577108.0 568896.0 589596.0 575220.0 649029.0 603359.0 632804.0
183 167110.0 208582.0 193761.0 176071.0 157667.0 179020.0 161580.0 174130.0 282469.0 177238.0 243581.0 209566.0 182959.0 188916.0 180014.0 201443.0 189709.0 173440.0 174423.0 171002.0 170493.0 180358.0 155638.0 201615.0 179124.0 170074.0 178424.0 166461.0 178991.0 259316.0 215960.0 192991.0
186 166681.0 203079.0 186295.0 171147.0 152549.0 171178.0 154471.0 169066.0 275755.0 165136.0 230470.0 201598.0 174227.0 186079.0 172150.0 189628.0 185347.0 171964.0 171034.0 170932.0 167836.0 174471.0 147164.0 200492.0 158049.0 167581.0 175653.0 160819.0 175021.0 255862.0 214203.0 184209.0
189 165536.0 203607.0 186009.0 170451.0 151850.0 170583.0 154743.0 168223.0 276033.0 163390.0 230069.0 200662.0 173687.0 186403.0 172577.0 190335.0 172962.0 170743.0 170300.0 170583.0 167593.0 174086.0 146948.0 200269.0 156950.0 167165.0 175539.0 160620.0 174296.0 255055.0 215009.0 181492.0
192 163008.0 202050.0 185366.0 170567.0 150784.0 170768.0 154815.0 167774.0 275220.0 162803.0 229427.0 198291.0 173288.0 185293.0 173174.0 188400.0 186665.0 170442.0 169775.0 169705.0 166456.0 173502.0 146240.0 199154.0 156803.0 166764.0 175345.0 160561.0 174146.0 254927.0 214457.0 186872.0
195 147146.0 198408.0 184322.0 170145.0 147390.0 169073.0 152523.0 166365.0 273693.0 160109.0 226777.0 198518.0 173408.0 184237.0 170706.0 188101.0 169888.0 169376.0 171915.0 167581.0 159717.0 171434.0 144819.0 198460.0 154857.0 165472.0 172844.0 158745.0 171955.0 252109.0 211814.0 185488.0
198 93770.0 183742.0 177257.0 166232.0 125957.0 166153.0 149140.0 161838.0 269922.0 145705.0 224486.0 196747.0 172037.0 180377.0 169039.0 187136.0 170372.0 160913.0 168453.0 159907.0 124502.0 165681.0 140069.0 189799.0 147751.0 161269.0 162135.0 154972.0 166007.0 243473.0 199135.0 176062.0
201 33465.0 128519.0 149573.0 153647.0 73870.0 150583.0 130259.0 137627.0 260338.0 99958.0 213416.0 191640.0 167214.0 164689.0 159602.0 179511.0 137748.0 129634.0 145484.0 130145.0 61131.0 139116.0 117430.0 159757.0 119838.0 145952.0 131315.0 136046.0 138299.0 211562.0 158710.0 139000.0
204 7276.0 40754.0 78372.0 104763.0 19878.0 93630.0 75724.0 75376.0 212607.0 34380.0 163683.0 166462.0 144188.0 109813.0 121849.0 150217.0 71019.0 61337.0 82713.0 61848.0 14375.0 72042.0 63296.0 87894.0 59841.0 92949.0 63553.0 81033.0 74913.0 122945.0 74487.0 66729.0
207 4024.0 8680.0 21174.0 39511.0 5056.0 28652.0 22672.0 20721.0 102655.0 7689.0 70176.0 100433.0 86601.0 39283.0 57145.0 86790.0 18536.0 14562.0 23814.0 14434.0 4961.0 18432.0 17199.0 25430.0 15044.0 31324.0 16412.0 24869.0 20652.0 34714.0 17791.0 17177.0
210 3231.0 5181.0 6414.0 9222.0 3601.0 6699.0 5796.0 5751.0 23448.0 4091.0 15840.0 31540.0 27923.0 9038.0 14270.0 27077.0 5766.0 5097.0 6380.0 5290.0 3833.0 5569.0 4868.0 7302.0 4722.0 7307.0 5478.0 6266.0 5928.0 9369.0 6637.0 5738.0
213 2816.0 4690.0 4656.0 4762.0 3088.0 4532.0 3882.0 4242.0 9048.0 3509.0 6703.0 8323.0 7354.0 5128.0 5390.0 7831.0 4580.0 4178.0 4714.0 4309.0 3321.0 4461.0 3735.0 5479.0 3777.0 4645.0 4432.0 4038.0 4464.0 7203.0 5400.0 4475.0
216 2470.0 3796.0 3981.0 4103.0 2578.0 4030.0 3380.0 3740.0 7671.0 2893.0 5792.0 5280.0 4687.0 4545.0 4169.0 5088.0 4100.0 3775.0 4052.0 3694.0 2818.0 3966.0 3202.0 4790.0 3256.0 3969.0 3848.0 3486.0 3839.0 6218.0 4627.0 3935.0
219 2230.0 3211.0 3394.0 3608.0 2188.0 3494.0 2875.0 3159.0 6770.0 2418.0 5086.0 4765.0 4232.0 3852.0 3790.0 4222.0 3580.0 3105.0 3397.0 3422.0 2452.0 3184.0 2740.0 4052.0 2598.0 3429.0 3210.0 2965.0 3192.0 5468.0 3890.0 3442.0
222 2196.0 2904.0 3076.0 3035.0 1974.0 2966.0 2481.0 2563.0 5661.0 2178.0 4245.0 4153.0 3567.0 3426.0 3188.0 3772.0 3038.0 2809.0 2949.0 2819.0 2338.0 2873.0 2304.0 3633.0 2378.0 2995.0 2895.0 2622.0 2878.0 4641.0 3475.0 2965.0
225 2022.0 2866.0 2811.0 2716.0 1936.0 2663.0 2195.0 2506.0 5185.0 2120.0 3844.0 3623.0 3119.0 3071.0 2928.0 3370.0 2774.0 2591.0 2811.0 2696.0 2194.0 2763.0 2187.0 3538.0 2178.0 2783.0 2737.0 2522.0 2585.0 4501.0 3374.0 2926.0
228 1792.0 2694.0 2732.0 2746.0 1820.0 2544.0 2206.0 2309.0 4816.0 2029.0 3510.0 3316.0 2880.0 2989.0 2614.0 3160.0 2844.0 2583.0 2829.0 2646.0 2105.0 2688.0 2194.0 3318.0 2189.0 2619.0 2632.0 2415.0 2556.0 4325.0 3099.0 2723.0
231 1588.0 2605.0 2688.0 2570.0 1726.0 2517.0 2097.0 2361.0 4853.0 1909.0 3338.0 3300.0 2778.0 2885.0 2661.0 3022.0 2637.0 2405.0 2575.0 2458.0 1918.0 2524.0 2095.0 3259.0 2029.0 2618.0 2575.0 2266.0 2509.0 4160.0 3048.0 2623.0
234 1067.0 2360.0 2438.0 2458.0 1528.0 2414.0 2003.0 2268.0 4553.0 1814.0 3379.0 3141.0 2793.0 2781.0 2534.0 2974.0 2660.0 2361.0 2605.0 2462.0 1659.0 2405.0 1979.0 3097.0 1932.0 2587.0 2447.0 2288.0 2431.0 4082.0 3036.0 2453.0
237 431.0 1965.0 2301.0 2423.0 1069.0 2371.0 1880.0 2079.0 4447.0 1398.0 3292.0 3065.0 2626.0 2683.0 2474.0 2900.0 2470.0 2153.0 2393.0 2254.0 1054.0 2204.0 1818.0 2949.0 1668.0 2402.0 2191.0 2085.0 2250.0 3705.0 2682.0 2235.0
240 144.0 1116.0 1860.0 2222.0 527.0 2081.0 1699.0 1751.0 4144.0 849.0 2945.0 3014.0 2466.0 2449.0 2345.0 2645.0 2138.0 1710.0 2010.0 1902.0 441.0 1930.0 1501.0 2601.0 1329.0 2113.0 1747.0 1824.0 1839.0 3194.0 2354.0 1662.0
243 69.0 395.0 1276.0 1846.0 165.0 1580.0 1177.0 1248.0 3850.0 349.0 2627.0 2763.0 2409.0 1991.0 2088.0 2522.0 1510.0 1151.0 1440.0 1290.0 160.0 1275.0 937.0 1842.0 713.0 1775.0 1101.0 1370.0 1248.0 2142.0 1439.0 997.0
246 54.0 119.0 563.0 1273.0 74.0 862.0 641.0 585.0 2875.0 132.0 1845.0 2386.0 2101.0 1266.0 1584.0 2106.0 763.0 466.0 722.0 572.0 72.0 565.0 454.0 1048.0 245.0 1022.0 512.0 743.0 656.0 1032.0 629.0 398.0
249 47.0 72.0 213.0 577.0 64.0 368.0 260.0 208.0 1744.0 53.0 1119.0 1796.0 1513.0 572.0 1012.0 1476.0 299.0 155.0 323.0 222.0 67.0 191.0 168.0 457.0 104.0 471.0 166.0 301.0 265.0 387.0 229.0 152.0
252 32.0 78.0 85.0 208.0 53.0 119.0 83.0 108.0 661.0 53.0 382.0 991.0 845.0 230.0 427.0 789.0 108.0 75.0 116.0 86.0 57.0 84.0 68.0 169.0 72.0 171.0 95.0 100.0 88.0 173.0 139.0 86.0
255 44.0 67.0 84.0 92.0 49.0 68.0 68.0 73.0 214.0 43.0 149.0 371.0 360.0 126.0 185.0 331.0 91.0 62.0 72.0 88.0 46.0 70.0 56.0 120.0 61.0 79.0 81.0 73.0 62.0 132.0 108.0 67.0
258 38.0 53.0 69.0 72.0 34.0 79.0 60.0 61.0 197.0 45.0 108.0 227.0 177.0 91.0 119.0 191.0 69.0 68.0 74.0 85.0 48.0 80.0 56.0 107.0 61.0 91.0 76.0 65.0 73.0 125.0 95.0 65.0
261 44.0 59.0 78.0 72.0 39.0 66.0 61.0 60.0 146.0 44.0 101.0 108.0 103.0 93.0 94.0 131.0 69.0 70.0 64.0 65.0 39.0 67.0 57.0 106.0 54.0 74.0 67.0 57.0 55.0 113.0 74.0 72.0
264 29.0 55.0 59.0 67.0 42.0 64.0 53.0 53.0 144.0 43.0 96.0 83.0 75.0 80.0 74.0 66.0 69.0 54.0 65.0 47.0 46.0 66.0 62.0 89.0 43.0 72.0 66.0 56.0 61.0 102.0 73.0 58.0
267 30.0 57.0 58.0 74.0 28.0 54.0 41.0 67.0 121.0 27.0 89.0 76.0 89.0 74.0 85.0 77.0 59.0 68.0 57.0 53.0 53.0 57.0 41.0 80.0 41.0 56.0 62.0 36.0 54.0 81.0 64.0 59.0
270 19.0 36.0 48.0 53.0 32.0 62.0 36.0 55.0 104.0 28.0 104.0 67.0 75.0 62.0 58.0 60.0 61.0 53.0 69.0 61.0 40.0 56.0 48.0 65.0 50.0 51.0 65.0 55.0 45.0 98.0 81.0 62.0
273 15.0 48.0 50.0 71.0 23.0 60.0 27.0 36.0 118.0 35.0 69.0 70.0 75.0 54.0 57.0 72.0 47.0 51.0 56.0 48.0 22.0 55.0 34.0 71.0 42.0 66.0 62.0 36.0 62.0 78.0 76.0 43.0
276 3.0 27.0 35.0 48.0 10.0 44.0 42.0 44.0 93.0 25.0 58.0 79.0 59.0 67.0 52.0 69.0 65.0 49.0 44.0 56.0 14.0 42.0 31.0 63.0 39.0 51.0 55.0 35.0 54.0 84.0 60.0 42.0
279 0.0 16.0 37.0 53.0 3.0 26.0 44.0 46.0 92.0 22.0 67.0 73.0 49.0 45.0 71.0 57.0 54.0 36.0 38.0 49.0 3.0 30.0 34.0 68.0 24.0 50.0 41.0 44.0 42.0 67.0 51.0 40.0
282 3.0 5.0 39.0 40.0 4.0 37.0 25.0 29.0 91.0 8.0 61.0 61.0 64.0 51.0 53.0 51.0 44.0 29.0 38.0 39.0 7.0 28.0 18.0 41.0 13.0 50.0 30.0 39.0 29.0 53.0 48.0 17.0
285 3.0 3.0 18.0 30.0 5.0 30.0 24.0 28.0 73.0 3.0 54.0 53.0 44.0 49.0 50.0 54.0 30.0 15.0 31.0 19.0 3.0 29.0 23.0 51.0 7.0 37.0 20.0 23.0 35.0 37.0 18.0 19.0
288 1.0 2.0 5.0 29.0 1.0 14.0 18.0 7.0 57.0 2.0 41.0 55.0 40.0 31.0 34.0 40.0 19.0 8.0 12.0 12.0 0.0 8.0 7.0 26.0 6.0 29.0 8.0 18.0 11.0 16.0 13.0 6.0
291 2.0 2.0 5.0 21.0 3.0 7.0 1.0 7.0 38.0 2.0 15.0 53.0 51.0 27.0 20.0 39.0 5.0 4.0 8.0 5.0 2.0 5.0 2.0 12.0 3.0 11.0 4.0 10.0 6.0 12.0 11.0 2.0
294 0.0 2.0 1.0 6.0 0.0 1.0 4.0 3.0 23.0 3.0 12.0 33.0 25.0 9.0 12.0 21.0 2.0 2.0 2.0 2.0 0.0 0.0 2.0 5.0 3.0 7.0 3.0 6.0 4.0 6.0 2.0 3.0
297 0.0 2.0 3.0 4.0 2.0 3.0 1.0 2.0 12.0 4.0 3.0 25.0 15.0 10.0 4.0 12.0 4.0 2.0 2.0 2.0 2.0 1.0 2.0 2.0 0.0 4.0 2.0 2.0 0.0 5.0 5.0 4.0
300 0.0 1.0 2.0 1.0 3.0 4.0 2.0 2.0 10.0 2.0 2.0 11.0 10.0 4.0 4.0 7.0 2.0 2.0 2.0 1.0 0.0 0.0 0.0 4.0 0.0 2.0 1.0 1.0 3.0 0.0 1.0 1.0
303 0.0 3.0 2.0 1.0 1.0 3.0 1.0 4.0 5.0 5.0 1.0 3.0 3.0 0.0 4.0 4.0 1.0 2.0 3.0 5.0 3.0 2.0 1.0 2.0 7.0 3.0 3.0 2.0 1.0 4.0 6.0 2.0
306 0.0 2.0 1.0 4.0 0.0 3.0 4.0 2.0 3.0 0.0 1.0 1.0 2.0 1.0 4.0 2.0 2.0 3.0 1.0 0.0 3.0 4.0 1.0 2.0 1.0 4.0 2.0 2.0 2.0 4.0 4.0 5.0
309 0.0 0.0 4.0 0.0 2.0 1.0 3.0 2.0 5.0 2.0 4.0 2.0 0.0 4.0 2.0 3.0 2.0 0.0 2.0 1.0 1.0 1.0 1.0 1.0 1.0 1.0 4.0 3.0 0.0 2.0 1.0 2.0
312 1.0 0.0 1.0 5.0 1.0 1.0 3.0 1.0 4.0 0.0 4.0 1.0 1.0 2.0 2.0 4.0 1.0 1.0 1.0 1.0 1.0 2.0 1.0 5.0 3.0 4.0 2.0 2.0 2.0 2.0 1.0 2.0
315 0.0 2.0 0.0 0.0 0.0 1.0 1.0 0.0 1.0 1.0 1.0 1.0 1.0 0.0 1.0 3.0 3.0 0.0 2.0 1.0 0.0 1.0 3.0 3.0 1.0 0.0 2.0 1.0 2.0 2.0 2.0 0.0
318 0.0 0.0 1.0 2.0 1.0 1.0 0.0 1.0 4.0 1.0 3.0 7.0 3.0 2.0 2.0 4.0 1.0 0.0 3.0 1.0 2.0 1.0 1.0 1.0 0.0 4.0 4.0 2.0 1.0 1.0 3.0 1.0
321 0.0 0.0 2.0 0.0 0.0 3.0 0.0 0.0 1.0 0.0 0.0 2.0 2.0 1.0 1.0 2.0 1.0 0.0 2.0 3.0 2.0 1.0 2.0 0.0 1.0 1.0 1.0 2.0 1.0 1.0 0.0 0.0
324 1.0 0.0 2.0 1.0 1.0 3.0 4.0 1.0 1.0 0.0 0.0 2.0 7.0 5.0 1.0 3.0 0.0 1.0 2.0 0.0 0.0 3.0 2.0 4.0 1.0 3.0 2.0 2.0 3.0 1.0 1.0 2.0
327 0.0 0.0 0.0 2.0 0.0 0.0 0.0 0.0 0.0 0.0 0.0 1.0 1.0 0.0 1.0 4.0 1.0 1.0 0.0 3.0 0.0 0.0 1.0 1.0 1.0 1.0 1.0 3.0 0.0 0.0 2.0 1.0
330 1.0 1.0 0.0 1.0 0.0 1.0 1.0 1.0 2.0 0.0 0.0 1.0 1.0 0.0 1.0 0.0 0.0 0.0 0.0 0.0 0.0 0.0 0.0 2.0 0.0 0.0 0.0 1.0 1.0 0.0 1.0 0.0
333 2.0 0.0 0.0 0.0 1.0 0.0 1.0 0.0 1.0 0.0 0.0 4.0 6.0 1.0 1.0 1.0 1.0 0.0 1.0 0.0 1.0 1.0 0.0 3.0 0.0 1.0 1.0 1.0 2.0 0.0 0.0 2.0
336 0.0 0.0 0.0 0.0 1.0 0.0 0.0 0.0 0.0 0.0 0.0 0.0 1.0 0.0 0.0 2.0 2.0 0.0 0.0 0.0 0.0 0.0 1.0 0.0 1.0 0.0 1.0 0.0 0.0 0.0 0.0 0.0
339 0.0 0.0 0.0 1.0 1.0 1.0 1.0 1.0 0.0 0.0 1.0 1.0 0.0 1.0 2.0 1.0 0.0 1.0 0.0 1.0 2.0 0.0 2.0 0.0 2.0 0.0 2.0 2.0 1.0 0.0 1.0 1.0
342 0.0 0.0 0.0 0.0 0.0 0.0 0.0 1.0 0.0 0.0 0.0 0.0 0.0 0.0 1.0 0.0 1.0 0.0 0.0 0.0 0.0 0.0 0.0 0.0 0.0 1.0 0.0 0.0 0.0 0.0 0.0 0.0
345 0.0 1.0 1.0 1.0 1.0 0.0 1.0 0.0 0.0 1.0 0.0 2.0 0.0 2.0 2.0 2.0 1.0 1.0 0.0 0.0 0.0 0.0 1.0 0.0 1.0 1.0 0.0 0.0 0.0 2.0 1.0 1.0
348 0.0 1.0 0.0 0.0 2.0 0.0 1.0 0.0 1.0 0.0 1.0 1.0 0.0 0.0 3.0 1.0 0.0 0.0 1.0 1.0 0.0 0.0 1.0 0.0 0.0 0.0 0.0 0.0 3.0 0.0 0.0 0.0
351 0.0 0.0 0.0 0.0 0.0 0.0 0.0 1.0 0.0 1.0 1.0 1.0 0.0 1.0 1.0 1.0 0.0 0.0 0.0 1.0 0.0 0.0 0.0 0.0 2.0 1.0 0.0 0.0 0.0 0.0 0.0 1.0
354 1.0 0.0 4.0 2.0 2.0 1.0 1.0 0.0 0.0 1.0 3.0 0.0 1.0 0.0 2.0 0.0 0.0 1.0 0.0 0.0 1.0 0.0 0.0 1.0 3.0 1.0 0.0 1.0 3.0 0.0 1.0 1.0
357 1.0 0.0 1.0 0.0 0.0 0.0 0.0 1.0 0.0 0.0 0.0 0.0 0.0 0.0 0.0 2.0 0.0 1.0 1.0 1.0 1.0 0.0 1.0 0.0 0.0 0.0 0.0 1.0 1.0 0.0 1.0 0.0
