150 12876.0 15316.0 15271.0 13575.0 17259.0 17004.0 13360.0 19302.0 15170.0 13658.0 12803.0 13213.0 18514.0 11610.0 12882.0 12502.0 10917.0 12617.0 15046.0 19822.0 24371.0 12929.0 15327.0 21800.0 15235.0 18839.0 13176.0 14776.0 11560.0 11762.0 12638.0 11219.0
153 6653427.0 6641838.0 6644407.0 6622608.0 6656519.0 6641242.0 6608580.0 6667272.0 6603012.0 6625531.0 6607264.0 6623208.0 6633183.0 6613188.0 6626122.0 6599069.0 6635988.0 6602046.0 6615181.0 6630395.0 6676751.0 6600757.0 6609748.0 6683923.0 6614529.0 6644375.0 6614058.0 6625970.0 6592966.0 6600879.0 6614596.0 6593246.0
156 18641083.0 18632949.0 18631279.0 18618419.0 18628526.0 18614007.0 18624993.0 18613801.0 18622919.0 18617357.0 18625171.0 18618579.0 18624305.0 18626651.0 18626360.0 18615569.0 18625484.0 18623492.0 18622739.0 18625215.0 18611102.0 18623550.0 18612417.0 18623498.0 18611100.0 18619380.0 18616040.0 18620752.0 18616075.0 18622333.0 18624921.0 18625027.0
159 19006682.0 19000297.0 18998431.0 18990794.0 18996578.0 18988837.0 18994446.0 18988885.0 18993438.0 18990241.0 18993695.0 18990634.0 18993755.0 18994205.0 18994059.0 18989573.0 18993885.0 18993350.0 18993150.0 18994415.0 18987967.0 18993368.0 18988548.0 18994008.0 18987861.0 18992403.0 18989937.0 18993145.0 18990161.0 18993755.0 18995223.0 18995842.0
162 19304800.0 19301366.0 19300540.0 19294604.0 19299139.0 19293798.0 19297648.0 19293934.0 19297179.0 19294143.0 19296860.0 19294352.0 19297080.0 19297293.0 19297216.0 19294082.0 19297071.0 19296632.0 19296675.0 19297698.0 19293450.0 19296698.0 19293440.0 19297483.0 19293424.0 19296789.0 19294047.0 19296938.0 19294103.0 19297397.0 19298831.0 19299431.0
165 19630069.0 19628401.0 19628477.0 19622182.0 19626836.0 19621353.0 19626091.0 19621504.0 19625746.0 19621575.0 19625342.0 19621623.0 19625745.0 19625905.0 19625887.0 19621350.0 19625493.0 19625101.0 19625117.0 19625912.0 19620880.0 19625026.0 19620955.0 19625685.0 19620903.0 19625413.0 19621424.0 19625173.0 19621400.0 19625655.0 19626879.0 19627427.0
168 19791192.0 19790802.0 19791087.0 19786349.0 19789778.0 19785546.0 19789612.0 19785786.0 19789993.0 19785657.0 19789528.0 19785656.0 19790132.0 19790049.0 19790418.0 19785408.0 19789098.0 19789615.0 19789117.0 19789942.0 19784853.0 19788974.0 19784902.0 19789323.0 19785061.0 19789481.0 19785420.0 19788714.0 19785415.0 19789267.0 19790007.0 19790485.0
171 19723863.0 19723201.0 19723073.0 19718254.0 19721955.0 19716901.0 19720991.0 19716902.0 19720603.0 19717869.0 19720696.0 19718050.0 19720860.0 19720973.0 19720917.0 19717253.0 19720632.0 19720284.0 19720086.0 19720708.0 19716164.0 19720093.0 19716634.0 19720652.0 19716629.0 19719885.0 19717654.0 19719879.0 19717709.0 19720133.0 19720889.0 19721138.0
174 20063354.0 20063622.0 20063866.0 20061866.0 20063091.0 20060540.0 20062618.0 20060751.0 20062628.0 20060981.0 20062572.0 20061108.0 20062977.0 20062930.0 20063410.0 20061297.0 20062586.0 20062670.0 20062344.0 20062766.0 20059106.0 20061967.0 20059297.0 20062140.0 20059349.0 20061891.0 20059781.0 20061575.0 20059962.0 20061828.0 20062203.0 20062018.0
177 19812353.0 19810411.0 19810797.0 19807588.0 19808897.0 19805291.0 19808107.0 19805877.0 19808170.0 19806322.0 19808277.0 19806478.0 19808582.0 19808669.0 19809217.0 19807261.0 19807970.0 19808092.0 19807356.0 19807983.0 19804148.0 19806909.0 19804372.0 19806854.0 19804384.0 19806374.0 19804390.0 19806336.0 19804705.0 19806489.0 19806699.0 19806773.0
180 19140733.0 19104652.0 19090377.0 18967451.0 19057437.0 18899831.0 19067455.0 18876059.0 19058654.0 18901237.0 19049664.0 18935701.0 19033546.0 19044440.0 19034800.0 18981101.0 18999216.0 19047350.0 19011990.0 19013930.0 18894007.0 19010212.0 18928915.0 18964192.0 18925081.0 18987498.0 18905507.0 18980304.0 18932186.0 18997342.0 18987539.0 19027985.0
183 8775282.0 8693971.0 8683811.0 8788300.0 8515829.0 8460415.0 8810959.0 8248485.0 8910402.0 8523862.0 8862256.0 8831626.0 8755595.0 8853045.0 8796214.0 9291805.0 8431906.0 9003559.0 8688162.0 8730914.0 8367382.0 8727008.0 8858243.0 8275011.0 8760677.0 8532154.0 8499787.0 8441566.0 8798984.0 8586032.0 8417494.0 8774341.0
186 7094461.0 7085724.0 7103922.0 7571574.0 6947754.0 7220635.0 7280339.0 6942411.0 7399926.0 7265401.0 7357718.0 7634234.0 7218411.0 7328427.0 7255288.0 8158989.0 6869658.0 7509014.0 7145081.0 7194286.0 7041081.0 7172219.0 7680542.0 6697514.0 7561547.0 6960037.0 7259078.0 6852398.0 7609191.0 6992990.0 6788679.0 7179015.0
189 869957.0 850834.0 855344.0 918167.0 806080.0 799603.0 905559.0 728490.0 961081.0 802160.0 936272.0 921522.0 879742.0 893900.0 864258.0 1087651.0 734254.0 970248.0 824923.0 899838.0 804976.0 839629.0 942613.0 728044.0 908752.0 786186.0 817643.0 735516.0 900060.0 766908.0 724428.0 822428.0
192 160320.0 170076.0 176920.0 201700.0 174969.0 183808.0 197606.0 170265.0 230251.0 177898.0 219419.0 202108.0 218940.0 188922.0 178528.0 243724.0 151635.0 220010.0 187728.0 260710.0 214161.0 190418.0 222303.0 186267.0 200816.0 184260.0 178526.0 159226.0 191073.0 163616.0 167377.0 181113.0
195 143023.0 154205.0 157596.0 150169.0 159730.0 161326.0 162411.0 158404.0 187247.0 153781.0 170289.0 159727.0 196403.0 149014.0 150495.0 158979.0 137311.0 157111.0 167636.0 233555.0 193890.0 173204.0 178471.0 176318.0 157792.0 167183.0 154626.0 144094.0 155602.0 145114.0 153201.0 153012.0
198 140835.0 153151.0 156092.0 146304.0 159698.0 159862.0 161116.0 158438.0 184002.0 153051.0 167038.0 157287.0 194639.0 147628.0 149076.0 152213.0 137873.0 152168.0 167372.0 231712.0 193167.0 173153.0 175166.0 175345.0 154637.0 165675.0 153120.0 142910.0 150948.0 144884.0 152526.0 150086.0
201 141505.0 152970.0 156861.0 145904.0 159540.0 159918.0 160390.0 158164.0 184522.0 154646.0 166466.0 156337.0 197547.0 147159.0 149137.0 152489.0 137439.0 152769.0 167728.0 230771.0 192388.0 173370.0 175028.0 174730.0 154360.0 166002.0 153261.0 143104.0 150580.0 143953.0 152938.0 150050.0
204 141092.0 152897.0 157178.0 145620.0 159244.0 160310.0 160431.0 158029.0 183808.0 152615.0 167014.0 156261.0 197943.0 146769.0 148144.0 151596.0 136843.0 152275.0 166635.0 230095.0 192480.0 165035.0 175288.0 174835.0 153883.0 165488.0 152962.0 143598.0 150593.0 142916.0 150994.0 150418.0
207 139531.0 152449.0 156119.0 145269.0 157841.0 159829.0 160486.0 156196.0 183656.0 151813.0 166253.0 154785.0 194691.0 145596.0 148177.0 150565.0 132472.0 151441.0 167239.0 238699.0 190969.0 171798.0 174363.0 173901.0 154145.0 164773.0 151800.0 142441.0 149872.0 142533.0 150736.0 148560.0
210 135436.0 150904.0 155481.0 144078.0 157767.0 158629.0 158702.0 155985.0 181895.0 149351.0 164077.0 152713.0 194893.0 143961.0 145342.0 150270.0 117720.0 151220.0 164436.0 231132.0 190667.0 165319.0 173105.0 172459.0 153609.0 163619.0 147960.0 140675.0 147075.0 139775.0 143350.0 145802.0
213 118415.0 147210.0 148662.0 140415.0 152222.0 155014.0 153373.0 154470.0 179457.0 140407.0 154461.0 140928.0 191999.0 133240.0 132434.0 146970.0 77070.0 147068.0 159655.0 204186.0 188028.0 145795.0 169236.0 164362.0 149871.0 158884.0 134395.0 134676.0 137110.0 126171.0 117279.0 131059.0
216 78923.0 132609.0 130132.0 124356.0 132685.0 145307.0 134887.0 147038.0 166456.0 109952.0 124122.0 105274.0 174481.0 103492.0 96687.0 136198.0 33302.0 133855.0 140938.0 140789.0 177446.0 106136.0 153749.0 139918.0 141303.0 145077.0 97875.0 115345.0 109357.0 92324.0 71022.0 96969.0
219 30761.0 87739.0 86787.0 84738.0 83833.0 111068.0 87611.0 117216.0 123091.0 55308.0 66934.0 48647.0 121480.0 52655.0 42935.0 104307.0 9385.0 95187.0 94270.0 56303.0 142179.0 42798.0 112663.0 85617.0 112316.0 108206.0 45406.0 70303.0 58846.0 42265.0 25093.0 47672.0
222 8250.0 33307.0 36254.0 35228.0 30623.0 54886.0 33709.0 61974.0 57824.0 15977.0 21089.0 13674.0 50434.0 15838.0 11838.0 53923.0 4211.0 40935.0 39311.0 15026.0 80811.0 12898.0 53306.0 32052.0 62766.0 54900.0 13109.0 25166.0 19070.0 11862.0 7288.0 14445.0
225 3994.0 7757.0 8716.0 8243.0 7556.0 13439.0 7958.0 15619.0 13426.0 5234.0 6129.0 5109.0 11583.0 4979.0 4660.0 14181.0 3455.0 9220.0 9768.0 7383.0 23231.0 5149.0 12967.0 8261.0 17744.0 14701.0 4936.0 6400.0 5691.0 4659.0 4192.0 5076.0
228 3407.0 4727.0 4764.0 4461.0 4735.0 5938.0 4962.0 6002.0 6147.0 4248.0 4617.0 4184.0 6220.0 3951.0 4023.0 5600.0 2972.0 4845.0 5263.0 6407.0 8287.0 4503.0 6083.0 5340.0 6313.0 6141.0 4157.0 4462.0 4183.0 3939.0 3782.0 4042.0
231 2983.0 4108.0 4248.0 3716.0 4116.0 4741.0 4264.0 4823.0 5219.0 3816.0 4195.0 3665.0 5547.0 3427.0 3499.0 4304.0 2491.0 4098.0 4506.0 5654.0 5946.0 4147.0 5074.0 4495.0 4650.0 4901.0 3683.0 3762.0 3834.0 3471.0 3350.0 3506.0
234 2670.0 3663.0 3803.0 3322.0 3695.0 4256.0 3877.0 4315.0 4665.0 3475.0 3662.0 3182.0 4907.0 3140.0 3107.0 3913.0 2181.0 3597.0 4046.0 4855.0 5169.0 3633.0 4472.0 4053.0 4103.0 4577.0 3260.0 3392.0 3396.0 2960.0 2874.0 3173.0
237 2234.0 3284.0 3262.0 2974.0 3237.0 3738.0 3230.0 3840.0 4083.0 3008.0 3204.0 2762.0 4296.0 2716.0 2732.0 3492.0 2137.0 3126.0 3630.0 4371.0 4680.0 3183.0 4139.0 3740.0 3644.0 4005.0 2808.0 2957.0 2965.0 2754.0 2639.0 2681.0
240 2178.0 2875.0 3025.0 2554.0 2859.0 3323.0 3051.0 3315.0 3636.0 2709.0 2908.0 2600.0 3723.0 2482.0 2524.0 3175.0 2070.0 2920.0 3277.0 4068.0 4141.0 2993.0 3658.0 3283.0 3235.0 3499.0 2593.0 2754.0 2631.0 2515.0 2509.0 2632.0
243 2016.0 2711.0 2715.0 2420.0 2702.0 3047.0 2895.0 3034.0 3476.0 2607.0 2694.0 2382.0 3607.0 2402.0 2403.0 2856.0 2056.0 2573.0 3092.0 3994.0 3797.0 3017.0 3346.0 3138.0 2937.0 3369.0 2513.0 2648.0 2598.0 2430.0 2458.0 2477.0
246 2031.0 2571.0 2707.0 2256.0 2787.0 3035.0 2754.0 3008.0 3374.0 2539.0 2732.0 2428.0 3496.0 2374.0 2505.0 2724.0 1903.0 2756.0 3178.0 3829.0 3596.0 2948.0 3381.0 3077.0 2706.0 3155.0 2453.0 2518.0 2460.0 2380.0 2478.0 2533.0
249 1875.0 2499.0 2672.0 2184.0 2632.0 2934.0 2680.0 2932.0 3272.0 2391.0 2714.0 2321.0 3416.0 2276.0 2387.0 2664.0 1744.0 2571.0 2997.0 3598.0 3435.0 2886.0 3333.0 3030.0 2707.0 3197.0 2399.0 2516.0 2459.0 2318.0 2313.0 2419.0
252 1934.0 2465.0 2511.0 2256.0 2549.0 2829.0 2664.0 2843.0 3221.0 2405.0 2536.0 2313.0 3334.0 2221.0 2269.0 2630.0 1621.0 2452.0 2810.0 3469.0 3468.0 2700.0 3093.0 2885.0 2695.0 3036.0 2351.0 2503.0 2328.0 2303.0 2174.0 2275.0
255 1718.0 2539.0 2576.0 2039.0 2476.0 2811.0 2612.0 2726.0 3043.0 2312.0 2357.0 2136.0 3215.0 1965.0 2119.0 2483.0 1090.0 2376.0 2754.0 3222.0 3345.0 2370.0 3087.0 2755.0 2654.0 2953.0 2155.0 2369.0 2212.0 2144.0 1903.0 2096.0
258 1215.0 2155.0 2232.0 1944.0 2145.0 2594.0 2337.0 2646.0 2839.0 1887.0 2049.0 1610.0 2920.0 1678.0 1679.0 2348.0 459.0 2242.0 2533.0 2118.0 3189.0 1710.0 2755.0 2520.0 2617.0 2829.0 1690.0 2203.0 1763.0 1580.0 1192.0 1527.0
261 712.0 2022.0 1995.0 1631.0 1953.0 2410.0 1916.0 2487.0 2488.0 1400.0 1472.0 1090.0 2618.0 1212.0 1076.0 2144.0 183.0 1834.0 2135.0 1259.0 2995.0 1062.0 2448.0 2233.0 2250.0 2514.0 1131.0 1757.0 1253.0 1047.0 644.0 1025.0
264 342.0 1462.0 1499.0 1233.0 1440.0 1994.0 1388.0 2245.0 1975.0 766.0 851.0 586.0 2111.0 659.0 559.0 1765.0 80.0 1477.0 1665.0 523.0 2599.0 531.0 1996.0 1719.0 2002.0 2138.0 572.0 1330.0 724.0 543.0 240.0 601.0
267 146.0 894.0 940.0 723.0 835.0 1425.0 749.0 1756.0 1221.0 294.0 384.0 209.0 1398.0 284.0 186.0 1228.0 57.0 832.0 1033.0 230.0 2056.0 226.0 1319.0 1007.0 1404.0 1591.0 216.0 698.0 309.0 230.0 123.0 227.0
270 69.0 359.0 493.0 325.0 329.0 831.0 332.0 1061.0 626.0 129.0 131.0 102.0 595.0 112.0 106.0 691.0 50.0 402.0 420.0 135.0 1404.0 142.0 737.0 474.0 901.0 955.0 111.0 297.0 143.0 99.0 77.0 102.0
273 55.0 144.0 188.0 117.0 154.0 319.0 151.0 482.0 213.0 89.0 91.0 86.0 244.0 79.0 68.0 280.0 47.0 148.0 176.0 112.0 694.0 116.0 265.0 184.0 411.0 401.0 80.0 124.0 98.0 101.0 85.0 93.0
276 56.0 80.0 87.0 85.0 79.0 147.0 110.0 204.0 135.0 78.0 76.0 68.0 150.0 63.0 70.0 143.0 55.0 113.0 97.0 117.0 306.0 83.0 156.0 108.0 160.0 206.0 67.0 97.0 76.0 59.0 63.0 67.0
279 58.0 98.0 91.0 51.0 84.0 118.0 86.0 100.0 110.0 79.0 67.0 55.0 120.0 65.0 68.0 115.0 41.0 84.0 114.0 108.0 143.0 80.0 124.0 101.0 118.0 123.0 61.0 78.0 73.0 80.0 70.0 73.0
282 54.0 87.0 91.0 71.0 78.0 93.0 71.0 96.0 115.0 55.0 66.0 54.0 111.0 67.0 66.0 91.0 37.0 72.0 90.0 85.0 147.0 77.0 115.0 87.0 97.0 100.0 66.0 71.0 88.0 62.0 65.0 72.0
285 37.0 77.0 74.0 63.0 58.0 89.0 77.0 93.0 102.0 68.0 53.0 59.0 92.0 57.0 49.0 66.0 40.0 69.0 96.0 89.0 105.0 74.0 102.0 70.0 81.0 103.0 56.0 67.0 68.0 56.0 53.0 54.0
288 27.0 63.0 61.0 52.0 60.0 80.0 74.0 91.0 92.0 70.0 51.0 59.0 96.0 56.0 66.0 75.0 46.0 69.0 95.0 82.0 96.0 62.0 86.0 65.0 74.0 84.0 56.0 70.0 70.0 57.0 61.0 59.0
291 38.0 60.0 65.0 52.0 66.0 73.0 78.0 74.0 82.0 59.0 56.0 43.0 88.0 47.0 45.0 80.0 27.0 68.0 90.0 66.0 104.0 61.0 87.0 70.0 56.0 99.0 62.0 73.0 64.0 61.0 52.0 49.0
294 49.0 70.0 76.0 56.0 66.0 68.0 80.0 83.0 92.0 68.0 58.0 52.0 79.0 46.0 53.0 65.0 29.0 52.0 89.0 77.0 81.0 63.0 83.0 72.0 72.0 90.0 62.0 84.0 63.0 50.0 53.0 55.0
297 41.0 63.0 60.0 46.0 44.0 67.0 58.0 81.0 78.0 44.0 67.0 54.0 74.0 43.0 47.0 77.0 21.0 40.0 83.0 66.0 78.0 62.0 104.0 67.0 70.0 75.0 50.0 55.0 52.0 39.0 28.0 48.0
300 30.0 54.0 59.0 49.0 66.0 66.0 59.0 70.0 73.0 51.0 51.0 31.0 78.0 44.0 41.0 61.0 11.0 49.0 65.0 37.0 81.0 62.0 74.0 81.0 73.0 83.0 50.0 53.0 45.0 38.0 23.0 46.0
303 19.0 34.0 52.0 47.0 56.0 66.0 54.0 73.0 72.0 46.0 36.0 33.0 74.0 41.0 43.0 55.0 5.0 43.0 64.0 31.0 67.0 38.0 87.0 58.0 67.0 74.0 28.0 53.0 37.0 37.0 25.0 36.0
306 10.0 41.0 49.0 49.0 42.0 67.0 37.0 65.0 57.0 31.0 33.0 11.0 57.0 35.0 14.0 57.0 1.0 45.0 59.0 21.0 89.0 25.0 75.0 60.0 54.0 67.0 17.0 40.0 37.0 18.0 11.0 18.0
309 11.0 33.0 53.0 25.0 40.0 63.0 34.0 69.0 58.0 13.0 26.0 11.0 54.0 16.0 14.0 36.0 7.0 40.0 53.0 12.0 68.0 15.0 66.0 50.0 51.0 70.0 15.0 27.0 30.0 14.0 13.0 14.0
312 7.0 29.0 36.0 16.0 30.0 46.0 17.0 53.0 35.0 8.0 8.0 3.0 34.0 4.0 6.0 34.0 2.0 34.0 28.0 4.0 54.0 6.0 33.0 40.0 40.0 55.0 6.0 18.0 13.0 9.0 2.0 8.0
315 3.0 18.0 12.0 6.0 14.0 23.0 16.0 33.0 30.0 4.0 11.0 3.0 15.0 9.0 8.0 22.0 5.0 16.0 16.0 4.0 47.0 8.0 24.0 19.0 29.0 41.0 10.0 9.0 6.0 4.0 3.0 8.0
318 0.0 5.0 10.0 6.0 5.0 16.0 11.0 26.0 10.0 0.0 0.0 5.0 15.0 1.0 0.0 14.0 3.0 13.0 10.0 4.0 37.0 3.0 8.0 11.0 20.0 27.0 1.0 6.0 3.0 5.0 3.0 2.0
321 2.0 10.0 3.0 3.0 3.0 6.0 4.0 17.0 4.0 2.0 5.0 2.0 4.0 2.0 2.0 10.0 6.0 7.0 7.0 2.0 26.0 5.0 5.0 6.0 12.0 15.0 6.0 10.0 5.0 6.0 3.0 6.0
324 5.0 7.0 4.0 5.0 4.0 4.0 4.0 9.0 5.0 5.0 2.0 5.0 3.0 2.0 3.0 6.0 5.0 3.0 5.0 1.0 10.0 8.0 2.0 5.0 2.0 8.0 5.0 2.0 4.0 6.0 1.0 3.0
327 2.0 5.0 3.0 4.0 2.0 3.0 2.0 3.0 6.0 3.0 1.0 1.0 3.0 2.0 0.0 0.0 1.0 2.0 2.0 1.0 5.0 3.0 4.0 3.0 4.0 8.0 1.0 2.0 4.0 2.0 4.0 1.0
330 0.0 6.0 5.0 8.0 3.0 5.0 3.0 3.0 5.0 1.0 1.0 3.0 7.0 4.0 3.0 4.0 2.0 4.0 7.0 0.0 12.0 6.0 7.0 3.0 4.0 6.0 4.0 3.0 2.0 4.0 2.0 3.0
333 1.0 4.0 1.0 1.0 3.0 3.0 2.0 4.0 2.0 3.0 2.0 4.0 2.0 2.0 1.0 4.0 0.0 1.0 3.0 5.0 3.0 1.0 2.0 3.0 3.0 4.0 3.0 5.0 3.0 2.0 1.0 2.0
336 2.0 4.0 2.0 1.0 2.0 4.0 2.0 4.0 4.0 5.0 3.0 2.0 7.0 5.0 6.0 3.0 4.0 1.0 5.0 4.0 3.0 5.0 5.0 6.0 3.0 6.0 3.0 1.0 5.0 1.0 7.0 2.0
339 0.0 1.0 1.0 0.0 1.0 3.0 2.0 2.0 3.0 3.0 2.0 1.0 3.0 0.0 2.0 5.0 0.0 1.0 4.0 1.0 2.0 1.0 4.0 3.0 4.0 2.0 1.0 1.0 2.0 3.0 2.0 2.0
342 4.0 3.0 2.0 2.0 5.0 4.0 2.0 8.0 4.0 3.0 2.0 2.0 6.0 1.0 0.0 2.0 0.0 3.0 5.0 1.0 2.0 1.0 8.0 2.0 4.0 3.0 3.0 3.0 2.0 1.0 4.0 1.0
345 4.0 1.0 3.0 4.0 2.0 5.0 2.0 7.0 6.0 3.0 2.0 1.0 2.0 1.0 4.0 1.0 0.0 3.0 2.0 1.0 8.0 5.0 3.0 1.0 2.0 5.0 1.0 1.0 0.0 0.0 1.0 4.0
348 1.0 0.0 1.0 2.0 0.0 2.0 0.0 1.0 3.0 1.0 0.0 1.0 1.0 1.0 0.0 1.0 1.0 1.0 2.0 1.0 4.0 0.0 3.0 6.0 1.0 2.0 2.0 1.0 2.0 0.0 0.0 0.0
351 1.0 2.0 3.0 6.0 10.0 3.0 2.0 4.0 3.0 2.0 2.0 4.0 4.0 3.0 4.0 4.0 4.0 2.0 5.0 1.0 3.0 0.0 3.0 6.0 2.0 3.0 3.0 6.0 2.0 3.0 0.0 2.0
354 2.0 3.0 1.0 0.0 2.0 3.0 3.0 1.0 1.0 1.0 2.0 1.0 3.0 0.0 0.0 4.0 1.0 0.0 1.0 1.0 3.0 0.0 2.0 0.0 4.0 1.0 0.0 3.0 0.0 1.0 2.0 0.0
357 3.0 4.0 2.0 1.0 2.0 1.0 3.0 4.0 4.0 2.0 1.0 2.0 3.0 1.0 2.0 2.0 3.0 4.0 3.0 2.0 3.0 1.0 3.0 5.0 0.0 8.0 2.0 1.0 6.0 1.0 2.0 4.0
