150 52097.0 42286.0 36762.0 44301.0 37126.0 56112.0 32394.0 41440.0 40968.0 40525.0 45061.0 34402.0 47321.0 39188.0 47169.0 35921.0 53198.0 33557.0 39799.0 40211.0 35707.0 44187.0 61778.0 54928.0 27109.0 48457.0 40850.0 49613.0 48123.0 34398.0 56495.0 45394.0
153 18372302.0 18368524.0 18365116.0 18356146.0 18366278.0 18357727.0 18363511.0 18358658.0 18361325.0 18353895.0 18363938.0 18358084.0 18362657.0 18363838.0 18363502.0 18347472.0 18361036.0 18364493.0 18363444.0 18362899.0 18358245.0 18364361.0 18343182.0 18364166.0 18355994.0 18359662.0 18353568.0 18363573.0 18342773.0 18363687.0 18366870.0 18366832.0
156 18550099.0 18548854.0 18547541.0 18543927.0 18548008.0 18544480.0 18546586.0 18544605.0 18545914.0 18543113.0 18546868.0 18544432.0 18546583.0 18546318.0 18546710.0 18539703.0 18546598.0 18546982.0 18547194.0 18547173.0 18544440.0 18547522.0 18537691.0 18547970.0 18543881.0 18546601.0 18543238.0 18548307.0 18537639.0 18548200.0 18551060.0 18551313.0
159 18921862.0 18920629.0 18919351.0 18916335.0 18919813.0 18916668.0 18918530.0 18916713.0 18917946.0 18916008.0 18918693.0 18916477.0 18918724.0 18918251.0 18918424.0 18914913.0 18918804.0 18918574.0 18918793.0 18918963.0 18916623.0 18918884.0 18914039.0 18919332.0 18916372.0 18918895.0 18916083.0 18919806.0 18914258.0 18919908.0 18921926.0 18922405.0
162 19292382.0 19291132.0 19289997.0 19287115.0 19290341.0 19287342.0 19289274.0 19287292.0 19288739.0 19286712.0 19289393.0 19287096.0 19289379.0 19289016.0 19289042.0 19286340.0 19289443.0 19289200.0 19289367.0 19289439.0 19287176.0 19289354.0 19285845.0 19289560.0 19286979.0 19289229.0 19286772.0 19289977.0 19285934.0 19290027.0 19291770.0 19291890.0
165 19651833.0 19649938.0 19649358.0 19646066.0 19650623.0 19646335.0 19649387.0 19645515.0 19649104.0 19644430.0 19649356.0 19644909.0 19649928.0 19651337.0 19649932.0 19643886.0 19649428.0 19649875.0 19649578.0 19649604.0 19644339.0 19649877.0 19643171.0 19649248.0 19644232.0 19648846.0 19644018.0 19649652.0 19643388.0 19650707.0 19649826.0 19649902.0
168 19736759.0 19735670.0 19735407.0 19740518.0 19736273.0 19741870.0 19736379.0 19740396.0 19736470.0 19736492.0 19736435.0 19737554.0 19737063.0 19740277.0 19737417.0 19732983.0 19736819.0 19738115.0 19737231.0 19737760.0 19732690.0 19738047.0 19730954.0 19737500.0 19731902.0 19737162.0 19731622.0 19737533.0 19730956.0 19738910.0 19735968.0 19736266.0
171 19728806.0 19727486.0 19727402.0 19738347.0 19729228.0 19740194.0 19730152.0 19740653.0 19730924.0 19734965.0 19730871.0 19736578.0 19732186.0 19738354.0 19733203.0 19730404.0 19731574.0 19733911.0 19731885.0 19732848.0 19725734.0 19733511.0 19721829.0 19732586.0 19723135.0 19732489.0 19722400.0 19732716.0 19721558.0 19734583.0 19727977.0 19728414.0
174 19456971.0 19447703.0 19436079.0 19401826.0 19445483.0 19383392.0 19436344.0 19393870.0 19424750.0 19404011.0 19429551.0 19400522.0 19430719.0 19427984.0 19420322.0 19414567.0 19426949.0 19420671.0 19416998.0 19417457.0 19394213.0 19413276.0 19388164.0 19409617.0 19405840.0 19413949.0 19389988.0 19411361.0 19386955.0 19416890.0 19414704.0 19419699.0
177 14307716.0 14095637.0 13931447.0 13614535.0 14232319.0 13145462.0 14245532.0 13429753.0 13942555.0 13855061.0 14078097.0 13714244.0 14136186.0 14147635.0 13911347.0 14165439.0 14165647.0 13970139.0 13854164.0 13918825.0 13599902.0 13820295.0 13643236.0 13776398.0 14044135.0 13951878.0 13530902.0 13857544.0 13570889.0 14065231.0 13926839.0 14219510.0
180 9104988.0 9024150.0 9000053.0 9328268.0 9298005.0 8700898.0 9438726.0 9082447.0 9195825.0 9706528.0 9330960.0 9433688.0 9386241.0 9464032.0 9149142.0 10071399.0 9424067.0 9209422.0 9050528.0 9127516.0 9246670.0 9019689.0 9437173.0 8989457.0 9962185.0 9175321.0 9211181.0 9048794.0 9298580.0 9299734.0 9049131.0 9383067.0
183 2942781.0 2876091.0 2871453.0 3129112.0 3035498.0 2748439.0 3115844.0 2954149.0 2977502.0 3371563.0 3056233.0 3160712.0 3069487.0 3156733.0 2930903.0 3599075.0 3098771.0 2944276.0 2840912.0 2885969.0 3076376.0 2842490.0 3257098.0 2865318.0 3556926.0 2920078.0 3111653.0 2851581.0 3178746.0 2981139.0 2826311.0 3038713.0
186 212761.0 186591.0 203869.0 252539.0 237746.0 194878.0 235239.0 201578.0 233547.0 283395.0 239505.0 231019.0 246052.0 278936.0 222154.0 328699.0 276379.0 223010.0 215574.0 228691.0 221622.0 228906.0 283789.0 286301.0 286378.0 236989.0 245391.0 239091.0 284505.0 261987.0 231679.0 324846.0
189 198795.0 175072.0 191351.0 225044.0 208378.0 190402.0 192208.0 187113.0 211744.0 218834.0 203961.0 200621.0 220256.0 227463.0 199941.0 216147.0 236729.0 196717.0 203118.0 209915.0 194912.0 213669.0 240276.0 266358.0 198064.0 210164.0 213485.0 212460.0 249792.0 216987.0 203044.0 287078.0
192 198219.0 174391.0 191796.0 224218.0 206156.0 190179.0 191034.0 186386.0 212110.0 216609.0 202379.0 199973.0 218791.0 225814.0 199394.0 207850.0 235749.0 194612.0 202648.0 211055.0 193691.0 213060.0 238462.0 264336.0 190107.0 208652.0 211651.0 209739.0 248187.0 213854.0 201326.0 284614.0
195 197927.0 174604.0 192251.0 224170.0 207816.0 189184.0 191505.0 186188.0 211119.0 216751.0 202655.0 199030.0 218988.0 225351.0 198890.0 209361.0 235684.0 193941.0 202589.0 211261.0 193138.0 213094.0 239452.0 264426.0 190406.0 209286.0 203921.0 210574.0 250821.0 214214.0 201276.0 281904.0
198 197971.0 173811.0 190845.0 222609.0 207196.0 188687.0 189199.0 184734.0 210096.0 215960.0 201766.0 198865.0 219461.0 224512.0 198146.0 208289.0 235915.0 189776.0 200999.0 210561.0 191433.0 211228.0 239639.0 261381.0 188740.0 208937.0 205164.0 209436.0 252918.0 211820.0 200715.0 278860.0
201 196083.0 172310.0 191044.0 221572.0 204488.0 186609.0 188219.0 182390.0 207889.0 213293.0 199946.0 195327.0 217262.0 222103.0 196239.0 206992.0 233073.0 186398.0 198794.0 207458.0 188019.0 205592.0 237895.0 256930.0 186012.0 206456.0 200516.0 206293.0 245564.0 208659.0 199112.0 271407.0
204 194177.0 167753.0 181955.0 218375.0 200836.0 178052.0 185156.0 170229.0 204049.0 209116.0 195229.0 182524.0 211959.0 214789.0 187231.0 205337.0 229283.0 171418.0 188611.0 198225.0 169193.0 181889.0 235362.0 238526.0 175748.0 201703.0 190175.0 194996.0 241817.0 196330.0 190875.0 240286.0
207 185828.0 147374.0 143979.0 201415.0 182385.0 142654.0 168674.0 125352.0 184332.0 188826.0 178646.0 137070.0 191228.0 183110.0 153812.0 198339.0 217710.0 120926.0 149848.0 167063.0 111681.0 112750.0 228829.0 175661.0 133690.0 178538.0 154480.0 156832.0 224127.0 151768.0 159928.0 160476.0
210 142713.0 87306.0 68275.0 143220.0 118953.0 67549.0 114454.0 49417.0 123017.0 124193.0 117749.0 58923.0 121562.0 100875.0 76561.0 166422.0 166008.0 43944.0 71087.0 91053.0 37701.0 34889.0 195817.0 73894.0 60780.0 110784.0 70060.0 79144.0 160704.0 71414.0 91895.0 60915.0
213 71280.0 29802.0 20553.0 61760.0 45584.0 19004.0 49087.0 12725.0 48095.0 48339.0 44877.0 15755.0 45369.0 32377.0 22218.0 98999.0 83891.0 10973.0 20610.0 28208.0 9803.0 9542.0 123682.0 20676.0 18086.0 41257.0 19263.0 24167.0 72968.0 20423.0 32337.0 18070.0
216 17169.0 7265.0 6852.0 14056.0 10550.0 6439.0 11862.0 5355.0 10910.0 10875.0 10240.0 6051.0 10494.0 8582.0 6742.0 28937.0 20815.0 5334.0 7020.0 8123.0 5392.0 5814.0 40918.0 8411.0 6136.0 9889.0 6944.0 7549.0 17121.0 7056.0 8445.0 8430.0
219 6781.0 4968.0 5235.0 7146.0 6186.0 5205.0 5925.0 4634.0 6149.0 6244.0 5998.0 5005.0 6429.0 6155.0 5434.0 8661.0 8153.0 4717.0 5632.0 6062.0 4707.0 5203.0 11954.0 7000.0 4695.0 6117.0 5471.0 5795.0 7822.0 5528.0 5625.0 7227.0
222 5490.0 4122.0 4602.0 6163.0 5327.0 4378.0 5049.0 3985.0 5384.0 5457.0 5063.0 4434.0 5549.0 5350.0 4656.0 6201.0 6717.0 3974.0 4705.0 5185.0 3979.0 4359.0 7500.0 6021.0 4196.0 5305.0 4742.0 4973.0 6733.0 4811.0 4797.0 6205.0
225 4784.0 3658.0 3913.0 5465.0 4665.0 3826.0 4384.0 3393.0 4734.0 4917.0 4515.0 3881.0 4921.0 4783.0 4051.0 5426.0 5890.0 3458.0 4210.0 4551.0 3499.0 3832.0 6599.0 5208.0 3647.0 4676.0 4402.0 4320.0 5801.0 4156.0 4082.0 5348.0
228 4240.0 3158.0 3541.0 4640.0 4045.0 3473.0 3803.0 2990.0 4056.0 4141.0 3894.0 3324.0 4303.0 4213.0 3389.0 4683.0 5098.0 3058.0 3726.0 4052.0 3114.0 3567.0 5726.0 4624.0 3136.0 4021.0 3643.0 3751.0 5288.0 3734.0 3679.0 5056.0
231 3908.0 2980.0 3207.0 4263.0 3784.0 3257.0 3436.0 2919.0 3622.0 3614.0 3529.0 3245.0 3959.0 3748.0 3265.0 4186.0 4478.0 2943.0 3565.0 3814.0 2973.0 3422.0 5218.0 4442.0 2956.0 3734.0 3658.0 3685.0 4652.0 3509.0 3459.0 4770.0
234 3619.0 2817.0 3336.0 4057.0 3655.0 3157.0 3365.0 2749.0 3528.0 3417.0 3304.0 2982.0 3716.0 3685.0 3226.0 3886.0 4200.0 2984.0 3408.0 3637.0 2939.0 3133.0 4698.0 4316.0 2757.0 3607.0 3474.0 3431.0 4432.0 3361.0 3226.0 4497.0
237 3474.0 2861.0 3138.0 4123.0 3616.0 3058.0 3276.0 2617.0 3586.0 3427.0 3230.0 2956.0 3679.0 3531.0 3072.0 3791.0 4198.0 2730.0 3325.0 3594.0 2808.0 3174.0 4491.0 4153.0 2776.0 3520.0 3168.0 3472.0 4236.0 3179.0 3245.0 4294.0
240 3480.0 2654.0 3028.0 3970.0 3429.0 2973.0 3177.0 2577.0 3320.0 3261.0 3342.0 3011.0 3500.0 3415.0 2906.0 3786.0 3997.0 2591.0 3248.0 3463.0 2633.0 2891.0 4486.0 3937.0 2622.0 3369.0 3280.0 3274.0 4097.0 3192.0 3098.0 3993.0
243 3223.0 2610.0 2771.0 3755.0 3321.0 2863.0 3093.0 2435.0 3300.0 3223.0 3205.0 2679.0 3491.0 3079.0 2840.0 3543.0 3951.0 2406.0 2922.0 3305.0 2410.0 2574.0 4399.0 3732.0 2472.0 3167.0 3108.0 3023.0 4061.0 2817.0 3032.0 3566.0
246 3109.0 2499.0 2581.0 3467.0 3180.0 2618.0 2947.0 2007.0 3068.0 2939.0 2840.0 2339.0 3181.0 2972.0 2569.0 3387.0 3750.0 1794.0 2649.0 3007.0 1813.0 1946.0 4218.0 3023.0 1913.0 2936.0 2749.0 2608.0 3765.0 2438.0 2680.0 2660.0
249 2956.0 2230.0 1945.0 3161.0 2781.0 2181.0 2488.0 1541.0 2735.0 2664.0 2643.0 1658.0 2980.0 2452.0 2121.0 3131.0 3492.0 1309.0 2044.0 2602.0 1081.0 1129.0 4036.0 2252.0 1279.0 2727.0 1989.0 2137.0 3435.0 1779.0 2331.0 1611.0
252 2663.0 1594.0 1219.0 2647.0 2118.0 1282.0 2050.0 707.0 2101.0 1953.0 2125.0 897.0 2277.0 1661.0 1238.0 2857.0 2984.0 529.0 1153.0 1619.0 432.0 426.0 3774.0 1259.0 589.0 2021.0 1061.0 1301.0 2725.0 941.0 1650.0 769.0
255 1957.0 906.0 529.0 1734.0 1122.0 578.0 1231.0 290.0 1305.0 1181.0 1212.0 322.0 1350.0 721.0 563.0 2187.0 2240.0 153.0 490.0 779.0 157.0 170.0 3202.0 459.0 254.0 1149.0 411.0 576.0 1864.0 345.0 861.0 338.0
258 968.0 308.0 161.0 665.0 412.0 207.0 438.0 96.0 424.0 346.0 464.0 123.0 499.0 214.0 204.0 1255.0 1131.0 94.0 203.0 232.0 74.0 108.0 2155.0 167.0 118.0 391.0 122.0 198.0 695.0 141.0 310.0 150.0
261 415.0 117.0 99.0 290.0 161.0 103.0 202.0 74.0 160.0 176.0 193.0 95.0 188.0 123.0 131.0 518.0 448.0 69.0 125.0 120.0 73.0 73.0 1155.0 140.0 95.0 164.0 99.0 110.0 295.0 106.0 123.0 115.0
264 157.0 85.0 109.0 146.0 97.0 100.0 101.0 64.0 106.0 105.0 131.0 103.0 128.0 95.0 74.0 186.0 159.0 71.0 96.0 107.0 87.0 73.0 458.0 112.0 55.0 121.0 105.0 109.0 189.0 101.0 115.0 127.0
267 89.0 82.0 73.0 153.0 107.0 79.0 114.0 55.0 107.0 86.0 90.0 80.0 96.0 118.0 71.0 135.0 153.0 61.0 84.0 124.0 87.0 72.0 192.0 102.0 77.0 114.0 94.0 84.0 153.0 87.0 85.0 95.0
270 116.0 66.0 66.0 120.0 100.0 66.0 87.0 47.0 94.0 88.0 85.0 75.0 99.0 94.0 77.0 120.0 133.0 62.0 77.0 97.0 47.0 70.0 166.0 95.0 63.0 102.0 91.0 82.0 112.0 70.0 86.0 104.0
273 95.0 61.0 72.0 115.0 82.0 67.0 88.0 49.0 103.0 91.0 83.0 66.0 75.0 100.0 87.0 109.0 110.0 55.0 75.0 95.0 52.0 61.0 147.0 100.0 59.0 81.0 78.0 81.0 96.0 88.0 81.0 93.0
276 81.0 78.0 92.0 89.0 89.0 89.0 75.0 48.0 81.0 72.0 98.0 73.0 95.0 79.0 75.0 95.0 109.0 44.0 71.0 79.0 56.0 71.0 144.0 92.0 51.0 84.0 69.0 56.0 98.0 68.0 79.0 76.0
279 70.0 65.0 68.0 105.0 93.0 42.0 83.0 35.0 90.0 93.0 73.0 52.0 104.0 75.0 69.0 99.0 103.0 54.0 78.0 72.0 42.0 54.0 128.0 95.0 51.0 96.0 59.0 90.0 105.0 61.0 66.0 84.0
282 83.0 54.0 61.0 102.0 87.0 68.0 83.0 45.0 71.0 62.0 73.0 51.0 72.0 75.0 56.0 97.0 90.0 37.0 59.0 82.0 38.0 47.0 145.0 85.0 41.0 74.0 69.0 61.0 98.0 67.0 69.0 66.0
285 85.0 71.0 53.0 90.0 57.0 53.0 64.0 35.0 86.0 61.0 64.0 58.0 68.0 58.0 53.0 90.0 102.0 37.0 58.0 68.0 39.0 42.0 130.0 88.0 36.0 82.0 58.0 62.0 75.0 42.0 71.0 59.0
288 69.0 49.0 37.0 79.0 65.0 50.0 61.0 24.0 62.0 69.0 53.0 32.0 67.0 49.0 51.0 66.0 84.0 31.0 51.0 60.0 23.0 33.0 95.0 56.0 32.0 60.0 48.0 49.0 93.0 39.0 47.0 33.0
291 66.0 37.0 28.0 71.0 55.0 36.0 50.0 15.0 53.0 59.0 50.0 20.0 58.0 40.0 35.0 73.0 79.0 14.0 56.0 49.0 19.0 15.0 106.0 37.0 14.0 50.0 25.0 36.0 77.0 24.0 45.0 14.0
294 60.0 31.0 21.0 53.0 37.0 32.0 35.0 10.0 41.0 31.0 46.0 9.0 46.0 19.0 22.0 59.0 66.0 7.0 22.0 28.0 7.0 6.0 96.0 12.0 8.0 48.0 14.0 17.0 61.0 11.0 34.0 8.0
297 46.0 21.0 16.0 38.0 33.0 16.0 34.0 6.0 29.0 35.0 28.0 7.0 27.0 10.0 14.0 54.0 50.0 4.0 13.0 23.0 6.0 6.0 76.0 10.0 3.0 27.0 10.0 11.0 40.0 8.0 23.0 6.0
300 28.0 8.0 3.0 36.0 12.0 7.0 10.0 4.0 23.0 13.0 14.0 2.0 12.0 6.0 4.0 37.0 28.0 1.0 5.0 7.0 0.0 2.0 59.0 7.0 1.0 22.0 4.0 5.0 17.0 6.0 11.0 2.0
303 16.0 6.0 5.0 13.0 9.0 3.0 9.0 3.0 8.0 6.0 6.0 4.0 14.0 2.0 3.0 21.0 26.0 2.0 5.0 7.0 3.0 7.0 58.0 1.0 1.0 12.0 6.0 5.0 14.0 3.0 4.0 6.0
306 9.0 1.0 2.0 7.0 6.0 2.0 6.0 4.0 6.0 5.0 5.0 4.0 6.0 2.0 3.0 11.0 8.0 1.0 4.0 2.0 6.0 5.0 20.0 1.0 1.0 5.0 5.0 3.0 6.0 2.0 3.0 6.0
309 6.0 4.0 0.0 5.0 6.0 0.0 2.0 4.0 7.0 3.0 4.0 0.0 3.0 2.0 0.0 5.0 7.0 3.0 3.0 1.0 1.0 2.0 14.0 1.0 1.0 2.0 2.0 3.0 2.0 3.0 3.0 3.0
312 6.0 3.0 2.0 6.0 2.0 2.0 0.0 1.0 1.0 2.0 1.0 1.0 6.0 3.0 1.0 5.0 4.0 4.0 2.0 3.0 2.0 3.0 12.0 5.0 5.0 2.0 4.0 4.0 5.0 4.0 3.0 3.0
315 2.0 2.0 2.0 3.0 2.0 1.0 3.0 1.0 4.0 1.0 1.0 5.0 3.0 1.0 4.0 2.0 4.0 2.0 4.0 3.0 1.0 1.0 8.0 1.0 2.0 1.0 2.0 3.0 3.0 0.0 3.0 2.0
318 3.0 2.0 1.0 7.0 6.0 1.0 3.0 1.0 3.0 7.0 3.0 4.0 4.0 4.0 1.0 4.0 4.0 1.0 1.0 1.0 4.0 2.0 5.0 4.0 1.0 6.0 1.0 3.0 0.0 2.0 1.0 3.0
321 7.0 1.0 4.0 5.0 3.0 1.0 3.0 3.0 2.0 0.0 1.0 1.0 1.0 2.0 2.0 6.0 3.0 3.0 2.0 1.0 1.0 1.0 2.0 2.0 2.0 2.0 4.0 0.0 0.0 2.0 0.0 0.0
324 3.0 4.0 2.0 5.0 3.0 3.0 2.0 0.0 1.0 1.0 3.0 2.0 3.0 0.0 2.0 3.0 1.0 2.0 1.0 2.0 0.0 0.0 6.0 1.0 0.0 0.0 3.0 2.0 3.0 6.0 2.0 1.0
327 4.0 3.0 3.0 4.0 4.0 1.0 0.0 1.0 1.0 1.0 1.0 2.0 1.0 1.0 1.0 3.0 2.0 0.0 0.0 2.0 1.0 0.0 0.0 1.0 1.0 3.0 1.0 1.0 1.0 0.0 2.0 0.0
330 4.0 1.0 1.0 3.0 1.0 0.0 2.0 1.0 1.0 3.0 5.0 3.0 0.0 1.0 0.0 3.0 5.0 0.0 2.0 3.0 1.0 0.0 5.0 1.0 1.0 3.0 1.0 2.0 2.0 2.0 2.0 0.0
333 7.0 2.0 2.0 4.0 4.0 2.0 2.0 1.0 3.0 1.0 2.0 3.0 0.0 0.0 1.0 1.0 2.0 0.0 0.0 0.0 0.0 1.0 5.0 1.0 1.0 3.0 0.0 4.0 0.0 2.0 1.0 2.0
336 3.0 1.0 0.0 0.0 0.0 1.0 1.0 0.0 1.0 0.0 2.0 0.0 1.0 2.0 0.0 1.0 2.0 0.0 0.0 2.0 0.0 1.0 3.0 0.0 1.0 0.0 0.0 1.0 2.0 1.0 0.0 0.0
339 2.0 2.0 3.0 4.0 0.0 1.0 5.0 1.0 0.0 1.0 0.0 4.0 0.0 0.0 1.0 5.0 2.0 2.0 1.0 2.0 1.0 3.0 6.0 1.0 1.0 5.0 4.0 1.0 1.0 2.0 2.0 2.0
342 2.0 1.0 0.0 2.0 0.0 2.0 1.0 2.0 2.0 1.0 0.0 0.0 0.0 0.0 0.0 1.0 3.0 1.0 2.0 0.0 0.0 1.0 5.0 1.0 1.0 0.0 0.0 1.0 1.0 1.0 0.0 0.0
345 1.0 2.0 0.0 1.0 0.0 2.0 0.0 1.0 2.0 0.0 1.0 3.0 0.0 1.0 2.0 3.0 1.0 2.0 1.0 0.0 0.0 0.0 3.0 0.0 0.0 0.0 0.0 1.0 0.0 2.0 0.0 0.0
348 0.0 0.0 0.0 0.0 1.0 0.0 0.0 0.0 0.0 1.0 1.0 2.0 1.0 1.0 0.0 0.0 0.0 0.0 0.0 1.0 0.0 1.0 2.0 0.0 2.0 1.0 1.0 0.0 0.0 0.0 1.0 0.0
351 0.0 0.0 0.0 0.0 1.0 0.0 0.0 0.0 0.0 0.0 0.0 0.0 0.0 0.0 0.0 0.0 0.0 0.0 0.0 0.0 0.0 0.0 0.0 0.0 0.0 0.0 0.0 0.0 0.0 0.0 0.0 0.0
354 1.0 3.0 2.0 0.0 1.0 0.0 2.0 1.0 1.0 2.0 1.0 1.0 1.0 3.0 1.0 0.0 0.0 0.0 0.0 0.0 0.0 0.0 3.0 0.0 0.0 1.0 0.0 0.0 0.0 2.0 0.0 1.0
357 0.0 0.0 1.0 0.0 0.0 0.0 0.0 0.0 0.0 0.0 0.0 0.0 0.0 0.0 1.0 0.0 0.0 0.0 1.0 1.0 1.0 0.0 1.0 1.0 0.0 0.0 0.0 0.0 0.0 0.0 0.0 0.0
