150 22670.0 23428.0 17765.0 24036.0 18178.0 18478.0 17874.0 18615.0 16135.0 11996.0 15800.0 12422.0 18527.0 20785.0 19353.0 15627.0 17245.0 16231.0 13129.0 17953.0 18663.0 17463.0 28308.0 13876.0 11967.0 16157.0 18273.0 17387.0 21703.0 14066.0 16814.0 13500.0
153 16520975.0 16511406.0 16500242.0 16486517.0 16503832.0 16492737.0 16498099.0 16486972.0 16483461.0 16483457.0 16496368.0 16480720.0 16494021.0 16497540.0 16506854.0 16481613.0 16500960.0 16497978.0 16494117.0 16498126.0 16485603.0 16501853.0 16488304.0 16494195.0 16476380.0 16490188.0 16478671.0 16490127.0 16482474.0 16494242.0 16498152.0 16504896.0
156 18233099.0 18227883.0 18221998.0 18206668.0 18222986.0 18211735.0 18218808.0 18209125.0 18216592.0 18212810.0 18219035.0 18211851.0 18217205.0 18216017.0 18221799.0 18208216.0 18220491.0 18219622.0 18220070.0 18218678.0 18206794.0 18220023.0 18203771.0 18219572.0 18209481.0 18217247.0 18203100.0 18216432.0 18202490.0 18220759.0 18223450.0 18227383.0
159 18620201.0 18617028.0 18612567.0 18599414.0 18612899.0 18603454.0 18609611.0 18601664.0 18607194.0 18604870.0 18609091.0 18603871.0 18607531.0 18607052.0 18610547.0 18601040.0 18609939.0 18609498.0 18609975.0 18609390.0 18600543.0 18610137.0 18597694.0 18609701.0 18602779.0 18608595.0 18597665.0 18607632.0 18596948.0 18611116.0 18613539.0 18615795.0
162 18990809.0 18989604.0 18986835.0 18982398.0 18986956.0 18983137.0 18985652.0 18982723.0 18984500.0 18983240.0 18985184.0 18983021.0 18985384.0 18985145.0 18985311.0 18982533.0 18985528.0 18985315.0 18985429.0 18985828.0 18982514.0 18985970.0 18982070.0 18985546.0 18983020.0 18986118.0 18981525.0 18986143.0 18981536.0 18986828.0 18988449.0 18989433.0
165 19233775.0 19233248.0 19231402.0 19227429.0 19231312.0 19228012.0 19230214.0 19227709.0 19229309.0 19228163.0 19229784.0 19227988.0 19230065.0 19229758.0 19230018.0 19227667.0 19230013.0 19229945.0 19229990.0 19230259.0 19227691.0 19230212.0 19226911.0 19230188.0 19227929.0 19230285.0 19227298.0 19230578.0 19227254.0 19231103.0 19232053.0 19232546.0
168 19679633.0 19679333.0 19677821.0 19673450.0 19677416.0 19673938.0 19676336.0 19673697.0 19675533.0 19674007.0 19675820.0 19673793.0 19676309.0 19676047.0 19676005.0 19673592.0 19676096.0 19675669.0 19675922.0 19676134.0 19673434.0 19675995.0 19672878.0 19675752.0 19673854.0 19675874.0 19673223.0 19676081.0 19673171.0 19676646.0 19677435.0 19677684.0
171 19760264.0 19760076.0 19758818.0 19754888.0 19758534.0 19755165.0 19757598.0 19754975.0 19756804.0 19755207.0 19756954.0 19755141.0 19757609.0 19757136.0 19757185.0 19754912.0 19757037.0 19756833.0 19756830.0 19757078.0 19754739.0 19756873.0 19754267.0 19756711.0 19755089.0 19756788.0 19754480.0 19756780.0 19754586.0 19757188.0 19757603.0 19757789.0
174 19773133.0 19772846.0 19771840.0 19766995.0 19771561.0 19767521.0 19770667.0 19767600.0 19769996.0 19768231.0 19770056.0 19768305.0 19770615.0 19769898.0 19770034.0 19767816.0 19769940.0 19769623.0 19769627.0 19769855.0 19767619.0 19769669.0 19766375.0 19769425.0 19768144.0 19769494.0 19766752.0 19769391.0 19767063.0 19769677.0 19770016.0 19770137.0
177 19428313.0 19422072.0 19414023.0 19379418.0 19416389.0 19364994.0 19408397.0 19379559.0 19416613.0 19389201.0 19407728.0 19400424.0 19413547.0 19397129.0 19400796.0 19397361.0 19404869.0 19401194.0 19403531.0 19396473.0 19376045.0 19392899.0 19366824.0 19391602.0 19385258.0 19391381.0 19366504.0 19393155.0 19370409.0 19392722.0 19394284.0 19395299.0
180 11107600.0 11098681.0 10979854.0 10834035.0 11114171.0 10583942.0 11044913.0 10981026.0 11608679.0 11149382.0 11169955.0 11349782.0 11299923.0 10961594.0 11058079.0 11343312.0 11169339.0 11171111.0 11240594.0 10969391.0 10823029.0 10929051.0 10680856.0 10963117.0 11202649.0 11003862.0 10724164.0 11099712.0 10785440.0 11092725.0 11114068.0 11084730.0
183 8035393.0 8078479.0 8005175.0 8244906.0 8186950.0 7993781.0 8143675.0 8460268.0 8810020.0 8635030.0 8300950.0 8839437.0 8423118.0 8072278.0 8179998.0 8835414.0 8295958.0 8302349.0 8359381.0 8051009.0 8193447.0 8005877.0 8052059.0 8035020.0 8673256.0 8060943.0 8106801.0 8181681.0 8156964.0 8148072.0 8155551.0 8070057.0
186 2011207.0 2038825.0 1990097.0 2107614.0 2074951.0 1974408.0 2063352.0 2214850.0 2460822.0 2267340.0 2124746.0 2379406.0 2170012.0 2032532.0 2081483.0 2400172.0 2120103.0 2136119.0 2145940.0 1996067.0 2069855.0 1976893.0 2073857.0 1974922.0 2321436.0 1997451.0 2048899.0 2077547.0 2097671.0 2044641.0 2040198.0 1971988.0
189 221512.0 245271.0 224500.0 245772.0 222191.0 210748.0 220208.0 244302.0 354668.0 225667.0 221315.0 251784.0 244840.0 226387.0 255914.0 259724.0 224137.0 238094.0 228713.0 211664.0 217646.0 197805.0 290798.0 200353.0 235552.0 212436.0 216016.0 237171.0 237259.0 229378.0 237407.0 203959.0
192 209269.0 231322.0 211360.0 226027.0 199239.0 200438.0 194001.0 210101.0 269971.0 187983.0 193116.0 196735.0 212775.0 204191.0 235821.0 198503.0 193268.0 197297.0 185089.0 190086.0 196275.0 177970.0 269439.0 183205.0 179749.0 189170.0 197467.0 198974.0 208395.0 196136.0 210763.0 179373.0
195 209513.0 232818.0 211384.0 225053.0 197636.0 202874.0 192944.0 207407.0 263054.0 186159.0 192057.0 192672.0 210809.0 202875.0 234671.0 192813.0 190182.0 194541.0 181898.0 187972.0 195971.0 176732.0 267178.0 181518.0 172995.0 185702.0 196191.0 196367.0 206170.0 191050.0 206122.0 177420.0
198 208811.0 233549.0 209459.0 224258.0 197723.0 202741.0 191972.0 207080.0 260936.0 184822.0 188683.0 192761.0 209609.0 203195.0 234376.0 192451.0 190373.0 194063.0 181314.0 188079.0 195049.0 175498.0 266599.0 182106.0 172485.0 185831.0 195835.0 196458.0 204764.0 189848.0 205368.0 176001.0
201 207526.0 232828.0 209456.0 223392.0 196634.0 199703.0 191725.0 206217.0 261691.0 185577.0 190249.0 192448.0 208840.0 203291.0 233274.0 192373.0 189979.0 193415.0 180616.0 186856.0 194280.0 175583.0 267219.0 182185.0 173061.0 184993.0 195135.0 196433.0 204943.0 189739.0 206200.0 175899.0
204 208136.0 230760.0 207906.0 224545.0 196259.0 199438.0 192001.0 206420.0 260408.0 183513.0 189866.0 191344.0 210418.0 201991.0 231138.0 191879.0 189478.0 193536.0 181111.0 186779.0 194574.0 174257.0 266193.0 178451.0 171789.0 184933.0 194909.0 195393.0 204311.0 192103.0 205660.0 174093.0
207 207079.0 229604.0 207676.0 223358.0 194787.0 196536.0 190275.0 206238.0 257699.0 178376.0 186226.0 188277.0 207878.0 201254.0 225945.0 190836.0 186986.0 191104.0 176944.0 184919.0 192807.0 172023.0 266408.0 174699.0 169056.0 182735.0 192894.0 193985.0 202289.0 189111.0 200742.0 167849.0
210 200613.0 222360.0 197191.0 218288.0 187622.0 180622.0 184397.0 199598.0 243947.0 145257.0 177892.0 170438.0 204760.0 197236.0 193584.0 184274.0 177891.0 181716.0 164136.0 177641.0 187762.0 162965.0 256331.0 150442.0 155816.0 173835.0 185887.0 186379.0 198271.0 170714.0 176921.0 138409.0
213 175190.0 191645.0 157542.0 204196.0 160436.0 125200.0 162321.0 170823.0 198152.0 80096.0 144386.0 116222.0 194088.0 186002.0 116958.0 158099.0 145445.0 148122.0 123647.0 149371.0 165202.0 129784.0 219726.0 93693.0 113510.0 144850.0 160363.0 158165.0 180546.0 124547.0 119428.0 84498.0
216 105545.0 107101.0 75398.0 147528.0 92313.0 45504.0 98743.0 96774.0 92765.0 21517.0 69621.0 40663.0 148179.0 134986.0 34687.0 89236.0 74067.0 74356.0 53973.0 79682.0 98179.0 62091.0 126189.0 30340.0 44385.0 81475.0 93953.0 90450.0 122924.0 53831.0 45402.0 27310.0
219 36992.0 33072.0 21396.0 64484.0 31646.0 11593.0 34814.0 31775.0 24215.0 6563.0 18808.0 10276.0 71370.0 62657.0 9643.0 28314.0 21499.0 21355.0 14176.0 24260.0 33585.0 17973.0 41997.0 8460.0 11097.0 27878.0 32651.0 30770.0 51494.0 14826.0 12501.0 7661.0
222 10396.0 9412.0 7546.0 16762.0 8920.0 6297.0 9462.0 8991.0 8627.0 5074.0 6586.0 5650.0 19086.0 16440.0 6497.0 8134.0 7030.0 6804.0 5680.0 7300.0 8981.0 6005.0 11851.0 5207.0 5162.0 7933.0 8855.0 8624.0 13656.0 6308.0 6441.0 4683.0
225 6131.0 6685.0 5869.0 7288.0 5693.0 5299.0 5463.0 5838.0 6766.0 4305.0 5051.0 4991.0 7457.0 6691.0 5721.0 5625.0 5171.0 5164.0 4508.0 5220.0 5710.0 4627.0 8173.0 4472.0 4175.0 5338.0 5630.0 5525.0 6406.0 4845.0 5209.0 4004.0
228 5365.0 5778.0 4959.0 6431.0 5058.0 4496.0 4988.0 5314.0 6112.0 3776.0 4362.0 4284.0 6344.0 5715.0 4793.0 4818.0 4622.0 4589.0 4019.0 4590.0 5144.0 4074.0 7196.0 3909.0 3820.0 4846.0 4876.0 4863.0 5612.0 4434.0 4550.0 3462.0
231 4885.0 5198.0 4571.0 5694.0 4364.0 3932.0 4363.0 4761.0 5208.0 3296.0 3837.0 3712.0 5716.0 5106.0 4355.0 4444.0 3923.0 3979.0 3582.0 4218.0 4486.0 3522.0 6292.0 3505.0 3191.0 4247.0 4442.0 4223.0 4889.0 3700.0 4089.0 2954.0
234 4221.0 4431.0 3920.0 4880.0 3822.0 3500.0 3861.0 4253.0 4705.0 3015.0 3450.0 3280.0 5000.0 4399.0 3885.0 3646.0 3513.0 3467.0 3152.0 3582.0 3909.0 3110.0 5612.0 3195.0 2904.0 3838.0 3811.0 3668.0 4434.0 3432.0 3787.0 2891.0
237 4016.0 4249.0 3675.0 4470.0 3630.0 3493.0 3462.0 3954.0 4436.0 2886.0 3291.0 3137.0 4557.0 4098.0 3824.0 3450.0 3403.0 3257.0 2971.0 3334.0 3657.0 3116.0 5262.0 3052.0 2694.0 3617.0 3546.0 3399.0 3910.0 3426.0 3568.0 2732.0
240 3931.0 4024.0 3696.0 4572.0 3455.0 3402.0 3372.0 3775.0 4144.0 2879.0 3146.0 3190.0 4298.0 3888.0 3644.0 3367.0 3197.0 3145.0 2850.0 3142.0 3420.0 2879.0 5128.0 2926.0 2645.0 3418.0 3543.0 3366.0 3862.0 3195.0 3469.0 2672.0
243 3789.0 4029.0 3546.0 4397.0 3369.0 3284.0 3402.0 3730.0 4130.0 2749.0 3050.0 2924.0 4262.0 3919.0 3418.0 3352.0 3123.0 3164.0 2814.0 3086.0 3361.0 2882.0 5103.0 2849.0 2580.0 3479.0 3457.0 3311.0 3546.0 3072.0 3345.0 2577.0
246 3642.0 3953.0 3385.0 4199.0 3382.0 3084.0 3212.0 3582.0 3702.0 2514.0 3023.0 2890.0 4264.0 3647.0 3420.0 3130.0 3057.0 3078.0 2829.0 3086.0 3396.0 2880.0 4917.0 2778.0 2493.0 3229.0 3239.0 3118.0 3599.0 2925.0 3114.0 2367.0
249 3576.0 3656.0 3315.0 4056.0 3224.0 2906.0 3069.0 3366.0 3718.0 2275.0 2790.0 2685.0 4107.0 3636.0 3111.0 3089.0 2875.0 2879.0 2535.0 2940.0 3238.0 2704.0 4729.0 2657.0 2330.0 3179.0 3193.0 3099.0 3444.0 2720.0 2859.0 2110.0
252 3403.0 3529.0 3205.0 3754.0 3076.0 2633.0 2908.0 3294.0 3315.0 1644.0 2729.0 2274.0 3959.0 3394.0 2468.0 2837.0 2741.0 2629.0 2305.0 2800.0 3080.0 2441.0 4287.0 2234.0 1924.0 2986.0 3168.0 2905.0 3283.0 2520.0 2558.0 1713.0
255 3225.0 3229.0 2609.0 3633.0 2726.0 2023.0 2756.0 2929.0 2576.0 996.0 2371.0 1613.0 3720.0 3380.0 1728.0 2648.0 2522.0 2369.0 1941.0 2536.0 2945.0 2266.0 3923.0 1514.0 1595.0 2638.0 2770.0 2527.0 3225.0 1820.0 1904.0 1105.0
258 2626.0 2519.0 1664.0 3281.0 2184.0 1125.0 2223.0 2188.0 1467.0 341.0 1592.0 723.0 3340.0 2966.0 727.0 1931.0 1739.0 1586.0 1063.0 1863.0 2153.0 1539.0 3061.0 616.0 758.0 2068.0 2165.0 1926.0 2648.0 1031.0 1031.0 458.0
261 1834.0 1647.0 906.0 2573.0 1467.0 462.0 1506.0 1427.0 623.0 132.0 866.0 287.0 2697.0 2399.0 264.0 1128.0 979.0 869.0 461.0 1101.0 1441.0 848.0 1898.0 247.0 288.0 1267.0 1443.0 1202.0 1995.0 491.0 432.0 162.0
264 852.0 720.0 314.0 1433.0 660.0 175.0 677.0 557.0 188.0 89.0 272.0 132.0 1659.0 1485.0 130.0 432.0 394.0 295.0 187.0 420.0 652.0 277.0 778.0 101.0 125.0 549.0 629.0 510.0 1083.0 174.0 160.0 81.0
267 386.0 226.0 163.0 682.0 263.0 109.0 291.0 203.0 125.0 86.0 131.0 106.0 779.0 732.0 113.0 179.0 143.0 132.0 106.0 174.0 233.0 140.0 332.0 98.0 78.0 239.0 214.0 213.0 489.0 100.0 141.0 76.0
270 166.0 149.0 108.0 271.0 134.0 121.0 140.0 149.0 118.0 70.0 93.0 93.0 283.0 279.0 101.0 109.0 95.0 116.0 84.0 116.0 150.0 99.0 223.0 82.0 77.0 128.0 128.0 113.0 211.0 99.0 106.0 64.0
273 130.0 145.0 104.0 163.0 107.0 98.0 100.0 115.0 114.0 53.0 84.0 79.0 169.0 156.0 87.0 103.0 112.0 83.0 73.0 100.0 95.0 89.0 184.0 76.0 58.0 98.0 118.0 92.0 127.0 90.0 100.0 55.0
276 97.0 116.0 102.0 154.0 98.0 87.0 87.0 109.0 89.0 57.0 84.0 79.0 161.0 110.0 76.0 88.0 90.0 80.0 59.0 88.0 105.0 78.0 155.0 71.0 62.0 105.0 89.0 87.0 114.0 73.0 87.0 62.0
279 92.0 127.0 77.0 136.0 90.0 84.0 83.0 109.0 78.0 59.0 73.0 66.0 139.0 117.0 72.0 77.0 75.0 77.0 68.0 76.0 92.0 71.0 147.0 58.0 56.0 87.0 90.0 80.0 92.0 77.0 71.0 48.0
282 95.0 96.0 90.0 109.0 89.0 73.0 89.0 92.0 81.0 59.0 82.0 64.0 126.0 121.0 81.0 76.0 69.0 84.0 65.0 79.0 87.0 80.0 127.0 72.0 52.0 93.0 90.0 80.0 92.0 68.0 84.0 51.0
285 87.0 106.0 77.0 112.0 88.0 66.0 88.0 97.0 73.0 45.0 72.0 68.0 102.0 111.0 74.0 97.0 60.0 67.0 77.0 75.0 98.0 58.0 125.0 83.0 44.0 67.0 80.0 81.0 88.0 68.0 96.0 48.0
288 87.0 95.0 82.0 99.0 82.0 71.0 94.0 98.0 71.0 51.0 60.0 55.0 139.0 97.0 66.0 79.0 72.0 55.0 67.0 57.0 80.0 65.0 121.0 72.0 54.0 100.0 91.0 71.0 78.0 64.0 75.0 52.0
291 77.0 89.0 78.0 99.0 62.0 72.0 87.0 69.0 69.0 37.0 82.0 43.0 111.0 95.0 57.0 56.0 73.0 62.0 62.0 69.0 65.0 60.0 115.0 53.0 38.0 85.0 67.0 64.0 73.0 53.0 57.0 40.0
294 81.0 89.0 53.0 86.0 73.0 53.0 75.0 78.0 41.0 24.0 59.0 34.0 135.0 86.0 42.0 58.0 66.0 62.0 43.0 59.0 93.0 60.0 111.0 37.0 35.0 72.0 65.0 63.0 73.0 39.0 58.0 30.0
297 80.0 52.0 67.0 97.0 63.0 43.0 67.0 59.0 48.0 15.0 47.0 26.0 101.0 81.0 33.0 63.0 53.0 60.0 48.0 58.0 70.0 58.0 95.0 11.0 25.0 73.0 77.0 48.0 74.0 34.0 40.0 26.0
300 51.0 63.0 31.0 92.0 55.0 25.0 49.0 52.0 35.0 9.0 38.0 10.0 117.0 91.0 11.0 32.0 46.0 37.0 23.0 43.0 57.0 33.0 88.0 15.0 13.0 62.0 49.0 43.0 70.0 16.0 29.0 8.0
303 66.0 48.0 31.0 63.0 41.0 16.0 43.0 52.0 21.0 8.0 23.0 9.0 70.0 55.0 15.0 34.0 31.0 38.0 13.0 35.0 52.0 26.0 50.0 8.0 7.0 56.0 47.0 43.0 56.0 21.0 14.0 7.0
306 43.0 27.0 20.0 67.0 23.0 4.0 30.0 30.0 8.0 1.0 5.0 0.0 73.0 57.0 5.0 18.0 18.0 11.0 5.0 18.0 25.0 8.0 36.0 1.0 4.0 23.0 28.0 19.0 37.0 8.0 4.0 1.0
309 23.0 16.0 7.0 37.0 18.0 3.0 20.0 15.0 7.0 1.0 6.0 3.0 52.0 37.0 4.0 15.0 7.0 6.0 2.0 18.0 24.0 10.0 15.0 6.0 2.0 18.0 13.0 14.0 19.0 2.0 4.0 1.0
312 5.0 5.0 6.0 17.0 13.0 2.0 5.0 7.0 1.0 0.0 1.0 1.0 27.0 21.0 4.0 3.0 3.0 2.0 0.0 2.0 7.0 3.0 6.0 2.0 1.0 4.0 6.0 5.0 11.0 3.0 3.0 1.0
315 8.0 4.0 2.0 11.0 2.0 2.0 5.0 4.0 8.0 1.0 7.0 3.0 15.0 12.0 2.0 2.0 4.0 2.0 4.0 3.0 7.0 2.0 9.0 1.0 2.0 3.0 8.0 4.0 11.0 2.0 8.0 5.0
318 6.0 3.0 3.0 2.0 6.0 2.0 3.0 3.0 3.0 5.0 3.0 2.0 9.0 5.0 4.0 1.0 0.0 1.0 4.0 3.0 3.0 2.0 4.0 3.0 2.0 4.0 4.0 4.0 5.0 2.0 0.0 3.0
321 7.0 3.0 1.0 4.0 3.0 1.0 3.0 0.0 3.0 0.0 4.0 4.0 4.0 4.0 3.0 2.0 3.0 3.0 1.0 3.0 4.0 4.0 3.0 2.0 1.0 6.0 2.0 5.0 5.0 3.0 5.0 1.0
324 3.0 4.0 1.0 5.0 2.0 2.0 4.0 5.0 2.0 4.0 3.0 0.0 4.0 1.0 5.0 4.0 2.0 4.0 2.0 1.0 1.0 0.0 5.0 3.0 3.0 4.0 3.0 2.0 5.0 2.0 5.0 1.0
327 4.0 1.0 1.0 1.0 2.0 1.0 2.0 2.0 0.0 1.0 4.0 5.0 2.0 3.0 2.0 1.0 1.0 0.0 3.0 2.0 4.0 2.0 4.0 1.0 1.0 2.0 1.0 2.0 2.0 1.0 1.0 3.0
330 5.0 4.0 4.0 5.0 3.0 4.0 5.0 6.0 5.0 1.0 4.0 3.0 2.0 4.0 3.0 7.0 4.0 6.0 4.0 6.0 3.0 3.0 6.0 4.0 2.0 5.0 2.0 1.0 4.0 8.0 7.0 1.0
333 4.0 2.0 4.0 4.0 3.0 3.0 0.0 3.0 2.0 0.0 1.0 0.0 5.0 3.0 1.0 1.0 1.0 2.0 2.0 4.0 3.0 1.0 4.0 3.0 0.0 5.0 3.0 1.0 2.0 4.0 3.0 1.0
336 1.0 5.0 4.0 5.0 1.0 0.0 3.0 1.0 3.0 0.0 2.0 2.0 1.0 6.0 0.0 4.0 3.0 0.0 4.0 1.0 3.0 3.0 2.0 1.0 0.0 2.0 3.0 1.0 4.0 2.0 2.0 2.0
339 1.0 2.0 3.0 1.0 5.0 1.0 1.0 1.0 1.0 1.0 1.0 1.0 7.0 2.0 1.0 1.0 6.0 2.0 4.0 3.0 2.0 4.0 3.0 1.0 2.0 2.0 4.0 1.0 5.0 0.0 1.0 1.0
342 5.0 1.0 1.0 1.0 1.0 2.0 2.0 3.0 1.0 0.0 2.0 0.0 1.0 3.0 0.0 0.0 4.0 0.0 0.0 1.0 2.0 1.0 2.0 1.0 0.0 2.0 3.0 0.0 1.0 2.0 0.0 0.0
345 1.0 0.0 0.0 4.0 0.0 1.0 1.0 0.0 0.0 1.0 0.0 0.0 3.0 3.0 0.0 2.0 3.0 1.0 3.0 2.0 1.0 1.0 0.0 0.0 0.0 1.0 4.0 1.0 8.0 1.0 2.0 1.0
348 4.0 1.0 0.0 1.0 1.0 0.0 2.0 0.0 1.0 0.0 1.0 0.0 2.0 2.0 0.0 0.0 2.0 0.0 0.0 0.0 1.0 0.0 2.0 0.0 0.0 1.0 2.0 0.0 0.0 0.0 1.0 0.0
351 1.0 1.0 0.0 3.0 1.0 0.0 2.0 0.0 0.0 1.0 0.0 0.0 2.0 2.0 1.0 1.0 2.0 0.0 0.0 0.0 1.0 1.0 1.0 2.0 0.0 1.0 0.0 3.0 2.0 2.0 3.0 0.0
354 0.0 1.0 0.0 1.0 0.0 0.0 0.0 0.0 0.0 0.0 0.0 0.0 2.0 2.0 0.0 0.0 1.0 1.0 0.0 0.0 0.0 0.0 1.0 0.0 0.0 2.0 0.0 0.0 2.0 0.0 0.0 0.0
357 2.0 0.0 1.0 3.0 1.0 0.0 0.0 0.0 2.0 0.0 0.0 0.0 1.0 0.0 1.0 0.0 0.0 2.0 0.0 0.0 0.0 1.0 1.0 1.0 0.0 2.0 2.0 0.0 3.0 1.0 0.0 2.0
