150 3806517.0 3762510.0 3798027.0 3762032.0 3805663.0 3805008.0 3809709.0 3806901.0 3721960.0 3794394.0 3747175.0 3831219.0 3815833.0 3780455.0 3832924.0 3768460.0 3771617.0 3753201.0 3760335.0 3794349.0 3778504.0 3776665.0 3783971.0 3796591.0 3752656.0 3766595.0 3799023.0 3742270.0 3718601.0 3750484.0 3791727.0 3739252.0
153 18270458.0 18247769.0 18249974.0 18219191.0 18249363.0 18240086.0 18235468.0 18232321.0 18232372.0 18224691.0 18232167.0 18222704.0 18253785.0 18232172.0 18232404.0 18217019.0 18246669.0 18227934.0 18233609.0 18228748.0 18222821.0 18233025.0 18211932.0 18233929.0 18219250.0 18237090.0 18219686.0 18234234.0 18215202.0 18241437.0 18236085.0 18244928.0
156 19299374.0 19283079.0 19283756.0 19248297.0 19280913.0 19263670.0 19269629.0 19257801.0 19265543.0 19251228.0 19265389.0 19248207.0 19280090.0 19259604.0 19256976.0 19244378.0 19274576.0 19258387.0 19264399.0 19254887.0 19248642.0 19261014.0 19238478.0 19259147.0 19248126.0 19265397.0 19242003.0 19263505.0 19250252.0 19268730.0 19261169.0 19273579.0
159 19669256.0 19660853.0 19660619.0 19639831.0 19658816.0 19649299.0 19655476.0 19646975.0 19652977.0 19642681.0 19655064.0 19640837.0 19660043.0 19651548.0 19648802.0 19637486.0 19659053.0 19650781.0 19653642.0 19647273.0 19642085.0 19652363.0 19634966.0 19650909.0 19642236.0 19654745.0 19636440.0 19653292.0 19645117.0 19656833.0 19652085.0 19660368.0
162 19935554.0 19931378.0 19931645.0 19920736.0 19929932.0 19923635.0 19928928.0 19922863.0 19926922.0 19921005.0 19929105.0 19920607.0 19930016.0 19929006.0 19926809.0 19918223.0 19929934.0 19929033.0 19928771.0 19927551.0 19919823.0 19929530.0 19916916.0 19929613.0 19920012.0 19929046.0 19917472.0 19930379.0 19920731.0 19931365.0 19931394.0 19932473.0
165 20013959.0 20011086.0 20011534.0 20001425.0 20009775.0 20005236.0 20007895.0 20004806.0 20005822.0 20005004.0 20006566.0 20003893.0 20008645.0 20005813.0 20004807.0 20002975.0 20008106.0 20005635.0 20006620.0 20005030.0 20003495.0 20007003.0 20000324.0 20006569.0 20002803.0 20007548.0 20000736.0 20007698.0 20003497.0 20009009.0 20008300.0 20010108.0
168 20263962.0 20262018.0 20262417.0 20251126.0 20261195.0 20255067.0 20260126.0 20254119.0 20257057.0 20252669.0 20258086.0 20252257.0 20260055.0 20256997.0 20256645.0 20251159.0 20259051.0 20256724.0 20257193.0 20255605.0 20252154.0 20257215.0 20249311.0 20256898.0 20252518.0 20257317.0 20250526.0 20257115.0 20253420.0 20258209.0 20257448.0 20258684.0
171 20284478.0 20282585.0 20282148.0 20273487.0 20281353.0 20275075.0 20280013.0 20275513.0 20276207.0 20275737.0 20277394.0 20275881.0 20279056.0 20276676.0 20276665.0 20273675.0 20277534.0 20275536.0 20275331.0 20274297.0 20271776.0 20274802.0 20268479.0 20274530.0 20271426.0 20274516.0 20268431.0 20274216.0 20271472.0 20275007.0 20274738.0 20275341.0
174 19978729.0 19979233.0 19957567.0 19927865.0 19964118.0 19889202.0 19956027.0 19901841.0 19953574.0 19909024.0 19957834.0 19915622.0 19956858.0 19948546.0 19945377.0 19929289.0 19952338.0 19945580.0 19942785.0 19935205.0 19911167.0 19932605.0 19907434.0 19930143.0 19920467.0 19931305.0 19900489.0 19933832.0 19918725.0 19931387.0 19937085.0 19936850.0
177 10996718.0 11379375.0 10569133.0 10960851.0 10887730.0 9920405.0 10857614.0 10333504.0 11033348.0 10620900.0 11167799.0 10776047.0 10830755.0 10975922.0 10829226.0 11105079.0 10867477.0 11061197.0 10885381.0 10700813.0 10402317.0 10598909.0 10615303.0 10482352.0 10897917.0 10486840.0 10146746.0 10720261.0 10700625.0 10440554.0 10837539.0 10608328.0
180 8938077.0 9374451.0 8777546.0 9776294.0 9192006.0 8643278.0 9225152.0 9103074.0 9452626.0 9428891.0 9610342.0 9569503.0 9234660.0 9408598.0 9262390.0 9903528.0 9276281.0 9534397.0 9317608.0 9129447.0 9100009.0 8996979.0 9432465.0 8853212.0 9744498.0 8838960.0 8825253.0 9115645.0 9456626.0 8757513.0 9208289.0 8881502.0
183 3292805.0 3539878.0 3218878.0 3776070.0 3447004.0 3173238.0 3486030.0 3411600.0 3553992.0 3586095.0 3671023.0 3703340.0 3463504.0 3584484.0 3505041.0 3846456.0 3481666.0 3651728.0 3522924.0 3404862.0 3395493.0 3352687.0 3625663.0 3259297.0 3776589.0 3264400.0 3280173.0 3426194.0 3633910.0 3209582.0 3474570.0 3260694.0
186 248583.0 266917.0 273138.0 280413.0 283070.0 228674.0 326416.0 259309.0 248595.0 264461.0 287655.0 318723.0 272503.0 279628.0 294089.0 297888.0 269445.0 315145.0 287127.0 252461.0 230300.0 299383.0 298099.0 247088.0 276621.0 256492.0 230523.0 286097.0 289929.0 241939.0 292272.0 246284.0
189 237023.0 228513.0 262691.0 219761.0 256720.0 223135.0 298764.0 245420.0 204320.0 226590.0 241903.0 259625.0 252373.0 226139.0 255236.0 235812.0 241894.0 265607.0 248878.0 226674.0 210807.0 277386.0 260672.0 227298.0 222140.0 226875.0 215258.0 239384.0 249635.0 219935.0 233604.0 221552.0
192 236798.0 228074.0 262324.0 218016.0 256060.0 222931.0 302553.0 244522.0 204019.0 225310.0 242082.0 260672.0 251941.0 224590.0 255390.0 234362.0 240504.0 263654.0 247862.0 224829.0 210691.0 281030.0 259189.0 227295.0 220352.0 225971.0 214705.0 237227.0 248077.0 219191.0 230565.0 219707.0
195 235748.0 226827.0 263291.0 218492.0 255349.0 222028.0 297278.0 244089.0 203540.0 226619.0 241712.0 258029.0 246614.0 223533.0 255228.0 234763.0 240866.0 262875.0 247340.0 225733.0 210404.0 277729.0 258817.0 227535.0 219789.0 226206.0 214585.0 236946.0 248995.0 219128.0 229965.0 219546.0
198 235195.0 226786.0 265369.0 217756.0 254126.0 221555.0 299215.0 243783.0 204765.0 224411.0 240925.0 258577.0 242523.0 223722.0 252237.0 234234.0 238559.0 261685.0 246625.0 224916.0 209365.0 275459.0 259326.0 226387.0 219714.0 224541.0 214133.0 236168.0 246659.0 218622.0 229991.0 219658.0
201 235011.0 225732.0 265582.0 216675.0 252566.0 218294.0 296267.0 243096.0 201930.0 224853.0 239622.0 257161.0 243325.0 223792.0 254188.0 233372.0 238243.0 262244.0 245894.0 224823.0 208530.0 275542.0 258091.0 225792.0 218060.0 225206.0 212988.0 234710.0 241989.0 216937.0 229795.0 216950.0
204 232216.0 224865.0 263551.0 216483.0 252639.0 203112.0 294328.0 238588.0 201803.0 223279.0 238150.0 254514.0 245562.0 222720.0 249887.0 232374.0 232294.0 260272.0 243337.0 223405.0 205753.0 270862.0 254720.0 223757.0 215399.0 221151.0 210630.0 230050.0 222459.0 211165.0 228060.0 211838.0
207 222167.0 220870.0 246481.0 215996.0 246099.0 152764.0 290475.0 221864.0 197244.0 216621.0 232912.0 249166.0 220389.0 220495.0 248316.0 228239.0 210011.0 254229.0 236549.0 220875.0 196609.0 263569.0 246918.0 216719.0 205362.0 210993.0 201387.0 215793.0 165622.0 188414.0 225741.0 191649.0
210 186289.0 207444.0 195909.0 210357.0 223731.0 75369.0 276136.0 170687.0 178283.0 195337.0 215607.0 231295.0 167190.0 214584.0 238843.0 213824.0 154920.0 235551.0 211610.0 211919.0 162659.0 213156.0 220333.0 193463.0 172588.0 178212.0 170567.0 172666.0 82309.0 135577.0 216636.0 144991.0
213 98575.0 148452.0 91849.0 187332.0 152803.0 18332.0 213132.0 72466.0 115623.0 127349.0 147092.0 158213.0 67069.0 185165.0 202666.0 153119.0 62425.0 160103.0 131181.0 170812.0 81062.0 108767.0 142012.0 124508.0 91611.0 99155.0 93199.0 83394.0 20627.0 53773.0 181156.0 62535.0
216 30776.0 62356.0 25867.0 120314.0 66487.0 7600.0 98020.0 18597.0 43947.0 48237.0 58347.0 71512.0 17555.0 112905.0 125788.0 63152.0 16648.0 59097.0 44668.0 89429.0 22634.0 31167.0 53857.0 44772.0 27778.0 31556.0 28134.0 23275.0 8522.0 14174.0 110639.0 17434.0
219 10036.0 15895.0 9934.0 43322.0 18728.0 6288.0 24617.0 8489.0 11669.0 12870.0 15098.0 21452.0 7971.0 37421.0 46168.0 15961.0 8071.0 15052.0 12233.0 25235.0 8248.0 11283.0 14774.0 12272.0 8968.0 9655.0 9004.0 8496.0 6941.0 7021.0 39312.0 7618.0
222 7343.0 7905.0 7922.0 11304.0 8926.0 5354.0 11194.0 7223.0 6518.0 7368.0 8156.0 9471.0 6956.0 10475.0 12984.0 8228.0 6845.0 8383.0 8271.0 8884.0 6343.0 8892.0 8785.0 7371.0 6614.0 6841.0 6653.0 6549.0 5991.0 5953.0 11036.0 6340.0
225 6222.0 6738.0 6818.0 7152.0 7636.0 4600.0 9641.0 6114.0 5498.0 6404.0 7252.0 7463.0 5886.0 7305.0 8336.0 7078.0 6003.0 7172.0 7039.0 7084.0 5635.0 7785.0 7290.0 6474.0 5837.0 5883.0 5816.0 5858.0 5065.0 5014.0 7233.0 5505.0
228 5414.0 5807.0 6033.0 6394.0 6630.0 4183.0 8422.0 5361.0 5000.0 5455.0 6373.0 6599.0 5216.0 6431.0 7243.0 6343.0 5203.0 6215.0 6221.0 6159.0 4835.0 6792.0 6515.0 5640.0 4978.0 5238.0 5038.0 5034.0 4523.0 4431.0 6307.0 4869.0
231 4914.0 5120.0 5803.0 5652.0 6058.0 4080.0 7633.0 5003.0 4387.0 5075.0 5743.0 5830.0 4683.0 5701.0 6525.0 5562.0 4841.0 5857.0 5608.0 5454.0 4408.0 6321.0 5914.0 4978.0 4606.0 4878.0 4619.0 4463.0 4463.0 4277.0 5676.0 4628.0
234 4616.0 4891.0 5388.0 5069.0 5470.0 4037.0 7089.0 4727.0 4288.0 4638.0 5381.0 5502.0 4536.0 5064.0 5692.0 5140.0 4842.0 5567.0 5342.0 5094.0 4281.0 6216.0 5487.0 4713.0 4211.0 4489.0 4604.0 4245.0 4184.0 4021.0 5071.0 4470.0
237 4502.0 4775.0 5482.0 4948.0 5420.0 3987.0 6782.0 4709.0 4147.0 4589.0 5135.0 5176.0 4365.0 4803.0 5568.0 5126.0 4460.0 5304.0 5177.0 4977.0 4102.0 6062.0 5424.0 4671.0 4159.0 4340.0 4308.0 4379.0 4250.0 3899.0 4793.0 4349.0
240 4503.0 4586.0 5195.0 4764.0 5451.0 3832.0 6656.0 4731.0 4252.0 4398.0 5147.0 5188.0 4489.0 4801.0 5329.0 4961.0 4538.0 5197.0 5081.0 4779.0 4072.0 5778.0 5164.0 4602.0 4035.0 4358.0 4239.0 4133.0 4011.0 3784.0 4728.0 4288.0
243 4449.0 4564.0 4913.0 4642.0 5216.0 3574.0 6504.0 4550.0 3881.0 4280.0 4941.0 5008.0 4209.0 4624.0 5320.0 4861.0 4361.0 5091.0 4908.0 4651.0 3893.0 5615.0 5021.0 4557.0 3854.0 4175.0 4110.0 4022.0 3620.0 3767.0 4835.0 4092.0
246 4209.0 4386.0 4705.0 4524.0 5061.0 3134.0 6426.0 4315.0 3857.0 4256.0 4826.0 4960.0 3991.0 4526.0 5146.0 4721.0 4076.0 4836.0 4783.0 4512.0 3830.0 5270.0 4826.0 4349.0 3876.0 4121.0 4066.0 3895.0 3059.0 3586.0 4532.0 3851.0
249 3974.0 4276.0 4479.0 4410.0 4855.0 2473.0 6158.0 4013.0 3681.0 4017.0 4577.0 4700.0 3730.0 4455.0 4951.0 4543.0 3775.0 4740.0 4704.0 4514.0 3657.0 5125.0 4758.0 4259.0 3649.0 3887.0 3757.0 3767.0 2067.0 3205.0 4375.0 3606.0
252 3709.0 4041.0 3883.0 4260.0 4572.0 1432.0 5893.0 3386.0 3457.0 3847.0 4361.0 4346.0 3248.0 4323.0 4813.0 4391.0 3156.0 4457.0 4304.0 4244.0 3310.0 4681.0 4237.0 3906.0 3239.0 3521.0 3455.0 3102.0 1042.0 2494.0 4247.0 2862.0
255 2926.0 3708.0 2875.0 4173.0 4013.0 616.0 5472.0 2628.0 2907.0 3446.0 3984.0 4055.0 2402.0 4177.0 4551.0 3805.0 2232.0 3897.0 3834.0 4056.0 2593.0 3738.0 3722.0 3626.0 2591.0 2787.0 2894.0 2339.0 419.0 1633.0 4133.0 2006.0
258 1579.0 2679.0 1263.0 3660.0 2955.0 186.0 4181.0 1046.0 1768.0 2252.0 2717.0 3045.0 890.0 3639.0 4113.0 2838.0 813.0 2471.0 2187.0 3489.0 1255.0 1835.0 2465.0 2425.0 1256.0 1553.0 1592.0 1010.0 147.0 520.0 3520.0 750.0
261 784.0 1419.0 528.0 2932.0 1700.0 134.0 2555.0 356.0 826.0 1191.0 1421.0 1812.0 311.0 2787.0 3396.0 1561.0 299.0 1252.0 1009.0 2549.0 486.0 701.0 1220.0 1305.0 458.0 629.0 640.0 366.0 140.0 222.0 2627.0 268.0
264 283.0 589.0 241.0 1848.0 792.0 113.0 1029.0 212.0 364.0 462.0 560.0 960.0 187.0 1807.0 2310.0 651.0 190.0 540.0 361.0 1408.0 219.0 286.0 472.0 546.0 204.0 241.0 223.0 145.0 124.0 141.0 1869.0 157.0
267 175.0 243.0 189.0 851.0 329.0 99.0 465.0 177.0 169.0 224.0 238.0 437.0 151.0 762.0 1266.0 264.0 133.0 254.0 219.0 564.0 133.0 213.0 236.0 237.0 144.0 155.0 170.0 129.0 110.0 134.0 861.0 165.0
270 141.0 181.0 173.0 339.0 216.0 111.0 268.0 154.0 118.0 149.0 179.0 224.0 145.0 305.0 494.0 208.0 142.0 176.0 181.0 257.0 113.0 225.0 200.0 168.0 143.0 138.0 142.0 129.0 81.0 114.0 332.0 129.0
273 140.0 145.0 147.0 204.0 206.0 109.0 237.0 148.0 128.0 127.0 144.0 178.0 123.0 173.0 257.0 175.0 132.0 163.0 182.0 165.0 132.0 219.0 155.0 150.0 126.0 116.0 149.0 118.0 112.0 120.0 190.0 157.0
276 140.0 161.0 152.0 170.0 182.0 94.0 224.0 127.0 109.0 160.0 158.0 165.0 136.0 179.0 181.0 149.0 111.0 153.0 165.0 181.0 132.0 180.0 149.0 127.0 107.0 118.0 127.0 110.0 100.0 106.0 180.0 112.0
279 110.0 152.0 131.0 158.0 155.0 82.0 222.0 136.0 96.0 128.0 175.0 152.0 131.0 146.0 184.0 160.0 121.0 144.0 153.0 134.0 103.0 177.0 144.0 158.0 103.0 145.0 142.0 124.0 89.0 91.0 131.0 125.0
282 100.0 146.0 132.0 143.0 164.0 95.0 204.0 140.0 105.0 114.0 137.0 154.0 120.0 138.0 163.0 147.0 107.0 141.0 138.0 154.0 122.0 153.0 121.0 109.0 109.0 106.0 116.0 103.0 88.0 109.0 136.0 98.0
285 106.0 125.0 110.0 131.0 153.0 85.0 215.0 121.0 118.0 107.0 140.0 124.0 100.0 142.0 168.0 149.0 126.0 138.0 136.0 138.0 115.0 143.0 138.0 122.0 97.0 95.0 105.0 132.0 72.0 79.0 135.0 112.0
288 116.0 129.0 103.0 124.0 137.0 74.0 213.0 104.0 102.0 127.0 123.0 116.0 88.0 153.0 163.0 139.0 107.0 109.0 125.0 140.0 102.0 150.0 126.0 116.0 103.0 124.0 86.0 96.0 45.0 73.0 148.0 87.0
291 93.0 123.0 104.0 148.0 125.0 46.0 168.0 103.0 93.0 113.0 126.0 111.0 93.0 139.0 154.0 118.0 89.0 123.0 111.0 144.0 81.0 130.0 126.0 108.0 101.0 95.0 100.0 85.0 28.0 68.0 145.0 76.0
294 112.0 94.0 98.0 115.0 121.0 25.0 177.0 88.0 86.0 81.0 123.0 122.0 90.0 108.0 122.0 122.0 82.0 115.0 124.0 116.0 78.0 138.0 107.0 107.0 75.0 82.0 88.0 84.0 18.0 42.0 129.0 74.0
297 90.0 119.0 67.0 119.0 116.0 14.0 179.0 54.0 74.0 78.0 110.0 107.0 66.0 137.0 141.0 103.0 62.0 103.0 92.0 97.0 70.0 113.0 101.0 97.0 67.0 72.0 101.0 69.0 10.0 44.0 113.0 43.0
300 48.0 81.0 48.0 114.0 107.0 3.0 117.0 41.0 55.0 79.0 86.0 107.0 32.0 102.0 127.0 89.0 34.0 89.0 72.0 112.0 57.0 60.0 74.0 104.0 48.0 57.0 61.0 50.0 4.0 17.0 103.0 26.0
303 44.0 69.0 23.0 109.0 80.0 2.0 122.0 27.0 31.0 72.0 88.0 83.0 24.0 105.0 111.0 91.0 12.0 63.0 62.0 90.0 27.0 41.0 67.0 57.0 31.0 39.0 47.0 25.0 4.0 7.0 94.0 17.0
306 27.0 49.0 24.0 82.0 55.0 6.0 96.0 7.0 32.0 34.0 56.0 58.0 6.0 88.0 95.0 55.0 4.0 46.0 28.0 93.0 13.0 23.0 32.0 44.0 15.0 20.0 27.0 13.0 2.0 12.0 73.0 9.0
309 13.0 18.0 6.0 73.0 26.0 3.0 57.0 1.0 9.0 17.0 24.0 31.0 7.0 76.0 71.0 28.0 3.0 19.0 17.0 58.0 5.0 13.0 22.0 32.0 3.0 14.0 13.0 9.0 7.0 4.0 61.0 6.0
312 7.0 12.0 7.0 51.0 14.0 11.0 27.0 3.0 6.0 7.0 14.0 18.0 3.0 43.0 74.0 10.0 3.0 16.0 10.0 54.0 4.0 6.0 5.0 14.0 7.0 8.0 5.0 9.0 1.0 3.0 42.0 7.0
315 4.0 7.0 5.0 34.0 10.0 3.0 12.0 4.0 4.0 4.0 8.0 14.0 4.0 22.0 36.0 11.0 3.0 6.0 4.0 20.0 1.0 5.0 9.0 6.0 5.0 3.0 6.0 0.0 4.0 4.0 29.0 1.0
318 7.0 5.0 5.0 21.0 6.0 3.0 7.0 4.0 4.0 5.0 9.0 9.0 6.0 9.0 25.0 6.0 7.0 7.0 7.0 7.0 2.0 5.0 11.0 6.0 5.0 7.0 3.0 5.0 3.0 2.0 9.0 4.0
321 3.0 4.0 8.0 5.0 2.0 1.0 5.0 6.0 5.0 4.0 6.0 6.0 5.0 13.0 8.0 7.0 3.0 5.0 10.0 6.0 3.0 7.0 6.0 4.0 3.0 3.0 4.0 2.0 0.0 4.0 5.0 3.0
324 3.0 4.0 7.0 8.0 7.0 6.0 7.0 6.0 7.0 1.0 8.0 6.0 3.0 8.0 9.0 6.0 3.0 3.0 7.0 7.0 5.0 4.0 4.0 3.0 2.0 4.0 3.0 3.0 3.0 2.0 2.0 4.0
327 2.0 2.0 3.0 5.0 9.0 1.0 9.0 3.0 4.0 6.0 2.0 6.0 2.0 5.0 7.0 9.0 4.0 7.0 4.0 5.0 4.0 5.0 5.0 9.0 6.0 3.0 3.0 5.0 4.0 4.0 4.0 2.0
330 1.0 4.0 6.0 5.0 2.0 0.0 5.0 2.0 2.0 3.0 4.0 3.0 3.0 5.0 6.0 6.0 3.0 8.0 5.0 3.0 2.0 6.0 3.0 6.0 3.0 5.0 7.0 1.0 2.0 1.0 2.0 1.0
333 7.0 9.0 5.0 9.0 2.0 1.0 6.0 3.0 0.0 3.0 5.0 6.0 3.0 4.0 6.0 6.0 1.0 6.0 5.0 4.0 1.0 3.0 5.0 1.0 3.0 4.0 4.0 2.0 2.0 3.0 5.0 6.0
336 1.0 3.0 3.0 4.0 5.0 1.0 8.0 2.0 4.0 2.0 3.0 3.0 5.0 6.0 3.0 2.0 0.0 6.0 5.0 4.0 1.0 2.0 3.0 3.0 2.0 1.0 0.0 2.0 0.0 0.0 4.0 1.0
339 2.0 3.0 4.0 6.0 8.0 4.0 8.0 5.0 6.0 8.0 4.0 5.0 2.0 7.0 10.0 6.0 2.0 5.0 5.0 7.0 1.0 3.0 3.0 0.0 3.0 7.0 3.0 3.0 0.0 4.0 9.0 2.0
342 4.0 4.0 2.0 2.0 3.0 1.0 4.0 1.0 1.0 2.0 5.0 1.0 2.0 3.0 5.0 6.0 1.0 4.0 2.0 4.0 2.0 1.0 3.0 3.0 0.0 6.0 2.0 2.0 0.0 0.0 4.0 0.0
345 0.0 4.0 5.0 7.0 1.0 0.0 2.0 1.0 2.0 2.0 1.0 2.0 1.0 3.0 0.0 4.0 0.0 2.0 1.0 6.0 2.0 4.0 3.0 3.0 4.0 1.0 1.0 1.0 1.0 1.0 8.0 0.0
348 3.0 1.0 0.0 7.0 2.0 0.0 5.0 0.0 5.0 1.0 4.0 2.0 2.0 1.0 4.0 3.0 0.0 1.0 3.0 4.0 4.0 3.0 3.0 2.0 0.0 2.0 2.0 2.0 1.0 2.0 4.0 2.0
351 1.0 0.0 0.0 2.0 1.0 1.0 1.0 3.0 1.0 2.0 2.0 1.0 0.0 2.0 2.0 1.0 0.0 0.0 0.0 5.0 0.0 0.0 2.0 1.0 0.0 0.0 2.0 0.0 1.0 0.0 2.0 0.0
354 1.0 1.0 2.0 3.0 0.0 2.0 1.0 2.0 1.0 2.0 1.0 0.0 6.0 5.0 4.0 0.0 2.0 0.0 2.0 2.0 2.0 1.0 0.0 3.0 0.0 0.0 2.0 0.0 1.0 1.0 5.0 0.0
357 0.0 0.0 0.0 0.0 2.0 0.0 0.0 1.0 0.0 0.0 1.0 0.0 0.0 0.0 0.0 0.0 0.0 1.0 0.0 1.0 0.0 0.0 0.0 0.0 0.0 0.0 0.0 0.0 1.0 0.0 0.0 0.0
