150 5106111.0 5109050.0 5125469.0 5090593.0 5104187.0 5092836.0 5093093.0 5099164.0 5092413.0 5109621.0 5097943.0 5105968.0 5101830.0 5111586.0 5118363.0 5103630.0 5112821.0 5101457.0 5098398.0 5102532.0 5092573.0 5120620.0 5105789.0 5102622.0 5090770.0 5103076.0 5111417.0 5110827.0 5117397.0 5105392.0 5130782.0 5106968.0
153 18340066.0 18332517.0 18322562.0 18308293.0 18325179.0 18309494.0 18321061.0 18307395.0 18318248.0 18299131.0 18320631.0 18299920.0 18316702.0 18310839.0 18318401.0 18304091.0 18322648.0 18318593.0 18321777.0 18313391.0 18310720.0 18313351.0 18295128.0 18317745.0 18303172.0 18314181.0 18296326.0 18305136.0 18290216.0 18313061.0 18319718.0 18320458.0
156 18548850.0 18544264.0 18537436.0 18527884.0 18539188.0 18529566.0 18536739.0 18527431.0 18535249.0 18519570.0 18536625.0 18520039.0 18533426.0 18527899.0 18534827.0 18525110.0 18537924.0 18535540.0 18537414.0 18532123.0 18531232.0 18532119.0 18517511.0 18534809.0 18525544.0 18532535.0 18519224.0 18524038.0 18512045.0 18531259.0 18536783.0 18537102.0
159 18827989.0 18825772.0 18820746.0 18813095.0 18821644.0 18814301.0 18819676.0 18812338.0 18818882.0 18805133.0 18819658.0 18805623.0 18817597.0 18812324.0 18818755.0 18810483.0 18821033.0 18818878.0 18819986.0 18816274.0 18815421.0 18817091.0 18804051.0 18818569.0 18811681.0 18816946.0 18806024.0 18809145.0 18798838.0 18815706.0 18820105.0 18820286.0
162 19113137.0 19112236.0 19109711.0 19104825.0 19109980.0 19105338.0 19108730.0 19103926.0 19108393.0 19097737.0 19108467.0 19098476.0 19108361.0 19104685.0 19108646.0 19102750.0 19109666.0 19108391.0 19108883.0 19106805.0 19105596.0 19108013.0 19097807.0 19107857.0 19103590.0 19107267.0 19099425.0 19101708.0 19092535.0 19106349.0 19108907.0 19108989.0
165 19316634.0 19316287.0 19315297.0 19312181.0 19315152.0 19312379.0 19314254.0 19311801.0 19314018.0 19308366.0 19313907.0 19308496.0 19314670.0 19312619.0 19314621.0 19311308.0 19315117.0 19313916.0 19314373.0 19313169.0 19311592.0 19314881.0 19306772.0 19313613.0 19310089.0 19313062.0 19307855.0 19310448.0 19303274.0 19313209.0 19314361.0 19314050.0
168 19367147.0 19367039.0 19366801.0 19365761.0 19366716.0 19365421.0 19366680.0 19365401.0 19367485.0 19364258.0 19366859.0 19364555.0 19368489.0 19368398.0 19369492.0 19366163.0 19369160.0 19367971.0 19368536.0 19367013.0 19363832.0 19369212.0 19361713.0 19367171.0 19362732.0 19366673.0 19361465.0 19366280.0 19359732.0 19367267.0 19366603.0 19366725.0
171 19362447.0 19361978.0 19360988.0 19362510.0 19360802.0 19360911.0 19360279.0 19361400.0 19360381.0 19360958.0 19360034.0 19361442.0 19362144.0 19362036.0 19362850.0 19362912.0 19362399.0 19360812.0 19361885.0 19360520.0 19358774.0 19362017.0 19357287.0 19360215.0 19358060.0 19360006.0 19356646.0 19360141.0 19356187.0 19360399.0 19359196.0 19359326.0
174 19044397.0 19007149.0 18978446.0 18940877.0 18975654.0 18931892.0 18974613.0 18930616.0 18960772.0 18929249.0 18956070.0 18938693.0 18966223.0 18963221.0 18960713.0 18942562.0 18960347.0 18951293.0 18959097.0 18950699.0 18938735.0 18955864.0 18933477.0 18945853.0 18939534.0 18945483.0 18931812.0 18944480.0 18933300.0 18944934.0 18943233.0 18949673.0
177 11696359.0 10849207.0 10621366.0 10550686.0 10535258.0 10130507.0 10909584.0 10058338.0 10762882.0 10003565.0 10572355.0 10349108.0 10629059.0 10859641.0 10596201.0 10355817.0 10603702.0 10642432.0 10724049.0 10606725.0 10485238.0 10591073.0 10255699.0 10560547.0 10700186.0 10598880.0 10182364.0 10652714.0 10323590.0 10637073.0 10454196.0 10872797.0
180 8290902.0 8021215.0 8055082.0 8484278.0 7997695.0 8077269.0 8345038.0 8003531.0 8322788.0 7938478.0 8174048.0 8332851.0 8223049.0 8483035.0 8238365.0 8288345.0 8231495.0 8284518.0 8319414.0 8218316.0 8444211.0 8198274.0 8193029.0 8178005.0 8676772.0 8195945.0 8106497.0 8240140.0 8243361.0 8193457.0 8004523.0 8308704.0
183 2283765.0 2153042.0 2192163.0 2464674.0 2146412.0 2242631.0 2347328.0 2215184.0 2338262.0 2201284.0 2271431.0 2397201.0 2279445.0 2466405.0 2306276.0 2375820.0 2305337.0 2355643.0 2334613.0 2308488.0 2457464.0 2338016.0 2367474.0 2266382.0 2608037.0 2266602.0 2334867.0 2331483.0 2406254.0 2283965.0 2196736.0 2322336.0
186 184320.0 178805.0 183021.0 186467.0 161111.0 161621.0 183093.0 159822.0 183870.0 182286.0 179901.0 193647.0 175649.0 214427.0 193671.0 195979.0 205026.0 184141.0 188731.0 194580.0 180685.0 247613.0 220317.0 170730.0 215601.0 181046.0 220152.0 202246.0 221022.0 189675.0 191256.0 196211.0
189 177243.0 177981.0 179991.0 174022.0 159008.0 158736.0 168641.0 157345.0 171385.0 179993.0 171128.0 183652.0 166775.0 182125.0 183763.0 183849.0 194860.0 164323.0 177193.0 184217.0 163354.0 228718.0 207807.0 160288.0 183004.0 173931.0 210197.0 180049.0 202685.0 173201.0 183155.0 176693.0
192 178430.0 177599.0 180860.0 173480.0 157537.0 157725.0 168733.0 157101.0 171403.0 180743.0 170373.0 183651.0 166875.0 181682.0 184399.0 183421.0 194870.0 163309.0 176227.0 182984.0 162939.0 228241.0 207885.0 159234.0 181708.0 174203.0 210702.0 180471.0 205737.0 172669.0 182884.0 176435.0
195 176618.0 178411.0 180430.0 173488.0 158347.0 157794.0 167897.0 157070.0 171463.0 180251.0 170228.0 183825.0 166561.0 180840.0 183691.0 182949.0 194487.0 162711.0 175958.0 182480.0 163341.0 228327.0 209832.0 160118.0 181673.0 174207.0 209510.0 179199.0 197575.0 172898.0 183750.0 176431.0
198 175445.0 176066.0 179123.0 171342.0 156976.0 156208.0 166198.0 156820.0 170462.0 179327.0 169999.0 183097.0 165938.0 182200.0 184219.0 182503.0 193201.0 163757.0 174369.0 182256.0 161461.0 226837.0 204904.0 160349.0 181006.0 172995.0 209032.0 179962.0 205096.0 172783.0 182996.0 175466.0
201 171785.0 171991.0 178707.0 169428.0 153453.0 150467.0 163646.0 153852.0 167429.0 177525.0 162860.0 183254.0 165267.0 180589.0 181254.0 181499.0 189676.0 161041.0 170704.0 181176.0 157379.0 225891.0 203466.0 157364.0 178585.0 171059.0 207108.0 178555.0 204648.0 171733.0 181781.0 174915.0
204 146425.0 143419.0 174999.0 156876.0 130335.0 114131.0 140947.0 139268.0 149427.0 173908.0 131455.0 179949.0 161844.0 180166.0 174623.0 169594.0 168923.0 149479.0 145419.0 175381.0 131345.0 220838.0 197660.0 145380.0 161148.0 162395.0 196494.0 177504.0 201850.0 167749.0 176122.0 169026.0
207 84563.0 81652.0 156148.0 110491.0 75252.0 53680.0 84228.0 92773.0 96291.0 150923.0 68487.0 164375.0 145968.0 176901.0 144517.0 132048.0 111199.0 112859.0 88148.0 151333.0 74275.0 203243.0 176233.0 108238.0 114288.0 128801.0 162222.0 173505.0 197633.0 158195.0 152981.0 147543.0
210 26745.0 26000.0 103344.0 45617.0 23642.0 14601.0 27561.0 35792.0 34688.0 92550.0 19781.0 115543.0 97572.0 162714.0 80489.0 65111.0 42221.0 55193.0 30280.0 97177.0 23112.0 148305.0 110530.0 49626.0 48452.0 66282.0 89217.0 156471.0 170692.0 122386.0 98870.0 97189.0
213 6368.0 6454.0 35176.0 9696.0 5649.0 4662.0 6319.0 7467.0 7294.0 26819.0 5394.0 41254.0 31426.0 109186.0 20697.0 15093.0 9461.0 12987.0 7128.0 30445.0 5422.0 59735.0 32980.0 10953.0 10603.0 15571.0 21948.0 101631.0 96075.0 53829.0 31486.0 33648.0
216 4450.0 4494.0 9122.0 4609.0 3905.0 3670.0 4171.0 4230.0 4586.0 7311.0 4159.0 9914.0 7746.0 42305.0 6436.0 5701.0 5351.0 4800.0 4551.0 7862.0 3925.0 15224.0 8649.0 4555.0 4903.0 5496.0 7122.0 38864.0 29870.0 13266.0 8292.0 8420.0
219 3810.0 3796.0 5095.0 4019.0 3407.0 3158.0 3655.0 3680.0 3869.0 4968.0 3467.0 5384.0 4680.0 10763.0 4625.0 4509.0 4473.0 3868.0 3930.0 4914.0 3440.0 7080.0 5736.0 3765.0 4313.0 4445.0 5420.0 10322.0 8777.0 5315.0 5001.0 4710.0
222 3052.0 3241.0 4165.0 3461.0 2816.0 2711.0 2937.0 2965.0 3309.0 4318.0 3014.0 4458.0 4067.0 5205.0 3954.0 3785.0 3801.0 3166.0 3305.0 4199.0 2803.0 5820.0 4956.0 3175.0 3481.0 3773.0 4781.0 5307.0 5408.0 4536.0 4172.0 4125.0
225 2842.0 2824.0 3686.0 2996.0 2557.0 2394.0 2575.0 2695.0 2887.0 3703.0 2589.0 3835.0 3459.0 4582.0 3454.0 3266.0 3212.0 2606.0 2861.0 3716.0 2384.0 5185.0 4114.0 2754.0 2851.0 3156.0 3952.0 4533.0 4965.0 3789.0 3653.0 3421.0
228 3092.0 2718.0 3196.0 2669.0 2428.0 2278.0 2488.0 2466.0 2749.0 3311.0 2545.0 3427.0 3144.0 3894.0 3074.0 2992.0 2969.0 2365.0 2756.0 3167.0 2389.0 4514.0 3645.0 2460.0 2580.0 2932.0 3568.0 3905.0 4217.0 3329.0 3149.0 2933.0
231 3029.0 2687.0 2929.0 2681.0 2352.0 2248.0 2315.0 2394.0 2676.0 3153.0 2304.0 3081.0 2859.0 3536.0 2815.0 2781.0 2930.0 2289.0 2647.0 2938.0 2285.0 4177.0 3503.0 2368.0 2507.0 2740.0 3539.0 3531.0 3720.0 2932.0 2999.0 2959.0
234 2902.0 2632.0 2954.0 2483.0 2293.0 2206.0 2240.0 2353.0 2527.0 3149.0 2293.0 2929.0 2836.0 3178.0 2806.0 2677.0 2906.0 2255.0 2597.0 2964.0 2203.0 3911.0 3437.0 2216.0 2469.0 2754.0 3318.0 3371.0 3611.0 2920.0 2831.0 2805.0
237 2320.0 2422.0 2856.0 2391.0 2164.0 1969.0 2250.0 2249.0 2369.0 3058.0 2113.0 2895.0 2699.0 3102.0 2720.0 2581.0 2713.0 2203.0 2404.0 2814.0 2019.0 3825.0 3200.0 2275.0 2308.0 2695.0 3201.0 3142.0 3555.0 2851.0 2822.0 2769.0
240 2167.0 2268.0 2820.0 2338.0 2024.0 1844.0 1950.0 2128.0 2106.0 2911.0 1890.0 2740.0 2655.0 3103.0 2588.0 2504.0 2535.0 2046.0 2261.0 2734.0 1877.0 3622.0 3037.0 2131.0 2286.0 2664.0 3167.0 3097.0 3481.0 2718.0 2678.0 2564.0
243 1839.0 1876.0 2740.0 2056.0 1685.0 1338.0 1609.0 1980.0 1867.0 2898.0 1470.0 2684.0 2559.0 2961.0 2439.0 2378.0 2310.0 1906.0 1833.0 2585.0 1567.0 3546.0 3057.0 2022.0 1916.0 2421.0 2892.0 3012.0 3426.0 2737.0 2648.0 2516.0
246 1071.0 1339.0 2498.0 1537.0 1160.0 710.0 921.0 1509.0 1266.0 2636.0 843.0 2557.0 2395.0 2815.0 2264.0 1989.0 1751.0 1567.0 1251.0 2371.0 882.0 3359.0 2858.0 1705.0 1400.0 2126.0 2672.0 2884.0 3257.0 2510.0 2451.0 2230.0
249 558.0 648.0 2228.0 954.0 584.0 241.0 433.0 984.0 630.0 2287.0 358.0 2318.0 2107.0 2789.0 1840.0 1492.0 1117.0 1116.0 637.0 1995.0 353.0 3132.0 2369.0 1165.0 811.0 1595.0 2086.0 2873.0 3127.0 2412.0 2158.0 1931.0
252 135.0 223.0 1627.0 330.0 179.0 100.0 144.0 353.0 191.0 1571.0 113.0 1707.0 1446.0 2660.0 1108.0 734.0 395.0 519.0 222.0 1279.0 119.0 2412.0 1590.0 505.0 268.0 808.0 1095.0 2733.0 2794.0 1900.0 1567.0 1327.0
255 95.0 118.0 976.0 103.0 83.0 65.0 82.0 118.0 93.0 795.0 66.0 998.0 745.0 2194.0 437.0 302.0 164.0 223.0 90.0 600.0 72.0 1581.0 789.0 187.0 113.0 344.0 423.0 2254.0 2366.0 1237.0 823.0 688.0
258 58.0 68.0 388.0 83.0 79.0 63.0 56.0 73.0 81.0 275.0 57.0 379.0 259.0 1625.0 172.0 115.0 89.0 84.0 62.0 261.0 53.0 672.0 301.0 67.0 64.0 115.0 169.0 1582.0 1497.0 591.0 330.0 224.0
261 54.0 57.0 150.0 64.0 65.0 47.0 40.0 76.0 64.0 132.0 55.0 114.0 124.0 807.0 86.0 89.0 78.0 75.0 77.0 124.0 57.0 235.0 104.0 64.0 61.0 94.0 99.0 848.0 651.0 193.0 119.0 106.0
264 42.0 53.0 100.0 53.0 39.0 39.0 46.0 53.0 53.0 104.0 45.0 97.0 82.0 302.0 75.0 84.0 77.0 66.0 75.0 83.0 41.0 130.0 103.0 57.0 64.0 67.0 101.0 328.0 257.0 100.0 89.0 90.0
267 52.0 48.0 76.0 63.0 52.0 52.0 39.0 57.0 58.0 95.0 47.0 86.0 68.0 143.0 70.0 74.0 62.0 60.0 58.0 70.0 43.0 121.0 104.0 55.0 37.0 67.0 83.0 145.0 140.0 78.0 83.0 64.0
270 42.0 61.0 70.0 49.0 54.0 38.0 41.0 62.0 43.0 106.0 54.0 55.0 72.0 79.0 54.0 43.0 49.0 55.0 62.0 61.0 28.0 102.0 77.0 50.0 45.0 59.0 65.0 104.0 115.0 75.0 64.0 65.0
273 45.0 58.0 67.0 63.0 51.0 36.0 62.0 50.0 50.0 85.0 45.0 57.0 63.0 89.0 66.0 64.0 56.0 38.0 58.0 59.0 35.0 93.0 80.0 48.0 36.0 63.0 89.0 84.0 93.0 66.0 54.0 50.0
276 40.0 52.0 80.0 57.0 33.0 25.0 42.0 48.0 45.0 77.0 47.0 70.0 64.0 78.0 57.0 53.0 50.0 49.0 46.0 69.0 30.0 121.0 58.0 43.0 42.0 61.0 70.0 95.0 85.0 80.0 65.0 61.0
279 42.0 49.0 67.0 40.0 35.0 28.0 34.0 44.0 39.0 61.0 28.0 56.0 57.0 88.0 47.0 46.0 42.0 38.0 46.0 43.0 31.0 75.0 53.0 41.0 33.0 57.0 61.0 74.0 78.0 45.0 55.0 50.0
282 32.0 40.0 71.0 40.0 22.0 21.0 32.0 45.0 30.0 66.0 20.0 50.0 54.0 76.0 46.0 48.0 42.0 40.0 37.0 49.0 20.0 99.0 66.0 47.0 37.0 47.0 59.0 62.0 76.0 58.0 50.0 61.0
285 27.0 22.0 64.0 31.0 13.0 8.0 24.0 30.0 20.0 63.0 12.0 46.0 50.0 62.0 47.0 41.0 37.0 34.0 29.0 38.0 11.0 94.0 71.0 35.0 24.0 51.0 56.0 72.0 62.0 59.0 56.0 46.0
288 8.0 15.0 47.0 11.0 21.0 4.0 7.0 26.0 20.0 60.0 4.0 55.0 46.0 69.0 40.0 32.0 27.0 12.0 18.0 51.0 9.0 81.0 64.0 16.0 23.0 31.0 39.0 70.0 59.0 51.0 65.0 42.0
291 5.0 4.0 37.0 11.0 6.0 1.0 3.0 11.0 6.0 52.0 2.0 39.0 42.0 77.0 44.0 24.0 19.0 17.0 6.0 37.0 3.0 53.0 37.0 22.0 11.0 32.0 29.0 56.0 90.0 62.0 41.0 32.0
294 0.0 3.0 28.0 6.0 5.0 5.0 1.0 7.0 3.0 35.0 3.0 31.0 27.0 58.0 18.0 6.0 6.0 9.0 4.0 24.0 1.0 46.0 22.0 8.0 2.0 13.0 18.0 65.0 66.0 47.0 27.0 16.0
297 1.0 1.0 14.0 1.0 4.0 3.0 2.0 7.0 2.0 21.0 2.0 17.0 15.0 63.0 8.0 7.0 3.0 6.0 3.0 15.0 2.0 27.0 15.0 11.0 2.0 8.0 5.0 57.0 51.0 22.0 17.0 13.0
300 2.0 1.0 14.0 0.0 3.0 0.0 0.0 1.0 3.0 11.0 1.0 13.0 9.0 37.0 1.0 3.0 0.0 3.0 0.0 4.0 0.0 20.0 8.0 3.0 1.0 2.0 5.0 51.0 40.0 26.0 6.0 6.0
303 4.0 2.0 6.0 4.0 2.0 3.0 7.0 2.0 1.0 4.0 2.0 8.0 5.0 35.0 4.0 4.0 0.0 1.0 1.0 5.0 0.0 7.0 1.0 1.0 2.0 1.0 5.0 35.0 23.0 10.0 3.0 1.0
306 2.0 1.0 2.0 0.0 1.0 0.0 0.0 1.0 1.0 2.0 1.0 1.0 1.0 29.0 6.0 2.0 3.0 0.0 1.0 0.0 4.0 5.0 2.0 1.0 1.0 1.0 1.0 19.0 19.0 4.0 2.0 2.0
309 0.0 3.0 0.0 3.0 1.0 1.0 3.0 4.0 0.0 4.0 0.0 3.0 3.0 7.0 3.0 1.0 2.0 2.0 2.0 0.0 1.0 3.0 5.0 3.0 1.0 2.0 1.0 15.0 6.0 4.0 4.0 2.0
312 5.0 4.0 1.0 1.0 1.0 0.0 3.0 5.0 3.0 5.0 4.0 1.0 2.0 4.0 5.0 4.0 6.0 1.0 3.0 2.0 1.0 4.0 2.0 1.0 1.0 7.0 3.0 7.0 2.0 3.0 1.0 2.0
315 0.0 0.0 2.0 0.0 2.0 4.0 0.0 2.0 2.0 2.0 1.0 3.0 3.0 3.0 2.0 1.0 1.0 2.0 1.0 0.0 2.0 1.0 2.0 0.0 1.0 1.0 3.0 1.0 4.0 1.0 3.0 3.0
318 3.0 3.0 0.0 1.0 1.0 3.0 2.0 0.0 0.0 3.0 0.0 3.0 0.0 3.0 5.0 3.0 3.0 3.0 4.0 4.0 2.0 2.0 2.0 2.0 1.0 3.0 4.0 2.0 2.0 5.0 2.0 3.0
321 0.0 1.0 3.0 1.0 1.0 2.0 0.0 1.0 1.0 2.0 2.0 1.0 2.0 0.0 1.0 2.0 1.0 0.0 0.0 0.0 0.0 3.0 2.0 2.0 1.0 1.0 3.0 2.0 3.0 3.0 1.0 1.0
324 1.0 2.0 1.0 2.0 0.0 1.0 0.0 1.0 0.0 4.0 0.0 3.0 3.0 5.0 0.0 2.0 0.0 0.0 0.0 3.0 1.0 5.0 2.0 1.0 3.0 4.0 2.0 4.0 0.0 3.0 4.0 3.0
327 1.0 2.0 3.0 1.0 0.0 0.0 1.0 4.0 2.0 2.0 0.0 1.0 3.0 5.0 2.0 0.0 1.0 0.0 0.0 1.0 0.0 2.0 1.0 1.0 1.0 2.0 0.0 6.0 2.0 3.0 4.0 1.0
330 1.0 0.0 0.0 1.0 0.0 1.0 2.0 0.0 1.0 1.0 1.0 1.0 1.0 2.0 0.0 1.0 0.0 1.0 0.0 1.0 0.0 0.0 0.0 0.0 0.0 2.0 0.0 3.0 1.0 2.0 0.0 0.0
333 1.0 2.0 2.0 1.0 0.0 2.0 3.0 0.0 0.0 1.0 2.0 1.0 3.0 0.0 1.0 1.0 1.0 1.0 2.0 3.0 2.0 3.0 0.0 2.0 2.0 0.0 0.0 4.0 5.0 3.0 0.0 1.0
336 0.0 0.0 0.0 0.0 1.0 0.0 0.0 0.0 1.0 3.0 0.0 2.0 0.0 2.0 1.0 2.0 0.0 0.0 0.0 2.0 0.0 3.0 0.0 0.0 0.0 0.0 1.0 3.0 1.0 2.0 3.0 1.0
339 1.0 1.0 1.0 1.0 2.0 0.0 1.0 2.0 1.0 0.0 0.0 2.0 1.0 2.0 1.0 0.0 1.0 1.0 2.0 0.0 3.0 2.0 1.0 0.0 1.0 0.0 0.0 6.0 2.0 4.0 2.0 1.0
342 0.0 0.0 0.0 0.0 0.0 0.0 0.0 0.0 0.0 0.0 1.0 1.0 0.0 0.0 1.0 0.0 0.0 0.0 0.0 1.0 0.0 1.0 0.0 0.0 0.0 2.0 0.0 3.0 1.0 1.0 0.0 0.0
345 1.0 2.0 0.0 0.0 1.0 0.0 0.0 3.0 0.0 2.0 1.0 1.0 1.0 1.0 0.0 0.0 1.0 0.0 1.0 1.0 0.0 0.0 3.0 0.0 1.0 0.0 1.0 2.0 1.0 1.0 3.0 1.0
348 1.0 0.0 1.0 0.0 0.0 1.0 2.0 0.0 1.0 2.0 1.0 3.0 0.0 1.0 2.0 1.0 0.0 0.0 0.0 1.0 1.0 0.0 0.0 0.0 0.0 0.0 1.0 1.0 5.0 0.0 1.0 0.0
351 0.0 0.0 0.0 1.0 0.0 0.0 1.0 1.0 2.0 0.0 0.0 1.0 1.0 1.0 0.0 0.0 0.0 0.0 0.0 0.0 0.0 1.0 0.0 2.0 0.0 1.0 1.0 0.0 1.0 1.0 0.0 0.0
354 1.0 0.0 1.0 1.0 2.0 1.0 1.0 1.0 2.0 2.0 0.0 2.0 0.0 1.0 0.0 3.0 1.0 0.0 0.0 0.0 3.0 1.0 0.0 0.0 0.0 5.0 2.0 0.0 2.0 0.0 0.0 0.0
357 0.0 0.0 0.0 0.0 0.0 0.0 0.0 0.0 1.0 0.0 0.0 0.0 0.0 1.0 0.0 0.0 1.0 0.0 1.0 0.0 0.0 0.0 0.0 0.0 1.0 0.0 0.0 1.0 0.0 0.0 0.0 0.0
