150 18984.0 13547.0 14696.0 19550.0 22391.0 14222.0 15231.0 20429.0 14143.0 26201.0 11835.0 18256.0 20357.0 18119.0 29591.0 18081.0 20281.0 10233.0 23589.0 24727.0 12163.0 20157.0 16375.0 19824.0 15743.0 21994.0 13453.0 12400.0 13177.0 18112.0 23278.0 13450.0
153 122510.0 95584.0 117586.0 127605.0 146412.0 100463.0 103355.0 138298.0 96729.0 164998.0 88182.0 127041.0 136664.0 125683.0 175490.0 123898.0 118403.0 80335.0 147236.0 153294.0 97236.0 135438.0 103673.0 130607.0 104991.0 139990.0 103146.0 87581.0 98172.0 124751.0 153741.0 97765.0
156 18256916.0 18254056.0 18257019.0 18234660.0 18244521.0 18231545.0 18242662.0 18232050.0 18242695.0 18226783.0 18246667.0 18230442.0 18242232.0 18243505.0 18235012.0 18226791.0 18242207.0 18249168.0 18238913.0 18238869.0 18238452.0 18244278.0 18221415.0 18239234.0 18226461.0 18240152.0 18233667.0 18236873.0 18231128.0 18238617.0 18244153.0 18244027.0
159 18561698.0 18559991.0 18561223.0 18529522.0 18544454.0 18527658.0 18539218.0 18527459.0 18539569.0 18522517.0 18543724.0 18527417.0 18540286.0 18541270.0 18530842.0 18525409.0 18538651.0 18545607.0 18535969.0 18534045.0 18533563.0 18540597.0 18518366.0 18535462.0 18522862.0 18536906.0 18529382.0 18533976.0 18527488.0 18535899.0 18541827.0 18541529.0
162 19142455.0 19141788.0 19141652.0 19122788.0 19136301.0 19120308.0 19135005.0 19119537.0 19135242.0 19115978.0 19136910.0 19118978.0 19136453.0 19137593.0 19129667.0 19114534.0 19136243.0 19137286.0 19133639.0 19130183.0 19123747.0 19135145.0 19114483.0 19130118.0 19117580.0 19132226.0 19121445.0 19129479.0 19120891.0 19131166.0 19135631.0 19134087.0
165 19426591.0 19425679.0 19424924.0 19417922.0 19423541.0 19414259.0 19423365.0 19414224.0 19424193.0 19411642.0 19424888.0 19413267.0 19426067.0 19426880.0 19423698.0 19409031.0 19427101.0 19426049.0 19425748.0 19422819.0 19415337.0 19425873.0 19410511.0 19422342.0 19412204.0 19423854.0 19414039.0 19422083.0 19413669.0 19423262.0 19425334.0 19424401.0
168 19604796.0 19604911.0 19604003.0 19602341.0 19603883.0 19598980.0 19604730.0 19599755.0 19605166.0 19597989.0 19606227.0 19598108.0 19607671.0 19608672.0 19606461.0 19592846.0 19608862.0 19607916.0 19607699.0 19604729.0 19598805.0 19607219.0 19593495.0 19604613.0 19595041.0 19605178.0 19596560.0 19604154.0 19596111.0 19604987.0 19605845.0 19604995.0
171 19728705.0 19728481.0 19728051.0 19729955.0 19727886.0 19725877.0 19728201.0 19726504.0 19728527.0 19724929.0 19729292.0 19725171.0 19730102.0 19731370.0 19730290.0 19721478.0 19731980.0 19731274.0 19731120.0 19729288.0 19725704.0 19730793.0 19721031.0 19729604.0 19722402.0 19729277.0 19723253.0 19730155.0 19722984.0 19729916.0 19729298.0 19729157.0
174 19764269.0 19762661.0 19761083.0 19752703.0 19758364.0 19753036.0 19757216.0 19751406.0 19757097.0 19751650.0 19757553.0 19757086.0 19758441.0 19758329.0 19757253.0 19758501.0 19758889.0 19757596.0 19758027.0 19754617.0 19756068.0 19755547.0 19748274.0 19754249.0 19751007.0 19754383.0 19750404.0 19754316.0 19750219.0 19753916.0 19754373.0 19754263.0
177 19592822.0 19580676.0 19526065.0 19265247.0 19502976.0 19259437.0 19502116.0 19192387.0 19473209.0 19193758.0 19486342.0 19266346.0 19473809.0 19474170.0 19477215.0 19369183.0 19499418.0 19476979.0 19481990.0 19425397.0 19252087.0 19425461.0 19305257.0 19418707.0 19307698.0 19428737.0 19217982.0 19452284.0 19301438.0 19433493.0 19436212.0 19476812.0
180 12091820.0 11933572.0 11212798.0 10444330.0 11110438.0 10587713.0 11231323.0 10376502.0 10983870.0 10429770.0 11065219.0 10648374.0 10991218.0 11010956.0 11092256.0 11061477.0 11243023.0 11122228.0 11122331.0 10855003.0 10477767.0 10805355.0 10852175.0 10828607.0 10785884.0 10890820.0 10330244.0 11212536.0 10699481.0 10994474.0 11013254.0 11558704.0
183 8490278.0 8503965.0 8237584.0 8276700.0 8275529.0 8550437.0 8495320.0 8290994.0 8356750.0 8368970.0 8428726.0 8607605.0 8406282.0 8462384.0 8550234.0 9034543.0 8635328.0 8576001.0 8538213.0 8332025.0 8370928.0 8259330.0 8892358.0 8294589.0 8770277.0 8288029.0 8208913.0 8587674.0 8685400.0 8372580.0 8344788.0 8688132.0
186 3660653.0 3663698.0 3511061.0 3570026.0 3547923.0 3715943.0 3692146.0 3567373.0 3605115.0 3619863.0 3634467.0 3750995.0 3637489.0 3676218.0 3759863.0 4010649.0 3808980.0 3749711.0 3732664.0 3629763.0 3608665.0 3578356.0 3938302.0 3604021.0 3856322.0 3602743.0 3524067.0 3773890.0 3806206.0 3650803.0 3645303.0 3818687.0
189 176499.0 168858.0 138504.0 188405.0 160296.0 163980.0 169035.0 159275.0 162230.0 174951.0 148550.0 163600.0 169718.0 157500.0 194094.0 153227.0 231598.0 156937.0 177917.0 198032.0 145454.0 181345.0 191031.0 176842.0 175015.0 190622.0 144212.0 173315.0 152907.0 160666.0 168220.0 158893.0
192 175177.0 168074.0 138088.0 187669.0 160932.0 162255.0 166060.0 158592.0 161111.0 175462.0 147710.0 162879.0 168911.0 155355.0 191266.0 147471.0 226917.0 153014.0 177112.0 196403.0 144106.0 180767.0 186188.0 175382.0 172615.0 188999.0 142681.0 168094.0 150634.0 158176.0 165237.0 152733.0
195 175245.0 166760.0 137462.0 187848.0 159612.0 162047.0 165502.0 158996.0 160437.0 174646.0 146959.0 162055.0 169138.0 154765.0 190997.0 148187.0 224683.0 151786.0 175901.0 195916.0 144120.0 179099.0 185479.0 175648.0 171669.0 189869.0 142413.0 168500.0 149043.0 157161.0 162736.0 151803.0
198 175084.0 166880.0 137059.0 187377.0 160283.0 161610.0 165586.0 159122.0 160700.0 175360.0 147865.0 161053.0 168296.0 157108.0 190237.0 147593.0 226215.0 152277.0 175226.0 196374.0 144523.0 178839.0 186433.0 174693.0 171299.0 188053.0 142400.0 167240.0 150321.0 157515.0 161193.0 152341.0
201 174566.0 167034.0 137468.0 186983.0 159352.0 161456.0 166127.0 159164.0 160226.0 176390.0 147462.0 161357.0 169049.0 152721.0 191022.0 147569.0 224622.0 151373.0 176932.0 196526.0 143883.0 180165.0 187004.0 175050.0 171250.0 189982.0 142917.0 168511.0 150256.0 156890.0 160549.0 152054.0
204 174002.0 167188.0 137081.0 185869.0 158956.0 160188.0 165509.0 157294.0 159973.0 175367.0 146653.0 161056.0 168826.0 154467.0 190087.0 147933.0 225549.0 151088.0 175370.0 194903.0 142998.0 178104.0 186344.0 174727.0 170614.0 188976.0 141832.0 166730.0 149323.0 156808.0 162809.0 152049.0
207 172898.0 164660.0 134599.0 182550.0 157807.0 158608.0 165144.0 156660.0 159043.0 174929.0 144934.0 159446.0 167401.0 154751.0 191200.0 147850.0 225216.0 148387.0 175052.0 193294.0 139113.0 177552.0 183677.0 172819.0 170506.0 188445.0 137860.0 165908.0 148398.0 156563.0 160976.0 151393.0
210 169721.0 156051.0 120933.0 168723.0 156551.0 151771.0 161348.0 154747.0 154088.0 173765.0 137894.0 156435.0 165464.0 152564.0 188775.0 145356.0 210312.0 132696.0 173487.0 187143.0 124575.0 166915.0 181593.0 170523.0 167752.0 183577.0 125516.0 161014.0 144094.0 154364.0 158772.0 149538.0
213 153153.0 117873.0 80301.0 122804.0 149897.0 125074.0 146292.0 141955.0 130437.0 166225.0 110535.0 140489.0 154877.0 137447.0 184454.0 144556.0 177700.0 89506.0 170882.0 179081.0 81237.0 147182.0 172074.0 152340.0 155468.0 164238.0 89381.0 141844.0 125006.0 146958.0 148186.0 140368.0
216 104988.0 53050.0 30740.0 57131.0 122982.0 71854.0 101060.0 104787.0 79257.0 136848.0 57517.0 92815.0 119320.0 96994.0 171171.0 134337.0 101172.0 37920.0 156966.0 135566.0 31487.0 89156.0 137922.0 103581.0 115118.0 113711.0 41277.0 93927.0 77194.0 120988.0 116977.0 112493.0
219 39239.0 11873.0 7484.0 15283.0 64361.0 21721.0 39171.0 45237.0 25032.0 71510.0 14999.0 33527.0 54603.0 38768.0 121752.0 99021.0 30019.0 9477.0 109635.0 65167.0 7676.0 26725.0 65187.0 38468.0 48788.0 44633.0 11152.0 34112.0 24137.0 66098.0 58312.0 57914.0
222 9847.0 5058.0 3890.0 6359.0 19104.0 6563.0 10291.0 11921.0 7048.0 20740.0 5057.0 8625.0 14178.0 9801.0 50376.0 42110.0 9093.0 4399.0 45126.0 17829.0 4186.0 7707.0 16900.0 9813.0 12264.0 12000.0 4854.0 9090.0 6711.0 20227.0 16503.0 16604.0
225 5524.0 3990.0 3323.0 5089.0 5861.0 4553.0 5142.0 5011.0 4699.0 6560.0 4091.0 4709.0 5609.0 4438.0 9960.0 7975.0 6379.0 3586.0 9597.0 6984.0 3383.0 5441.0 6545.0 5567.0 5497.0 6061.0 3822.0 5076.0 4399.0 5550.0 5224.0 5269.0
228 4772.0 3574.0 2883.0 4575.0 4840.0 4030.0 4449.0 4480.0 4016.0 5559.0 3496.0 3996.0 4906.0 3936.0 6090.0 5058.0 5468.0 2955.0 5997.0 6010.0 2965.0 4768.0 5518.0 4812.0 4761.0 5391.0 3260.0 4313.0 3897.0 4494.0 4532.0 4415.0
231 4288.0 3177.0 2557.0 4082.0 4267.0 3528.0 3846.0 3869.0 3594.0 4815.0 3193.0 3502.0 4301.0 3475.0 5329.0 4236.0 4675.0 2833.0 5209.0 5393.0 2759.0 4267.0 4964.0 4195.0 4145.0 4613.0 3041.0 3897.0 3334.0 3912.0 4002.0 3783.0
234 3972.0 3034.0 2420.0 3956.0 3926.0 3296.0 3501.0 3699.0 3295.0 4346.0 3006.0 3264.0 3959.0 3063.0 4897.0 3710.0 4591.0 2704.0 4748.0 4825.0 2604.0 3712.0 4427.0 3913.0 3803.0 4320.0 2963.0 3664.0 3271.0 3507.0 3485.0 3532.0
237 3790.0 2959.0 2379.0 3918.0 3664.0 3219.0 3420.0 3469.0 3305.0 4178.0 2924.0 3058.0 3734.0 2957.0 4160.0 3497.0 4377.0 2546.0 4387.0 4827.0 2478.0 3631.0 4057.0 3901.0 3635.0 4031.0 2908.0 3433.0 3067.0 3251.0 3396.0 3178.0
240 3695.0 2792.0 2274.0 3680.0 3600.0 3110.0 3358.0 3400.0 3154.0 3997.0 2764.0 3006.0 3659.0 3017.0 4139.0 3373.0 4199.0 2500.0 4202.0 4611.0 2525.0 3732.0 4015.0 3717.0 3539.0 4156.0 2805.0 3242.0 2953.0 3256.0 3319.0 3193.0
243 3522.0 2892.0 2248.0 3645.0 3638.0 2977.0 3369.0 3365.0 3163.0 3961.0 2738.0 2946.0 3695.0 2925.0 3900.0 3277.0 4302.0 2410.0 4123.0 4662.0 2326.0 3671.0 4101.0 3472.0 3513.0 3852.0 2732.0 3351.0 2920.0 3188.0 3185.0 3173.0
246 3460.0 2820.0 2146.0 3449.0 3472.0 2948.0 3195.0 3226.0 3087.0 3918.0 2808.0 2898.0 3488.0 2872.0 3879.0 3285.0 4098.0 2357.0 4065.0 4376.0 2252.0 3643.0 3901.0 3402.0 3304.0 3849.0 2621.0 3276.0 2721.0 2960.0 3166.0 3061.0
249 3370.0 2647.0 2149.0 3304.0 3499.0 2885.0 3134.0 3253.0 2957.0 3843.0 2579.0 2862.0 3377.0 2729.0 3915.0 3125.0 3961.0 2214.0 4002.0 4292.0 2235.0 3467.0 3957.0 3479.0 3276.0 3830.0 2545.0 3216.0 2819.0 2967.0 3045.0 3159.0
252 3290.0 2498.0 2059.0 3217.0 3255.0 2687.0 3046.0 3050.0 2785.0 3839.0 2433.0 2694.0 3285.0 2708.0 3811.0 2990.0 3999.0 1878.0 3856.0 4253.0 1922.0 3308.0 3813.0 3399.0 3266.0 3646.0 2352.0 2927.0 2667.0 2854.0 3046.0 2852.0
255 3090.0 2056.0 1611.0 2802.0 3287.0 2370.0 2905.0 2970.0 2544.0 3568.0 2293.0 2497.0 3190.0 2601.0 3648.0 3044.0 3469.0 1488.0 3613.0 4011.0 1542.0 3126.0 3566.0 3155.0 2989.0 3368.0 2033.0 2785.0 2538.0 2702.0 2843.0 2730.0
258 2742.0 1302.0 973.0 1975.0 3059.0 1757.0 2537.0 2684.0 2094.0 3392.0 1635.0 2325.0 2989.0 2177.0 3542.0 2790.0 2934.0 901.0 3736.0 3670.0 906.0 2613.0 3287.0 2796.0 2824.0 3116.0 1426.0 2322.0 2085.0 2602.0 2630.0 2594.0
261 2155.0 610.0 462.0 959.0 2751.0 1177.0 1917.0 2330.0 1351.0 3095.0 941.0 1791.0 2628.0 1810.0 3346.0 2677.0 1897.0 370.0 3560.0 3087.0 384.0 1860.0 2740.0 2202.0 2262.0 2559.0 722.0 1649.0 1457.0 2362.0 2298.0 2230.0
264 1258.0 221.0 190.0 414.0 2213.0 505.0 1187.0 1725.0 724.0 2540.0 383.0 1101.0 1954.0 1253.0 3072.0 2565.0 998.0 151.0 3092.0 2377.0 148.0 990.0 1959.0 1431.0 1532.0 1629.0 349.0 805.0 792.0 1869.0 1776.0 1647.0
267 573.0 118.0 89.0 179.0 1409.0 202.0 496.0 848.0 274.0 1685.0 158.0 478.0 1071.0 580.0 2533.0 2031.0 383.0 68.0 2496.0 1385.0 72.0 379.0 974.0 591.0 651.0 800.0 151.0 351.0 267.0 1141.0 1001.0 915.0
270 243.0 81.0 74.0 146.0 658.0 121.0 219.0 377.0 126.0 807.0 128.0 200.0 462.0 260.0 1526.0 1269.0 193.0 65.0 1734.0 599.0 84.0 147.0 410.0 251.0 289.0 299.0 103.0 153.0 138.0 563.0 407.0 368.0
273 142.0 83.0 66.0 109.0 242.0 93.0 107.0 171.0 123.0 316.0 106.0 99.0 175.0 116.0 792.0 596.0 151.0 62.0 759.0 284.0 61.0 121.0 188.0 143.0 164.0 150.0 77.0 101.0 105.0 218.0 175.0 164.0
276 125.0 82.0 65.0 125.0 162.0 93.0 100.0 142.0 87.0 168.0 78.0 86.0 136.0 91.0 275.0 222.0 136.0 45.0 314.0 191.0 65.0 111.0 170.0 126.0 121.0 141.0 82.0 96.0 105.0 128.0 119.0 107.0
279 110.0 70.0 65.0 96.0 141.0 104.0 106.0 132.0 104.0 150.0 76.0 92.0 121.0 81.0 155.0 148.0 129.0 47.0 190.0 146.0 58.0 104.0 144.0 109.0 97.0 116.0 74.0 86.0 102.0 109.0 86.0 99.0
282 98.0 73.0 58.0 107.0 134.0 83.0 100.0 106.0 81.0 149.0 78.0 96.0 136.0 80.0 164.0 106.0 126.0 60.0 181.0 170.0 63.0 109.0 132.0 113.0 86.0 121.0 87.0 98.0 94.0 83.0 95.0 112.0
285 108.0 65.0 55.0 117.0 130.0 79.0 93.0 109.0 77.0 135.0 63.0 78.0 118.0 75.0 129.0 86.0 105.0 56.0 127.0 140.0 57.0 133.0 126.0 106.0 111.0 119.0 95.0 99.0 91.0 98.0 88.0 102.0
288 107.0 61.0 66.0 100.0 103.0 72.0 81.0 102.0 79.0 133.0 64.0 86.0 109.0 81.0 139.0 86.0 117.0 47.0 146.0 124.0 55.0 97.0 106.0 98.0 104.0 118.0 82.0 84.0 91.0 81.0 89.0 87.0
291 105.0 63.0 59.0 89.0 109.0 85.0 69.0 87.0 74.0 127.0 73.0 63.0 102.0 78.0 151.0 87.0 109.0 48.0 132.0 136.0 52.0 116.0 117.0 89.0 88.0 114.0 55.0 59.0 71.0 89.0 71.0 85.0
294 84.0 64.0 37.0 76.0 111.0 71.0 86.0 103.0 72.0 135.0 65.0 72.0 112.0 63.0 114.0 71.0 97.0 34.0 157.0 128.0 47.0 90.0 102.0 91.0 94.0 121.0 68.0 79.0 68.0 79.0 85.0 88.0
297 87.0 41.0 38.0 74.0 92.0 57.0 72.0 80.0 66.0 108.0 66.0 68.0 114.0 69.0 121.0 102.0 95.0 32.0 117.0 140.0 43.0 95.0 108.0 81.0 82.0 100.0 62.0 70.0 76.0 75.0 79.0 81.0
300 78.0 26.0 28.0 52.0 121.0 59.0 74.0 92.0 63.0 104.0 38.0 51.0 94.0 66.0 101.0 76.0 93.0 21.0 121.0 153.0 16.0 75.0 115.0 66.0 78.0 89.0 52.0 71.0 76.0 78.0 90.0 83.0
303 70.0 12.0 15.0 39.0 106.0 30.0 41.0 85.0 69.0 114.0 41.0 45.0 77.0 67.0 118.0 71.0 70.0 13.0 112.0 116.0 13.0 67.0 98.0 77.0 80.0 80.0 27.0 41.0 53.0 49.0 61.0 78.0
306 51.0 13.0 7.0 18.0 89.0 39.0 50.0 58.0 35.0 90.0 17.0 45.0 67.0 53.0 82.0 79.0 64.0 5.0 102.0 85.0 10.0 50.0 74.0 51.0 61.0 70.0 17.0 35.0 39.0 57.0 53.0 64.0
309 38.0 5.0 5.0 14.0 77.0 11.0 28.0 50.0 19.0 74.0 6.0 23.0 71.0 39.0 92.0 88.0 25.0 2.0 116.0 75.0 2.0 21.0 75.0 39.0 31.0 56.0 9.0 18.0 22.0 57.0 40.0 55.0
312 19.0 4.0 2.0 8.0 61.0 10.0 17.0 30.0 6.0 63.0 2.0 17.0 41.0 36.0 72.0 57.0 12.0 4.0 79.0 58.0 3.0 11.0 42.0 24.0 24.0 33.0 6.0 18.0 7.0 42.0 42.0 36.0
315 9.0 3.0 3.0 7.0 49.0 2.0 11.0 19.0 7.0 45.0 5.0 8.0 18.0 10.0 69.0 56.0 3.0 1.0 76.0 29.0 3.0 8.0 24.0 10.0 16.0 19.0 5.0 9.0 6.0 24.0 23.0 21.0
318 7.0 3.0 0.0 2.0 12.0 2.0 6.0 9.0 1.0 23.0 0.0 4.0 10.0 9.0 43.0 40.0 2.0 1.0 57.0 19.0 1.0 6.0 19.0 8.0 5.0 3.0 4.0 2.0 10.0 13.0 13.0 7.0
321 7.0 5.0 2.0 3.0 9.0 2.0 1.0 4.0 5.0 12.0 5.0 3.0 5.0 3.0 28.0 29.0 8.0 1.0 26.0 6.0 3.0 6.0 6.0 3.0 4.0 6.0 8.0 5.0 6.0 5.0 6.0 8.0
324 0.0 5.0 3.0 2.0 8.0 3.0 6.0 2.0 2.0 2.0 3.0 3.0 6.0 3.0 12.0 8.0 2.0 1.0 14.0 0.0 0.0 2.0 9.0 5.0 5.0 3.0 2.0 6.0 4.0 1.0 0.0 6.0
327 5.0 2.0 2.0 5.0 3.0 0.0 3.0 6.0 2.0 8.0 3.0 3.0 3.0 1.0 7.0 8.0 4.0 6.0 4.0 3.0 1.0 4.0 8.0 2.0 6.0 4.0 5.0 3.0 2.0 3.0 3.0 8.0
330 2.0 0.0 1.0 7.0 3.0 0.0 3.0 7.0 5.0 6.0 0.0 2.0 3.0 4.0 6.0 6.0 4.0 2.0 6.0 8.0 0.0 2.0 3.0 4.0 3.0 5.0 1.0 2.0 3.0 2.0 4.0 1.0
333 2.0 1.0 2.0 3.0 8.0 1.0 2.0 3.0 0.0 4.0 2.0 3.0 5.0 4.0 3.0 3.0 4.0 2.0 6.0 6.0 3.0 5.0 5.0 3.0 3.0 6.0 3.0 2.0 6.0 3.0 1.0 4.0
336 2.0 2.0 0.0 6.0 4.0 2.0 6.0 2.0 3.0 5.0 3.0 4.0 4.0 1.0 4.0 2.0 2.0 0.0 6.0 5.0 1.0 2.0 2.0 3.0 4.0 2.0 3.0 3.0 1.0 1.0 5.0 3.0
339 3.0 2.0 0.0 1.0 4.0 2.0 3.0 6.0 4.0 5.0 2.0 6.0 2.0 5.0 4.0 3.0 4.0 0.0 7.0 3.0 0.0 4.0 3.0 2.0 2.0 6.0 1.0 4.0 0.0 2.0 5.0 2.0
342 5.0 1.0 1.0 4.0 7.0 0.0 2.0 3.0 1.0 7.0 0.0 3.0 5.0 4.0 4.0 6.0 3.0 0.0 4.0 7.0 2.0 3.0 4.0 1.0 5.0 2.0 3.0 3.0 8.0 0.0 1.0 1.0
345 5.0 2.0 1.0 3.0 4.0 1.0 3.0 6.0 0.0 0.0 0.0 4.0 4.0 0.0 3.0 6.0 3.0 0.0 5.0 2.0 2.0 2.0 4.0 0.0 2.0 5.0 3.0 0.0 1.0 0.0 2.0 3.0
348 2.0 2.0 3.0 1.0 5.0 1.0 1.0 1.0 4.0 4.0 1.0 3.0 7.0 2.0 3.0 6.0 3.0 0.0 6.0 3.0 0.0 1.0 6.0 4.0 1.0 5.0 2.0 2.0 3.0 2.0 3.0 3.0
351 2.0 0.0 0.0 0.0 3.0 2.0 1.0 2.0 1.0 3.0 1.0 2.0 2.0 2.0 5.0 3.0 0.0 0.0 3.0 2.0 1.0 2.0 1.0 2.0 3.0 0.0 1.0 2.0 3.0 0.0 3.0 3.0
354 0.0 2.0 1.0 0.0 3.0 2.0 4.0 2.0 1.0 0.0 0.0 2.0 1.0 2.0 3.0 2.0 1.0 2.0 8.0 3.0 0.0 1.0 3.0 1.0 1.0 3.0 3.0 0.0 2.0 4.0 3.0 3.0
357 0.0 0.0 0.0 0.0 1.0 0.0 0.0 0.0 0.0 2.0 1.0 0.0 1.0 0.0 3.0 4.0 0.0 2.0 8.0 0.0 0.0 0.0 4.0 1.0 3.0 0.0 0.0 1.0 0.0 2.0 2.0 2.0
