150 11274.0 12802.0 25606.0 17090.0 17469.0 12983.0 11164.0 16148.0 10272.0 14776.0 18466.0 11604.0 8203.0 12065.0 17698.0 11890.0 12144.0 10947.0 12166.0 17271.0 9549.0 16683.0 13167.0 16810.0 12004.0 15153.0 12907.0 14965.0 31360.0 21303.0 10679.0 12155.0
153 173325.0 180957.0 235461.0 194790.0 188209.0 169038.0 139066.0 207466.0 132102.0 203110.0 203456.0 162665.0 132771.0 175509.0 215325.0 159444.0 150475.0 143534.0 154423.0 180056.0 142544.0 190047.0 176813.0 178535.0 154512.0 183318.0 176865.0 163509.0 232030.0 204742.0 161077.0 173046.0
156 17557879.0 17591366.0 17572355.0 17534438.0 17566185.0 17532066.0 17547809.0 17535818.0 17545737.0 17542181.0 17562121.0 17537737.0 17564718.0 17570202.0 17565980.0 17534349.0 17559080.0 17559214.0 17564511.0 17550246.0 17532394.0 17552895.0 17531604.0 17548143.0 17527905.0 17555402.0 17532048.0 17539438.0 17489831.0 17548197.0 17564681.0 17575180.0
159 18839735.0 18869142.0 18850067.0 18819075.0 18840519.0 18821491.0 18834094.0 18820158.0 18832714.0 18825048.0 18833034.0 18825885.0 18846297.0 18846698.0 18838872.0 18823176.0 18839171.0 18839418.0 18846321.0 18831396.0 18827733.0 18833517.0 18820362.0 18831744.0 18821190.0 18838167.0 18821958.0 18827609.0 18779010.0 18831994.0 18851431.0 18858112.0
162 19237914.0 19258968.0 19251896.0 19218003.0 19241708.0 19216074.0 19232370.0 19215607.0 19230243.0 19220099.0 19232203.0 19221564.0 19238336.0 19239868.0 19235541.0 19219149.0 19236320.0 19234730.0 19238563.0 19229879.0 19221981.0 19231695.0 19212610.0 19230752.0 19217085.0 19233718.0 19215712.0 19223968.0 19186728.0 19231011.0 19238696.0 19245200.0
165 19670201.0 19685788.0 19677348.0 19646383.0 19668001.0 19648260.0 19661807.0 19646968.0 19659445.0 19651045.0 19658131.0 19653840.0 19672967.0 19672597.0 19663577.0 19650872.0 19665927.0 19665138.0 19673973.0 19656826.0 19655783.0 19659366.0 19646937.0 19658944.0 19649761.0 19664611.0 19649650.0 19653989.0 19612571.0 19658536.0 19674186.0 19676577.0
168 19914604.0 19921019.0 19920283.0 19895982.0 19913312.0 19894922.0 19907841.0 19894372.0 19905563.0 19898269.0 19905048.0 19900124.0 19911427.0 19911595.0 19908296.0 19897239.0 19908760.0 19907838.0 19911119.0 19904572.0 19900827.0 19906195.0 19892143.0 19906020.0 19897214.0 19908229.0 19895935.0 19901850.0 19871879.0 19906946.0 19910904.0 19913099.0
171 19944977.0 19945801.0 19946449.0 19930218.0 19943987.0 19929009.0 19940080.0 19928450.0 19938382.0 19932413.0 19936754.0 19933571.0 19943453.0 19942990.0 19939943.0 19930536.0 19941389.0 19940469.0 19943307.0 19937440.0 19934012.0 19938384.0 19926233.0 19938966.0 19930290.0 19940983.0 19929300.0 19935904.0 19908099.0 19939728.0 19943253.0 19944165.0
174 20004795.0 20003415.0 20004084.0 19997985.0 20003333.0 19996836.0 20000917.0 19997170.0 20000449.0 19998200.0 20001915.0 19997926.0 20001464.0 20001523.0 20001259.0 19997258.0 20001262.0 20000830.0 20001259.0 19999940.0 19997282.0 19999909.0 19994489.0 19999763.0 19995904.0 20000208.0 19995298.0 19998586.0 19987783.0 19999770.0 20000331.0 20001028.0
177 19843060.0 19851658.0 19844200.0 19813764.0 19836594.0 19813200.0 19831609.0 19812740.0 19827726.0 19812982.0 19831457.0 19818094.0 19825981.0 19823624.0 19820702.0 19818842.0 19823072.0 19821738.0 19818618.0 19814528.0 19811584.0 19814653.0 19803424.0 19810884.0 19805606.0 19811451.0 19800551.0 19810103.0 19786330.0 19809899.0 19812784.0 19816841.0
180 18673120.0 19125440.0 18951060.0 18325627.0 18805390.0 18352555.0 18901599.0 18203258.0 18934275.0 18171717.0 18761970.0 18334541.0 18754060.0 18633286.0 18613349.0 18531483.0 18739842.0 18757035.0 18632690.0 18634958.0 18428701.0 18656438.0 18300103.0 18559783.0 18448650.0 18571415.0 18308925.0 18656894.0 18348485.0 18592318.0 18666338.0 18758865.0
183 10183684.0 10098127.0 9982832.0 9697522.0 9873221.0 9910278.0 10179886.0 9617520.0 10336058.0 9557797.0 10011744.0 9876217.0 10006500.0 9790892.0 9779994.0 10293084.0 10039217.0 10096463.0 9809287.0 9830915.0 10017435.0 9915977.0 9829742.0 9694708.0 10181677.0 9673796.0 9827509.0 9890876.0 10066819.0 9683358.0 9771314.0 9860189.0
186 8498944.0 8156528.0 8089254.0 7963985.0 7965617.0 8223223.0 8270153.0 7901487.0 8434640.0 7834545.0 8080589.0 8141665.0 8072742.0 7850763.0 7840917.0 8555420.0 8092992.0 8138918.0 7850182.0 7882259.0 8238833.0 7975801.0 8094700.0 7746164.0 8467070.0 7708715.0 8111312.0 7935980.0 8367744.0 7712383.0 7794132.0 7865583.0
189 1210984.0 1229748.0 1336602.0 1116424.0 1172917.0 1180843.0 1275318.0 1076485.0 1355162.0 1052330.0 1223118.0 1129573.0 1168636.0 1100381.0 1118759.0 1329257.0 1203363.0 1197758.0 1111052.0 1123747.0 1160359.0 1171040.0 1111662.0 1089445.0 1270516.0 1070004.0 1134904.0 1142174.0 1412950.0 1113025.0 1059564.0 1080177.0
192 250564.0 256340.0 411768.0 281961.0 293269.0 265397.0 292110.0 248222.0 325384.0 237042.0 291399.0 243995.0 246989.0 230467.0 260011.0 309924.0 275405.0 258092.0 269219.0 269114.0 238008.0 271415.0 228779.0 278617.0 287461.0 258199.0 238285.0 264480.0 487976.0 311188.0 215705.0 217564.0
195 241380.0 204280.0 366567.0 262727.0 271078.0 216617.0 231979.0 227887.0 226185.0 218861.0 237870.0 214169.0 208611.0 205165.0 234742.0 222244.0 234481.0 209311.0 251833.0 248429.0 200636.0 237145.0 203812.0 266600.0 227338.0 245533.0 209471.0 235499.0 436732.0 294416.0 194434.0 192005.0
198 240025.0 202229.0 365101.0 261358.0 269817.0 215087.0 230114.0 229019.0 219264.0 218366.0 238120.0 215083.0 207268.0 204884.0 233435.0 217173.0 232364.0 209434.0 252185.0 248685.0 198289.0 236757.0 203529.0 266428.0 221954.0 246155.0 208040.0 234776.0 430283.0 294123.0 193728.0 192819.0
201 240326.0 202346.0 367317.0 261529.0 268870.0 214168.0 231340.0 228028.0 219926.0 218116.0 236513.0 213829.0 207084.0 204389.0 233407.0 216638.0 231924.0 209689.0 252920.0 248339.0 198274.0 236544.0 203950.0 266602.0 221991.0 246408.0 207485.0 234014.0 432243.0 296397.0 193528.0 192715.0
204 239764.0 201426.0 365678.0 259491.0 269562.0 213656.0 230112.0 227391.0 219276.0 218053.0 235588.0 212821.0 205671.0 203612.0 232085.0 216635.0 231349.0 207584.0 250826.0 247284.0 197715.0 236213.0 203294.0 264078.0 221823.0 244891.0 206593.0 233685.0 427328.0 295273.0 193273.0 193054.0
207 239116.0 200814.0 363994.0 261275.0 267270.0 213605.0 229162.0 227454.0 218446.0 217152.0 236641.0 212877.0 204618.0 202746.0 232982.0 216120.0 230543.0 207568.0 239709.0 247492.0 197207.0 235106.0 202930.0 263355.0 221115.0 242667.0 207302.0 234247.0 426723.0 295793.0 192080.0 192951.0
210 235839.0 200091.0 359931.0 258684.0 265258.0 213442.0 227178.0 226634.0 217382.0 214985.0 234826.0 210747.0 201228.0 200744.0 230809.0 214673.0 229213.0 205482.0 233240.0 245249.0 195644.0 233901.0 202205.0 260088.0 220323.0 239978.0 206017.0 232827.0 421025.0 290934.0 188098.0 189854.0
213 228581.0 198049.0 353593.0 254844.0 262011.0 210571.0 224150.0 222075.0 214487.0 209475.0 233517.0 204797.0 185089.0 190130.0 227221.0 210714.0 223622.0 202653.0 206945.0 243820.0 190182.0 230978.0 200219.0 251965.0 217388.0 229902.0 202265.0 230524.0 418410.0 286310.0 174381.0 184733.0
216 186054.0 189255.0 319358.0 239074.0 242109.0 202181.0 211362.0 207090.0 207963.0 182467.0 229697.0 174147.0 130492.0 147684.0 211364.0 193169.0 198340.0 187845.0 129702.0 235078.0 163641.0 216362.0 193873.0 216962.0 204759.0 189600.0 189032.0 217837.0 399443.0 257702.0 127432.0 161487.0
219 99511.0 156244.0 216007.0 179991.0 172190.0 164376.0 157462.0 152133.0 174954.0 118579.0 216387.0 98064.0 55479.0 74923.0 162148.0 141085.0 129866.0 134002.0 47807.0 198268.0 97020.0 168632.0 165721.0 132663.0 159162.0 109541.0 144195.0 174699.0 341373.0 181061.0 57402.0 107668.0
222 32064.0 86132.0 85830.0 85720.0 73119.0 90175.0 70241.0 70934.0 99646.0 47882.0 168745.0 31127.0 15035.0 23061.0 88235.0 67420.0 50851.0 58178.0 13734.0 121388.0 32618.0 84032.0 101446.0 48226.0 80844.0 37445.0 72331.0 94344.0 218045.0 80023.0 16047.0 44458.0
225 9298.0 19364.0 19191.0 17775.0 14857.0 20071.0 13954.0 15057.0 22005.0 10932.0 67476.0 7975.0 6162.0 6908.0 21535.0 15240.0 11203.0 11588.0 7583.0 31946.0 7692.0 17659.0 24685.0 11808.0 17391.0 9445.0 15926.0 20838.0 64870.0 17315.0 6079.0 9640.0
228 7397.0 7440.0 12756.0 9064.0 9012.0 8047.0 7705.0 7643.0 8222.0 6882.0 18621.0 6340.0 5470.0 5696.0 8954.0 7240.0 7467.0 6765.0 6798.0 10991.0 6022.0 8450.0 8309.0 8627.0 8008.0 7419.0 7515.0 8826.0 22417.0 10562.0 5322.0 6001.0
231 6678.0 6098.0 11188.0 8125.0 8189.0 6785.0 6807.0 6550.0 6578.0 6061.0 8772.0 5647.0 4827.0 5063.0 7331.0 6326.0 6572.0 5902.0 5968.0 8372.0 5296.0 7327.0 6530.0 7968.0 6804.0 6737.0 6399.0 7352.0 15776.0 9381.0 4674.0 5395.0
234 5856.0 5534.0 10107.0 7132.0 7175.0 6082.0 6068.0 5830.0 6013.0 5554.0 7543.0 4994.0 4213.0 4358.0 6380.0 5558.0 5838.0 5211.0 5303.0 7424.0 4754.0 6162.0 5743.0 6944.0 6235.0 5902.0 5487.0 6784.0 14475.0 8478.0 4059.0 4803.0
237 5466.0 4834.0 8941.0 6490.0 6500.0 5352.0 5300.0 5113.0 5296.0 4883.0 6683.0 4383.0 3802.0 3857.0 5791.0 4754.0 5122.0 4538.0 4894.0 6828.0 4139.0 5596.0 5193.0 6273.0 5407.0 5135.0 4887.0 5997.0 12930.0 7583.0 3631.0 4362.0
240 5119.0 4258.0 8155.0 5716.0 5899.0 4716.0 4904.0 4622.0 4722.0 4557.0 5999.0 4114.0 3709.0 3790.0 5367.0 4384.0 4845.0 4226.0 4758.0 6157.0 3914.0 4997.0 4647.0 5937.0 4866.0 4932.0 4624.0 5393.0 11600.0 6980.0 3565.0 3950.0
243 5038.0 4051.0 8034.0 5659.0 5775.0 4719.0 4562.0 4372.0 4533.0 4427.0 5466.0 4066.0 3542.0 3701.0 5092.0 4219.0 4783.0 4134.0 4584.0 5900.0 3783.0 4848.0 4386.0 5996.0 4683.0 5019.0 4467.0 5282.0 11058.0 7004.0 3572.0 3904.0
246 4907.0 3925.0 7809.0 5452.0 5579.0 4403.0 4536.0 4220.0 4335.0 4403.0 5115.0 4029.0 3514.0 3474.0 4845.0 4109.0 4763.0 3991.0 4454.0 5759.0 3772.0 4622.0 4366.0 5848.0 4549.0 4848.0 4171.0 5126.0 10600.0 6810.0 3365.0 3801.0
249 4772.0 3828.0 7490.0 5338.0 5289.0 4298.0 4443.0 4241.0 4241.0 4348.0 5173.0 3688.0 3247.0 3476.0 4778.0 4017.0 4470.0 3844.0 4315.0 5715.0 3622.0 4504.0 4250.0 5635.0 4383.0 4529.0 4206.0 5019.0 10565.0 6548.0 3247.0 3651.0
252 4608.0 3681.0 7153.0 5165.0 5234.0 4211.0 4318.0 4079.0 4292.0 4048.0 4962.0 3625.0 3142.0 3318.0 4722.0 3937.0 4286.0 3690.0 3928.0 5566.0 3456.0 4396.0 4023.0 5425.0 4401.0 4524.0 4038.0 4870.0 10121.0 6336.0 3182.0 3510.0
255 4240.0 3632.0 6889.0 5021.0 4913.0 4158.0 4070.0 4097.0 4045.0 3911.0 4858.0 3491.0 2772.0 3160.0 4531.0 3680.0 4219.0 3696.0 3468.0 5304.0 3331.0 4140.0 4039.0 5270.0 4165.0 4200.0 3848.0 4848.0 9641.0 6064.0 2711.0 3518.0
258 3675.0 3359.0 6264.0 4807.0 4674.0 3907.0 3851.0 3598.0 3849.0 3522.0 4829.0 2986.0 1954.0 2602.0 4226.0 3549.0 3748.0 3366.0 2231.0 4995.0 2861.0 4037.0 3805.0 4638.0 3884.0 3621.0 3748.0 4473.0 8981.0 5607.0 2177.0 3117.0
261 2696.0 3130.0 5254.0 4275.0 4085.0 3518.0 3383.0 3347.0 3565.0 2857.0 4565.0 2281.0 1075.0 1786.0 3935.0 2994.0 3012.0 2926.0 1191.0 4773.0 2179.0 3700.0 3653.0 3666.0 3511.0 2830.0 3253.0 3966.0 8418.0 4793.0 1328.0 2624.0
264 1467.0 2686.0 3366.0 3419.0 3025.0 2983.0 2512.0 2584.0 2918.0 2024.0 4374.0 1176.0 478.0 905.0 3172.0 2149.0 1981.0 2012.0 442.0 4220.0 1204.0 2889.0 3136.0 2307.0 2769.0 1654.0 2495.0 3365.0 7102.0 3614.0 566.0 1755.0
267 643.0 1898.0 1712.0 2276.0 1730.0 2009.0 1354.0 1644.0 1876.0 1165.0 3931.0 509.0 175.0 380.0 2364.0 1257.0 991.0 1085.0 188.0 3164.0 484.0 1854.0 2504.0 1083.0 1727.0 789.0 1688.0 2274.0 5380.0 2087.0 235.0 1081.0
270 291.0 949.0 736.0 1058.0 690.0 1118.0 521.0 779.0 889.0 448.0 3212.0 194.0 123.0 188.0 1413.0 589.0 409.0 449.0 173.0 1959.0 207.0 921.0 1420.0 472.0 804.0 316.0 812.0 1230.0 3202.0 902.0 119.0 432.0
273 198.0 429.0 336.0 416.0 309.0 411.0 255.0 302.0 338.0 231.0 1984.0 132.0 106.0 126.0 581.0 243.0 204.0 207.0 135.0 930.0 131.0 338.0 606.0 208.0 300.0 201.0 306.0 448.0 1493.0 378.0 109.0 175.0
276 156.0 164.0 302.0 232.0 208.0 220.0 153.0 183.0 185.0 157.0 986.0 110.0 102.0 118.0 269.0 155.0 182.0 144.0 117.0 403.0 107.0 198.0 247.0 206.0 182.0 167.0 183.0 257.0 662.0 251.0 98.0 134.0
279 132.0 134.0 254.0 180.0 203.0 174.0 164.0 144.0 158.0 143.0 398.0 148.0 86.0 103.0 206.0 139.0 166.0 134.0 116.0 198.0 100.0 178.0 163.0 205.0 151.0 154.0 180.0 185.0 482.0 239.0 91.0 121.0
282 146.0 131.0 206.0 190.0 162.0 148.0 132.0 126.0 143.0 138.0 236.0 119.0 86.0 91.0 171.0 120.0 157.0 118.0 118.0 203.0 106.0 155.0 148.0 184.0 155.0 132.0 137.0 163.0 375.0 191.0 107.0 110.0
285 149.0 146.0 213.0 169.0 149.0 153.0 134.0 115.0 132.0 129.0 194.0 104.0 73.0 91.0 165.0 111.0 160.0 106.0 124.0 209.0 92.0 134.0 146.0 182.0 126.0 127.0 135.0 161.0 383.0 201.0 70.0 93.0
288 131.0 126.0 180.0 167.0 137.0 113.0 130.0 129.0 127.0 127.0 175.0 107.0 79.0 81.0 146.0 104.0 101.0 126.0 105.0 153.0 87.0 132.0 141.0 188.0 141.0 122.0 126.0 133.0 362.0 222.0 87.0 104.0
291 130.0 116.0 188.0 161.0 150.0 117.0 107.0 118.0 118.0 97.0 152.0 103.0 72.0 106.0 134.0 106.0 127.0 121.0 113.0 192.0 109.0 126.0 122.0 144.0 143.0 110.0 97.0 136.0 320.0 199.0 85.0 120.0
294 128.0 100.0 194.0 152.0 145.0 107.0 129.0 106.0 106.0 115.0 169.0 107.0 66.0 72.0 152.0 104.0 143.0 120.0 107.0 173.0 91.0 117.0 104.0 155.0 116.0 109.0 109.0 152.0 330.0 178.0 72.0 99.0
297 121.0 99.0 177.0 153.0 142.0 117.0 104.0 89.0 104.0 118.0 134.0 86.0 51.0 82.0 136.0 90.0 101.0 97.0 70.0 158.0 73.0 101.0 127.0 151.0 125.0 94.0 100.0 144.0 285.0 170.0 76.0 89.0
300 106.0 97.0 139.0 128.0 138.0 103.0 113.0 119.0 110.0 101.0 136.0 74.0 43.0 74.0 128.0 87.0 88.0 75.0 56.0 152.0 64.0 109.0 109.0 127.0 107.0 97.0 97.0 115.0 281.0 153.0 58.0 82.0
303 73.0 94.0 121.0 137.0 124.0 92.0 97.0 96.0 97.0 91.0 136.0 52.0 22.0 45.0 112.0 82.0 89.0 66.0 37.0 148.0 57.0 101.0 103.0 107.0 102.0 80.0 86.0 131.0 284.0 143.0 40.0 84.0
306 71.0 86.0 103.0 113.0 118.0 108.0 76.0 66.0 66.0 75.0 117.0 43.0 23.0 27.0 108.0 67.0 60.0 70.0 19.0 141.0 55.0 73.0 109.0 83.0 93.0 72.0 86.0 115.0 231.0 113.0 25.0 53.0
309 36.0 82.0 79.0 100.0 78.0 69.0 56.0 71.0 64.0 53.0 142.0 28.0 6.0 14.0 86.0 49.0 50.0 63.0 7.0 122.0 21.0 61.0 98.0 66.0 68.0 39.0 59.0 104.0 218.0 110.0 13.0 46.0
312 22.0 60.0 40.0 73.0 50.0 59.0 29.0 53.0 50.0 43.0 94.0 13.0 11.0 13.0 81.0 30.0 25.0 27.0 4.0 111.0 13.0 47.0 70.0 39.0 50.0 19.0 43.0 59.0 158.0 69.0 4.0 26.0
315 6.0 38.0 19.0 45.0 25.0 39.0 12.0 28.0 29.0 20.0 93.0 4.0 6.0 3.0 54.0 11.0 13.0 22.0 4.0 81.0 5.0 30.0 56.0 6.0 21.0 10.0 26.0 48.0 114.0 36.0 4.0 17.0
318 5.0 14.0 13.0 11.0 12.0 30.0 9.0 19.0 19.0 11.0 80.0 4.0 3.0 4.0 38.0 11.0 5.0 1.0 2.0 46.0 4.0 13.0 35.0 10.0 10.0 4.0 29.0 24.0 70.0 13.0 5.0 8.0
321 6.0 18.0 9.0 11.0 6.0 14.0 3.0 9.0 7.0 4.0 60.0 3.0 0.0 2.0 25.0 6.0 5.0 4.0 2.0 28.0 4.0 12.0 19.0 11.0 5.0 7.0 8.0 12.0 46.0 13.0 2.0 5.0
324 4.0 6.0 5.0 8.0 8.0 5.0 5.0 2.0 6.0 9.0 47.0 2.0 5.0 4.0 7.0 1.0 7.0 2.0 2.0 18.0 2.0 6.0 12.0 6.0 9.0 5.0 7.0 7.0 25.0 11.0 1.0 6.0
327 7.0 5.0 4.0 11.0 5.0 10.0 6.0 4.0 9.0 5.0 21.0 5.0 1.0 3.0 7.0 6.0 6.0 5.0 1.0 7.0 4.0 1.0 4.0 7.0 6.0 7.0 5.0 3.0 21.0 11.0 3.0 2.0
330 4.0 2.0 7.0 7.0 3.0 3.0 1.0 3.0 4.0 7.0 9.0 2.0 0.0 4.0 4.0 3.0 1.0 0.0 1.0 14.0 0.0 4.0 1.0 5.0 5.0 6.0 2.0 3.0 14.0 4.0 1.0 1.0
333 6.0 3.0 6.0 7.0 6.0 4.0 5.0 7.0 3.0 4.0 13.0 6.0 2.0 0.0 7.0 2.0 5.0 7.0 0.0 8.0 3.0 2.0 3.0 6.0 3.0 2.0 6.0 5.0 12.0 3.0 4.0 5.0
336 4.0 3.0 3.0 6.0 4.0 5.0 7.0 1.0 3.0 6.0 12.0 1.0 4.0 2.0 6.0 6.0 6.0 5.0 4.0 3.0 3.0 3.0 3.0 4.0 1.0 3.0 4.0 4.0 11.0 2.0 2.0 3.0
339 3.0 5.0 4.0 3.0 4.0 4.0 2.0 3.0 6.0 8.0 5.0 3.0 0.0 5.0 2.0 5.0 7.0 0.0 3.0 11.0 3.0 4.0 5.0 8.0 2.0 4.0 5.0 6.0 12.0 6.0 7.0 5.0
342 1.0 4.0 5.0 4.0 3.0 6.0 3.0 3.0 4.0 1.0 3.0 0.0 1.0 3.0 5.0 1.0 1.0 4.0 3.0 2.0 2.0 4.0 4.0 2.0 1.0 1.0 1.0 8.0 3.0 8.0 1.0 5.0
345 5.0 4.0 7.0 5.0 3.0 6.0 4.0 5.0 4.0 4.0 2.0 1.0 2.0 5.0 3.0 3.0 4.0 3.0 4.0 7.0 0.0 3.0 7.0 4.0 1.0 2.0 5.0 9.0 14.0 6.0 0.0 1.0
348 4.0 5.0 4.0 2.0 3.0 6.0 1.0 2.0 3.0 3.0 3.0 0.0 1.0 1.0 6.0 2.0 3.0 3.0 1.0 4.0 2.0 3.0 2.0 2.0 5.0 2.0 5.0 8.0 8.0 3.0 0.0 1.0
351 1.0 2.0 1.0 3.0 1.0 5.0 3.0 6.0 8.0 1.0 2.0 0.0 0.0 1.0 5.0 0.0 2.0 4.0 0.0 5.0 1.0 3.0 3.0 2.0 2.0 1.0 3.0 1.0 10.0 5.0 1.0 1.0
354 2.0 2.0 2.0 4.0 6.0 7.0 5.0 4.0 0.0 2.0 7.0 3.0 2.0 1.0 6.0 4.0 3.0 2.0 1.0 6.0 2.0 4.0 4.0 4.0 7.0 4.0 3.0 5.0 12.0 1.0 0.0 5.0
357 0.0 1.0 1.0 0.0 1.0 3.0 0.0 1.0 4.0 1.0 4.0 0.0 0.0 0.0 0.0 0.0 0.0 0.0 1.0 5.0 1.0 2.0 2.0 1.0 0.0 0.0 0.0 1.0 6.0 3.0 0.0 2.0
