150 390168.0 364128.0 405321.0 393338.0 411475.0 359907.0 323154.0 355272.0 343984.0 345796.0 388686.0 369730.0 416020.0 373000.0 396557.0 308620.0 378337.0 404863.0 351375.0 356069.0 341110.0 353372.0 366052.0 406014.0 333338.0 442613.0 343554.0 364912.0 370673.0 324450.0 399532.0 321748.0
153 18012911.0 18005628.0 17996382.0 17987772.0 18000741.0 17979455.0 17999466.0 17996811.0 17986210.0 17983464.0 17999789.0 17987863.0 17992695.0 18000266.0 18002049.0 17991068.0 17998954.0 17981473.0 18002789.0 18000857.0 17980829.0 17993182.0 17983137.0 17997423.0 17986814.0 18000249.0 17992457.0 18000504.0 17987471.0 18005133.0 18009864.0 18006950.0
156 18538573.0 18531045.0 18521422.0 18511897.0 18527384.0 18503943.0 18526265.0 18520589.0 18513920.0 18509099.0 18524731.0 18509704.0 18518321.0 18524250.0 18525790.0 18518154.0 18524629.0 18508667.0 18526887.0 18525728.0 18509232.0 18519116.0 18507187.0 18520336.0 18511448.0 18523291.0 18516514.0 18525233.0 18508820.0 18530725.0 18534799.0 18535907.0
159 18868453.0 18862743.0 18853887.0 18846869.0 18861044.0 18838204.0 18859698.0 18855242.0 18848593.0 18843401.0 18857562.0 18843275.0 18851615.0 18857797.0 18859452.0 18853139.0 18858156.0 18845232.0 18860711.0 18859651.0 18845278.0 18853457.0 18842187.0 18854381.0 18846722.0 18856832.0 18852430.0 18858794.0 18843436.0 18864285.0 18865637.0 18867919.0
162 19232616.0 19230221.0 19225218.0 19218971.0 19229450.0 19209811.0 19227759.0 19224201.0 19222126.0 19215232.0 19227154.0 19213499.0 19223291.0 19226967.0 19227890.0 19223079.0 19227445.0 19220813.0 19228544.0 19228038.0 19218259.0 19224852.0 19214801.0 19225754.0 19218488.0 19227005.0 19222578.0 19228217.0 19214124.0 19230005.0 19232067.0 19232739.0
165 19679427.0 19677967.0 19675748.0 19669534.0 19677162.0 19662550.0 19675380.0 19672316.0 19673284.0 19666680.0 19675660.0 19665226.0 19674286.0 19675335.0 19675980.0 19671411.0 19675561.0 19672844.0 19675710.0 19675825.0 19669145.0 19674443.0 19666650.0 19674696.0 19669273.0 19675863.0 19671324.0 19675717.0 19666587.0 19676493.0 19678150.0 19678117.0
168 19912352.0 19912004.0 19911677.0 19908183.0 19911829.0 19905422.0 19911080.0 19907975.0 19910849.0 19906529.0 19911538.0 19906227.0 19912255.0 19911365.0 19911745.0 19907167.0 19911298.0 19910724.0 19910914.0 19910854.0 19906085.0 19910946.0 19905686.0 19910834.0 19906276.0 19910709.0 19906784.0 19910634.0 19905854.0 19911216.0 19911791.0 19911330.0
171 19939961.0 19940018.0 19939096.0 19934234.0 19939779.0 19932249.0 19938897.0 19935064.0 19938338.0 19933778.0 19939740.0 19933074.0 19940665.0 19937947.0 19938721.0 19935145.0 19938723.0 19937406.0 19937604.0 19937341.0 19933159.0 19936825.0 19931993.0 19936843.0 19932874.0 19936677.0 19933633.0 19936301.0 19931949.0 19936840.0 19937247.0 19937195.0
174 19828165.0 19827966.0 19814122.0 19774105.0 19815036.0 19771583.0 19813889.0 19778950.0 19811711.0 19784125.0 19812483.0 19776827.0 19820007.0 19802667.0 19804240.0 19801676.0 19808174.0 19799666.0 19802207.0 19795966.0 19780244.0 19798996.0 19765082.0 19792137.0 19773837.0 19788169.0 19771002.0 19791949.0 19769703.0 19793253.0 19795271.0 19800518.0
177 14313622.0 14482763.0 13958244.0 12725386.0 13879353.0 12896838.0 13923589.0 12734190.0 14065280.0 13250310.0 13655088.0 12950677.0 14169295.0 13542119.0 13373513.0 13697284.0 13682188.0 13662232.0 13614600.0 13262111.0 13067239.0 13857661.0 12695946.0 13315837.0 12935881.0 13070858.0 12647416.0 13504012.0 12847467.0 13483290.0 13641163.0 14064355.0
180 8378466.0 8566387.0 8341371.0 8253857.0 8352968.0 8591994.0 8486726.0 8419557.0 8727701.0 8994706.0 8402625.0 8658768.0 8887210.0 8356819.0 8274072.0 9362109.0 8482584.0 8523089.0 8393153.0 8096388.0 8702658.0 8629722.0 8364453.0 8146480.0 8623540.0 7893126.0 8286677.0 8230786.0 8496152.0 8167585.0 8237359.0 8411844.0
183 4700973.0 4846086.0 4692568.0 4705740.0 4706289.0 4983705.0 4777985.0 4841901.0 4998585.0 5343464.0 4728856.0 5031545.0 5106970.0 4700558.0 4627301.0 5601776.0 4778246.0 4852627.0 4698003.0 4468632.0 5052897.0 4926653.0 4832491.0 4555649.0 5050335.0 4339319.0 4775906.0 4596784.0 4956517.0 4530270.0 4576035.0 4678884.0
186 257262.0 279904.0 268656.0 250667.0 292264.0 276626.0 255253.0 227780.0 335769.0 365066.0 276417.0 266636.0 374009.0 255270.0 246306.0 388522.0 271659.0 354436.0 248484.0 232356.0 292871.0 317722.0 269940.0 276265.0 277912.0 241214.0 250471.0 264854.0 284519.0 237682.0 265996.0 271050.0
189 219019.0 217532.0 236212.0 227299.0 252056.0 225486.0 208823.0 185278.0 247741.0 230225.0 215503.0 195827.0 252003.0 205532.0 207499.0 208201.0 217683.0 296480.0 201724.0 208553.0 230078.0 227884.0 225543.0 224355.0 214245.0 218202.0 201345.0 214857.0 206545.0 193450.0 214918.0 211175.0
192 217435.0 214430.0 234300.0 225690.0 251542.0 222575.0 207399.0 183312.0 243049.0 216640.0 213583.0 191816.0 244767.0 202711.0 205446.0 189898.0 215974.0 293378.0 199850.0 207168.0 227801.0 221575.0 222385.0 221649.0 208917.0 217208.0 197810.0 211822.0 201052.0 191345.0 212156.0 207505.0
195 218397.0 212486.0 234411.0 225692.0 252400.0 222958.0 207493.0 182793.0 242658.0 216134.0 211716.0 191998.0 244626.0 201787.0 205742.0 188350.0 214211.0 292995.0 199718.0 207215.0 228392.0 221414.0 222444.0 222164.0 209417.0 216582.0 197436.0 211426.0 200042.0 191539.0 211409.0 207078.0
198 217594.0 213778.0 234074.0 226792.0 251929.0 221784.0 207632.0 183056.0 244140.0 216796.0 213630.0 192514.0 245345.0 202661.0 205644.0 189213.0 214551.0 292742.0 199382.0 208277.0 227818.0 221758.0 223593.0 221923.0 208719.0 216963.0 198288.0 212054.0 201110.0 190909.0 211676.0 206441.0
201 217230.0 213146.0 235231.0 225529.0 250477.0 222281.0 206638.0 182471.0 243682.0 215084.0 212484.0 191797.0 244437.0 202045.0 206228.0 188715.0 213040.0 291279.0 200084.0 205561.0 226614.0 222160.0 221938.0 221993.0 208358.0 216858.0 197266.0 210927.0 199902.0 189747.0 211065.0 206295.0
204 217347.0 212396.0 232904.0 224781.0 249477.0 221256.0 205744.0 181752.0 243494.0 215258.0 211684.0 192361.0 243629.0 201207.0 204150.0 188067.0 213326.0 289302.0 198571.0 205783.0 225441.0 220727.0 220940.0 220080.0 207650.0 215145.0 196032.0 210396.0 199363.0 188008.0 210327.0 204390.0
207 217534.0 211129.0 233297.0 223148.0 249471.0 221555.0 204608.0 179837.0 240943.0 213580.0 209969.0 190712.0 242370.0 201217.0 203018.0 186493.0 211501.0 289891.0 197133.0 204141.0 224463.0 219141.0 219345.0 219175.0 206522.0 212249.0 191924.0 208866.0 198439.0 184133.0 207841.0 201030.0
210 213493.0 209897.0 231471.0 220423.0 246467.0 218429.0 197259.0 172681.0 238766.0 211750.0 207585.0 189802.0 240413.0 196478.0 196935.0 180480.0 209583.0 286545.0 191653.0 193345.0 218595.0 216312.0 215749.0 215625.0 202883.0 205848.0 176809.0 201651.0 195559.0 162162.0 200921.0 182774.0
213 200300.0 202098.0 225729.0 203871.0 234528.0 211290.0 169187.0 140174.0 231563.0 200125.0 192089.0 184026.0 233835.0 182062.0 170128.0 156270.0 192184.0 273738.0 170243.0 157131.0 189212.0 205594.0 198595.0 201234.0 180049.0 178781.0 130480.0 172020.0 185564.0 108134.0 174197.0 136108.0
216 148563.0 165004.0 195656.0 147069.0 177210.0 172372.0 98014.0 70187.0 190381.0 153692.0 134352.0 153840.0 203407.0 124190.0 93189.0 85507.0 129633.0 217609.0 106226.0 81790.0 106813.0 159365.0 136214.0 149822.0 113903.0 109806.0 55309.0 97122.0 147879.0 39301.0 102384.0 62036.0
219 68286.0 92873.0 125198.0 67616.0 83827.0 95353.0 33998.0 20874.0 103419.0 76355.0 58538.0 90630.0 137197.0 52782.0 28984.0 26813.0 52702.0 117634.0 40680.0 26471.0 35341.0 82771.0 58428.0 73329.0 44450.0 41939.0 15799.0 33274.0 80932.0 10938.0 37506.0 18887.0
222 19595.0 30708.0 50212.0 20511.0 23317.0 30561.0 10390.0 7152.0 31849.0 22762.0 16789.0 30657.0 60255.0 14850.0 9353.0 8529.0 14898.0 38351.0 11964.0 9183.0 11073.0 26021.0 16851.0 22792.0 12863.0 12847.0 7045.0 10330.0 26755.0 5945.0 11208.0 7546.0
225 8884.0 10525.0 15624.0 9306.0 9801.0 10689.0 7010.0 5619.0 11002.0 9051.0 8200.0 9748.0 19508.0 7569.0 6528.0 6220.0 7814.0 14059.0 7056.0 6840.0 7773.0 10097.0 8440.0 9231.0 7455.0 7729.0 5965.0 6819.0 9511.0 5123.0 7362.0 6066.0
228 6886.0 7342.0 8978.0 7525.0 7963.0 7956.0 6070.0 5079.0 8187.0 7013.0 6627.0 6793.0 9754.0 6444.0 5974.0 5562.0 6761.0 10215.0 6153.0 6257.0 6955.0 7300.0 7168.0 7192.0 6619.0 6610.0 5134.0 6179.0 6825.0 4649.0 6134.0 5457.0
231 6177.0 6400.0 8042.0 6644.0 7070.0 6977.0 5676.0 4412.0 7503.0 6199.0 5928.0 5943.0 8067.0 5640.0 5168.0 5094.0 6010.0 8939.0 5638.0 5546.0 6276.0 6749.0 6215.0 6358.0 5961.0 5910.0 4721.0 5468.0 6052.0 4076.0 5697.0 4760.0
234 5387.0 5645.0 6930.0 5789.0 6265.0 6186.0 5016.0 4025.0 6544.0 5610.0 5320.0 5203.0 7091.0 5132.0 4494.0 4361.0 5199.0 8018.0 4984.0 4919.0 5614.0 5933.0 5521.0 5602.0 5312.0 5288.0 4184.0 4837.0 5335.0 3762.0 4919.0 4359.0
237 5013.0 5081.0 6302.0 5510.0 5737.0 5608.0 4685.0 3684.0 5794.0 4950.0 4871.0 4641.0 6273.0 4606.0 4277.0 3969.0 4913.0 7177.0 4736.0 4725.0 5110.0 5531.0 5173.0 5164.0 4734.0 4975.0 3883.0 4446.0 4987.0 3555.0 4543.0 4186.0
240 4733.0 4723.0 5868.0 5181.0 5400.0 5320.0 4443.0 3723.0 5524.0 4650.0 4554.0 4269.0 5823.0 4440.0 4115.0 3791.0 4672.0 6905.0 4496.0 4607.0 5004.0 5168.0 4965.0 4821.0 4537.0 4943.0 3850.0 4446.0 4543.0 3562.0 4352.0 3929.0
243 4617.0 4530.0 5747.0 5089.0 5338.0 5101.0 4543.0 3521.0 5458.0 4567.0 4465.0 4193.0 5470.0 4315.0 3991.0 3485.0 4577.0 6704.0 4405.0 4536.0 4889.0 5233.0 4804.0 4759.0 4485.0 4616.0 3676.0 4341.0 4548.0 3375.0 4411.0 4079.0
246 4485.0 4625.0 5622.0 4945.0 5109.0 4953.0 4235.0 3370.0 5215.0 4369.0 4439.0 4196.0 5337.0 4270.0 4087.0 3374.0 4472.0 6481.0 4292.0 4318.0 4738.0 5056.0 4619.0 4613.0 4410.0 4643.0 3655.0 4166.0 4392.0 3351.0 4353.0 3898.0
249 4489.0 4360.0 5559.0 4742.0 4954.0 4869.0 4067.0 3284.0 5176.0 4448.0 4141.0 3931.0 5305.0 4108.0 3998.0 3396.0 4279.0 6252.0 4272.0 4193.0 4694.0 4805.0 4511.0 4556.0 4407.0 4517.0 3559.0 4197.0 4191.0 3196.0 4234.0 3748.0
252 4551.0 4339.0 5351.0 4624.0 4811.0 4861.0 4040.0 3336.0 4961.0 4225.0 4177.0 3832.0 5116.0 3957.0 3854.0 3227.0 4178.0 6214.0 4024.0 4178.0 4501.0 4690.0 4266.0 4462.0 4191.0 4375.0 3399.0 3947.0 4082.0 2906.0 4070.0 3470.0
255 4215.0 4264.0 5213.0 4482.0 4837.0 4626.0 3831.0 3132.0 4891.0 4098.0 4025.0 3773.0 4948.0 3836.0 3666.0 3069.0 4128.0 5964.0 3976.0 3770.0 4314.0 4556.0 4392.0 4361.0 4025.0 4149.0 3086.0 3808.0 4140.0 2497.0 3962.0 3067.0
258 4173.0 4120.0 5161.0 4494.0 4569.0 4549.0 3721.0 3012.0 4757.0 3978.0 4022.0 3769.0 5002.0 3851.0 3528.0 2976.0 3921.0 5943.0 3740.0 3726.0 3981.0 4413.0 4190.0 4111.0 3893.0 4158.0 2912.0 3684.0 3942.0 2210.0 3773.0 2913.0
261 3865.0 4114.0 4942.0 4261.0 4262.0 4347.0 3244.0 2513.0 4614.0 3709.0 3745.0 3734.0 4761.0 3593.0 3173.0 2444.0 3719.0 5650.0 3360.0 3213.0 3512.0 4243.0 4014.0 3908.0 3508.0 3783.0 2085.0 3238.0 3831.0 1508.0 3303.0 2142.0
264 3436.0 3887.0 4579.0 3673.0 3850.0 4124.0 2305.0 1674.0 4122.0 3279.0 3160.0 3527.0 4372.0 3084.0 2397.0 1598.0 3170.0 5175.0 2854.0 2361.0 2518.0 3776.0 3215.0 3527.0 2718.0 3119.0 1240.0 2410.0 3446.0 688.0 2547.0 1175.0
267 2769.0 3120.0 4119.0 2813.0 3004.0 3365.0 1373.0 957.0 3441.0 2658.0 2310.0 3076.0 4079.0 2090.0 1418.0 851.0 2295.0 4359.0 1834.0 1239.0 1445.0 3058.0 2355.0 2766.0 1790.0 2073.0 608.0 1446.0 2858.0 277.0 1685.0 567.0
270 1723.0 2142.0 3238.0 1865.0 1883.0 2492.0 647.0 386.0 2176.0 1465.0 1389.0 2252.0 3426.0 1206.0 600.0 297.0 1293.0 3101.0 975.0 580.0 644.0 2012.0 1453.0 1777.0 908.0 1145.0 254.0 593.0 1928.0 163.0 822.0 222.0
273 733.0 1090.0 2074.0 840.0 824.0 1171.0 251.0 188.0 937.0 638.0 597.0 1246.0 2142.0 526.0 231.0 155.0 501.0 1602.0 404.0 212.0 271.0 948.0 519.0 775.0 351.0 433.0 163.0 240.0 979.0 120.0 266.0 142.0
276 347.0 449.0 1054.0 370.0 337.0 485.0 186.0 112.0 450.0 290.0 260.0 541.0 1129.0 213.0 159.0 129.0 227.0 654.0 187.0 187.0 212.0 342.0 244.0 361.0 183.0 228.0 128.0 185.0 447.0 79.0 199.0 144.0
279 195.0 238.0 454.0 245.0 216.0 238.0 156.0 121.0 200.0 198.0 164.0 223.0 521.0 173.0 137.0 109.0 158.0 310.0 171.0 149.0 173.0 231.0 171.0 193.0 196.0 158.0 104.0 138.0 231.0 104.0 156.0 115.0
282 188.0 169.0 235.0 194.0 172.0 205.0 136.0 119.0 211.0 154.0 165.0 168.0 271.0 166.0 119.0 122.0 168.0 271.0 160.0 156.0 169.0 194.0 158.0 179.0 154.0 144.0 106.0 167.0 153.0 94.0 160.0 118.0
285 156.0 165.0 216.0 170.0 167.0 187.0 131.0 108.0 175.0 156.0 150.0 158.0 223.0 147.0 142.0 111.0 153.0 206.0 119.0 148.0 167.0 168.0 167.0 164.0 149.0 166.0 107.0 133.0 136.0 71.0 110.0 98.0
288 135.0 155.0 178.0 173.0 187.0 198.0 133.0 83.0 185.0 138.0 140.0 138.0 170.0 126.0 114.0 91.0 141.0 228.0 159.0 129.0 149.0 157.0 167.0 142.0 127.0 151.0 95.0 113.0 135.0 78.0 135.0 132.0
291 136.0 149.0 196.0 145.0 153.0 184.0 142.0 93.0 150.0 128.0 112.0 145.0 184.0 136.0 126.0 93.0 137.0 208.0 136.0 133.0 160.0 150.0 129.0 141.0 143.0 126.0 98.0 121.0 135.0 78.0 142.0 101.0
294 125.0 127.0 181.0 160.0 163.0 152.0 126.0 88.0 150.0 135.0 108.0 145.0 162.0 113.0 105.0 93.0 131.0 208.0 147.0 140.0 132.0 143.0 136.0 119.0 150.0 133.0 112.0 106.0 140.0 87.0 121.0 105.0
297 162.0 140.0 186.0 145.0 133.0 143.0 124.0 90.0 128.0 113.0 108.0 121.0 143.0 131.0 86.0 71.0 110.0 186.0 134.0 127.0 121.0 172.0 134.0 132.0 131.0 119.0 79.0 119.0 125.0 63.0 94.0 103.0
300 127.0 147.0 171.0 129.0 132.0 117.0 109.0 82.0 152.0 108.0 103.0 114.0 142.0 124.0 92.0 78.0 106.0 189.0 107.0 106.0 133.0 125.0 132.0 123.0 138.0 129.0 61.0 103.0 119.0 58.0 120.0 91.0
303 125.0 130.0 175.0 129.0 139.0 146.0 116.0 80.0 136.0 124.0 97.0 116.0 151.0 111.0 82.0 87.0 102.0 164.0 115.0 126.0 96.0 118.0 136.0 130.0 115.0 108.0 61.0 112.0 116.0 38.0 110.0 67.0
306 93.0 123.0 164.0 108.0 119.0 127.0 78.0 56.0 144.0 102.0 117.0 127.0 134.0 115.0 98.0 47.0 120.0 202.0 111.0 86.0 95.0 132.0 114.0 126.0 101.0 109.0 61.0 80.0 106.0 32.0 90.0 65.0
309 106.0 116.0 173.0 112.0 101.0 121.0 64.0 53.0 133.0 94.0 81.0 113.0 131.0 96.0 70.0 34.0 112.0 174.0 91.0 79.0 84.0 119.0 108.0 102.0 88.0 86.0 38.0 57.0 100.0 22.0 78.0 35.0
312 104.0 90.0 130.0 119.0 117.0 123.0 71.0 32.0 105.0 112.0 79.0 92.0 123.0 83.0 53.0 31.0 88.0 140.0 81.0 57.0 56.0 95.0 77.0 95.0 77.0 79.0 21.0 64.0 113.0 9.0 59.0 17.0
315 67.0 79.0 123.0 76.0 76.0 95.0 40.0 23.0 81.0 64.0 61.0 87.0 99.0 50.0 34.0 15.0 63.0 126.0 52.0 28.0 31.0 99.0 66.0 77.0 27.0 56.0 13.0 20.0 90.0 2.0 38.0 7.0
318 60.0 74.0 102.0 59.0 66.0 78.0 14.0 10.0 70.0 47.0 41.0 72.0 92.0 41.0 21.0 5.0 37.0 99.0 31.0 22.0 15.0 71.0 39.0 64.0 26.0 37.0 10.0 21.0 66.0 5.0 21.0 6.0
321 32.0 42.0 76.0 36.0 36.0 48.0 5.0 3.0 35.0 17.0 18.0 55.0 91.0 22.0 6.0 1.0 18.0 59.0 18.0 9.0 6.0 47.0 30.0 29.0 15.0 27.0 5.0 6.0 42.0 1.0 13.0 3.0
324 14.0 25.0 58.0 16.0 9.0 32.0 5.0 2.0 11.0 15.0 4.0 37.0 67.0 11.0 9.0 7.0 7.0 32.0 5.0 10.0 3.0 31.0 16.0 17.0 5.0 14.0 8.0 6.0 19.0 2.0 9.0 5.0
327 18.0 9.0 26.0 12.0 8.0 16.0 3.0 7.0 2.0 5.0 7.0 18.0 31.0 11.0 7.0 2.0 6.0 16.0 12.0 7.0 5.0 12.0 10.0 11.0 7.0 4.0 2.0 7.0 7.0 2.0 7.0 6.0
330 6.0 8.0 19.0 11.0 9.0 5.0 3.0 1.0 5.0 5.0 3.0 9.0 18.0 3.0 7.0 4.0 5.0 7.0 9.0 4.0 6.0 11.0 5.0 5.0 11.0 7.0 4.0 6.0 8.0 2.0 2.0 4.0
333 6.0 7.0 7.0 9.0 3.0 3.0 7.0 1.0 7.0 4.0 5.0 9.0 5.0 11.0 2.0 3.0 9.0 12.0 14.0 7.0 6.0 12.0 9.0 7.0 4.0 5.0 2.0 2.0 8.0 6.0 11.0 1.0
336 5.0 10.0 2.0 10.0 6.0 5.0 3.0 2.0 11.0 11.0 3.0 6.0 9.0 3.0 5.0 2.0 5.0 12.0 6.0 6.0 7.0 4.0 3.0 4.0 5.0 4.0 3.0 5.0 8.0 2.0 4.0 4.0
339 4.0 3.0 9.0 14.0 6.0 7.0 7.0 5.0 10.0 5.0 8.0 6.0 6.0 6.0 6.0 2.0 4.0 13.0 2.0 3.0 2.0 6.0 5.0 4.0 5.0 9.0 3.0 6.0 2.0 4.0 7.0 2.0
342 4.0 3.0 7.0 4.0 5.0 3.0 4.0 2.0 5.0 5.0 1.0 4.0 5.0 3.0 4.0 1.0 4.0 10.0 4.0 6.0 5.0 7.0 4.0 2.0 2.0 4.0 4.0 3.0 2.0 3.0 4.0 8.0
345 2.0 9.0 4.0 2.0 2.0 9.0 4.0 0.0 1.0 7.0 2.0 4.0 7.0 6.0 5.0 1.0 3.0 4.0 1.0 2.0 2.0 9.0 2.0 12.0 9.0 6.0 0.0 3.0 4.0 0.0 2.0 1.0
348 7.0 6.0 6.0 7.0 7.0 6.0 9.0 2.0 1.0 0.0 4.0 6.0 4.0 4.0 4.0 1.0 5.0 8.0 0.0 1.0 5.0 4.0 3.0 2.0 3.0 4.0 2.0 5.0 2.0 2.0 2.0 2.0
351 5.0 5.0 4.0 2.0 6.0 5.0 4.0 4.0 5.0 4.0 6.0 3.0 4.0 7.0 2.0 1.0 5.0 3.0 5.0 6.0 2.0 5.0 0.0 5.0 1.0 5.0 1.0 2.0 3.0 0.0 3.0 1.0
354 8.0 6.0 5.0 6.0 4.0 4.0 4.0 2.0 4.0 4.0 6.0 6.0 7.0 3.0 2.0 1.0 4.0 5.0 5.0 1.0 6.0 3.0 3.0 7.0 2.0 5.0 2.0 3.0 7.0 1.0 4.0 2.0
357 4.0 3.0 5.0 3.0 5.0 3.0 2.0 1.0 4.0 6.0 1.0 1.0 3.0 0.0 1.0 0.0 2.0 6.0 4.0 4.0 1.0 3.0 4.0 0.0 0.0 2.0 1.0 0.0 5.0 1.0 2.0 0.0
