150 88045.0 18709.0 31400.0 25630.0 34007.0 33951.0 29393.0 28560.0 22217.0 33057.0 49991.0 25461.0 29245.0 21517.0 61750.0 23500.0 52780.0 22420.0 19865.0 24075.0 21604.0 62855.0 43428.0 26953.0 23567.0 18948.0 33342.0 23410.0 46654.0 36591.0 30019.0 19651.0
153 3819382.0 3649156.0 3697410.0 3676400.0 3719625.0 3712026.0 3677048.0 3687996.0 3666250.0 3751514.0 3731498.0 3696336.0 3688173.0 3668500.0 3777807.0 3675011.0 3771180.0 3660393.0 3656265.0 3668623.0 3670406.0 3771594.0 3734296.0 3685879.0 3684215.0 3665937.0 3712432.0 3678904.0 3747394.0 3729829.0 3732409.0 3648346.0
156 18316016.0 18320235.0 18315239.0 18297712.0 18318803.0 18295500.0 18303820.0 18294145.0 18306418.0 18303895.0 18303296.0 18299876.0 18312566.0 18310734.0 18304622.0 18297670.0 18309847.0 18305251.0 18308848.0 18304025.0 18298090.0 18305749.0 18286925.0 18304377.0 18298421.0 18309625.0 18292167.0 18309897.0 18290059.0 18309201.0 18316357.0 18314146.0
159 18554101.0 18554888.0 18553825.0 18547350.0 18554972.0 18545747.0 18549443.0 18545485.0 18550914.0 18550246.0 18548330.0 18548305.0 18552959.0 18552273.0 18549884.0 18546884.0 18552269.0 18550379.0 18551889.0 18550165.0 18547526.0 18550528.0 18539727.0 18550553.0 18547946.0 18552635.0 18544027.0 18553087.0 18540737.0 18553053.0 18555505.0 18555297.0
162 19139352.0 19136722.0 19136978.0 19130253.0 19137306.0 19129077.0 19134909.0 19128781.0 19133786.0 19130862.0 19134393.0 19130046.0 19136563.0 19137401.0 19136396.0 19129558.0 19136887.0 19135849.0 19135873.0 19134656.0 19129657.0 19136060.0 19126739.0 19135216.0 19129835.0 19135215.0 19128539.0 19136927.0 19127396.0 19136255.0 19136967.0 19136986.0
165 19423987.0 19420705.0 19421510.0 19418010.0 19421100.0 19417314.0 19420490.0 19416468.0 19419192.0 19417580.0 19420225.0 19416859.0 19420736.0 19421640.0 19421375.0 19416256.0 19421241.0 19420866.0 19420687.0 19420389.0 19416139.0 19420749.0 19414847.0 19420457.0 19416104.0 19419831.0 19415611.0 19421504.0 19415474.0 19420951.0 19420659.0 19420823.0
168 19604722.0 19601989.0 19602933.0 19598411.0 19602306.0 19598132.0 19602477.0 19597751.0 19600632.0 19598428.0 19601981.0 19598246.0 19602401.0 19602610.0 19603255.0 19598044.0 19602744.0 19601738.0 19601589.0 19600909.0 19598026.0 19601611.0 19597103.0 19600994.0 19598053.0 19600878.0 19597502.0 19602246.0 19597473.0 19601523.0 19601437.0 19601578.0
171 19729103.0 19726566.0 19727353.0 19724802.0 19727144.0 19724327.0 19727108.0 19724346.0 19725769.0 19724623.0 19726890.0 19724523.0 19726936.0 19726677.0 19727814.0 19724335.0 19727152.0 19726177.0 19726020.0 19725941.0 19724007.0 19726150.0 19723157.0 19725758.0 19724009.0 19725469.0 19723549.0 19726082.0 19723558.0 19726021.0 19726090.0 19725905.0
174 19584200.0 19583279.0 19583509.0 19575420.0 19583790.0 19572066.0 19580842.0 19573908.0 19577187.0 19572656.0 19580285.0 19576925.0 19580971.0 19579302.0 19580780.0 19579299.0 19580531.0 19577822.0 19577147.0 19576430.0 19573249.0 19575550.0 19569400.0 19574692.0 19571217.0 19573869.0 19569276.0 19574722.0 19567594.0 19573901.0 19574479.0 19574395.0
177 18053225.0 18131750.0 17950735.0 17641820.0 17835139.0 17462818.0 17956333.0 17560321.0 17851989.0 17366509.0 17844188.0 17567172.0 17925274.0 17920437.0 17735723.0 17796229.0 17787322.0 17942092.0 17903188.0 17881235.0 17582711.0 17694199.0 17529280.0 17805819.0 17549578.0 17731506.0 17519255.0 17815231.0 17387338.0 17767348.0 17756627.0 17986912.0
180 9791959.0 10035938.0 9711139.0 9917321.0 9515902.0 9543316.0 9990403.0 9922199.0 9790094.0 9240546.0 9783052.0 9851928.0 10042192.0 10074414.0 9528589.0 10546050.0 9587629.0 10147895.0 10023835.0 10009655.0 9881820.0 9361434.0 9779141.0 9747863.0 9810054.0 9384053.0 9754681.0 9657018.0 9174044.0 9469892.0 9361723.0 9975683.0
183 6199555.0 6365614.0 6119310.0 6412822.0 5930569.0 6078889.0 6363064.0 6424382.0 6198340.0 5810979.0 6166075.0 6296954.0 6373697.0 6434313.0 5946196.0 6929524.0 5981585.0 6498043.0 6376464.0 6389989.0 6369867.0 5829618.0 6313403.0 6182366.0 6365594.0 5851752.0 6354068.0 6096255.0 5807723.0 5949687.0 5831855.0 6400486.0
186 950265.0 905835.0 835785.0 844541.0 736818.0 744044.0 917508.0 848945.0 822146.0 671877.0 826675.0 795934.0 918981.0 926797.0 792362.0 1022525.0 783575.0 956815.0 878986.0 902786.0 817226.0 734535.0 850979.0 850495.0 833357.0 732815.0 860447.0 833920.0 723007.0 811015.0 753794.0 945540.0
189 274090.0 148058.0 180515.0 166270.0 144607.0 153143.0 200263.0 181394.0 145650.0 131842.0 155285.0 131217.0 211014.0 145879.0 190750.0 159811.0 176360.0 171643.0 147831.0 167454.0 143271.0 146968.0 196438.0 164567.0 151544.0 132396.0 181393.0 156249.0 177249.0 172434.0 136689.0 182411.0
192 275860.0 144009.0 179915.0 164901.0 144109.0 153178.0 198800.0 179963.0 144858.0 130558.0 154610.0 131478.0 208980.0 139907.0 193032.0 152772.0 175825.0 166176.0 144382.0 164571.0 141370.0 146475.0 195143.0 161926.0 148535.0 130970.0 175727.0 151960.0 175727.0 170757.0 135476.0 173729.0
195 273364.0 144098.0 179227.0 165206.0 144045.0 153306.0 198529.0 178974.0 144048.0 131445.0 154880.0 130853.0 208950.0 139500.0 198202.0 153065.0 171677.0 166165.0 144873.0 164290.0 140885.0 146507.0 194821.0 161406.0 149266.0 130471.0 175658.0 151292.0 176266.0 170087.0 134693.0 174686.0
198 277072.0 143742.0 179424.0 164267.0 144063.0 152270.0 196943.0 176051.0 143271.0 131427.0 154644.0 130278.0 208492.0 139562.0 192888.0 152508.0 171464.0 165395.0 144719.0 164055.0 140959.0 145825.0 193167.0 161566.0 149096.0 129839.0 175229.0 151650.0 163093.0 168886.0 134984.0 173402.0
201 276393.0 143878.0 179480.0 164203.0 143033.0 152918.0 197662.0 177612.0 143222.0 131168.0 154089.0 129584.0 207141.0 140049.0 193506.0 153121.0 171463.0 162459.0 143979.0 163815.0 140528.0 146169.0 188478.0 161378.0 148368.0 130287.0 176002.0 151350.0 161816.0 169210.0 134380.0 172651.0
204 273967.0 143301.0 177690.0 164041.0 142638.0 151465.0 196438.0 175830.0 142989.0 128372.0 153536.0 129162.0 206158.0 138684.0 191699.0 151669.0 169860.0 161924.0 142852.0 162965.0 139896.0 145418.0 189256.0 159849.0 147889.0 128299.0 174040.0 150506.0 161809.0 168321.0 132147.0 169729.0
207 273839.0 140395.0 176741.0 161985.0 140812.0 150363.0 194108.0 177597.0 141226.0 119903.0 152870.0 126817.0 199663.0 138176.0 188890.0 150136.0 168465.0 159913.0 141823.0 161796.0 136936.0 143903.0 188223.0 157817.0 144674.0 123062.0 172419.0 146067.0 160191.0 163904.0 122715.0 159388.0
210 272530.0 129054.0 169076.0 153599.0 127505.0 143563.0 190433.0 167182.0 135295.0 84389.0 151536.0 112512.0 168358.0 131281.0 189691.0 140895.0 160166.0 152597.0 130243.0 155764.0 123569.0 141711.0 182937.0 148364.0 129611.0 97244.0 162771.0 128413.0 153689.0 147032.0 92412.0 125180.0
213 260846.0 92211.0 138403.0 117891.0 84098.0 114365.0 171673.0 129351.0 107512.0 31731.0 145583.0 67011.0 82390.0 103358.0 155068.0 103561.0 127597.0 125807.0 89163.0 126957.0 81438.0 124324.0 157073.0 112700.0 83231.0 48900.0 125287.0 81972.0 123471.0 97860.0 43328.0 65876.0
216 228614.0 45451.0 79713.0 62641.0 36319.0 63566.0 120088.0 69366.0 58208.0 8889.0 123987.0 24856.0 23917.0 56532.0 86579.0 49098.0 71789.0 73993.0 38818.0 73334.0 35141.0 85037.0 101166.0 58539.0 33964.0 15891.0 66798.0 34545.0 72496.0 46197.0 14327.0 23932.0
219 136523.0 12519.0 24050.0 17705.0 9983.0 18724.0 47021.0 18977.0 16001.0 4188.0 69788.0 6404.0 7958.0 16169.0 23507.0 12520.0 21415.0 23064.0 9678.0 22286.0 9292.0 31913.0 35987.0 16597.0 8989.0 5020.0 18743.0 9093.0 23096.0 13058.0 4910.0 7338.0
222 41187.0 4956.0 7268.0 6199.0 4694.0 6041.0 11697.0 6391.0 5277.0 3710.0 19182.0 3901.0 6584.0 5133.0 7831.0 5050.0 7293.0 6708.0 4781.0 6887.0 4638.0 8007.0 10010.0 5925.0 4824.0 3910.0 6765.0 4704.0 7030.0 5545.0 3632.0 4916.0
225 11867.0 3827.0 5460.0 4922.0 4033.0 4737.0 6552.0 5045.0 4317.0 3110.0 6052.0 3293.0 5759.0 3909.0 5989.0 4231.0 5587.0 4849.0 4089.0 4989.0 3956.0 4851.0 6316.0 4694.0 4086.0 3275.0 5408.0 4076.0 5073.0 4573.0 3106.0 4151.0
228 9023.0 3320.0 4833.0 4376.0 3480.0 4286.0 5752.0 4328.0 3811.0 2712.0 5014.0 2871.0 5009.0 3404.0 5500.0 3792.0 4871.0 4404.0 3613.0 4397.0 3438.0 4279.0 5905.0 4228.0 3663.0 2818.0 4916.0 3640.0 4600.0 3865.0 2727.0 3636.0
231 8048.0 3021.0 4323.0 3839.0 3065.0 3801.0 5326.0 3902.0 3166.0 2621.0 4515.0 2495.0 4589.0 3125.0 4738.0 3282.0 4491.0 3796.0 3158.0 3878.0 3015.0 3759.0 5062.0 3782.0 3183.0 2622.0 4286.0 3072.0 3896.0 3610.0 2450.0 3427.0
234 7251.0 2891.0 3935.0 3585.0 3054.0 3548.0 4809.0 3762.0 3107.0 2528.0 4016.0 2479.0 4402.0 2739.0 4259.0 3062.0 3828.0 3357.0 3081.0 3574.0 2785.0 3488.0 4649.0 3425.0 3003.0 2513.0 3918.0 2980.0 3690.0 3260.0 2414.0 3228.0
237 6782.0 2642.0 3716.0 3519.0 2969.0 3281.0 4345.0 3542.0 2993.0 2478.0 3674.0 2366.0 4328.0 2602.0 3958.0 2859.0 3734.0 3182.0 3063.0 3486.0 2825.0 3219.0 4336.0 3373.0 2961.0 2462.0 3822.0 2978.0 3516.0 3247.0 2229.0 3088.0
240 6390.0 2715.0 3541.0 3422.0 2970.0 3323.0 4075.0 3432.0 2911.0 2372.0 3495.0 2329.0 4158.0 2703.0 4071.0 2872.0 3681.0 3254.0 2888.0 3295.0 2786.0 3285.0 4290.0 3215.0 2826.0 2368.0 3620.0 2861.0 3493.0 3114.0 2312.0 2958.0
243 6304.0 2543.0 3495.0 3359.0 2653.0 3217.0 4219.0 3403.0 2899.0 2260.0 3391.0 2237.0 4049.0 2586.0 4019.0 2802.0 3687.0 3131.0 2760.0 3396.0 2704.0 3141.0 4410.0 3150.0 2767.0 2400.0 3725.0 2845.0 3441.0 3025.0 2237.0 2948.0
246 6114.0 2425.0 3557.0 3258.0 2607.0 3264.0 4128.0 3188.0 2734.0 2133.0 3430.0 2243.0 3803.0 2550.0 3890.0 2688.0 3531.0 3070.0 2734.0 3266.0 2599.0 3048.0 4235.0 3265.0 2670.0 2347.0 3562.0 2702.0 3253.0 2959.0 2133.0 2866.0
249 5809.0 2378.0 3488.0 3139.0 2699.0 3041.0 3969.0 3176.0 2860.0 2018.0 3386.0 2146.0 3699.0 2441.0 3696.0 2606.0 3614.0 3044.0 2737.0 3207.0 2557.0 3137.0 4068.0 3030.0 2688.0 2181.0 3416.0 2533.0 3254.0 2840.0 2105.0 2597.0
252 6035.0 2381.0 3360.0 3074.0 2410.0 3034.0 3789.0 3156.0 2688.0 1752.0 3268.0 2035.0 3497.0 2302.0 3635.0 2552.0 3583.0 2970.0 2572.0 3099.0 2367.0 2922.0 3895.0 3003.0 2549.0 1899.0 3292.0 2545.0 3184.0 2691.0 1732.0 2344.0
255 5916.0 1978.0 3095.0 2838.0 2340.0 2826.0 3683.0 2851.0 2529.0 1309.0 3183.0 1867.0 2756.0 2243.0 3413.0 2366.0 3286.0 2564.0 2301.0 2952.0 2112.0 2859.0 3714.0 2821.0 2205.0 1418.0 3221.0 2123.0 3052.0 2459.0 1275.0 1632.0
258 5639.0 1517.0 2668.0 2373.0 1657.0 2484.0 3263.0 2424.0 2044.0 523.0 3134.0 1193.0 1343.0 1861.0 3109.0 1836.0 2950.0 2220.0 1706.0 2402.0 1460.0 2691.0 3348.0 2329.0 1499.0 781.0 2603.0 1505.0 2611.0 1833.0 705.0 858.0
261 5087.0 858.0 1943.0 1646.0 1075.0 1898.0 2653.0 1479.0 1340.0 175.0 2950.0 553.0 433.0 1211.0 2202.0 1115.0 2286.0 1475.0 890.0 1825.0 774.0 2355.0 2722.0 1494.0 797.0 279.0 1698.0 737.0 2039.0 1181.0 290.0 331.0
264 4722.0 418.0 1144.0 863.0 499.0 1108.0 1849.0 784.0 748.0 96.0 2651.0 250.0 210.0 694.0 1383.0 497.0 1382.0 857.0 335.0 1102.0 325.0 1863.0 2091.0 826.0 357.0 150.0 973.0 337.0 1331.0 572.0 125.0 148.0
267 3360.0 142.0 471.0 302.0 181.0 461.0 938.0 302.0 278.0 73.0 2097.0 107.0 155.0 280.0 493.0 174.0 627.0 350.0 163.0 421.0 143.0 1036.0 1006.0 305.0 151.0 97.0 381.0 127.0 614.0 254.0 77.0 108.0
270 2098.0 104.0 178.0 156.0 103.0 196.0 359.0 140.0 124.0 78.0 1144.0 75.0 130.0 121.0 218.0 116.0 280.0 147.0 93.0 178.0 97.0 427.0 419.0 145.0 110.0 77.0 155.0 90.0 264.0 135.0 72.0 91.0
273 907.0 106.0 124.0 118.0 102.0 133.0 208.0 128.0 96.0 79.0 468.0 79.0 129.0 81.0 135.0 116.0 163.0 130.0 101.0 110.0 77.0 190.0 199.0 117.0 96.0 72.0 134.0 98.0 145.0 83.0 61.0 100.0
276 387.0 72.0 115.0 119.0 68.0 134.0 137.0 116.0 100.0 57.0 188.0 70.0 112.0 79.0 119.0 88.0 147.0 108.0 90.0 112.0 93.0 139.0 183.0 139.0 90.0 71.0 104.0 78.0 138.0 93.0 69.0 83.0
279 255.0 70.0 109.0 94.0 77.0 107.0 143.0 94.0 102.0 61.0 143.0 53.0 120.0 65.0 114.0 81.0 129.0 94.0 83.0 86.0 82.0 127.0 153.0 115.0 85.0 73.0 110.0 87.0 113.0 90.0 67.0 76.0
282 215.0 73.0 94.0 113.0 84.0 110.0 149.0 112.0 106.0 61.0 131.0 48.0 111.0 65.0 100.0 80.0 128.0 91.0 71.0 85.0 79.0 112.0 162.0 107.0 78.0 69.0 96.0 80.0 110.0 83.0 59.0 68.0
285 190.0 68.0 92.0 102.0 85.0 103.0 123.0 85.0 76.0 65.0 135.0 67.0 112.0 80.0 113.0 68.0 116.0 100.0 84.0 79.0 61.0 112.0 136.0 86.0 85.0 69.0 103.0 96.0 121.0 84.0 55.0 72.0
288 194.0 52.0 95.0 83.0 91.0 80.0 126.0 92.0 80.0 68.0 113.0 59.0 84.0 67.0 95.0 76.0 120.0 84.0 79.0 101.0 69.0 85.0 123.0 98.0 68.0 70.0 120.0 65.0 102.0 68.0 53.0 75.0
291 205.0 73.0 86.0 76.0 79.0 101.0 120.0 85.0 71.0 39.0 122.0 68.0 113.0 55.0 82.0 67.0 122.0 87.0 62.0 102.0 70.0 82.0 133.0 108.0 73.0 60.0 79.0 72.0 96.0 62.0 42.0 55.0
294 178.0 54.0 84.0 84.0 65.0 95.0 113.0 94.0 91.0 51.0 107.0 49.0 82.0 49.0 96.0 65.0 103.0 90.0 76.0 78.0 54.0 107.0 131.0 78.0 55.0 69.0 105.0 56.0 80.0 69.0 39.0 59.0
297 217.0 53.0 95.0 90.0 79.0 88.0 111.0 74.0 60.0 30.0 111.0 53.0 73.0 66.0 90.0 56.0 85.0 87.0 63.0 79.0 65.0 69.0 118.0 81.0 74.0 49.0 99.0 59.0 88.0 67.0 40.0 36.0
300 171.0 60.0 78.0 82.0 47.0 89.0 99.0 78.0 59.0 26.0 100.0 42.0 61.0 50.0 96.0 49.0 85.0 72.0 56.0 74.0 48.0 84.0 124.0 67.0 52.0 31.0 80.0 53.0 80.0 61.0 19.0 35.0
303 183.0 40.0 84.0 76.0 39.0 50.0 73.0 61.0 75.0 10.0 108.0 18.0 26.0 52.0 73.0 47.0 95.0 60.0 42.0 64.0 32.0 89.0 108.0 60.0 26.0 10.0 74.0 30.0 90.0 41.0 10.0 16.0
306 158.0 30.0 57.0 47.0 25.0 58.0 95.0 38.0 36.0 4.0 91.0 21.0 14.0 35.0 66.0 39.0 69.0 33.0 24.0 43.0 21.0 72.0 118.0 44.0 12.0 7.0 59.0 19.0 79.0 34.0 5.0 9.0
309 167.0 9.0 27.0 27.0 19.0 47.0 49.0 24.0 16.0 7.0 86.0 9.0 4.0 24.0 49.0 17.0 58.0 26.0 16.0 45.0 11.0 66.0 81.0 26.0 3.0 2.0 48.0 21.0 53.0 16.0 3.0 3.0
312 125.0 4.0 16.0 17.0 10.0 22.0 31.0 13.0 13.0 2.0 80.0 6.0 4.0 10.0 24.0 9.0 37.0 16.0 8.0 23.0 6.0 56.0 52.0 17.0 10.0 4.0 27.0 4.0 37.0 11.0 1.0 1.0
315 123.0 3.0 7.0 10.0 9.0 12.0 21.0 3.0 3.0 0.0 73.0 2.0 1.0 5.0 14.0 5.0 12.0 11.0 0.0 7.0 5.0 27.0 28.0 7.0 4.0 3.0 9.0 3.0 8.0 8.0 1.0 4.0
318 73.0 1.0 5.0 5.0 2.0 2.0 10.0 3.0 4.0 3.0 57.0 1.0 4.0 3.0 8.0 3.0 15.0 7.0 8.0 4.0 6.0 22.0 10.0 6.0 4.0 2.0 4.0 5.0 5.0 4.0 2.0 3.0
321 32.0 5.0 5.0 2.0 2.0 6.0 2.0 2.0 4.0 4.0 14.0 4.0 7.0 2.0 5.0 3.0 7.0 3.0 7.0 5.0 1.0 10.0 6.0 8.0 5.0 2.0 2.0 1.0 3.0 1.0 4.0 5.0
324 24.0 3.0 2.0 6.0 3.0 2.0 8.0 5.0 1.0 2.0 7.0 1.0 3.0 1.0 5.0 0.0 1.0 1.0 1.0 5.0 0.0 3.0 3.0 2.0 5.0 1.0 7.0 1.0 5.0 2.0 3.0 2.0
327 13.0 2.0 4.0 6.0 0.0 4.0 7.0 2.0 5.0 4.0 4.0 1.0 2.0 0.0 1.0 2.0 5.0 3.0 4.0 6.0 1.0 3.0 4.0 4.0 2.0 4.0 5.0 4.0 5.0 5.0 2.0 3.0
330 8.0 1.0 3.0 7.0 3.0 4.0 6.0 5.0 1.0 2.0 11.0 1.0 3.0 6.0 1.0 3.0 7.0 2.0 3.0 4.0 4.0 8.0 3.0 3.0 3.0 5.0 3.0 1.0 1.0 1.0 1.0 2.0
333 13.0 3.0 4.0 4.0 1.0 1.0 4.0 5.0 3.0 3.0 2.0 2.0 3.0 1.0 1.0 3.0 2.0 4.0 2.0 4.0 2.0 1.0 9.0 5.0 2.0 4.0 6.0 5.0 8.0 2.0 4.0 2.0
336 8.0 0.0 5.0 2.0 1.0 4.0 5.0 2.0 5.0 1.0 4.0 2.0 2.0 2.0 2.0 1.0 4.0 0.0 3.0 1.0 2.0 3.0 3.0 3.0 2.0 1.0 1.0 2.0 3.0 1.0 2.0 0.0
339 8.0 2.0 2.0 2.0 3.0 2.0 4.0 4.0 2.0 1.0 5.0 2.0 3.0 2.0 5.0 1.0 3.0 0.0 4.0 8.0 3.0 5.0 6.0 5.0 2.0 0.0 7.0 1.0 4.0 4.0 0.0 3.0
342 6.0 4.0 1.0 5.0 0.0 4.0 2.0 1.0 1.0 2.0 1.0 3.0 3.0 3.0 4.0 3.0 2.0 4.0 1.0 6.0 1.0 0.0 8.0 3.0 3.0 1.0 2.0 4.0 2.0 7.0 0.0 0.0
345 4.0 0.0 3.0 0.0 3.0 2.0 3.0 2.0 0.0 0.0 1.0 0.0 0.0 0.0 3.0 1.0 4.0 2.0 3.0 0.0 1.0 2.0 4.0 3.0 0.0 0.0 2.0 0.0 3.0 2.0 1.0 0.0
348 7.0 2.0 2.0 2.0 3.0 3.0 3.0 0.0 3.0 0.0 2.0 2.0 1.0 1.0 2.0 0.0 6.0 1.0 1.0 2.0 3.0 4.0 6.0 5.0 0.0 0.0 2.0 2.0 0.0 3.0 1.0 1.0
351 10.0 1.0 1.0 0.0 1.0 0.0 4.0 1.0 2.0 0.0 1.0 0.0 2.0 1.0 2.0 2.0 4.0 0.0 1.0 0.0 0.0 4.0 3.0 1.0 0.0 0.0 0.0 0.0 2.0 0.0 0.0 1.0
354 3.0 3.0 1.0 0.0 0.0 2.0 5.0 1.0 0.0 1.0 2.0 1.0 0.0 0.0 1.0 3.0 3.0 0.0 0.0 1.0 1.0 2.0 1.0 2.0 0.0 0.0 0.0 4.0 4.0 0.0 1.0 0.0
357 4.0 0.0 2.0 1.0 1.0 0.0 2.0 1.0 1.0 1.0 3.0 0.0 0.0 0.0 1.0 0.0 1.0 0.0 1.0 1.0 0.0 0.0 2.0 0.0 1.0 0.0 1.0 0.0 2.0 0.0 0.0 0.0
