150 18313043.0 18303169.0 18294170.0 18273728.0 18288450.0 18261106.0 18292052.0 18264219.0 18286312.0 18270062.0 18284252.0 18253493.0 18287488.0 18291236.0 18290474.0 18267604.0 18292217.0 18291089.0 18288936.0 18278012.0 18243890.0 18278743.0 18270547.0 18285542.0 18262847.0 18280396.0 18260774.0 18279941.0 18254523.0 18284991.0 18286801.0 18286446.0
153 18653736.0 18648356.0 18642047.0 18623521.0 18638060.0 18615060.0 18636398.0 18618363.0 18635488.0 18621665.0 18633565.0 18608861.0 18637034.0 18635503.0 18638151.0 18620772.0 18635358.0 18634798.0 18634449.0 18627663.0 18605935.0 18627977.0 18621965.0 18630819.0 18616714.0 18628593.0 18614392.0 18628087.0 18606837.0 18631374.0 18632563.0 18633056.0
156 19153144.0 19151155.0 19149146.0 19143179.0 19147628.0 19139904.0 19146511.0 19141668.0 19146612.0 19142764.0 19145998.0 19136762.0 19146574.0 19146761.0 19147510.0 19142104.0 19147320.0 19147104.0 19147419.0 19145775.0 19137974.0 19146610.0 19143051.0 19147389.0 19141757.0 19146946.0 19141299.0 19146965.0 19137563.0 19148424.0 19149567.0 19150297.0
159 19524043.0 19522661.0 19521550.0 19516596.0 19520628.0 19515077.0 19518869.0 19515723.0 19519125.0 19516144.0 19518803.0 19513583.0 19519013.0 19518798.0 19519489.0 19515996.0 19519603.0 19518977.0 19519519.0 19518559.0 19514594.0 19519362.0 19516298.0 19519689.0 19515863.0 19519591.0 19515730.0 19519459.0 19514321.0 19520425.0 19521401.0 19522014.0
162 19826768.0 19825958.0 19825432.0 19820908.0 19824781.0 19819844.0 19822996.0 19820216.0 19823562.0 19820349.0 19823083.0 19818828.0 19823331.0 19823150.0 19823738.0 19820109.0 19823470.0 19823151.0 19823506.0 19822791.0 19819000.0 19823345.0 19820304.0 19823279.0 19819926.0 19823215.0 19819895.0 19823118.0 19819153.0 19823706.0 19824431.0 19824558.0
165 20033345.0 20032755.0 20032563.0 20029632.0 20032526.0 20028290.0 20030549.0 20029283.0 20031755.0 20029132.0 20031150.0 20027870.0 20031651.0 20031084.0 20031911.0 20028768.0 20030998.0 20031335.0 20031279.0 20030666.0 20026438.0 20030787.0 20027902.0 20030348.0 20027417.0 20030296.0 20027115.0 20030488.0 20026085.0 20030280.0 20030987.0 20030778.0
168 19883580.0 19881745.0 19878612.0 19850156.0 19875599.0 19843605.0 19863690.0 19842930.0 19863984.0 19844308.0 19861498.0 19845164.0 19861882.0 19855709.0 19857820.0 19847705.0 19855470.0 19853637.0 19853339.0 19848735.0 19839770.0 19847254.0 19840377.0 19845301.0 19840201.0 19844897.0 19837596.0 19844783.0 19835119.0 19843976.0 19846720.0 19846568.0
171 19405322.0 19392890.0 19396589.0 19109930.0 19375362.0 19097933.0 19359405.0 19063869.0 19338148.0 19105588.0 19343084.0 19186975.0 19379602.0 19276340.0 19294183.0 19224764.0 19278405.0 19292672.0 19314134.0 19268501.0 19179435.0 19238242.0 19114836.0 19200919.0 19149716.0 19234789.0 19083011.0 19263752.0 19076497.0 19205644.0 19281378.0 19294232.0
174 9804145.0 9744905.0 9844905.0 9278231.0 9902225.0 9616563.0 10056520.0 9388925.0 10003457.0 9642551.0 10113680.0 10231322.0 10437296.0 9690508.0 9853782.0 10391051.0 9678649.0 9875919.0 10089498.0 9805698.0 10199510.0 9509625.0 9606888.0 9205174.0 9887464.0 9485559.0 9285002.0 9777489.0 9171196.0 9160877.0 9791287.0 9789706.0
177 7854994.0 7816669.0 7940586.0 7765346.0 8047033.0 8123803.0 8248820.0 7878480.0 8208911.0 8102354.0 8315493.0 8613473.0 8597618.0 7935605.0 8066607.0 8745213.0 7904959.0 8096034.0 8310058.0 8042972.0 8622981.0 7751524.0 8070023.0 7468204.0 8324174.0 7730869.0 7756724.0 8015553.0 7628118.0 7400956.0 7982457.0 7948155.0
180 1758061.0 1691002.0 1779089.0 1626983.0 1803370.0 1776667.0 1890310.0 1701430.0 1900867.0 1748061.0 1936329.0 2022067.0 2085594.0 1757872.0 1822128.0 2047326.0 1729443.0 1826103.0 1967191.0 1824427.0 2072682.0 1714459.0 1746358.0 1587852.0 1860363.0 1710174.0 1672058.0 1860244.0 1637258.0 1585193.0 1843887.0 1817334.0
183 255669.0 194758.0 224106.0 194817.0 229081.0 210322.0 220669.0 230646.0 251465.0 203443.0 238954.0 276794.0 285795.0 197032.0 212928.0 230202.0 197316.0 209613.0 272242.0 228862.0 305214.0 223708.0 203131.0 200367.0 222014.0 227714.0 212046.0 241450.0 221809.0 204842.0 243135.0 236849.0
186 248374.0 186319.0 203831.0 188694.0 212619.0 191801.0 190524.0 221583.0 222948.0 191093.0 199595.0 236245.0 234106.0 180492.0 191836.0 182322.0 184867.0 187142.0 235799.0 206638.0 267494.0 208333.0 187741.0 192515.0 191871.0 213111.0 195428.0 204901.0 208866.0 195521.0 207920.0 209212.0
189 247931.0 185541.0 202723.0 188062.0 212316.0 191801.0 190367.0 222074.0 222494.0 190856.0 198813.0 234479.0 232809.0 179677.0 191260.0 181374.0 183983.0 186448.0 235855.0 206469.0 269256.0 206400.0 187325.0 192237.0 191646.0 212336.0 194492.0 203736.0 207255.0 194249.0 207105.0 208089.0
192 248256.0 185617.0 202455.0 188158.0 214286.0 193291.0 190052.0 222040.0 221444.0 190723.0 199170.0 234654.0 233474.0 180583.0 190996.0 181677.0 184098.0 186246.0 236695.0 207228.0 316942.0 206997.0 188254.0 192890.0 192191.0 212761.0 194210.0 204165.0 207364.0 194010.0 207167.0 208195.0
195 247436.0 185672.0 202243.0 187370.0 213989.0 191911.0 189698.0 220427.0 222525.0 189709.0 199087.0 234857.0 233378.0 179566.0 192104.0 181311.0 183422.0 185624.0 235087.0 206018.0 320073.0 206094.0 185704.0 191855.0 191377.0 212129.0 193976.0 203438.0 207622.0 193618.0 206166.0 208167.0
198 243374.0 184979.0 202228.0 187308.0 212514.0 191082.0 186759.0 219021.0 220630.0 187880.0 196697.0 234781.0 231218.0 177062.0 189217.0 179878.0 181636.0 182916.0 233116.0 205501.0 319772.0 204977.0 183132.0 188401.0 190267.0 209754.0 192415.0 202156.0 206495.0 190597.0 203382.0 205943.0
201 232891.0 183026.0 201208.0 183913.0 210518.0 190574.0 181625.0 217189.0 218269.0 184028.0 196387.0 232472.0 229568.0 172700.0 187463.0 178333.0 175462.0 174054.0 226808.0 201817.0 311847.0 202632.0 166989.0 181925.0 186518.0 205076.0 188463.0 198361.0 205677.0 182360.0 198171.0 200845.0
204 185545.0 175054.0 198201.0 172011.0 207426.0 189059.0 149226.0 210014.0 205203.0 161233.0 194210.0 230988.0 219834.0 145353.0 174389.0 170499.0 150818.0 139439.0 200030.0 189439.0 304291.0 192275.0 113970.0 151864.0 170668.0 185320.0 170914.0 184722.0 198763.0 149297.0 173863.0 178117.0
207 95189.0 144026.0 183571.0 128265.0 191291.0 179716.0 79961.0 175923.0 163082.0 102148.0 180703.0 224864.0 183646.0 85384.0 131347.0 138828.0 93683.0 72879.0 127350.0 146971.0 260778.0 156782.0 46111.0 87593.0 123515.0 129736.0 121028.0 141261.0 180061.0 86663.0 117565.0 124005.0
210 29250.0 78380.0 137254.0 58641.0 140747.0 146980.0 23840.0 101294.0 86029.0 36613.0 134178.0 199256.0 106234.0 28963.0 62412.0 76051.0 33442.0 21187.0 46935.0 71794.0 150432.0 86794.0 12371.0 28695.0 56286.0 56544.0 54489.0 71594.0 127478.0 29208.0 50721.0 54914.0
213 9445.0 22033.0 59860.0 14420.0 58187.0 76512.0 7223.0 29483.0 23810.0 9249.0 56876.0 125490.0 30858.0 7948.0 16163.0 21544.0 8949.0 6708.0 11881.0 18199.0 42454.0 24732.0 5933.0 8370.0 14190.0 14685.0 14012.0 20124.0 53028.0 8124.0 13692.0 14439.0
216 7098.0 7087.0 14691.0 6352.0 13983.0 20731.0 5359.0 9024.0 8043.0 5922.0 13609.0 39928.0 9357.0 5131.0 6660.0 6997.0 5593.0 5074.0 6936.0 7001.0 13366.0 7940.0 4931.0 5893.0 6290.0 6980.0 6338.0 7288.0 13691.0 5665.0 6434.0 6612.0
219 6450.0 5746.0 6934.0 5566.0 7486.0 7814.0 4869.0 6864.0 6601.0 5250.0 6982.0 11890.0 7281.0 4615.0 5497.0 5299.0 4939.0 4490.0 6269.0 5844.0 11223.0 6074.0 4373.0 5281.0 5651.0 5977.0 5491.0 5904.0 7370.0 5005.0 5462.0 5686.0
222 5580.0 5065.0 5939.0 4983.0 6543.0 6219.0 4220.0 6084.0 5768.0 4638.0 5948.0 8328.0 6339.0 3939.0 5015.0 4947.0 4427.0 3914.0 5387.0 5177.0 10227.0 5346.0 3729.0 4724.0 4866.0 5322.0 4825.0 5235.0 6321.0 4394.0 4915.0 4995.0
225 5049.0 4517.0 5202.0 4320.0 5775.0 5475.0 3557.0 5430.0 4960.0 4132.0 5328.0 7160.0 5578.0 3440.0 4301.0 4238.0 3738.0 3463.0 4567.0 4475.0 8962.0 4760.0 3388.0 4197.0 4136.0 4580.0 4204.0 4569.0 5634.0 3860.0 4290.0 4324.0
228 4615.0 4017.0 4602.0 3911.0 4981.0 4733.0 3419.0 4744.0 4338.0 3721.0 4642.0 6486.0 4892.0 3165.0 3743.0 3629.0 3519.0 3172.0 4080.0 4063.0 8000.0 4106.0 3157.0 3861.0 3700.0 4099.0 3624.0 3988.0 5039.0 3526.0 3902.0 3996.0
231 4660.0 3796.0 4464.0 3769.0 4624.0 4318.0 3369.0 4388.0 4236.0 3755.0 4249.0 5650.0 4571.0 3068.0 3612.0 3387.0 3443.0 3213.0 4099.0 3807.0 7275.0 4028.0 3078.0 3682.0 3631.0 3997.0 3626.0 3782.0 4481.0 3586.0 3650.0 3944.0
234 4544.0 3695.0 4061.0 3702.0 4659.0 4124.0 3309.0 4244.0 4153.0 3600.0 4013.0 5250.0 4360.0 2968.0 3607.0 3351.0 3415.0 3051.0 3800.0 3806.0 7117.0 3892.0 3048.0 3606.0 3498.0 4000.0 3524.0 3720.0 4429.0 3395.0 3498.0 3786.0
237 4369.0 3603.0 3975.0 3499.0 4466.0 4103.0 3245.0 4144.0 4047.0 3486.0 4056.0 5160.0 4273.0 2858.0 3548.0 3336.0 3211.0 2933.0 3753.0 3527.0 7043.0 3772.0 2891.0 3485.0 3470.0 3892.0 3493.0 3519.0 4373.0 3286.0 3561.0 3730.0
240 4054.0 3552.0 4131.0 3556.0 4412.0 3893.0 2974.0 4056.0 4030.0 3460.0 3853.0 4939.0 4142.0 2765.0 3297.0 3222.0 3098.0 2862.0 3722.0 3540.0 6979.0 3686.0 2631.0 3348.0 3379.0 3698.0 3194.0 3421.0 4224.0 3177.0 3430.0 3504.0
243 3796.0 3575.0 3857.0 3338.0 4121.0 3850.0 2795.0 4032.0 3793.0 3254.0 3647.0 4928.0 4097.0 2646.0 3196.0 3100.0 2964.0 2663.0 3565.0 3370.0 6520.0 3547.0 2341.0 3228.0 3184.0 3593.0 3100.0 3319.0 4220.0 3080.0 3082.0 3378.0
246 3354.0 3262.0 3704.0 3213.0 4164.0 3753.0 2412.0 3826.0 3545.0 2905.0 3721.0 4725.0 4005.0 2321.0 3087.0 3000.0 2725.0 2253.0 3107.0 3156.0 6280.0 3387.0 1677.0 2915.0 2990.0 3365.0 2926.0 3107.0 3902.0 2599.0 2919.0 3058.0
249 2275.0 3179.0 3574.0 2963.0 4011.0 3541.0 1691.0 3636.0 3342.0 2449.0 3550.0 4703.0 3679.0 1847.0 2829.0 2771.0 2257.0 1657.0 2506.0 2843.0 5866.0 3176.0 920.0 2278.0 2560.0 2693.0 2549.0 2928.0 3823.0 2111.0 2431.0 2548.0
252 1195.0 2594.0 3281.0 2311.0 3744.0 3513.0 816.0 3111.0 2602.0 1564.0 3456.0 4458.0 2977.0 1044.0 2271.0 2330.0 1479.0 747.0 1554.0 2275.0 5014.0 2565.0 319.0 1381.0 1867.0 2029.0 1982.0 2249.0 3618.0 1178.0 1522.0 1737.0
255 502.0 1917.0 2827.0 1454.0 3109.0 3271.0 300.0 2509.0 1720.0 761.0 2804.0 4095.0 2076.0 468.0 1493.0 1645.0 665.0 272.0 692.0 1394.0 3013.0 1788.0 125.0 625.0 1023.0 1171.0 1155.0 1467.0 3050.0 561.0 832.0 940.0
258 227.0 1130.0 2196.0 742.0 2339.0 2770.0 148.0 1665.0 903.0 300.0 2241.0 3812.0 1227.0 233.0 860.0 995.0 350.0 130.0 296.0 775.0 1772.0 999.0 85.0 266.0 498.0 590.0 619.0 820.0 2398.0 217.0 418.0 449.0
261 169.0 453.0 1181.0 275.0 1293.0 2071.0 101.0 708.0 343.0 168.0 1255.0 3177.0 444.0 138.0 334.0 385.0 145.0 104.0 150.0 259.0 637.0 400.0 99.0 138.0 189.0 202.0 262.0 319.0 1450.0 119.0 182.0 187.0
264 153.0 165.0 509.0 138.0 514.0 1005.0 103.0 253.0 155.0 124.0 474.0 1939.0 214.0 102.0 139.0 143.0 135.0 85.0 114.0 153.0 316.0 190.0 75.0 129.0 126.0 162.0 112.0 148.0 606.0 111.0 147.0 129.0
267 133.0 137.0 189.0 121.0 216.0 426.0 102.0 184.0 123.0 129.0 225.0 884.0 181.0 88.0 133.0 130.0 117.0 81.0 109.0 109.0 294.0 125.0 77.0 96.0 114.0 122.0 114.0 127.0 281.0 84.0 116.0 112.0
270 107.0 111.0 142.0 111.0 175.0 187.0 82.0 140.0 111.0 103.0 152.0 320.0 134.0 72.0 114.0 100.0 91.0 67.0 86.0 115.0 230.0 124.0 65.0 117.0 109.0 106.0 104.0 94.0 174.0 86.0 108.0 111.0
273 121.0 118.0 140.0 104.0 151.0 167.0 93.0 137.0 112.0 97.0 142.0 209.0 133.0 64.0 85.0 88.0 93.0 76.0 91.0 90.0 238.0 110.0 79.0 90.0 85.0 109.0 105.0 104.0 155.0 92.0 96.0 101.0
276 97.0 114.0 122.0 84.0 135.0 121.0 77.0 107.0 114.0 97.0 135.0 174.0 110.0 81.0 98.0 76.0 84.0 76.0 106.0 85.0 240.0 112.0 62.0 89.0 88.0 96.0 94.0 92.0 156.0 75.0 99.0 86.0
279 110.0 98.0 111.0 98.0 133.0 132.0 89.0 116.0 113.0 87.0 102.0 169.0 115.0 70.0 82.0 85.0 86.0 68.0 76.0 84.0 203.0 105.0 62.0 93.0 101.0 112.0 81.0 94.0 140.0 76.0 82.0 76.0
282 103.0 123.0 116.0 68.0 119.0 118.0 68.0 115.0 114.0 85.0 110.0 151.0 103.0 52.0 81.0 69.0 88.0 68.0 83.0 90.0 198.0 96.0 47.0 92.0 93.0 95.0 67.0 91.0 126.0 67.0 63.0 95.0
285 80.0 89.0 102.0 96.0 114.0 128.0 67.0 94.0 100.0 66.0 80.0 144.0 113.0 49.0 84.0 73.0 78.0 59.0 75.0 92.0 181.0 86.0 44.0 89.0 89.0 85.0 76.0 81.0 126.0 80.0 74.0 82.0
288 75.0 93.0 112.0 85.0 122.0 123.0 55.0 120.0 90.0 101.0 109.0 165.0 111.0 54.0 86.0 80.0 76.0 46.0 73.0 77.0 184.0 82.0 29.0 76.0 84.0 93.0 75.0 74.0 120.0 56.0 72.0 69.0
291 68.0 80.0 116.0 83.0 127.0 119.0 39.0 93.0 81.0 72.0 104.0 124.0 94.0 41.0 71.0 89.0 64.0 38.0 71.0 65.0 185.0 87.0 24.0 66.0 58.0 83.0 65.0 75.0 133.0 48.0 64.0 70.0
294 38.0 86.0 87.0 65.0 114.0 86.0 23.0 83.0 64.0 53.0 100.0 124.0 80.0 34.0 51.0 69.0 64.0 35.0 42.0 67.0 155.0 56.0 4.0 49.0 46.0 56.0 54.0 60.0 103.0 42.0 53.0 43.0
297 32.0 70.0 83.0 71.0 103.0 95.0 16.0 72.0 46.0 35.0 84.0 136.0 68.0 25.0 49.0 43.0 43.0 9.0 27.0 53.0 155.0 65.0 3.0 49.0 44.0 38.0 47.0 55.0 86.0 23.0 38.0 28.0
300 11.0 53.0 82.0 36.0 93.0 102.0 7.0 58.0 34.0 21.0 75.0 120.0 54.0 5.0 41.0 52.0 19.0 7.0 10.0 32.0 96.0 40.0 3.0 13.0 30.0 36.0 31.0 33.0 74.0 9.0 24.0 17.0
303 6.0 41.0 56.0 26.0 71.0 101.0 2.0 50.0 21.0 10.0 69.0 117.0 19.0 2.0 26.0 32.0 14.0 4.0 14.0 25.0 66.0 27.0 8.0 17.0 18.0 18.0 14.0 27.0 86.0 4.0 12.0 10.0
306 7.0 23.0 51.0 5.0 41.0 58.0 2.0 32.0 8.0 4.0 48.0 92.0 20.0 1.0 9.0 15.0 7.0 2.0 1.0 10.0 42.0 7.0 2.0 1.0 10.0 6.0 5.0 10.0 55.0 2.0 7.0 3.0
309 3.0 11.0 27.0 4.0 25.0 47.0 8.0 22.0 9.0 2.0 36.0 83.0 5.0 5.0 6.0 7.0 4.0 3.0 1.0 4.0 14.0 4.0 7.0 7.0 8.0 7.0 4.0 6.0 33.0 3.0 4.0 6.0
312 2.0 2.0 16.0 1.0 6.0 25.0 5.0 4.0 2.0 5.0 15.0 65.0 5.0 1.0 3.0 5.0 1.0 1.0 2.0 3.0 7.0 7.0 2.0 4.0 2.0 3.0 4.0 4.0 28.0 3.0 2.0 3.0
315 2.0 5.0 7.0 2.0 8.0 13.0 5.0 8.0 2.0 6.0 8.0 32.0 3.0 2.0 4.0 2.0 5.0 4.0 4.0 5.0 6.0 9.0 2.0 2.0 7.0 4.0 2.0 6.0 11.0 8.0 1.0 2.0
318 4.0 3.0 1.0 4.0 8.0 7.0 1.0 4.0 7.0 7.0 4.0 17.0 5.0 1.0 2.0 6.0 3.0 2.0 3.0 3.0 8.0 2.0 3.0 6.0 4.0 5.0 4.0 7.0 5.0 5.0 4.0 1.0
321 3.0 5.0 3.0 3.0 1.0 5.0 5.0 6.0 4.0 5.0 2.0 12.0 4.0 4.0 3.0 4.0 4.0 2.0 4.0 3.0 6.0 4.0 1.0 5.0 2.0 3.0 0.0 2.0 3.0 2.0 2.0 1.0
324 8.0 1.0 4.0 5.0 5.0 7.0 1.0 4.0 2.0 3.0 3.0 9.0 7.0 5.0 4.0 4.0 3.0 1.0 2.0 4.0 5.0 2.0 1.0 4.0 1.0 0.0 2.0 7.0 6.0 2.0 1.0 3.0
327 1.0 3.0 3.0 1.0 1.0 4.0 3.0 3.0 3.0 7.0 3.0 6.0 5.0 1.0 3.0 0.0 1.0 2.0 6.0 1.0 2.0 4.0 1.0 3.0 3.0 6.0 1.0 4.0 2.0 2.0 2.0 5.0
330 2.0 3.0 1.0 4.0 5.0 6.0 3.0 6.0 3.0 4.0 6.0 10.0 1.0 0.0 2.0 2.0 3.0 0.0 4.0 1.0 6.0 2.0 2.0 1.0 3.0 3.0 3.0 2.0 6.0 3.0 2.0 2.0
333 0.0 1.0 4.0 2.0 4.0 3.0 1.0 4.0 7.0 2.0 2.0 6.0 3.0 0.0 1.0 3.0 2.0 1.0 4.0 1.0 7.0 3.0 0.0 0.0 1.0 1.0 3.0 2.0 7.0 1.0 3.0 2.0
336 1.0 5.0 10.0 5.0 8.0 5.0 2.0 4.0 3.0 1.0 2.0 3.0 4.0 1.0 8.0 2.0 4.0 0.0 1.0 5.0 10.0 4.0 1.0 5.0 3.0 2.0 3.0 4.0 4.0 1.0 1.0 5.0
339 1.0 0.0 6.0 1.0 4.0 3.0 0.0 0.0 2.0 2.0 9.0 8.0 2.0 2.0 2.0 6.0 2.0 3.0 2.0 1.0 4.0 5.0 0.0 2.0 1.0 5.0 2.0 2.0 6.0 1.0 1.0 4.0
342 1.0 2.0 2.0 1.0 5.0 4.0 0.0 3.0 2.0 0.0 2.0 9.0 2.0 0.0 1.0 0.0 2.0 1.0 1.0 0.0 2.0 1.0 0.0 2.0 1.0 0.0 2.0 0.0 0.0 0.0 0.0 0.0
345 1.0 2.0 3.0 2.0 3.0 3.0 2.0 1.0 1.0 3.0 3.0 7.0 1.0 1.0 3.0 2.0 1.0 3.0 0.0 0.0 7.0 1.0 1.0 1.0 1.0 1.0 0.0 4.0 6.0 0.0 2.0 1.0
348 0.0 1.0 1.0 1.0 3.0 6.0 0.0 0.0 1.0 1.0 3.0 4.0 0.0 0.0 1.0 0.0 1.0 1.0 0.0 0.0 0.0 0.0 1.0 0.0 0.0 0.0 0.0 1.0 4.0 0.0 0.0 0.0
351 3.0 2.0 4.0 2.0 5.0 1.0 3.0 2.0 2.0 3.0 5.0 4.0 2.0 1.0 0.0 3.0 2.0 1.0 0.0 0.0 1.0 1.0 0.0 1.0 0.0 0.0 1.0 3.0 2.0 2.0 1.0 4.0
354 0.0 1.0 0.0 0.0 0.0 3.0 0.0 0.0 0.0 1.0 0.0 3.0 0.0 2.0 0.0 0.0 0.0 0.0 0.0 0.0 0.0 1.0 0.0 0.0 0.0 0.0 1.0 0.0 2.0 0.0 0.0 0.0
357 0.0 1.0 0.0 2.0 0.0 1.0 1.0 1.0 1.0 0.0 1.0 4.0 0.0 1.0 0.0 1.0 1.0 0.0 0.0 2.0 0.0 1.0 0.0 1.0 2.0 0.0 0.0 3.0 2.0 2.0 5.0 1.0
