150 18549430.0 18527293.0 18523987.0 18505136.0 18525420.0 18497469.0 18518688.0 18500195.0 18510919.0 18491926.0 18520491.0 18499151.0 18520486.0 18520708.0 18517756.0 18502048.0 18520064.0 18517203.0 18520838.0 18520712.0 18502057.0 18521727.0 18493023.0 18514631.0 18491829.0 18516099.0 18495035.0 18507869.0 18500007.0 18522163.0 18520802.0 18509709.0
153 18874843.0 18855490.0 18851981.0 18832490.0 18852388.0 18825899.0 18846514.0 18828440.0 18839138.0 18820404.0 18847590.0 18827753.0 18847392.0 18847618.0 18845125.0 18830496.0 18847681.0 18844736.0 18848690.0 18848524.0 18831548.0 18849721.0 18823636.0 18843812.0 18822853.0 18845213.0 18826169.0 18839111.0 18830222.0 18851555.0 18850210.0 18842147.0
156 19308145.0 19297754.0 19294250.0 19282412.0 19292337.0 19279503.0 19290911.0 19280673.0 19287266.0 19276646.0 19290523.0 19280341.0 19290612.0 19290163.0 19289569.0 19281146.0 19290728.0 19288962.0 19290907.0 19289967.0 19282067.0 19290805.0 19278217.0 19288960.0 19277374.0 19290457.0 19280304.0 19288035.0 19281891.0 19292627.0 19293261.0 19292319.0
159 19666841.0 19661443.0 19659524.0 19650052.0 19656496.0 19647323.0 19657009.0 19647781.0 19654231.0 19645241.0 19656392.0 19647410.0 19656881.0 19656416.0 19656457.0 19647355.0 19656566.0 19655164.0 19656090.0 19655558.0 19648039.0 19656087.0 19645274.0 19654582.0 19644702.0 19656554.0 19646618.0 19654616.0 19647696.0 19657167.0 19657880.0 19658300.0
162 19932174.0 19930024.0 19928805.0 19923156.0 19926611.0 19921615.0 19927309.0 19921484.0 19925795.0 19920152.0 19926645.0 19921930.0 19927346.0 19926461.0 19926438.0 19921622.0 19926391.0 19925667.0 19925808.0 19925604.0 19921579.0 19925638.0 19919911.0 19925129.0 19919265.0 19925757.0 19920606.0 19924946.0 19921198.0 19925678.0 19926184.0 19926897.0
165 19963553.0 19961074.0 19960405.0 19954690.0 19958086.0 19952887.0 19958733.0 19952028.0 19956816.0 19951312.0 19957915.0 19953974.0 19958795.0 19957940.0 19958216.0 19954054.0 19957902.0 19957042.0 19957042.0 19957071.0 19952728.0 19956656.0 19950291.0 19955968.0 19950929.0 19956488.0 19951662.0 19955607.0 19952020.0 19956584.0 19956967.0 19957395.0
168 19638793.0 19637734.0 19624054.0 19540041.0 19607128.0 19494318.0 19603715.0 19485363.0 19576951.0 19492607.0 19575490.0 19521067.0 19589783.0 19580805.0 19585078.0 19543882.0 19571445.0 19575423.0 19559966.0 19552547.0 19513710.0 19548025.0 19497601.0 19541803.0 19519258.0 19552882.0 19516340.0 19543614.0 19509555.0 19542569.0 19554537.0 19557008.0
171 11694745.0 12220810.0 11667860.0 10538074.0 11475134.0 10240822.0 11491197.0 10122026.0 10958227.0 10396960.0 10732050.0 10646432.0 11052729.0 11010274.0 11142967.0 11272812.0 10722164.0 11165529.0 10644673.0 10501171.0 10541478.0 10499852.0 10270819.0 10452353.0 10886539.0 10885423.0 10742089.0 10631635.0 10287376.0 10418614.0 10903773.0 11062586.0
174 7793599.0 8267283.0 8033292.0 8131808.0 7991196.0 7940658.0 8145123.0 7793581.0 7902170.0 8132765.0 7757414.0 8358122.0 8034846.0 8074514.0 8265519.0 9032053.0 7821990.0 8237476.0 7709331.0 7615166.0 8177268.0 7605099.0 7847678.0 7555120.0 8550425.0 7954885.0 8346493.0 7696563.0 7787818.0 7449698.0 7848604.0 7986337.0
177 4482608.0 4834948.0 4667396.0 4824558.0 4646363.0 4696392.0 4789034.0 4588279.0 4605094.0 4852568.0 4489638.0 4987203.0 4702408.0 4744193.0 4890050.0 5521114.0 4557489.0 4886855.0 4476154.0 4370901.0 4912749.0 4385079.0 4635281.0 4346224.0 5219310.0 4670798.0 5037722.0 4468133.0 4621217.0 4254365.0 4582491.0 4702258.0
180 366975.0 438207.0 335478.0 373509.0 333282.0 377314.0 408842.0 340168.0 326952.0 426712.0 345893.0 390632.0 389550.0 378284.0 415856.0 471049.0 351318.0 429623.0 350799.0 271454.0 389638.0 338125.0 359552.0 298783.0 419390.0 408367.0 407028.0 335574.0 342636.0 286195.0 386929.0 436654.0
183 290818.0 288638.0 219205.0 270453.0 230127.0 287215.0 276858.0 280616.0 239647.0 329595.0 280018.0 277214.0 281605.0 274550.0 278101.0 281364.0 260764.0 279436.0 269624.0 211361.0 281368.0 270464.0 289238.0 235620.0 281369.0 306388.0 299900.0 249533.0 278145.0 226873.0 282627.0 324815.0
186 287444.0 279579.0 214237.0 263190.0 225011.0 280654.0 266620.0 277216.0 239651.0 322399.0 278218.0 269609.0 275969.0 271018.0 272126.0 263158.0 258343.0 269111.0 267525.0 208868.0 272175.0 270499.0 284934.0 232620.0 265497.0 299748.0 290677.0 243240.0 272155.0 225155.0 274431.0 317495.0
189 285445.0 279449.0 212390.0 263547.0 225055.0 278494.0 264961.0 276218.0 235495.0 319028.0 276104.0 266942.0 274408.0 268664.0 269096.0 260761.0 254600.0 266072.0 264546.0 209103.0 269560.0 264065.0 283631.0 231537.0 263408.0 301059.0 286601.0 243110.0 272395.0 223441.0 271327.0 314677.0
192 288314.0 280044.0 213163.0 263967.0 224295.0 279313.0 264357.0 276239.0 235898.0 318782.0 276819.0 267718.0 275569.0 269358.0 270591.0 261882.0 256010.0 267697.0 265073.0 209809.0 270383.0 264275.0 284376.0 232256.0 263526.0 296824.0 287353.0 242729.0 274737.0 223094.0 271998.0 314089.0
195 286999.0 281291.0 212794.0 265271.0 223886.0 279894.0 264905.0 274580.0 235622.0 320313.0 275149.0 267260.0 274757.0 269711.0 271277.0 261288.0 255575.0 266792.0 263700.0 207672.0 269384.0 267675.0 283475.0 231378.0 262941.0 297508.0 286032.0 241723.0 272413.0 221220.0 270961.0 315168.0
198 284932.0 278221.0 211935.0 259950.0 221879.0 276173.0 262735.0 273358.0 233987.0 316913.0 272163.0 265315.0 271902.0 265623.0 268024.0 259238.0 252019.0 263717.0 259724.0 206816.0 267082.0 260081.0 279348.0 229201.0 261132.0 292243.0 282028.0 240075.0 268907.0 213380.0 263978.0 312067.0
201 281327.0 276208.0 210378.0 256040.0 216778.0 272951.0 258287.0 268255.0 231752.0 313350.0 263884.0 261387.0 266264.0 257491.0 261467.0 255068.0 246162.0 258735.0 249977.0 192373.0 261117.0 227633.0 272741.0 225354.0 257288.0 280872.0 271126.0 236408.0 259857.0 183910.0 243246.0 305586.0
204 271172.0 268551.0 208455.0 243092.0 196742.0 264150.0 246020.0 250163.0 227425.0 303181.0 225539.0 250799.0 244343.0 224981.0 234263.0 240056.0 218905.0 235692.0 209767.0 144855.0 241270.0 142235.0 248828.0 205116.0 249787.0 236134.0 228980.0 225758.0 220069.0 111263.0 179271.0 287624.0
207 227291.0 249903.0 200387.0 190597.0 135384.0 225170.0 196557.0 195338.0 204483.0 266680.0 137664.0 208944.0 180318.0 144576.0 161378.0 191305.0 147332.0 171102.0 124703.0 69428.0 178534.0 50989.0 178390.0 147439.0 222037.0 142725.0 136499.0 189032.0 134063.0 39674.0 85008.0 231626.0
210 131401.0 177890.0 161480.0 93222.0 55330.0 136627.0 104713.0 103785.0 141930.0 173813.0 50407.0 119542.0 82554.0 53065.0 64259.0 101851.0 57556.0 74864.0 44268.0 20075.0 81823.0 14200.0 79695.0 65646.0 151835.0 50173.0 46175.0 110070.0 49556.0 11394.0 24951.0 129380.0
213 40203.0 69498.0 80062.0 24430.0 14037.0 44303.0 31567.0 32186.0 54338.0 63036.0 14539.0 36709.0 22120.0 14281.0 16758.0 29159.0 14792.0 18917.0 12914.0 7521.0 21665.0 8767.0 21309.0 17283.0 61871.0 14892.0 13601.0 34881.0 13995.0 6959.0 9923.0 41517.0
216 14029.0 19243.0 23470.0 9932.0 7680.0 14031.0 11406.0 12060.0 15286.0 19023.0 9488.0 12316.0 10342.0 9011.0 9380.0 11210.0 8873.0 9776.0 8850.0 6051.0 10106.0 7874.0 10688.0 8572.0 19129.0 10207.0 9488.0 11480.0 8943.0 5966.0 8162.0 14606.0
219 10057.0 10617.0 8954.0 8348.0 6702.0 9855.0 8874.0 9157.0 8601.0 12016.0 8478.0 9082.0 8796.0 8178.0 8496.0 8439.0 7901.0 8002.0 7737.0 5383.0 8622.0 6868.0 8860.0 7221.0 9820.0 9313.0 8550.0 8159.0 7858.0 5295.0 7164.0 10818.0
222 8946.0 9236.0 7061.0 7524.0 5953.0 8746.0 7515.0 7965.0 7239.0 10671.0 7537.0 8118.0 7678.0 7174.0 7354.0 7849.0 6969.0 7251.0 6883.0 4636.0 7643.0 5881.0 8030.0 6458.0 8475.0 8190.0 7554.0 7166.0 6901.0 4840.0 6426.0 9507.0
225 7914.0 7897.0 6159.0 6679.0 5176.0 7898.0 6572.0 6907.0 6624.0 9524.0 6676.0 7120.0 6710.0 6337.0 6498.0 6670.0 6234.0 6360.0 6126.0 4178.0 6602.0 5412.0 6945.0 5719.0 7580.0 7200.0 6523.0 6516.0 5892.0 4257.0 5553.0 8373.0
228 7101.0 7296.0 5405.0 5721.0 4873.0 7176.0 5992.0 6272.0 5742.0 8544.0 6348.0 6253.0 6167.0 5733.0 6126.0 6250.0 5815.0 5782.0 5788.0 4143.0 6020.0 5299.0 6276.0 5212.0 6935.0 6689.0 6146.0 5754.0 5623.0 4130.0 5333.0 7695.0
231 6631.0 6447.0 4984.0 5548.0 4480.0 6502.0 5621.0 5960.0 5445.0 8058.0 5992.0 5828.0 5824.0 5611.0 5844.0 5778.0 5526.0 5555.0 5525.0 3924.0 5743.0 5111.0 6181.0 4950.0 6227.0 6652.0 5955.0 5385.0 5361.0 3999.0 5323.0 7264.0
234 6592.0 6376.0 4596.0 5497.0 4506.0 6249.0 5286.0 5859.0 5217.0 7503.0 5862.0 5732.0 5663.0 5473.0 5697.0 5695.0 5194.0 5380.0 5384.0 3791.0 5653.0 4968.0 5995.0 4833.0 6046.0 6300.0 5785.0 5051.0 5238.0 3879.0 4933.0 6863.0
237 6115.0 6046.0 4443.0 5138.0 4247.0 6176.0 5272.0 5505.0 5039.0 7424.0 5685.0 5648.0 5626.0 5318.0 5493.0 5487.0 5074.0 5258.0 5210.0 3743.0 5381.0 4741.0 5801.0 4709.0 5855.0 6203.0 5773.0 5077.0 4997.0 3733.0 4881.0 6885.0
240 6108.0 5966.0 4509.0 4937.0 4197.0 5997.0 5119.0 5462.0 4925.0 7187.0 5445.0 5410.0 5325.0 5064.0 5371.0 5173.0 5006.0 5094.0 4994.0 3416.0 5187.0 4469.0 5687.0 4573.0 5691.0 5876.0 5435.0 4891.0 4930.0 3460.0 4541.0 6551.0
243 6045.0 5919.0 4299.0 4899.0 4004.0 5765.0 4954.0 5455.0 4952.0 6996.0 5111.0 5200.0 5205.0 4930.0 4991.0 5120.0 4804.0 4999.0 4806.0 3334.0 4934.0 3721.0 5398.0 4389.0 5512.0 5659.0 5007.0 4810.0 4652.0 2896.0 3980.0 6401.0
246 5861.0 5548.0 4254.0 4808.0 3709.0 5551.0 4704.0 5054.0 4645.0 6674.0 4691.0 4971.0 4839.0 4493.0 4551.0 4786.0 4409.0 4571.0 4236.0 2719.0 4789.0 2734.0 5063.0 4177.0 5355.0 4925.0 4487.0 4501.0 4152.0 2180.0 3387.0 5995.0
249 5538.0 5327.0 4000.0 4328.0 3213.0 5277.0 4258.0 4577.0 4519.0 6410.0 3978.0 4642.0 4429.0 3818.0 4093.0 4584.0 3817.0 3919.0 3378.0 1958.0 4312.0 1527.0 4511.0 3790.0 5090.0 3968.0 3431.0 4316.0 3581.0 1194.0 2170.0 5591.0
252 5107.0 5036.0 3888.0 3771.0 2420.0 4793.0 3616.0 3954.0 4225.0 6018.0 2801.0 4237.0 3550.0 2585.0 3131.0 3820.0 2955.0 3153.0 2283.0 1034.0 3477.0 514.0 3690.0 3105.0 4601.0 2584.0 2118.0 3877.0 2423.0 493.0 1020.0 4646.0
255 4071.0 4450.0 3635.0 2640.0 1478.0 3990.0 2505.0 3050.0 3612.0 5065.0 1464.0 3304.0 2352.0 1402.0 1838.0 2608.0 1719.0 1930.0 1162.0 444.0 2322.0 233.0 2412.0 2112.0 3803.0 1271.0 897.0 3210.0 1324.0 197.0 417.0 3399.0
258 2075.0 2685.0 2785.0 963.0 402.0 2065.0 1038.0 1412.0 2114.0 2952.0 438.0 1585.0 785.0 380.0 538.0 969.0 475.0 580.0 339.0 179.0 769.0 180.0 815.0 797.0 2317.0 388.0 258.0 1590.0 390.0 121.0 177.0 1500.0
261 976.0 1334.0 1767.0 388.0 203.0 886.0 413.0 635.0 1122.0 1460.0 264.0 625.0 324.0 221.0 256.0 411.0 227.0 247.0 210.0 119.0 314.0 158.0 365.0 316.0 1161.0 255.0 241.0 628.0 190.0 109.0 168.0 655.0
264 416.0 557.0 841.0 203.0 140.0 391.0 249.0 306.0 447.0 601.0 225.0 310.0 209.0 176.0 217.0 252.0 214.0 199.0 180.0 125.0 191.0 141.0 234.0 184.0 557.0 224.0 195.0 304.0 181.0 119.0 169.0 317.0
267 297.0 259.0 329.0 190.0 139.0 242.0 177.0 190.0 242.0 342.0 160.0 199.0 193.0 176.0 177.0 247.0 184.0 188.0 162.0 106.0 190.0 124.0 200.0 169.0 294.0 186.0 174.0 194.0 176.0 100.0 114.0 293.0
270 240.0 226.0 195.0 177.0 129.0 227.0 177.0 208.0 203.0 298.0 171.0 197.0 179.0 154.0 174.0 184.0 164.0 174.0 159.0 115.0 167.0 123.0 199.0 140.0 236.0 190.0 166.0 168.0 159.0 112.0 125.0 223.0
273 220.0 210.0 157.0 154.0 123.0 200.0 173.0 176.0 177.0 249.0 136.0 179.0 167.0 163.0 162.0 159.0 157.0 169.0 148.0 100.0 177.0 121.0 174.0 148.0 210.0 189.0 152.0 175.0 142.0 100.0 144.0 244.0
276 207.0 200.0 146.0 144.0 107.0 166.0 173.0 156.0 173.0 247.0 154.0 158.0 141.0 145.0 166.0 163.0 156.0 152.0 126.0 93.0 170.0 139.0 156.0 149.0 210.0 184.0 136.0 147.0 138.0 81.0 105.0 207.0
279 184.0 172.0 134.0 141.0 107.0 184.0 143.0 173.0 135.0 251.0 159.0 159.0 149.0 129.0 138.0 134.0 130.0 123.0 142.0 91.0 123.0 119.0 160.0 128.0 187.0 174.0 136.0 155.0 140.0 94.0 122.0 205.0
282 205.0 168.0 131.0 138.0 92.0 177.0 145.0 153.0 154.0 221.0 161.0 145.0 139.0 139.0 159.0 156.0 128.0 155.0 138.0 74.0 139.0 93.0 144.0 135.0 164.0 170.0 127.0 130.0 129.0 72.0 95.0 206.0
285 177.0 151.0 124.0 116.0 108.0 155.0 127.0 160.0 165.0 239.0 138.0 164.0 134.0 139.0 133.0 131.0 148.0 133.0 102.0 76.0 139.0 88.0 148.0 122.0 176.0 130.0 124.0 133.0 134.0 69.0 97.0 189.0
288 198.0 181.0 146.0 135.0 110.0 174.0 120.0 136.0 128.0 207.0 126.0 129.0 122.0 107.0 125.0 130.0 108.0 128.0 104.0 60.0 133.0 54.0 142.0 105.0 137.0 131.0 115.0 132.0 114.0 46.0 62.0 171.0
291 170.0 163.0 111.0 124.0 74.0 132.0 111.0 126.0 128.0 233.0 122.0 128.0 129.0 99.0 110.0 142.0 115.0 101.0 105.0 57.0 100.0 26.0 115.0 111.0 161.0 102.0 85.0 121.0 86.0 21.0 39.0 130.0
294 155.0 139.0 97.0 105.0 70.0 139.0 97.0 106.0 103.0 170.0 76.0 92.0 104.0 64.0 89.0 104.0 81.0 87.0 71.0 32.0 103.0 16.0 105.0 82.0 149.0 72.0 52.0 93.0 67.0 13.0 27.0 136.0
297 149.0 128.0 108.0 88.0 56.0 111.0 72.0 94.0 115.0 191.0 52.0 88.0 78.0 40.0 63.0 96.0 53.0 47.0 43.0 15.0 72.0 12.0 72.0 60.0 125.0 44.0 33.0 96.0 42.0 6.0 10.0 105.0
300 122.0 137.0 94.0 59.0 39.0 102.0 68.0 99.0 102.0 105.0 24.0 94.0 53.0 22.0 41.0 57.0 38.0 49.0 17.0 6.0 49.0 6.0 57.0 50.0 102.0 20.0 14.0 88.0 27.0 5.0 4.0 95.0
303 99.0 86.0 98.0 42.0 8.0 69.0 21.0 49.0 80.0 105.0 22.0 65.0 28.0 15.0 23.0 32.0 15.0 17.0 14.0 8.0 31.0 8.0 32.0 26.0 68.0 11.0 11.0 49.0 18.0 4.0 4.0 56.0
306 50.0 61.0 71.0 9.0 5.0 53.0 19.0 28.0 51.0 69.0 5.0 31.0 10.0 6.0 13.0 20.0 8.0 10.0 12.0 14.0 16.0 9.0 14.0 15.0 52.0 12.0 5.0 46.0 6.0 8.0 4.0 31.0
309 29.0 33.0 50.0 9.0 4.0 26.0 11.0 17.0 38.0 44.0 12.0 22.0 2.0 3.0 7.0 11.0 8.0 7.0 6.0 2.0 6.0 7.0 9.0 8.0 37.0 10.0 4.0 12.0 9.0 2.0 5.0 14.0
312 16.0 15.0 23.0 8.0 4.0 13.0 10.0 9.0 18.0 19.0 9.0 10.0 10.0 4.0 6.0 5.0 7.0 5.0 5.0 2.0 7.0 3.0 7.0 7.0 18.0 11.0 8.0 11.0 5.0 5.0 5.0 11.0
315 13.0 5.0 17.0 5.0 3.0 10.0 5.0 8.0 4.0 16.0 6.0 11.0 4.0 5.0 10.0 5.0 8.0 1.0 4.0 5.0 5.0 4.0 8.0 5.0 15.0 6.0 6.0 11.0 4.0 3.0 2.0 6.0
318 15.0 7.0 5.0 7.0 5.0 6.0 11.0 9.0 5.0 18.0 5.0 3.0 4.0 3.0 9.0 7.0 5.0 5.0 4.0 4.0 4.0 3.0 4.0 2.0 4.0 6.0 7.0 9.0 3.0 3.0 5.0 7.0
321 8.0 10.0 8.0 3.0 2.0 4.0 4.0 10.0 6.0 8.0 4.0 9.0 2.0 4.0 4.0 4.0 4.0 1.0 5.0 4.0 3.0 5.0 7.0 4.0 9.0 10.0 5.0 4.0 6.0 4.0 5.0 4.0
324 9.0 7.0 5.0 5.0 3.0 11.0 3.0 2.0 5.0 6.0 6.0 8.0 3.0 2.0 3.0 4.0 3.0 4.0 8.0 4.0 5.0 2.0 8.0 5.0 8.0 8.0 2.0 5.0 5.0 2.0 4.0 8.0
327 5.0 7.0 2.0 3.0 2.0 9.0 3.0 9.0 7.0 11.0 3.0 3.0 7.0 5.0 4.0 5.0 5.0 7.0 2.0 3.0 5.0 1.0 5.0 0.0 11.0 13.0 3.0 4.0 2.0 3.0 5.0 5.0
330 12.0 9.0 7.0 2.0 1.0 4.0 6.0 6.0 4.0 8.0 5.0 4.0 4.0 5.0 3.0 3.0 2.0 3.0 1.0 0.0 5.0 1.0 4.0 5.0 3.0 5.0 3.0 1.0 3.0 1.0 3.0 3.0
333 6.0 7.0 4.0 2.0 2.0 7.0 3.0 3.0 7.0 3.0 6.0 5.0 5.0 4.0 3.0 4.0 3.0 1.0 5.0 2.0 1.0 3.0 6.0 6.0 5.0 0.0 5.0 5.0 3.0 2.0 1.0 5.0
336 10.0 4.0 4.0 6.0 4.0 7.0 2.0 5.0 8.0 9.0 4.0 5.0 3.0 2.0 5.0 3.0 2.0 2.0 1.0 1.0 4.0 1.0 2.0 4.0 9.0 2.0 3.0 4.0 1.0 0.0 2.0 3.0
339 9.0 7.0 2.0 5.0 3.0 10.0 6.0 3.0 4.0 11.0 4.0 4.0 5.0 3.0 3.0 2.0 1.0 4.0 3.0 0.0 7.0 2.0 5.0 4.0 8.0 2.0 2.0 4.0 1.0 2.0 5.0 8.0
342 5.0 1.0 2.0 2.0 0.0 7.0 3.0 3.0 3.0 5.0 2.0 0.0 0.0 1.0 2.0 3.0 0.0 2.0 1.0 0.0 1.0 1.0 3.0 1.0 4.0 0.0 3.0 5.0 0.0 0.0 1.0 5.0
345 1.0 6.0 3.0 4.0 0.0 7.0 2.0 5.0 3.0 10.0 2.0 4.0 3.0 3.0 1.0 4.0 0.0 1.0 0.0 2.0 3.0 1.0 3.0 0.0 5.0 1.0 2.0 3.0 0.0 2.0 2.0 5.0
348 1.0 2.0 1.0 3.0 1.0 1.0 2.0 4.0 2.0 3.0 1.0 4.0 3.0 0.0 2.0 1.0 3.0 0.0 2.0 1.0 2.0 1.0 1.0 1.0 5.0 2.0 1.0 3.0 0.0 0.0 0.0 2.0
351 1.0 1.0 1.0 1.0 0.0 1.0 1.0 1.0 2.0 3.0 0.0 1.0 1.0 0.0 2.0 1.0 0.0 2.0 2.0 0.0 0.0 1.0 2.0 0.0 5.0 0.0 0.0 3.0 0.0 1.0 1.0 0.0
354 1.0 1.0 4.0 0.0 1.0 2.0 0.0 0.0 4.0 3.0 2.0 0.0 1.0 0.0 0.0 2.0 0.0 1.0 0.0 1.0 0.0 1.0 2.0 1.0 1.0 2.0 0.0 4.0 0.0 2.0 1.0 2.0
357 1.0 1.0 1.0 0.0 1.0 1.0 0.0 1.0 0.0 3.0 0.0 0.0 2.0 0.0 1.0 0.0 0.0 1.0 0.0 1.0 0.0 1.0 0.0 0.0 0.0 4.0 1.0 0.0 0.0 0.0 0.0 1.0
