150 17760922.0 17762052.0 17754561.0 17746101.0 17751797.0 17740576.0 17746231.0 17739730.0 17745915.0 17732293.0 17754576.0 17738660.0 17746205.0 17744961.0 17750093.0 17739724.0 17753504.0 17743620.0 17746790.0 17745541.0 17722200.0 17732671.0 17729569.0 17747010.0 17732185.0 17750628.0 17732494.0 17746674.0 17732713.0 17746606.0 17754481.0 17749456.0
153 19166279.0 19166274.0 19158254.0 19144416.0 19156679.0 19140380.0 19153131.0 19137709.0 19152915.0 19138737.0 19152191.0 19142615.0 19152373.0 19153331.0 19152159.0 19145389.0 19151801.0 19147151.0 19151679.0 19148805.0 19135365.0 19136501.0 19141129.0 19150253.0 19141103.0 19150602.0 19139903.0 19151762.0 19134478.0 19149225.0 19156311.0 19154506.0
156 19588089.0 19588206.0 19584044.0 19575804.0 19582598.0 19574035.0 19580635.0 19572753.0 19580206.0 19571971.0 19580250.0 19575244.0 19579162.0 19579665.0 19579899.0 19576129.0 19581078.0 19578421.0 19579868.0 19578757.0 19571879.0 19574568.0 19574334.0 19579372.0 19574502.0 19580192.0 19573955.0 19580228.0 19569712.0 19579632.0 19583257.0 19581880.0
159 19908827.0 19907907.0 19905176.0 19895528.0 19903236.0 19894320.0 19901266.0 19893254.0 19899712.0 19892507.0 19900389.0 19895100.0 19899095.0 19899972.0 19899546.0 19895283.0 19901082.0 19899082.0 19899571.0 19898884.0 19892760.0 19897217.0 19894336.0 19899361.0 19894212.0 19899906.0 19894013.0 19899739.0 19889867.0 19899502.0 19902847.0 19901493.0
162 19989144.0 19988858.0 19987206.0 19982183.0 19986443.0 19981427.0 19986058.0 19980905.0 19985332.0 19980631.0 19985840.0 19981792.0 19985517.0 19985787.0 19985477.0 19982029.0 19986271.0 19985180.0 19985310.0 19984976.0 19980591.0 19984517.0 19981404.0 19985001.0 19981463.0 19985910.0 19981268.0 19985259.0 19978917.0 19985630.0 19988071.0 19987225.0
165 19827685.0 19827633.0 19825761.0 19820690.0 19824844.0 19819102.0 19824094.0 19817812.0 19824025.0 19818251.0 19823974.0 19820497.0 19823222.0 19823300.0 19823608.0 19821247.0 19824071.0 19822522.0 19823601.0 19823155.0 19818198.0 19820266.0 19819817.0 19823641.0 19819948.0 19824114.0 19819717.0 19824047.0 19816143.0 19823456.0 19825565.0 19825314.0
168 20146434.0 20146401.0 20145686.0 20142294.0 20145382.0 20141488.0 20145058.0 20141236.0 20144170.0 20142076.0 20144553.0 20143668.0 20144353.0 20144296.0 20144272.0 20143177.0 20144721.0 20144161.0 20143882.0 20143592.0 20141233.0 20143540.0 20141391.0 20143642.0 20141560.0 20143453.0 20141007.0 20143539.0 20139378.0 20143702.0 20144313.0 20143860.0
171 19941585.0 19940303.0 19936262.0 19930336.0 19936873.0 19924568.0 19934786.0 19927618.0 19932224.0 19931331.0 19932452.0 19932848.0 19933333.0 19931197.0 19930325.0 19930688.0 19930504.0 19929190.0 19928263.0 19926795.0 19924155.0 19924349.0 19922874.0 19925818.0 19923109.0 19924589.0 19920803.0 19925290.0 19918863.0 19924418.0 19925895.0 19925601.0
174 16323124.0 16247975.0 16000597.0 15634327.0 16232766.0 15591413.0 16108551.0 15716156.0 16054599.0 15937627.0 15882241.0 15993566.0 16208849.0 16236118.0 16019587.0 16036621.0 15924185.0 16020538.0 16009740.0 15933834.0 16063454.0 15962343.0 15927783.0 15878459.0 15902723.0 15704426.0 15732804.0 15973546.0 15625698.0 15869377.0 15930910.0 15992961.0
177 9475871.0 9473819.0 9318864.0 9401853.0 9822208.0 9496730.0 9709115.0 9751387.0 9721009.0 10183021.0 9363465.0 10303118.0 10085724.0 10168872.0 9695478.0 10299745.0 9464960.0 9708626.0 9636644.0 9530101.0 10454470.0 9595431.0 10111968.0 9363763.0 9991828.0 8904964.0 9572068.0 9519946.0 9268231.0 9256327.0 9311025.0 9383412.0
180 6703498.0 6720533.0 6595514.0 6826795.0 7061409.0 6947061.0 6941716.0 7174609.0 6976582.0 7507826.0 6671670.0 7659296.0 7296934.0 7396438.0 6967417.0 7621804.0 6759031.0 6990592.0 6886764.0 6831221.0 7793439.0 6926872.0 7461116.0 6666524.0 7338631.0 6257420.0 6964526.0 6812449.0 6686580.0 6585837.0 6595515.0 6627277.0
183 170145.0 197757.0 163375.0 161494.0 202641.0 198178.0 192242.0 231608.0 200858.0 220330.0 187266.0 291606.0 214045.0 242485.0 205923.0 216011.0 244000.0 249118.0 176975.0 198683.0 315460.0 333357.0 207833.0 178852.0 196943.0 161230.0 186574.0 189571.0 184857.0 197043.0 186738.0 173971.0
186 134048.0 149676.0 133655.0 136577.0 127728.0 168839.0 136877.0 181999.0 142427.0 145144.0 155143.0 187697.0 138505.0 129980.0 142897.0 119970.0 207002.0 184586.0 130011.0 161436.0 210310.0 274870.0 141369.0 142039.0 136028.0 141291.0 148190.0 127101.0 156523.0 150346.0 142106.0 135835.0
189 132398.0 147562.0 133104.0 136292.0 123898.0 168481.0 135136.0 177518.0 139534.0 142100.0 154310.0 181312.0 136016.0 122455.0 141107.0 115236.0 205378.0 181726.0 127905.0 157263.0 199616.0 277229.0 137757.0 139674.0 132692.0 140842.0 147053.0 121903.0 154387.0 146946.0 138103.0 133003.0
192 131798.0 147562.0 132688.0 135465.0 123478.0 167645.0 135115.0 178673.0 139156.0 141978.0 154485.0 181278.0 135844.0 121609.0 141144.0 115211.0 210202.0 180638.0 128499.0 156143.0 198791.0 271562.0 137080.0 140172.0 132247.0 139582.0 146148.0 120955.0 153953.0 146606.0 138794.0 132470.0
195 131778.0 147208.0 133427.0 135347.0 124016.0 168297.0 134865.0 177027.0 139695.0 141313.0 154036.0 181500.0 135572.0 122600.0 141507.0 115165.0 206722.0 184484.0 127906.0 155498.0 199339.0 287237.0 138064.0 140274.0 131318.0 139051.0 146273.0 121693.0 153852.0 146961.0 138820.0 132343.0
198 132020.0 146759.0 132685.0 135604.0 123669.0 167394.0 134599.0 177758.0 138535.0 141326.0 154355.0 180535.0 135790.0 121498.0 139799.0 114848.0 205173.0 183413.0 127183.0 157913.0 198371.0 287465.0 136784.0 139663.0 132401.0 138765.0 146242.0 121645.0 154544.0 145925.0 138709.0 130627.0
201 131449.0 146175.0 132255.0 135064.0 122875.0 166721.0 133791.0 176512.0 138523.0 140948.0 153320.0 180241.0 136006.0 121698.0 140402.0 114453.0 201642.0 184688.0 127312.0 155202.0 197505.0 276871.0 135613.0 138806.0 131771.0 138201.0 144888.0 119519.0 153613.0 145662.0 137438.0 130272.0
204 129832.0 142833.0 131707.0 133689.0 121769.0 165214.0 133141.0 175540.0 134815.0 139796.0 152457.0 178580.0 134441.0 120327.0 138373.0 113040.0 197432.0 187219.0 126153.0 154598.0 195382.0 267807.0 133030.0 136268.0 129029.0 135794.0 140081.0 118076.0 152097.0 143636.0 134166.0 123202.0
207 124523.0 130746.0 127683.0 131682.0 121736.0 160227.0 129703.0 172859.0 118586.0 137488.0 146948.0 167011.0 131729.0 118722.0 131073.0 104406.0 184605.0 181428.0 121466.0 144404.0 183956.0 265127.0 118484.0 125633.0 120419.0 128372.0 122378.0 106188.0 147378.0 139142.0 121783.0 101198.0
210 106007.0 93412.0 111543.0 117596.0 113817.0 136723.0 114762.0 163243.0 77867.0 125718.0 125369.0 126576.0 120515.0 112004.0 107404.0 79037.0 135318.0 164321.0 103646.0 114606.0 142343.0 245317.0 81233.0 91748.0 92023.0 101372.0 77453.0 76859.0 129833.0 124227.0 90257.0 62615.0
213 58052.0 36085.0 67010.0 73584.0 85563.0 77248.0 67914.0 119739.0 26935.0 86232.0 70927.0 52645.0 80459.0 83872.0 52505.0 33182.0 59220.0 108247.0 56472.0 56944.0 69171.0 167749.0 30575.0 37739.0 41150.0 52670.0 26453.0 32139.0 82744.0 82194.0 39896.0 21807.0
216 17888.0 9003.0 22281.0 24818.0 37697.0 23812.0 20502.0 54763.0 7195.0 32754.0 21866.0 12573.0 29075.0 38817.0 13617.0 8025.0 17094.0 41410.0 16005.0 15679.0 17680.0 69980.0 7906.0 9600.0 10543.0 15132.0 7145.0 8219.0 31372.0 33326.0 10695.0 6058.0
219 5434.0 4597.0 6105.0 6452.0 9387.0 7061.0 5802.0 14747.0 4177.0 8105.0 6293.0 5759.0 7013.0 10099.0 4976.0 3595.0 7215.0 10535.0 4899.0 5462.0 6585.0 17963.0 4071.0 4424.0 4429.0 5094.0 4286.0 3742.0 8481.0 8530.0 4513.0 3729.0
222 3837.0 3891.0 4002.0 4460.0 4184.0 5117.0 4222.0 6267.0 3562.0 4483.0 4689.0 5065.0 4228.0 4112.0 3926.0 3037.0 6145.0 5757.0 3800.0 4289.0 5306.0 9693.0 3477.0 3837.0 3608.0 4027.0 3814.0 3101.0 4995.0 4732.0 3851.0 3206.0
225 3319.0 3193.0 3365.0 3811.0 3508.0 4520.0 3657.0 5240.0 3005.0 3932.0 4016.0 4206.0 3684.0 3390.0 3475.0 2668.0 5230.0 5004.0 3310.0 3937.0 4585.0 8628.0 3003.0 3267.0 3261.0 3482.0 3202.0 2620.0 4267.0 4111.0 3109.0 2819.0
228 2894.0 2916.0 2956.0 3358.0 2945.0 3987.0 3217.0 4495.0 2713.0 3395.0 3535.0 3656.0 3227.0 3050.0 2947.0 2235.0 4576.0 4183.0 2926.0 3438.0 3820.0 7266.0 2662.0 2861.0 2794.0 3162.0 2861.0 2297.0 3895.0 3448.0 2830.0 2462.0
231 2636.0 2677.0 2661.0 2998.0 2780.0 3675.0 2878.0 4006.0 2486.0 3033.0 3058.0 3405.0 2841.0 2669.0 2695.0 2103.0 4326.0 3767.0 2709.0 3040.0 3539.0 6369.0 2307.0 2635.0 2498.0 2767.0 2651.0 2135.0 3378.0 3011.0 2592.0 2476.0
234 2547.0 2640.0 2444.0 2883.0 2490.0 3391.0 2894.0 3692.0 2431.0 2726.0 2974.0 3064.0 2724.0 2369.0 2666.0 2017.0 4195.0 3607.0 2559.0 2883.0 3428.0 6225.0 2407.0 2617.0 2481.0 2761.0 2549.0 2083.0 3388.0 2874.0 2530.0 2307.0
237 2530.0 2615.0 2460.0 2809.0 2480.0 3415.0 2741.0 3443.0 2391.0 2740.0 2946.0 3192.0 2618.0 2396.0 2602.0 2012.0 3999.0 3498.0 2429.0 2974.0 3331.0 6240.0 2353.0 2461.0 2335.0 2667.0 2529.0 2012.0 3217.0 2844.0 2471.0 2318.0
240 2442.0 2459.0 2439.0 2751.0 2486.0 3286.0 2755.0 3430.0 2288.0 2694.0 2955.0 3035.0 2610.0 2384.0 2412.0 1895.0 3882.0 3318.0 2454.0 2820.0 3226.0 5990.0 2206.0 2424.0 2383.0 2632.0 2472.0 2019.0 3048.0 2704.0 2470.0 2275.0
243 2453.0 2355.0 2478.0 2667.0 2328.0 3222.0 2621.0 3309.0 2268.0 2602.0 2747.0 2908.0 2613.0 2350.0 2447.0 1886.0 3889.0 3259.0 2332.0 2779.0 3140.0 5754.0 2105.0 2433.0 2332.0 2564.0 2357.0 1925.0 3000.0 2744.0 2354.0 2237.0
246 2377.0 2327.0 2328.0 2593.0 2346.0 3130.0 2587.0 3376.0 2203.0 2524.0 2712.0 2962.0 2396.0 2178.0 2292.0 1835.0 3813.0 3079.0 2271.0 2652.0 2944.0 5574.0 2040.0 2302.0 2329.0 2430.0 2375.0 1938.0 3062.0 2653.0 2351.0 2003.0
249 2217.0 2224.0 2207.0 2547.0 2308.0 2950.0 2484.0 3234.0 1992.0 2419.0 2631.0 2685.0 2519.0 2190.0 2268.0 1764.0 3588.0 3209.0 2211.0 2435.0 2700.0 5461.0 1848.0 2207.0 2053.0 2416.0 2076.0 1718.0 2809.0 2489.0 2143.0 1694.0
252 2085.0 1828.0 2071.0 2421.0 2241.0 2843.0 2298.0 3106.0 1623.0 2348.0 2482.0 2468.0 2360.0 2130.0 2041.0 1632.0 3321.0 2979.0 2125.0 2326.0 2514.0 5297.0 1547.0 1947.0 1824.0 2209.0 1693.0 1537.0 2827.0 2441.0 1908.0 1208.0
255 1826.0 1372.0 1907.0 2265.0 2014.0 2540.0 2101.0 2987.0 1006.0 2231.0 2215.0 1921.0 2131.0 1995.0 1721.0 1148.0 2754.0 2815.0 1853.0 1960.0 1917.0 5136.0 933.0 1347.0 1351.0 1837.0 1053.0 1027.0 2513.0 2327.0 1400.0 781.0
258 1011.0 564.0 1324.0 1800.0 1730.0 1767.0 1321.0 2584.0 349.0 1720.0 1547.0 796.0 1486.0 1614.0 924.0 514.0 1501.0 1960.0 1132.0 1138.0 863.0 4006.0 302.0 678.0 603.0 1200.0 369.0 429.0 1833.0 1676.0 606.0 258.0
261 547.0 210.0 721.0 974.0 1163.0 933.0 618.0 1877.0 138.0 1051.0 883.0 270.0 866.0 1097.0 339.0 176.0 667.0 1233.0 527.0 491.0 318.0 2824.0 137.0 245.0 165.0 581.0 155.0 158.0 1149.0 1051.0 244.0 108.0
264 250.0 106.0 344.0 423.0 598.0 367.0 216.0 1111.0 91.0 478.0 363.0 130.0 374.0 631.0 129.0 89.0 292.0 589.0 185.0 184.0 146.0 1384.0 77.0 111.0 105.0 220.0 112.0 79.0 520.0 510.0 104.0 86.0
267 111.0 93.0 137.0 151.0 226.0 179.0 117.0 447.0 82.0 165.0 156.0 105.0 156.0 234.0 71.0 78.0 178.0 211.0 92.0 112.0 115.0 483.0 68.0 91.0 81.0 113.0 88.0 63.0 196.0 191.0 67.0 74.0
270 76.0 75.0 102.0 122.0 114.0 119.0 125.0 199.0 81.0 108.0 97.0 93.0 102.0 111.0 91.0 80.0 119.0 138.0 86.0 90.0 96.0 267.0 79.0 76.0 72.0 105.0 78.0 58.0 123.0 113.0 102.0 61.0
273 79.0 73.0 71.0 101.0 92.0 109.0 98.0 135.0 69.0 97.0 109.0 94.0 85.0 78.0 87.0 53.0 155.0 124.0 81.0 90.0 91.0 193.0 62.0 76.0 60.0 80.0 77.0 45.0 111.0 109.0 74.0 52.0
276 80.0 58.0 68.0 82.0 55.0 90.0 79.0 130.0 53.0 67.0 104.0 77.0 80.0 80.0 71.0 57.0 136.0 104.0 56.0 75.0 99.0 196.0 60.0 66.0 68.0 90.0 74.0 59.0 106.0 93.0 71.0 56.0
279 70.0 60.0 75.0 92.0 64.0 103.0 83.0 118.0 51.0 82.0 86.0 101.0 81.0 70.0 58.0 57.0 126.0 109.0 75.0 83.0 80.0 210.0 35.0 63.0 71.0 67.0 74.0 51.0 97.0 75.0 60.0 34.0
282 77.0 52.0 79.0 97.0 76.0 92.0 73.0 107.0 49.0 86.0 66.0 81.0 67.0 52.0 71.0 62.0 96.0 106.0 90.0 60.0 68.0 185.0 42.0 61.0 66.0 86.0 60.0 48.0 86.0 82.0 60.0 67.0
285 76.0 53.0 58.0 65.0 52.0 82.0 72.0 95.0 49.0 77.0 78.0 74.0 86.0 87.0 64.0 47.0 96.0 94.0 60.0 57.0 76.0 199.0 53.0 51.0 72.0 60.0 58.0 50.0 95.0 81.0 64.0 69.0
288 63.0 56.0 63.0 69.0 78.0 84.0 73.0 94.0 54.0 79.0 73.0 50.0 77.0 57.0 61.0 47.0 113.0 96.0 55.0 65.0 82.0 135.0 43.0 62.0 53.0 65.0 36.0 50.0 77.0 63.0 56.0 49.0
291 64.0 42.0 61.0 59.0 57.0 90.0 65.0 92.0 48.0 69.0 75.0 72.0 65.0 68.0 60.0 46.0 94.0 94.0 64.0 87.0 62.0 149.0 64.0 57.0 52.0 62.0 43.0 44.0 96.0 72.0 50.0 37.0
294 60.0 46.0 56.0 67.0 67.0 64.0 50.0 90.0 47.0 67.0 70.0 49.0 65.0 50.0 39.0 35.0 84.0 78.0 63.0 56.0 53.0 133.0 32.0 63.0 41.0 54.0 33.0 39.0 73.0 68.0 51.0 19.0
297 53.0 29.0 53.0 52.0 56.0 70.0 64.0 81.0 28.0 63.0 85.0 51.0 64.0 57.0 49.0 33.0 78.0 76.0 63.0 57.0 48.0 138.0 22.0 38.0 27.0 59.0 33.0 29.0 81.0 68.0 34.0 20.0
300 36.0 23.0 37.0 67.0 58.0 56.0 46.0 79.0 10.0 66.0 58.0 29.0 58.0 38.0 30.0 37.0 55.0 64.0 34.0 49.0 33.0 135.0 17.0 27.0 28.0 38.0 12.0 14.0 85.0 39.0 22.0 13.0
303 32.0 11.0 27.0 40.0 39.0 45.0 31.0 78.0 3.0 39.0 33.0 16.0 40.0 43.0 24.0 12.0 38.0 59.0 24.0 36.0 28.0 100.0 9.0 20.0 15.0 28.0 7.0 9.0 60.0 45.0 13.0 5.0
306 15.0 7.0 28.0 28.0 31.0 26.0 28.0 76.0 3.0 41.0 28.0 9.0 28.0 40.0 11.0 10.0 22.0 52.0 15.0 20.0 8.0 100.0 5.0 4.0 10.0 20.0 5.0 4.0 32.0 36.0 6.0 5.0
309 9.0 2.0 9.0 24.0 18.0 18.0 14.0 47.0 3.0 30.0 16.0 7.0 11.0 24.0 7.0 3.0 16.0 37.0 7.0 10.0 3.0 70.0 3.0 7.0 4.0 8.0 1.0 5.0 34.0 19.0 1.0 1.0
312 11.0 6.0 7.0 12.0 19.0 8.0 2.0 37.0 2.0 7.0 5.0 4.0 9.0 18.0 2.0 5.0 8.0 15.0 4.0 3.0 4.0 40.0 6.0 4.0 3.0 5.0 4.0 2.0 12.0 6.0 8.0 2.0
315 5.0 3.0 3.0 6.0 6.0 6.0 7.0 20.0 5.0 4.0 5.0 2.0 2.0 8.0 0.0 4.0 7.0 3.0 4.0 5.0 2.0 14.0 2.0 5.0 2.0 0.0 2.0 2.0 5.0 5.0 2.0 1.0
318 0.0 3.0 6.0 5.0 5.0 3.0 4.0 11.0 1.0 2.0 5.0 4.0 2.0 5.0 4.0 2.0 4.0 7.0 5.0 3.0 3.0 16.0 2.0 2.0 2.0 2.0 2.0 1.0 5.0 6.0 3.0 1.0
321 2.0 1.0 3.0 4.0 4.0 4.0 2.0 7.0 2.0 3.0 2.0 1.0 2.0 4.0 1.0 3.0 8.0 5.0 3.0 1.0 3.0 9.0 7.0 4.0 3.0 4.0 0.0 1.0 3.0 5.0 2.0 1.0
324 1.0 4.0 0.0 3.0 4.0 6.0 4.0 3.0 2.0 2.0 0.0 1.0 5.0 1.0 1.0 2.0 5.0 2.0 2.0 2.0 5.0 14.0 2.0 1.0 1.0 1.0 3.0 1.0 6.0 6.0 5.0 1.0
327 1.0 1.0 3.0 5.0 2.0 4.0 2.0 6.0 4.0 3.0 3.0 4.0 12.0 3.0 6.0 3.0 3.0 2.0 1.0 2.0 4.0 7.0 1.0 4.0 2.0 4.0 1.0 2.0 3.0 3.0 2.0 1.0
330 1.0 2.0 1.0 3.0 2.0 0.0 3.0 5.0 2.0 2.0 2.0 5.0 3.0 3.0 2.0 1.0 3.0 4.0 3.0 0.0 1.0 5.0 1.0 4.0 1.0 3.0 0.0 3.0 2.0 5.0 3.0 0.0
333 4.0 2.0 3.0 3.0 2.0 4.0 4.0 3.0 4.0 3.0 5.0 5.0 4.0 4.0 5.0 4.0 10.0 2.0 3.0 5.0 3.0 8.0 3.0 2.0 5.0 2.0 2.0 5.0 7.0 5.0 3.0 3.0
336 0.0 1.0 4.0 2.0 4.0 2.0 1.0 5.0 0.0 1.0 3.0 0.0 1.0 1.0 2.0 2.0 3.0 4.0 3.0 2.0 1.0 4.0 0.0 1.0 2.0 3.0 1.0 0.0 4.0 0.0 0.0 0.0
339 1.0 2.0 1.0 6.0 3.0 5.0 2.0 3.0 2.0 1.0 3.0 1.0 5.0 5.0 1.0 2.0 5.0 1.0 0.0 3.0 1.0 13.0 1.0 0.0 1.0 1.0 0.0 1.0 4.0 1.0 3.0 1.0
342 2.0 1.0 2.0 2.0 1.0 2.0 1.0 2.0 1.0 1.0 4.0 3.0 3.0 2.0 1.0 0.0 3.0 3.0 2.0 0.0 1.0 5.0 1.0 3.0 0.0 0.0 2.0 1.0 3.0 5.0 1.0 0.0
345 0.0 0.0 2.0 3.0 3.0 3.0 1.0 2.0 0.0 3.0 4.0 0.0 0.0 1.0 1.0 0.0 0.0 0.0 2.0 0.0 1.0 6.0 2.0 0.0 3.0 2.0 0.0 1.0 3.0 0.0 0.0 0.0
348 2.0 1.0 2.0 3.0 0.0 3.0 2.0 2.0 0.0 4.0 3.0 1.0 1.0 3.0 4.0 0.0 1.0 1.0 2.0 3.0 1.0 5.0 0.0 3.0 1.0 5.0 1.0 1.0 3.0 3.0 2.0 0.0
351 0.0 0.0 0.0 2.0 3.0 0.0 0.0 1.0 0.0 0.0 1.0 0.0 1.0 4.0 0.0 0.0 0.0 2.0 0.0 0.0 1.0 0.0 0.0 0.0 0.0 2.0 0.0 0.0 1.0 1.0 0.0 0.0
354 0.0 1.0 1.0 1.0 2.0 0.0 0.0 5.0 1.0 2.0 1.0 1.0 0.0 0.0 1.0 2.0 3.0 1.0 5.0 1.0 4.0 2.0 0.0 0.0 0.0 0.0 2.0 0.0 4.0 1.0 2.0 2.0
357 1.0 2.0 0.0 1.0 0.0 0.0 1.0 0.0 0.0 0.0 0.0 1.0 0.0 0.0 0.0 0.0 1.0 2.0 1.0 1.0 0.0 2.0 0.0 1.0 0.0 0.0 0.0 0.0 0.0 0.0 0.0 0.0
