150 27246.0 32872.0 19923.0 45418.0 54471.0 22411.0 32877.0 50428.0 23417.0 32547.0 28799.0 29975.0 44931.0 21079.0 24128.0 30759.0 21150.0 26124.0 28516.0 38994.0 60205.0 31872.0 30267.0 23446.0 22604.0 37759.0 20356.0 36675.0 30691.0 22862.0 24952.0 21085.0
153 18369710.0 18372082.0 18375203.0 18344794.0 18372530.0 18358312.0 18356179.0 18350622.0 18370083.0 18348572.0 18370890.0 18351220.0 18365376.0 18374802.0 18371099.0 18352642.0 18371255.0 18368045.0 18367601.0 18364550.0 18342147.0 18369626.0 18345157.0 18368908.0 18355113.0 18367487.0 18354699.0 18360105.0 18346833.0 18364863.0 18373313.0 18371560.0
156 18653100.0 18658950.0 18657407.0 18635390.0 18658466.0 18647235.0 18646278.0 18642520.0 18653577.0 18639250.0 18653915.0 18642381.0 18652189.0 18655376.0 18653779.0 18645961.0 18653864.0 18652939.0 18653015.0 18652116.0 18633445.0 18654383.0 18637126.0 18652960.0 18645831.0 18654758.0 18645672.0 18648938.0 18638577.0 18651528.0 18655889.0 18655757.0
159 18998317.0 19001434.0 19000136.0 18981014.0 19001279.0 18990013.0 18992354.0 18986908.0 18997889.0 18984735.0 18998370.0 18986932.0 18997019.0 18999803.0 18998503.0 18989021.0 18997373.0 18996960.0 18996515.0 18995380.0 18979255.0 18996843.0 18982784.0 18995591.0 18989018.0 18996567.0 18989066.0 18993280.0 18984220.0 18995002.0 18997242.0 18997341.0
162 19301827.0 19303351.0 19301827.0 19288246.0 19303091.0 19293891.0 19297346.0 19291990.0 19301078.0 19290877.0 19301460.0 19291967.0 19300811.0 19302401.0 19301525.0 19293088.0 19300298.0 19300272.0 19299591.0 19298882.0 19286631.0 19299568.0 19289660.0 19298701.0 19293313.0 19299462.0 19293309.0 19297460.0 19290621.0 19298012.0 19299286.0 19299392.0
165 19627313.0 19627244.0 19625746.0 19615489.0 19627869.0 19621662.0 19622852.0 19619698.0 19625970.0 19618319.0 19625935.0 19619348.0 19625870.0 19626279.0 19625717.0 19620389.0 19625289.0 19625257.0 19624665.0 19624445.0 19613014.0 19624815.0 19616511.0 19624307.0 19620663.0 19624743.0 19620917.0 19623048.0 19618310.0 19623511.0 19624643.0 19624223.0
168 19789667.0 19789523.0 19788302.0 19784019.0 19789867.0 19786103.0 19787465.0 19785699.0 19788166.0 19784959.0 19788300.0 19785335.0 19788602.0 19787948.0 19787849.0 19785135.0 19787675.0 19787698.0 19787568.0 19787637.0 19782166.0 19787713.0 19783914.0 19787418.0 19785432.0 19787842.0 19785356.0 19786854.0 19784528.0 19786894.0 19787677.0 19787358.0
171 19688381.0 19684833.0 19683538.0 19682785.0 19685312.0 19683330.0 19683353.0 19683556.0 19684653.0 19683319.0 19685469.0 19683235.0 19685144.0 19684374.0 19684413.0 19682490.0 19683485.0 19683611.0 19682831.0 19682364.0 19678421.0 19682547.0 19679129.0 19681924.0 19680125.0 19682112.0 19679725.0 19681535.0 19679045.0 19681425.0 19681749.0 19681503.0
174 19482775.0 19500527.0 19494791.0 19458839.0 19491207.0 19458456.0 19488653.0 19455862.0 19480585.0 19464523.0 19482934.0 19462515.0 19476532.0 19479660.0 19477161.0 19462030.0 19470656.0 19474696.0 19469285.0 19467450.0 19454911.0 19465842.0 19456582.0 19462547.0 19457944.0 19463154.0 19455947.0 19462591.0 19452996.0 19462016.0 19464153.0 19464583.0
177 16313183.0 16636958.0 16797616.0 15934463.0 16403102.0 15919055.0 16830862.0 15765361.0 16415987.0 16096953.0 16528025.0 16056405.0 16345958.0 16602607.0 16649300.0 16124190.0 16319123.0 16568398.0 16348885.0 16318053.0 16017470.0 16284343.0 16093054.0 16207790.0 16033500.0 16270127.0 16010401.0 16430586.0 15881285.0 16444649.0 16380603.0 16598587.0
180 8989129.0 8601728.0 8929230.0 8603617.0 8455535.0 8651369.0 9182000.0 8375110.0 8688486.0 9052446.0 8885130.0 8986066.0 8598640.0 9025625.0 9190463.0 9077911.0 8539880.0 9036866.0 8597107.0 8538811.0 8850409.0 8463068.0 9019019.0 8347304.0 8852564.0 8405475.0 8815697.0 8733442.0 8446721.0 8699525.0 8504102.0 8817084.0
183 5906486.0 5380859.0 5679968.0 5524584.0 5280563.0 5571475.0 5922973.0 5333804.0 5469904.0 5906318.0 5628890.0 5870216.0 5391424.0 5747717.0 5906739.0 5951567.0 5317947.0 5771338.0 5390965.0 5353511.0 5768603.0 5277372.0 5883867.0 5194449.0 5725065.0 5247761.0 5712542.0 5527827.0 5370518.0 5469830.0 5287675.0 5530577.0
186 202041.0 213787.0 257893.0 244869.0 215156.0 223813.0 391304.0 224787.0 224322.0 289822.0 246869.0 283755.0 241058.0 267544.0 328631.0 344759.0 188082.0 291963.0 215530.0 233833.0 277643.0 200324.0 270125.0 188626.0 238869.0 260897.0 225949.0 254411.0 210621.0 211092.0 197881.0 222443.0
189 169566.0 160523.0 146545.0 183095.0 167424.0 150989.0 208229.0 177114.0 152207.0 167856.0 154657.0 168669.0 190921.0 148610.0 171026.0 242491.0 143974.0 173211.0 156843.0 175168.0 186537.0 153207.0 169991.0 148378.0 160356.0 210839.0 155721.0 167265.0 165537.0 147047.0 149916.0 158262.0
192 169979.0 160694.0 143594.0 181966.0 166229.0 150622.0 197845.0 177603.0 151151.0 165599.0 152937.0 165093.0 188955.0 145686.0 166627.0 237892.0 144479.0 170512.0 156415.0 175332.0 183557.0 151808.0 167327.0 148589.0 158443.0 215049.0 154210.0 164480.0 165035.0 145889.0 149384.0 156350.0
195 169332.0 160383.0 143773.0 181661.0 166962.0 150266.0 197586.0 176099.0 151611.0 166537.0 153452.0 165894.0 190298.0 146217.0 166547.0 234055.0 144128.0 170796.0 156103.0 175042.0 183983.0 152711.0 167349.0 147344.0 158716.0 215072.0 154968.0 164916.0 164215.0 145090.0 148611.0 156904.0
198 169100.0 160408.0 142789.0 182335.0 166733.0 149711.0 198019.0 176454.0 149994.0 165937.0 153347.0 165912.0 189339.0 144882.0 164717.0 234005.0 142905.0 170663.0 155943.0 174282.0 184118.0 152735.0 168337.0 146476.0 158446.0 215973.0 154234.0 165442.0 163670.0 145594.0 147693.0 156025.0
201 167822.0 160415.0 143291.0 182770.0 166900.0 148584.0 197210.0 176031.0 149353.0 164955.0 151904.0 164837.0 189101.0 146261.0 165932.0 197841.0 142977.0 169659.0 154980.0 173516.0 183507.0 151732.0 166880.0 146095.0 157655.0 213152.0 152493.0 164532.0 163607.0 144377.0 145515.0 154635.0
204 164768.0 159503.0 140504.0 180771.0 165109.0 144973.0 197230.0 175073.0 148021.0 163769.0 152494.0 164131.0 186853.0 142950.0 163229.0 193119.0 139365.0 168452.0 153495.0 172512.0 182146.0 150881.0 165810.0 139019.0 153876.0 202964.0 145783.0 162916.0 162399.0 142747.0 136114.0 148444.0
207 145609.0 155768.0 128773.0 179607.0 162021.0 127128.0 195129.0 170622.0 137724.0 161818.0 148013.0 161005.0 183669.0 134852.0 157309.0 167255.0 119578.0 164230.0 145132.0 167317.0 181210.0 140488.0 164051.0 109836.0 140064.0 173873.0 118665.0 160442.0 157303.0 133825.0 100447.0 120510.0
210 98069.0 140397.0 94264.0 175696.0 149394.0 84993.0 193167.0 155001.0 106946.0 151112.0 135541.0 149454.0 174033.0 108516.0 135548.0 117374.0 76684.0 149453.0 119639.0 147614.0 178894.0 113070.0 155080.0 63722.0 102713.0 117459.0 73561.0 148549.0 138451.0 106990.0 51272.0 69717.0
213 34322.0 91764.0 37341.0 155466.0 104865.0 30806.0 179369.0 103985.0 47219.0 111039.0 93025.0 106080.0 133748.0 53571.0 79203.0 44893.0 25422.0 98174.0 63661.0 95630.0 167975.0 57135.0 119365.0 19021.0 43830.0 44981.0 25357.0 107936.0 87652.0 54029.0 13544.0 20176.0
216 8275.0 29440.0 7960.0 92981.0 38633.0 7183.0 126894.0 36043.0 10116.0 44396.0 33968.0 41514.0 58661.0 12883.0 22993.0 9906.0 6028.0 32673.0 16712.0 32754.0 125480.0 14014.0 51980.0 5031.0 10036.0 11433.0 6477.0 45409.0 29644.0 13528.0 4478.0 5408.0
219 4931.0 7140.0 3843.0 29432.0 9345.0 4237.0 50288.0 9014.0 4408.0 10565.0 8214.0 10126.0 14450.0 4640.0 6121.0 5676.0 3990.0 7859.0 5423.0 8340.0 59174.0 5014.0 13002.0 3570.0 4522.0 5915.0 4087.0 11547.0 7684.0 4719.0 3499.0 4035.0
222 4232.0 4713.0 3377.0 8276.0 4966.0 3592.0 13097.0 5273.0 3629.0 5000.0 4551.0 4864.0 6486.0 3609.0 4462.0 5042.0 3412.0 4735.0 4154.0 4980.0 17051.0 4046.0 5432.0 3200.0 3943.0 5059.0 3529.0 5171.0 4866.0 3857.0 3093.0 3465.0
225 3802.0 3988.0 2764.0 5580.0 4235.0 2981.0 6236.0 4433.0 3171.0 4290.0 3881.0 4168.0 5398.0 3180.0 3782.0 5468.0 2880.0 4056.0 3644.0 4183.0 6351.0 3589.0 4306.0 2578.0 3297.0 4251.0 2888.0 4306.0 4103.0 3241.0 2635.0 2989.0
228 3169.0 3532.0 2446.0 5011.0 3704.0 2656.0 5611.0 4038.0 2727.0 3750.0 3406.0 3593.0 4807.0 2876.0 3274.0 4954.0 2572.0 3432.0 3143.0 3643.0 5420.0 3101.0 3821.0 2388.0 2858.0 3591.0 2663.0 3831.0 3600.0 2767.0 2238.0 2639.0
231 3197.0 3084.0 2192.0 4250.0 3100.0 2404.0 4930.0 3452.0 2406.0 3266.0 3133.0 3039.0 4205.0 2451.0 2894.0 4304.0 2442.0 2962.0 2709.0 3212.0 4726.0 2820.0 3355.0 2150.0 2533.0 3405.0 2428.0 3264.0 3217.0 2515.0 2170.0 2452.0
234 2992.0 2840.0 2094.0 3728.0 3023.0 2267.0 4114.0 3221.0 2303.0 2949.0 2760.0 2771.0 3785.0 2392.0 2704.0 4178.0 2376.0 2776.0 2567.0 2924.0 4263.0 2637.0 2956.0 2108.0 2430.0 3190.0 2403.0 3075.0 3017.0 2450.0 2118.0 2477.0
237 2945.0 2893.0 2017.0 3636.0 2854.0 2275.0 3960.0 2977.0 2280.0 2817.0 2710.0 2684.0 3765.0 2314.0 2471.0 3959.0 2299.0 2693.0 2544.0 2838.0 3902.0 2519.0 2752.0 2074.0 2480.0 3113.0 2206.0 2950.0 2913.0 2408.0 2117.0 2392.0
240 2807.0 2770.0 2080.0 3514.0 2826.0 2206.0 3658.0 3038.0 2206.0 2747.0 2620.0 2635.0 3738.0 2172.0 2519.0 3888.0 2199.0 2640.0 2459.0 2875.0 3660.0 2429.0 2739.0 1994.0 2370.0 3050.0 2208.0 2785.0 2869.0 2311.0 2009.0 2331.0
243 2840.0 2620.0 1893.0 3384.0 2787.0 2103.0 3681.0 2999.0 2074.0 2574.0 2548.0 2643.0 3572.0 2137.0 2493.0 3763.0 2165.0 2509.0 2425.0 2784.0 3514.0 2482.0 2749.0 1850.0 2287.0 2856.0 2091.0 2703.0 2848.0 2328.0 1937.0 2166.0
246 2698.0 2559.0 1830.0 3280.0 2587.0 2035.0 3611.0 2896.0 2017.0 2625.0 2404.0 2574.0 3604.0 2167.0 2389.0 3471.0 1961.0 2388.0 2367.0 2631.0 3519.0 2246.0 2657.0 1683.0 2143.0 2777.0 1884.0 2676.0 2655.0 2192.0 1579.0 1862.0
249 2292.0 2572.0 1598.0 3288.0 2611.0 1618.0 3425.0 2757.0 1877.0 2556.0 2340.0 2440.0 3439.0 1888.0 2135.0 2914.0 1597.0 2362.0 2117.0 2548.0 3355.0 2255.0 2599.0 1203.0 1933.0 2152.0 1421.0 2532.0 2552.0 1936.0 1084.0 1423.0
252 1711.0 2340.0 1176.0 3154.0 2529.0 1108.0 3481.0 2776.0 1498.0 2349.0 2195.0 2218.0 3214.0 1595.0 1957.0 1991.0 1081.0 2137.0 1862.0 2244.0 3302.0 1857.0 2328.0 731.0 1457.0 1423.0 894.0 2442.0 2445.0 1700.0 626.0 802.0
255 881.0 2011.0 632.0 3076.0 2272.0 541.0 3199.0 2234.0 910.0 2075.0 1926.0 1939.0 2946.0 1052.0 1474.0 1113.0 521.0 1680.0 1356.0 2012.0 3082.0 1428.0 2091.0 277.0 855.0 733.0 412.0 2260.0 1923.0 1102.0 210.0 340.0
258 230.0 1161.0 169.0 2645.0 1576.0 160.0 2905.0 1494.0 255.0 1403.0 1212.0 1299.0 2290.0 416.0 661.0 291.0 140.0 947.0 633.0 1169.0 2887.0 574.0 1530.0 91.0 245.0 226.0 132.0 1514.0 1143.0 471.0 72.0 79.0
261 107.0 529.0 58.0 2120.0 908.0 78.0 2420.0 779.0 107.0 807.0 619.0 666.0 1403.0 148.0 298.0 159.0 69.0 399.0 210.0 557.0 2646.0 213.0 860.0 51.0 119.0 116.0 71.0 936.0 498.0 168.0 59.0 83.0
264 92.0 184.0 66.0 1129.0 335.0 60.0 1534.0 286.0 67.0 286.0 215.0 225.0 645.0 89.0 106.0 145.0 68.0 128.0 94.0 201.0 1961.0 87.0 337.0 59.0 82.0 88.0 68.0 388.0 187.0 96.0 58.0 65.0
267 92.0 116.0 68.0 479.0 143.0 67.0 719.0 136.0 72.0 133.0 104.0 108.0 264.0 41.0 84.0 103.0 65.0 87.0 71.0 104.0 1138.0 83.0 135.0 58.0 70.0 87.0 64.0 167.0 117.0 67.0 47.0 86.0
270 78.0 94.0 45.0 188.0 95.0 68.0 295.0 135.0 67.0 95.0 87.0 80.0 136.0 55.0 69.0 105.0 53.0 79.0 66.0 90.0 504.0 74.0 93.0 53.0 58.0 72.0 59.0 84.0 85.0 68.0 64.0 44.0
273 85.0 77.0 47.0 143.0 83.0 47.0 149.0 91.0 51.0 84.0 74.0 56.0 112.0 45.0 67.0 93.0 68.0 69.0 76.0 71.0 242.0 62.0 85.0 41.0 58.0 74.0 55.0 87.0 90.0 70.0 43.0 57.0
276 93.0 81.0 35.0 132.0 70.0 45.0 114.0 91.0 54.0 67.0 72.0 74.0 99.0 55.0 62.0 92.0 43.0 60.0 61.0 75.0 106.0 54.0 66.0 47.0 57.0 77.0 53.0 76.0 74.0 45.0 36.0 46.0
279 93.0 91.0 35.0 104.0 72.0 48.0 111.0 79.0 47.0 83.0 60.0 71.0 115.0 58.0 49.0 74.0 38.0 63.0 50.0 59.0 116.0 67.0 70.0 31.0 54.0 72.0 45.0 65.0 81.0 43.0 47.0 42.0
282 70.0 68.0 36.0 91.0 75.0 30.0 79.0 71.0 51.0 80.0 69.0 62.0 93.0 45.0 49.0 64.0 60.0 62.0 48.0 63.0 103.0 65.0 53.0 34.0 44.0 59.0 44.0 78.0 66.0 46.0 40.0 47.0
285 69.0 66.0 52.0 88.0 63.0 46.0 85.0 63.0 42.0 59.0 66.0 63.0 108.0 53.0 55.0 76.0 44.0 68.0 53.0 53.0 96.0 59.0 77.0 21.0 45.0 52.0 44.0 45.0 76.0 51.0 41.0 52.0
288 55.0 67.0 36.0 102.0 68.0 40.0 89.0 60.0 47.0 59.0 65.0 54.0 93.0 41.0 47.0 60.0 37.0 50.0 46.0 66.0 105.0 57.0 63.0 32.0 53.0 57.0 32.0 76.0 71.0 46.0 42.0 31.0
291 43.0 55.0 27.0 80.0 60.0 25.0 99.0 65.0 40.0 57.0 56.0 59.0 87.0 44.0 39.0 58.0 25.0 38.0 54.0 47.0 98.0 46.0 55.0 8.0 39.0 30.0 30.0 59.0 55.0 36.0 21.0 21.0
294 46.0 57.0 19.0 76.0 61.0 12.0 94.0 70.0 19.0 58.0 59.0 55.0 84.0 40.0 39.0 27.0 23.0 45.0 30.0 45.0 95.0 42.0 57.0 4.0 30.0 30.0 13.0 65.0 63.0 43.0 8.0 15.0
297 17.0 45.0 6.0 93.0 48.0 8.0 72.0 42.0 10.0 48.0 52.0 36.0 65.0 19.0 28.0 18.0 11.0 38.0 25.0 52.0 106.0 35.0 44.0 4.0 19.0 14.0 10.0 51.0 44.0 13.0 5.0 4.0
300 10.0 43.0 5.0 75.0 45.0 8.0 83.0 40.0 6.0 48.0 51.0 33.0 58.0 12.0 18.0 11.0 2.0 23.0 21.0 47.0 88.0 23.0 41.0 2.0 9.0 5.0 3.0 63.0 31.0 14.0 3.0 2.0
303 5.0 26.0 2.0 66.0 33.0 5.0 78.0 28.0 1.0 45.0 24.0 22.0 68.0 3.0 10.0 6.0 4.0 9.0 12.0 15.0 70.0 14.0 37.0 2.0 4.0 3.0 1.0 44.0 30.0 10.0 1.0 4.0
306 2.0 12.0 0.0 65.0 21.0 1.0 49.0 25.0 1.0 23.0 17.0 13.0 41.0 2.0 6.0 3.0 2.0 9.0 5.0 16.0 79.0 5.0 23.0 3.0 2.0 2.0 1.0 25.0 12.0 1.0 2.0 2.0
309 6.0 9.0 2.0 46.0 14.0 6.0 44.0 9.0 3.0 12.0 9.0 6.0 26.0 2.0 5.0 3.0 4.0 0.0 8.0 9.0 65.0 6.0 7.0 2.0 0.0 2.0 3.0 14.0 3.0 5.0 2.0 5.0
312 1.0 2.0 2.0 21.0 4.0 0.0 25.0 5.0 4.0 3.0 1.0 2.0 8.0 2.0 2.0 2.0 2.0 4.0 4.0 4.0 53.0 1.0 4.0 3.0 1.0 2.0 1.0 5.0 5.0 3.0 1.0 1.0
315 4.0 5.0 3.0 12.0 4.0 4.0 14.0 4.0 3.0 8.0 3.0 5.0 6.0 3.0 4.0 3.0 2.0 5.0 3.0 4.0 37.0 4.0 5.0 1.0 1.0 3.0 4.0 6.0 5.0 3.0 3.0 3.0
318 2.0 0.0 2.0 8.0 6.0 4.0 4.0 2.0 1.0 3.0 2.0 5.0 7.0 1.0 2.0 8.0 3.0 2.0 3.0 2.0 18.0 3.0 0.0 3.0 0.0 2.0 1.0 1.0 6.0 2.0 0.0 2.0
321 4.0 2.0 1.0 3.0 1.0 4.0 7.0 4.0 3.0 1.0 5.0 4.0 5.0 3.0 5.0 3.0 0.0 3.0 2.0 4.0 10.0 3.0 3.0 1.0 1.0 4.0 0.0 2.0 6.0 2.0 2.0 4.0
324 6.0 0.0 2.0 2.0 2.0 1.0 7.0 0.0 1.0 0.0 5.0 4.0 7.0 4.0 4.0 1.0 5.0 0.0 2.0 3.0 5.0 4.0 4.0 0.0 0.0 2.0 4.0 2.0 2.0 2.0 2.0 1.0
327 2.0 4.0 0.0 5.0 1.0 0.0 4.0 2.0 1.0 1.0 2.0 1.0 3.0 1.0 2.0 5.0 1.0 2.0 1.0 1.0 4.0 1.0 1.0 0.0 3.0 0.0 0.0 4.0 2.0 3.0 0.0 4.0
330 4.0 6.0 4.0 3.0 0.0 4.0 4.0 2.0 0.0 4.0 4.0 2.0 4.0 1.0 3.0 6.0 1.0 4.0 4.0 6.0 8.0 4.0 3.0 1.0 3.0 1.0 3.0 4.0 2.0 1.0 1.0 2.0
333 1.0 0.0 2.0 0.0 1.0 1.0 5.0 2.0 0.0 2.0 2.0 1.0 1.0 1.0 0.0 1.0 0.0 0.0 2.0 1.0 3.0 2.0 2.0 0.0 1.0 1.0 2.0 2.0 3.0 2.0 0.0 1.0
336 1.0 1.0 1.0 4.0 5.0 3.0 5.0 2.0 1.0 1.0 0.0 2.0 2.0 6.0 2.0 1.0 2.0 2.0 1.0 2.0 5.0 2.0 3.0 5.0 2.0 1.0 1.0 2.0 3.0 4.0 0.0 1.0
339 1.0 1.0 0.0 3.0 1.0 0.0 2.0 4.0 0.0 2.0 4.0 1.0 0.0 1.0 2.0 0.0 0.0 2.0 2.0 3.0 3.0 2.0 3.0 1.0 2.0 0.0 1.0 1.0 4.0 0.0 0.0 0.0
342 1.0 1.0 2.0 3.0 1.0 0.0 3.0 1.0 3.0 4.0 1.0 0.0 5.0 1.0 0.0 1.0 0.0 1.0 1.0 4.0 2.0 2.0 2.0 1.0 2.0 1.0 0.0 4.0 4.0 2.0 2.0 0.0
345 2.0 2.0 3.0 2.0 2.0 0.0 5.0 1.0 1.0 2.0 1.0 2.0 3.0 0.0 1.0 1.0 0.0 2.0 1.0 4.0 4.0 2.0 0.0 0.0 0.0 1.0 0.0 2.0 2.0 2.0 1.0 1.0
348 0.0 1.0 0.0 2.0 0.0 0.0 3.0 0.0 0.0 4.0 0.0 2.0 0.0 0.0 0.0 0.0 0.0 0.0 0.0 0.0 4.0 0.0 2.0 0.0 0.0 0.0 0.0 1.0 1.0 0.0 0.0 1.0
351 0.0 1.0 1.0 3.0 3.0 1.0 4.0 2.0 5.0 0.0 2.0 1.0 4.0 1.0 1.0 0.0 1.0 1.0 2.0 2.0 4.0 1.0 1.0 5.0 2.0 1.0 2.0 5.0 4.0 2.0 3.0 2.0
354 0.0 2.0 0.0 0.0 1.0 0.0 4.0 0.0 0.0 1.0 0.0 1.0 0.0 0.0 0.0 1.0 0.0 0.0 0.0 0.0 2.0 0.0 0.0 0.0 1.0 1.0 0.0 1.0 1.0 0.0 1.0 0.0
357 2.0 2.0 3.0 3.0 3.0 0.0 5.0 3.0 1.0 0.0 2.0 0.0 2.0 1.0 0.0 1.0 0.0 1.0 0.0 2.0 3.0 1.0 1.0 2.0 1.0 3.0 0.0 4.0 0.0 1.0 1.0 1.0
