150 135382.0 115916.0 150876.0 112440.0 117292.0 140715.0 96607.0 127169.0 133628.0 110616.0 123777.0 132801.0 134034.0 123852.0 141525.0 115850.0 224387.0 108641.0 151348.0 104984.0 134563.0 107551.0 98836.0 128759.0 97823.0 133321.0 99967.0 114393.0 128062.0 152713.0 170395.0 123605.0
153 18175458.0 18158344.0 18142779.0 18120849.0 18146414.0 18117730.0 18138220.0 18113879.0 18129495.0 18119850.0 18140140.0 18123706.0 18137287.0 18129471.0 18137703.0 18112997.0 18127906.0 18134329.0 18139082.0 18133529.0 18115541.0 18142779.0 18112780.0 18124434.0 18110573.0 18145140.0 18117408.0 18130509.0 18106613.0 18120411.0 18138803.0 18136807.0
156 18553907.0 18542606.0 18534405.0 18517590.0 18534344.0 18514248.0 18531659.0 18512430.0 18525120.0 18516727.0 18530754.0 18518554.0 18528945.0 18525939.0 18529457.0 18510569.0 18524156.0 18527821.0 18529595.0 18527606.0 18513258.0 18531887.0 18511150.0 18521522.0 18509295.0 18532711.0 18514710.0 18525587.0 18503940.0 18520980.0 18531487.0 18529766.0
159 18884443.0 18875684.0 18866643.0 18850566.0 18870653.0 18848419.0 18866501.0 18844478.0 18857961.0 18849509.0 18866798.0 18852466.0 18863742.0 18858260.0 18863264.0 18842984.0 18855752.0 18862843.0 18863885.0 18861834.0 18846137.0 18869670.0 18845756.0 18855007.0 18844417.0 18871168.0 18849538.0 18860896.0 18837894.0 18853434.0 18867794.0 18864590.0
162 19239319.0 19231012.0 19220160.0 19212966.0 19228178.0 19207786.0 19225210.0 19203604.0 19216102.0 19207833.0 19225523.0 19213564.0 19223016.0 19220515.0 19226511.0 19199498.0 19209851.0 19226396.0 19224094.0 19224536.0 19201255.0 19234197.0 19201452.0 19217215.0 19200521.0 19233367.0 19206344.0 19222048.0 19195160.0 19212611.0 19222925.0 19220979.0
165 19685586.0 19682015.0 19679890.0 19672444.0 19680044.0 19670260.0 19678753.0 19668073.0 19676285.0 19671566.0 19679536.0 19675707.0 19678053.0 19675641.0 19678598.0 19661382.0 19679162.0 19678477.0 19678540.0 19677728.0 19665815.0 19680577.0 19661885.0 19674875.0 19661919.0 19680774.0 19667509.0 19677805.0 19655867.0 19675106.0 19680984.0 19678298.0
168 19913993.0 19912734.0 19912592.0 19909838.0 19911850.0 19908856.0 19911551.0 19909348.0 19911036.0 19911058.0 19912097.0 19911753.0 19911725.0 19912209.0 19912566.0 19907346.0 19913874.0 19911715.0 19911682.0 19911735.0 19908167.0 19911675.0 19904914.0 19911115.0 19904804.0 19911814.0 19906547.0 19911194.0 19902588.0 19912543.0 19913191.0 19911696.0
171 19942800.0 19941186.0 19940647.0 19933113.0 19940607.0 19930822.0 19939775.0 19929255.0 19938340.0 19932213.0 19940107.0 19934082.0 19939505.0 19938050.0 19939591.0 19928756.0 19940008.0 19938410.0 19939394.0 19938626.0 19929876.0 19939507.0 19928822.0 19936954.0 19929719.0 19939851.0 19931725.0 19938100.0 19923372.0 19936953.0 19939911.0 19938505.0
174 20031186.0 20021764.0 20015837.0 19968873.0 20004414.0 19948158.0 20007928.0 19954801.0 19994598.0 19961532.0 19997576.0 19958384.0 19996473.0 19999816.0 20002779.0 19976629.0 19993888.0 19991370.0 19995580.0 19992404.0 19958896.0 19988436.0 19964749.0 19982918.0 19972241.0 19982658.0 19960713.0 19981040.0 19954895.0 19981613.0 19983419.0 19985338.0
177 18184718.0 18169505.0 18138648.0 17059021.0 17819884.0 16595392.0 18166927.0 16687804.0 17840517.0 16782017.0 17772600.0 16637272.0 17776988.0 18050105.0 17814691.0 17164229.0 17799147.0 17967785.0 17873001.0 17977507.0 16819587.0 17831538.0 17057293.0 17693478.0 17233994.0 17610262.0 16888546.0 17786384.0 16847181.0 17845690.0 17896156.0 18178811.0
180 8276987.0 8285852.0 8302067.0 7925527.0 7964361.0 7656912.0 8348525.0 7764779.0 8098755.0 7888426.0 7997674.0 7693951.0 8024398.0 8328220.0 8087666.0 8177780.0 8160205.0 8252783.0 8112085.0 8238204.0 7842664.0 8061945.0 8087093.0 7954989.0 8213755.0 7802635.0 7909496.0 8005393.0 7807053.0 8057079.0 8079276.0 8363727.0
183 4866603.0 4939114.0 5069277.0 5038496.0 4788277.0 4759329.0 5193755.0 4874705.0 5003632.0 5046766.0 4856028.0 4792825.0 4903092.0 5250649.0 4955559.0 5347221.0 5079090.0 5179073.0 4983590.0 5128352.0 5011222.0 4916248.0 5329235.0 4819977.0 5441613.0 4626988.0 5141402.0 4870741.0 4980343.0 4909162.0 4876365.0 5120520.0
186 255662.0 275404.0 308081.0 244198.0 235560.0 243010.0 312775.0 253314.0 297750.0 250193.0 276498.0 238395.0 273590.0 360530.0 281323.0 304784.0 478571.0 329444.0 284666.0 320659.0 274230.0 269881.0 280921.0 268078.0 317319.0 245643.0 276940.0 297268.0 265619.0 352571.0 341490.0 338701.0
189 208685.0 216308.0 224403.0 198334.0 193049.0 213299.0 203580.0 217191.0 232474.0 194259.0 220132.0 198930.0 206582.0 230389.0 204823.0 210510.0 404834.0 216550.0 194244.0 216425.0 223088.0 194835.0 194451.0 204459.0 209015.0 200768.0 204014.0 214640.0 209474.0 269375.0 256780.0 216398.0
192 210031.0 215304.0 222718.0 198025.0 194600.0 213018.0 200794.0 217279.0 234990.0 194763.0 219621.0 197376.0 205472.0 230201.0 204227.0 209622.0 408789.0 213513.0 193243.0 214645.0 221221.0 194614.0 192542.0 204433.0 206772.0 199865.0 203098.0 213306.0 208176.0 267080.0 257023.0 212610.0
195 208830.0 216347.0 223556.0 197550.0 193052.0 213573.0 201223.0 215498.0 235091.0 194487.0 219608.0 198669.0 204942.0 228751.0 204822.0 209080.0 404021.0 213793.0 192189.0 213704.0 221166.0 194454.0 192722.0 203736.0 204946.0 200519.0 202158.0 212139.0 208632.0 268380.0 255932.0 212912.0
198 209102.0 215875.0 222707.0 197987.0 193495.0 213810.0 202125.0 216464.0 233519.0 194685.0 219814.0 197492.0 205894.0 230337.0 204625.0 209629.0 404012.0 213487.0 192969.0 213714.0 222230.0 194554.0 192155.0 204020.0 206480.0 199070.0 202211.0 211848.0 207560.0 268199.0 256502.0 211910.0
201 212689.0 214836.0 222215.0 197105.0 192896.0 213122.0 199706.0 216105.0 235058.0 193483.0 218953.0 197709.0 205368.0 229704.0 204322.0 211641.0 402124.0 214172.0 192547.0 214008.0 221628.0 193508.0 193155.0 204430.0 206812.0 198590.0 200924.0 212638.0 208250.0 267787.0 256973.0 212318.0
204 207071.0 213109.0 222197.0 195797.0 190869.0 210605.0 199914.0 214798.0 233622.0 192578.0 218147.0 196580.0 205065.0 226672.0 203225.0 210890.0 402228.0 211866.0 190920.0 213095.0 219829.0 191705.0 190907.0 202683.0 205025.0 194640.0 199253.0 210508.0 208254.0 266466.0 255714.0 211019.0
207 201848.0 210958.0 220968.0 193994.0 186887.0 203409.0 197363.0 212617.0 231558.0 189676.0 214256.0 190769.0 202428.0 226858.0 201957.0 208814.0 392206.0 210096.0 189608.0 210575.0 217693.0 184435.0 189252.0 201772.0 202410.0 180209.0 192673.0 207327.0 206153.0 267983.0 251731.0 209777.0
210 176373.0 191866.0 217709.0 179292.0 158572.0 169631.0 188801.0 199716.0 220781.0 173532.0 197801.0 162377.0 195774.0 225184.0 196045.0 202742.0 385039.0 197959.0 184666.0 199460.0 205430.0 147900.0 177705.0 197116.0 192471.0 123525.0 158764.0 188818.0 201593.0 262479.0 242324.0 207207.0
213 106487.0 126661.0 197767.0 123851.0 87121.0 96425.0 147326.0 150411.0 199310.0 119019.0 139018.0 92957.0 161393.0 212287.0 169643.0 176246.0 316195.0 151280.0 159941.0 159004.0 154329.0 73676.0 132924.0 173600.0 148896.0 46761.0 86157.0 131591.0 180867.0 242286.0 200482.0 188737.0
216 33466.0 47316.0 137993.0 48950.0 25641.0 30423.0 69875.0 72798.0 132841.0 46746.0 59487.0 29078.0 89521.0 167286.0 100473.0 106259.0 174843.0 71778.0 96603.0 84919.0 70620.0 20015.0 60220.0 109645.0 69907.0 11913.0 26601.0 54891.0 120402.0 181399.0 112950.0 136231.0
219 9448.0 12570.0 56502.0 12699.0 8104.0 9364.0 18753.0 21263.0 51797.0 12232.0 16687.0 8777.0 27570.0 85974.0 33870.0 36718.0 57199.0 19802.0 32582.0 26144.0 18972.0 7063.0 15925.0 38014.0 18497.0 6461.0 8309.0 14831.0 45340.0 88806.0 35955.0 58975.0
222 6376.0 6839.0 15300.0 6576.0 5817.0 6382.0 7081.0 8011.0 13419.0 6121.0 7973.0 6098.0 8597.0 24704.0 9684.0 10574.0 19205.0 7764.0 9009.0 8629.0 8055.0 5778.0 6757.0 10794.0 7492.0 5432.0 6069.0 7013.0 12160.0 25119.0 11173.0 15630.0
225 5527.0 6222.0 7804.0 5592.0 5243.0 5707.0 5966.0 6640.0 8039.0 5368.0 6678.0 5363.0 6322.0 9654.0 6898.0 7305.0 13842.0 6584.0 6293.0 6799.0 6852.0 5063.0 5493.0 7007.0 6134.0 4820.0 5491.0 6102.0 7281.0 10798.0 8350.0 7970.0
228 4815.0 5288.0 6851.0 4965.0 4543.0 5002.0 5178.0 5977.0 7151.0 4792.0 5868.0 4693.0 5623.0 7715.0 6081.0 6416.0 12076.0 5710.0 5262.0 6112.0 5986.0 4441.0 4985.0 6250.0 5490.0 4298.0 4732.0 5360.0 6552.0 8860.0 7177.0 6615.0
231 4472.0 4788.0 5907.0 4487.0 4139.0 4513.0 4568.0 5134.0 6217.0 4224.0 5458.0 4270.0 5031.0 6849.0 5304.0 5737.0 10682.0 5091.0 4615.0 5204.0 5298.0 3894.0 4307.0 5460.0 4918.0 3945.0 4207.0 4818.0 5682.0 7883.0 6376.0 5978.0
234 4316.0 4284.0 5236.0 4083.0 3838.0 4223.0 4288.0 4682.0 5480.0 4047.0 4941.0 3942.0 4556.0 6043.0 4724.0 5018.0 9770.0 4574.0 4175.0 4832.0 4966.0 3676.0 3980.0 4984.0 4402.0 3753.0 4069.0 4551.0 5147.0 7203.0 5798.0 5370.0
237 4191.0 4347.0 4812.0 4044.0 3673.0 4011.0 4114.0 4613.0 5209.0 3731.0 4787.0 3837.0 4316.0 5385.0 4342.0 4712.0 9251.0 4596.0 3934.0 4501.0 4679.0 3642.0 3905.0 4702.0 4177.0 3726.0 3977.0 4244.0 4843.0 6690.0 5593.0 5007.0
240 4020.0 4144.0 4765.0 3994.0 3763.0 3956.0 3998.0 4488.0 4954.0 3707.0 4784.0 3786.0 4183.0 5151.0 4278.0 4751.0 8743.0 4231.0 3943.0 4479.0 4770.0 3459.0 3788.0 4637.0 4111.0 3582.0 3726.0 4186.0 4794.0 6264.0 5317.0 4791.0
243 3857.0 4062.0 4616.0 3870.0 3577.0 3911.0 3904.0 4403.0 4901.0 3547.0 4575.0 3704.0 4032.0 5069.0 4409.0 4533.0 8248.0 4285.0 3887.0 4375.0 4589.0 3366.0 3674.0 4540.0 3957.0 3550.0 3701.0 4099.0 4627.0 6447.0 5078.0 4721.0
246 3712.0 3918.0 4488.0 3793.0 3637.0 3638.0 3789.0 4250.0 4736.0 3422.0 4397.0 3480.0 4006.0 4912.0 4200.0 4465.0 8298.0 4111.0 3745.0 4194.0 4317.0 3298.0 3526.0 4450.0 3889.0 3390.0 3612.0 3851.0 4502.0 6171.0 5087.0 4686.0
249 3643.0 3838.0 4384.0 3554.0 3378.0 3459.0 3640.0 4120.0 4610.0 3333.0 4170.0 3404.0 3880.0 4886.0 4038.0 4427.0 7947.0 3843.0 3769.0 4082.0 4257.0 3173.0 3420.0 4313.0 3756.0 3060.0 3245.0 3741.0 4390.0 5954.0 4913.0 4631.0
252 3412.0 3544.0 4233.0 3352.0 2978.0 3253.0 3610.0 3969.0 4514.0 3140.0 4123.0 3012.0 3744.0 4733.0 3895.0 4311.0 7718.0 3713.0 3433.0 3856.0 4056.0 2770.0 3277.0 4079.0 3595.0 2434.0 2839.0 3619.0 4203.0 5722.0 4744.0 4353.0
255 2870.0 3132.0 4063.0 3110.0 2380.0 2685.0 3184.0 3639.0 4254.0 2840.0 3716.0 2612.0 3648.0 4595.0 3804.0 4033.0 7222.0 3420.0 3496.0 3673.0 3814.0 2022.0 2859.0 4144.0 3347.0 1539.0 2153.0 3225.0 4100.0 5512.0 4616.0 4108.0
258 2510.0 2767.0 4087.0 2799.0 2091.0 2377.0 2920.0 3402.0 4273.0 2523.0 3353.0 2255.0 3562.0 4579.0 3499.0 3806.0 7337.0 3203.0 3353.0 3438.0 3590.0 1701.0 2774.0 3832.0 3094.0 1117.0 1852.0 2928.0 4009.0 5465.0 4338.0 4076.0
261 1414.0 1774.0 3600.0 1856.0 1164.0 1425.0 2128.0 2624.0 3732.0 1736.0 2310.0 1271.0 2813.0 4141.0 3214.0 3363.0 5903.0 2359.0 3001.0 2694.0 2768.0 773.0 1958.0 3501.0 2287.0 404.0 861.0 2021.0 3700.0 4986.0 3745.0 3801.0
264 637.0 807.0 2958.0 920.0 384.0 573.0 1221.0 1652.0 3117.0 873.0 1316.0 611.0 2121.0 3688.0 2362.0 2320.0 4241.0 1352.0 2197.0 1640.0 1621.0 277.0 1029.0 2782.0 1246.0 168.0 283.0 1035.0 2917.0 4290.0 2706.0 3172.0
267 222.0 364.0 1987.0 356.0 200.0 271.0 463.0 787.0 1969.0 342.0 554.0 227.0 1142.0 2930.0 1451.0 1340.0 2625.0 584.0 1275.0 837.0 694.0 148.0 393.0 1663.0 480.0 120.0 176.0 425.0 1929.0 3149.0 1505.0 2169.0
270 166.0 174.0 968.0 201.0 137.0 171.0 199.0 359.0 884.0 155.0 246.0 150.0 461.0 1764.0 573.0 527.0 1176.0 222.0 554.0 343.0 291.0 113.0 194.0 722.0 207.0 119.0 139.0 201.0 877.0 1943.0 646.0 1109.0
273 135.0 132.0 345.0 147.0 122.0 129.0 124.0 164.0 327.0 124.0 177.0 115.0 201.0 728.0 222.0 252.0 436.0 141.0 202.0 153.0 185.0 101.0 136.0 256.0 121.0 110.0 130.0 150.0 332.0 713.0 243.0 408.0
276 130.0 152.0 199.0 118.0 112.0 125.0 121.0 165.0 210.0 109.0 141.0 100.0 144.0 307.0 186.0 187.0 335.0 155.0 173.0 161.0 178.0 100.0 113.0 183.0 143.0 106.0 124.0 125.0 184.0 377.0 206.0 239.0
279 109.0 108.0 151.0 131.0 105.0 102.0 142.0 137.0 168.0 110.0 171.0 116.0 131.0 214.0 129.0 167.0 327.0 151.0 120.0 155.0 160.0 96.0 104.0 158.0 117.0 93.0 103.0 119.0 187.0 236.0 170.0 169.0
282 100.0 105.0 143.0 97.0 108.0 95.0 138.0 131.0 171.0 102.0 155.0 97.0 117.0 187.0 114.0 128.0 274.0 125.0 128.0 128.0 119.0 83.0 114.0 155.0 122.0 84.0 100.0 127.0 157.0 213.0 156.0 167.0
285 103.0 88.0 140.0 85.0 86.0 99.0 131.0 103.0 164.0 98.0 130.0 106.0 114.0 184.0 102.0 165.0 228.0 112.0 111.0 136.0 152.0 110.0 114.0 180.0 130.0 102.0 109.0 107.0 182.0 224.0 157.0 145.0
288 92.0 112.0 114.0 94.0 100.0 107.0 109.0 123.0 162.0 88.0 144.0 83.0 121.0 175.0 130.0 143.0 249.0 106.0 102.0 111.0 144.0 91.0 119.0 130.0 100.0 78.0 84.0 94.0 135.0 200.0 129.0 162.0
291 108.0 108.0 131.0 88.0 86.0 112.0 90.0 131.0 158.0 90.0 139.0 94.0 113.0 173.0 131.0 126.0 236.0 96.0 110.0 131.0 118.0 68.0 76.0 145.0 118.0 84.0 83.0 102.0 143.0 180.0 148.0 127.0
294 98.0 93.0 143.0 100.0 85.0 89.0 85.0 121.0 141.0 75.0 128.0 85.0 104.0 133.0 116.0 122.0 210.0 102.0 99.0 129.0 126.0 61.0 84.0 128.0 109.0 63.0 77.0 97.0 130.0 187.0 133.0 140.0
297 90.0 92.0 107.0 75.0 79.0 94.0 92.0 108.0 138.0 74.0 110.0 90.0 120.0 154.0 98.0 101.0 223.0 89.0 97.0 125.0 102.0 65.0 86.0 131.0 92.0 47.0 77.0 88.0 110.0 184.0 145.0 140.0
300 68.0 69.0 99.0 68.0 76.0 75.0 94.0 96.0 102.0 72.0 96.0 51.0 90.0 122.0 127.0 140.0 200.0 89.0 90.0 86.0 114.0 48.0 63.0 128.0 91.0 41.0 48.0 74.0 112.0 172.0 134.0 145.0
303 48.0 62.0 114.0 62.0 34.0 56.0 77.0 95.0 112.0 61.0 85.0 54.0 90.0 140.0 93.0 105.0 164.0 69.0 86.0 81.0 95.0 32.0 68.0 127.0 75.0 26.0 32.0 64.0 116.0 166.0 104.0 110.0
306 39.0 40.0 92.0 49.0 19.0 32.0 59.0 68.0 113.0 38.0 57.0 26.0 83.0 111.0 98.0 99.0 146.0 37.0 92.0 73.0 76.0 12.0 40.0 105.0 64.0 13.0 22.0 46.0 120.0 166.0 106.0 97.0
309 20.0 22.0 86.0 18.0 12.0 20.0 30.0 42.0 73.0 15.0 35.0 18.0 62.0 129.0 64.0 66.0 124.0 37.0 62.0 58.0 53.0 6.0 30.0 100.0 47.0 6.0 5.0 32.0 95.0 114.0 80.0 98.0
312 7.0 8.0 58.0 11.0 4.0 11.0 15.0 30.0 69.0 16.0 10.0 4.0 40.0 98.0 57.0 52.0 74.0 23.0 49.0 36.0 27.0 3.0 13.0 70.0 19.0 6.0 10.0 5.0 80.0 104.0 57.0 63.0
315 4.0 6.0 51.0 7.0 4.0 5.0 4.0 16.0 49.0 6.0 18.0 1.0 25.0 66.0 29.0 34.0 68.0 7.0 32.0 7.0 16.0 4.0 5.0 43.0 9.0 5.0 6.0 12.0 42.0 66.0 37.0 39.0
318 4.0 4.0 23.0 7.0 5.0 9.0 6.0 12.0 39.0 1.0 10.0 7.0 14.0 46.0 14.0 17.0 34.0 4.0 16.0 11.0 8.0 3.0 7.0 14.0 8.0 4.0 4.0 5.0 23.0 58.0 12.0 28.0
321 4.0 7.0 13.0 1.0 7.0 1.0 7.0 4.0 8.0 5.0 5.0 4.0 7.0 35.0 4.0 9.0 10.0 1.0 5.0 1.0 2.0 6.0 2.0 12.0 3.0 1.0 6.0 4.0 12.0 27.0 9.0 18.0
324 3.0 4.0 9.0 7.0 1.0 3.0 7.0 6.0 9.0 5.0 5.0 3.0 8.0 10.0 6.0 7.0 10.0 1.0 9.0 10.0 7.0 3.0 4.0 6.0 7.0 3.0 6.0 4.0 7.0 15.0 5.0 7.0
327 4.0 4.0 7.0 8.0 5.0 3.0 7.0 5.0 6.0 3.0 6.0 0.0 6.0 8.0 3.0 8.0 5.0 3.0 4.0 3.0 7.0 4.0 2.0 3.0 4.0 1.0 3.0 6.0 9.0 9.0 12.0 6.0
330 3.0 5.0 2.0 5.0 1.0 5.0 3.0 1.0 0.0 1.0 9.0 2.0 1.0 6.0 7.0 4.0 6.0 2.0 4.0 8.0 3.0 3.0 3.0 7.0 1.0 2.0 3.0 5.0 5.0 7.0 7.0 6.0
333 4.0 3.0 6.0 1.0 7.0 0.0 4.0 5.0 2.0 4.0 2.0 2.0 2.0 4.0 7.0 9.0 11.0 6.0 6.0 9.0 9.0 4.0 6.0 1.0 4.0 3.0 1.0 6.0 7.0 3.0 2.0 4.0
336 0.0 1.0 6.0 2.0 2.0 1.0 1.0 5.0 12.0 5.0 1.0 2.0 3.0 4.0 3.0 5.0 13.0 2.0 1.0 5.0 5.0 3.0 2.0 7.0 2.0 3.0 4.0 1.0 5.0 3.0 5.0 7.0
339 2.0 2.0 5.0 1.0 5.0 4.0 5.0 4.0 4.0 4.0 4.0 2.0 3.0 13.0 2.0 8.0 10.0 2.0 2.0 3.0 2.0 2.0 4.0 6.0 2.0 2.0 1.0 2.0 8.0 4.0 6.0 10.0
342 5.0 2.0 3.0 3.0 0.0 3.0 4.0 3.0 3.0 1.0 3.0 4.0 3.0 3.0 3.0 5.0 6.0 3.0 5.0 5.0 5.0 2.0 2.0 4.0 2.0 0.0 0.0 4.0 2.0 6.0 5.0 3.0
345 0.0 3.0 3.0 2.0 0.0 3.0 4.0 2.0 9.0 1.0 2.0 2.0 2.0 6.0 3.0 3.0 6.0 1.0 3.0 2.0 3.0 1.0 8.0 4.0 0.0 1.0 0.0 8.0 9.0 11.0 3.0 8.0
348 1.0 1.0 7.0 1.0 1.0 2.0 2.0 4.0 4.0 1.0 3.0 3.0 3.0 4.0 5.0 2.0 11.0 2.0 5.0 0.0 0.0 1.0 4.0 3.0 1.0 0.0 2.0 1.0 7.0 8.0 1.0 5.0
351 2.0 1.0 0.0 2.0 1.0 1.0 1.0 1.0 2.0 1.0 0.0 0.0 3.0 5.0 1.0 6.0 7.0 4.0 5.0 2.0 0.0 1.0 1.0 1.0 1.0 0.0 0.0 0.0 3.0 4.0 1.0 2.0
354 3.0 2.0 2.0 1.0 0.0 1.0 2.0 3.0 6.0 1.0 3.0 1.0 6.0 6.0 1.0 3.0 6.0 1.0 3.0 1.0 4.0 1.0 3.0 3.0 0.0 2.0 3.0 1.0 4.0 7.0 3.0 2.0
357 0.0 1.0 0.0 0.0 0.0 0.0 0.0 2.0 1.0 1.0 2.0 1.0 2.0 7.0 1.0 2.0 8.0 1.0 0.0 1.0 0.0 1.0 0.0 2.0 0.0 0.0 0.0 0.0 4.0 5.0 2.0 3.0
