150 258748.0 231443.0 239579.0 254019.0 253645.0 238745.0 242084.0 257073.0 294363.0 278544.0 281963.0 294459.0 0.0 267169.0 241248.0 235042.0 259685.0 230388.0 253447.0 257335.0 257349.0 256468.0 296359.0 241423.0 248237.0 244166.0 271953.0 254416.0 297876.0 274738.0 276971.0 237048.0
153 13412555.0 13367011.0 13347889.0 13291140.0 13332885.0 13255540.0 13302653.0 13269441.0 13300654.0 13292725.0 13300077.0 13292896.0 0.0 13339755.0 13346108.0 13277462.0 13334384.0 13295159.0 13333323.0 13280041.0 13285123.0 13300029.0 13254487.0 13279932.0 13255567.0 13306379.0 13233034.0 13282080.0 13262886.0 13311702.0 13301882.0 13305140.0
156 18191437.0 18169201.0 18154949.0 18070106.0 18161010.0 18051590.0 18136071.0 18057932.0 18116895.0 18058849.0 18098505.0 18060324.0 0.0 18148140.0 18143193.0 18077257.0 18136446.0 18112806.0 18158599.0 18098427.0 18054960.0 18102983.0 18028189.0 18086956.0 18044312.0 18099804.0 18022722.0 18078677.0 18018950.0 18090079.0 18084777.0 18114855.0
159 19377320.0 19375462.0 19364029.0 19321077.0 19364776.0 19311852.0 19354430.0 19311825.0 19337637.0 19306149.0 19336254.0 19298872.0 0.0 19353539.0 19360490.0 19319157.0 19357218.0 19353440.0 19365416.0 19341169.0 19310324.0 19345288.0 19295640.0 19345521.0 19313293.0 19354773.0 19302766.0 19346006.0 19290539.0 19345173.0 19345784.0 19362985.0
162 19689549.0 19684921.0 19672683.0 19643772.0 19668648.0 19638310.0 19658971.0 19637077.0 19640891.0 19632895.0 19646278.0 19623974.0 0.0 19653795.0 19662185.0 19641420.0 19661518.0 19662447.0 19660997.0 19655038.0 19634674.0 19654254.0 19620790.0 19660464.0 19638094.0 19666220.0 19629415.0 19661262.0 19616481.0 19654889.0 19656646.0 19668171.0
165 19936456.0 19936524.0 19928060.0 19902678.0 19926150.0 19895202.0 19918443.0 19895884.0 19902926.0 19891518.0 19907570.0 19882240.0 0.0 19914736.0 19924505.0 19900570.0 19923332.0 19924959.0 19923388.0 19917567.0 19894575.0 19915985.0 19881222.0 19922840.0 19898820.0 19928192.0 19890375.0 19923901.0 19876412.0 19916714.0 19917912.0 19928785.0
168 20056600.0 20059037.0 20050047.0 20018115.0 20049959.0 20006488.0 20041710.0 20011465.0 20025053.0 20007157.0 20031282.0 19996912.0 0.0 20035844.0 20046248.0 20020642.0 20045621.0 20047932.0 20045081.0 20040841.0 20014892.0 20038101.0 20003716.0 20046704.0 20023007.0 20051284.0 20015041.0 20047501.0 19995976.0 20038383.0 20041236.0 20051051.0
171 19982681.0 19985004.0 19972853.0 19912131.0 19976409.0 19890530.0 19963503.0 19907197.0 19943229.0 19904195.0 19951879.0 19891113.0 0.0 19956488.0 19968537.0 19925130.0 19972454.0 19971629.0 19970452.0 19966119.0 19922731.0 19961259.0 19919188.0 19970625.0 19938397.0 19976268.0 19932559.0 19971738.0 19902718.0 19960082.0 19964362.0 19975087.0
174 19936800.0 19941128.0 19893558.0 19677183.0 19921844.0 19631875.0 19868723.0 19636611.0 19804963.0 19601957.0 19805961.0 19607529.0 0.0 19833501.0 19842066.0 19701969.0 19854704.0 19837697.0 19875346.0 19849083.0 19651725.0 19822643.0 19648447.0 19831150.0 19687017.0 19847090.0 19675220.0 19846283.0 19605250.0 19802156.0 19835919.0 19873123.0
177 18123970.0 18260213.0 17674235.0 15274112.0 17856683.0 14878868.0 17331465.0 14935581.0 16749550.0 14680362.0 16484255.0 14875030.0 0.0 16808814.0 16614150.0 15439649.0 16536589.0 16374483.0 16939064.0 16638616.0 14953951.0 16496500.0 15095267.0 16287003.0 15123048.0 16378728.0 15202781.0 16480447.0 14828763.0 16247243.0 16608964.0 17031026.0
180 9427289.0 9520698.0 9291709.0 8830051.0 9402859.0 8724163.0 9250354.0 8750462.0 9120822.0 8660732.0 9052806.0 8728002.0 0.0 9161192.0 9103501.0 8905399.0 9071950.0 9044456.0 9205776.0 9157207.0 8705005.0 9085603.0 8801493.0 9020732.0 8762442.0 9020596.0 8840752.0 9079358.0 8656383.0 8987791.0 9102609.0 9208878.0
183 6934830.0 6989943.0 6931083.0 6615960.0 7034113.0 6572745.0 6956804.0 6595056.0 6858178.0 6536256.0 6801027.0 6598234.0 0.0 6904066.0 6837748.0 6745181.0 6811209.0 6787811.0 6942234.0 6900743.0 6582420.0 6842670.0 6708411.0 6769799.0 6635153.0 6782717.0 6746572.0 6852108.0 6557800.0 6774887.0 6887616.0 6964217.0
186 285432.0 298130.0 298213.0 281828.0 341073.0 275716.0 341252.0 293540.0 367308.0 301412.0 334067.0 328420.0 0.0 363781.0 315201.0 320383.0 298937.0 293624.0 338198.0 340547.0 294708.0 333316.0 354181.0 286286.0 302444.0 283372.0 360248.0 326453.0 333262.0 326839.0 350015.0 321857.0
189 223835.0 202087.0 215731.0 228647.0 224949.0 216362.0 222730.0 235178.0 274691.0 251837.0 258620.0 269554.0 0.0 246463.0 217853.0 216351.0 233296.0 209114.0 230952.0 235243.0 232404.0 236375.0 272244.0 216167.0 223455.0 214646.0 246977.0 223979.0 269862.0 248043.0 247820.0 214830.0
192 222384.0 202076.0 214113.0 227094.0 223090.0 217513.0 221581.0 234228.0 272146.0 251582.0 257900.0 268878.0 0.0 244161.0 216684.0 213930.0 233051.0 209342.0 229376.0 233599.0 232234.0 234625.0 265404.0 214328.0 222307.0 213730.0 241494.0 222479.0 269231.0 247862.0 246561.0 212740.0
195 224242.0 201904.0 213844.0 227069.0 223093.0 216475.0 221204.0 234392.0 270984.0 251598.0 259290.0 269172.0 0.0 244281.0 218265.0 214188.0 232885.0 208518.0 228306.0 233254.0 232306.0 235081.0 269498.0 215496.0 223144.0 214245.0 241965.0 222932.0 270700.0 247144.0 244885.0 213014.0
198 224597.0 203004.0 215514.0 229344.0 222846.0 217700.0 221934.0 234889.0 273396.0 253687.0 259913.0 269602.0 0.0 245869.0 217453.0 215338.0 234328.0 209493.0 229507.0 234300.0 232498.0 236570.0 271543.0 215677.0 223547.0 214771.0 244365.0 224401.0 271441.0 247578.0 246372.0 213954.0
201 224941.0 203254.0 215880.0 229483.0 224209.0 217433.0 221810.0 234946.0 273210.0 253810.0 260352.0 270678.0 0.0 245484.0 218043.0 214641.0 233780.0 210929.0 229617.0 233719.0 232307.0 235345.0 272293.0 215799.0 223544.0 215903.0 245381.0 225513.0 271068.0 247755.0 246511.0 214175.0
204 226152.0 202692.0 216297.0 229737.0 224439.0 218578.0 222935.0 237098.0 273776.0 253660.0 260305.0 270530.0 0.0 245853.0 218815.0 216258.0 233749.0 211046.0 230834.0 235865.0 234728.0 236972.0 266178.0 216751.0 224258.0 215896.0 245621.0 225469.0 271894.0 250115.0 248837.0 214575.0
207 225366.0 202499.0 215942.0 228829.0 223797.0 218229.0 222866.0 235111.0 274410.0 254403.0 261285.0 271663.0 0.0 245877.0 218147.0 214522.0 233988.0 209251.0 231234.0 235409.0 234322.0 236472.0 265560.0 216284.0 224295.0 215567.0 245432.0 225100.0 271165.0 249039.0 247837.0 213892.0
210 224920.0 203589.0 216030.0 228904.0 223991.0 217896.0 222635.0 235639.0 272635.0 252927.0 261039.0 269834.0 0.0 245989.0 219214.0 215141.0 234017.0 209690.0 231283.0 235603.0 234271.0 235253.0 266929.0 216177.0 224100.0 215561.0 245175.0 225008.0 272485.0 249803.0 247662.0 214619.0
213 223937.0 203363.0 215275.0 228789.0 224197.0 217323.0 223363.0 235746.0 273886.0 252593.0 260714.0 269369.0 0.0 246091.0 219016.0 215505.0 233751.0 209336.0 230911.0 235127.0 233003.0 236129.0 265962.0 217003.0 223469.0 214917.0 245843.0 225492.0 270999.0 248287.0 248619.0 214344.0
216 223842.0 202275.0 215620.0 227412.0 222426.0 216795.0 221486.0 234170.0 272316.0 251251.0 260600.0 268262.0 0.0 245520.0 217525.0 214154.0 232817.0 209169.0 229168.0 233730.0 233009.0 234862.0 264496.0 215472.0 223168.0 214553.0 243686.0 224026.0 270757.0 248085.0 246827.0 214013.0
219 223318.0 201749.0 214760.0 228293.0 222142.0 216546.0 221426.0 233082.0 271850.0 251461.0 258246.0 267884.0 0.0 244123.0 217626.0 213968.0 232265.0 208541.0 229231.0 235517.0 231789.0 235316.0 263789.0 217100.0 222818.0 214094.0 241026.0 223442.0 270558.0 247575.0 246681.0 213726.0
222 222766.0 201808.0 213563.0 228184.0 222335.0 216869.0 221082.0 233389.0 271716.0 250665.0 258045.0 268673.0 0.0 244805.0 216719.0 213947.0 233228.0 208442.0 229450.0 234340.0 231909.0 233682.0 262843.0 214964.0 222177.0 213110.0 242709.0 224978.0 268741.0 248015.0 245968.0 213742.0
225 223576.0 200183.0 213760.0 227579.0 221464.0 215618.0 219895.0 232248.0 271622.0 250162.0 258235.0 266450.0 0.0 243519.0 216648.0 212900.0 231700.0 207749.0 227907.0 232879.0 230777.0 233363.0 262032.0 214347.0 221752.0 212437.0 242058.0 223478.0 268903.0 246972.0 245585.0 212137.0
228 222026.0 201689.0 212934.0 227002.0 221303.0 215748.0 219797.0 232300.0 271143.0 250807.0 256461.0 266571.0 0.0 243681.0 216741.0 213420.0 231346.0 207163.0 227501.0 231716.0 230826.0 232700.0 262209.0 214514.0 221984.0 212220.0 242185.0 221020.0 268187.0 246680.0 245338.0 211178.0
231 222841.0 200058.0 212768.0 227320.0 220682.0 216471.0 219805.0 231615.0 270334.0 250442.0 256325.0 266315.0 0.0 243599.0 215653.0 212270.0 231296.0 207351.0 227145.0 232706.0 230838.0 233401.0 261248.0 213730.0 221285.0 212215.0 241884.0 221095.0 267857.0 246464.0 245988.0 211762.0
234 220832.0 199989.0 211683.0 225323.0 219327.0 215575.0 218912.0 231614.0 270212.0 248875.0 255688.0 264483.0 0.0 242177.0 214650.0 212047.0 228996.0 205625.0 226748.0 230817.0 229767.0 231582.0 259911.0 212877.0 219807.0 211397.0 240456.0 220949.0 266445.0 244468.0 243640.0 210515.0
237 221569.0 200157.0 212375.0 224754.0 220748.0 215771.0 218966.0 231732.0 269091.0 248393.0 255289.0 265587.0 0.0 242747.0 214687.0 212678.0 230321.0 206578.0 227309.0 230018.0 230522.0 233344.0 259719.0 213140.0 220219.0 211935.0 239441.0 222284.0 266208.0 245711.0 244735.0 211472.0
240 219156.0 198732.0 211773.0 223940.0 218934.0 213652.0 217867.0 229353.0 266607.0 246550.0 253317.0 263439.0 0.0 241746.0 213182.0 212180.0 227397.0 206347.0 225399.0 229517.0 229141.0 230409.0 258246.0 211014.0 218540.0 209826.0 238055.0 221194.0 264152.0 243207.0 242939.0 210100.0
243 218828.0 198072.0 210114.0 223935.0 217980.0 213506.0 216838.0 228059.0 266919.0 245661.0 251939.0 261886.0 0.0 240138.0 212858.0 210325.0 227543.0 205079.0 224200.0 228186.0 227681.0 229665.0 257685.0 209657.0 218131.0 209340.0 238110.0 219385.0 262538.0 242696.0 242478.0 208728.0
246 215785.0 196235.0 209124.0 222724.0 216126.0 212582.0 216788.0 228502.0 266136.0 244161.0 251437.0 261253.0 0.0 239878.0 213013.0 209371.0 225056.0 203413.0 224193.0 228033.0 226382.0 229497.0 257493.0 210834.0 217080.0 208275.0 236954.0 217344.0 262311.0 242331.0 241044.0 207747.0
249 200790.0 193773.0 208313.0 220065.0 210917.0 212376.0 216210.0 224762.0 265177.0 229912.0 245294.0 256728.0 0.0 238743.0 210648.0 208679.0 207101.0 199387.0 223750.0 224165.0 225214.0 228343.0 247453.0 206870.0 215117.0 205963.0 233018.0 214969.0 259549.0 240861.0 239874.0 207648.0
252 160718.0 180484.0 201370.0 210074.0 188518.0 209648.0 213602.0 210681.0 257895.0 192290.0 224571.0 246769.0 0.0 235557.0 205806.0 204747.0 159163.0 183288.0 220271.0 207948.0 216957.0 227237.0 215292.0 195922.0 203933.0 197261.0 216678.0 206451.0 252748.0 238649.0 238576.0 206755.0
255 93383.0 140823.0 173666.0 180016.0 134475.0 200714.0 205950.0 169354.0 236929.0 122600.0 172544.0 206147.0 0.0 230506.0 186246.0 187540.0 87450.0 137154.0 207913.0 161586.0 190831.0 222381.0 146390.0 163400.0 166405.0 163340.0 167498.0 178238.0 223825.0 228851.0 232829.0 203998.0
258 41470.0 81443.0 115467.0 121772.0 70397.0 167773.0 174103.0 101916.0 183665.0 58629.0 99179.0 134015.0 0.0 202340.0 135436.0 144107.0 37491.0 75106.0 166937.0 91466.0 131387.0 205000.0 72329.0 104983.0 98223.0 103481.0 95862.0 118721.0 159019.0 194311.0 209589.0 188808.0
261 23337.0 38611.0 59779.0 65189.0 33424.0 110929.0 120030.0 50980.0 114052.0 30438.0 50239.0 68658.0 0.0 149552.0 75639.0 86791.0 22510.0 35001.0 102653.0 42515.0 68721.0 160737.0 35665.0 55036.0 46225.0 52047.0 45159.0 62075.0 89027.0 133176.0 156980.0 149129.0
264 18234.0 20166.0 26167.0 28748.0 20510.0 47483.0 52782.0 24984.0 49071.0 21506.0 27201.0 30992.0 0.0 71243.0 30347.0 35919.0 18153.0 19916.0 40491.0 22830.0 28813.0 84592.0 24046.0 25065.0 22996.0 24231.0 23616.0 26839.0 37626.0 58506.0 77331.0 79093.0
267 15655.0 16939.0 19760.0 21347.0 17327.0 26093.0 27993.0 20392.0 29655.0 18182.0 22573.0 24088.0 0.0 34936.0 20907.0 22609.0 15856.0 16927.0 24318.0 19385.0 21838.0 41238.0 20313.0 18945.0 19178.0 19168.0 19780.0 20444.0 26831.0 31411.0 38096.0 38096.0
270 13943.0 14306.0 17229.0 18020.0 15365.0 21087.0 21735.0 17952.0 24680.0 16486.0 19453.0 20854.0 0.0 25331.0 18195.0 19069.0 14634.0 14753.0 20247.0 16794.0 18834.0 26476.0 18263.0 16405.0 16779.0 16317.0 17189.0 19307.0 23425.0 24408.0 26161.0 23950.0
273 13522.0 12795.0 15358.0 16488.0 14024.0 18939.0 19558.0 15772.0 22099.0 15344.0 17943.0 18532.0 0.0 22279.0 16099.0 16983.0 13761.0 13157.0 18476.0 15423.0 16866.0 22930.0 17379.0 14829.0 14967.0 14670.0 15724.0 16848.0 20439.0 22073.0 23015.0 20781.0
276 13432.0 12024.0 13831.0 14819.0 13432.0 16439.0 17093.0 14822.0 19135.0 14634.0 17098.0 17107.0 0.0 19414.0 14003.0 14574.0 13751.0 12587.0 15910.0 14473.0 14960.0 20451.0 16867.0 13737.0 13880.0 13850.0 14743.0 13936.0 18494.0 19260.0 20149.0 17897.0
279 12762.0 11532.0 13246.0 13895.0 13131.0 14450.0 15494.0 14177.0 17611.0 14529.0 16298.0 16336.0 0.0 17155.0 13113.0 13236.0 13387.0 12163.0 14752.0 14065.0 14301.0 17411.0 16316.0 12999.0 13586.0 13015.0 14350.0 13152.0 17293.0 16742.0 17635.0 15518.0
282 13057.0 11549.0 13095.0 13536.0 13266.0 13847.0 14359.0 14081.0 16881.0 14431.0 16215.0 16186.0 0.0 15752.0 13008.0 12506.0 13533.0 11922.0 14346.0 13886.0 13950.0 15960.0 16415.0 12805.0 13207.0 12998.0 14196.0 13224.0 17120.0 15920.0 15875.0 13869.0
285 12934.0 11337.0 13041.0 13675.0 12993.0 13484.0 14238.0 13945.0 16775.0 14338.0 15833.0 15764.0 0.0 15624.0 12605.0 12771.0 13268.0 11873.0 14045.0 13597.0 13892.0 15732.0 16687.0 13028.0 13229.0 12847.0 14070.0 12985.0 16907.0 15599.0 15764.0 13560.0
288 12652.0 11297.0 12664.0 13443.0 12980.0 13539.0 14206.0 13940.0 16497.0 14135.0 15827.0 15594.0 0.0 15129.0 12558.0 12435.0 13028.0 11904.0 14001.0 13511.0 13565.0 15580.0 16350.0 12516.0 13081.0 12611.0 14018.0 12991.0 16522.0 15343.0 15414.0 13191.0
291 12757.0 11163.0 12675.0 13489.0 12915.0 13414.0 13980.0 13643.0 16434.0 14166.0 15718.0 15513.0 0.0 15158.0 12445.0 12354.0 13223.0 11721.0 13963.0 13419.0 13427.0 15447.0 16281.0 12446.0 12807.0 12660.0 13894.0 12685.0 16389.0 15222.0 15229.0 12909.0
294 12357.0 11052.0 12395.0 13150.0 12778.0 13242.0 14129.0 13545.0 16122.0 13951.0 15226.0 15406.0 0.0 15044.0 12227.0 12123.0 12701.0 11894.0 13936.0 13397.0 13289.0 15300.0 16243.0 12377.0 12686.0 12640.0 13928.0 12497.0 16255.0 15169.0 15029.0 12822.0
297 12327.0 10911.0 12542.0 12782.0 12669.0 13143.0 14006.0 13508.0 15979.0 13659.0 15422.0 15103.0 0.0 14579.0 12186.0 11992.0 12717.0 11656.0 13531.0 13186.0 13282.0 15226.0 15688.0 12239.0 12615.0 12238.0 13629.0 12406.0 16059.0 14946.0 14978.0 12869.0
300 11984.0 11109.0 12445.0 13008.0 12443.0 13035.0 13825.0 13345.0 16236.0 13501.0 15074.0 15020.0 0.0 14695.0 11941.0 11837.0 12563.0 11209.0 13569.0 12856.0 13397.0 15069.0 15511.0 11977.0 12715.0 12121.0 13528.0 12317.0 16023.0 14858.0 14934.0 12675.0
303 12118.0 10717.0 12058.0 12958.0 12193.0 12757.0 13535.0 13288.0 15758.0 13316.0 15166.0 14997.0 0.0 14522.0 12053.0 11846.0 12355.0 11248.0 13553.0 12992.0 12986.0 15116.0 14934.0 12129.0 12295.0 12160.0 13335.0 12216.0 15917.0 14642.0 14717.0 12556.0
306 11969.0 10618.0 12084.0 12849.0 12034.0 12858.0 13411.0 13067.0 15715.0 13408.0 14971.0 14731.0 0.0 14231.0 11938.0 11670.0 12332.0 11112.0 13416.0 12592.0 12791.0 14874.0 15200.0 11910.0 12303.0 12113.0 13014.0 12139.0 15681.0 14536.0 14448.0 12521.0
309 11763.0 10434.0 12131.0 12741.0 11952.0 12676.0 13338.0 12903.0 15370.0 13067.0 14921.0 14669.0 0.0 14145.0 11680.0 11522.0 12190.0 10980.0 13161.0 12718.0 12821.0 14824.0 14784.0 11935.0 12108.0 11716.0 13078.0 11776.0 15550.0 14691.0 14555.0 12219.0
312 11554.0 10461.0 11648.0 12558.0 11856.0 12327.0 13423.0 12585.0 15274.0 12902.0 14475.0 14508.0 0.0 14267.0 11617.0 11206.0 11996.0 10883.0 13223.0 12504.0 12507.0 14641.0 14603.0 11692.0 11964.0 11758.0 12710.0 11813.0 15347.0 14359.0 14511.0 12244.0
315 11309.0 10072.0 11418.0 12050.0 11655.0 12227.0 13033.0 12499.0 15014.0 12793.0 14230.0 14181.0 0.0 13760.0 11295.0 11124.0 11793.0 10491.0 12728.0 12366.0 12313.0 14198.0 14339.0 11417.0 11668.0 11487.0 12590.0 11751.0 15121.0 14099.0 14135.0 11922.0
318 11119.0 10077.0 11465.0 11878.0 11357.0 12070.0 13082.0 12470.0 14741.0 12516.0 14003.0 13866.0 0.0 13699.0 11211.0 11188.0 11397.0 10473.0 12781.0 12035.0 12215.0 14376.0 14040.0 11514.0 11614.0 11375.0 12459.0 11601.0 14779.0 14030.0 13919.0 11974.0
321 10830.0 9720.0 11267.0 11921.0 11280.0 12016.0 12719.0 12082.0 14488.0 12125.0 13651.0 13805.0 0.0 13400.0 11033.0 11026.0 11228.0 10488.0 12410.0 11864.0 12026.0 13932.0 13889.0 11079.0 11478.0 11313.0 12009.0 10997.0 14758.0 13752.0 13729.0 11606.0
324 10801.0 9480.0 11152.0 11565.0 11132.0 11822.0 12599.0 11815.0 14451.0 11934.0 13564.0 13427.0 0.0 13340.0 11022.0 10846.0 11033.0 10004.0 12091.0 11574.0 11707.0 13708.0 13463.0 10928.0 11238.0 11057.0 12077.0 11037.0 14403.0 13549.0 13644.0 11651.0
327 10257.0 9504.0 10931.0 11599.0 10690.0 11692.0 12273.0 11701.0 14076.0 11660.0 13200.0 13305.0 0.0 12983.0 10661.0 10634.0 10491.0 9733.0 12045.0 11250.0 11506.0 13564.0 13491.0 10699.0 10933.0 10750.0 11589.0 10827.0 14188.0 13193.0 13395.0 11455.0
330 9525.0 9042.0 10543.0 11220.0 10264.0 11419.0 12227.0 11290.0 13736.0 10409.0 12505.0 12758.0 0.0 12851.0 10330.0 10256.0 9577.0 9355.0 12025.0 10861.0 11162.0 13437.0 12432.0 10312.0 10770.0 10656.0 11151.0 10315.0 13488.0 12893.0 13207.0 11317.0
333 7951.0 8666.0 10112.0 10804.0 9412.0 11098.0 11748.0 10801.0 13462.0 9418.0 12004.0 12506.0 0.0 12411.0 10218.0 10155.0 7873.0 8954.0 11614.0 10292.0 11173.0 13073.0 11544.0 10120.0 10171.0 10140.0 10506.0 10172.0 13583.0 12838.0 13122.0 10899.0
336 6632.0 7843.0 9905.0 10285.0 8190.0 11029.0 11675.0 9851.0 12970.0 7971.0 10732.0 11626.0 0.0 12409.0 9606.0 9952.0 6187.0 7938.0 11230.0 9500.0 10515.0 13014.0 9812.0 9760.0 9649.0 9560.0 9758.0 9491.0 12974.0 12521.0 12799.0 10738.0
339 4708.0 6601.0 8677.0 9632.0 6621.0 10617.0 11154.0 8676.0 12485.0 6053.0 8839.0 10632.0 0.0 12088.0 9144.0 9392.0 4338.0 6727.0 10841.0 7842.0 9879.0 12706.0 7538.0 8753.0 8408.0 8658.0 8079.0 8631.0 12215.0 12228.0 12456.0 10423.0
342 3057.0 5181.0 7405.0 8084.0 4657.0 10028.0 10682.0 7068.0 11220.0 4129.0 6848.0 8593.0 0.0 11648.0 8457.0 8492.0 2702.0 4876.0 9954.0 5990.0 8450.0 12209.0 5247.0 7312.0 6971.0 7377.0 6220.0 7124.0 10646.0 11675.0 11850.0 10160.0
345 1848.0 3439.0 5329.0 6055.0 2772.0 8731.0 9208.0 4683.0 9265.0 2389.0 4634.0 6438.0 0.0 10748.0 6574.0 7092.0 1628.0 3090.0 8378.0 3733.0 6462.0 11402.0 3068.0 5302.0 4610.0 5117.0 3927.0 5028.0 8195.0 10036.0 11090.0 9562.0
348 1402.0 2224.0 3683.0 4264.0 1792.0 6748.0 7300.0 3041.0 7060.0 1737.0 2979.0 4326.0 0.0 9301.0 4812.0 5254.0 1270.0 1907.0 6357.0 2338.0 4506.0 10450.0 2070.0 3548.0 2945.0 3377.0 2533.0 3554.0 5868.0 8406.0 9727.0 8811.0
351 1195.0 1479.0 2363.0 2609.0 1426.0 4970.0 5482.0 2053.0 4978.0 1368.0 2100.0 2805.0 0.0 7266.0 3036.0 3710.0 1210.0 1358.0 4377.0 1645.0 2848.0 8536.0 1668.0 2363.0 1837.0 2188.0 1722.0 2198.0 3894.0 6320.0 7799.0 6959.0
354 1075.0 1073.0 1495.0 1766.0 1159.0 2903.0 3175.0 1490.0 2911.0 1265.0 1656.0 1784.0 0.0 4672.0 1797.0 2150.0 1096.0 1128.0 2415.0 1312.0 1809.0 5855.0 1386.0 1570.0 1329.0 1463.0 1274.0 1442.0 2293.0 3843.0 5078.0 4744.0
357 1074.0 998.0 1281.0 1473.0 1122.0 2065.0 2173.0 1403.0 2170.0 1149.0 1505.0 1510.0 0.0 3082.0 1433.0 1557.0 1107.0 1048.0 1719.0 1253.0 1381.0 3794.0 1430.0 1217.0 1238.0 1248.0 1255.0 1225.0 1898.0 2476.0 3454.0 3269.0
