150 287615.0 296862.0 311828.0 284533.0 303704.0 300803.0 307525.0 290360.0 341411.0 292047.0 324163.0 304811.0 382125.0 285051.0 287041.0 284460.0 278520.0 282223.0 315633.0 506719.0 355112.0 314446.0 320489.0 332964.0 290991.0 316907.0 295102.0 274893.0 286679.0 279524.0 298882.0 287124.0
153 10889432.0 10865948.0 10870566.0 10830484.0 10867582.0 10838552.0 10839744.0 10846105.0 10836648.0 10834242.0 10840399.0 10838694.0 10865308.0 10838278.0 10844276.0 10811170.0 10864699.0 10815935.0 10833061.0 10907118.0 10857704.0 10828195.0 10822598.0 10877010.0 10810861.0 10839539.0 10825591.0 10829664.0 10814126.0 10822523.0 10847745.0 10824667.0
156 18626283.0 18611503.0 18606847.0 18588180.0 18604388.0 18581198.0 18595620.0 18583840.0 18583655.0 18583755.0 18591497.0 18582242.0 18576079.0 18602337.0 18599785.0 18586123.0 18609704.0 18595395.0 18589438.0 18559834.0 18564575.0 18591798.0 18573994.0 18591357.0 18579015.0 18586282.0 18582011.0 18600853.0 18585003.0 18599788.0 18604468.0 18603066.0
159 19022013.0 19008450.0 19003657.0 18986428.0 19001599.0 18978683.0 18995075.0 18981481.0 18982467.0 18982231.0 18989926.0 18981555.0 18974581.0 19000099.0 18998240.0 18984562.0 19008109.0 18993883.0 18988901.0 18955432.0 18961935.0 18990159.0 18972932.0 18989691.0 18977484.0 18985108.0 18980921.0 19000304.0 18984503.0 18999286.0 19004620.0 19003487.0
162 19349352.0 19337617.0 19332935.0 19312314.0 19330413.0 19304095.0 19325370.0 19307015.0 19312968.0 19308432.0 19318854.0 19307373.0 19303946.0 19330111.0 19327363.0 19311265.0 19338503.0 19322918.0 19318295.0 19286955.0 19287355.0 19320552.0 19298731.0 19318926.0 19303245.0 19314811.0 19307587.0 19329876.0 19311368.0 19329461.0 19335072.0 19333833.0
165 19605082.0 19594490.0 19590640.0 19568171.0 19587070.0 19557881.0 19583834.0 19561682.0 19570249.0 19562034.0 19576541.0 19560744.0 19560913.0 19587780.0 19584728.0 19564217.0 19596073.0 19580098.0 19575473.0 19546620.0 19540818.0 19579434.0 19552246.0 19575313.0 19557405.0 19569839.0 19561054.0 19586849.0 19565363.0 19587549.0 19594191.0 19592130.0
168 19741864.0 19732321.0 19728282.0 19706385.0 19725827.0 19695667.0 19722090.0 19698423.0 19709015.0 19700289.0 19715499.0 19698916.0 19699341.0 19726527.0 19724122.0 19702654.0 19735188.0 19719934.0 19714246.0 19681796.0 19676915.0 19717672.0 19690007.0 19713754.0 19695473.0 19709576.0 19699842.0 19725233.0 19702988.0 19727101.0 19733090.0 19730873.0
171 19735080.0 19724121.0 19720151.0 19695905.0 19717222.0 19681246.0 19713132.0 19683765.0 19698977.0 19690000.0 19705350.0 19689191.0 19688913.0 19717484.0 19715061.0 19693147.0 19726153.0 19710342.0 19703923.0 19670836.0 19661732.0 19709195.0 19678869.0 19703723.0 19684934.0 19699587.0 19689103.0 19717256.0 19693238.0 19717646.0 19723381.0 19722462.0
174 20017669.0 20006972.0 20003922.0 19971969.0 19998820.0 19945544.0 19996834.0 19942778.0 19983476.0 19960294.0 19990581.0 19965199.0 19972510.0 20002468.0 20000380.0 19970779.0 20011849.0 19995482.0 19988284.0 19954165.0 19924248.0 19993161.0 19954240.0 19984731.0 19956072.0 19980883.0 19962645.0 19999367.0 19972428.0 20001850.0 20007271.0 20006253.0
177 19743546.0 19728174.0 19725189.0 19649479.0 19714013.0 19604083.0 19718418.0 19598288.0 19703738.0 19632007.0 19711178.0 19646973.0 19687438.0 19724577.0 19720965.0 19663425.0 19734786.0 19716366.0 19707987.0 19679893.0 19579569.0 19717395.0 19642913.0 19696978.0 19633506.0 19695476.0 19648672.0 19720184.0 19673391.0 19724459.0 19729991.0 19728934.0
180 18859869.0 18791051.0 18759169.0 18517799.0 18698338.0 18392073.0 18733456.0 18367073.0 18691168.0 18409725.0 18689956.0 18461667.0 18612327.0 18710334.0 18682696.0 18545742.0 18662648.0 18710715.0 18641097.0 18580372.0 18349475.0 18666326.0 18444967.0 18550424.0 18453030.0 18595536.0 18425551.0 18633738.0 18482934.0 18678614.0 18674160.0 18742890.0
183 8599733.0 8517707.0 8505040.0 8593086.0 8348798.0 8279733.0 8628728.0 8072763.0 8713814.0 8331222.0 8672704.0 8615378.0 8552850.0 8660724.0 8592665.0 9040308.0 8277423.0 8803963.0 8505675.0 8541497.0 8177944.0 8540677.0 8644342.0 8116573.0 8561930.0 8351770.0 8321371.0 8284019.0 8602572.0 8422377.0 8271651.0 8613301.0
186 6738343.0 6712160.0 6726114.0 7105833.0 6576126.0 6786650.0 6884029.0 6526685.0 6981840.0 6818033.0 6946134.0 7142208.0 6799300.0 6907569.0 6816128.0 7611687.0 6497118.0 7081067.0 6748397.0 6805889.0 6626394.0 6768621.0 7209632.0 6336085.0 7107647.0 6574150.0 6840375.0 6489791.0 7162873.0 6624161.0 6447810.0 6815061.0
189 892208.0 872131.0 886279.0 904232.0 838194.0 792883.0 929105.0 713848.0 989728.0 787781.0 968388.0 903544.0 935534.0 909116.0 870920.0 1050349.0 759493.0 978450.0 861269.0 1024446.0 823919.0 871668.0 925656.0 772137.0 893511.0 828929.0 810764.0 761690.0 882923.0 801885.0 763222.0 869548.0
192 290957.0 294741.0 313744.0 325028.0 303668.0 310299.0 330399.0 288112.0 373920.0 303378.0 366001.0 334786.0 389286.0 317527.0 303180.0 362500.0 273993.0 339887.0 323281.0 496339.0 361924.0 326670.0 350886.0 325495.0 326163.0 320982.0 305626.0 273025.0 311970.0 284022.0 287834.0 306605.0
195 267511.0 273770.0 290899.0 274012.0 285124.0 287039.0 293315.0 276585.0 328019.0 279090.0 314808.0 290781.0 364754.0 273008.0 272391.0 277736.0 259372.0 275760.0 301111.0 467012.0 340311.0 295737.0 307690.0 312848.0 281780.0 300517.0 280176.0 255008.0 276009.0 262925.0 271988.0 273510.0
198 266850.0 274319.0 290494.0 269111.0 285607.0 286499.0 291196.0 276469.0 325856.0 275992.0 309777.0 288146.0 365212.0 271910.0 270981.0 269410.0 259779.0 270482.0 300630.0 466677.0 339295.0 298801.0 304402.0 312611.0 277662.0 300199.0 277007.0 254286.0 271284.0 261438.0 271464.0 270603.0
201 267900.0 274363.0 289731.0 270129.0 285684.0 286716.0 291907.0 276564.0 325960.0 277105.0 310652.0 288105.0 364826.0 272077.0 271345.0 270401.0 260195.0 272805.0 301751.0 467055.0 339318.0 298561.0 303839.0 313970.0 278131.0 300795.0 279191.0 254831.0 271288.0 261725.0 272090.0 270273.0
204 267755.0 275043.0 292652.0 271825.0 286251.0 287569.0 292361.0 276662.0 325408.0 276631.0 309063.0 287902.0 366386.0 270179.0 272929.0 272102.0 260323.0 271314.0 301128.0 468849.0 339920.0 294999.0 305144.0 313333.0 279708.0 300582.0 278956.0 255941.0 273602.0 261667.0 273493.0 271611.0
207 268749.0 275399.0 291409.0 270728.0 286843.0 287165.0 292202.0 276856.0 326055.0 278892.0 310564.0 288268.0 365187.0 271226.0 271257.0 270587.0 259966.0 270983.0 300936.0 473105.0 339921.0 305816.0 304375.0 313604.0 279154.0 300718.0 278482.0 254766.0 273189.0 261516.0 273366.0 271305.0
210 269309.0 275857.0 290962.0 271071.0 285681.0 287142.0 292515.0 277066.0 326503.0 278924.0 311353.0 288910.0 366368.0 271457.0 272340.0 270360.0 261370.0 271302.0 301614.0 469317.0 339976.0 301305.0 305947.0 314973.0 278453.0 301755.0 280428.0 255612.0 271563.0 261867.0 272127.0 271152.0
213 269580.0 276374.0 290640.0 271497.0 286566.0 287665.0 292150.0 277713.0 327182.0 278120.0 311253.0 288660.0 366962.0 272906.0 272133.0 271123.0 259108.0 271418.0 301863.0 468384.0 340482.0 294903.0 305350.0 313700.0 279219.0 300664.0 279708.0 256199.0 272456.0 262672.0 271963.0 271207.0
216 267338.0 275641.0 291265.0 271871.0 287782.0 286487.0 293503.0 277565.0 326825.0 277024.0 311792.0 288640.0 365887.0 271650.0 273420.0 272549.0 260140.0 271646.0 301495.0 468344.0 340910.0 306079.0 303494.0 314130.0 279261.0 301038.0 278923.0 256892.0 271727.0 262474.0 271285.0 270636.0
219 266672.0 274187.0 290912.0 271845.0 285099.0 286307.0 292336.0 277129.0 326252.0 276302.0 311937.0 287277.0 365508.0 271344.0 272150.0 270118.0 259316.0 271073.0 300668.0 465458.0 340603.0 296552.0 304632.0 313578.0 278817.0 300083.0 278940.0 255440.0 272189.0 261615.0 271858.0 270849.0
222 265667.0 273917.0 289901.0 269797.0 284231.0 285132.0 291464.0 276566.0 324781.0 276708.0 308662.0 286447.0 363040.0 271430.0 271355.0 268990.0 258953.0 271294.0 301148.0 465467.0 338510.0 296775.0 302427.0 311678.0 278125.0 299703.0 278720.0 255052.0 271573.0 261051.0 269726.0 269345.0
225 265778.0 272061.0 288177.0 268815.0 283179.0 284568.0 289394.0 274798.0 324551.0 276443.0 307061.0 286912.0 362989.0 269607.0 271888.0 268363.0 258027.0 269294.0 298788.0 463321.0 337454.0 298086.0 301771.0 311827.0 277293.0 297221.0 277360.0 253568.0 270453.0 260097.0 269634.0 267920.0
228 264167.0 273363.0 289194.0 268818.0 283157.0 283149.0 289436.0 274519.0 323645.0 275352.0 306581.0 286273.0 363514.0 269923.0 270105.0 268116.0 259244.0 268138.0 298397.0 464178.0 337309.0 299278.0 301867.0 312284.0 276704.0 298102.0 277029.0 253605.0 269250.0 260118.0 270420.0 268989.0
231 265723.0 272223.0 288775.0 268430.0 283981.0 283465.0 289464.0 273617.0 323408.0 274838.0 309032.0 285492.0 361292.0 267930.0 269868.0 267593.0 257099.0 268210.0 298324.0 462449.0 336785.0 291924.0 301029.0 310580.0 275491.0 296673.0 276630.0 253612.0 270082.0 259707.0 269404.0 268682.0
234 263534.0 270741.0 287924.0 268128.0 282531.0 282777.0 288875.0 274504.0 322048.0 276132.0 306359.0 284692.0 360891.0 267858.0 269896.0 266886.0 255823.0 267165.0 296833.0 466797.0 335137.0 297473.0 301244.0 309514.0 276304.0 299406.0 276519.0 253149.0 269870.0 258689.0 268142.0 267635.0
237 262659.0 271415.0 286377.0 267130.0 281996.0 282127.0 286420.0 273538.0 321764.0 273067.0 304266.0 283153.0 357571.0 266540.0 267350.0 266387.0 255050.0 268426.0 296208.0 458612.0 334463.0 292409.0 300213.0 308536.0 275226.0 295100.0 274215.0 251111.0 268687.0 257573.0 266462.0 266407.0
240 261547.0 270288.0 285788.0 267360.0 280145.0 281502.0 285993.0 271683.0 321271.0 273165.0 303972.0 282757.0 356576.0 266398.0 266035.0 266461.0 254916.0 266734.0 296027.0 462419.0 333478.0 299116.0 298824.0 308361.0 273979.0 295294.0 273989.0 251277.0 267083.0 256997.0 267163.0 265268.0
243 261185.0 269040.0 285775.0 266148.0 280045.0 279743.0 285193.0 270589.0 319997.0 271912.0 303042.0 282596.0 349704.0 265292.0 265550.0 264626.0 253944.0 266368.0 295210.0 460656.0 332707.0 295156.0 296771.0 306095.0 272527.0 294049.0 273950.0 250345.0 265727.0 256917.0 265686.0 265632.0
246 260710.0 268555.0 285733.0 265112.0 278623.0 280468.0 282626.0 270903.0 318379.0 271302.0 300971.0 280873.0 355588.0 264671.0 263235.0 264596.0 250797.0 265565.0 293412.0 456834.0 332435.0 290748.0 295750.0 305418.0 271531.0 293013.0 272009.0 249486.0 265178.0 254431.0 263925.0 263432.0
249 259523.0 267263.0 281576.0 263828.0 277533.0 279562.0 283073.0 270370.0 317478.0 268847.0 299394.0 279770.0 354555.0 263438.0 261829.0 263900.0 240286.0 263425.0 292036.0 448919.0 330123.0 284765.0 293964.0 303952.0 270675.0 290855.0 269355.0 247604.0 262820.0 251617.0 256016.0 259373.0
252 253870.0 264269.0 279616.0 262226.0 275180.0 277698.0 280233.0 268390.0 314110.0 263799.0 295779.0 275480.0 351349.0 259052.0 254806.0 261368.0 210828.0 262390.0 286320.0 435057.0 328324.0 273866.0 291222.0 301586.0 270546.0 288992.0 261558.0 242899.0 255936.0 240813.0 232248.0 247611.0
255 236339.0 257326.0 268908.0 259553.0 268614.0 272689.0 270878.0 265216.0 306777.0 247970.0 285119.0 259772.0 340046.0 245133.0 235789.0 254320.0 152663.0 256818.0 270911.0 390623.0 323286.0 239179.0 278086.0 290091.0 265217.0 284310.0 238714.0 230386.0 233690.0 209587.0 181131.0 215777.0
258 157815.0 200647.0 207192.0 231710.0 220518.0 238406.0 207112.0 234654.0 254665.0 164689.0 215829.0 178985.0 269718.0 169761.0 145823.0 208270.0 56931.0 215471.0 189584.0 231685.0 283097.0 128715.0 208209.0 230000.0 235736.0 244988.0 147965.0 160894.0 147382.0 113046.0 76082.0 122239.0
261 85696.0 123300.0 131245.0 176168.0 147508.0 178154.0 127279.0 176740.0 174527.0 87463.0 133350.0 97237.0 170196.0 97394.0 74762.0 142725.0 27900.0 151162.0 110876.0 114420.0 216748.0 60934.0 130741.0 151350.0 181639.0 183868.0 77182.0 92857.0 77599.0 53422.0 35503.0 60760.0
264 42481.0 62161.0 69844.0 108257.0 80575.0 107056.0 65590.0 108532.0 95272.0 41983.0 68229.0 47255.0 87546.0 47725.0 36413.0 81641.0 20644.0 84684.0 57439.0 56720.0 139179.0 33381.0 68373.0 82757.0 116069.0 114105.0 39110.0 46593.0 38439.0 28932.0 23927.0 32002.0
267 25136.0 31560.0 35120.0 52105.0 39195.0 51600.0 32984.0 52965.0 44635.0 26291.0 35286.0 27566.0 43724.0 27121.0 24285.0 39835.0 18014.0 40019.0 32239.0 40688.0 70920.0 25077.0 35694.0 41502.0 59884.0 58279.0 26201.0 26950.0 24931.0 21704.0 20129.0 22990.0
270 21049.0 24223.0 25045.0 29040.0 27250.0 30535.0 25011.0 30480.0 29891.0 21989.0 26809.0 22897.0 32355.0 21666.0 20717.0 25944.0 15696.0 26495.0 25298.0 35468.0 40276.0 21824.0 27036.0 29548.0 33073.0 34521.0 22132.0 22007.0 20895.0 18663.0 17584.0 19418.0
273 17950.0 20486.0 21329.0 23021.0 23369.0 25100.0 21402.0 24863.0 25491.0 19028.0 23303.0 19654.0 28262.0 18666.0 18196.0 21386.0 14537.0 22620.0 21742.0 30510.0 31767.0 19379.0 22895.0 25382.0 25448.0 27883.0 19013.0 18797.0 18284.0 16138.0 15876.0 17078.0
276 15754.0 17855.0 19009.0 20187.0 20349.0 21744.0 18876.0 21752.0 22209.0 16872.0 20245.0 17756.0 24273.0 16558.0 16443.0 18720.0 14406.0 19369.0 19626.0 27851.0 27728.0 18112.0 20546.0 22240.0 22326.0 24587.0 17325.0 16712.0 16625.0 15246.0 15409.0 15625.0
279 14738.0 16359.0 17406.0 17404.0 17947.0 19680.0 17443.0 18939.0 20294.0 15887.0 18805.0 16336.0 21852.0 15656.0 15950.0 17179.0 14063.0 16989.0 18168.0 26793.0 24081.0 17423.0 19092.0 20100.0 19659.0 21775.0 16508.0 15377.0 15687.0 14531.0 15133.0 15188.0
282 14117.0 15675.0 16429.0 15958.0 17064.0 17878.0 17020.0 17313.0 19346.0 15732.0 17941.0 16015.0 21162.0 14968.0 15397.0 16105.0 13800.0 16064.0 17247.0 26690.0 21669.0 17455.0 18514.0 18313.0 17677.0 19828.0 15796.0 15159.0 15526.0 14473.0 15134.0 15049.0
285 13963.0 15181.0 16299.0 14832.0 16250.0 17284.0 16446.0 16619.0 18889.0 15351.0 17397.0 15688.0 20676.0 14853.0 15279.0 15749.0 13698.0 15351.0 17169.0 26475.0 20508.0 17303.0 18064.0 17934.0 16876.0 18776.0 15677.0 14709.0 15319.0 14285.0 14676.0 15119.0
288 13948.0 15492.0 15931.0 14598.0 15913.0 16955.0 16366.0 16136.0 18556.0 15189.0 17712.0 15492.0 20370.0 14725.0 14898.0 15657.0 13658.0 14829.0 17018.0 26193.0 19632.0 16916.0 17747.0 17920.0 16117.0 18511.0 15480.0 14761.0 15017.0 14248.0 14708.0 14831.0
291 13739.0 15139.0 16084.0 14619.0 15981.0 16622.0 16401.0 15985.0 18586.0 15284.0 17323.0 15426.0 20008.0 14381.0 14942.0 15444.0 13530.0 14994.0 16873.0 26013.0 19810.0 16857.0 17643.0 17749.0 16025.0 18427.0 15516.0 14372.0 14797.0 14263.0 14681.0 14601.0
294 13537.0 15001.0 15737.0 14379.0 15632.0 16762.0 15951.0 16037.0 18243.0 15025.0 17057.0 15015.0 19634.0 14500.0 14908.0 15021.0 13006.0 14531.0 17014.0 25852.0 19461.0 16866.0 17459.0 17439.0 15598.0 18396.0 15365.0 14757.0 14876.0 14070.0 14392.0 14481.0
297 13492.0 14674.0 15473.0 14078.0 15558.0 16393.0 16002.0 15796.0 17909.0 14806.0 16815.0 15213.0 19341.0 14382.0 14703.0 14797.0 12962.0 14719.0 16410.0 25190.0 19042.0 16557.0 17085.0 17209.0 15506.0 17917.0 15240.0 14279.0 14684.0 13776.0 14278.0 14287.0
300 13364.0 14763.0 15534.0 13861.0 15477.0 16466.0 15754.0 15563.0 18237.0 14842.0 16768.0 14821.0 19308.0 13956.0 14314.0 14831.0 12806.0 14753.0 16520.0 24706.0 18873.0 16564.0 17090.0 16965.0 15547.0 17989.0 15017.0 14084.0 14502.0 13707.0 14178.0 14183.0
303 13096.0 14394.0 15502.0 14184.0 15267.0 16303.0 15307.0 15409.0 17889.0 14539.0 16461.0 14710.0 18947.0 13869.0 14492.0 14680.0 12777.0 14351.0 16334.0 24679.0 18708.0 16180.0 16966.0 17044.0 15427.0 17776.0 14718.0 13926.0 14371.0 13515.0 14021.0 14098.0
306 12938.0 14305.0 15097.0 13935.0 15010.0 15962.0 15409.0 15457.0 17662.0 14465.0 16574.0 14540.0 18577.0 13842.0 14373.0 14511.0 12634.0 14258.0 16171.0 24000.0 18420.0 16008.0 16594.0 16663.0 15335.0 17264.0 14451.0 13684.0 14143.0 13400.0 13770.0 13807.0
309 12747.0 14014.0 15078.0 13556.0 14824.0 15685.0 15285.0 15142.0 17311.0 14116.0 16174.0 14394.0 18534.0 13500.0 14058.0 14535.0 12419.0 14020.0 16037.0 23600.0 18568.0 15730.0 16433.0 16435.0 15119.0 17171.0 14434.0 13719.0 13983.0 13283.0 13364.0 13384.0
312 12668.0 14107.0 14937.0 13417.0 14790.0 15710.0 15070.0 14806.0 17168.0 14002.0 15781.0 14313.0 18172.0 13458.0 13761.0 14270.0 12043.0 13456.0 15650.0 23475.0 18125.0 15451.0 16288.0 16143.0 14857.0 17286.0 14248.0 13337.0 13737.0 13119.0 13324.0 13419.0
315 12331.0 13924.0 14524.0 13279.0 14279.0 15579.0 14954.0 14883.0 16719.0 13848.0 15509.0 13807.0 17994.0 13078.0 13488.0 13916.0 11998.0 13818.0 15600.0 22892.0 18025.0 15332.0 16154.0 16277.0 14423.0 16794.0 13992.0 13294.0 13505.0 12854.0 12762.0 13117.0
318 12339.0 13493.0 14414.0 13108.0 14338.0 15105.0 14703.0 14567.0 16871.0 13602.0 15502.0 13658.0 17658.0 13050.0 13417.0 13786.0 11946.0 13317.0 15228.0 22612.0 17420.0 14988.0 15977.0 15960.0 14518.0 16846.0 13719.0 13077.0 13458.0 12568.0 12821.0 13082.0
321 12036.0 13296.0 14159.0 12816.0 14210.0 14834.0 14418.0 14745.0 16233.0 13379.0 14930.0 13450.0 17748.0 12528.0 13077.0 13603.0 11368.0 13215.0 15186.0 21918.0 17425.0 14863.0 15651.0 15446.0 14420.0 16348.0 13505.0 12798.0 13289.0 12488.0 12541.0 12904.0
324 11864.0 12984.0 13896.0 12614.0 13747.0 14926.0 14292.0 14344.0 16203.0 12982.0 14851.0 13138.0 17462.0 12822.0 12717.0 13553.0 10993.0 13088.0 14723.0 21674.0 17228.0 14362.0 15399.0 15293.0 13901.0 16100.0 13182.0 12516.0 12980.0 12149.0 12041.0 12304.0
327 11542.0 13021.0 13616.0 12585.0 13421.0 14909.0 13929.0 13825.0 15899.0 12874.0 14574.0 12923.0 17016.0 12389.0 12484.0 13279.0 10532.0 12628.0 14270.0 21143.0 16521.0 14257.0 15166.0 14995.0 14091.0 15992.0 12992.0 12233.0 12359.0 11801.0 11551.0 11982.0
330 11423.0 12725.0 13454.0 12326.0 13167.0 14228.0 13504.0 13836.0 15493.0 12648.0 14641.0 12460.0 16723.0 12239.0 12047.0 12912.0 9464.0 12671.0 14269.0 20173.0 16431.0 13516.0 14788.0 14641.0 13618.0 15377.0 12699.0 12284.0 12306.0 11235.0 10897.0 11465.0
333 11014.0 12256.0 13268.0 12038.0 13019.0 14177.0 13398.0 13269.0 15275.0 12107.0 13966.0 12373.0 16059.0 11596.0 11545.0 12608.0 8050.0 12114.0 13649.0 19126.0 15796.0 12566.0 14267.0 14421.0 13268.0 15106.0 11800.0 11545.0 11420.0 10602.0 9570.0 10680.0
336 10265.0 11933.0 12869.0 11657.0 12638.0 13628.0 12640.0 13062.0 14625.0 11312.0 13346.0 11521.0 15791.0 10892.0 10789.0 12079.0 6077.0 11863.0 12923.0 16761.0 15669.0 11224.0 13498.0 14211.0 13010.0 14496.0 10961.0 11065.0 10538.0 9152.0 7602.0 9395.0
339 9340.0 11165.0 11876.0 11355.0 12138.0 13253.0 11837.0 12564.0 13664.0 10057.0 12303.0 10232.0 14655.0 9873.0 9398.0 11489.0 4216.0 11179.0 11678.0 14191.0 15146.0 8965.0 12512.0 13235.0 12418.0 14251.0 9469.0 10173.0 8908.0 7816.0 5601.0 7594.0
342 7602.0 9946.0 10785.0 10853.0 11123.0 12523.0 10292.0 12190.0 12215.0 8296.0 10741.0 8392.0 12876.0 8493.0 7519.0 10165.0 2740.0 10257.0 9850.0 10675.0 14470.0 6626.0 10830.0 12059.0 12035.0 13863.0 7443.0 8731.0 7137.0 5689.0 3757.0 5688.0
345 5991.0 8186.0 8916.0 9834.0 9546.0 11189.0 8301.0 11081.0 10403.0 6265.0 8686.0 6381.0 10979.0 6498.0 5434.0 8797.0 1798.0 8801.0 7756.0 7176.0 13128.0 4343.0 8795.0 10382.0 10818.0 12233.0 5346.0 6851.0 5027.0 3767.0 2334.0 3989.0
348 4270.0 6012.0 6840.0 8391.0 7833.0 9404.0 6280.0 9351.0 7878.0 4161.0 6311.0 4242.0 8347.0 4584.0 3415.0 6907.0 1371.0 6958.0 5558.0 4443.0 11342.0 2734.0 6379.0 8349.0 9053.0 10312.0 3490.0 5002.0 3159.0 2287.0 1603.0 2519.0
351 2611.0 4123.0 4873.0 6451.0 5609.0 7159.0 4067.0 7414.0 5556.0 2588.0 4274.0 2630.0 5707.0 2971.0 2182.0 4991.0 1095.0 4981.0 3597.0 3048.0 9189.0 1917.0 4119.0 6272.0 7386.0 8239.0 2287.0 3245.0 2169.0 1671.0 1334.0 1708.0
354 1593.0 2453.0 3026.0 4253.0 3434.0 4888.0 2457.0 5068.0 3219.0 1652.0 2658.0 1711.0 3458.0 1863.0 1578.0 3213.0 1037.0 2951.0 2276.0 2434.0 6498.0 1537.0 2610.0 3921.0 5217.0 5854.0 1679.0 1970.0 1580.0 1338.0 1231.0 1447.0
357 1319.0 1669.0 1953.0 2724.0 2258.0 3068.0 1789.0 3206.0 2243.0 1475.0 1905.0 1407.0 2332.0 1373.0 1296.0 2102.0 1023.0 2011.0 1820.0 2132.0 4427.0 1477.0 1989.0 2524.0 3489.0 3730.0 1474.0 1534.0 1380.0 1177.0 1209.0 1285.0
