150 238700.0 215035.0 238748.0 222639.0 230591.0 239126.0 222987.0 346344.0 214024.0 210545.0 219039.0 299244.0 228565.0 203197.0 242606.0 246721.0 467032.0 209149.0 223764.0 219339.0 215208.0 235740.0 240500.0 225956.0 206191.0 278797.0 241784.0 201021.0 208896.0 235500.0 231985.0 217222.0
153 669867.0 641468.0 670394.0 646653.0 655577.0 667344.0 644310.0 759130.0 637291.0 637144.0 644718.0 717547.0 649900.0 622708.0 664015.0 668938.0 879945.0 628944.0 644801.0 641548.0 637211.0 656281.0 658492.0 645841.0 626763.0 695853.0 660103.0 623594.0 631560.0 653868.0 650771.0 639346.0
156 18398583.0 18393157.0 18384550.0 18368015.0 18379985.0 18358891.0 18374191.0 18338977.0 18376199.0 18370229.0 18375240.0 18341682.0 18373790.0 18378830.0 18371497.0 18354817.0 18337393.0 18374749.0 18372691.0 18375343.0 18366348.0 18367826.0 18354870.0 18370863.0 18364375.0 18363008.0 18354932.0 18375696.0 18367838.0 18367670.0 18375052.0 18377408.0
159 18729033.0 18724427.0 18715999.0 18700885.0 18712017.0 18689206.0 18707524.0 18668491.0 18708222.0 18702669.0 18707110.0 18673277.0 18706318.0 18710363.0 18703034.0 18685404.0 18668614.0 18707847.0 18704770.0 18708404.0 18698923.0 18701432.0 18688785.0 18704512.0 18698978.0 18696328.0 18688230.0 18709956.0 18701325.0 18701942.0 18709311.0 18711776.0
162 19025132.0 19021703.0 19014926.0 18998449.0 19011883.0 18986856.0 19006806.0 18966060.0 19006926.0 19000024.0 19006209.0 18970328.0 19006216.0 19009487.0 19002005.0 18982647.0 18965576.0 19006659.0 19004391.0 19007827.0 18997032.0 19001227.0 18986361.0 19004327.0 18997412.0 18995527.0 18985815.0 19010728.0 19000706.0 19002163.0 19010195.0 19011953.0
165 19271809.0 19270028.0 19263735.0 19246918.0 19260667.0 19234707.0 19256852.0 19213367.0 19255962.0 19248122.0 19255123.0 19219546.0 19256216.0 19257940.0 19251826.0 19231360.0 19217362.0 19255229.0 19253337.0 19257918.0 19245217.0 19249301.0 19234525.0 19253581.0 19245738.0 19245766.0 19232824.0 19259825.0 19248896.0 19251379.0 19259193.0 19260535.0
168 19488473.0 19487193.0 19481463.0 19465135.0 19479115.0 19452214.0 19476169.0 19430273.0 19474788.0 19466528.0 19474106.0 19439020.0 19475684.0 19477571.0 19471450.0 19449222.0 19438611.0 19474830.0 19471927.0 19476572.0 19463159.0 19469183.0 19451869.0 19472369.0 19463654.0 19463327.0 19450962.0 19478629.0 19466654.0 19470208.0 19477229.0 19478879.0
171 19766785.0 19766717.0 19761112.0 19743093.0 19759339.0 19724936.0 19757769.0 19702792.0 19755626.0 19743889.0 19756204.0 19713237.0 19758137.0 19759584.0 19753359.0 19724352.0 19715919.0 19756931.0 19753161.0 19758128.0 19740344.0 19750418.0 19727728.0 19752553.0 19740994.0 19741609.0 19725035.0 19758953.0 19744530.0 19750489.0 19755978.0 19758227.0
174 19949734.0 19949229.0 19942102.0 19914939.0 19940820.0 19867206.0 19940266.0 19843442.0 19934953.0 19906379.0 19937611.0 19869479.0 19942741.0 19941860.0 19936179.0 19882701.0 19896150.0 19940562.0 19934443.0 19941287.0 19907525.0 19931321.0 19895721.0 19933412.0 19915111.0 19920340.0 19879095.0 19941405.0 19919858.0 19930994.0 19937086.0 19940161.0
177 19634813.0 19625785.0 19600972.0 19518532.0 19601680.0 19457835.0 19611017.0 19403869.0 19580438.0 19505174.0 19588117.0 19461107.0 19612663.0 19601303.0 19594290.0 19491212.0 19517424.0 19610132.0 19591823.0 19608722.0 19522222.0 19586272.0 19511677.0 19589242.0 19540913.0 19574113.0 19476495.0 19611189.0 19548589.0 19592170.0 19602405.0 19607073.0
180 12924314.0 12585015.0 12163933.0 11744187.0 12225439.0 11537209.0 12496619.0 11594904.0 11994452.0 11540963.0 12143949.0 12309802.0 12395072.0 12269182.0 12236804.0 12315715.0 11912940.0 12551983.0 12199107.0 12205994.0 11912364.0 12141451.0 12277802.0 11997731.0 12184570.0 12006414.0 11746020.0 12230473.0 11995254.0 12220811.0 12107979.0 12188731.0
183 8359012.0 8340489.0 8139045.0 8189012.0 8234405.0 8014887.0 8587798.0 8136771.0 8126974.0 7967872.0 8308725.0 8994140.0 8591352.0 8440775.0 8428691.0 8931117.0 8115445.0 8818495.0 8378640.0 8395439.0 8399410.0 8314514.0 8945560.0 8138682.0 8779515.0 8158401.0 8219089.0 8411995.0 8484046.0 8362361.0 8214698.0 8270749.0
186 4402656.0 4381856.0 4229957.0 4329558.0 4302510.0 4204445.0 4613720.0 4371378.0 4223600.0 4142291.0 4372638.0 5071132.0 4579448.0 4446043.0 4432429.0 4952526.0 4267305.0 4802963.0 4416519.0 4413068.0 4531085.0 4372818.0 5053619.0 4225891.0 4872400.0 4263336.0 4421614.0 4443877.0 4607249.0 4419364.0 4265610.0 4312836.0
189 271669.0 246605.0 248074.0 235979.0 256678.0 245528.0 303267.0 346133.0 232353.0 215430.0 255148.0 409960.0 289051.0 251156.0 271903.0 337405.0 454273.0 319524.0 260963.0 247896.0 252298.0 270589.0 336916.0 244553.0 265453.0 294329.0 256511.0 236284.0 245686.0 288166.0 248754.0 249637.0
192 220616.0 197321.0 221287.0 207571.0 215591.0 226387.0 216640.0 315682.0 201332.0 196743.0 208248.0 294601.0 217534.0 193309.0 225323.0 242280.0 430865.0 205919.0 213785.0 206845.0 206454.0 224188.0 237760.0 212848.0 201570.0 260199.0 229620.0 187124.0 198922.0 227071.0 210362.0 205443.0
195 218663.0 194824.0 220447.0 207280.0 214192.0 225675.0 210269.0 326623.0 200516.0 196983.0 207003.0 286863.0 215490.0 190482.0 225532.0 235525.0 462736.0 198131.0 210846.0 205159.0 203579.0 223638.0 228259.0 211081.0 196265.0 259612.0 227134.0 184981.0 195682.0 222186.0 209565.0 202561.0
198 219316.0 195795.0 221710.0 207254.0 215135.0 226409.0 211956.0 336562.0 202105.0 197327.0 206372.0 288731.0 214982.0 192102.0 225858.0 235633.0 458345.0 198237.0 211822.0 205847.0 202756.0 223416.0 228207.0 212583.0 196603.0 259931.0 227729.0 186002.0 195436.0 221563.0 210046.0 203712.0
201 219527.0 196352.0 220894.0 207996.0 215202.0 226270.0 211064.0 324074.0 200858.0 196414.0 207677.0 287593.0 216367.0 191438.0 226493.0 235763.0 458840.0 198372.0 212644.0 205150.0 203694.0 222986.0 228318.0 212257.0 196414.0 260584.0 228138.0 185722.0 195113.0 222594.0 209350.0 203966.0
204 219765.0 196167.0 220122.0 208474.0 214856.0 226875.0 211202.0 328575.0 201280.0 197188.0 207249.0 288635.0 215494.0 191654.0 226925.0 234846.0 457824.0 198380.0 211332.0 206141.0 203947.0 223150.0 229357.0 211700.0 197046.0 259191.0 228540.0 185588.0 196741.0 223257.0 209605.0 204353.0
207 219475.0 196004.0 221432.0 208608.0 215479.0 226330.0 210668.0 325397.0 202310.0 196893.0 207311.0 286949.0 215932.0 191689.0 228061.0 236188.0 440670.0 199204.0 212506.0 205963.0 203007.0 223321.0 227329.0 212654.0 196608.0 260379.0 228685.0 185407.0 195386.0 223445.0 210819.0 204689.0
210 219277.0 195369.0 221580.0 208426.0 214403.0 227045.0 211485.0 325726.0 202060.0 196647.0 207225.0 288280.0 216030.0 191968.0 227547.0 236672.0 422977.0 198868.0 211689.0 205897.0 202882.0 223490.0 228221.0 212338.0 197128.0 260271.0 228835.0 184048.0 196856.0 222746.0 210048.0 205500.0
213 219101.0 196058.0 221018.0 207190.0 214089.0 226049.0 211409.0 326983.0 201528.0 196545.0 207042.0 285977.0 214461.0 192191.0 226664.0 237131.0 419403.0 197978.0 211418.0 205256.0 203146.0 223430.0 228985.0 211396.0 197405.0 259461.0 228480.0 186030.0 196321.0 223343.0 210173.0 204946.0
216 217452.0 194392.0 219387.0 206843.0 213476.0 226896.0 210779.0 326792.0 201060.0 195740.0 206431.0 285823.0 215497.0 190635.0 226115.0 237107.0 419411.0 197980.0 210772.0 205133.0 203578.0 223721.0 227786.0 210046.0 196109.0 257904.0 228364.0 185478.0 196510.0 223223.0 208427.0 204295.0
219 217100.0 193745.0 220152.0 206507.0 213125.0 224782.0 210098.0 323965.0 199805.0 194401.0 205389.0 284704.0 215433.0 190883.0 225456.0 235489.0 442064.0 197762.0 211344.0 204541.0 202966.0 222171.0 227143.0 209894.0 195564.0 258508.0 227341.0 185138.0 195068.0 221514.0 208578.0 203710.0
222 216292.0 193861.0 219694.0 205488.0 212817.0 224700.0 208497.0 322968.0 199344.0 194768.0 206292.0 283630.0 213404.0 190322.0 225479.0 234147.0 446341.0 197501.0 209684.0 203392.0 202087.0 221871.0 227082.0 210877.0 195066.0 257290.0 226784.0 183332.0 195269.0 220607.0 207252.0 203753.0
225 217190.0 193590.0 218563.0 206136.0 212135.0 224220.0 208720.0 323114.0 198863.0 195295.0 205074.0 284368.0 213843.0 189646.0 224042.0 234420.0 437395.0 196491.0 210060.0 203375.0 202346.0 220960.0 226596.0 210160.0 196054.0 255159.0 226385.0 184099.0 194506.0 220347.0 207153.0 202916.0
228 216312.0 193546.0 218162.0 205982.0 211513.0 223521.0 208885.0 321336.0 199204.0 194342.0 204310.0 283498.0 214302.0 189694.0 226212.0 234213.0 414299.0 196775.0 209342.0 203036.0 201514.0 221169.0 225537.0 209976.0 194245.0 254470.0 226167.0 183309.0 193958.0 220400.0 207524.0 202702.0
231 216517.0 193070.0 218148.0 205044.0 210287.0 223997.0 208615.0 321182.0 198484.0 194349.0 204176.0 283415.0 212255.0 189506.0 223664.0 233265.0 420900.0 195945.0 209460.0 202547.0 201528.0 220284.0 225719.0 208315.0 193998.0 255532.0 225772.0 183600.0 193180.0 219589.0 206840.0 201689.0
234 215199.0 193285.0 217333.0 204407.0 211540.0 223117.0 207810.0 317753.0 198097.0 193766.0 204711.0 282286.0 212083.0 189097.0 223287.0 232458.0 414781.0 195292.0 208816.0 202205.0 200592.0 219622.0 225951.0 210139.0 192822.0 254122.0 224962.0 182201.0 193167.0 219344.0 206846.0 201888.0
237 216285.0 193343.0 217222.0 203762.0 211568.0 223233.0 207599.0 329121.0 198015.0 193656.0 204892.0 281178.0 211735.0 189044.0 223655.0 233206.0 414742.0 195654.0 208352.0 202362.0 200449.0 219814.0 224601.0 209750.0 194404.0 254116.0 224762.0 182175.0 193606.0 219847.0 206822.0 202562.0
240 214088.0 191906.0 215186.0 203074.0 210602.0 222264.0 206550.0 313250.0 196780.0 192502.0 203780.0 281742.0 211372.0 187645.0 221409.0 231845.0 420480.0 194397.0 207302.0 200938.0 198968.0 218207.0 223290.0 209039.0 192895.0 252866.0 223398.0 181542.0 192426.0 218044.0 205385.0 201432.0
243 213574.0 190800.0 215266.0 202031.0 209353.0 220954.0 205609.0 310007.0 195860.0 191246.0 202838.0 281816.0 209146.0 187128.0 221014.0 231066.0 394764.0 195483.0 207155.0 199376.0 198816.0 218156.0 222518.0 205416.0 191431.0 251205.0 222164.0 180906.0 190375.0 216744.0 203899.0 200750.0
246 211467.0 189080.0 213304.0 198756.0 207624.0 220268.0 204281.0 318856.0 194397.0 187692.0 201549.0 281805.0 205084.0 185594.0 216099.0 229338.0 382155.0 193082.0 205022.0 195998.0 197030.0 215387.0 221640.0 204133.0 190809.0 248363.0 220840.0 178822.0 187530.0 216047.0 201574.0 197943.0
249 206839.0 187649.0 208190.0 184474.0 204904.0 218064.0 201416.0 309132.0 192993.0 172341.0 198404.0 280573.0 189736.0 182741.0 202858.0 229513.0 337337.0 190383.0 200729.0 182966.0 191161.0 211112.0 220388.0 195037.0 184381.0 243462.0 216526.0 171525.0 175596.0 212303.0 194636.0 192251.0
252 191293.0 176816.0 186796.0 146097.0 196979.0 210653.0 185884.0 283665.0 184769.0 135818.0 184565.0 274464.0 148089.0 172217.0 163576.0 226978.0 258221.0 179893.0 186394.0 148933.0 172741.0 192675.0 214668.0 171325.0 165507.0 224225.0 201881.0 149076.0 144884.0 200758.0 174651.0 172858.0
255 153477.0 143256.0 140627.0 82886.0 163922.0 184856.0 144463.0 209786.0 157268.0 78565.0 143576.0 252500.0 82571.0 139568.0 97682.0 218254.0 146334.0 146238.0 148126.0 91715.0 127230.0 147639.0 192625.0 121614.0 119211.0 175406.0 163382.0 99213.0 90147.0 164810.0 128722.0 129870.0
258 111019.0 101664.0 95867.0 45104.0 123601.0 148533.0 100470.0 146937.0 123497.0 43948.0 98381.0 209303.0 44207.0 104058.0 54012.0 198993.0 77876.0 104620.0 108651.0 52116.0 85484.0 101112.0 158601.0 79727.0 77005.0 124744.0 121965.0 58851.0 51303.0 123595.0 86330.0 89747.0
261 57941.0 49318.0 45958.0 22004.0 64348.0 86451.0 47600.0 76972.0 69984.0 21675.0 45830.0 128700.0 21985.0 55013.0 25479.0 149469.0 38591.0 50166.0 56931.0 24590.0 40431.0 47631.0 96339.0 37198.0 34528.0 62633.0 66775.0 26182.0 23663.0 64052.0 40694.0 43452.0
264 28288.0 23633.0 23626.0 16703.0 29196.0 40723.0 23251.0 41113.0 34249.0 16145.0 22496.0 58086.0 16663.0 25894.0 18443.0 85533.0 28530.0 23020.0 27735.0 17038.0 21516.0 24484.0 45592.0 21341.0 19250.0 31274.0 33434.0 16679.0 16690.0 29837.0 22069.0 22804.0
267 19172.0 16751.0 17831.0 14304.0 19369.0 23714.0 17339.0 29290.0 20365.0 13863.0 17680.0 29083.0 14435.0 17536.0 15796.0 39544.0 24167.0 16890.0 19179.0 14570.0 17113.0 19050.0 24987.0 17302.0 15590.0 23205.0 21917.0 13697.0 14116.0 20643.0 17495.0 17697.0
270 16209.0 14397.0 15166.0 13060.0 16633.0 20167.0 15149.0 25867.0 16819.0 12463.0 14997.0 22936.0 12933.0 14920.0 14239.0 25062.0 20961.0 14606.0 16442.0 12962.0 14825.0 16562.0 19881.0 15202.0 13817.0 20297.0 18644.0 12377.0 12579.0 17600.0 15248.0 15335.0
273 14490.0 12729.0 13613.0 12217.0 14339.0 17067.0 13472.0 22291.0 14522.0 11787.0 13295.0 19595.0 12410.0 13057.0 13325.0 20825.0 19983.0 12687.0 14578.0 12159.0 13198.0 14661.0 17584.0 13750.0 12357.0 18099.0 16349.0 11156.0 12021.0 15229.0 13457.0 13429.0
276 13082.0 11634.0 12690.0 11936.0 13176.0 15177.0 12574.0 21155.0 13362.0 11496.0 12139.0 16871.0 12054.0 11933.0 13108.0 18705.0 19284.0 11223.0 13614.0 11680.0 12027.0 13368.0 15686.0 13162.0 11850.0 16707.0 14544.0 10846.0 11541.0 13833.0 12727.0 12433.0
279 12746.0 11279.0 12478.0 11821.0 12480.0 14124.0 11855.0 19239.0 12403.0 11149.0 11776.0 14860.0 11743.0 11740.0 12899.0 16262.0 18791.0 10647.0 13064.0 11422.0 11497.0 13022.0 14529.0 12869.0 11587.0 16353.0 13629.0 10659.0 11176.0 13285.0 12264.0 11963.0
282 12462.0 10902.0 11999.0 11595.0 12305.0 13448.0 12155.0 19001.0 12196.0 11193.0 11412.0 14348.0 11527.0 11667.0 12738.0 15283.0 18899.0 10625.0 12724.0 11306.0 11393.0 12788.0 14341.0 12678.0 11237.0 15958.0 13624.0 10392.0 11310.0 12783.0 12542.0 11864.0
285 12323.0 10743.0 11975.0 11536.0 12151.0 13374.0 11908.0 19318.0 11961.0 11001.0 11125.0 14080.0 11514.0 11381.0 12586.0 14504.0 19736.0 10517.0 12651.0 11245.0 11184.0 12605.0 14095.0 12629.0 11282.0 15883.0 13321.0 10382.0 11048.0 12731.0 12257.0 11841.0
288 12211.0 10640.0 11871.0 11337.0 12009.0 13337.0 11819.0 18576.0 11878.0 10884.0 11261.0 13705.0 11326.0 11186.0 12399.0 14386.0 19612.0 10396.0 12333.0 11205.0 11218.0 12222.0 13899.0 12244.0 11248.0 15632.0 13240.0 10247.0 10758.0 12426.0 12202.0 11577.0
291 12219.0 10806.0 11753.0 11349.0 12077.0 13040.0 11534.0 18470.0 11627.0 10874.0 11276.0 13864.0 11449.0 11231.0 12636.0 14414.0 19142.0 10242.0 12334.0 11173.0 10945.0 12235.0 13816.0 12517.0 11200.0 15758.0 12935.0 10263.0 10679.0 12292.0 12254.0 11403.0
294 11870.0 10619.0 11491.0 11128.0 11805.0 13158.0 11531.0 18123.0 11564.0 10732.0 11092.0 13646.0 11469.0 11023.0 12107.0 14265.0 19399.0 9963.0 12474.0 10881.0 10623.0 12478.0 13705.0 12040.0 10948.0 15541.0 12939.0 10022.0 10642.0 12390.0 11873.0 11297.0
297 11887.0 10462.0 11572.0 10959.0 12098.0 12744.0 11405.0 18267.0 11629.0 10640.0 10961.0 13464.0 11043.0 10992.0 11944.0 14050.0 17836.0 10114.0 12128.0 10993.0 10971.0 12020.0 13431.0 12064.0 10955.0 15149.0 12694.0 10069.0 10445.0 12261.0 11891.0 11155.0
300 11682.0 10289.0 11365.0 10938.0 11666.0 12668.0 11373.0 17505.0 11426.0 10393.0 10665.0 13250.0 11029.0 10838.0 11860.0 14057.0 18217.0 9767.0 11792.0 10698.0 10540.0 12112.0 13595.0 11817.0 10643.0 15145.0 12536.0 9810.0 10215.0 11930.0 11656.0 11232.0
303 11559.0 10200.0 11366.0 10856.0 11728.0 12543.0 11229.0 17131.0 11138.0 10240.0 10813.0 13122.0 10858.0 10771.0 11723.0 13583.0 18282.0 9911.0 11779.0 10537.0 10609.0 11775.0 13550.0 11599.0 10782.0 15088.0 12578.0 9630.0 10225.0 11995.0 11565.0 10996.0
306 11324.0 9992.0 11080.0 10665.0 11407.0 12498.0 10975.0 16521.0 11041.0 9927.0 10568.0 12908.0 10625.0 10660.0 11504.0 13715.0 16833.0 9576.0 11836.0 10496.0 10338.0 11827.0 12947.0 11706.0 10316.0 14972.0 12097.0 9474.0 10141.0 11487.0 11202.0 10900.0
309 11254.0 10116.0 11073.0 10458.0 11272.0 12314.0 10877.0 16569.0 11121.0 9933.0 10523.0 12716.0 10568.0 10482.0 11470.0 13497.0 16618.0 9326.0 11549.0 10308.0 10398.0 11429.0 13024.0 11463.0 10301.0 14947.0 12118.0 9480.0 9909.0 11463.0 11221.0 10825.0
312 11179.0 9672.0 10688.0 10242.0 10996.0 12081.0 10523.0 16443.0 10789.0 9693.0 10403.0 12475.0 10388.0 10393.0 11174.0 13497.0 16321.0 9366.0 11531.0 10039.0 9981.0 11469.0 12700.0 11211.0 9910.0 14604.0 11935.0 9279.0 9794.0 11522.0 11060.0 10433.0
315 11111.0 9873.0 10732.0 10372.0 10837.0 12152.0 10518.0 16599.0 10503.0 9646.0 10155.0 12446.0 10221.0 10121.0 10936.0 13228.0 15702.0 9288.0 11334.0 10045.0 9981.0 11386.0 12656.0 10847.0 9971.0 14133.0 12101.0 9096.0 9623.0 11152.0 10925.0 10446.0
318 10879.0 9602.0 10429.0 9806.0 10744.0 11864.0 10394.0 16711.0 10599.0 9312.0 10089.0 12441.0 9866.0 9912.0 10678.0 13084.0 15381.0 9256.0 10796.0 9830.0 9854.0 11058.0 12435.0 10543.0 9757.0 13993.0 11764.0 9057.0 9543.0 11172.0 10917.0 10476.0
321 10767.0 9346.0 10393.0 9578.0 10574.0 11644.0 10134.0 15594.0 10302.0 9013.0 10015.0 11771.0 9575.0 9850.0 10668.0 12773.0 14737.0 9015.0 10768.0 9534.0 9564.0 10784.0 11954.0 10665.0 9636.0 13836.0 11489.0 8955.0 9160.0 10804.0 10600.0 10051.0
324 10341.0 9113.0 9972.0 9389.0 10344.0 11352.0 9946.0 16201.0 9980.0 8868.0 9691.0 11629.0 9346.0 9639.0 10162.0 12527.0 14447.0 8921.0 10491.0 9383.0 9454.0 10731.0 12152.0 10291.0 9297.0 13325.0 11096.0 8628.0 9048.0 10643.0 10307.0 9918.0
327 9970.0 8978.0 9608.0 8741.0 10082.0 11128.0 9444.0 15531.0 9921.0 8371.0 9554.0 11412.0 8699.0 9519.0 9691.0 12272.0 13083.0 8812.0 10332.0 8781.0 9247.0 10313.0 11863.0 9957.0 9051.0 13028.0 10890.0 8342.0 8468.0 10474.0 9973.0 9466.0
330 9850.0 8625.0 9327.0 7967.0 9803.0 10948.0 9162.0 14236.0 9787.0 7775.0 9085.0 11253.0 7679.0 8961.0 8672.0 12142.0 11458.0 8400.0 9995.0 8303.0 8713.0 10069.0 11374.0 9579.0 8643.0 12981.0 11000.0 7822.0 7783.0 10104.0 9651.0 9049.0
333 9580.0 8357.0 8669.0 6638.0 9303.0 10514.0 8681.0 14338.0 9266.0 6442.0 8729.0 10926.0 6314.0 8491.0 7388.0 12002.0 8994.0 7936.0 9368.0 6991.0 8153.0 9329.0 10986.0 8463.0 7809.0 11938.0 10294.0 6985.0 6592.0 9618.0 8902.0 8305.0
336 8592.0 7622.0 7929.0 4794.0 8832.0 10060.0 7486.0 12740.0 8737.0 4923.0 7860.0 10396.0 4746.0 7816.0 5803.0 11580.0 6179.0 7085.0 8569.0 5496.0 7128.0 8136.0 10455.0 7255.0 6577.0 10903.0 9375.0 5787.0 5028.0 8798.0 7702.0 7167.0
339 7298.0 6449.0 6339.0 3044.0 7733.0 9190.0 5805.0 10649.0 7715.0 3273.0 6433.0 9474.0 2910.0 6604.0 3732.0 11160.0 3861.0 6049.0 7053.0 3820.0 5602.0 6567.0 9382.0 5765.0 4726.0 9001.0 8254.0 4261.0 3290.0 7340.0 6118.0 5768.0
342 5630.0 4835.0 4887.0 1852.0 6145.0 8036.0 4352.0 8380.0 6279.0 2081.0 4819.0 8217.0 1778.0 5264.0 2279.0 10443.0 2439.0 4669.0 5635.0 2410.0 4079.0 4925.0 8012.0 3861.0 3199.0 6965.0 6613.0 2666.0 2116.0 5835.0 4360.0 4224.0
345 3890.0 3246.0 3171.0 1293.0 4141.0 6205.0 2803.0 6004.0 4837.0 1339.0 3177.0 6374.0 1258.0 3697.0 1518.0 9042.0 1717.0 3002.0 3959.0 1504.0 2577.0 3129.0 6198.0 2477.0 1910.0 4648.0 4720.0 1597.0 1313.0 3939.0 2779.0 2721.0
348 2636.0 2170.0 2068.0 1074.0 2797.0 4421.0 1784.0 3826.0 3410.0 1106.0 1894.0 4734.0 1076.0 2488.0 1265.0 7671.0 1562.0 1753.0 2672.0 1168.0 1653.0 1954.0 4520.0 1689.0 1321.0 3021.0 3152.0 1148.0 1049.0 2439.0 1787.0 1662.0
351 1676.0 1354.0 1380.0 1014.0 1776.0 2711.0 1216.0 2509.0 2262.0 992.0 1312.0 2971.0 927.0 1509.0 1092.0 5636.0 1380.0 1198.0 1690.0 1040.0 1180.0 1377.0 2790.0 1248.0 1108.0 1991.0 2014.0 1004.0 929.0 1650.0 1330.0 1261.0
354 1188.0 988.0 1100.0 896.0 1253.0 1740.0 1037.0 1876.0 1378.0 904.0 1079.0 1691.0 878.0 1060.0 963.0 3206.0 1186.0 928.0 1283.0 942.0 993.0 1184.0 1718.0 1156.0 963.0 1541.0 1437.0 914.0 882.0 1275.0 1167.0 1171.0
357 1107.0 904.0 1050.0 931.0 1112.0 1370.0 993.0 1715.0 1148.0 892.0 925.0 1376.0 923.0 1000.0 1005.0 2185.0 1259.0 899.0 1104.0 845.0 942.0 994.0 1395.0 1079.0 965.0 1438.0 1309.0 875.0 889.0 1058.0 1020.0 976.0
