150 317300.0 274407.0 349611.0 271423.0 349029.0 307358.0 287662.0 279969.0 306036.0 309164.0 311332.0 299360.0 332992.0 277276.0 337751.0 302506.0 303100.0 306422.0 274114.0 293692.0 277941.0 329632.0 296364.0 304510.0 300106.0 317981.0 294603.0 332537.0 339834.0 306089.0 338386.0 304405.0
153 361211.0 321165.0 386888.0 298742.0 394160.0 334713.0 307829.0 309093.0 360834.0 332052.0 341002.0 322572.0 358889.0 292047.0 362801.0 321013.0 346252.0 324896.0 293564.0 323738.0 304103.0 353912.0 355483.0 330256.0 319794.0 354607.0 342259.0 358504.0 364411.0 333418.0 385892.0 326379.0
156 15120865.0 15110045.0 15113444.0 15100296.0 15122444.0 15107207.0 15113463.0 15099412.0 15101322.0 15095410.0 15103813.0 15089209.0 15102350.0 15109804.0 15103748.0 15085261.0 15114735.0 15105926.0 15110909.0 15095396.0 15098681.0 15107406.0 15087451.0 15096631.0 15093174.0 15104895.0 15093713.0 15105022.0 15097727.0 15106195.0 15107883.0 15103657.0
159 18405179.0 18406929.0 18393487.0 18398941.0 18395815.0 18388801.0 18408734.0 18393787.0 18389859.0 18383366.0 18395541.0 18383122.0 18388491.0 18408494.0 18388458.0 18380376.0 18402252.0 18400405.0 18411981.0 18398086.0 18394520.0 18396371.0 18376033.0 18394804.0 18380270.0 18397931.0 18380597.0 18394088.0 18370766.0 18403967.0 18397334.0 18406286.0
162 18784708.0 18787166.0 18772919.0 18777554.0 18777365.0 18766791.0 18789350.0 18773114.0 18769563.0 18760750.0 18774661.0 18761213.0 18767250.0 18787565.0 18768059.0 18758936.0 18782612.0 18778898.0 18791727.0 18778347.0 18773488.0 18776475.0 18756389.0 18774719.0 18757758.0 18778298.0 18760753.0 18773350.0 18748250.0 18784723.0 18777059.0 18785516.0
165 19038416.0 19042069.0 19025625.0 19028101.0 19029756.0 19015328.0 19040404.0 19022439.0 19024174.0 19010435.0 19028788.0 19011278.0 19019564.0 19038692.0 19020073.0 19009027.0 19036243.0 19030559.0 19044442.0 19031755.0 19023313.0 19028655.0 19005933.0 19027149.0 19007514.0 19031553.0 19010157.0 19025932.0 18996813.0 19036970.0 19030280.0 19039216.0
168 19271477.0 19274793.0 19257500.0 19257316.0 19260954.0 19243509.0 19271371.0 19251844.0 19255303.0 19239392.0 19259746.0 19240561.0 19250363.0 19269347.0 19250320.0 19239033.0 19268085.0 19260658.0 19275526.0 19262951.0 19252869.0 19259191.0 19233609.0 19256535.0 19235737.0 19262261.0 19239322.0 19256676.0 19226186.0 19266541.0 19261688.0 19269956.0
171 19658524.0 19662902.0 19644430.0 19641518.0 19647938.0 19625495.0 19659283.0 19635600.0 19641365.0 19621245.0 19643943.0 19623295.0 19636391.0 19656759.0 19635940.0 19621327.0 19654196.0 19647756.0 19662846.0 19649061.0 19637190.0 19645427.0 19618205.0 19643297.0 19617228.0 19648538.0 19623499.0 19643609.0 19608242.0 19653402.0 19647058.0 19656377.0
174 19914991.0 19922118.0 19902526.0 19898146.0 19905928.0 19876765.0 19918598.0 19890626.0 19900882.0 19873551.0 19904171.0 19877368.0 19895951.0 19915611.0 19894891.0 19875365.0 19912892.0 19906644.0 19921511.0 19907115.0 19892826.0 19903645.0 19870832.0 19901696.0 19868563.0 19905253.0 19877504.0 19899989.0 19859362.0 19909948.0 19904029.0 19913318.0
177 19910095.0 19917961.0 19897775.0 19884019.0 19899215.0 19846915.0 19912842.0 19870093.0 19898223.0 19846571.0 19901249.0 19856661.0 19892165.0 19908960.0 19888123.0 19854049.0 19909006.0 19901216.0 19918012.0 19903387.0 19879435.0 19898121.0 19857656.0 19894693.0 19833798.0 19898428.0 19864066.0 19891334.0 19827423.0 19901675.0 19895772.0 19905839.0
180 19685314.0 19694064.0 19650452.0 19574439.0 19646047.0 19502266.0 19655847.0 19547254.0 19653800.0 19515577.0 19654704.0 19541171.0 19636515.0 19636974.0 19620699.0 19540632.0 19666565.0 19643441.0 19668227.0 19655383.0 19569826.0 19636765.0 19539726.0 19633593.0 19504190.0 19639309.0 19546156.0 19620768.0 19480833.0 19640195.0 19646982.0 19654401.0
183 17985334.0 17968704.0 17814531.0 17488234.0 17668622.0 17252908.0 17723764.0 17354258.0 17768446.0 17329382.0 17817532.0 17471895.0 17758593.0 17664721.0 17658792.0 17513765.0 17731218.0 17724865.0 17719580.0 17758659.0 17399009.0 17668459.0 17371995.0 17676856.0 17330557.0 17648446.0 17364990.0 17627417.0 17264924.0 17685014.0 17749124.0 17809086.0
186 8801878.0 8815446.0 8722747.0 8752423.0 8517581.0 8354477.0 8598515.0 8554955.0 8882301.0 8624551.0 8998272.0 8960450.0 8931927.0 8578798.0 8730784.0 9002841.0 8743154.0 8792548.0 8662211.0 8861446.0 8629441.0 8692870.0 8758119.0 8724985.0 8560891.0 8573486.0 8697947.0 8573324.0 8384274.0 8576887.0 8757994.0 8739603.0
189 7427119.0 7432374.0 7372134.0 7616494.0 7133432.0 7244015.0 7238657.0 7433359.0 7544860.0 7541399.0 7671235.0 7879305.0 7579355.0 7225528.0 7373586.0 7892034.0 7377607.0 7454161.0 7297031.0 7524345.0 7539434.0 7346352.0 7691012.0 7377489.0 7485380.0 7212112.0 7654662.0 7208852.0 7264887.0 7205553.0 7394976.0 7362660.0
192 364206.0 328478.0 387656.0 320655.0 362903.0 321474.0 311329.0 306944.0 387338.0 344814.0 405719.0 383081.0 388654.0 311649.0 379011.0 394332.0 354925.0 369022.0 314617.0 365902.0 320568.0 373720.0 370474.0 356683.0 342719.0 364457.0 368224.0 371322.0 368150.0 351462.0 404401.0 364811.0
195 323402.0 290026.0 349735.0 273741.0 346558.0 302799.0 279655.0 280553.0 330901.0 306575.0 318746.0 301661.0 331498.0 270671.0 333591.0 304440.0 311169.0 302652.0 268249.0 300920.0 277659.0 323839.0 324547.0 304744.0 296520.0 320268.0 312657.0 326453.0 331979.0 302775.0 340603.0 303386.0
198 323963.0 288377.0 348222.0 269735.0 345669.0 302790.0 276320.0 279551.0 327931.0 304541.0 312159.0 295609.0 329564.0 268293.0 332651.0 299020.0 310690.0 298971.0 266176.0 295974.0 275273.0 321499.0 321394.0 300639.0 293392.0 318186.0 306944.0 321544.0 329836.0 298728.0 335433.0 298189.0
201 324809.0 288949.0 348427.0 270017.0 347204.0 301134.0 276837.0 278156.0 327361.0 303157.0 311497.0 294924.0 328555.0 267876.0 333102.0 299232.0 309981.0 297695.0 266096.0 296356.0 274137.0 321270.0 321790.0 300660.0 292638.0 315958.0 307108.0 323160.0 329455.0 298763.0 333666.0 298141.0
204 325195.0 289849.0 348778.0 269894.0 347985.0 302649.0 277092.0 280317.0 328299.0 305596.0 312290.0 295420.0 330662.0 269628.0 333526.0 299193.0 310787.0 298665.0 267275.0 296360.0 274867.0 320944.0 321425.0 302263.0 292807.0 318235.0 307841.0 324416.0 329956.0 300185.0 336370.0 297864.0
207 325672.0 290799.0 349213.0 270260.0 348897.0 303351.0 278304.0 277161.0 329587.0 305829.0 313789.0 296968.0 330508.0 269929.0 333893.0 299097.0 311092.0 299500.0 266830.0 296764.0 275157.0 322203.0 322684.0 301413.0 292648.0 319392.0 308213.0 323232.0 329447.0 299818.0 335868.0 299253.0
210 324628.0 290641.0 348916.0 269831.0 349176.0 303126.0 277084.0 276817.0 328659.0 305276.0 311653.0 295939.0 330625.0 269547.0 333878.0 299942.0 310970.0 299084.0 266790.0 295281.0 274566.0 321487.0 322427.0 301333.0 293424.0 318714.0 308666.0 323135.0 329195.0 300772.0 334805.0 299584.0
213 324982.0 289479.0 348978.0 269066.0 347792.0 301754.0 277153.0 277109.0 328192.0 304732.0 312685.0 295591.0 330679.0 268798.0 333950.0 299644.0 310030.0 298972.0 267194.0 296344.0 274169.0 321899.0 321626.0 301279.0 292195.0 318993.0 307348.0 322161.0 331131.0 299069.0 336358.0 298615.0
216 324150.0 289159.0 346949.0 270325.0 347673.0 302433.0 278038.0 276972.0 329376.0 305395.0 313101.0 295621.0 329540.0 269748.0 333126.0 299284.0 310433.0 298142.0 266225.0 297498.0 275320.0 322579.0 322790.0 301928.0 294527.0 317428.0 308107.0 323906.0 330045.0 299442.0 336002.0 298417.0
219 323699.0 289625.0 343925.0 269578.0 346178.0 302663.0 277545.0 280027.0 327849.0 305246.0 313908.0 296142.0 330489.0 268659.0 331680.0 300610.0 309164.0 300108.0 266811.0 296741.0 274461.0 321691.0 322496.0 300343.0 293861.0 317809.0 307605.0 324229.0 331241.0 300567.0 335707.0 299330.0
222 322650.0 288510.0 342610.0 268060.0 344995.0 300059.0 275859.0 277624.0 325798.0 303457.0 311598.0 295565.0 329425.0 268303.0 331165.0 298694.0 307336.0 298242.0 265362.0 295077.0 273592.0 321341.0 319649.0 299857.0 293086.0 317534.0 306776.0 324487.0 330792.0 298726.0 335033.0 298367.0
225 320746.0 286961.0 342560.0 267916.0 343655.0 299533.0 275213.0 277031.0 325566.0 303718.0 311876.0 294194.0 328889.0 268327.0 329707.0 297615.0 307618.0 297435.0 265610.0 293224.0 272743.0 319275.0 319887.0 299505.0 292539.0 315785.0 304335.0 321902.0 328165.0 297732.0 332926.0 297262.0
228 322691.0 286773.0 342628.0 268333.0 343550.0 299399.0 275878.0 277174.0 324906.0 302129.0 310614.0 293966.0 327207.0 267938.0 329435.0 297540.0 307855.0 296038.0 265424.0 292919.0 273026.0 319521.0 319090.0 298510.0 291447.0 314363.0 305732.0 320099.0 328679.0 296746.0 332221.0 295774.0
231 321480.0 287372.0 341184.0 267044.0 343998.0 299014.0 274561.0 277414.0 324776.0 301400.0 310128.0 292219.0 326921.0 266418.0 329052.0 296306.0 305379.0 296086.0 264979.0 293661.0 272451.0 318171.0 318255.0 298384.0 290485.0 314412.0 304591.0 319705.0 327355.0 295514.0 330777.0 294770.0
234 320650.0 287363.0 342119.0 266754.0 341412.0 298376.0 273125.0 276057.0 324051.0 302727.0 308177.0 291533.0 326268.0 266642.0 327854.0 295019.0 305889.0 295477.0 264077.0 292377.0 271979.0 317374.0 317388.0 296866.0 290956.0 314302.0 303797.0 318349.0 326810.0 295905.0 330527.0 293870.0
237 320310.0 285097.0 343054.0 266204.0 341037.0 296653.0 273626.0 274510.0 324090.0 298983.0 306882.0 290404.0 325072.0 265469.0 326001.0 294647.0 305077.0 294200.0 263884.0 292731.0 270847.0 316717.0 316800.0 296579.0 288906.0 313234.0 302285.0 318471.0 324369.0 294232.0 329865.0 294305.0
240 318764.0 285512.0 343177.0 265872.0 340352.0 297930.0 273997.0 275441.0 324351.0 300323.0 308002.0 292519.0 325224.0 266266.0 326273.0 295410.0 304931.0 296170.0 263772.0 293073.0 271401.0 317719.0 317010.0 297119.0 290974.0 313467.0 302653.0 319306.0 325437.0 294188.0 329565.0 293969.0
243 316847.0 282934.0 340889.0 265552.0 337798.0 295038.0 271574.0 270699.0 321924.0 298065.0 305491.0 289198.0 322846.0 264221.0 324973.0 292776.0 302280.0 293486.0 263028.0 289699.0 270435.0 315015.0 314647.0 295622.0 288661.0 311447.0 301268.0 317413.0 323333.0 294175.0 327212.0 291775.0
246 315740.0 281728.0 339717.0 263310.0 337123.0 293582.0 271758.0 269846.0 320006.0 297404.0 305452.0 288485.0 321530.0 263104.0 323107.0 291630.0 300402.0 292128.0 262019.0 289229.0 267268.0 314191.0 314575.0 293267.0 286906.0 309644.0 299019.0 315378.0 322115.0 291416.0 326115.0 290938.0
249 313474.0 279667.0 336432.0 261705.0 335330.0 291414.0 269127.0 270620.0 317418.0 294775.0 303434.0 287225.0 319443.0 261363.0 322630.0 290712.0 298830.0 291397.0 259175.0 287932.0 266798.0 311379.0 310577.0 292030.0 285773.0 306474.0 298758.0 313437.0 318940.0 290704.0 324110.0 289354.0
252 310968.0 278991.0 335778.0 261441.0 331966.0 290306.0 267968.0 266994.0 315615.0 293279.0 301350.0 285338.0 319096.0 261534.0 319703.0 289534.0 296650.0 288872.0 258925.0 287700.0 266012.0 311045.0 308311.0 291851.0 285011.0 306090.0 295535.0 311509.0 319675.0 289821.0 322721.0 288882.0
255 304599.0 270815.0 330954.0 260112.0 324311.0 288585.0 268219.0 262343.0 310711.0 290700.0 300793.0 285473.0 317581.0 261884.0 316761.0 289416.0 287626.0 289126.0 256278.0 285610.0 262983.0 309028.0 301434.0 290383.0 284843.0 300300.0 290486.0 310620.0 318913.0 287348.0 319858.0 286763.0
258 230193.0 192891.0 288377.0 239966.0 241502.0 253883.0 250352.0 211902.0 245893.0 252959.0 285398.0 274466.0 298681.0 250109.0 276743.0 279497.0 211305.0 280941.0 227619.0 263994.0 226357.0 281933.0 232288.0 272339.0 280385.0 249403.0 243894.0 298342.0 305573.0 274292.0 283306.0 266004.0
261 141971.0 113171.0 216277.0 193219.0 149167.0 196295.0 211073.0 140239.0 160433.0 192246.0 246614.0 243703.0 254418.0 223043.0 208850.0 255642.0 129174.0 259964.0 178733.0 218210.0 169349.0 231557.0 153671.0 233116.0 272399.0 184597.0 179105.0 268342.0 275258.0 244835.0 227815.0 228725.0
264 62907.0 48344.0 115425.0 112719.0 66314.0 109531.0 133307.0 65618.0 73620.0 106730.0 166348.0 170827.0 163816.0 159379.0 112825.0 192669.0 57087.0 203939.0 102024.0 136641.0 90960.0 144926.0 74311.0 157208.0 242783.0 104195.0 95809.0 197741.0 204155.0 182421.0 144130.0 162775.0
267 35395.0 29419.0 55555.0 52411.0 37900.0 53878.0 66344.0 34094.0 38763.0 52207.0 85608.0 91818.0 81574.0 89132.0 54778.0 112299.0 32457.0 127420.0 48413.0 66646.0 43056.0 72558.0 39114.0 83135.0 184221.0 53061.0 47482.0 116137.0 118927.0 111418.0 74252.0 95106.0
270 28609.0 24275.0 36339.0 29344.0 31082.0 32572.0 33854.0 25906.0 29640.0 32385.0 42257.0 44615.0 42208.0 42301.0 35491.0 53265.0 26002.0 62103.0 28416.0 34922.0 28091.0 38708.0 29605.0 42959.0 107149.0 34113.0 30909.0 56314.0 57978.0 54658.0 40958.0 47988.0
273 24918.0 21656.0 30579.0 24489.0 26922.0 26914.0 27145.0 22428.0 25549.0 27591.0 31594.0 31357.0 33028.0 28405.0 30285.0 34286.0 22885.0 35702.0 23647.0 28592.0 23745.0 30426.0 25873.0 31839.0 53751.0 28615.0 25803.0 36424.0 37811.0 33915.0 32049.0 32396.0
276 22273.0 19245.0 26435.0 21085.0 24260.0 23109.0 23067.0 19902.0 22918.0 23487.0 27080.0 26335.0 28601.0 24355.0 25891.0 28846.0 21157.0 28655.0 20580.0 24083.0 20326.0 26309.0 23070.0 27143.0 34200.0 24927.0 22678.0 30588.0 31623.0 28162.0 27525.0 27189.0
279 21192.0 18376.0 24523.0 18545.0 23129.0 21375.0 20221.0 18358.0 21603.0 21367.0 24062.0 23047.0 25061.0 21110.0 23465.0 25411.0 20047.0 24947.0 18467.0 21627.0 18298.0 23277.0 21855.0 23897.0 29631.0 22738.0 20879.0 26737.0 27689.0 24261.0 24418.0 24093.0
282 20982.0 18186.0 23301.0 17550.0 23083.0 20729.0 18671.0 17914.0 21402.0 20117.0 22303.0 20565.0 22907.0 18738.0 22290.0 22133.0 19328.0 21876.0 17469.0 20349.0 17660.0 21490.0 21236.0 22009.0 26027.0 21788.0 20360.0 23429.0 24546.0 21691.0 22959.0 21448.0
285 20960.0 17949.0 23098.0 16800.0 22392.0 20122.0 18174.0 17750.0 21017.0 19547.0 21422.0 19922.0 22432.0 17601.0 21778.0 19951.0 19441.0 20306.0 17182.0 19492.0 16961.0 20808.0 21374.0 21289.0 22616.0 21467.0 19755.0 21690.0 22607.0 20665.0 22551.0 20294.0
288 20401.0 17677.0 22829.0 16815.0 22812.0 20001.0 17979.0 17285.0 20699.0 19309.0 21343.0 19295.0 22293.0 17549.0 21712.0 19953.0 19168.0 19684.0 17169.0 19772.0 16883.0 20658.0 21088.0 20775.0 20542.0 21201.0 19613.0 21062.0 21911.0 20204.0 21922.0 19733.0
291 20362.0 17612.0 22780.0 16605.0 22231.0 19581.0 17649.0 17121.0 20831.0 19561.0 20827.0 19276.0 22079.0 16942.0 21386.0 19726.0 19298.0 19417.0 16577.0 19331.0 16750.0 20628.0 20658.0 20793.0 20042.0 20897.0 19477.0 20753.0 22001.0 20023.0 22155.0 19444.0
294 19951.0 17494.0 22557.0 16484.0 22006.0 19619.0 17459.0 17182.0 20465.0 19310.0 20768.0 19071.0 21647.0 17014.0 21211.0 19573.0 19017.0 19355.0 16478.0 19105.0 16725.0 20169.0 20443.0 20683.0 19800.0 20691.0 18999.0 20508.0 21470.0 19862.0 21803.0 19227.0
297 19877.0 17287.0 22151.0 16165.0 22030.0 19501.0 17429.0 16833.0 20278.0 19209.0 20497.0 18815.0 21641.0 16840.0 21167.0 19424.0 18947.0 19278.0 16875.0 18946.0 16492.0 20353.0 20536.0 20385.0 19623.0 20607.0 18841.0 20313.0 21380.0 19720.0 21576.0 19055.0
300 19648.0 17052.0 22119.0 16305.0 21872.0 19188.0 17098.0 16576.0 20034.0 18680.0 20463.0 18700.0 21285.0 16975.0 20725.0 19068.0 18771.0 19017.0 16182.0 18842.0 16364.0 19890.0 20201.0 20201.0 19331.0 20359.0 18758.0 20231.0 21146.0 19511.0 21484.0 18990.0
303 19528.0 16760.0 21742.0 15901.0 21731.0 19168.0 16979.0 16567.0 19612.0 18530.0 20229.0 18239.0 21237.0 16608.0 20300.0 19164.0 18266.0 18715.0 16333.0 18704.0 16278.0 19768.0 19941.0 19972.0 19541.0 20116.0 18758.0 19891.0 20740.0 19196.0 21112.0 18713.0
306 19186.0 16801.0 21472.0 15893.0 21468.0 18903.0 17055.0 16255.0 19428.0 18335.0 19868.0 18458.0 20934.0 16433.0 20207.0 18992.0 18154.0 18894.0 16137.0 18402.0 16185.0 19309.0 19694.0 20024.0 19220.0 20099.0 18544.0 20016.0 20551.0 19323.0 20827.0 18634.0
309 18870.0 16759.0 21203.0 15755.0 20726.0 18570.0 17027.0 15890.0 19356.0 18073.0 19815.0 18424.0 20525.0 16244.0 19975.0 18744.0 17709.0 18572.0 15864.0 17894.0 15990.0 19438.0 19714.0 19412.0 18798.0 19592.0 18603.0 19638.0 20327.0 18854.0 20911.0 18264.0
312 18819.0 16281.0 20914.0 15557.0 20788.0 18391.0 16617.0 15767.0 18937.0 17969.0 19677.0 17860.0 20158.0 16019.0 19884.0 18464.0 17588.0 18386.0 15463.0 17920.0 15539.0 19097.0 19176.0 19030.0 18694.0 19492.0 17893.0 19241.0 20127.0 18446.0 20374.0 18107.0
315 18426.0 16216.0 20424.0 15528.0 20500.0 18388.0 16383.0 15483.0 18614.0 17644.0 19145.0 17913.0 20216.0 15895.0 19668.0 18071.0 17505.0 18151.0 15670.0 17821.0 15666.0 19102.0 18850.0 19185.0 18521.0 19082.0 18022.0 19351.0 19920.0 18710.0 20200.0 17985.0
318 18344.0 15890.0 20343.0 15008.0 19941.0 17914.0 16308.0 15481.0 18604.0 17305.0 18986.0 17558.0 20100.0 15647.0 19219.0 17764.0 17146.0 17766.0 15041.0 17502.0 15397.0 18474.0 18808.0 18744.0 18362.0 18969.0 17377.0 18934.0 19927.0 18034.0 19840.0 17840.0
321 17705.0 15377.0 20005.0 14791.0 20088.0 17691.0 15703.0 15149.0 18240.0 17295.0 18702.0 17067.0 19398.0 15273.0 18784.0 17568.0 16520.0 17570.0 15129.0 17056.0 15150.0 18187.0 18036.0 18620.0 18106.0 18380.0 17214.0 18813.0 19438.0 17844.0 19400.0 17433.0
324 17669.0 14825.0 19894.0 14860.0 19568.0 17163.0 15695.0 14515.0 17825.0 16847.0 18453.0 16905.0 19041.0 15205.0 18679.0 17216.0 16470.0 17244.0 15009.0 16893.0 14694.0 18010.0 17986.0 18108.0 18058.0 18053.0 16959.0 18425.0 18918.0 17608.0 19024.0 17177.0
327 17243.0 14627.0 19184.0 14372.0 19238.0 16714.0 15387.0 14451.0 17705.0 16342.0 17995.0 16680.0 18832.0 15048.0 18288.0 16919.0 16033.0 16870.0 14648.0 16580.0 14476.0 17599.0 17449.0 17815.0 17639.0 17640.0 16740.0 18163.0 18550.0 17222.0 18752.0 16804.0
330 16610.0 14716.0 19212.0 14132.0 18604.0 16501.0 14978.0 13905.0 16855.0 16472.0 17622.0 16612.0 18300.0 14800.0 17853.0 16777.0 15664.0 16679.0 14333.0 16397.0 14262.0 17232.0 16962.0 17300.0 17281.0 17310.0 16059.0 17692.0 18403.0 17037.0 18346.0 16667.0
333 16047.0 13955.0 18611.0 14044.0 17891.0 16075.0 14810.0 13605.0 16508.0 15718.0 17554.0 16031.0 18107.0 14302.0 17506.0 16504.0 14959.0 16455.0 14122.0 15818.0 13793.0 17052.0 16614.0 17416.0 17113.0 17118.0 15588.0 17246.0 18322.0 16544.0 17958.0 16160.0
336 15109.0 12964.0 17768.0 13608.0 17268.0 15611.0 14306.0 12954.0 15567.0 15432.0 17144.0 15545.0 17646.0 14208.0 16720.0 16108.0 14008.0 16186.0 13311.0 15465.0 13230.0 16395.0 15335.0 16936.0 16727.0 15835.0 14996.0 17124.0 17891.0 16290.0 17817.0 15721.0
339 13677.0 10913.0 16703.0 13326.0 15396.0 15253.0 14034.0 11767.0 14182.0 14373.0 16500.0 15140.0 16974.0 13839.0 16008.0 15616.0 12690.0 15779.0 12909.0 15190.0 12527.0 15745.0 13927.0 16490.0 16477.0 15050.0 14220.0 16467.0 17465.0 15917.0 16656.0 15325.0
342 11267.0 8547.0 14879.0 12318.0 12894.0 13553.0 13322.0 10166.0 11655.0 12909.0 15770.0 14644.0 16351.0 13243.0 14349.0 15233.0 10442.0 15337.0 11935.0 13795.0 11065.0 15098.0 11511.0 15613.0 16098.0 13210.0 12425.0 16264.0 16864.0 15394.0 15258.0 14569.0
345 8209.0 5993.0 12554.0 10805.0 9981.0 11974.0 12433.0 8032.0 8965.0 10972.0 14329.0 13529.0 14965.0 12682.0 12226.0 14353.0 7629.0 14851.0 10295.0 12622.0 9297.0 13404.0 8886.0 14188.0 15834.0 11243.0 10701.0 15548.0 16012.0 14289.0 13263.0 13026.0
348 5072.0 3545.0 8784.0 8344.0 6243.0 9257.0 10213.0 5466.0 5532.0 8613.0 12257.0 11722.0 12623.0 11121.0 9114.0 13068.0 4695.0 13553.0 8117.0 10041.0 6933.0 10982.0 5693.0 12167.0 15109.0 8467.0 7665.0 13869.0 14634.0 12622.0 10944.0 11285.0
351 3139.0 2287.0 5835.0 5882.0 3950.0 6648.0 7824.0 3423.0 3507.0 5815.0 9405.0 9443.0 9417.0 8920.0 6170.0 10826.0 2882.0 11644.0 5814.0 7285.0 4657.0 8544.0 3647.0 9404.0 14377.0 5650.0 5223.0 11638.0 12154.0 10849.0 8146.0 9045.0
354 2321.0 1854.0 3688.0 3565.0 2793.0 4326.0 5151.0 2248.0 2379.0 3641.0 6217.0 6551.0 5952.0 6571.0 3953.0 7986.0 2135.0 9169.0 3529.0 4591.0 2819.0 5544.0 2581.0 6563.0 12892.0 3786.0 3453.0 8833.0 9520.0 8464.0 5314.0 6778.0
357 2007.0 1586.0 2791.0 2411.0 2419.0 3052.0 3312.0 1933.0 2154.0 2637.0 4139.0 4249.0 3965.0 4657.0 2730.0 5637.0 1874.0 6680.0 2436.0 3051.0 2034.0 3646.0 2184.0 4338.0 10730.0 2771.0 2422.0 6535.0 6854.0 6338.0 3854.0 4833.0
