150 19014261.0 19012611.0 19011926.0 18977873.0 19001094.0 18977129.0 18987079.0 18981370.0 18991406.0 18979085.0 18986336.0 18980693.0 18985732.0 18985507.0 18977219.0 18978555.0 18990855.0 19004983.0 19000481.0 18993820.0 18986721.0 18996417.0 18970923.0 19001686.0 18953650.0 18998956.0 18920671.0 18991182.0 18975656.0 18975220.0 19003604.0 19000442.0
153 19368942.0 19363812.0 19364826.0 19329637.0 19353292.0 19329214.0 19338530.0 19333086.0 19343789.0 19331044.0 19338141.0 19331966.0 19337198.0 19337053.0 19330063.0 19329970.0 19342379.0 19357618.0 19353904.0 19347213.0 19339353.0 19349294.0 19323274.0 19355955.0 19302891.0 19352563.0 19269987.0 19344596.0 19328108.0 19327863.0 19357351.0 19355442.0
156 19627383.0 19620991.0 19622814.0 19586424.0 19610495.0 19585373.0 19597347.0 19590852.0 19602395.0 19588596.0 19595674.0 19587119.0 19595224.0 19594743.0 19586995.0 19587385.0 19600060.0 19616827.0 19611886.0 19605759.0 19597428.0 19606857.0 19580672.0 19613534.0 19556534.0 19610219.0 19522575.0 19602132.0 19586470.0 19585438.0 19615038.0 19612989.0
159 19849369.0 19841955.0 19844296.0 19806987.0 19832801.0 19806440.0 19817449.0 19810068.0 19825454.0 19808935.0 19818674.0 19806748.0 19817249.0 19817088.0 19808427.0 19808871.0 19821711.0 19838866.0 19833361.0 19828364.0 19817593.0 19829810.0 19800502.0 19835197.0 19778783.0 19831984.0 19742406.0 19822836.0 19807192.0 19805457.0 19835949.0 19835045.0
162 19927796.0 19914458.0 19917592.0 19865707.0 19906471.0 19864873.0 19888267.0 19870501.0 19897842.0 19870199.0 19891115.0 19854070.0 19888364.0 19888964.0 19877463.0 19873635.0 19891095.0 19911253.0 19904016.0 19898499.0 19882494.0 19899399.0 19863801.0 19903650.0 19837684.0 19900570.0 19774196.0 19893289.0 19868503.0 19874309.0 19905463.0 19905020.0
165 19639543.0 19576925.0 19571083.0 19395711.0 19536471.0 19395803.0 19463517.0 19387175.0 19494263.0 19404690.0 19504802.0 19389431.0 19476846.0 19486687.0 19438107.0 19410105.0 19464876.0 19527128.0 19494372.0 19491331.0 19422736.0 19501469.0 19396185.0 19484591.0 19336846.0 19491929.0 19219339.0 19482079.0 19388347.0 19436286.0 19504222.0 19535479.0
168 11692854.0 11795654.0 11294096.0 10408993.0 11319880.0 10600493.0 10623152.0 10002929.0 10865684.0 10564462.0 11235623.0 10149213.0 10882708.0 10999435.0 10648507.0 10573337.0 10402568.0 10839268.0 10523542.0 10740693.0 10323850.0 10548818.0 10952060.0 10171280.0 10517145.0 10281367.0 10021906.0 10415864.0 10194580.0 10378623.0 10358600.0 11090957.0
171 9661121.0 9102792.0 8869261.0 9131344.0 9028691.0 9402485.0 8700326.0 8764969.0 8947536.0 9364154.0 9286148.0 8912225.0 9060293.0 9154999.0 8887034.0 9322675.0 8616176.0 8991662.0 8685303.0 8898889.0 9050094.0 8722645.0 9748741.0 8365623.0 9254271.0 8404232.0 8717188.0 8559646.0 8836495.0 8475180.0 8391687.0 8954811.0
174 4446673.0 3983237.0 3835263.0 4067444.0 3978368.0 4228743.0 3779411.0 3801476.0 3892470.0 4165262.0 4110937.0 3890467.0 3971778.0 4033704.0 3887533.0 4113327.0 3698794.0 3865367.0 3710455.0 3851347.0 3959977.0 3728200.0 4419326.0 3503107.0 4133449.0 3525210.0 3856613.0 3630670.0 3828160.0 3636675.0 3517949.0 3831543.0
177 282442.0 318054.0 297879.0 343276.0 370016.0 372629.0 339465.0 283294.0 345396.0 340254.0 400783.0 299859.0 356526.0 401595.0 378173.0 332047.0 332808.0 293798.0 295910.0 335851.0 281827.0 316637.0 384748.0 246243.0 401095.0 289187.0 454929.0 315397.0 306372.0 405573.0 292591.0 328086.0
180 228993.0 237418.0 239361.0 258301.0 275480.0 255774.0 291116.0 244573.0 272183.0 248690.0 296827.0 241358.0 288328.0 322918.0 307412.0 258657.0 286118.0 225228.0 240987.0 260552.0 232015.0 265811.0 270165.0 218466.0 326925.0 258905.0 413967.0 273215.0 257915.0 359212.0 251547.0 257985.0
183 227574.0 235378.0 238705.0 253078.0 271272.0 247640.0 290389.0 245267.0 269537.0 244622.0 292352.0 239649.0 286910.0 318672.0 301092.0 256075.0 285356.0 222881.0 238984.0 258310.0 229016.0 264884.0 259515.0 220568.0 326101.0 258175.0 415252.0 272431.0 253421.0 357662.0 250707.0 255841.0
186 228897.0 236917.0 238026.0 253276.0 272436.0 247910.0 289838.0 245379.0 271069.0 243545.0 293361.0 240375.0 287594.0 300229.0 294499.0 256043.0 285485.0 222407.0 239948.0 259499.0 229299.0 264192.0 260324.0 218644.0 330761.0 259172.0 413779.0 273318.0 254815.0 359284.0 252942.0 255031.0
189 227977.0 236092.0 238785.0 253497.0 272335.0 247361.0 289462.0 245543.0 271224.0 244845.0 293783.0 240793.0 287350.0 301004.0 293998.0 256838.0 290277.0 222597.0 240436.0 259780.0 230595.0 264262.0 258935.0 218763.0 330256.0 259894.0 415237.0 275239.0 255274.0 358044.0 252416.0 256478.0
192 229295.0 236360.0 238048.0 253368.0 271474.0 246295.0 288734.0 244057.0 270225.0 243774.0 293543.0 238716.0 287858.0 301235.0 296969.0 255955.0 286179.0 223651.0 239049.0 259228.0 229786.0 264647.0 259370.0 218808.0 332555.0 258943.0 411388.0 273595.0 253461.0 358716.0 251464.0 256335.0
195 229029.0 238809.0 239939.0 254312.0 272529.0 248844.0 291153.0 245385.0 270089.0 245211.0 294455.0 240131.0 287628.0 301282.0 306000.0 256680.0 297697.0 222887.0 240498.0 260005.0 231890.0 263631.0 259532.0 219184.0 326437.0 259823.0 411738.0 275927.0 254400.0 359502.0 252261.0 255878.0
198 229558.0 236266.0 238765.0 253656.0 272414.0 247360.0 291699.0 246321.0 270614.0 246773.0 293358.0 241005.0 288418.0 319380.0 307765.0 256575.0 284620.0 224096.0 240363.0 259449.0 230426.0 265241.0 259853.0 219058.0 327202.0 258881.0 412853.0 274958.0 256379.0 360443.0 252693.0 256846.0
201 228625.0 236256.0 239631.0 254396.0 272732.0 247778.0 289833.0 245425.0 271899.0 244537.0 294318.0 241008.0 288352.0 317834.0 306280.0 258462.0 290005.0 224316.0 241237.0 260273.0 230343.0 265765.0 259721.0 219516.0 327096.0 259778.0 414292.0 274764.0 255194.0 359755.0 252329.0 256621.0
204 228267.0 235984.0 237743.0 253742.0 272509.0 247192.0 290499.0 243868.0 270277.0 245852.0 293357.0 240042.0 288036.0 314596.0 306307.0 257068.0 280669.0 223446.0 240740.0 260197.0 229227.0 263543.0 259770.0 221008.0 329782.0 258566.0 426853.0 273369.0 254532.0 359563.0 251024.0 255311.0
207 227753.0 235201.0 237115.0 253072.0 271330.0 247244.0 288602.0 243822.0 269827.0 243741.0 293535.0 240160.0 286801.0 296775.0 304934.0 255854.0 280194.0 222507.0 239022.0 258745.0 228417.0 264052.0 259773.0 220377.0 335026.0 257026.0 423938.0 272331.0 253587.0 357345.0 251088.0 253976.0
210 226219.0 233233.0 236883.0 252344.0 269894.0 245569.0 287977.0 242640.0 268790.0 244934.0 291042.0 238796.0 284767.0 296190.0 295580.0 254889.0 281704.0 221245.0 238603.0 257085.0 228195.0 262080.0 258363.0 218599.0 327228.0 256334.0 408190.0 271706.0 252317.0 355440.0 249608.0 253383.0
213 225206.0 233115.0 236554.0 250567.0 269859.0 245913.0 287429.0 245056.0 268423.0 243955.0 291682.0 239361.0 284852.0 297796.0 295179.0 256214.0 278607.0 221062.0 237951.0 257004.0 228994.0 262452.0 258814.0 218570.0 325728.0 257116.0 422318.0 273335.0 253991.0 355409.0 249346.0 253661.0
216 226188.0 232795.0 235520.0 249883.0 268295.0 244734.0 287076.0 245223.0 267384.0 242547.0 290466.0 237615.0 284359.0 300284.0 295890.0 254505.0 281218.0 220586.0 237651.0 256010.0 227353.0 261392.0 257261.0 218054.0 327713.0 256104.0 413309.0 270062.0 253215.0 353085.0 248796.0 254793.0
219 225066.0 232781.0 235247.0 250491.0 269045.0 244007.0 288283.0 244437.0 266516.0 243452.0 290292.0 238429.0 283661.0 294218.0 294143.0 253077.0 281740.0 220822.0 236819.0 255714.0 227537.0 259804.0 257754.0 217990.0 325986.0 256018.0 416800.0 269104.0 252960.0 353735.0 248900.0 251925.0
222 224560.0 233038.0 235441.0 250184.0 269602.0 243520.0 288540.0 241619.0 266548.0 243892.0 289741.0 237433.0 283819.0 293466.0 294427.0 252435.0 282061.0 220433.0 237685.0 255765.0 226880.0 261267.0 256435.0 216027.0 329992.0 254473.0 413743.0 270715.0 252867.0 353555.0 247198.0 253897.0
225 222066.0 231222.0 233865.0 247930.0 266678.0 242704.0 286590.0 240646.0 264607.0 239893.0 288175.0 235277.0 281872.0 297567.0 293064.0 251830.0 279629.0 219052.0 236224.0 252800.0 225491.0 258259.0 254831.0 215335.0 327845.0 253102.0 413489.0 268138.0 250220.0 323081.0 247230.0 250264.0
228 221599.0 230890.0 232416.0 247259.0 265514.0 243166.0 285281.0 242043.0 264727.0 239917.0 287254.0 235872.0 280960.0 291233.0 287554.0 249839.0 278088.0 218451.0 234967.0 252914.0 224843.0 257534.0 253813.0 215930.0 326453.0 252679.0 413491.0 265939.0 249966.0 320600.0 245619.0 251753.0
231 220010.0 230109.0 232160.0 246488.0 264759.0 241432.0 284400.0 241015.0 262079.0 239241.0 285459.0 234017.0 278847.0 289602.0 286649.0 248479.0 277281.0 218499.0 234567.0 251671.0 223872.0 255184.0 253570.0 214663.0 320787.0 251087.0 413236.0 265001.0 249288.0 320253.0 244686.0 249094.0
234 220098.0 229954.0 230554.0 246825.0 264943.0 240990.0 283306.0 238610.0 261125.0 239261.0 285272.0 233399.0 279539.0 289570.0 280564.0 247447.0 276332.0 216736.0 234090.0 250124.0 221808.0 255084.0 253073.0 213588.0 322770.0 250095.0 407481.0 265302.0 247872.0 347288.0 244254.0 248534.0
237 210203.0 228101.0 225439.0 246299.0 262459.0 239200.0 281664.0 233883.0 260071.0 236851.0 283276.0 232363.0 277152.0 293936.0 280169.0 240846.0 274458.0 214754.0 232196.0 247744.0 214686.0 249993.0 252016.0 211039.0 319458.0 245841.0 402749.0 261047.0 242878.0 344660.0 241040.0 244157.0
240 177852.0 226231.0 207131.0 243961.0 259136.0 238149.0 278872.0 225677.0 255149.0 233376.0 278836.0 229342.0 271560.0 296622.0 287827.0 221236.0 266724.0 206239.0 222568.0 235662.0 191280.0 229015.0 247123.0 198700.0 314038.0 227113.0 395888.0 246533.0 225038.0 336687.0 228786.0 231409.0
243 116730.0 213277.0 159313.0 238801.0 242384.0 233516.0 272011.0 196738.0 234839.0 218153.0 263237.0 221152.0 249349.0 277374.0 277849.0 173957.0 236740.0 177541.0 196155.0 202630.0 143158.0 180269.0 232536.0 166742.0 288031.0 181542.0 349359.0 208375.0 179110.0 315587.0 197034.0 197334.0
246 56118.0 173259.0 91685.0 216318.0 193826.0 214680.0 240898.0 136196.0 180970.0 175763.0 216118.0 190455.0 192308.0 214504.0 250201.0 107181.0 179059.0 121501.0 147019.0 146305.0 81094.0 108005.0 190924.0 114424.0 227477.0 113347.0 255968.0 138608.0 113959.0 263565.0 140138.0 136348.0
249 27222.0 102587.0 40539.0 161388.0 119071.0 162709.0 167914.0 66844.0 104616.0 108089.0 133605.0 134059.0 112787.0 131874.0 181609.0 50088.0 102015.0 60210.0 85938.0 81245.0 35719.0 49867.0 123310.0 60019.0 135657.0 54182.0 136449.0 67433.0 54802.0 182000.0 74621.0 69785.0
252 20493.0 45432.0 23043.0 90779.0 56945.0 93820.0 86649.0 31357.0 47729.0 50126.0 62080.0 73315.0 52592.0 61890.0 101009.0 26703.0 49009.0 27442.0 40566.0 39335.0 21697.0 28181.0 59649.0 29657.0 62670.0 29449.0 63554.0 33550.0 28660.0 100694.0 35456.0 33650.0
255 17264.0 25095.0 18753.0 42390.0 31020.0 43047.0 40324.0 22327.0 28468.0 27253.0 33433.0 35860.0 30973.0 32557.0 48655.0 21052.0 30130.0 19742.0 24991.0 25182.0 18101.0 22732.0 30941.0 20662.0 36231.0 23245.0 42069.0 25722.0 22457.0 52337.0 24314.0 24016.0
258 14862.0 20732.0 16122.0 27264.0 24093.0 27157.0 29810.0 19289.0 24249.0 22046.0 27249.0 24965.0 25544.0 26392.0 32657.0 18309.0 25745.0 16910.0 21087.0 21527.0 15756.0 19942.0 24474.0 17942.0 29357.0 20348.0 36669.0 22347.0 19604.0 37882.0 21273.0 20685.0
261 13468.0 17958.0 14374.0 22803.0 21021.0 22732.0 25792.0 16522.0 20518.0 18825.0 23392.0 21573.0 22279.0 22816.0 27741.0 15814.0 22362.0 14573.0 18484.0 18467.0 13920.0 17636.0 21104.0 15518.0 25842.0 17918.0 30840.0 19718.0 16603.0 32766.0 18307.0 17768.0
264 13110.0 15434.0 13429.0 19824.0 18149.0 19612.0 22551.0 14952.0 17904.0 16592.0 20381.0 18672.0 19447.0 20105.0 23662.0 15031.0 19639.0 13198.0 15912.0 16305.0 13291.0 16525.0 18094.0 14085.0 22596.0 16314.0 27322.0 18161.0 15065.0 28517.0 16181.0 16278.0
267 13066.0 14690.0 13144.0 17423.0 16388.0 16849.0 20050.0 14771.0 16286.0 15152.0 19008.0 16284.0 18176.0 18604.0 20839.0 14722.0 17909.0 12951.0 14883.0 15135.0 13269.0 16148.0 16286.0 13653.0 20480.0 16287.0 25710.0 17247.0 14667.0 25809.0 15056.0 15726.0
270 13134.0 14395.0 13091.0 15858.0 15685.0 15639.0 18128.0 14205.0 15656.0 14807.0 18649.0 15288.0 17685.0 19211.0 18993.0 14447.0 17536.0 12626.0 14277.0 14844.0 12998.0 15805.0 15543.0 13279.0 19730.0 15728.0 24631.0 17403.0 14561.0 24510.0 15183.0 15449.0
273 12896.0 14129.0 12939.0 15151.0 15443.0 14905.0 18249.0 13902.0 15417.0 14647.0 18341.0 14524.0 17780.0 17999.0 18440.0 14163.0 17032.0 12531.0 14242.0 14516.0 12746.0 15774.0 15335.0 13244.0 19339.0 15875.0 24270.0 17167.0 14398.0 23672.0 14802.0 15373.0
276 12734.0 14008.0 12775.0 14925.0 14994.0 14504.0 17673.0 14122.0 15404.0 14603.0 17922.0 14532.0 17377.0 17675.0 18239.0 14010.0 17267.0 12397.0 14215.0 14290.0 12666.0 15644.0 14978.0 12959.0 19098.0 15619.0 24223.0 17043.0 14162.0 20959.0 14500.0 15173.0
279 12550.0 14019.0 12791.0 14849.0 15181.0 14664.0 17565.0 13833.0 15383.0 14487.0 18232.0 14541.0 17356.0 17601.0 17942.0 13818.0 17021.0 12088.0 13883.0 14378.0 12434.0 15484.0 14957.0 13090.0 18803.0 15451.0 24226.0 16897.0 14065.0 20605.0 14457.0 15364.0
282 12534.0 13939.0 12595.0 14755.0 15213.0 14374.0 17540.0 13725.0 15061.0 14395.0 17951.0 14359.0 17167.0 17287.0 18129.0 13827.0 17011.0 12263.0 13720.0 14144.0 12517.0 15511.0 14857.0 12704.0 18401.0 14886.0 24326.0 16644.0 14052.0 20501.0 14456.0 15085.0
285 12285.0 13787.0 12512.0 14437.0 15104.0 14268.0 17621.0 13295.0 14989.0 14076.0 17899.0 14292.0 16972.0 17316.0 17677.0 13570.0 16987.0 11812.0 13589.0 14113.0 12209.0 14996.0 14993.0 12487.0 18377.0 15129.0 23590.0 16382.0 13772.0 20504.0 14001.0 14699.0
288 12071.0 13615.0 12163.0 14666.0 14679.0 14167.0 17273.0 13819.0 14705.0 14078.0 17450.0 14119.0 16938.0 18172.0 17432.0 13378.0 16344.0 12021.0 13323.0 13909.0 12203.0 15125.0 14620.0 12409.0 18553.0 14874.0 24225.0 16224.0 13484.0 20337.0 14044.0 14548.0
291 11841.0 13310.0 12178.0 14243.0 14479.0 13892.0 16938.0 13166.0 14793.0 13931.0 17396.0 14017.0 16710.0 18092.0 17377.0 13427.0 16501.0 11898.0 13357.0 13831.0 12203.0 15016.0 14328.0 12205.0 18124.0 14845.0 24038.0 16279.0 13468.0 19598.0 13774.0 14400.0
294 11841.0 13134.0 11993.0 14368.0 14413.0 13941.0 17173.0 13139.0 14541.0 13846.0 17401.0 13811.0 16539.0 17472.0 17151.0 12975.0 16196.0 11575.0 13199.0 13564.0 11708.0 14581.0 14305.0 12090.0 18039.0 14619.0 23726.0 15923.0 13165.0 22144.0 13487.0 14250.0
297 11568.0 13208.0 11761.0 14356.0 14248.0 13668.0 16780.0 12956.0 14448.0 13492.0 16993.0 13580.0 16076.0 17741.0 16955.0 12996.0 15946.0 11552.0 13031.0 13392.0 11730.0 14345.0 14199.0 12007.0 19055.0 14478.0 23493.0 15776.0 13060.0 21972.0 13484.0 14203.0
300 11478.0 12980.0 11607.0 13832.0 13940.0 13422.0 16458.0 12711.0 14066.0 13295.0 16709.0 13401.0 16147.0 16829.0 16795.0 13057.0 15837.0 11532.0 12770.0 13042.0 11483.0 14310.0 13883.0 11785.0 17458.0 14156.0 23732.0 15500.0 12767.0 21362.0 13176.0 13816.0
303 10980.0 12790.0 11408.0 13813.0 13692.0 13447.0 16639.0 12448.0 13856.0 13270.0 16791.0 13369.0 15812.0 15949.0 16039.0 12699.0 15225.0 11245.0 12636.0 13045.0 11217.0 12952.0 13568.0 11660.0 16894.0 13735.0 23492.0 15208.0 12537.0 19117.0 13302.0 13703.0
306 10809.0 12770.0 11172.0 13489.0 13660.0 13165.0 16387.0 12252.0 13583.0 12985.0 16502.0 13226.0 15400.0 15627.0 15948.0 12375.0 15314.0 10996.0 12471.0 12654.0 11306.0 12998.0 13492.0 11543.0 16352.0 13761.0 22836.0 14947.0 12444.0 18782.0 12982.0 13528.0
309 10710.0 12307.0 11129.0 13311.0 13564.0 13211.0 16351.0 11980.0 13383.0 12765.0 16183.0 13122.0 15375.0 15439.0 15731.0 12365.0 15036.0 10963.0 12129.0 12539.0 10859.0 12548.0 13350.0 11412.0 16610.0 13519.0 22250.0 14695.0 12094.0 18358.0 12700.0 13114.0
312 10321.0 12142.0 10707.0 13195.0 13136.0 12659.0 15884.0 11791.0 13072.0 12729.0 15678.0 12826.0 15142.0 16169.0 15730.0 11977.0 14929.0 10629.0 12105.0 12149.0 10674.0 13441.0 13129.0 11084.0 16016.0 13316.0 21932.0 14719.0 11775.0 20367.0 12330.0 12896.0
315 9742.0 11702.0 10340.0 13012.0 12853.0 12566.0 15622.0 11565.0 12965.0 12096.0 15527.0 12705.0 14696.0 14726.0 15422.0 11556.0 14517.0 10317.0 11868.0 12007.0 10303.0 13075.0 12950.0 10700.0 15755.0 12991.0 21565.0 14397.0 11547.0 20228.0 12014.0 12420.0
318 8747.0 11832.0 9947.0 12655.0 12453.0 12467.0 15488.0 11173.0 12504.0 12035.0 15182.0 12199.0 14257.0 14428.0 14978.0 10943.0 13892.0 10015.0 11427.0 11377.0 9424.0 12200.0 12626.0 10486.0 15341.0 12470.0 20768.0 13886.0 10869.0 19674.0 11673.0 12011.0
321 7237.0 11476.0 8843.0 12362.0 12323.0 12059.0 15260.0 10824.0 12281.0 11655.0 14669.0 12141.0 14001.0 14149.0 14587.0 10035.0 13323.0 9607.0 11091.0 10872.0 8501.0 11453.0 12221.0 9819.0 14954.0 11556.0 19429.0 12933.0 10386.0 19014.0 11178.0 11397.0
324 5539.0 10903.0 7688.0 12027.0 11728.0 11851.0 14843.0 9852.0 11653.0 11129.0 14363.0 11784.0 13304.0 14039.0 14495.0 8592.0 12759.0 8650.0 10377.0 10031.0 7021.0 9902.0 11747.0 8712.0 14302.0 10130.0 17866.0 11843.0 8850.0 18295.0 10199.0 10309.0
327 3574.0 10178.0 5829.0 11559.0 10810.0 11401.0 14057.0 8614.0 10503.0 10331.0 13051.0 11241.0 11803.0 12025.0 13648.0 6796.0 11542.0 7348.0 9241.0 8565.0 5311.0 7871.0 10443.0 7462.0 13066.0 8105.0 15661.0 10024.0 7252.0 16853.0 8635.0 8615.0
330 2254.0 8701.0 3937.0 11154.0 9565.0 10743.0 13134.0 6588.0 8797.0 8751.0 11489.0 10127.0 10073.0 10039.0 13142.0 4917.0 9875.0 5557.0 7619.0 6992.0 3546.0 5604.0 9183.0 6273.0 11007.0 5949.0 12808.0 7696.0 5247.0 13648.0 6944.0 6792.0
333 1514.0 6698.0 2394.0 9771.0 7354.0 9649.0 11422.0 4561.0 6562.0 6997.0 9023.0 8611.0 7657.0 7872.0 11350.0 3006.0 7507.0 3722.0 5884.0 5111.0 2050.0 3317.0 7239.0 4397.0 8356.0 3726.0 9685.0 5090.0 3368.0 12518.0 5124.0 4579.0
336 1281.0 4382.0 1535.0 7986.0 5386.0 7915.0 8894.0 2747.0 4456.0 4914.0 6377.0 6850.0 5313.0 5611.0 9303.0 1994.0 5324.0 2340.0 4086.0 3451.0 1444.0 2152.0 5112.0 3004.0 5714.0 2367.0 6332.0 3174.0 2177.0 9865.0 3400.0 2869.0
339 1101.0 2700.0 1231.0 5757.0 3507.0 5846.0 6163.0 1860.0 2813.0 2913.0 3931.0 4949.0 3372.0 3456.0 7122.0 1513.0 3417.0 1562.0 2616.0 2152.0 1155.0 1698.0 3200.0 1928.0 3757.0 1756.0 4114.0 2201.0 1631.0 7040.0 2183.0 1972.0
342 1060.0 1814.0 1098.0 3845.0 2193.0 3817.0 3845.0 1477.0 1870.0 1922.0 2589.0 3170.0 2370.0 2537.0 4602.0 1308.0 2396.0 1268.0 1826.0 1528.0 1147.0 1481.0 2111.0 1499.0 2496.0 1544.0 3165.0 1785.0 1367.0 4827.0 1711.0 1636.0
345 1094.0 1458.0 1026.0 2397.0 1717.0 2415.0 2487.0 1280.0 1612.0 1544.0 2062.0 2122.0 1859.0 2057.0 3054.0 1203.0 1792.0 1146.0 1498.0 1338.0 1050.0 1375.0 1595.0 1273.0 2067.0 1482.0 2672.0 1635.0 1212.0 3247.0 1417.0 1382.0
348 985.0 1301.0 1014.0 1794.0 1457.0 1704.0 1988.0 1151.0 1434.0 1343.0 1802.0 1675.0 1704.0 1677.0 2127.0 1108.0 1691.0 996.0 1306.0 1244.0 1023.0 1320.0 1417.0 1180.0 1783.0 1371.0 2305.0 1514.0 1081.0 2676.0 1308.0 1380.0
351 1020.0 1229.0 1011.0 1571.0 1337.0 1477.0 1763.0 1078.0 1326.0 1292.0 1691.0 1447.0 1585.0 1554.0 1919.0 1079.0 1517.0 966.0 1179.0 1173.0 997.0 1321.0 1339.0 1106.0 1708.0 1362.0 2283.0 1450.0 1126.0 2377.0 1207.0 1345.0
354 938.0 1151.0 926.0 1365.0 1227.0 1382.0 1612.0 1172.0 1209.0 1229.0 1612.0 1290.0 1458.0 1549.0 1719.0 1064.0 1421.0 972.0 1171.0 1081.0 958.0 1265.0 1336.0 1097.0 1657.0 1275.0 2185.0 1435.0 1039.0 2078.0 1197.0 1247.0
357 985.0 1118.0 894.0 1262.0 1201.0 1250.0 1569.0 1088.0 1244.0 1195.0 1531.0 1235.0 1423.0 1531.0 1625.0 1052.0 1416.0 916.0 1109.0 1071.0 1003.0 1254.0 1214.0 1001.0 1490.0 1277.0 2036.0 1454.0 1101.0 2097.0 1139.0 1301.0
