150 502911.0 460619.0 387539.0 416051.0 389072.0 385946.0 402170.0 425903.0 394064.0 414748.0 426869.0 423588.0 391029.0 389480.0 397241.0 436217.0 405976.0 393960.0 448194.0 411237.0 390522.0 391515.0 410708.0 426276.0 419971.0 473876.0 376627.0 422230.0 537151.0 465753.0 479216.0 383469.0
153 12690827.0 12669818.0 12658146.0 12615968.0 12643055.0 12605977.0 12626569.0 12609464.0 12626086.0 12608517.0 12643462.0 12603779.0 12629576.0 12631680.0 12653736.0 12605913.0 12647582.0 12629002.0 12643203.0 12638411.0 12607976.0 12637678.0 12590759.0 12640763.0 12599172.0 12673221.0 12595544.0 12633817.0 12636878.0 12681102.0 12674808.0 12640312.0
156 18152422.0 18151028.0 18163875.0 18106726.0 18150555.0 18108824.0 18135590.0 18092304.0 18136806.0 18097875.0 18127582.0 18098441.0 18140555.0 18137135.0 18148184.0 18090780.0 18137387.0 18135744.0 18124324.0 18132355.0 18104443.0 18137176.0 18094817.0 18125883.0 18092954.0 18123397.0 18106459.0 18131343.0 18057005.0 18137763.0 18145230.0 18150904.0
159 18593738.0 18589346.0 18601442.0 18539762.0 18586688.0 18543187.0 18569853.0 18525371.0 18571118.0 18531058.0 18562457.0 18532988.0 18573258.0 18568907.0 18580682.0 18523515.0 18570547.0 18567709.0 18557242.0 18565854.0 18537715.0 18571796.0 18533609.0 18559607.0 18528411.0 18558625.0 18542878.0 18566716.0 18488126.0 18572510.0 18578929.0 18583832.0
162 18930347.0 18927514.0 18942144.0 18888767.0 18929171.0 18893407.0 18916371.0 18874228.0 18917866.0 18879787.0 18906976.0 18883586.0 18920978.0 18913100.0 18925970.0 18873902.0 18913764.0 18913573.0 18902787.0 18912046.0 18888361.0 18919782.0 18883431.0 18907106.0 18879766.0 18904504.0 18893776.0 18915728.0 18832981.0 18919241.0 18925420.0 18933697.0
165 19181863.0 19182444.0 19199940.0 19149723.0 19190974.0 19154647.0 19180108.0 19132770.0 19181861.0 19140181.0 19169880.0 19143212.0 19184567.0 19180249.0 19191646.0 19133278.0 19178949.0 19179542.0 19167003.0 19176222.0 19147284.0 19183912.0 19144338.0 19171483.0 19139218.0 19168316.0 19154290.0 19179461.0 19087562.0 19182394.0 19187724.0 19196589.0
168 19561867.0 19557889.0 19578163.0 19533043.0 19571459.0 19532554.0 19564652.0 19507499.0 19567360.0 19513982.0 19550649.0 19519158.0 19567649.0 19559393.0 19574218.0 19505479.0 19559879.0 19562376.0 19553485.0 19560882.0 19523335.0 19568303.0 19520677.0 19554876.0 19516316.0 19551589.0 19531357.0 19565458.0 19463386.0 19566359.0 19571307.0 19583093.0
171 19551411.0 19544648.0 19567779.0 19512269.0 19562407.0 19510575.0 19556538.0 19467652.0 19558416.0 19480969.0 19538365.0 19501730.0 19559632.0 19548370.0 19565507.0 19485408.0 19550144.0 19551529.0 19544484.0 19552274.0 19504779.0 19558197.0 19509250.0 19544618.0 19502687.0 19539832.0 19516915.0 19555565.0 19426804.0 19555707.0 19562857.0 19575161.0
174 19564644.0 19539935.0 19573910.0 19468648.0 19570907.0 19470968.0 19570388.0 19405537.0 19570646.0 19428111.0 19532751.0 19472726.0 19575062.0 19550606.0 19581193.0 19447800.0 19554221.0 19560359.0 19560055.0 19560512.0 19475612.0 19566665.0 19493070.0 19547549.0 19483782.0 19542767.0 19495361.0 19566929.0 19368980.0 19562581.0 19579239.0 19591925.0
177 18779860.0 18733578.0 18765144.0 18363193.0 18735202.0 18346030.0 18739895.0 18243473.0 18694876.0 18282078.0 18596813.0 18377985.0 18719804.0 18648347.0 18694648.0 18392699.0 18632928.0 18635012.0 18681731.0 18635225.0 18365389.0 18614966.0 18410581.0 18574525.0 18416958.0 18530818.0 18384630.0 18647952.0 18185417.0 18575897.0 18751220.0 18790764.0
180 9803945.0 9763012.0 9694688.0 9443553.0 9702009.0 9427189.0 9822794.0 9284386.0 9728160.0 9354223.0 9589489.0 9560218.0 9791612.0 9693836.0 9701692.0 9653152.0 9637703.0 9636553.0 9826390.0 9677322.0 9411273.0 9559996.0 9680164.0 9550294.0 9650163.0 9436547.0 9477240.0 9660177.0 9246638.0 9423429.0 9851611.0 9927878.0
183 8667257.0 8625721.0 8618005.0 8662084.0 8674456.0 8705497.0 8826942.0 8546970.0 8744769.0 8618308.0 8604421.0 8825402.0 8808034.0 8704491.0 8700996.0 8929328.0 8640238.0 8636948.0 8850148.0 8699296.0 8643883.0 8561789.0 8979099.0 8557830.0 8916904.0 8426933.0 8761044.0 8662560.0 8469981.0 8396615.0 8822796.0 8882162.0
186 2199175.0 2190364.0 2138527.0 2172386.0 2160921.0 2187077.0 2267454.0 2134497.0 2225019.0 2166865.0 2183830.0 2263092.0 2236065.0 2199673.0 2180247.0 2372296.0 2175409.0 2162381.0 2311616.0 2218012.0 2168467.0 2140064.0 2380932.0 2158881.0 2347480.0 2112495.0 2250858.0 2199648.0 2219316.0 2081789.0 2281519.0 2270489.0
189 433343.0 408770.0 342294.0 369775.0 342678.0 346502.0 372089.0 389144.0 364542.0 379729.0 392184.0 387037.0 357912.0 361211.0 355439.0 414467.0 373454.0 361886.0 420863.0 380941.0 353009.0 356159.0 388992.0 389488.0 396408.0 415150.0 348359.0 378238.0 488706.0 395369.0 424411.0 364430.0
192 430540.0 401302.0 334345.0 364795.0 334528.0 337919.0 356949.0 385728.0 349462.0 372025.0 382211.0 374640.0 345433.0 350305.0 343110.0 392339.0 362883.0 352688.0 399591.0 367458.0 344978.0 344760.0 363195.0 378242.0 375920.0 409298.0 332301.0 362086.0 479063.0 390034.0 399412.0 339246.0
195 431415.0 402132.0 336047.0 367006.0 335832.0 338620.0 357220.0 386852.0 350829.0 373032.0 382961.0 375511.0 347356.0 352163.0 344031.0 392151.0 364700.0 352813.0 401241.0 367879.0 345585.0 346159.0 362337.0 379355.0 375849.0 409531.0 332124.0 360030.0 480537.0 391503.0 398746.0 338474.0
198 431767.0 403730.0 336333.0 367331.0 336937.0 339437.0 357982.0 386573.0 351060.0 374210.0 382599.0 378354.0 348950.0 350718.0 344285.0 393304.0 364542.0 353396.0 403611.0 366969.0 345569.0 347268.0 362786.0 380666.0 373910.0 407597.0 333576.0 361436.0 481268.0 393113.0 398950.0 338262.0
201 432438.0 403476.0 337530.0 366350.0 336401.0 338854.0 356790.0 385622.0 351543.0 372525.0 384418.0 375413.0 349281.0 349782.0 344294.0 392605.0 364379.0 352179.0 401872.0 367625.0 345171.0 347428.0 363081.0 380361.0 375424.0 411653.0 335172.0 361510.0 480250.0 392753.0 398542.0 337944.0
204 432082.0 401796.0 337101.0 367736.0 336721.0 339428.0 357193.0 387818.0 350590.0 373845.0 383315.0 377838.0 346789.0 349103.0 344554.0 393623.0 364755.0 354525.0 402313.0 367322.0 346936.0 347483.0 363147.0 380050.0 374733.0 418200.0 333376.0 362618.0 481064.0 390927.0 397438.0 339047.0
207 432417.0 403598.0 337770.0 369090.0 337933.0 339705.0 358640.0 388563.0 352503.0 373561.0 384754.0 377942.0 348056.0 352482.0 346466.0 394804.0 365228.0 354417.0 402858.0 368799.0 347470.0 348210.0 365151.0 381230.0 376115.0 418099.0 333977.0 363885.0 482156.0 394871.0 395987.0 339960.0
210 432157.0 405025.0 337848.0 368718.0 337908.0 340647.0 359398.0 388421.0 352258.0 375048.0 385435.0 377333.0 348237.0 353130.0 346724.0 396239.0 366907.0 355950.0 403456.0 368675.0 347000.0 347776.0 365078.0 381743.0 376110.0 418869.0 334155.0 363134.0 483335.0 393143.0 397599.0 338301.0
213 429794.0 404165.0 337345.0 365783.0 335488.0 339100.0 356286.0 387362.0 350627.0 373662.0 383336.0 377454.0 346073.0 353163.0 345787.0 394296.0 366000.0 353320.0 401161.0 368399.0 346846.0 346275.0 362178.0 381164.0 374646.0 418023.0 333995.0 363478.0 481533.0 391042.0 394959.0 337365.0
216 429977.0 406113.0 336365.0 364617.0 334406.0 337810.0 356159.0 386239.0 350603.0 372467.0 382370.0 375216.0 344980.0 352842.0 343309.0 393760.0 365550.0 352635.0 403736.0 367429.0 346371.0 345853.0 361026.0 380433.0 376308.0 416710.0 332189.0 362244.0 480801.0 391236.0 396746.0 337694.0
219 429411.0 401776.0 337284.0 364086.0 334324.0 336715.0 355474.0 385387.0 349226.0 371482.0 382246.0 374332.0 343197.0 351021.0 342931.0 394350.0 364249.0 350982.0 401465.0 366973.0 345234.0 345213.0 363696.0 380240.0 373054.0 415666.0 331822.0 359669.0 479926.0 389591.0 394232.0 336862.0
222 427910.0 401239.0 335163.0 364188.0 336330.0 337368.0 355179.0 384732.0 350118.0 370746.0 381062.0 373575.0 344356.0 347260.0 343253.0 391929.0 364187.0 352944.0 402137.0 365319.0 345600.0 344399.0 361481.0 378168.0 373737.0 414617.0 332012.0 360367.0 479100.0 389636.0 397273.0 336754.0
225 426802.0 398993.0 333442.0 364132.0 333614.0 336749.0 354551.0 383179.0 349080.0 371498.0 379736.0 372548.0 344352.0 347344.0 342070.0 392316.0 361343.0 350636.0 399476.0 364089.0 343522.0 344028.0 360088.0 376425.0 372220.0 410182.0 330367.0 358957.0 476980.0 388324.0 395493.0 334995.0
228 426215.0 398945.0 333234.0 363282.0 332126.0 335203.0 353647.0 380718.0 346681.0 369180.0 379082.0 372974.0 342028.0 344196.0 340848.0 387905.0 360495.0 349379.0 397477.0 363413.0 343722.0 342502.0 359624.0 374832.0 371559.0 408670.0 330237.0 358099.0 474579.0 388102.0 394291.0 335845.0
231 424257.0 399040.0 332188.0 360731.0 331954.0 335975.0 353214.0 380314.0 345914.0 368730.0 379178.0 369866.0 342203.0 347265.0 338862.0 388612.0 361044.0 348028.0 396699.0 362090.0 341894.0 341821.0 357587.0 373721.0 370183.0 410500.0 328241.0 357859.0 474684.0 385990.0 392550.0 334003.0
234 421770.0 395848.0 331507.0 359942.0 330835.0 333451.0 350489.0 378632.0 343056.0 366397.0 377771.0 367949.0 339327.0 345545.0 338131.0 386533.0 359461.0 346066.0 395486.0 360919.0 341375.0 340340.0 359342.0 375201.0 368115.0 408017.0 327904.0 355579.0 472379.0 384933.0 390076.0 332336.0
237 420209.0 393740.0 330450.0 357386.0 329810.0 332647.0 348885.0 376593.0 342691.0 363702.0 374230.0 368830.0 339361.0 344840.0 336918.0 384387.0 357982.0 346562.0 394036.0 359010.0 339191.0 338971.0 356506.0 371225.0 365955.0 405541.0 325080.0 354395.0 469829.0 383278.0 387955.0 331051.0
240 416426.0 390867.0 326830.0 354756.0 326730.0 329656.0 347570.0 374727.0 341664.0 362448.0 373266.0 367065.0 337166.0 342873.0 334237.0 383110.0 355583.0 344389.0 392514.0 357330.0 338946.0 337944.0 353700.0 370953.0 364497.0 403231.0 323767.0 352647.0 467186.0 380619.0 385230.0 329158.0
243 413671.0 389395.0 326728.0 352298.0 325954.0 328190.0 345784.0 371563.0 338651.0 361059.0 370934.0 363087.0 334580.0 341149.0 334173.0 380963.0 354176.0 341307.0 388510.0 356707.0 335482.0 334556.0 352793.0 367595.0 361370.0 400991.0 322578.0 350787.0 464600.0 377862.0 383412.0 326101.0
246 406803.0 387290.0 323584.0 345851.0 324849.0 325211.0 342748.0 367270.0 332569.0 357467.0 370939.0 358067.0 329571.0 337373.0 328426.0 380548.0 351986.0 341010.0 387079.0 354080.0 335285.0 333061.0 348882.0 367598.0 360399.0 399212.0 318918.0 348502.0 462020.0 375073.0 382714.0 318473.0
249 378260.0 383771.0 316198.0 313898.0 316995.0 313585.0 322539.0 355628.0 307542.0 346710.0 365848.0 335392.0 307667.0 335915.0 309272.0 375300.0 347148.0 331546.0 377237.0 349775.0 332420.0 324867.0 337471.0 363253.0 355226.0 391770.0 304765.0 342170.0 459247.0 357069.0 372559.0 290370.0
252 295730.0 370070.0 279394.0 232453.0 288664.0 266168.0 262372.0 310505.0 239503.0 307562.0 351124.0 269071.0 246532.0 323091.0 251549.0 357156.0 331388.0 297551.0 342915.0 329279.0 318752.0 295165.0 293834.0 350066.0 333052.0 366746.0 259119.0 318975.0 447474.0 305903.0 337930.0 222366.0
255 174161.0 328445.0 206307.0 129686.0 216707.0 179042.0 163945.0 221884.0 141224.0 223891.0 307324.0 160794.0 151809.0 282755.0 154769.0 304859.0 288600.0 220986.0 264004.0 275933.0 279682.0 226897.0 211355.0 313794.0 269975.0 302879.0 174300.0 260234.0 414345.0 213257.0 258796.0 132069.0
258 76573.0 236494.0 114703.0 57438.0 119204.0 86318.0 75360.0 115709.0 62923.0 120750.0 214402.0 69570.0 67707.0 203405.0 69013.0 202578.0 203102.0 121048.0 153710.0 179061.0 193315.0 130029.0 109118.0 230261.0 162268.0 192883.0 83988.0 163649.0 330578.0 111035.0 147009.0 58730.0
261 42932.0 133733.0 53861.0 34408.0 54032.0 40275.0 38105.0 54723.0 33989.0 56363.0 113903.0 37355.0 34709.0 111772.0 34948.0 101614.0 108471.0 56028.0 70105.0 88853.0 99973.0 60215.0 50222.0 128568.0 72859.0 94425.0 40325.0 77655.0 210226.0 51992.0 66690.0 32504.0
264 35014.0 63319.0 32580.0 28920.0 32235.0 28443.0 28939.0 36445.0 26952.0 36375.0 53441.0 29602.0 27094.0 52079.0 26838.0 48853.0 50509.0 33903.0 39696.0 42849.0 46033.0 34455.0 32358.0 58946.0 39029.0 48369.0 28988.0 38643.0 101973.0 34904.0 37858.0 25909.0
267 30270.0 40868.0 27655.0 24502.0 27411.0 24675.0 25374.0 31613.0 23246.0 30911.0 37743.0 25805.0 23192.0 34281.0 23647.0 36295.0 35473.0 28537.0 33451.0 33232.0 33024.0 28908.0 27343.0 38329.0 32330.0 37637.0 25285.0 31255.0 57043.0 30422.0 31344.0 22345.0
270 26932.0 34527.0 24163.0 22576.0 23599.0 21748.0 22308.0 27556.0 20934.0 26847.0 33185.0 22549.0 20712.0 30048.0 20496.0 31743.0 30924.0 25174.0 29122.0 29070.0 28652.0 25435.0 24225.0 33117.0 28703.0 33304.0 21650.0 26627.0 47069.0 26472.0 26866.0 20140.0
273 25364.0 30502.0 20773.0 21441.0 20747.0 19864.0 20601.0 23911.0 19728.0 23626.0 28641.0 21457.0 19437.0 25712.0 18971.0 27499.0 26740.0 21867.0 25269.0 24846.0 24628.0 21746.0 21953.0 28885.0 24644.0 28567.0 19249.0 23422.0 41259.0 24334.0 24038.0 18624.0
276 25021.0 25784.0 19343.0 20798.0 19389.0 19130.0 19881.0 22269.0 19055.0 21798.0 25252.0 20898.0 18902.0 22825.0 18516.0 24193.0 23147.0 20863.0 23138.0 21963.0 22353.0 19993.0 20757.0 25068.0 22424.0 25318.0 18677.0 21906.0 36130.0 24046.0 23190.0 18778.0
279 24592.0 24137.0 18752.0 20594.0 18980.0 19062.0 20094.0 21502.0 18935.0 21501.0 23202.0 20653.0 18644.0 21074.0 18174.0 22841.0 21651.0 20103.0 22655.0 20982.0 21085.0 19406.0 20411.0 23126.0 21605.0 24274.0 18061.0 21094.0 32493.0 22983.0 22323.0 18343.0
282 24321.0 22907.0 18593.0 20891.0 18949.0 18886.0 19890.0 21400.0 18786.0 21282.0 23095.0 20375.0 18593.0 20427.0 18116.0 22703.0 21309.0 20140.0 22560.0 20608.0 20833.0 19441.0 20409.0 22548.0 21388.0 23772.0 18232.0 20897.0 31540.0 22650.0 22414.0 18337.0
285 24200.0 22786.0 18110.0 20169.0 18841.0 18445.0 19559.0 21513.0 18398.0 21003.0 22535.0 20392.0 18558.0 20000.0 18009.0 22154.0 20919.0 19884.0 22574.0 20110.0 20368.0 19097.0 20221.0 22130.0 21734.0 23768.0 17829.0 20943.0 30351.0 22328.0 22134.0 17886.0
288 23810.0 22512.0 18269.0 20148.0 18616.0 18416.0 19667.0 21428.0 18340.0 21050.0 22599.0 20133.0 18005.0 20208.0 17795.0 21848.0 20533.0 19983.0 22222.0 19944.0 20454.0 18941.0 20244.0 22280.0 21034.0 23290.0 17518.0 20463.0 30042.0 22290.0 21412.0 17794.0
291 23426.0 22175.0 17756.0 19829.0 18115.0 17998.0 19287.0 20847.0 18359.0 20436.0 21978.0 19652.0 17811.0 19982.0 17257.0 21514.0 20603.0 19568.0 21803.0 20154.0 20079.0 18656.0 19821.0 21746.0 20656.0 23134.0 17397.0 20120.0 29924.0 22007.0 21565.0 17453.0
294 23411.0 21878.0 17777.0 19444.0 18376.0 18186.0 19019.0 20609.0 17830.0 20258.0 21952.0 19801.0 17724.0 19575.0 17254.0 21390.0 20265.0 19305.0 21509.0 20064.0 19640.0 18503.0 19533.0 21282.0 20880.0 23027.0 17352.0 20081.0 29286.0 21608.0 21160.0 17316.0
297 23215.0 21703.0 17285.0 19432.0 17781.0 18042.0 18641.0 20496.0 17584.0 20085.0 21715.0 19239.0 17763.0 19341.0 17148.0 21500.0 20193.0 19053.0 21263.0 19606.0 19724.0 18362.0 18978.0 21383.0 20502.0 22529.0 17282.0 19844.0 29222.0 21643.0 21197.0 17030.0
300 22585.0 21381.0 17441.0 19042.0 17824.0 17579.0 18503.0 20187.0 17262.0 19672.0 21158.0 19094.0 17213.0 19266.0 16887.0 20710.0 19973.0 18745.0 20960.0 19411.0 19612.0 18237.0 19093.0 20668.0 20281.0 22161.0 16936.0 19396.0 28503.0 21272.0 20778.0 16851.0
303 22733.0 20950.0 17103.0 18923.0 17783.0 17248.0 18389.0 19551.0 17174.0 19384.0 21372.0 18805.0 16969.0 19084.0 16428.0 20616.0 19482.0 18401.0 20606.0 18994.0 19137.0 17735.0 18763.0 20969.0 20043.0 21918.0 16559.0 19159.0 28600.0 20964.0 20250.0 16616.0
306 21977.0 21033.0 16925.0 18387.0 17427.0 17020.0 18274.0 19278.0 16669.0 19010.0 20890.0 18365.0 16979.0 18803.0 16173.0 20412.0 19616.0 18097.0 20464.0 18734.0 18814.0 17572.0 18017.0 20363.0 19485.0 21788.0 16098.0 19073.0 28193.0 20401.0 20360.0 16268.0
309 21735.0 20477.0 16585.0 18315.0 17079.0 17114.0 18139.0 19197.0 16644.0 18689.0 20451.0 18139.0 16646.0 18591.0 16080.0 20258.0 19233.0 18020.0 20059.0 18520.0 18715.0 17253.0 18200.0 20219.0 19282.0 21523.0 16219.0 19206.0 27771.0 20133.0 20027.0 16175.0
312 21509.0 20456.0 16259.0 17818.0 16800.0 16635.0 17558.0 19046.0 16463.0 18569.0 20336.0 17826.0 15835.0 18396.0 15781.0 20000.0 18821.0 17589.0 20014.0 18222.0 18442.0 16887.0 17800.0 19965.0 19032.0 21374.0 16128.0 18652.0 27370.0 20142.0 19188.0 15827.0
315 20772.0 20262.0 16024.0 17748.0 16512.0 16300.0 17148.0 18586.0 16174.0 18504.0 19801.0 17563.0 15907.0 17904.0 15843.0 19610.0 18582.0 17320.0 19543.0 17971.0 18053.0 16684.0 17738.0 19657.0 18697.0 20931.0 15387.0 18410.0 26895.0 19795.0 19320.0 15302.0
318 20189.0 19376.0 15882.0 17095.0 16407.0 16195.0 16843.0 18196.0 15723.0 17873.0 19536.0 17088.0 15426.0 17767.0 15291.0 19074.0 18366.0 17118.0 19321.0 18022.0 17862.0 16706.0 16953.0 19404.0 18578.0 20472.0 15127.0 17747.0 26686.0 19396.0 18616.0 14836.0
321 19547.0 19187.0 15265.0 16453.0 16256.0 15655.0 16231.0 17705.0 15189.0 17530.0 19185.0 16421.0 15359.0 17238.0 14933.0 18761.0 17930.0 16512.0 18768.0 17106.0 17574.0 16154.0 16645.0 19188.0 17828.0 19856.0 14893.0 17270.0 26127.0 18800.0 18146.0 14615.0
324 19055.0 18881.0 15133.0 15732.0 15636.0 15340.0 15749.0 17272.0 14826.0 17291.0 18762.0 15895.0 14741.0 17060.0 14372.0 18522.0 17354.0 16335.0 18581.0 16728.0 17373.0 15794.0 16276.0 18648.0 17804.0 19499.0 14591.0 17139.0 25982.0 18512.0 17834.0 13843.0
327 18048.0 18592.0 14569.0 14719.0 15018.0 14762.0 14971.0 16692.0 13658.0 16732.0 18509.0 15026.0 13869.0 16715.0 13587.0 17965.0 17379.0 15477.0 17519.0 16465.0 16953.0 15430.0 15491.0 18281.0 17192.0 19089.0 14007.0 16498.0 25155.0 17752.0 17410.0 12844.0
330 16196.0 17842.0 14077.0 12534.0 14206.0 13651.0 13473.0 15748.0 11988.0 15864.0 17948.0 13747.0 12480.0 16179.0 12468.0 17396.0 16837.0 14967.0 17239.0 16143.0 16597.0 14807.0 14437.0 17809.0 16628.0 18554.0 13129.0 16147.0 24531.0 16813.0 16412.0 10991.0
333 13765.0 17197.0 12671.0 9883.0 13444.0 12160.0 11245.0 14546.0 9690.0 14358.0 17297.0 10910.0 10393.0 15566.0 10700.0 16590.0 16284.0 13642.0 15991.0 15414.0 15652.0 13810.0 12974.0 17433.0 15635.0 17885.0 11296.0 15393.0 24052.0 14708.0 15306.0 8462.0
336 9959.0 16169.0 10694.0 6825.0 11490.0 9779.0 8158.0 12153.0 6821.0 12390.0 16411.0 7811.0 7605.0 14753.0 7963.0 15326.0 15295.0 11377.0 13817.0 13843.0 14848.0 12013.0 10377.0 16310.0 13658.0 16518.0 8700.0 13485.0 22949.0 12318.0 12980.0 5733.0
339 6371.0 14629.0 8098.0 4286.0 8802.0 6750.0 5351.0 9136.0 4243.0 9254.0 14623.0 4825.0 4997.0 13173.0 5162.0 13111.0 13580.0 8446.0 10836.0 11706.0 13019.0 9567.0 7468.0 15126.0 11411.0 14395.0 6008.0 10968.0 21614.0 9135.0 10093.0 3327.0
342 3869.0 12370.0 5986.0 2697.0 6199.0 4337.0 3145.0 6203.0 2638.0 6409.0 12113.0 2914.0 2922.0 11026.0 3141.0 10455.0 11463.0 5809.0 7518.0 9265.0 10922.0 7022.0 4714.0 13069.0 8310.0 11349.0 3704.0 8238.0 19713.0 6222.0 6896.0 2164.0
345 2746.0 9495.0 3712.0 2047.0 3750.0 2647.0 2165.0 3907.0 1874.0 3920.0 8936.0 2127.0 1973.0 8260.0 2035.0 7325.0 8765.0 3635.0 4660.0 6301.0 7818.0 4389.0 2915.0 10047.0 5113.0 8063.0 2384.0 5373.0 16035.0 3707.0 4288.0 1680.0
348 2261.0 6634.0 2422.0 1743.0 2322.0 1817.0 1865.0 2601.0 1656.0 2737.0 5939.0 1767.0 1586.0 5516.0 1535.0 4591.0 5967.0 2416.0 2967.0 3814.0 4952.0 2750.0 2131.0 6802.0 3055.0 4942.0 1787.0 3290.0 11839.0 2466.0 2717.0 1514.0
351 2091.0 4342.0 1917.0 1673.0 1869.0 1672.0 1656.0 2164.0 1488.0 2166.0 3724.0 1632.0 1443.0 3635.0 1541.0 2971.0 3746.0 1902.0 2340.0 2648.0 3246.0 2117.0 1845.0 4301.0 2358.0 3166.0 1602.0 2295.0 8045.0 2126.0 2072.0 1359.0
354 1860.0 2892.0 1659.0 1575.0 1598.0 1495.0 1544.0 1816.0 1385.0 1810.0 2628.0 1481.0 1458.0 2434.0 1327.0 2320.0 2581.0 1638.0 1956.0 1986.0 2226.0 1679.0 1641.0 2773.0 1971.0 2376.0 1384.0 1872.0 4942.0 1855.0 1796.0 1340.0
357 1881.0 2393.0 1534.0 1594.0 1489.0 1427.0 1471.0 1755.0 1303.0 1761.0 2281.0 1540.0 1310.0 1993.0 1259.0 2115.0 2118.0 1577.0 1814.0 1889.0 2011.0 1502.0 1616.0 2320.0 1721.0 2070.0 1368.0 1714.0 3606.0 1910.0 1751.0 1321.0
