150 352944.0 534691.0 454419.0 433748.0 466127.0 352014.0 410693.0 358639.0 476169.0 352613.0 347796.0 379520.0 380716.0 583486.0 360572.0 351844.0 342152.0 328640.0 339651.0 346049.0 308013.0 512564.0 815078.0 346288.0 319021.0 360585.0 346638.0 358212.0 484769.0 362245.0 367925.0 342619.0
153 423385.0 577204.0 496223.0 472940.0 511235.0 390526.0 456556.0 395298.0 520247.0 396815.0 386632.0 427118.0 424471.0 628610.0 404681.0 388052.0 379214.0 399977.0 385158.0 384479.0 392680.0 570767.0 878696.0 392957.0 386232.0 413647.0 387439.0 401417.0 555412.0 425527.0 439103.0 392448.0
156 17396283.0 17375900.0 17385432.0 17366593.0 17385769.0 17378316.0 17375005.0 17374202.0 17368940.0 17381455.0 17400135.0 17376351.0 17388797.0 17352192.0 17407441.0 17377681.0 17393207.0 17398604.0 17406018.0 17395814.0 17381111.0 17365681.0 17258845.0 17401329.0 17377373.0 17403637.0 17372294.0 17397007.0 17346540.0 17401079.0 17407486.0 17392202.0
159 18438171.0 18411674.0 18423978.0 18405500.0 18424292.0 18419747.0 18422132.0 18416017.0 18409437.0 18423616.0 18446478.0 18417478.0 18434487.0 18358344.0 18449389.0 18420179.0 18441989.0 18446098.0 18452855.0 18442638.0 18429563.0 18405332.0 18273261.0 18448286.0 18427105.0 18448707.0 18418609.0 18444124.0 18383270.0 18448975.0 18452559.0 18447110.0
162 18769852.0 18740761.0 18754213.0 18729358.0 18750596.0 18746720.0 18751246.0 18741928.0 18736217.0 18749313.0 18774366.0 18743102.0 18764025.0 18682218.0 18778292.0 18746421.0 18769354.0 18775528.0 18781717.0 18770211.0 18756544.0 18720726.0 18595054.0 18777120.0 18753011.0 18778406.0 18744843.0 18772929.0 18708819.0 18779518.0 18783915.0 18777191.0
165 19024455.0 18990534.0 19004196.0 18982200.0 19001436.0 18999644.0 19003774.0 18995649.0 18989478.0 19002734.0 19026675.0 18996786.0 19016903.0 18935088.0 19030462.0 18999008.0 19022147.0 19030147.0 19034554.0 19021797.0 19010146.0 18974364.0 18848284.0 19029478.0 19006567.0 19031428.0 18997482.0 19025753.0 18961960.0 19033378.0 19038119.0 19031058.0
168 19257324.0 19221163.0 19236127.0 19214185.0 19232984.0 19231160.0 19237083.0 19227041.0 19221684.0 19234515.0 19259733.0 19227774.0 19248480.0 19165777.0 19262418.0 19230995.0 19253774.0 19262817.0 19266410.0 19254632.0 19242309.0 19206849.0 19077420.0 19261079.0 19238692.0 19263304.0 19229000.0 19257216.0 19193607.0 19265071.0 19270257.0 19263839.0
171 19560873.0 19521142.0 19538129.0 19513397.0 19536613.0 19530807.0 19540811.0 19527453.0 19524474.0 19533903.0 19562493.0 19526869.0 19550243.0 19469848.0 19563992.0 19529139.0 19555887.0 19564492.0 19567608.0 19555981.0 19542177.0 19506065.0 19371377.0 19561273.0 19537486.0 19562880.0 19526110.0 19557953.0 19490297.0 19565314.0 19569275.0 19562902.0
174 19658417.0 19614482.0 19632998.0 19604846.0 19628907.0 19620813.0 19636920.0 19615853.0 19621591.0 19624843.0 19659867.0 19617782.0 19647037.0 19560004.0 19660951.0 19617092.0 19652728.0 19662707.0 19664170.0 19651556.0 19635251.0 19603169.0 19450013.0 19656717.0 19629524.0 19657687.0 19612670.0 19651458.0 19577046.0 19659805.0 19663197.0 19658389.0
177 19616216.0 19566493.0 19586501.0 19538570.0 19582133.0 19541141.0 19592094.0 19534314.0 19574982.0 19555577.0 19616714.0 19552311.0 19603233.0 19502727.0 19616005.0 19537505.0 19606557.0 19620442.0 19620119.0 19604284.0 19584292.0 19554792.0 19346193.0 19608950.0 19574824.0 19610156.0 19531819.0 19603325.0 19505565.0 19613550.0 19616945.0 19613656.0
180 19250350.0 19220400.0 19212085.0 19024298.0 19219717.0 19049143.0 19216530.0 19045430.0 19187190.0 19054319.0 19249323.0 19049685.0 19234406.0 19027135.0 19231409.0 19055378.0 19229006.0 19278853.0 19247261.0 19206644.0 19134157.0 19133569.0 18703085.0 19208709.0 19115255.0 19213511.0 19034593.0 19201167.0 18951636.0 19241287.0 19253418.0 19290085.0
183 9769921.0 10480455.0 9857992.0 9098189.0 10050447.0 9069290.0 9710278.0 9104634.0 9864077.0 8955944.0 9679626.0 9073441.0 9738192.0 9458467.0 9395988.0 9153706.0 9683848.0 9799328.0 9454469.0 9483849.0 9332195.0 9348810.0 9085313.0 9220465.0 9338899.0 9167504.0 8930377.0 9324462.0 8876652.0 9399027.0 9458724.0 10384068.0
186 6991209.0 6869829.0 6632748.0 6466429.0 6763441.0 6468432.0 6605690.0 6501976.0 6763812.0 6361049.0 6606635.0 6463053.0 6664637.0 6526911.0 6404573.0 6518501.0 6621353.0 6713660.0 6421228.0 6466156.0 6693714.0 6391665.0 6589698.0 6231352.0 6693447.0 6157927.0 6344430.0 6296983.0 6294168.0 6312984.0 6346073.0 6942398.0
189 1243099.0 1449115.0 1283937.0 1148332.0 1358895.0 1115260.0 1230236.0 1127912.0 1381527.0 1057229.0 1187764.0 1118210.0 1225148.0 1336477.0 1121872.0 1151454.0 1190745.0 1209776.0 1096839.0 1139136.0 1183131.0 1274400.0 1528114.0 1034942.0 1170832.0 1017272.0 1059587.0 1086198.0 1157143.0 1076801.0 1082193.0 1310739.0
192 356657.0 548129.0 456313.0 425546.0 478218.0 362024.0 416419.0 366719.0 513595.0 353017.0 356248.0 383295.0 386429.0 675453.0 356840.0 362831.0 349724.0 359604.0 336906.0 347888.0 359070.0 571306.0 814460.0 337191.0 357673.0 348028.0 353775.0 349882.0 492297.0 357615.0 359421.0 379157.0
195 353190.0 515055.0 441025.0 411676.0 450548.0 342273.0 403596.0 349029.0 473988.0 343902.0 337147.0 371334.0 370063.0 658348.0 345338.0 343739.0 333229.0 341789.0 329741.0 336444.0 338084.0 542976.0 802587.0 332926.0 334602.0 347193.0 342560.0 344491.0 483457.0 353047.0 353418.0 339608.0
198 352518.0 511592.0 439371.0 411514.0 449961.0 343177.0 403796.0 348430.0 472551.0 343046.0 336775.0 371404.0 370966.0 660438.0 345906.0 343581.0 332887.0 341505.0 329715.0 335699.0 335954.0 562770.0 801899.0 334943.0 334421.0 346915.0 340668.0 341902.0 484822.0 352555.0 353498.0 337209.0
201 353498.0 497753.0 440041.0 408637.0 451180.0 341519.0 403832.0 349802.0 472756.0 343476.0 336054.0 371403.0 370787.0 662713.0 345296.0 341401.0 332924.0 341914.0 329682.0 336493.0 337854.0 562970.0 798819.0 333417.0 334542.0 347555.0 340969.0 340847.0 486122.0 351954.0 354880.0 338488.0
204 354786.0 512586.0 440968.0 422875.0 450553.0 342983.0 404734.0 350437.0 473156.0 344782.0 337988.0 371799.0 371480.0 663102.0 345399.0 344288.0 333883.0 341202.0 331416.0 337175.0 338728.0 563347.0 802947.0 334721.0 335706.0 348575.0 341056.0 342357.0 487121.0 352116.0 356115.0 338594.0
207 354150.0 514209.0 441620.0 423387.0 451052.0 344861.0 405073.0 350361.0 474734.0 344987.0 337436.0 371881.0 372527.0 662808.0 346873.0 344550.0 335323.0 343008.0 331836.0 336520.0 340536.0 563569.0 802773.0 333950.0 335977.0 348619.0 341840.0 342860.0 488823.0 353432.0 354768.0 338585.0
210 354331.0 512922.0 440209.0 425596.0 450740.0 344498.0 404583.0 350123.0 473492.0 344336.0 338604.0 370808.0 370101.0 663543.0 346572.0 344402.0 333885.0 342700.0 330601.0 336935.0 338909.0 563184.0 802209.0 334444.0 336453.0 348442.0 342471.0 344299.0 487255.0 352620.0 355168.0 339205.0
213 353018.0 511806.0 439970.0 410631.0 449417.0 342979.0 404038.0 348687.0 474483.0 344249.0 338917.0 370737.0 370693.0 660951.0 345719.0 344025.0 334292.0 341051.0 330782.0 337595.0 336953.0 563362.0 799605.0 335636.0 335209.0 347359.0 341519.0 342841.0 487927.0 351816.0 353025.0 338379.0
216 353903.0 512693.0 443201.0 410926.0 449170.0 343245.0 405163.0 349878.0 473776.0 343808.0 338293.0 371273.0 371095.0 660880.0 344840.0 344428.0 333989.0 341022.0 329548.0 336302.0 335260.0 561496.0 799729.0 333452.0 334832.0 346674.0 342284.0 342843.0 484342.0 351315.0 353920.0 340704.0
219 353178.0 511368.0 441195.0 407352.0 448974.0 344072.0 403367.0 350050.0 474782.0 342474.0 337088.0 370159.0 370564.0 662389.0 343367.0 343927.0 333523.0 339660.0 329500.0 336457.0 335359.0 557904.0 797912.0 331824.0 334506.0 344871.0 340255.0 342277.0 483773.0 351449.0 353605.0 338301.0
222 351591.0 512035.0 438806.0 407812.0 444160.0 342463.0 401934.0 348092.0 463295.0 340987.0 336380.0 369040.0 368360.0 655774.0 344501.0 342895.0 331841.0 338263.0 329135.0 336089.0 334142.0 555480.0 794796.0 332889.0 331837.0 345007.0 338920.0 340785.0 482854.0 349959.0 350866.0 337616.0
225 352353.0 508863.0 437374.0 406293.0 442721.0 340975.0 400479.0 346458.0 459636.0 340789.0 334418.0 368805.0 367860.0 663504.0 342234.0 341679.0 331548.0 338029.0 327492.0 334956.0 333988.0 555018.0 794605.0 330355.0 331982.0 343516.0 337548.0 339440.0 482827.0 348739.0 350529.0 337030.0
228 350661.0 507828.0 437107.0 406003.0 442345.0 340130.0 398403.0 347001.0 469479.0 341521.0 334357.0 367589.0 366949.0 654154.0 341420.0 341507.0 330392.0 337788.0 327023.0 333263.0 334420.0 556599.0 791936.0 330021.0 331608.0 343462.0 339032.0 339441.0 482107.0 347843.0 350957.0 336525.0
231 348613.0 508858.0 435411.0 405585.0 440282.0 340296.0 398895.0 346001.0 467551.0 339723.0 335297.0 366730.0 366964.0 645630.0 342097.0 339919.0 330154.0 336155.0 327007.0 333789.0 332071.0 555319.0 787063.0 330983.0 330990.0 342879.0 338067.0 339153.0 481684.0 346711.0 349320.0 334401.0
234 347045.0 506074.0 434008.0 404875.0 451379.0 339743.0 398176.0 344690.0 465951.0 337546.0 332410.0 365820.0 365357.0 650236.0 339251.0 339211.0 329733.0 335680.0 325047.0 333406.0 329963.0 552107.0 782366.0 328158.0 329589.0 339800.0 337734.0 336432.0 477090.0 345718.0 347329.0 334897.0
237 345568.0 501380.0 431633.0 401500.0 449934.0 337083.0 395412.0 343086.0 465913.0 337620.0 331608.0 363966.0 362778.0 640353.0 338037.0 336464.0 326225.0 332646.0 322788.0 330926.0 328037.0 546995.0 776870.0 325762.0 327369.0 340855.0 335479.0 336079.0 475533.0 343346.0 344872.0 333288.0
240 345330.0 499270.0 432189.0 403554.0 450848.0 335873.0 395828.0 343759.0 465385.0 337234.0 331414.0 362500.0 363264.0 642510.0 336707.0 337514.0 326995.0 333330.0 323094.0 331438.0 330256.0 544982.0 776785.0 326016.0 328437.0 338582.0 335190.0 336572.0 474937.0 344766.0 345911.0 333592.0
243 342799.0 494734.0 428682.0 410583.0 446141.0 335336.0 391838.0 341778.0 460637.0 334993.0 329206.0 359949.0 361708.0 637299.0 334896.0 336652.0 324510.0 330382.0 321609.0 328556.0 325597.0 538565.0 770089.0 324740.0 325156.0 336905.0 331892.0 334533.0 466862.0 340930.0 342130.0 330634.0
246 341120.0 493774.0 425671.0 409183.0 433214.0 333485.0 390198.0 340085.0 458858.0 331690.0 329469.0 357621.0 358703.0 638207.0 333437.0 334207.0 323874.0 326880.0 318881.0 326708.0 321193.0 523093.0 763992.0 322114.0 322328.0 333717.0 329457.0 331702.0 463181.0 337905.0 339536.0 329001.0
249 335638.0 490970.0 424627.0 405238.0 429466.0 331137.0 386116.0 336952.0 455327.0 326590.0 325626.0 352351.0 356594.0 631600.0 329168.0 332301.0 321784.0 318031.0 310407.0 324666.0 302054.0 466782.0 753861.0 316743.0 316460.0 325965.0 326208.0 329037.0 449361.0 327730.0 329131.0 327129.0
252 319925.0 489062.0 420251.0 400381.0 427008.0 328714.0 378604.0 335089.0 452701.0 311513.0 320284.0 332164.0 349064.0 623454.0 316008.0 328902.0 317883.0 276362.0 285003.0 320897.0 244963.0 433500.0 730247.0 299941.0 291046.0 297171.0 316676.0 324867.0 400988.0 293012.0 293625.0 323807.0
255 266635.0 483444.0 414920.0 372744.0 424235.0 318949.0 351926.0 330364.0 447667.0 260806.0 300295.0 271925.0 324027.0 616880.0 270096.0 318362.0 308191.0 189596.0 222261.0 309633.0 157017.0 381477.0 659456.0 251019.0 227042.0 230006.0 285265.0 309171.0 301774.0 219430.0 215980.0 313275.0
258 153260.0 475076.0 378493.0 299797.0 405628.0 273054.0 259217.0 301455.0 418463.0 150924.0 232638.0 154638.0 241936.0 569677.0 169105.0 268050.0 252836.0 81167.0 119701.0 258035.0 65489.0 199665.0 455198.0 150266.0 118956.0 119067.0 200678.0 250619.0 149927.0 107697.0 104110.0 267305.0
261 71590.0 448394.0 290045.0 185804.0 355438.0 186542.0 143562.0 227889.0 347157.0 69835.0 138176.0 71359.0 139447.0 449185.0 81986.0 186612.0 165232.0 38123.0 55059.0 177599.0 33960.0 90117.0 237878.0 71927.0 53592.0 54989.0 112583.0 162267.0 67040.0 50256.0 48416.0 186424.0
264 39010.0 358076.0 163487.0 82309.0 238884.0 91178.0 64294.0 122575.0 226906.0 36063.0 61502.0 37567.0 61529.0 266473.0 39152.0 96603.0 78147.0 27420.0 32385.0 90702.0 25833.0 56115.0 110045.0 36494.0 31780.0 33916.0 52009.0 77978.0 41987.0 31945.0 31983.0 96620.0
267 32090.0 226778.0 77555.0 45128.0 118927.0 44686.0 41382.0 56126.0 121099.0 28803.0 35440.0 30399.0 37536.0 128101.0 29154.0 47821.0 40394.0 23217.0 26185.0 45016.0 22446.0 48068.0 83358.0 28926.0 26576.0 28463.0 34631.0 41059.0 34982.0 27213.0 26881.0 47897.0
270 27786.0 109107.0 48588.0 36562.0 58156.0 32646.0 35076.0 35558.0 61882.0 25107.0 29457.0 26059.0 31018.0 79176.0 25183.0 34363.0 31243.0 21134.0 23293.0 32482.0 20304.0 41512.0 73412.0 25152.0 23170.0 24897.0 29316.0 31660.0 30660.0 23830.0 23744.0 33991.0
273 24962.0 66435.0 42366.0 32049.0 46526.0 29193.0 30860.0 31492.0 46605.0 22890.0 26169.0 23907.0 27663.0 68868.0 22696.0 30042.0 27889.0 20252.0 21698.0 29347.0 19755.0 38567.0 66142.0 22754.0 21268.0 22737.0 26130.0 28591.0 28801.0 21930.0 22186.0 29964.0
276 22873.0 52237.0 36882.0 29187.0 39522.0 24969.0 27119.0 27295.0 39116.0 21444.0 23002.0 22446.0 24870.0 60269.0 21311.0 26069.0 24009.0 19314.0 20160.0 25333.0 19052.0 37276.0 59478.0 21014.0 20601.0 21888.0 22988.0 24550.0 27659.0 21192.0 21407.0 26114.0
279 22613.0 45614.0 32266.0 27422.0 35280.0 22199.0 25082.0 23332.0 34208.0 21210.0 21039.0 22289.0 23725.0 53174.0 20526.0 23285.0 21597.0 19084.0 20211.0 22691.0 18728.0 36371.0 57206.0 20842.0 20013.0 21662.0 21387.0 21726.0 27013.0 20769.0 21142.0 23092.0
282 22073.0 39313.0 29790.0 27062.0 30286.0 20936.0 24542.0 21741.0 30782.0 20536.0 20309.0 22001.0 23335.0 49029.0 20596.0 21961.0 20724.0 19194.0 20049.0 21200.0 18321.0 36005.0 56660.0 20590.0 19784.0 21223.0 20796.0 20653.0 26814.0 20742.0 21102.0 22263.0
285 21796.0 35965.0 28539.0 26489.0 28408.0 20664.0 24073.0 21014.0 28529.0 20518.0 19825.0 21460.0 22775.0 47540.0 19809.0 21354.0 20508.0 18765.0 19617.0 20584.0 18558.0 35984.0 56234.0 19941.0 19831.0 20949.0 20576.0 20613.0 26530.0 20492.0 20621.0 21443.0
288 21789.0 32552.0 28030.0 26090.0 28135.0 20369.0 24228.0 20651.0 28168.0 20189.0 19766.0 21290.0 22299.0 46889.0 19700.0 21033.0 20269.0 18412.0 19732.0 20221.0 18142.0 35397.0 55348.0 19818.0 19379.0 21000.0 20484.0 20107.0 25784.0 20155.0 20576.0 20891.0
291 21438.0 31900.0 27878.0 25879.0 29129.0 20279.0 23799.0 20424.0 27458.0 20334.0 19693.0 21316.0 22486.0 46004.0 19566.0 20819.0 20024.0 18560.0 19687.0 20189.0 17992.0 35265.0 54942.0 19625.0 19365.0 20814.0 20147.0 19917.0 26153.0 19918.0 20263.0 20986.0
294 21112.0 32260.0 27660.0 25394.0 27492.0 19983.0 23347.0 20545.0 27024.0 19680.0 19241.0 20794.0 22385.0 46000.0 19346.0 20537.0 20034.0 18170.0 19330.0 20005.0 17784.0 34369.0 54385.0 19705.0 18987.0 20676.0 20168.0 19703.0 25447.0 19658.0 20168.0 20674.0
297 20976.0 31684.0 27350.0 25120.0 27245.0 19880.0 23066.0 20286.0 26932.0 19696.0 19298.0 20279.0 22220.0 45572.0 19147.0 20342.0 19743.0 17840.0 18920.0 19697.0 17430.0 34312.0 53965.0 19138.0 19011.0 20077.0 19489.0 19589.0 25083.0 19277.0 19804.0 20357.0
300 20701.0 30754.0 26983.0 25078.0 27092.0 19557.0 22922.0 19893.0 26226.0 19445.0 18927.0 20410.0 21650.0 44917.0 19123.0 20114.0 19470.0 17665.0 18761.0 19494.0 17285.0 33488.0 52831.0 19152.0 18626.0 19895.0 19818.0 19333.0 24710.0 19260.0 19797.0 19898.0
303 20496.0 30460.0 26889.0 24525.0 27347.0 19450.0 22790.0 19890.0 26326.0 19174.0 18792.0 19784.0 21412.0 44286.0 18609.0 20024.0 19219.0 17163.0 18539.0 19330.0 16992.0 33315.0 52413.0 18797.0 18205.0 19729.0 19206.0 19034.0 24003.0 18789.0 19353.0 19833.0
306 20051.0 31986.0 26692.0 24530.0 27060.0 18980.0 22417.0 19810.0 26120.0 18830.0 18648.0 19807.0 21035.0 44020.0 18507.0 19911.0 18905.0 17012.0 18273.0 19184.0 16858.0 32340.0 51566.0 18776.0 18153.0 19510.0 19340.0 19030.0 23657.0 18721.0 19051.0 19754.0
309 20013.0 31364.0 25911.0 23778.0 26821.0 19042.0 22137.0 19510.0 25621.0 18832.0 18066.0 19268.0 21252.0 43595.0 18062.0 19749.0 18749.0 17061.0 17813.0 19005.0 16362.0 32084.0 50910.0 18333.0 17963.0 19212.0 18775.0 18620.0 23341.0 18376.0 18905.0 19831.0
312 19273.0 31530.0 25779.0 23657.0 25804.0 18876.0 21709.0 19212.0 25553.0 18222.0 17914.0 19009.0 20556.0 43041.0 17985.0 19065.0 18547.0 16587.0 17678.0 18553.0 15903.0 31410.0 49599.0 17924.0 17390.0 18626.0 18448.0 18461.0 22747.0 17914.0 18419.0 19279.0
315 19091.0 31142.0 25401.0 22642.0 26148.0 18530.0 21309.0 18776.0 25177.0 18143.0 17924.0 18851.0 20683.0 42420.0 17655.0 19099.0 18565.0 16155.0 17339.0 18578.0 16035.0 30709.0 49494.0 17803.0 17108.0 18627.0 18285.0 18270.0 22506.0 17728.0 18279.0 18902.0
318 19130.0 30640.0 24989.0 22848.0 24991.0 18159.0 20850.0 18905.0 24695.0 17775.0 17453.0 18410.0 19956.0 41820.0 17426.0 18773.0 18023.0 15681.0 17082.0 18061.0 15321.0 29785.0 48495.0 17324.0 16690.0 17937.0 17693.0 17803.0 21796.0 17360.0 17664.0 18638.0
321 18445.0 29672.0 24529.0 21910.0 24571.0 17948.0 20770.0 18313.0 24526.0 17235.0 17014.0 18093.0 19724.0 40426.0 16904.0 18382.0 17413.0 15306.0 16600.0 17833.0 14878.0 28845.0 47320.0 17060.0 16357.0 17751.0 17572.0 17668.0 20581.0 16920.0 16930.0 18340.0
324 17901.0 29920.0 24037.0 21528.0 24209.0 17477.0 19913.0 17911.0 23783.0 16809.0 16760.0 17362.0 19163.0 40038.0 16537.0 18182.0 17332.0 14740.0 16363.0 17802.0 13788.0 28080.0 45694.0 16497.0 15755.0 17045.0 17237.0 17427.0 20027.0 16364.0 16441.0 18110.0
327 17516.0 28845.0 23601.0 21491.0 24091.0 17405.0 19641.0 17621.0 23331.0 16349.0 16553.0 16773.0 18912.0 39363.0 15962.0 17831.0 16963.0 13620.0 15353.0 17412.0 12401.0 26944.0 44670.0 16092.0 15141.0 16643.0 16918.0 16975.0 19047.0 15454.0 15304.0 17610.0
330 16962.0 27931.0 23311.0 20941.0 23898.0 16734.0 19046.0 17585.0 22950.0 15551.0 15917.0 15992.0 18461.0 38645.0 15498.0 17329.0 16698.0 12172.0 14545.0 16860.0 10348.0 24906.0 43116.0 15398.0 13772.0 15403.0 16159.0 16419.0 16756.0 14192.0 14384.0 17384.0
333 15547.0 26963.0 22842.0 20281.0 23378.0 16337.0 18246.0 16999.0 22286.0 14248.0 15480.0 14477.0 17420.0 37231.0 14358.0 16668.0 16126.0 9465.0 12583.0 16209.0 7343.0 21868.0 39364.0 13997.0 11947.0 13744.0 15424.0 15710.0 13889.0 12118.0 12041.0 16781.0
336 13256.0 26655.0 22019.0 19125.0 23046.0 15775.0 17046.0 16459.0 21710.0 12460.0 14535.0 12262.0 16304.0 36148.0 12787.0 16022.0 15046.0 6955.0 10524.0 15891.0 5155.0 18282.0 35665.0 12312.0 9585.0 11481.0 14126.0 15346.0 10983.0 9923.0 9584.0 15971.0
339 10557.0 27249.0 21098.0 17385.0 22195.0 14895.0 14724.0 15801.0 21310.0 9714.0 13035.0 9418.0 14459.0 35406.0 10616.0 15156.0 14306.0 4069.0 7891.0 14748.0 3045.0 13222.0 29016.0 9971.0 6807.0 8709.0 12135.0 14238.0 7716.0 7148.0 6648.0 14598.0
342 7104.0 26067.0 19843.0 14710.0 20879.0 13190.0 11786.0 14883.0 20475.0 6764.0 10845.0 6348.0 11775.0 33230.0 7764.0 13345.0 12408.0 2463.0 5227.0 13080.0 2022.0 8357.0 21789.0 7111.0 4158.0 5699.0 9469.0 12380.0 4734.0 4466.0 4130.0 12757.0
345 4486.0 25194.0 17310.0 11167.0 19758.0 11017.0 8223.0 13087.0 18915.0 4066.0 8170.0 4021.0 8705.0 30122.0 4962.0 11180.0 9765.0 1791.0 3186.0 10899.0 1653.0 5267.0 14246.0 4637.0 2722.0 3445.0 6830.0 9990.0 3011.0 2790.0 2686.0 10278.0
348 2919.0 23143.0 13697.0 7301.0 16921.0 7788.0 5025.0 10069.0 16071.0 2580.0 5089.0 2538.0 5540.0 24847.0 3015.0 8343.0 6776.0 1606.0 2266.0 7980.0 1447.0 3967.0 8660.0 2832.0 2034.0 2530.0 4291.0 7137.0 2499.0 2091.0 2075.0 7199.0
351 2382.0 20701.0 9944.0 4556.0 13388.0 5135.0 3231.0 7091.0 12993.0 2054.0 3139.0 1992.0 3418.0 18796.0 2139.0 5496.0 4318.0 1528.0 1917.0 5473.0 1498.0 3533.0 6523.0 2196.0 1794.0 2084.0 2879.0 4515.0 2194.0 1860.0 1755.0 4510.0
354 2111.0 16864.0 6379.0 2960.0 9349.0 3258.0 2600.0 4362.0 9451.0 1880.0 2226.0 1849.0 2394.0 12755.0 1876.0 3482.0 2788.0 1439.0 1758.0 3368.0 1394.0 3135.0 5565.0 1887.0 1654.0 1904.0 2250.0 2922.0 2050.0 1717.0 1666.0 3111.0
357 1825.0 12471.0 4218.0 2608.0 5999.0 2263.0 2212.0 2889.0 6181.0 1687.0 1894.0 1748.0 2242.0 8346.0 1703.0 2543.0 2294.0 1509.0 1634.0 2483.0 1358.0 3090.0 5197.0 1701.0 1581.0 1763.0 1966.0 2234.0 1943.0 1627.0 1612.0 2416.0
