150 1686951.0 1566404.0 1484350.0 1523744.0 1429187.0 1525839.0 1536909.0 1493401.0 1465591.0 1484574.0 1527081.0 1506411.0 1501930.0 1495449.0 1516456.0 1738715.0 1513386.0 1604252.0 1574227.0 1491217.0 1496830.0 1691801.0 1524851.0 1470801.0 1511141.0 1518660.0 1564019.0 1722349.0 1485601.0 1472176.0 1538755.0 1624326.0
153 18100159.0 18102074.0 18103483.0 18084467.0 18117380.0 18077241.0 18093941.0 18086084.0 18104694.0 18081563.0 18091789.0 18078117.0 18098493.0 18099377.0 18093044.0 18031510.0 18097755.0 18058868.0 18082948.0 18103380.0 18076551.0 18050708.0 18061988.0 18103490.0 18081281.0 18092290.0 18056167.0 18043283.0 18085627.0 18105401.0 18089174.0 18075281.0
156 18552648.0 18554515.0 18556414.0 18538339.0 18571225.0 18529556.0 18549068.0 18539729.0 18558921.0 18535616.0 18545283.0 18529641.0 18551919.0 18553104.0 18547135.0 18467379.0 18551643.0 18518349.0 18537247.0 18558702.0 18529700.0 18510572.0 18515212.0 18559536.0 18534212.0 18547042.0 18509267.0 18496570.0 18538765.0 18558518.0 18545027.0 18526055.0
159 18919744.0 18920656.0 18921634.0 18901851.0 18938571.0 18892885.0 18916712.0 18901572.0 18924888.0 18897959.0 18912563.0 18890057.0 18918108.0 18920174.0 18912644.0 18831896.0 18918316.0 18884772.0 18903248.0 18925293.0 18891405.0 18878061.0 18876595.0 18925316.0 18896450.0 18913635.0 18872548.0 18862696.0 18901379.0 18925144.0 18912020.0 18897522.0
162 19282988.0 19283451.0 19282632.0 19255745.0 19299849.0 19244203.0 19280098.0 19254934.0 19285309.0 19250767.0 19273754.0 19242170.0 19278704.0 19281754.0 19272657.0 19195920.0 19279882.0 19240749.0 19262787.0 19288548.0 19243772.0 19236525.0 19227591.0 19286947.0 19247916.0 19274909.0 19222884.0 19223153.0 19254618.0 19285119.0 19273604.0 19257592.0
165 19534860.0 19535321.0 19534237.0 19500944.0 19552170.0 19489980.0 19529770.0 19501614.0 19535444.0 19498047.0 19522404.0 19487547.0 19527095.0 19530206.0 19521681.0 19439856.0 19528183.0 19485666.0 19509762.0 19537970.0 19490276.0 19483683.0 19474040.0 19536000.0 19494167.0 19523540.0 19468313.0 19468815.0 19500984.0 19535281.0 19522862.0 19504332.0
168 19618667.0 19620980.0 19619702.0 19588441.0 19638137.0 19575605.0 19615995.0 19586782.0 19622046.0 19584364.0 19608321.0 19572770.0 19613882.0 19616701.0 19608950.0 19542459.0 19614578.0 19573044.0 19595758.0 19624960.0 19575428.0 19570658.0 19559329.0 19623053.0 19579739.0 19609889.0 19553119.0 19553959.0 19587021.0 19620984.0 19608651.0 19589635.0
171 19596255.0 19598421.0 19596551.0 19563715.0 19617990.0 19549593.0 19595881.0 19560421.0 19600555.0 19560034.0 19589328.0 19543624.0 19595551.0 19597816.0 19589589.0 19513079.0 19596668.0 19550086.0 19576497.0 19606863.0 19551391.0 19546678.0 19534309.0 19603676.0 19555862.0 19588334.0 19527875.0 19528662.0 19561962.0 19598355.0 19586813.0 19567020.0
174 19294175.0 19295355.0 19286152.0 19231217.0 19313190.0 19205989.0 19291673.0 19207263.0 19289678.0 19219809.0 19284153.0 19180838.0 19287493.0 19295102.0 19282743.0 19180187.0 19292727.0 19247491.0 19268477.0 19304901.0 19210153.0 19236003.0 19193073.0 19296950.0 19225337.0 19280245.0 19195832.0 19213432.0 19236414.0 19287424.0 19278519.0 19255712.0
177 18254622.0 18267498.0 18177437.0 17820743.0 18166517.0 17732177.0 18151860.0 17740952.0 18063724.0 17790971.0 18082529.0 17770130.0 18045742.0 18123099.0 18047566.0 17655143.0 18074996.0 18002350.0 17990983.0 18095992.0 17803771.0 17954515.0 17794453.0 18054753.0 17761416.0 18052814.0 17734609.0 17887857.0 17812093.0 18029669.0 18067204.0 17993624.0
180 8569137.0 8642248.0 8471915.0 8349965.0 8314479.0 8226284.0 8473007.0 8096540.0 8267082.0 8324547.0 8434271.0 8326562.0 8284429.0 8541345.0 8394234.0 8663721.0 8364986.0 8554279.0 8276183.0 8318273.0 8316219.0 8364040.0 8532547.0 8223244.0 8138303.0 8313218.0 8315591.0 8253333.0 8242255.0 8128081.0 8340617.0 8200837.0
183 5742983.0 5821717.0 5702220.0 5749408.0 5508810.0 5644602.0 5673320.0 5467352.0 5455363.0 5686599.0 5607047.0 5724258.0 5443916.0 5697824.0 5542425.0 6069605.0 5510748.0 5769192.0 5472731.0 5466912.0 5721162.0 5604429.0 6009597.0 5409787.0 5594457.0 5479742.0 5745003.0 5486854.0 5674951.0 5299285.0 5525570.0 5396574.0
186 859442.0 822354.0 723277.0 640778.0 585870.0 603976.0 734310.0 547876.0 619890.0 585918.0 699085.0 625175.0 616276.0 693116.0 683052.0 842218.0 653273.0 845155.0 692564.0 603800.0 623082.0 824050.0 710836.0 584615.0 582546.0 659553.0 669669.0 843741.0 583540.0 582174.0 689672.0 739745.0
189 591433.0 514851.0 432200.0 461633.0 349386.0 454100.0 475993.0 418862.0 399334.0 426058.0 466956.0 453191.0 427267.0 444548.0 456983.0 689226.0 443376.0 580471.0 498088.0 413244.0 444842.0 620212.0 495896.0 392385.0 440070.0 448216.0 503031.0 635916.0 420015.0 389730.0 461894.0 545266.0
192 568248.0 465441.0 396658.0 430829.0 332134.0 434488.0 444546.0 405016.0 378855.0 400460.0 438895.0 423939.0 412454.0 408430.0 429907.0 537794.0 422254.0 543943.0 482027.0 398025.0 417453.0 604882.0 452468.0 376968.0 423312.0 420894.0 475898.0 617033.0 393918.0 372873.0 432793.0 530645.0
195 562242.0 464425.0 395730.0 464697.0 332735.0 435392.0 444583.0 404915.0 378481.0 400296.0 439078.0 423111.0 413691.0 411159.0 429620.0 581026.0 421620.0 539017.0 483587.0 396985.0 415808.0 619781.0 449077.0 375206.0 421127.0 422255.0 476471.0 618352.0 393628.0 372331.0 433580.0 531727.0
198 566885.0 465317.0 396737.0 435151.0 333753.0 434871.0 443862.0 404528.0 379750.0 400756.0 439259.0 422752.0 412944.0 405801.0 429541.0 699386.0 422853.0 569274.0 483757.0 398234.0 415422.0 628729.0 450622.0 375865.0 421950.0 421141.0 476136.0 622725.0 395301.0 372003.0 433192.0 530492.0
201 571279.0 464205.0 397676.0 428713.0 334331.0 435618.0 443938.0 404989.0 379692.0 402312.0 440221.0 423016.0 412948.0 406500.0 430801.0 706826.0 423976.0 570222.0 485526.0 398407.0 415784.0 606355.0 450651.0 374992.0 423185.0 424565.0 474987.0 627357.0 393846.0 373364.0 432902.0 531689.0
204 566609.0 465435.0 398031.0 429986.0 333040.0 435255.0 444754.0 404106.0 380697.0 400432.0 441583.0 422254.0 413331.0 409968.0 429930.0 524311.0 423780.0 557560.0 484940.0 398317.0 417505.0 613148.0 449851.0 374202.0 421211.0 422290.0 475307.0 636350.0 395162.0 371923.0 433983.0 544816.0
207 568468.0 465800.0 397252.0 431889.0 333542.0 436207.0 445524.0 405335.0 381042.0 403299.0 440824.0 424734.0 413915.0 405972.0 431518.0 577051.0 424188.0 548310.0 486451.0 399676.0 417443.0 606576.0 451144.0 377611.0 423552.0 423127.0 476177.0 620632.0 396181.0 373181.0 435487.0 548634.0
210 560555.0 464970.0 397215.0 429060.0 332762.0 434828.0 443990.0 403815.0 379696.0 401345.0 438612.0 424144.0 413125.0 408244.0 431469.0 596330.0 421549.0 554476.0 483760.0 398044.0 417438.0 609819.0 450501.0 375604.0 421723.0 420683.0 475700.0 623372.0 393943.0 373473.0 435195.0 548180.0
213 560470.0 464548.0 397515.0 427987.0 330967.0 434879.0 442670.0 405483.0 379515.0 401533.0 438310.0 424203.0 413768.0 403783.0 431060.0 608846.0 422059.0 558542.0 483839.0 396602.0 416621.0 605413.0 449401.0 374907.0 421893.0 424290.0 474505.0 639469.0 394159.0 373226.0 435228.0 547077.0
216 565191.0 463372.0 396919.0 427798.0 332069.0 432252.0 441502.0 402309.0 378601.0 399125.0 436182.0 423345.0 410410.0 402795.0 429284.0 598937.0 422047.0 559445.0 481066.0 396263.0 416892.0 598206.0 449416.0 374214.0 420588.0 422759.0 473098.0 622656.0 391556.0 372069.0 432350.0 546560.0
219 560661.0 463055.0 395310.0 428574.0 331636.0 432841.0 440037.0 403010.0 375642.0 398442.0 435964.0 421135.0 409937.0 404764.0 427905.0 651989.0 420393.0 562181.0 479069.0 394012.0 416017.0 586015.0 446821.0 372623.0 419856.0 422217.0 473974.0 613302.0 390975.0 371080.0 431581.0 543877.0
222 556700.0 460557.0 394314.0 425055.0 328972.0 431457.0 439115.0 400847.0 376265.0 397662.0 434116.0 421016.0 410126.0 406232.0 426560.0 671130.0 418988.0 541811.0 478452.0 393665.0 413403.0 586438.0 446273.0 372644.0 419537.0 421618.0 470883.0 617359.0 390864.0 369901.0 429828.0 544074.0
225 558654.0 460469.0 393257.0 424938.0 327730.0 431072.0 439015.0 399292.0 374960.0 397446.0 434716.0 419743.0 408521.0 402368.0 427375.0 593514.0 419501.0 542562.0 477467.0 393346.0 412436.0 587013.0 445017.0 371885.0 418118.0 420408.0 468922.0 630605.0 389493.0 369734.0 429783.0 540541.0
228 552371.0 458355.0 391301.0 421972.0 328551.0 427560.0 437220.0 398492.0 373376.0 395243.0 431807.0 417886.0 407506.0 397848.0 422959.0 673581.0 415203.0 557328.0 475449.0 390651.0 412713.0 587649.0 442468.0 369225.0 416128.0 415205.0 468018.0 616470.0 390109.0 367948.0 428165.0 538465.0
231 553303.0 456925.0 391335.0 422341.0 327076.0 427276.0 435279.0 397135.0 372582.0 394630.0 431883.0 418172.0 407135.0 397983.0 422877.0 677764.0 413636.0 530046.0 474695.0 388552.0 410421.0 589747.0 441627.0 368772.0 416056.0 414617.0 466904.0 607346.0 387563.0 366565.0 427116.0 536048.0
234 549550.0 455567.0 391193.0 420718.0 325348.0 425212.0 433722.0 395644.0 371171.0 393304.0 430315.0 415807.0 405154.0 396947.0 420819.0 654148.0 413508.0 528968.0 472171.0 386161.0 408256.0 581486.0 439438.0 365720.0 412970.0 412585.0 463411.0 599463.0 384096.0 366396.0 424798.0 532286.0
237 547098.0 452949.0 388121.0 417677.0 323667.0 422660.0 431187.0 393819.0 369746.0 390452.0 427881.0 411887.0 403026.0 393624.0 418274.0 578825.0 411318.0 524519.0 468998.0 383461.0 405607.0 569191.0 436666.0 364310.0 409819.0 410614.0 460140.0 590406.0 383739.0 362646.0 423064.0 528848.0
240 543057.0 451112.0 386073.0 414146.0 322523.0 419997.0 428075.0 391548.0 368263.0 388456.0 424573.0 411568.0 400452.0 392430.0 415329.0 569069.0 408010.0 532417.0 466219.0 380685.0 403699.0 587737.0 434623.0 361892.0 407273.0 406614.0 456928.0 598178.0 381024.0 362212.0 419766.0 524643.0
243 539024.0 447652.0 384968.0 411617.0 321055.0 414914.0 424845.0 387629.0 367570.0 387202.0 421141.0 409365.0 397490.0 389369.0 413291.0 584470.0 405678.0 533720.0 461825.0 369139.0 400781.0 553389.0 433423.0 356648.0 402511.0 405893.0 454312.0 593384.0 378734.0 359956.0 417552.0 518253.0
246 536034.0 444653.0 381688.0 405516.0 316184.0 403773.0 417294.0 381849.0 362671.0 379059.0 417608.0 407610.0 392160.0 387952.0 405049.0 617068.0 395430.0 514118.0 452350.0 335231.0 396047.0 571703.0 424571.0 340754.0 385637.0 400368.0 443086.0 572114.0 372539.0 357414.0 411168.0 497937.0
249 481776.0 437595.0 377597.0 379890.0 295519.0 359833.0 381874.0 355352.0 352767.0 349648.0 401302.0 398776.0 370864.0 366768.0 378855.0 574796.0 354837.0 462992.0 413295.0 246257.0 376729.0 553500.0 401110.0 288198.0 328291.0 383832.0 405432.0 551488.0 350584.0 346649.0 386587.0 438895.0
252 372427.0 409877.0 372922.0 312687.0 246058.0 266684.0 298405.0 285968.0 321795.0 278760.0 351365.0 380355.0 313285.0 305824.0 310641.0 394695.0 271842.0 349993.0 330219.0 139770.0 324305.0 475250.0 337568.0 199974.0 228452.0 338342.0 320802.0 478353.0 292866.0 315888.0 327539.0 331926.0
255 215521.0 332448.0 347327.0 194957.0 155399.0 143884.0 174876.0 176516.0 240969.0 166414.0 246999.0 321382.0 207854.0 197184.0 195850.0 232703.0 154744.0 205559.0 201140.0 62667.0 221732.0 361938.0 224252.0 105223.0 117197.0 241930.0 192274.0 325694.0 192700.0 243839.0 222118.0 187644.0
258 86618.0 187191.0 263867.0 83020.0 66025.0 59748.0 73126.0 74243.0 124395.0 69945.0 117103.0 198351.0 93588.0 85506.0 84828.0 99461.0 64685.0 86023.0 87246.0 35876.0 102175.0 190428.0 102022.0 47211.0 51379.0 117545.0 83019.0 148413.0 85611.0 130235.0 102068.0 83946.0
261 54658.0 91205.0 163282.0 46124.0 36292.0 40725.0 44760.0 42580.0 59960.0 42280.0 59141.0 104163.0 49776.0 46451.0 47791.0 61447.0 40990.0 54770.0 51018.0 30189.0 53245.0 92484.0 55680.0 33326.0 38224.0 59968.0 51259.0 80537.0 46027.0 64774.0 54258.0 54955.0
264 45894.0 49896.0 76247.0 35468.0 27548.0 33948.0 36016.0 33878.0 37443.0 33593.0 40335.0 52924.0 36721.0 35595.0 37566.0 45067.0 34430.0 46688.0 41315.0 27039.0 39485.0 58670.0 42594.0 28357.0 32093.0 40679.0 41775.0 61124.0 34436.0 38707.0 40406.0 47015.0
267 39899.0 40770.0 44981.0 31268.0 24134.0 30043.0 31524.0 29634.0 31646.0 29775.0 34411.0 40327.0 31947.0 30889.0 32473.0 39925.0 30492.0 40802.0 35769.0 24937.0 33956.0 49331.0 36753.0 25015.0 28493.0 34806.0 36449.0 54527.0 30210.0 32171.0 34771.0 41266.0
270 36667.0 36147.0 38188.0 28084.0 21625.0 28303.0 29123.0 27198.0 27676.0 27048.0 31020.0 35411.0 28757.0 28546.0 28806.0 37157.0 27877.0 36741.0 32726.0 24389.0 30046.0 44364.0 32555.0 23639.0 26649.0 31492.0 34110.0 47577.0 26923.0 28189.0 31069.0 37701.0
273 34866.0 31229.0 32879.0 25928.0 20125.0 27088.0 27189.0 25515.0 24475.0 25942.0 28579.0 30736.0 27064.0 26546.0 26808.0 39520.0 27036.0 34804.0 31045.0 24010.0 27116.0 39726.0 29718.0 22423.0 25464.0 29259.0 32452.0 44478.0 24866.0 24569.0 28427.0 35427.0
276 34190.0 29136.0 28087.0 25295.0 19829.0 26621.0 26917.0 24779.0 23090.0 25128.0 27401.0 28212.0 26376.0 26095.0 26165.0 37794.0 26133.0 32839.0 30127.0 23555.0 26055.0 38088.0 28354.0 22344.0 25485.0 27937.0 31704.0 43027.0 24425.0 23215.0 27575.0 34537.0
279 33734.0 28088.0 25726.0 24855.0 19477.0 26340.0 27059.0 24549.0 22527.0 24776.0 27023.0 27010.0 26140.0 25343.0 25837.0 39651.0 26094.0 32344.0 29805.0 23206.0 25595.0 37374.0 27772.0 22180.0 25352.0 27346.0 31189.0 42257.0 23974.0 22339.0 27432.0 33893.0
282 32874.0 27136.0 24671.0 24486.0 19062.0 26067.0 26373.0 24184.0 22218.0 24981.0 26173.0 26281.0 25582.0 25507.0 25416.0 37498.0 25724.0 31949.0 29477.0 23261.0 25027.0 37026.0 27713.0 22010.0 24922.0 27166.0 30895.0 43234.0 24084.0 22252.0 27004.0 33598.0
285 33117.0 26902.0 24237.0 24198.0 18796.0 25896.0 26483.0 23735.0 22118.0 24405.0 26394.0 25912.0 25345.0 25154.0 25048.0 40102.0 25433.0 32782.0 29252.0 22805.0 24828.0 36233.0 27503.0 21417.0 24475.0 27218.0 30728.0 42451.0 23583.0 22060.0 26411.0 33213.0
288 32291.0 26807.0 24343.0 24049.0 19037.0 25538.0 25768.0 23697.0 21582.0 24078.0 25926.0 25721.0 25091.0 24845.0 24465.0 35677.0 24774.0 30247.0 28984.0 22742.0 24696.0 35916.0 26833.0 21141.0 24533.0 26475.0 30401.0 41892.0 23242.0 21711.0 26076.0 32628.0
291 31857.0 26284.0 23863.0 23657.0 18531.0 25511.0 25480.0 23239.0 21609.0 23888.0 25638.0 25912.0 24757.0 24878.0 24689.0 34614.0 24690.0 30042.0 28605.0 22437.0 24229.0 35360.0 26495.0 20954.0 24008.0 26241.0 30020.0 41297.0 22688.0 21141.0 25972.0 32885.0
294 31618.0 26135.0 23851.0 23550.0 18707.0 24884.0 25491.0 23159.0 21100.0 23501.0 25599.0 25070.0 24691.0 24739.0 24053.0 35684.0 24619.0 29716.0 28053.0 21635.0 23979.0 34584.0 26505.0 20913.0 23586.0 26122.0 29257.0 40620.0 22697.0 20964.0 25662.0 32275.0
297 30616.0 25672.0 23218.0 23253.0 17961.0 24691.0 25004.0 22864.0 21114.0 23126.0 25064.0 25091.0 24240.0 23933.0 24129.0 34345.0 23749.0 29010.0 27939.0 21603.0 23442.0 34426.0 26053.0 20382.0 23122.0 26036.0 28987.0 40144.0 22214.0 21031.0 25334.0 31787.0
300 30655.0 25236.0 22920.0 22806.0 17935.0 24037.0 24590.0 22433.0 20956.0 22827.0 24856.0 24627.0 23809.0 23519.0 23619.0 36316.0 23893.0 28940.0 27770.0 21233.0 23681.0 34308.0 25487.0 20400.0 22704.0 25191.0 28587.0 39605.0 21994.0 20856.0 24953.0 31310.0
303 30185.0 25249.0 22755.0 22352.0 17499.0 23935.0 24091.0 22329.0 20523.0 22546.0 24192.0 24356.0 23467.0 23364.0 23234.0 31053.0 23672.0 29810.0 27115.0 20952.0 22918.0 33516.0 25268.0 19904.0 22338.0 25156.0 27886.0 38409.0 21708.0 20476.0 24580.0 30599.0
306 30336.0 24730.0 22382.0 22111.0 17325.0 23235.0 23871.0 21806.0 20208.0 22421.0 24209.0 24213.0 23166.0 22696.0 22953.0 33399.0 22890.0 27785.0 26673.0 20485.0 22988.0 33320.0 24805.0 19469.0 22078.0 24723.0 27557.0 38174.0 21241.0 20142.0 24423.0 30163.0
309 29108.0 24518.0 22493.0 21948.0 17110.0 23070.0 23466.0 21682.0 19754.0 21976.0 23585.0 23759.0 22884.0 22280.0 22428.0 33431.0 22822.0 27091.0 25937.0 19920.0 22229.0 32464.0 24025.0 19330.0 21680.0 24850.0 27729.0 37612.0 21088.0 19623.0 23814.0 29632.0
312 29055.0 23978.0 21976.0 21482.0 16856.0 22618.0 23100.0 20770.0 19494.0 21615.0 22960.0 23172.0 22318.0 21752.0 22130.0 36010.0 22300.0 27269.0 25420.0 19393.0 22111.0 31914.0 23971.0 19071.0 21261.0 23789.0 26737.0 37032.0 20579.0 19699.0 23314.0 28718.0
315 28424.0 23558.0 21683.0 21118.0 16556.0 21817.0 22363.0 20578.0 18996.0 21134.0 22668.0 22877.0 21967.0 21581.0 21933.0 29895.0 22031.0 26864.0 25224.0 18765.0 21540.0 31339.0 23542.0 18447.0 20553.0 23368.0 26315.0 36404.0 20509.0 19211.0 22819.0 28132.0
318 27428.0 23009.0 21402.0 20462.0 16145.0 21405.0 22067.0 20572.0 18899.0 20737.0 22225.0 22706.0 21465.0 21266.0 21382.0 30363.0 21250.0 26144.0 24444.0 18054.0 21301.0 31044.0 22858.0 17967.0 20090.0 23010.0 25780.0 36360.0 20028.0 19053.0 22344.0 27429.0
321 26473.0 22770.0 20729.0 19962.0 15766.0 20908.0 21072.0 19553.0 18517.0 19845.0 21757.0 22457.0 20920.0 20570.0 20458.0 28988.0 20612.0 25308.0 23714.0 16994.0 20372.0 30244.0 22029.0 17038.0 19358.0 22591.0 24940.0 34913.0 19107.0 18565.0 21749.0 26199.0
324 25703.0 22065.0 20552.0 19161.0 15295.0 19854.0 20486.0 19268.0 17834.0 19185.0 21252.0 21498.0 20221.0 19796.0 19779.0 31676.0 19726.0 23680.0 23098.0 14887.0 20153.0 28926.0 21439.0 15789.0 18259.0 22002.0 23855.0 34492.0 18573.0 17998.0 21108.0 24970.0
327 23165.0 21407.0 19995.0 18204.0 14758.0 18357.0 18937.0 18011.0 17435.0 18077.0 20503.0 21162.0 19396.0 18613.0 19138.0 28797.0 18354.0 21495.0 21252.0 11596.0 19603.0 27564.0 20678.0 13901.0 16201.0 21044.0 22618.0 32681.0 17777.0 17494.0 19896.0 22301.0
330 20960.0 20670.0 19573.0 16778.0 13503.0 15874.0 16695.0 16534.0 16465.0 16274.0 19366.0 20445.0 17913.0 17023.0 17261.0 22078.0 16065.0 18543.0 19228.0 8055.0 18172.0 26460.0 18715.0 11553.0 13478.0 20091.0 19954.0 29241.0 16564.0 16757.0 18197.0 19163.0
333 16548.0 19425.0 19044.0 14352.0 11833.0 12498.0 13506.0 14199.0 15182.0 13445.0 17258.0 19468.0 15993.0 14321.0 14886.0 17933.0 13322.0 14120.0 16146.0 5177.0 15667.0 24017.0 16033.0 8822.0 10044.0 17858.0 16281.0 25676.0 14306.0 15548.0 15507.0 15536.0
336 11827.0 17301.0 18395.0 10782.0 9040.0 8474.0 9576.0 10780.0 13172.0 9761.0 14381.0 17844.0 12361.0 10914.0 11268.0 13139.0 9456.0 10017.0 12147.0 3016.0 12704.0 20082.0 12318.0 5782.0 6600.0 14743.0 11934.0 20241.0 10896.0 13534.0 12184.0 10772.0
339 7448.0 14235.0 17164.0 7528.0 6060.0 5347.0 6031.0 7739.0 10572.0 6302.0 10858.0 15672.0 8857.0 7286.0 7629.0 8806.0 6035.0 6105.0 8142.0 2324.0 9171.0 15060.0 8532.0 3689.0 3876.0 11303.0 7673.0 14872.0 7994.0 10969.0 8782.0 7038.0
342 4680.0 10853.0 15267.0 4679.0 4022.0 3385.0 3945.0 4858.0 7620.0 4209.0 7497.0 12538.0 5892.0 4723.0 5099.0 5715.0 3789.0 4063.0 5283.0 2018.0 6245.0 10903.0 5647.0 2559.0 2798.0 7881.0 4998.0 9607.0 5094.0 8410.0 5713.0 5056.0
345 3380.0 7255.0 12424.0 2939.0 2583.0 2627.0 2799.0 3131.0 4950.0 2866.0 4792.0 9226.0 3808.0 3113.0 3345.0 4093.0 2725.0 3198.0 3545.0 1914.0 3841.0 6906.0 3745.0 2080.0 2378.0 4849.0 3647.0 6124.0 3178.0 5479.0 3771.0 3760.0
348 2932.0 4466.0 9621.0 2398.0 2018.0 2361.0 2478.0 2544.0 3178.0 2442.0 3350.0 6167.0 2855.0 2523.0 2615.0 3186.0 2540.0 2760.0 2975.0 1909.0 2907.0 4615.0 2967.0 1919.0 2210.0 3426.0 3076.0 4876.0 2502.0 3567.0 2919.0 3230.0
351 2655.0 3089.0 6359.0 2206.0 1701.0 2289.0 2229.0 2249.0 2350.0 2216.0 2684.0 3885.0 2438.0 2234.0 2293.0 3720.0 2230.0 2583.0 2754.0 1867.0 2411.0 3713.0 2571.0 1858.0 1993.0 2913.0 2867.0 4218.0 2165.0 2516.0 2710.0 3030.0
354 2511.0 2562.0 3820.0 2014.0 1586.0 2151.0 2083.0 2026.0 1992.0 2059.0 2309.0 2800.0 2327.0 2075.0 2137.0 2795.0 2139.0 2342.0 2500.0 1829.0 2210.0 3278.0 2383.0 1824.0 2036.0 2502.0 2680.0 3874.0 2011.0 2129.0 2292.0 2873.0
357 2457.0 2311.0 2928.0 1850.0 1492.0 2084.0 2145.0 2000.0 1822.0 2015.0 2257.0 2567.0 2146.0 2035.0 2039.0 2704.0 2093.0 2280.0 2508.0 1813.0 2093.0 3041.0 2231.0 1668.0 1932.0 2521.0 2665.0 3759.0 1923.0 1894.0 2155.0 2832.0
