150 388623.0 335309.0 408366.0 355052.0 349710.0 393581.0 452049.0 297358.0 354261.0 314556.0 310981.0 318589.0 317341.0 331777.0 355826.0 324654.0 383678.0 466005.0 446134.0 322408.0 340114.0 338791.0 363742.0 365871.0 328803.0 343379.0 344940.0 381656.0 1004674.0 381029.0 346764.0 353534.0
153 13384618.0 13369466.0 13369320.0 13342810.0 13367434.0 13354095.0 13366632.0 13345816.0 13354140.0 13345004.0 13352041.0 13341111.0 13349760.0 13345907.0 13360528.0 13341973.0 13354341.0 13350370.0 13362851.0 13353594.0 13348182.0 13354282.0 13336731.0 13361793.0 13340926.0 13359553.0 13345633.0 13366603.0 13390615.0 13366425.0 13361320.0 13363137.0
156 18173037.0 18174915.0 18148195.0 18131106.0 18157747.0 18125084.0 18130957.0 18147907.0 18147194.0 18140684.0 18159428.0 18138475.0 18153656.0 18150935.0 18149062.0 18138783.0 18138828.0 18110595.0 18127655.0 18152320.0 18138257.0 18150369.0 18116830.0 18140576.0 18135007.0 18151153.0 18130955.0 18146369.0 17973363.0 18142886.0 18153236.0 18152430.0
159 18486297.0 18487984.0 18462316.0 18446057.0 18472213.0 18440450.0 18446200.0 18462669.0 18463427.0 18454427.0 18473828.0 18452371.0 18467363.0 18463779.0 18461869.0 18452950.0 18454008.0 18425373.0 18445548.0 18466608.0 18453654.0 18465211.0 18431172.0 18456038.0 18450800.0 18466955.0 18445464.0 18463322.0 18287523.0 18457877.0 18469512.0 18468925.0
162 18810241.0 18812002.0 18787812.0 18770571.0 18797867.0 18765620.0 18774434.0 18788403.0 18791376.0 18780287.0 18801139.0 18777250.0 18792851.0 18790081.0 18787493.0 18778124.0 18780327.0 18752921.0 18772787.0 18792987.0 18779043.0 18793171.0 18757281.0 18782287.0 18777082.0 18794498.0 18771871.0 18792162.0 18609681.0 18785241.0 18796607.0 18797107.0
165 19060433.0 19064184.0 19041467.0 19025604.0 19051079.0 19019233.0 19029338.0 19043085.0 19045925.0 19034624.0 19054585.0 19031726.0 19045999.0 19044330.0 19040378.0 19033329.0 19035007.0 19008136.0 19028777.0 19046729.0 19034205.0 19047787.0 19013655.0 19035751.0 19032901.0 19049509.0 19028297.0 19047102.0 18870769.0 19039321.0 19051613.0 19051683.0
168 19295551.0 19298316.0 19276897.0 19260186.0 19286032.0 19255194.0 19267038.0 19277760.0 19282107.0 19269688.0 19291227.0 19266686.0 19282834.0 19281362.0 19276808.0 19268591.0 19272247.0 19246669.0 19268090.0 19282861.0 19268973.0 19284706.0 19247543.0 19271856.0 19266979.0 19285021.0 19262096.0 19283866.0 19107312.0 19274677.0 19285986.0 19286912.0
171 19596598.0 19600518.0 19578828.0 19560471.0 19588491.0 19552680.0 19568501.0 19579379.0 19585328.0 19569149.0 19595811.0 19566101.0 19587810.0 19586687.0 19581501.0 19567248.0 19575732.0 19549000.0 19568999.0 19588130.0 19568630.0 19589006.0 19542931.0 19574519.0 19565829.0 19588135.0 19559026.0 19585352.0 19380249.0 19575915.0 19588566.0 19588414.0
174 19810631.0 19816766.0 19789959.0 19762176.0 19799972.0 19741666.0 19778633.0 19778258.0 19800442.0 19761811.0 19812571.0 19759450.0 19802244.0 19802156.0 19793775.0 19771050.0 19789307.0 19760532.0 19781225.0 19800811.0 19767805.0 19803254.0 19722464.0 19781881.0 19767670.0 19800322.0 19744872.0 19797101.0 19516496.0 19784678.0 19800512.0 19801211.0
177 19687342.0 19703459.0 19643364.0 19555667.0 19650319.0 19477637.0 19632220.0 19562040.0 19666063.0 19538722.0 19688427.0 19530709.0 19663755.0 19679785.0 19631761.0 19573539.0 19643462.0 19614602.0 19635737.0 19651514.0 19544296.0 19667495.0 19481989.0 19602041.0 19560143.0 19650432.0 19498283.0 19641240.0 19077699.0 19619682.0 19657710.0 19667668.0
180 14042099.0 14234493.0 13928068.0 13300584.0 13602912.0 12611796.0 13693452.0 12847701.0 13656255.0 12902334.0 13727774.0 12854832.0 13739150.0 13940721.0 13388210.0 13343958.0 13571357.0 13819842.0 13371046.0 13372563.0 12798368.0 13395128.0 12992056.0 13116773.0 13088027.0 13247564.0 12625453.0 13031368.0 12405736.0 13215219.0 13396708.0 13461887.0
183 6787578.0 6978756.0 6900464.0 7194545.0 6678070.0 6454912.0 6876271.0 6692162.0 6883057.0 6797127.0 6972700.0 6684222.0 7042637.0 7296682.0 6748321.0 7301030.0 6937640.0 7299502.0 6741457.0 6701912.0 6548299.0 6726623.0 6868166.0 6465566.0 6974187.0 6525583.0 6335647.0 6301180.0 6508478.0 6488869.0 6615635.0 6625441.0
186 3260877.0 3383956.0 3350345.0 3549050.0 3146173.0 3047344.0 3319623.0 3183712.0 3271781.0 3290654.0 3307333.0 3180275.0 3354483.0 3534552.0 3170097.0 3644186.0 3303683.0 3607457.0 3190952.0 3136999.0 3114731.0 3160848.0 3373928.0 2994523.0 3459641.0 3012508.0 2989046.0 2855701.0 3375931.0 3008645.0 3083285.0 3070534.0
189 457113.0 469850.0 521412.0 487590.0 406459.0 399672.0 531500.0 347729.0 452214.0 403600.0 434233.0 371328.0 455735.0 507815.0 432069.0 493040.0 475747.0 645580.0 482504.0 403601.0 382499.0 414458.0 461958.0 402413.0 439023.0 390459.0 364159.0 372415.0 954113.0 427774.0 416698.0 406395.0
192 332214.0 296938.0 370008.0 345416.0 301815.0 348232.0 410253.0 266363.0 322536.0 296218.0 287533.0 288499.0 296281.0 320605.0 318631.0 323232.0 346801.0 451855.0 394521.0 293237.0 306170.0 304579.0 348809.0 321872.0 318930.0 297942.0 307233.0 315904.0 902407.0 334539.0 303169.0 306160.0
195 328765.0 279161.0 357024.0 312124.0 296997.0 342590.0 401399.0 255125.0 309198.0 273337.0 268268.0 277350.0 276838.0 290086.0 309758.0 284538.0 334589.0 408953.0 390768.0 281629.0 293442.0 292168.0 325007.0 318644.0 288233.0 291222.0 299054.0 313068.0 891081.0 326519.0 287393.0 298060.0
198 328038.0 277220.0 356647.0 308763.0 298199.0 342298.0 402042.0 254625.0 308564.0 272852.0 268206.0 277273.0 276359.0 288168.0 307727.0 282762.0 329647.0 407896.0 389304.0 279488.0 292015.0 292098.0 324107.0 318096.0 284931.0 289878.0 297648.0 313301.0 906473.0 326904.0 287461.0 296855.0
201 328110.0 278009.0 356116.0 308964.0 297126.0 341691.0 400705.0 255023.0 307562.0 272923.0 267369.0 277333.0 276399.0 289205.0 308173.0 282476.0 333770.0 409655.0 390307.0 279836.0 293125.0 292799.0 324710.0 319186.0 285818.0 289544.0 298613.0 314005.0 912140.0 327088.0 287208.0 297726.0
204 328107.0 277640.0 356055.0 309655.0 297442.0 340802.0 397018.0 254722.0 309486.0 273443.0 267422.0 277175.0 277010.0 289661.0 308716.0 282645.0 334470.0 413173.0 391274.0 280742.0 296141.0 292909.0 324080.0 317013.0 285270.0 290740.0 297794.0 314862.0 910900.0 327864.0 286636.0 298233.0
207 329186.0 279600.0 351898.0 310622.0 298225.0 341029.0 397049.0 255214.0 309742.0 272688.0 268461.0 279645.0 277034.0 289663.0 311366.0 283064.0 335463.0 406289.0 392535.0 281182.0 294191.0 293195.0 323894.0 318947.0 286991.0 289857.0 299208.0 314131.0 907495.0 328092.0 288011.0 297908.0
210 328535.0 278510.0 351690.0 310521.0 298210.0 340928.0 396300.0 254540.0 307460.0 274043.0 268743.0 278302.0 277370.0 288951.0 310876.0 282593.0 335330.0 413699.0 391808.0 280831.0 294965.0 292940.0 323073.0 316531.0 286398.0 288967.0 297622.0 315073.0 903462.0 328359.0 287157.0 297670.0
213 326931.0 279037.0 352127.0 308086.0 297838.0 337332.0 395019.0 254042.0 307252.0 273052.0 268075.0 278240.0 276619.0 287788.0 313303.0 283218.0 334890.0 413812.0 390155.0 281211.0 292022.0 291451.0 324140.0 317117.0 284859.0 289506.0 297876.0 312190.0 897723.0 326368.0 287943.0 296332.0
216 325609.0 279125.0 352839.0 307790.0 296187.0 338577.0 392722.0 252903.0 308149.0 272199.0 267961.0 276768.0 274807.0 287934.0 312779.0 281051.0 336065.0 412372.0 386890.0 281569.0 292467.0 291214.0 323606.0 316151.0 285541.0 289135.0 296080.0 311761.0 897855.0 325009.0 286102.0 295930.0
219 325455.0 279466.0 354013.0 308533.0 295233.0 337137.0 392674.0 254320.0 306414.0 271210.0 266525.0 276349.0 274532.0 286322.0 311100.0 280683.0 333064.0 410830.0 384884.0 280047.0 292093.0 290283.0 323498.0 315638.0 283673.0 289472.0 296870.0 312042.0 891653.0 325934.0 284784.0 296139.0
222 326061.0 277372.0 352416.0 306482.0 295845.0 335888.0 392646.0 252926.0 310628.0 270904.0 265579.0 277041.0 273983.0 287654.0 310648.0 280670.0 324886.0 401717.0 387410.0 278586.0 290885.0 289874.0 321366.0 315602.0 283767.0 288383.0 295171.0 310890.0 888298.0 323964.0 284561.0 294914.0
225 324410.0 274890.0 351839.0 306419.0 294081.0 333841.0 390819.0 252410.0 310700.0 271667.0 265542.0 275067.0 272729.0 287214.0 308677.0 279830.0 322930.0 409268.0 385611.0 277846.0 289955.0 288583.0 321037.0 315328.0 284187.0 286510.0 295317.0 309309.0 885671.0 324168.0 284214.0 294492.0
228 323421.0 275318.0 351665.0 307065.0 294458.0 333924.0 390922.0 251036.0 310215.0 269893.0 264829.0 274611.0 273927.0 285712.0 308993.0 280423.0 322308.0 407097.0 385608.0 278800.0 290210.0 288781.0 320459.0 313917.0 281640.0 286463.0 294178.0 309473.0 874634.0 318945.0 284089.0 294413.0
231 322968.0 275224.0 349211.0 305375.0 293118.0 332617.0 391308.0 251347.0 308990.0 269624.0 264546.0 274110.0 273952.0 284599.0 306506.0 280141.0 322239.0 405697.0 383237.0 277342.0 289047.0 287783.0 320767.0 313746.0 283060.0 286718.0 292577.0 308227.0 875261.0 318487.0 283328.0 292734.0
234 322089.0 274838.0 348586.0 304751.0 292474.0 331617.0 390895.0 250333.0 307085.0 269002.0 263800.0 273374.0 273759.0 284709.0 304916.0 278204.0 320793.0 414289.0 381928.0 275823.0 288117.0 287765.0 320279.0 311596.0 281085.0 285377.0 293238.0 306533.0 869227.0 317199.0 282568.0 292429.0
237 320202.0 273081.0 347227.0 304179.0 290722.0 333005.0 389752.0 249858.0 307270.0 268032.0 262463.0 271930.0 271978.0 283092.0 304768.0 277065.0 318609.0 399830.0 376844.0 275831.0 287776.0 285996.0 317126.0 310459.0 280518.0 283875.0 291337.0 306408.0 870148.0 317065.0 280678.0 290515.0
240 319836.0 272834.0 347558.0 303751.0 290419.0 332556.0 388587.0 249425.0 305940.0 267322.0 262204.0 273438.0 272348.0 283728.0 304329.0 276414.0 318554.0 407017.0 375691.0 275714.0 286509.0 286093.0 317130.0 310310.0 281240.0 283899.0 290667.0 305789.0 867076.0 318165.0 281910.0 290911.0
243 316419.0 272432.0 346137.0 300661.0 289628.0 325763.0 385659.0 247530.0 303119.0 267406.0 261140.0 271219.0 269586.0 281425.0 301287.0 275862.0 316036.0 395206.0 366912.0 272704.0 284251.0 283245.0 314985.0 307988.0 277961.0 281348.0 289257.0 302200.0 844508.0 314474.0 279244.0 288554.0
246 314924.0 270629.0 343682.0 299526.0 286496.0 317870.0 381336.0 244461.0 300710.0 265602.0 257423.0 269026.0 268883.0 279524.0 302184.0 273675.0 313830.0 400263.0 359949.0 271396.0 279703.0 280168.0 314323.0 306711.0 274772.0 278285.0 284601.0 294067.0 830907.0 311338.0 278528.0 285402.0
249 307299.0 268055.0 341756.0 296340.0 282910.0 293508.0 371249.0 232922.0 288618.0 262422.0 253600.0 264904.0 267304.0 275675.0 297584.0 268263.0 307089.0 395187.0 332133.0 267862.0 265252.0 266926.0 311853.0 302343.0 264527.0 267731.0 272051.0 267733.0 795761.0 306897.0 273047.0 277394.0
252 279194.0 260415.0 335722.0 289738.0 272102.0 227771.0 332863.0 198357.0 249208.0 251255.0 231767.0 251688.0 261174.0 264208.0 283462.0 255229.0 282739.0 382832.0 256614.0 259092.0 221134.0 228258.0 306559.0 294094.0 232823.0 234164.0 233989.0 202853.0 683448.0 293097.0 260308.0 250862.0
255 209802.0 230587.0 314210.0 267339.0 233660.0 134559.0 247413.0 134671.0 172331.0 222413.0 178858.0 209897.0 245685.0 227959.0 239723.0 212403.0 216984.0 343994.0 149567.0 224888.0 147365.0 159165.0 291128.0 264676.0 168747.0 169016.0 162661.0 116133.0 460000.0 254247.0 225227.0 195208.0
258 141032.0 185985.0 271079.0 223940.0 179985.0 77288.0 165120.0 82556.0 108931.0 179376.0 123117.0 158745.0 213394.0 178013.0 181789.0 160831.0 149298.0 277116.0 85083.0 177015.0 90402.0 101324.0 257302.0 218978.0 110145.0 110874.0 103880.0 64862.0 276969.0 200870.0 176953.0 138616.0
261 67173.0 109127.0 183803.0 142094.0 98797.0 38013.0 79771.0 37260.0 49397.0 107326.0 58633.0 84882.0 144434.0 101031.0 99531.0 86603.0 72054.0 166299.0 43250.0 100692.0 42454.0 47675.0 182273.0 138860.0 52546.0 52795.0 49187.0 33882.0 129938.0 118451.0 103027.0 71207.0
264 36127.0 52923.0 101497.0 71577.0 47660.0 27975.0 44281.0 22841.0 29714.0 52891.0 29896.0 40919.0 76504.0 48884.0 48414.0 42295.0 37847.0 83325.0 33467.0 49285.0 27046.0 28515.0 101420.0 70725.0 29834.0 29873.0 29914.0 24843.0 89975.0 58666.0 50958.0 37088.0
267 27700.0 28288.0 48235.0 35684.0 29423.0 24057.0 33962.0 18550.0 23937.0 28922.0 21847.0 26019.0 36427.0 28256.0 30006.0 26472.0 27771.0 45432.0 29445.0 28884.0 22444.0 23560.0 48128.0 37618.0 23016.0 23465.0 23883.0 21737.0 76518.0 34272.0 29820.0 26206.0
270 23662.0 22527.0 33670.0 26980.0 24648.0 22287.0 29972.0 16129.0 21523.0 23326.0 19029.0 21763.0 26027.0 23098.0 25411.0 22294.0 23914.0 36858.0 27009.0 23938.0 19758.0 20623.0 33300.0 28977.0 20448.0 20607.0 21002.0 19731.0 68576.0 28356.0 24090.0 22381.0
273 20812.0 19447.0 28370.0 23061.0 21124.0 20953.0 27704.0 14956.0 19714.0 19581.0 16616.0 18642.0 21620.0 19894.0 21635.0 19464.0 21011.0 31228.0 25816.0 20327.0 18058.0 18859.0 27797.0 25141.0 18435.0 18187.0 18531.0 18704.0 63716.0 23872.0 20714.0 19894.0
276 19843.0 17504.0 24701.0 20983.0 19218.0 20193.0 26164.0 14240.0 19172.0 17764.0 15616.0 17152.0 18624.0 18375.0 19639.0 17992.0 19633.0 28315.0 24954.0 18005.0 17157.0 17829.0 24271.0 21802.0 17022.0 17287.0 17086.0 18120.0 62176.0 21294.0 18503.0 18707.0
279 19021.0 16475.0 22191.0 19701.0 18496.0 20359.0 25177.0 14033.0 18681.0 16739.0 15492.0 16548.0 17592.0 17372.0 18309.0 17429.0 18807.0 26302.0 24473.0 16788.0 16768.0 17590.0 21477.0 20168.0 16990.0 16711.0 16998.0 17957.0 60624.0 20009.0 17522.0 18176.0
282 18773.0 16130.0 21379.0 18975.0 17912.0 19724.0 25007.0 13870.0 18392.0 16217.0 15187.0 16421.0 16911.0 17228.0 18218.0 16864.0 18913.0 26371.0 24568.0 16574.0 16478.0 17396.0 20519.0 19375.0 16498.0 16221.0 16532.0 17903.0 60649.0 19466.0 16920.0 18102.0
285 18479.0 15827.0 21230.0 18690.0 17692.0 19855.0 24864.0 13669.0 18120.0 15858.0 14902.0 16121.0 16293.0 16753.0 17962.0 16635.0 18526.0 25345.0 24164.0 16251.0 16436.0 17202.0 19944.0 19213.0 16227.0 16214.0 16528.0 17631.0 59627.0 19131.0 16788.0 17724.0
288 18404.0 15662.0 21177.0 18520.0 17380.0 19774.0 24914.0 13470.0 18149.0 15730.0 14859.0 15822.0 16431.0 16675.0 17614.0 16516.0 18800.0 24574.0 23541.0 16193.0 16274.0 16972.0 19839.0 18804.0 15935.0 15817.0 16396.0 17451.0 58821.0 18916.0 16365.0 17445.0
291 18155.0 15603.0 21152.0 18582.0 17050.0 19545.0 24505.0 13401.0 17723.0 15598.0 14841.0 15768.0 15960.0 16658.0 17434.0 16380.0 18565.0 24178.0 23503.0 15887.0 16037.0 17003.0 19512.0 18818.0 16121.0 15951.0 16045.0 17046.0 58014.0 18877.0 16112.0 17501.0
294 17676.0 15586.0 20602.0 18387.0 17226.0 18728.0 24072.0 13267.0 17483.0 15334.0 14464.0 15533.0 16003.0 16307.0 17384.0 16229.0 18343.0 23251.0 23136.0 15816.0 15724.0 16459.0 19043.0 18515.0 15768.0 15775.0 16158.0 17206.0 56946.0 18608.0 16194.0 17146.0
297 17633.0 15141.0 20779.0 18216.0 16861.0 18646.0 23859.0 13027.0 17431.0 15231.0 14403.0 15546.0 15754.0 16387.0 17264.0 16033.0 18068.0 23599.0 23018.0 15825.0 15607.0 16446.0 19044.0 18286.0 15707.0 15700.0 15850.0 16987.0 56164.0 18258.0 15916.0 17034.0
300 17389.0 14947.0 20528.0 17739.0 16917.0 18459.0 23631.0 12750.0 17376.0 15164.0 14132.0 15506.0 15758.0 16324.0 16811.0 15720.0 17998.0 23412.0 22388.0 15464.0 15639.0 16414.0 19113.0 18274.0 15265.0 15312.0 15621.0 16482.0 55182.0 18083.0 15999.0 16680.0
303 17146.0 14910.0 20576.0 17708.0 16708.0 18136.0 23262.0 12492.0 16850.0 14806.0 14047.0 15173.0 15579.0 15910.0 16368.0 15559.0 17729.0 24028.0 22321.0 15368.0 15505.0 16022.0 18877.0 17880.0 15386.0 15222.0 15496.0 16441.0 54064.0 17922.0 15623.0 16446.0
306 16990.0 14575.0 20099.0 17337.0 16453.0 17999.0 22852.0 12463.0 16857.0 14663.0 13807.0 15065.0 15442.0 15620.0 16422.0 15635.0 17499.0 23550.0 21829.0 15196.0 15242.0 15713.0 18795.0 17626.0 15044.0 14869.0 15028.0 16067.0 53491.0 17627.0 15276.0 16264.0
309 16773.0 14489.0 19688.0 17210.0 16152.0 17725.0 22626.0 12297.0 16769.0 14440.0 13590.0 14703.0 15214.0 15467.0 16164.0 15349.0 16977.0 22826.0 21705.0 14895.0 14741.0 15482.0 18398.0 17780.0 14847.0 14698.0 14933.0 15690.0 52147.0 17490.0 15343.0 16354.0
312 16507.0 14283.0 19498.0 17204.0 15823.0 17516.0 22060.0 11847.0 15994.0 14184.0 13403.0 14435.0 14941.0 15103.0 15917.0 15045.0 16597.0 22635.0 20687.0 14586.0 14595.0 15081.0 18144.0 17065.0 14761.0 14526.0 14649.0 15803.0 51148.0 17077.0 15164.0 15878.0
315 16379.0 14229.0 19218.0 16486.0 15774.0 16972.0 21906.0 11814.0 15792.0 14214.0 13198.0 14278.0 14791.0 15341.0 15643.0 14641.0 16437.0 22291.0 20408.0 14578.0 14396.0 15086.0 17852.0 17170.0 14606.0 14002.0 14459.0 15112.0 50459.0 17197.0 14812.0 15608.0
318 15968.0 13845.0 19091.0 16456.0 15535.0 16949.0 21456.0 11624.0 15509.0 14085.0 13117.0 14186.0 14674.0 14760.0 15573.0 14415.0 16256.0 22346.0 19775.0 14369.0 14163.0 14776.0 17577.0 16529.0 14115.0 14353.0 14104.0 14941.0 49814.0 16494.0 14749.0 15371.0
321 15680.0 13798.0 18785.0 16213.0 15395.0 16410.0 20817.0 11348.0 15009.0 13829.0 12891.0 13983.0 14677.0 14539.0 15192.0 14151.0 15801.0 21744.0 19312.0 14001.0 13803.0 14496.0 17219.0 16571.0 13706.0 13754.0 13989.0 14636.0 49051.0 16522.0 14255.0 15167.0
324 15233.0 13472.0 18460.0 16087.0 14938.0 15648.0 20770.0 11180.0 14799.0 13382.0 12431.0 13622.0 14154.0 14207.0 15068.0 14155.0 15216.0 21573.0 18583.0 13723.0 13594.0 14039.0 16927.0 16035.0 13451.0 13507.0 13716.0 13971.0 47492.0 16094.0 14157.0 14683.0
327 15078.0 13056.0 18147.0 15709.0 14655.0 15097.0 19779.0 10664.0 14549.0 13297.0 12206.0 13509.0 14052.0 13923.0 14646.0 13748.0 15064.0 20002.0 17243.0 13674.0 12821.0 13607.0 16620.0 15708.0 13061.0 13046.0 13303.0 13246.0 45295.0 15463.0 13714.0 14250.0
330 14641.0 13043.0 17879.0 15423.0 14573.0 13741.0 19056.0 9849.0 13335.0 12908.0 11944.0 13138.0 13679.0 13395.0 14250.0 13099.0 14867.0 19731.0 15909.0 13270.0 12047.0 12586.0 16318.0 15600.0 12597.0 12328.0 12454.0 11991.0 42678.0 15474.0 13608.0 13738.0
333 13649.0 12776.0 17224.0 14842.0 13980.0 11815.0 17594.0 9064.0 12112.0 12646.0 11063.0 12396.0 13362.0 13104.0 13703.0 12951.0 13837.0 18934.0 13292.0 12943.0 10732.0 11395.0 16223.0 15231.0 11534.0 11465.0 11222.0 10161.0 38005.0 14901.0 12971.0 12601.0
336 11810.0 11786.0 16794.0 14037.0 12813.0 8520.0 14420.0 6967.0 9489.0 11860.0 9490.0 11301.0 12878.0 12058.0 12638.0 11695.0 12233.0 17939.0 9439.0 12203.0 8307.0 9080.0 15354.0 14613.0 9381.0 9371.0 9230.0 7355.0 29640.0 13652.0 11847.0 10876.0
339 9399.0 10459.0 15410.0 13078.0 11561.0 5986.0 11588.0 5040.0 7021.0 10621.0 7540.0 9827.0 12078.0 10271.0 11128.0 10012.0 9779.0 16189.0 5848.0 10588.0 6078.0 6768.0 14808.0 13496.0 7063.0 7480.0 6767.0 4766.0 21398.0 12373.0 10554.0 8753.0
342 7113.0 9062.0 13872.0 11159.0 9603.0 3588.0 7950.0 3427.0 4632.0 8957.0 5422.0 7829.0 11071.0 8546.0 9234.0 7996.0 7159.0 13417.0 3712.0 8848.0 4008.0 4550.0 13460.0 11977.0 4891.0 5240.0 4494.0 2920.0 13509.0 10389.0 8771.0 6596.0
345 4767.0 6931.0 11543.0 8897.0 7211.0 2460.0 5482.0 2170.0 2998.0 7069.0 3603.0 5652.0 9110.0 6429.0 6938.0 5739.0 4804.0 10504.0 2781.0 6868.0 2545.0 3001.0 11408.0 9772.0 3145.0 3489.0 2949.0 2103.0 8702.0 8055.0 6864.0 4710.0
348 2967.0 4794.0 9098.0 6260.0 4902.0 1947.0 3483.0 1445.0 1964.0 4790.0 2200.0 3606.0 6919.0 4159.0 4593.0 3588.0 3058.0 7179.0 2252.0 4739.0 1813.0 1957.0 8990.0 7385.0 2035.0 2181.0 1942.0 1617.0 6510.0 5583.0 4722.0 2864.0
351 2053.0 2899.0 6150.0 3870.0 2913.0 1741.0 2664.0 1198.0 1728.0 2971.0 1531.0 2243.0 4681.0 2613.0 2801.0 2342.0 2197.0 4275.0 2087.0 2791.0 1467.0 1594.0 6245.0 4812.0 1588.0 1598.0 1581.0 1580.0 5489.0 3396.0 2904.0 2066.0
354 1698.0 1846.0 3665.0 2346.0 1951.0 1685.0 2426.0 1089.0 1465.0 1953.0 1307.0 1584.0 2683.0 1789.0 2024.0 1619.0 1762.0 2850.0 1996.0 1771.0 1444.0 1460.0 3569.0 2972.0 1389.0 1371.0 1342.0 1407.0 5043.0 2269.0 1863.0 1684.0
357 1565.0 1532.0 2485.0 1981.0 1616.0 1588.0 2309.0 1023.0 1440.0 1496.0 1223.0 1434.0 1903.0 1526.0 1650.0 1472.0 1645.0 2331.0 1962.0 1575.0 1286.0 1432.0 2580.0 2251.0 1340.0 1330.0 1332.0 1356.0 4952.0 1868.0 1606.0 1586.0
