150 308444.0 306370.0 273898.0 314366.0 307749.0 277357.0 292708.0 303761.0 285687.0 295209.0 461401.0 273335.0 287268.0 299072.0 285799.0 282963.0 262897.0 290772.0 293639.0 267189.0 321730.0 301481.0 266062.0 266855.0 360345.0 312118.0 270888.0 293237.0 312869.0 280226.0 336825.0 289139.0
153 18180725.0 18181603.0 18181485.0 18156657.0 18166120.0 18162324.0 18170094.0 18154060.0 18167215.0 18156342.0 18140739.0 18165511.0 18167026.0 18167448.0 18170452.0 18159290.0 18174086.0 18166324.0 18170245.0 18174723.0 18150005.0 18171813.0 18165552.0 18174156.0 18138279.0 18157882.0 18163460.0 18167039.0 18151036.0 18166850.0 18162233.0 18171933.0
156 18721807.0 18722278.0 18720806.0 18692520.0 18704939.0 18698163.0 18708905.0 18689971.0 18705970.0 18691578.0 18684683.0 18699207.0 18706053.0 18705630.0 18707440.0 18697611.0 18712055.0 18705029.0 18708965.0 18713071.0 18686301.0 18708341.0 18703050.0 18712243.0 18675736.0 18696820.0 18701553.0 18706507.0 18686937.0 18706530.0 18700784.0 18711974.0
159 19032375.0 19032915.0 19032963.0 18997091.0 19015125.0 19003765.0 19019378.0 18994522.0 19015036.0 18996113.0 18990272.0 19004554.0 19013937.0 19014273.0 19014979.0 19002441.0 19021338.0 19012651.0 19017430.0 19022932.0 18989737.0 19019582.0 19008532.0 19021421.0 18977203.0 19005043.0 19007306.0 19016135.0 18991923.0 19015973.0 19011234.0 19022729.0
162 19484731.0 19485814.0 19487308.0 19450141.0 19469614.0 19456776.0 19474704.0 19446696.0 19472529.0 19448923.0 19443622.0 19457436.0 19471208.0 19471870.0 19471339.0 19455373.0 19478899.0 19470309.0 19474672.0 19479870.0 19441142.0 19475358.0 19461389.0 19477883.0 19427820.0 19460476.0 19459904.0 19471770.0 19442741.0 19473587.0 19466783.0 19478580.0
165 19666729.0 19668021.0 19669895.0 19632347.0 19653342.0 19639342.0 19658025.0 19628377.0 19655950.0 19630802.0 19627643.0 19639038.0 19654039.0 19654364.0 19654330.0 19638733.0 19661038.0 19653346.0 19658329.0 19663367.0 19623957.0 19657671.0 19644308.0 19661453.0 19611849.0 19643979.0 19643131.0 19655377.0 19626305.0 19656748.0 19649452.0 19661412.0
168 19871960.0 19873199.0 19876630.0 19836851.0 19859369.0 19842047.0 19864944.0 19829774.0 19863425.0 19831391.0 19836955.0 19839764.0 19861940.0 19862032.0 19860554.0 19844486.0 19868884.0 19861489.0 19866060.0 19871500.0 19826935.0 19865202.0 19849124.0 19868216.0 19815125.0 19849969.0 19849022.0 19862747.0 19829825.0 19863540.0 19856397.0 19867296.0
171 19929225.0 19931483.0 19936022.0 19888807.0 19917303.0 19889386.0 19923960.0 19874280.0 19923288.0 19875353.0 19889260.0 19882157.0 19922713.0 19921781.0 19919568.0 19901331.0 19928794.0 19922165.0 19926846.0 19933029.0 19878443.0 19925046.0 19903517.0 19928465.0 19870520.0 19908812.0 19903295.0 19922049.0 19882312.0 19922892.0 19913663.0 19926388.0
174 19802151.0 19805372.0 19810043.0 19719732.0 19785924.0 19718232.0 19795519.0 19698705.0 19793441.0 19702317.0 19757558.0 19712234.0 19794049.0 19794970.0 19781982.0 19753140.0 19798627.0 19797313.0 19801467.0 19807368.0 19710419.0 19796276.0 19748970.0 19798246.0 19712409.0 19776744.0 19747663.0 19794908.0 19716398.0 19795582.0 19786110.0 19799870.0
177 19316700.0 19317208.0 19326229.0 19143433.0 19270818.0 19142065.0 19286206.0 19122079.0 19274586.0 19130100.0 19187299.0 19141683.0 19285190.0 19281599.0 19249338.0 19197592.0 19273802.0 19291525.0 19285006.0 19287944.0 19125068.0 19262244.0 19172422.0 19261984.0 19119768.0 19233950.0 19170258.0 19274476.0 19132631.0 19288725.0 19267247.0 19302983.0
180 11045216.0 10968460.0 10995088.0 10639026.0 10868952.0 10473062.0 10883896.0 10560467.0 10858605.0 10545078.0 10681829.0 10392352.0 11023743.0 10959303.0 10716624.0 11046079.0 10692337.0 11011176.0 10778785.0 10662782.0 10549531.0 10575730.0 10544340.0 10512595.0 10872201.0 10636437.0 10552676.0 10699404.0 10553439.0 10857197.0 10724617.0 10840060.0
183 9272098.0 9258534.0 9386483.0 9427745.0 9340295.0 9245408.0 9359672.0 9372787.0 9378673.0 9351154.0 9203835.0 9157115.0 9598743.0 9514210.0 9227401.0 9940164.0 9197540.0 9579726.0 9294686.0 9151051.0 9311809.0 9042206.0 9312136.0 8965852.0 9750683.0 9110071.0 9325153.0 9186923.0 9313572.0 9360377.0 9191881.0 9283541.0
186 5814802.0 5794544.0 5923931.0 6129314.0 5894064.0 5929414.0 5899979.0 6079474.0 5929030.0 6047950.0 5812914.0 5854267.0 6139882.0 6048440.0 5780992.0 6611652.0 5740054.0 6113975.0 5841519.0 5698712.0 6002034.0 5604367.0 6006947.0 5548438.0 6466079.0 5688451.0 6040967.0 5750746.0 6023682.0 5893910.0 5748141.0 5785956.0
189 282353.0 283447.0 278553.0 306286.0 301147.0 246054.0 295175.0 282563.0 292160.0 282365.0 421293.0 233658.0 336775.0 324985.0 280040.0 352854.0 235537.0 337960.0 281574.0 236257.0 293708.0 255997.0 247313.0 225379.0 381604.0 285313.0 251413.0 272542.0 286705.0 286653.0 316865.0 279591.0
192 236211.0 231559.0 207863.0 247892.0 241182.0 211444.0 228717.0 236034.0 223922.0 229554.0 379158.0 203674.0 228574.0 236898.0 221873.0 227099.0 198460.0 231315.0 228348.0 202479.0 252899.0 226795.0 202266.0 200005.0 294333.0 247567.0 205768.0 224030.0 245200.0 217357.0 262961.0 222535.0
195 236689.0 231406.0 206090.0 245488.0 240007.0 210488.0 226661.0 238588.0 223021.0 227437.0 377043.0 203120.0 223255.0 233830.0 220037.0 218691.0 198389.0 226601.0 226538.0 201577.0 250615.0 226448.0 200296.0 199229.0 288409.0 246496.0 203759.0 220916.0 241811.0 213652.0 260188.0 219738.0
198 236570.0 232293.0 206290.0 245716.0 240636.0 211841.0 227459.0 239148.0 222978.0 228574.0 371236.0 203745.0 224959.0 235068.0 221406.0 218813.0 199123.0 228138.0 227080.0 202465.0 251779.0 227121.0 200091.0 198876.0 288268.0 247175.0 203976.0 221127.0 242613.0 214398.0 261297.0 220241.0
201 235237.0 233111.0 204656.0 245934.0 240697.0 211708.0 227545.0 239492.0 223133.0 228792.0 376559.0 203537.0 224511.0 232656.0 221459.0 219147.0 198623.0 227254.0 228525.0 202303.0 251650.0 226962.0 201086.0 200551.0 288991.0 247294.0 204852.0 223069.0 242844.0 214565.0 261259.0 221297.0
204 237928.0 233437.0 205703.0 247239.0 240484.0 212472.0 227576.0 239366.0 224307.0 228056.0 387795.0 204884.0 224750.0 235246.0 221316.0 220134.0 199775.0 227396.0 227490.0 203271.0 252039.0 227086.0 201977.0 200616.0 289397.0 247511.0 205941.0 221403.0 243894.0 214774.0 261680.0 221808.0
207 236702.0 232436.0 205214.0 246865.0 240922.0 212617.0 227532.0 235497.0 223992.0 228981.0 348119.0 203720.0 224404.0 234792.0 221208.0 219824.0 199642.0 226714.0 228601.0 203027.0 251651.0 227326.0 200995.0 201796.0 290654.0 248130.0 205388.0 222378.0 242936.0 214876.0 262227.0 220392.0
210 236800.0 231303.0 205856.0 247188.0 240681.0 211608.0 228429.0 239065.0 223532.0 228329.0 345248.0 203393.0 224028.0 235735.0 220769.0 219206.0 198570.0 226805.0 227565.0 201812.0 251259.0 226918.0 200056.0 201362.0 288281.0 247904.0 205304.0 223018.0 243468.0 214848.0 261238.0 220959.0
213 237111.0 231566.0 205675.0 247766.0 241824.0 212002.0 228636.0 235382.0 223766.0 229517.0 368129.0 204535.0 227603.0 234775.0 221579.0 219364.0 198652.0 228084.0 227523.0 202136.0 251411.0 226644.0 201152.0 200861.0 288921.0 248557.0 205367.0 222847.0 243573.0 215186.0 261387.0 220865.0
216 236776.0 230669.0 205021.0 245436.0 241184.0 211659.0 228165.0 236056.0 222622.0 228851.0 384020.0 204503.0 223838.0 234414.0 221062.0 218561.0 199490.0 227885.0 226877.0 202630.0 251298.0 225497.0 200328.0 200215.0 289466.0 245763.0 204059.0 222302.0 242446.0 213754.0 260282.0 222261.0
219 236382.0 230709.0 204525.0 246630.0 240039.0 211542.0 227070.0 235434.0 222210.0 228122.0 373681.0 202608.0 224701.0 234300.0 221891.0 218537.0 198578.0 227506.0 226216.0 200914.0 251287.0 225727.0 199908.0 199492.0 289136.0 245963.0 204490.0 221317.0 241491.0 213800.0 260528.0 220880.0
222 235974.0 230988.0 203581.0 245070.0 240462.0 209816.0 225535.0 235088.0 222212.0 227897.0 354473.0 202808.0 223465.0 234682.0 219701.0 218734.0 197859.0 225295.0 225985.0 201185.0 249705.0 225766.0 199585.0 198987.0 287924.0 245779.0 203530.0 220424.0 242360.0 213156.0 260174.0 220590.0
225 234199.0 229122.0 202917.0 245508.0 238700.0 210712.0 224687.0 234082.0 221521.0 226274.0 339800.0 203103.0 223076.0 232212.0 219292.0 217045.0 198255.0 226274.0 224558.0 200854.0 249140.0 225509.0 198895.0 198709.0 288458.0 245761.0 203322.0 220674.0 240848.0 213634.0 259497.0 219108.0
228 234651.0 228151.0 203219.0 243657.0 239261.0 209749.0 225154.0 236374.0 221202.0 227473.0 340290.0 202414.0 223210.0 233385.0 219531.0 216895.0 197724.0 225975.0 224715.0 200740.0 248913.0 225081.0 199586.0 197818.0 287475.0 245016.0 202707.0 219608.0 241268.0 212168.0 258756.0 217676.0
231 234464.0 228392.0 202878.0 244168.0 238188.0 210566.0 225087.0 237586.0 221756.0 226470.0 369528.0 201355.0 222575.0 231654.0 218805.0 216804.0 196491.0 224813.0 223807.0 199963.0 249382.0 223599.0 198458.0 197619.0 286396.0 244043.0 203667.0 220209.0 240750.0 213157.0 258797.0 218800.0
234 233991.0 228404.0 203158.0 243656.0 237269.0 209389.0 225040.0 236030.0 221442.0 226169.0 366443.0 201939.0 221503.0 231510.0 217212.0 216599.0 196019.0 223081.0 223887.0 199006.0 247733.0 223821.0 198136.0 197054.0 286124.0 243499.0 202429.0 218626.0 239582.0 209940.0 258032.0 218119.0
237 234718.0 228282.0 202704.0 243934.0 237914.0 209048.0 225436.0 234321.0 220782.0 226886.0 367985.0 201838.0 222112.0 232325.0 218243.0 216513.0 197118.0 224497.0 223754.0 199990.0 249600.0 223783.0 199282.0 197464.0 285301.0 244298.0 202245.0 219506.0 239546.0 209230.0 258439.0 217623.0
240 232236.0 227740.0 201434.0 241651.0 236409.0 207352.0 223858.0 232557.0 219272.0 225254.0 364559.0 201108.0 220654.0 231019.0 216484.0 214850.0 194903.0 222822.0 222764.0 199258.0 247185.0 223273.0 197530.0 196028.0 282392.0 242805.0 202098.0 217892.0 237690.0 208509.0 256910.0 216681.0
243 232978.0 226691.0 201323.0 240007.0 235030.0 208357.0 222561.0 232010.0 217393.0 223154.0 341672.0 199471.0 219266.0 230139.0 216171.0 215693.0 195603.0 222331.0 221228.0 199009.0 246464.0 220164.0 196746.0 196116.0 281127.0 241419.0 200864.0 217239.0 237620.0 208836.0 255961.0 216290.0
246 231778.0 225773.0 200130.0 241365.0 234046.0 206667.0 222215.0 234075.0 217907.0 222961.0 338229.0 199403.0 219829.0 229441.0 214560.0 213347.0 194635.0 220780.0 221663.0 196501.0 244761.0 220344.0 196566.0 193919.0 281668.0 240282.0 199364.0 216934.0 236496.0 209597.0 254731.0 216795.0
249 230790.0 225460.0 199752.0 240484.0 233185.0 206495.0 221604.0 233339.0 217908.0 222520.0 335519.0 198791.0 218650.0 229224.0 215114.0 213841.0 192510.0 220615.0 216839.0 192400.0 245527.0 218145.0 193560.0 191718.0 279047.0 239056.0 195644.0 214571.0 235774.0 207926.0 254293.0 214985.0
252 228830.0 221808.0 198254.0 239072.0 233309.0 201949.0 219769.0 232164.0 214855.0 221900.0 339963.0 197291.0 217895.0 226531.0 213752.0 208825.0 189870.0 217333.0 201791.0 176780.0 241088.0 208252.0 188126.0 183442.0 274637.0 236076.0 183516.0 208584.0 232248.0 205316.0 248594.0 211156.0
255 223865.0 210633.0 191531.0 232795.0 230917.0 189246.0 216363.0 228174.0 203524.0 219528.0 288526.0 194096.0 215347.0 216363.0 210846.0 193953.0 176101.0 204675.0 167823.0 138173.0 232110.0 179996.0 168686.0 156453.0 254666.0 224083.0 154275.0 190514.0 223531.0 199270.0 235650.0 199468.0
258 201900.0 171922.0 166736.0 204743.0 220073.0 149424.0 194232.0 212826.0 168070.0 207659.0 181642.0 180873.0 202615.0 182944.0 197986.0 151753.0 135941.0 168851.0 106592.0 77497.0 196744.0 119816.0 121158.0 102950.0 199095.0 187017.0 98638.0 139477.0 186932.0 172564.0 194997.0 168069.0
261 157227.0 117479.0 122451.0 152599.0 191194.0 97375.0 151742.0 174109.0 114796.0 178557.0 87741.0 152282.0 170898.0 128476.0 168373.0 99068.0 85340.0 116260.0 56964.0 37333.0 142911.0 65461.0 72008.0 55598.0 129907.0 132368.0 53145.0 84009.0 132592.0 129031.0 138438.0 123727.0
264 91894.0 60201.0 66213.0 84433.0 134810.0 46882.0 90801.0 112103.0 59440.0 122007.0 43274.0 103201.0 113223.0 67279.0 115199.0 48367.0 40422.0 60128.0 28329.0 20695.0 77441.0 31164.0 33639.0 26809.0 63781.0 70376.0 25897.0 39515.0 69425.0 75222.0 74377.0 69807.0
267 45004.0 31133.0 32595.0 41325.0 75895.0 25649.0 45329.0 58646.0 29860.0 67024.0 32183.0 57732.0 60392.0 33164.0 65271.0 26167.0 22989.0 30816.0 20333.0 16977.0 39125.0 21694.0 20806.0 19385.0 35447.0 36508.0 18854.0 24231.0 35822.0 38356.0 37865.0 36970.0
270 26502.0 22231.0 20889.0 26143.0 38620.0 20184.0 26876.0 31687.0 21328.0 33985.0 27972.0 30840.0 31036.0 22899.0 34137.0 19896.0 18642.0 22140.0 17553.0 14858.0 26889.0 18505.0 17534.0 16596.0 27602.0 25857.0 16043.0 19795.0 25119.0 23628.0 27049.0 23858.0
273 22006.0 19170.0 17418.0 21685.0 26105.0 17604.0 21740.0 23765.0 18591.0 24415.0 25123.0 21667.0 22506.0 19684.0 23501.0 17537.0 15894.0 19170.0 15473.0 13161.0 22752.0 16319.0 15459.0 14387.0 24601.0 22552.0 14167.0 17427.0 21671.0 19131.0 22926.0 19750.0
276 18831.0 17086.0 15370.0 19200.0 22707.0 15482.0 19130.0 20742.0 16486.0 21477.0 23307.0 18715.0 19574.0 17455.0 20492.0 15508.0 14310.0 17115.0 14108.0 12115.0 20232.0 14510.0 13672.0 12917.0 21547.0 19620.0 13186.0 15332.0 19070.0 16902.0 20436.0 17618.0
279 16625.0 15468.0 13616.0 17283.0 19588.0 14167.0 17000.0 18376.0 14631.0 18613.0 21693.0 16529.0 17270.0 15459.0 17588.0 14165.0 13011.0 15158.0 13672.0 12057.0 18027.0 13756.0 12383.0 12433.0 19798.0 17800.0 12261.0 14170.0 17117.0 14844.0 18067.0 15680.0
282 15056.0 14386.0 12623.0 15771.0 17398.0 13586.0 15773.0 16589.0 13898.0 16691.0 21594.0 14791.0 15157.0 14700.0 15689.0 13504.0 12395.0 14245.0 13419.0 11596.0 16983.0 13305.0 12202.0 11835.0 19054.0 16559.0 11896.0 13888.0 16142.0 13597.0 17027.0 14668.0
285 14396.0 14254.0 12386.0 15315.0 16244.0 13416.0 14999.0 15867.0 13674.0 15570.0 22927.0 13870.0 14106.0 14263.0 14441.0 13548.0 12264.0 14214.0 13229.0 11543.0 16415.0 13220.0 11923.0 11795.0 18668.0 16072.0 11797.0 13411.0 15710.0 12866.0 16830.0 14280.0
288 14089.0 13867.0 11968.0 15002.0 15862.0 13229.0 14911.0 15585.0 13206.0 14904.0 22278.0 13316.0 13926.0 14374.0 13994.0 13299.0 11968.0 13869.0 13174.0 11462.0 16175.0 13211.0 11792.0 11709.0 18754.0 15930.0 11906.0 13345.0 15410.0 13033.0 16480.0 14197.0
291 14271.0 13806.0 11964.0 14983.0 15848.0 13040.0 14776.0 15167.0 13255.0 14827.0 22256.0 13334.0 13552.0 13934.0 13948.0 13159.0 12139.0 13790.0 12956.0 11501.0 15908.0 12933.0 11702.0 11706.0 18584.0 15730.0 11635.0 13356.0 14990.0 12664.0 16260.0 13878.0
294 13880.0 13719.0 11910.0 14878.0 15566.0 12771.0 14334.0 15267.0 13219.0 14928.0 22098.0 13150.0 13710.0 14039.0 13684.0 12780.0 12117.0 13656.0 12903.0 11210.0 15863.0 13170.0 11640.0 11754.0 18540.0 15689.0 11496.0 13027.0 15030.0 12962.0 15833.0 13942.0
297 13970.0 13706.0 11773.0 14756.0 15524.0 12778.0 14343.0 15358.0 13316.0 14386.0 20180.0 12821.0 13464.0 13659.0 13835.0 13010.0 11670.0 13457.0 12568.0 11302.0 15645.0 12766.0 11572.0 11611.0 18350.0 15464.0 11532.0 13018.0 14917.0 12691.0 16072.0 13986.0
300 13827.0 13391.0 11514.0 14591.0 15360.0 12533.0 14525.0 14923.0 13115.0 14452.0 20153.0 12765.0 13597.0 13535.0 13573.0 13019.0 11506.0 13361.0 12542.0 10967.0 15673.0 12684.0 11359.0 11272.0 18311.0 15320.0 11272.0 12881.0 15062.0 12469.0 15644.0 13457.0
303 13654.0 13280.0 11525.0 14583.0 15149.0 12566.0 14484.0 14694.0 13045.0 14492.0 19678.0 12649.0 13257.0 13773.0 13765.0 12751.0 11528.0 13225.0 12524.0 11012.0 15479.0 12581.0 11173.0 11270.0 18034.0 15101.0 11158.0 12935.0 14630.0 12413.0 15484.0 13440.0
306 13410.0 13006.0 11533.0 14320.0 14942.0 12361.0 14146.0 14504.0 12631.0 14346.0 19835.0 12651.0 13217.0 13528.0 12881.0 12639.0 11491.0 13146.0 12015.0 10612.0 15085.0 12318.0 11158.0 11011.0 17615.0 14958.0 11140.0 12774.0 14704.0 12338.0 15420.0 13290.0
309 13412.0 13144.0 11092.0 14179.0 14804.0 12578.0 13874.0 14406.0 12615.0 14256.0 19312.0 12306.0 13327.0 13141.0 13342.0 12343.0 11482.0 12900.0 11937.0 10835.0 14977.0 12238.0 11018.0 10793.0 17419.0 14832.0 11125.0 12498.0 14489.0 12194.0 15288.0 13214.0
312 13171.0 12959.0 11372.0 13855.0 14862.0 12246.0 13763.0 14125.0 12651.0 13967.0 19090.0 12183.0 12840.0 13058.0 12853.0 12283.0 11152.0 12786.0 12176.0 10695.0 14695.0 12035.0 10756.0 10872.0 17277.0 14796.0 10805.0 12340.0 14109.0 12153.0 15161.0 13237.0
315 13011.0 12771.0 11271.0 13943.0 14298.0 12013.0 13517.0 14049.0 12395.0 13845.0 18838.0 12186.0 12702.0 12987.0 12757.0 12024.0 10911.0 12857.0 11992.0 10350.0 14597.0 11738.0 10748.0 10614.0 17036.0 14469.0 10498.0 11936.0 14091.0 11994.0 15043.0 12851.0
318 12807.0 12494.0 11225.0 13815.0 14352.0 11734.0 13362.0 14079.0 12180.0 13492.0 18454.0 11839.0 12590.0 12621.0 12774.0 11856.0 10870.0 12609.0 11748.0 10163.0 14626.0 11744.0 10503.0 10604.0 16761.0 14519.0 10527.0 12132.0 13916.0 11764.0 14657.0 12742.0
321 12820.0 12369.0 10886.0 13266.0 14146.0 11532.0 13385.0 13388.0 12034.0 13433.0 18224.0 11572.0 12442.0 12746.0 12670.0 11590.0 10668.0 12358.0 11419.0 10084.0 14259.0 11696.0 10470.0 10355.0 16323.0 14050.0 10247.0 11957.0 13797.0 11558.0 14321.0 12499.0
324 12653.0 12349.0 10745.0 13580.0 14080.0 11563.0 12754.0 13296.0 11863.0 13269.0 17676.0 11523.0 12478.0 12629.0 12228.0 11370.0 10543.0 12149.0 11161.0 9789.0 14068.0 11141.0 10010.0 10286.0 16267.0 13822.0 10089.0 11821.0 13630.0 11507.0 14253.0 12111.0
327 12364.0 12205.0 10434.0 13160.0 13795.0 11243.0 12733.0 13433.0 11495.0 12939.0 17003.0 11541.0 12098.0 12217.0 12036.0 11420.0 10508.0 11988.0 10967.0 9705.0 13854.0 11063.0 10156.0 10024.0 16217.0 13489.0 9794.0 11476.0 13232.0 11190.0 13930.0 11982.0
330 12159.0 11742.0 10160.0 12835.0 13526.0 11167.0 12599.0 13129.0 11309.0 12846.0 18132.0 11181.0 11722.0 12076.0 11751.0 10865.0 10314.0 11529.0 10355.0 9066.0 13684.0 10700.0 9691.0 9732.0 15515.0 13219.0 9595.0 11002.0 13049.0 10917.0 13618.0 11944.0
333 11977.0 11584.0 9987.0 12627.0 13366.0 10921.0 12398.0 12927.0 11077.0 12678.0 16918.0 11024.0 11913.0 11873.0 11741.0 10780.0 9945.0 11180.0 9846.0 8657.0 13428.0 10401.0 9500.0 9227.0 15233.0 12935.0 9013.0 10968.0 12696.0 10831.0 13207.0 11467.0
336 11711.0 11415.0 9939.0 12259.0 12995.0 10506.0 12052.0 12752.0 10720.0 12473.0 16337.0 10721.0 11423.0 11327.0 11511.0 10334.0 9456.0 11104.0 9005.0 7596.0 12946.0 9929.0 8956.0 8478.0 14470.0 12643.0 8407.0 10482.0 12373.0 10459.0 12860.0 11246.0
339 11202.0 10868.0 9462.0 12067.0 12672.0 9777.0 11923.0 12259.0 10133.0 12232.0 12810.0 10743.0 11070.0 10905.0 11246.0 9515.0 9117.0 10151.0 7566.0 6158.0 12637.0 8971.0 8273.0 7632.0 13629.0 12204.0 7077.0 9719.0 12032.0 10123.0 12079.0 10568.0
342 10938.0 10021.0 8960.0 11385.0 12402.0 8881.0 11289.0 11913.0 9348.0 11801.0 10611.0 10507.0 10835.0 9995.0 11019.0 8357.0 8288.0 9375.0 6058.0 4595.0 11936.0 7386.0 7185.0 6254.0 11899.0 11556.0 5833.0 8344.0 11305.0 9404.0 10914.0 9701.0
345 10284.0 8496.0 8122.0 10264.0 12085.0 7424.0 10353.0 11036.0 7860.0 11371.0 8033.0 10109.0 10163.0 8715.0 10580.0 6968.0 6806.0 7785.0 4294.0 3013.0 10590.0 5700.0 5625.0 4607.0 10158.0 9785.0 4152.0 6606.0 9796.0 8534.0 9568.0 8479.0
348 8637.0 7242.0 6885.0 8741.0 11206.0 5896.0 8950.0 10218.0 6206.0 10553.0 5762.0 9199.0 9405.0 6883.0 9436.0 5347.0 5387.0 6109.0 2947.0 1905.0 9089.0 3822.0 3994.0 3142.0 7569.0 7970.0 2821.0 4882.0 8021.0 7064.0 7762.0 6996.0
351 7176.0 5379.0 5326.0 6912.0 9803.0 4078.0 7070.0 8667.0 4597.0 9428.0 3631.0 8092.0 7955.0 5058.0 8166.0 3667.0 3606.0 4294.0 1978.0 1349.0 7149.0 2484.0 2685.0 2048.0 5144.0 6089.0 1778.0 3085.0 6203.0 5483.0 5843.0 5340.0
354 4845.0 3243.0 3146.0 4437.0 7468.0 2338.0 4674.0 6435.0 2626.0 7106.0 2381.0 6241.0 5795.0 3009.0 6252.0 2093.0 2121.0 2500.0 1398.0 1085.0 4637.0 1594.0 1606.0 1432.0 3023.0 3572.0 1233.0 1853.0 3560.0 3446.0 3552.0 3340.0
357 3184.0 2213.0 2094.0 2849.0 5579.0 1720.0 3261.0 4479.0 1851.0 5429.0 2248.0 4736.0 4117.0 1953.0 4708.0 1574.0 1483.0 1819.0 1225.0 1046.0 3104.0 1341.0 1289.0 1140.0 2338.0 2551.0 1213.0 1590.0 2524.0 2403.0 2428.0 2328.0
