150 330405.0 329757.0 347942.0 349766.0 328470.0 476382.0 342703.0 324845.0 387054.0 330158.0 339032.0 323668.0 357460.0 325321.0 375967.0 401878.0 339574.0 334419.0 315042.0 362739.0 330871.0 319412.0 346668.0 366303.0 361118.0 369606.0 427479.0 313040.0 341411.0 313431.0 316614.0 349473.0
153 411202.0 415426.0 426990.0 426780.0 431283.0 554670.0 439863.0 404538.0 465458.0 406022.0 419574.0 402919.0 431256.0 397359.0 458208.0 501924.0 416061.0 417506.0 412110.0 446501.0 406037.0 395334.0 423217.0 453317.0 454478.0 467793.0 508769.0 421663.0 420862.0 408032.0 420258.0 450704.0
156 16465172.0 16435876.0 16435052.0 16384620.0 16443431.0 16362619.0 16415801.0 16388460.0 16406118.0 16375850.0 16416859.0 16389502.0 16409438.0 16419897.0 16419448.0 16364956.0 16426778.0 16415667.0 16422462.0 16406309.0 16376958.0 16414364.0 16375276.0 16403851.0 16370853.0 16423343.0 16344074.0 16401246.0 16376606.0 16411474.0 16428589.0 16421093.0
159 18468472.0 18453884.0 18447235.0 18403582.0 18454996.0 18363831.0 18435268.0 18413043.0 18420738.0 18404469.0 18435995.0 18412972.0 18425722.0 18439332.0 18426444.0 18383669.0 18438049.0 18434459.0 18442113.0 18425548.0 18404016.0 18439278.0 18399045.0 18425245.0 18395699.0 18433825.0 18366374.0 18433415.0 18403278.0 18440351.0 18450166.0 18441284.0
162 18813765.0 18795886.0 18789375.0 18744187.0 18797434.0 18704377.0 18777890.0 18755271.0 18761243.0 18746028.0 18779581.0 18755087.0 18767113.0 18781041.0 18768232.0 18724081.0 18781817.0 18778668.0 18783666.0 18770106.0 18747774.0 18783845.0 18742722.0 18771134.0 18737849.0 18780885.0 18709964.0 18779798.0 18747030.0 18786758.0 18797593.0 18787992.0
165 19056849.0 19041676.0 19034790.0 18993841.0 19045609.0 18953132.0 19027681.0 19005081.0 19009449.0 18995567.0 19028750.0 19005157.0 19016108.0 19026989.0 19015727.0 18974167.0 19029074.0 19027740.0 19033642.0 19020151.0 18998269.0 19032197.0 18992483.0 19022326.0 18988256.0 19032843.0 18959838.0 19031624.0 18998178.0 19037301.0 19049427.0 19039150.0
168 19279222.0 19267418.0 19261503.0 19219815.0 19273040.0 19175992.0 19256439.0 19233189.0 19238359.0 19221334.0 19258114.0 19234186.0 19244980.0 19256016.0 19245243.0 19201382.0 19259030.0 19257403.0 19264025.0 19249822.0 19224899.0 19263080.0 19220430.0 19250945.0 19216735.0 19261946.0 19184007.0 19262487.0 19226692.0 19267345.0 19278694.0 19267817.0
171 19579979.0 19569893.0 19564930.0 19522895.0 19578006.0 19477427.0 19563212.0 19537111.0 19545516.0 19522896.0 19564846.0 19536236.0 19551625.0 19561859.0 19555087.0 19505262.0 19565701.0 19565087.0 19571966.0 19557626.0 19527408.0 19568999.0 19522419.0 19557964.0 19520452.0 19568112.0 19486572.0 19570550.0 19529701.0 19574152.0 19583988.0 19573766.0
174 19673373.0 19662495.0 19657875.0 19596475.0 19674034.0 19536063.0 19658766.0 19622445.0 19638909.0 19602735.0 19660237.0 19625177.0 19645080.0 19656827.0 19651648.0 19598055.0 19661393.0 19660916.0 19669450.0 19653808.0 19612638.0 19665212.0 19603972.0 19654357.0 19611349.0 19662772.0 19566667.0 19666379.0 19617835.0 19669555.0 19678316.0 19669089.0
177 19624104.0 19611464.0 19605629.0 19485132.0 19628627.0 19401403.0 19610332.0 19530367.0 19585318.0 19508538.0 19609176.0 19543308.0 19590609.0 19608480.0 19606860.0 19530906.0 19615570.0 19613955.0 19628190.0 19606833.0 19529162.0 19619879.0 19512171.0 19605919.0 19542403.0 19614277.0 19472631.0 19619911.0 19537690.0 19623230.0 19631603.0 19623908.0
180 19357117.0 19331253.0 19298290.0 18989621.0 19327770.0 18853806.0 19293822.0 19017977.0 19243124.0 19030669.0 19240871.0 19057001.0 19226911.0 19286380.0 19278126.0 19078163.0 19275691.0 19248522.0 19330275.0 19260372.0 19054356.0 19282300.0 19003391.0 19243825.0 19065167.0 19242384.0 18983925.0 19283686.0 19049800.0 19286007.0 19296107.0 19308366.0
183 10642242.0 10618006.0 10253984.0 9171644.0 9926246.0 9012533.0 10034478.0 9093991.0 10097766.0 9411785.0 9621231.0 9270510.0 9830996.0 10105213.0 9957216.0 9781495.0 9837733.0 9610769.0 10069393.0 9820873.0 9278229.0 9937931.0 9041882.0 9670860.0 9385535.0 9465355.0 9481328.0 9953836.0 9190669.0 9902088.0 9813164.0 10167905.0
186 6748190.0 6798672.0 6766661.0 6466078.0 6645155.0 6422006.0 6757588.0 6448157.0 6874420.0 6778345.0 6540209.0 6617685.0 6734119.0 6924292.0 6838645.0 7056187.0 6736119.0 6553954.0 6885815.0 6726711.0 6608854.0 6809352.0 6417552.0 6599358.0 6722356.0 6394838.0 6833233.0 6782800.0 6528223.0 6738002.0 6624429.0 6825313.0
189 1813410.0 1862035.0 1858245.0 1746205.0 1745565.0 1807435.0 1854233.0 1713148.0 1987318.0 1920331.0 1734640.0 1810783.0 1881488.0 1968699.0 1923890.0 2140143.0 1850872.0 1755266.0 1906318.0 1865403.0 1843099.0 1917981.0 1752789.0 1807141.0 1918595.0 1681392.0 2070915.0 1900812.0 1826393.0 1859558.0 1777653.0 1892235.0
192 313326.0 322964.0 339342.0 339418.0 321674.0 453810.0 343310.0 316887.0 399324.0 335565.0 326959.0 317634.0 355565.0 334014.0 375188.0 428506.0 332880.0 326075.0 326391.0 359402.0 328980.0 328296.0 341629.0 361071.0 363621.0 345539.0 437097.0 333860.0 336492.0 321675.0 309872.0 355825.0
195 310196.0 316854.0 335099.0 336477.0 319763.0 451809.0 337505.0 315812.0 375901.0 323413.0 326566.0 311170.0 346183.0 314335.0 363793.0 406903.0 325610.0 324091.0 315484.0 351865.0 321630.0 308744.0 337633.0 356119.0 356032.0 343698.0 412253.0 317617.0 329014.0 307649.0 302490.0 343011.0
198 310167.0 318214.0 334585.0 336710.0 321364.0 453148.0 336902.0 314325.0 375426.0 321743.0 324934.0 311900.0 340922.0 314414.0 363323.0 406077.0 325923.0 323622.0 314475.0 353225.0 321561.0 307774.0 336238.0 356123.0 355967.0 346658.0 411902.0 316162.0 329205.0 307703.0 301995.0 343212.0
201 308684.0 316726.0 334069.0 336808.0 322013.0 452522.0 338686.0 314215.0 375979.0 322205.0 326993.0 311552.0 341818.0 314365.0 363773.0 406852.0 327344.0 323395.0 315042.0 352292.0 322063.0 308562.0 336320.0 355751.0 356137.0 347098.0 417805.0 316370.0 328271.0 309253.0 303073.0 343734.0
204 309585.0 318644.0 334598.0 337887.0 322140.0 466641.0 336675.0 315163.0 376348.0 323303.0 326586.0 312807.0 342736.0 316037.0 364083.0 407142.0 326799.0 324715.0 319644.0 352021.0 323396.0 309205.0 338081.0 356490.0 356555.0 347736.0 418698.0 317059.0 328800.0 309507.0 304104.0 344960.0
207 312616.0 318357.0 333889.0 338990.0 322973.0 465698.0 338459.0 316069.0 376065.0 323396.0 328765.0 312682.0 343465.0 315347.0 362838.0 406802.0 327557.0 325564.0 316530.0 353786.0 322286.0 309778.0 337578.0 354706.0 357047.0 348317.0 417876.0 317350.0 330307.0 309604.0 303784.0 345024.0
210 312667.0 319017.0 333913.0 339195.0 320982.0 464507.0 339045.0 315313.0 377097.0 323838.0 326450.0 312383.0 343162.0 315970.0 363000.0 407195.0 326250.0 324514.0 316792.0 353386.0 323397.0 309488.0 337918.0 357713.0 356714.0 347602.0 419713.0 317305.0 329551.0 308402.0 303529.0 345127.0
213 310412.0 319395.0 334290.0 338539.0 320366.0 464765.0 338851.0 315267.0 378697.0 323760.0 326160.0 312586.0 347923.0 315232.0 361991.0 407345.0 326779.0 323041.0 314728.0 353723.0 322638.0 308539.0 338747.0 355823.0 357211.0 346144.0 417786.0 316624.0 327893.0 308662.0 303116.0 344703.0
216 312603.0 318242.0 334623.0 338126.0 320360.0 462187.0 336686.0 315373.0 380270.0 323563.0 325795.0 310766.0 343245.0 316002.0 363001.0 406083.0 325778.0 322981.0 313891.0 352034.0 321823.0 309619.0 337045.0 356311.0 356276.0 345770.0 417552.0 315668.0 329285.0 306645.0 302213.0 343369.0
219 312120.0 317080.0 333132.0 336920.0 319731.0 464001.0 336188.0 312765.0 376863.0 323081.0 325009.0 311243.0 343732.0 315647.0 358110.0 404312.0 325033.0 322161.0 316650.0 350531.0 321005.0 308284.0 337343.0 354757.0 353512.0 345519.0 412889.0 314355.0 328504.0 305779.0 301127.0 341433.0
222 311328.0 316057.0 332063.0 336866.0 318306.0 461145.0 335697.0 311981.0 374252.0 322262.0 323958.0 310031.0 341186.0 312461.0 360946.0 402986.0 325205.0 321064.0 316491.0 350074.0 319763.0 307603.0 335209.0 350889.0 352785.0 343454.0 410924.0 314528.0 326030.0 305237.0 300063.0 341943.0
225 308583.0 315589.0 331379.0 334472.0 318465.0 449239.0 333367.0 312403.0 373719.0 322184.0 323355.0 309980.0 338641.0 312002.0 359283.0 404091.0 324114.0 320722.0 316159.0 349672.0 319786.0 307092.0 334179.0 350496.0 352162.0 343347.0 414642.0 313510.0 326102.0 305164.0 299311.0 341543.0
228 309202.0 315680.0 329981.0 333643.0 318997.0 450408.0 332018.0 311532.0 373665.0 320316.0 323952.0 308548.0 339053.0 312950.0 357636.0 401900.0 323725.0 319726.0 315371.0 348661.0 318376.0 305880.0 334806.0 353243.0 352522.0 342792.0 414652.0 312603.0 326241.0 305027.0 298923.0 340620.0
231 308586.0 315002.0 329473.0 333762.0 317223.0 451917.0 331412.0 311832.0 372125.0 320339.0 321871.0 306354.0 339023.0 312613.0 355022.0 401894.0 323047.0 319637.0 313812.0 348328.0 317943.0 306478.0 332527.0 352335.0 352421.0 341232.0 413329.0 313433.0 324036.0 304218.0 297382.0 340120.0
234 307796.0 312098.0 328166.0 332945.0 315145.0 446161.0 327953.0 310182.0 371022.0 318233.0 322165.0 306998.0 337482.0 311085.0 360237.0 400175.0 321366.0 317774.0 312563.0 346845.0 316418.0 305131.0 331879.0 346698.0 351211.0 339867.0 412377.0 311807.0 324721.0 304638.0 297180.0 339082.0
237 305019.0 311770.0 326030.0 330619.0 312703.0 453687.0 326650.0 308421.0 368680.0 317312.0 319904.0 305059.0 336402.0 310452.0 358097.0 397396.0 320451.0 316426.0 312099.0 343801.0 315930.0 304156.0 329761.0 344898.0 348098.0 338406.0 409907.0 309854.0 322498.0 303090.0 295642.0 337323.0
240 307178.0 312493.0 328553.0 331835.0 313572.0 455481.0 326454.0 309493.0 369572.0 317460.0 320641.0 305225.0 336756.0 308939.0 355711.0 397762.0 321010.0 316914.0 311551.0 344481.0 315524.0 303670.0 330843.0 345282.0 348310.0 339280.0 409360.0 309573.0 322647.0 301500.0 296713.0 337113.0
243 304702.0 310560.0 326049.0 329174.0 310605.0 450045.0 322586.0 305954.0 367107.0 316749.0 316829.0 303973.0 339073.0 307686.0 349345.0 394483.0 318331.0 313208.0 308737.0 342373.0 313526.0 301789.0 328329.0 343229.0 346395.0 336187.0 407744.0 307470.0 321206.0 299023.0 293779.0 334253.0
246 302895.0 308145.0 323708.0 327024.0 304504.0 434573.0 322515.0 304273.0 364447.0 312445.0 314215.0 301969.0 337151.0 306480.0 351748.0 391005.0 316127.0 310808.0 307210.0 339238.0 312708.0 301221.0 326018.0 341678.0 343393.0 330632.0 403581.0 305841.0 319017.0 298563.0 292049.0 332198.0
249 299959.0 305900.0 322316.0 325543.0 280263.0 430636.0 318353.0 298731.0 361835.0 311282.0 309180.0 298475.0 334349.0 303957.0 346647.0 385468.0 312761.0 300278.0 297297.0 333587.0 309836.0 297837.0 322168.0 336410.0 339199.0 318179.0 401131.0 300778.0 315772.0 292750.0 285654.0 325612.0
252 294407.0 300582.0 316982.0 320434.0 203859.0 421402.0 294437.0 275596.0 357603.0 306890.0 283091.0 282416.0 331427.0 301333.0 326923.0 361236.0 304314.0 256376.0 256180.0 312406.0 304187.0 294788.0 303281.0 322323.0 322508.0 264664.0 393741.0 278102.0 307287.0 273590.0 262040.0 300776.0
255 271761.0 279326.0 295744.0 303808.0 108963.0 378352.0 234458.0 214172.0 344851.0 293761.0 219278.0 235088.0 314561.0 291185.0 276902.0 298405.0 276060.0 175564.0 176820.0 254196.0 283126.0 281208.0 251550.0 271113.0 269877.0 171982.0 385643.0 223433.0 277693.0 223989.0 204823.0 240665.0
258 188400.0 194300.0 213129.0 229270.0 37986.0 244773.0 115964.0 100907.0 277502.0 230638.0 103424.0 124481.0 247525.0 234887.0 156392.0 159273.0 175633.0 69215.0 68225.0 131797.0 203074.0 218418.0 133547.0 147414.0 143242.0 64184.0 336651.0 113489.0 180826.0 116249.0 98304.0 119812.0
261 102096.0 105922.0 121603.0 137922.0 26439.0 127173.0 53018.0 45792.0 181831.0 146780.0 47283.0 56557.0 156441.0 146557.0 72020.0 74085.0 87500.0 34509.0 33328.0 58736.0 115182.0 131923.0 61353.0 67066.0 63820.0 33942.0 241423.0 50812.0 90145.0 51908.0 43061.0 54416.0
264 46773.0 48807.0 55833.0 65185.0 22061.0 63329.0 31646.0 28254.0 88006.0 72233.0 29471.0 30734.0 75183.0 67650.0 36362.0 40623.0 40318.0 26196.0 25143.0 33921.0 54044.0 59345.0 34128.0 35539.0 35053.0 26618.0 126642.0 29011.0 40761.0 28629.0 26347.0 31677.0
267 30042.0 31699.0 34112.0 37007.0 19277.0 43633.0 25939.0 23897.0 45886.0 38814.0 24981.0 24916.0 40496.0 35593.0 29915.0 32666.0 28902.0 22579.0 21528.0 28098.0 33534.0 32292.0 28366.0 28581.0 28754.0 23332.0 62356.0 23392.0 29244.0 23132.0 22114.0 25777.0
270 25268.0 26778.0 28632.0 30238.0 17969.0 37131.0 22484.0 20731.0 34887.0 29439.0 21603.0 21241.0 31230.0 27972.0 25677.0 27818.0 24781.0 20396.0 19177.0 24633.0 27383.0 25973.0 23848.0 24581.0 24774.0 21248.0 42716.0 20221.0 25203.0 19826.0 18977.0 22293.0
273 22489.0 23332.0 24860.0 26549.0 17540.0 32736.0 20995.0 19142.0 30666.0 25799.0 20050.0 19264.0 27765.0 24915.0 23130.0 25907.0 22158.0 19600.0 18589.0 22558.0 24267.0 22825.0 21359.0 22310.0 22735.0 20641.0 36980.0 18736.0 22057.0 18360.0 17771.0 20935.0
276 19847.0 20115.0 21943.0 22958.0 17625.0 28648.0 20128.0 18246.0 25916.0 22638.0 19559.0 18469.0 23636.0 20904.0 22049.0 24380.0 19626.0 19018.0 18079.0 21121.0 20946.0 19853.0 19865.0 20831.0 21841.0 20316.0 32086.0 18109.0 19415.0 17369.0 16990.0 20029.0
279 18289.0 18901.0 20079.0 20972.0 17490.0 27599.0 20105.0 18127.0 23779.0 20363.0 19225.0 18003.0 21788.0 19073.0 21222.0 23813.0 18462.0 18776.0 18174.0 20934.0 19688.0 18157.0 19281.0 20591.0 21171.0 19989.0 28154.0 17887.0 18894.0 16911.0 16801.0 19510.0
282 17874.0 18410.0 19670.0 20401.0 17147.0 26404.0 19740.0 17851.0 22580.0 19907.0 18795.0 17650.0 21054.0 18287.0 21176.0 23547.0 18303.0 18395.0 17825.0 20671.0 19214.0 17785.0 19078.0 20566.0 20910.0 19879.0 26892.0 17619.0 18440.0 16977.0 16745.0 19537.0
285 17669.0 18410.0 19340.0 19855.0 16978.0 26936.0 19538.0 17799.0 22157.0 19143.0 18622.0 17656.0 20472.0 18006.0 20525.0 23397.0 18112.0 18169.0 17512.0 20756.0 18927.0 17631.0 18979.0 20519.0 20709.0 19564.0 25932.0 17276.0 18068.0 16581.0 16434.0 18997.0
288 17465.0 18086.0 19313.0 19765.0 16810.0 26382.0 19618.0 17738.0 21711.0 19382.0 18581.0 17661.0 20195.0 17694.0 20408.0 23099.0 18154.0 17957.0 17587.0 20400.0 18879.0 17333.0 18715.0 20114.0 20768.0 19455.0 25531.0 17022.0 18003.0 16338.0 16185.0 18906.0
291 17189.0 18114.0 19129.0 19567.0 16557.0 25691.0 18997.0 17272.0 21736.0 18984.0 18161.0 17239.0 20331.0 17797.0 20306.0 23087.0 17782.0 17949.0 17202.0 20256.0 18357.0 17137.0 18510.0 20063.0 20238.0 19193.0 25454.0 17289.0 17785.0 16055.0 15950.0 18656.0
294 17234.0 18023.0 18887.0 19348.0 16437.0 25754.0 18875.0 17222.0 21416.0 18726.0 18109.0 16964.0 19968.0 17505.0 20555.0 22512.0 17633.0 17814.0 17100.0 20108.0 18662.0 16907.0 18203.0 19914.0 20026.0 18858.0 25123.0 16825.0 17765.0 16299.0 15753.0 18860.0
297 17139.0 17772.0 18534.0 18993.0 15879.0 24802.0 18287.0 17070.0 21489.0 18563.0 17758.0 16552.0 19703.0 17427.0 19815.0 22381.0 17429.0 17504.0 16892.0 19652.0 18400.0 16873.0 18142.0 19591.0 19758.0 18637.0 24596.0 16659.0 17653.0 16059.0 15879.0 18425.0
300 16861.0 17237.0 18372.0 19166.0 15833.0 24724.0 18317.0 16863.0 21408.0 18521.0 17635.0 16443.0 19523.0 17340.0 19634.0 22106.0 17161.0 17160.0 16813.0 19125.0 17764.0 16681.0 17755.0 19290.0 19430.0 18292.0 24284.0 16529.0 17201.0 15683.0 15437.0 18190.0
303 16573.0 17175.0 18225.0 18551.0 15645.0 24551.0 17956.0 16809.0 21030.0 18346.0 17527.0 16581.0 19398.0 16910.0 19619.0 21739.0 17159.0 17108.0 16418.0 19387.0 17675.0 16422.0 17476.0 18728.0 19318.0 18305.0 23893.0 16068.0 16989.0 15476.0 15263.0 17704.0
306 16275.0 16953.0 18289.0 18358.0 15344.0 24055.0 17904.0 16463.0 20913.0 18018.0 17043.0 16445.0 19133.0 16725.0 18993.0 21660.0 16683.0 16729.0 16260.0 19140.0 17373.0 16457.0 17449.0 18521.0 19041.0 18060.0 23896.0 15958.0 16977.0 15398.0 14912.0 17779.0
309 16314.0 16606.0 17482.0 18450.0 15183.0 24147.0 18008.0 16159.0 20443.0 17724.0 16753.0 15996.0 18935.0 16442.0 18646.0 21152.0 16445.0 16470.0 15808.0 18501.0 17449.0 15855.0 17191.0 18621.0 18757.0 17649.0 23595.0 15714.0 16688.0 14989.0 14728.0 17518.0
312 16081.0 16511.0 17438.0 17898.0 14633.0 23155.0 17575.0 15831.0 20302.0 17391.0 16663.0 15604.0 18754.0 16263.0 18208.0 20770.0 16255.0 16224.0 15690.0 18237.0 17210.0 15611.0 17108.0 17989.0 18259.0 17536.0 23119.0 15625.0 16442.0 14888.0 14829.0 17089.0
315 15825.0 16479.0 17472.0 17870.0 14440.0 22657.0 16974.0 15457.0 19845.0 16981.0 16365.0 15622.0 18554.0 15838.0 17906.0 20198.0 16128.0 16029.0 15262.0 18126.0 16809.0 15630.0 16811.0 17895.0 18061.0 17068.0 23384.0 15052.0 16114.0 14455.0 14258.0 17080.0
318 15484.0 16017.0 16849.0 17374.0 13874.0 22535.0 16526.0 15428.0 19597.0 16892.0 16061.0 15232.0 17989.0 15609.0 17961.0 19913.0 15871.0 15390.0 15037.0 17778.0 16652.0 15499.0 16473.0 17380.0 17635.0 16594.0 22568.0 14857.0 16040.0 14242.0 14104.0 16449.0
321 15191.0 15780.0 16596.0 17218.0 13392.0 21615.0 16470.0 14853.0 19249.0 16721.0 15603.0 14942.0 17720.0 15398.0 17340.0 19202.0 15337.0 15133.0 14651.0 17237.0 16111.0 15207.0 15967.0 17089.0 17461.0 16221.0 22148.0 14424.0 15428.0 13859.0 13610.0 15847.0
324 14816.0 15284.0 16311.0 16700.0 12315.0 21341.0 15927.0 14547.0 18688.0 16400.0 15211.0 14446.0 17167.0 14923.0 17172.0 18837.0 15025.0 14373.0 13911.0 16952.0 16189.0 14826.0 15519.0 17041.0 16887.0 15504.0 21620.0 13721.0 15116.0 13440.0 13205.0 15313.0
327 14592.0 14762.0 15709.0 16384.0 10723.0 20927.0 15021.0 13931.0 18425.0 16191.0 14574.0 13896.0 16986.0 14885.0 16516.0 18139.0 14888.0 13375.0 13107.0 15980.0 15763.0 14493.0 14941.0 16374.0 16333.0 14546.0 21362.0 13241.0 14646.0 13060.0 12844.0 14692.0
330 14039.0 14648.0 15419.0 16044.0 8400.0 20092.0 13858.0 12821.0 17880.0 15564.0 13562.0 13227.0 16166.0 14554.0 15706.0 16866.0 14559.0 12060.0 11332.0 15240.0 15619.0 14289.0 14105.0 15464.0 15722.0 12672.0 20875.0 12370.0 14325.0 12339.0 11893.0 13962.0
333 13454.0 13798.0 14940.0 15499.0 5707.0 19606.0 12378.0 11201.0 17261.0 15110.0 11616.0 12039.0 16328.0 13961.0 14133.0 14795.0 13880.0 9525.0 9089.0 13634.0 15146.0 13729.0 12996.0 14447.0 14335.0 10115.0 20483.0 10420.0 13541.0 10795.0 10209.0 12258.0
336 12702.0 12801.0 13796.0 14997.0 3520.0 18326.0 10364.0 9259.0 16551.0 14259.0 9402.0 10196.0 15318.0 13486.0 12300.0 12461.0 12465.0 7172.0 6187.0 11200.0 13852.0 13021.0 11028.0 12332.0 12029.0 7141.0 19940.0 8617.0 12439.0 8930.0 8261.0 10010.0
339 11283.0 10941.0 12205.0 13440.0 2147.0 15818.0 7541.0 6613.0 15123.0 12980.0 6968.0 8017.0 14034.0 12440.0 9429.0 9287.0 10626.0 4608.0 3677.0 8584.0 12817.0 11931.0 8694.0 9649.0 9222.0 4447.0 18679.0 6154.0 10417.0 6630.0 5763.0 7378.0
342 9278.0 8711.0 9726.0 11430.0 1642.0 12414.0 4709.0 4182.0 12847.0 10813.0 4193.0 5344.0 11997.0 10512.0 6278.0 6019.0 8102.0 2568.0 2261.0 5291.0 10269.0 9841.0 5623.0 6355.0 5858.0 2670.0 18027.0 3939.0 8025.0 4229.0 3506.0 4373.0
345 6993.0 6287.0 7388.0 9042.0 1466.0 9175.0 2814.0 2574.0 10235.0 8734.0 2738.0 3264.0 9565.0 8069.0 3979.0 3887.0 5589.0 1950.0 1748.0 3394.0 7774.0 7534.0 3745.0 3963.0 3596.0 2014.0 14501.0 2445.0 5468.0 2564.0 2189.0 2845.0
348 4211.0 3869.0 4538.0 6116.0 1314.0 5797.0 2056.0 1844.0 6962.0 5932.0 1922.0 2072.0 6609.0 5307.0 2413.0 2514.0 3097.0 1615.0 1426.0 2229.0 4872.0 4759.0 2347.0 2491.0 2297.0 1696.0 10658.0 1694.0 3054.0 1674.0 1531.0 1950.0
351 2669.0 2559.0 2871.0 3945.0 1282.0 3583.0 1748.0 1592.0 4460.0 3879.0 1674.0 1697.0 4209.0 3321.0 1901.0 2094.0 2166.0 1456.0 1395.0 1916.0 3171.0 2908.0 1826.0 2003.0 1911.0 1596.0 7289.0 1509.0 2095.0 1505.0 1398.0 1710.0
354 2071.0 2025.0 2210.0 2829.0 1249.0 2890.0 1644.0 1463.0 3086.0 2691.0 1546.0 1468.0 2969.0 2374.0 1702.0 1962.0 1762.0 1469.0 1331.0 1684.0 2297.0 2113.0 1685.0 1830.0 1783.0 1535.0 5126.0 1433.0 1742.0 1386.0 1245.0 1510.0
357 1731.0 1655.0 1775.0 2133.0 1257.0 2459.0 1626.0 1399.0 2370.0 2094.0 1482.0 1415.0 2277.0 1881.0 1612.0 1861.0 1687.0 1364.0 1276.0 1692.0 1892.0 1673.0 1493.0 1681.0 1668.0 1520.0 3470.0 1360.0 1596.0 1259.0 1257.0 1492.0
