150 17816202.0 17793023.0 17782432.0 17715616.0 17695754.0 17706738.0 17752143.0 17714116.0 17729713.0 17711039.0 17752808.0 17719523.0 17705457.0 17777885.0 17766423.0 17718330.0 17764612.0 17753061.0 17768150.0 17758573.0 17696904.0 17735788.0 17694074.0 17739436.0 17697959.0 17745522.0 17677506.0 17702065.0 17698382.0 17758848.0 17762344.0 17785776.0
153 18574787.0 18563780.0 18552177.0 18507773.0 18448773.0 18501793.0 18532195.0 18503821.0 18501652.0 18501151.0 18522857.0 18509318.0 18478419.0 18538331.0 18530015.0 18506576.0 18529457.0 18523764.0 18525871.0 18522417.0 18482717.0 18499887.0 18488779.0 18516901.0 18487299.0 18511178.0 18468000.0 18469370.0 18490510.0 18528927.0 18527730.0 18537092.0
156 18981634.0 18972453.0 18961292.0 18913610.0 18859524.0 18907896.0 18946491.0 18910992.0 18917205.0 18909599.0 18940943.0 18919853.0 18900398.0 18956964.0 18947269.0 18918543.0 18946281.0 18940675.0 18947311.0 18939029.0 18890809.0 18916627.0 18899150.0 18935340.0 18896469.0 18927002.0 18876958.0 18887758.0 18899114.0 18946033.0 18944221.0 18954512.0
159 19591176.0 19586624.0 19577330.0 19549410.0 19469211.0 19543698.0 19572028.0 19548336.0 19545045.0 19539721.0 19563193.0 19548930.0 19527360.0 19578589.0 19572903.0 19547989.0 19571713.0 19571032.0 19574067.0 19570593.0 19524170.0 19550829.0 19534508.0 19572365.0 19532881.0 19562516.0 19512899.0 19526856.0 19536527.0 19585523.0 19580821.0 19589719.0
162 19865482.0 19865844.0 19858065.0 19831552.0 19754302.0 19826776.0 19854410.0 19827223.0 19827466.0 19822004.0 19842182.0 19830200.0 19811165.0 19859387.0 19851972.0 19829846.0 19852234.0 19850545.0 19853795.0 19850701.0 19807133.0 19831062.0 19816155.0 19852756.0 19815089.0 19845904.0 19795276.0 19811107.0 19820709.0 19867406.0 19863154.0 19872622.0
165 19953527.0 19953852.0 19947048.0 19915722.0 19831813.0 19910626.0 19945625.0 19906208.0 19919995.0 19909056.0 19932950.0 19919010.0 19903198.0 19949296.0 19942601.0 19918639.0 19942404.0 19940931.0 19945372.0 19940923.0 19894966.0 19922702.0 19903735.0 19943359.0 19902040.0 19937210.0 19882381.0 19902739.0 19910782.0 19956716.0 19951581.0 19962764.0
168 19902518.0 19899314.0 19888918.0 19774351.0 19692090.0 19759530.0 19881574.0 19743318.0 19844933.0 19770634.0 19860971.0 19794835.0 19800764.0 19880576.0 19872625.0 19811488.0 19872222.0 19864088.0 19883395.0 19867556.0 19762070.0 19841426.0 19783116.0 19866586.0 19773784.0 19861722.0 19743839.0 19813894.0 19808209.0 19881478.0 19876446.0 19892331.0
171 19236827.0 19205797.0 19101781.0 18414693.0 18598025.0 18320862.0 19074213.0 18312626.0 18872907.0 18430542.0 18970604.0 18510731.0 18822430.0 18885713.0 18937331.0 18635001.0 18927968.0 18860396.0 19104558.0 18894531.0 18354906.0 18789921.0 18451776.0 18846583.0 18447622.0 18825519.0 18374289.0 18676129.0 18487450.0 18850443.0 18812567.0 19031334.0
174 9926309.0 9890389.0 9722560.0 9311388.0 9551494.0 9338792.0 9845578.0 9320925.0 9675962.0 9625818.0 9820198.0 9648144.0 9694028.0 9594609.0 9780319.0 9881645.0 9715496.0 9653477.0 10075462.0 9738755.0 9393531.0 9589794.0 9608446.0 9629115.0 9525331.0 9544888.0 9445331.0 9372241.0 9522900.0 9470766.0 9344542.0 9813719.0
177 8281648.0 8283368.0 8296794.0 8182740.0 8264921.0 8289567.0 8537286.0 8280107.0 8401168.0 8596554.0 8556532.0 8578497.0 8444010.0 8309153.0 8522325.0 8838254.0 8446567.0 8402551.0 8832936.0 8495449.0 8346126.0 8344382.0 8591450.0 8389178.0 8474162.0 8299365.0 8390759.0 8132911.0 8480474.0 8218045.0 8076362.0 8543616.0
180 764703.0 786839.0 797674.0 737399.0 1183243.0 763816.0 835063.0 776045.0 886223.0 826943.0 886909.0 800519.0 981001.0 756005.0 825498.0 895868.0 811317.0 842602.0 956818.0 886207.0 831196.0 900195.0 863335.0 830249.0 836479.0 875617.0 869809.0 1011973.0 843958.0 782176.0 793320.0 846888.0
183 305191.0 318737.0 330825.0 296776.0 703319.0 295842.0 295773.0 294180.0 397907.0 302869.0 336478.0 285647.0 529526.0 287181.0 303023.0 297130.0 301801.0 306547.0 341534.0 326657.0 347395.0 391567.0 314950.0 299849.0 315267.0 368762.0 370670.0 557905.0 316012.0 290334.0 334663.0 293449.0
186 303846.0 318356.0 329494.0 296611.0 711387.0 293579.0 289377.0 290805.0 400056.0 296961.0 329641.0 280651.0 495903.0 286063.0 300043.0 285982.0 298439.0 300177.0 327409.0 315549.0 344417.0 388833.0 306940.0 293492.0 308810.0 360479.0 366656.0 548262.0 308697.0 284675.0 332006.0 283480.0
189 305890.0 317832.0 329677.0 296155.0 716023.0 294530.0 290515.0 291249.0 400615.0 297830.0 331123.0 282630.0 478231.0 287134.0 299513.0 285904.0 299884.0 302086.0 327702.0 315599.0 343439.0 390058.0 306329.0 293950.0 310225.0 360143.0 366627.0 545058.0 308428.0 286502.0 334230.0 284027.0
192 305692.0 318632.0 330060.0 296164.0 709089.0 296099.0 290730.0 291686.0 403184.0 297403.0 330919.0 281731.0 470354.0 287006.0 300825.0 286441.0 298764.0 300272.0 328571.0 316028.0 344504.0 392754.0 307914.0 293359.0 309194.0 360461.0 366570.0 547369.0 308826.0 286127.0 332425.0 284015.0
195 306507.0 319222.0 331933.0 296608.0 749121.0 295549.0 291539.0 290836.0 401898.0 297856.0 330544.0 285569.0 468752.0 287332.0 301474.0 286251.0 299214.0 300814.0 327512.0 315735.0 345015.0 393695.0 308537.0 294135.0 311447.0 361067.0 366952.0 547825.0 309250.0 285823.0 333157.0 283964.0
198 306931.0 317562.0 329677.0 296951.0 748728.0 294740.0 289768.0 291291.0 399086.0 298464.0 331085.0 284667.0 501582.0 287238.0 301884.0 287571.0 300511.0 301050.0 328292.0 316343.0 345494.0 390276.0 307757.0 294718.0 310810.0 363149.0 368026.0 538405.0 309248.0 286132.0 334730.0 285146.0
201 305151.0 318806.0 329746.0 297038.0 699543.0 294465.0 290483.0 291936.0 401569.0 298786.0 331487.0 282517.0 487499.0 287250.0 302398.0 288382.0 299530.0 301540.0 329022.0 316870.0 346179.0 389182.0 307846.0 294722.0 310644.0 363498.0 367061.0 507970.0 310369.0 285773.0 333815.0 284050.0
204 306662.0 318053.0 329812.0 295197.0 709692.0 293467.0 289603.0 292256.0 401181.0 298013.0 332616.0 281856.0 467245.0 286109.0 300620.0 285494.0 301543.0 301729.0 327982.0 315415.0 344878.0 393446.0 307818.0 294117.0 310909.0 367434.0 367144.0 514173.0 309796.0 285600.0 331775.0 283376.0
207 304641.0 316315.0 328954.0 295054.0 708507.0 293401.0 289567.0 289976.0 399090.0 297427.0 331346.0 281405.0 507382.0 285637.0 299507.0 285459.0 298434.0 300676.0 326882.0 314540.0 344089.0 388686.0 305831.0 293736.0 310089.0 361365.0 365374.0 535823.0 308156.0 284912.0 331497.0 282434.0
210 304500.0 316553.0 326644.0 294481.0 752801.0 291458.0 288340.0 289859.0 398739.0 297175.0 329275.0 280809.0 499646.0 286496.0 298280.0 285133.0 298384.0 300914.0 325690.0 315399.0 343504.0 387960.0 304266.0 292906.0 309102.0 359579.0 363772.0 527495.0 307268.0 284032.0 330948.0 282581.0
213 303246.0 314831.0 327634.0 293795.0 746150.0 291911.0 288239.0 288436.0 396626.0 295672.0 330629.0 278613.0 507761.0 285045.0 299123.0 284800.0 298371.0 299607.0 325844.0 313386.0 342798.0 387169.0 306016.0 292098.0 308086.0 358977.0 364444.0 494273.0 306699.0 284757.0 330005.0 282343.0
216 302283.0 315273.0 327073.0 293066.0 744125.0 292123.0 287978.0 289370.0 398874.0 296013.0 328629.0 279487.0 512875.0 284645.0 298669.0 284164.0 297674.0 300295.0 325003.0 314603.0 341443.0 386564.0 304856.0 291471.0 308212.0 360878.0 362943.0 511490.0 306627.0 283579.0 329135.0 281577.0
219 301853.0 315526.0 326328.0 291605.0 745247.0 290666.0 287549.0 288726.0 396818.0 295119.0 327235.0 279053.0 501786.0 284970.0 296535.0 284076.0 297598.0 299968.0 325457.0 312236.0 340192.0 386477.0 304995.0 291501.0 306835.0 356828.0 363113.0 509173.0 306384.0 283745.0 329238.0 280826.0
222 301116.0 313891.0 323670.0 291343.0 736920.0 289994.0 286133.0 287147.0 394016.0 294530.0 326753.0 278129.0 499657.0 283686.0 296161.0 282875.0 296204.0 296905.0 322388.0 312907.0 340551.0 381328.0 304573.0 290352.0 306037.0 355377.0 361916.0 496940.0 304215.0 280846.0 326908.0 280191.0
225 298813.0 312030.0 321213.0 288732.0 732029.0 287780.0 284642.0 285460.0 390699.0 290851.0 324005.0 276746.0 519149.0 281226.0 294397.0 281604.0 293150.0 296799.0 321533.0 310004.0 336805.0 372508.0 302120.0 288644.0 303492.0 357291.0 359429.0 484794.0 302450.0 279683.0 324732.0 278393.0
228 298785.0 310361.0 320208.0 289122.0 730073.0 286454.0 284194.0 285322.0 388640.0 292564.0 323690.0 277973.0 513282.0 280838.0 293723.0 280812.0 292958.0 295003.0 318738.0 309534.0 336115.0 371750.0 300481.0 288018.0 304556.0 352202.0 357921.0 483471.0 301829.0 278551.0 323541.0 276696.0
231 296377.0 309261.0 317683.0 285754.0 716549.0 285973.0 282329.0 283365.0 381986.0 289201.0 322658.0 273799.0 514211.0 278421.0 292525.0 279061.0 292190.0 293362.0 317048.0 308463.0 332536.0 367354.0 298542.0 286214.0 302474.0 353294.0 355910.0 514233.0 301117.0 275829.0 320078.0 274155.0
234 295696.0 303987.0 315707.0 282117.0 710642.0 281678.0 279266.0 282236.0 376179.0 286396.0 320051.0 271100.0 524656.0 272508.0 290101.0 276077.0 289319.0 292495.0 314595.0 306527.0 328603.0 362398.0 296412.0 285355.0 301746.0 353867.0 351475.0 499973.0 297870.0 271310.0 311304.0 266294.0
237 287877.0 286789.0 292638.0 253910.0 697039.0 260434.0 269727.0 274745.0 325028.0 274640.0 312705.0 257455.0 497679.0 249737.0 284171.0 267074.0 281505.0 286204.0 298019.0 303992.0 308237.0 350540.0 289488.0 278649.0 296637.0 342898.0 336539.0 483333.0 288387.0 242915.0 272741.0 235811.0
240 260420.0 234065.0 234196.0 188365.0 681167.0 207369.0 231781.0 251897.0 207926.0 233178.0 285170.0 209561.0 503338.0 191601.0 262556.0 233659.0 255240.0 268890.0 248231.0 291181.0 252211.0 318528.0 261638.0 258731.0 284429.0 309426.0 290450.0 383161.0 256609.0 184977.0 194267.0 170862.0
243 190098.0 143886.0 136088.0 99209.0 652672.0 120543.0 152129.0 191945.0 91754.0 151389.0 215178.0 127987.0 378322.0 104423.0 201528.0 161737.0 187824.0 216068.0 151118.0 254255.0 156242.0 244378.0 192943.0 200300.0 240562.0 228743.0 191868.0 234636.0 180672.0 99420.0 98939.0 85587.0
246 99148.0 63167.0 57317.0 40570.0 502949.0 52246.0 67407.0 108574.0 39793.0 67778.0 115206.0 55198.0 219053.0 42560.0 110550.0 78004.0 95645.0 129439.0 62084.0 178263.0 69750.0 138835.0 98314.0 109020.0 153917.0 120598.0 85521.0 95274.0 86208.0 40657.0 41463.0 34105.0
249 43438.0 31148.0 30000.0 24838.0 291732.0 26540.0 29778.0 48248.0 29012.0 30352.0 49267.0 26646.0 90456.0 24078.0 46994.0 33221.0 40101.0 57681.0 30075.0 92648.0 33840.0 61704.0 40488.0 45434.0 70637.0 50990.0 38617.0 47835.0 36357.0 22880.0 26028.0 21293.0
252 27061.0 23529.0 24548.0 20482.0 112417.0 21081.0 21891.0 26265.0 24467.0 22388.0 29204.0 20253.0 45895.0 19551.0 26512.0 21955.0 25193.0 28392.0 23338.0 39540.0 25594.0 34496.0 24707.0 25698.0 32779.0 30178.0 28659.0 39013.0 24341.0 18403.0 21553.0 17515.0
255 22890.0 20561.0 20923.0 18001.0 61785.0 18214.0 18761.0 21677.0 22316.0 19301.0 24407.0 17457.0 38430.0 17567.0 22008.0 18619.0 21559.0 22755.0 20437.0 26506.0 22107.0 28590.0 20956.0 21471.0 25129.0 25316.0 24259.0 33958.0 20633.0 16468.0 19476.0 15493.0
258 20528.0 18861.0 19689.0 17015.0 56917.0 17099.0 17176.0 19435.0 21581.0 18035.0 21956.0 16176.0 34551.0 16388.0 19744.0 16995.0 19398.0 20187.0 18915.0 22975.0 20359.0 25909.0 19019.0 19157.0 22377.0 22623.0 22203.0 32781.0 18783.0 15247.0 18559.0 14807.0
261 18285.0 17881.0 18869.0 16637.0 45251.0 16302.0 16156.0 17024.0 21323.0 16882.0 19390.0 15556.0 28986.0 15709.0 17907.0 16040.0 17802.0 17677.0 18467.0 19886.0 19101.0 22917.0 17633.0 16604.0 19365.0 20054.0 20404.0 30492.0 17288.0 15011.0 18142.0 14667.0
264 17563.0 17698.0 18195.0 16515.0 40246.0 16098.0 15687.0 15929.0 21115.0 16707.0 18277.0 15316.0 29060.0 15218.0 17262.0 15304.0 17301.0 16238.0 18288.0 18155.0 19040.0 21625.0 16674.0 15988.0 18050.0 18951.0 20180.0 30667.0 17088.0 14795.0 17839.0 14383.0
267 17141.0 17460.0 18159.0 16552.0 37386.0 15704.0 15359.0 15695.0 20570.0 16365.0 18100.0 15060.0 28685.0 15265.0 17171.0 15261.0 17069.0 16226.0 17623.0 16968.0 18798.0 21029.0 16820.0 15441.0 17177.0 18568.0 19785.0 29826.0 16890.0 14582.0 17682.0 14226.0
270 17018.0 17224.0 18013.0 16166.0 36362.0 15686.0 15067.0 15154.0 20641.0 16249.0 18089.0 14897.0 28586.0 15415.0 17100.0 15177.0 16826.0 15933.0 17638.0 16978.0 18518.0 20739.0 16429.0 15348.0 16902.0 18221.0 19473.0 29801.0 16485.0 14310.0 17285.0 13792.0
273 16651.0 17050.0 17753.0 15810.0 35702.0 15606.0 15088.0 15092.0 20104.0 15905.0 17445.0 14930.0 27168.0 15085.0 16738.0 14587.0 16602.0 15668.0 17443.0 16964.0 18241.0 21008.0 16176.0 15415.0 16582.0 18437.0 19286.0 30615.0 16314.0 14251.0 17391.0 13753.0
276 16696.0 16611.0 17712.0 15821.0 33588.0 15271.0 15063.0 14897.0 20132.0 15607.0 17411.0 15070.0 28109.0 14870.0 16604.0 15006.0 16686.0 15585.0 17133.0 16728.0 18121.0 20434.0 16150.0 15327.0 16546.0 18294.0 19382.0 30172.0 16442.0 14350.0 16976.0 13605.0
279 16637.0 16600.0 17799.0 15326.0 35302.0 15429.0 14912.0 15086.0 19582.0 15770.0 17364.0 14445.0 27105.0 14940.0 16393.0 14514.0 16372.0 15594.0 17027.0 16471.0 17697.0 20397.0 15862.0 15022.0 16845.0 18047.0 18814.0 29475.0 16123.0 13881.0 17026.0 13514.0
282 16218.0 16355.0 17191.0 15182.0 34067.0 14938.0 14798.0 14844.0 19480.0 15549.0 16930.0 14474.0 27433.0 14478.0 16163.0 14407.0 16324.0 15253.0 16728.0 16401.0 17635.0 19718.0 15863.0 14859.0 16492.0 17834.0 18559.0 28384.0 15799.0 13795.0 16521.0 13187.0
285 16044.0 16346.0 16849.0 15157.0 33648.0 14748.0 14486.0 14693.0 19108.0 15258.0 16802.0 13907.0 28188.0 14068.0 15827.0 14249.0 16048.0 14894.0 16647.0 16260.0 17308.0 19558.0 15458.0 14412.0 16198.0 17658.0 18182.0 27822.0 15758.0 13497.0 16362.0 13100.0
288 15722.0 15713.0 16591.0 14699.0 33922.0 14554.0 14221.0 14235.0 18522.0 14917.0 16217.0 13942.0 26122.0 13999.0 15780.0 13676.0 15828.0 14664.0 16236.0 15764.0 16727.0 19403.0 15430.0 14164.0 15855.0 17316.0 17894.0 26899.0 15548.0 13517.0 15884.0 12889.0
291 15747.0 15498.0 16363.0 14469.0 32875.0 14290.0 14147.0 14151.0 18337.0 14798.0 16278.0 13639.0 26028.0 13940.0 15463.0 13607.0 15818.0 14666.0 16099.0 15808.0 16960.0 18793.0 15011.0 14362.0 15896.0 17113.0 17791.0 26480.0 15359.0 12995.0 15609.0 12567.0
294 15392.0 15447.0 16255.0 14359.0 32173.0 14190.0 13691.0 13841.0 18006.0 14770.0 15909.0 13386.0 25466.0 13644.0 15250.0 13644.0 15674.0 14404.0 15799.0 15322.0 16554.0 18588.0 14685.0 13815.0 15501.0 16798.0 17390.0 26806.0 14791.0 12999.0 15567.0 12255.0
297 15127.0 15153.0 15644.0 13897.0 31256.0 13784.0 13577.0 13751.0 17470.0 14159.0 15642.0 13233.0 25704.0 13280.0 15086.0 13376.0 15205.0 14172.0 15576.0 15417.0 16225.0 18007.0 14507.0 14041.0 15384.0 16321.0 17111.0 24517.0 14660.0 12703.0 15367.0 12196.0
300 14972.0 14628.0 15469.0 13769.0 30967.0 13827.0 13250.0 13370.0 17288.0 14157.0 15373.0 12770.0 24593.0 13260.0 14671.0 13160.0 14988.0 14020.0 15195.0 15005.0 16100.0 17867.0 14501.0 13678.0 15371.0 16188.0 16767.0 23844.0 14503.0 12201.0 14779.0 11880.0
303 14543.0 14587.0 15205.0 13313.0 30146.0 13315.0 12878.0 13303.0 16868.0 13805.0 15258.0 12695.0 23588.0 12835.0 14427.0 12771.0 14448.0 13816.0 14926.0 14666.0 15558.0 17612.0 13977.0 13119.0 14849.0 15712.0 16409.0 23536.0 14037.0 12114.0 14425.0 11304.0
306 14604.0 14061.0 14425.0 12704.0 29964.0 12947.0 12715.0 13231.0 15591.0 13597.0 14965.0 12403.0 22569.0 12280.0 14101.0 12449.0 14536.0 13329.0 14365.0 14425.0 15161.0 17027.0 13641.0 13049.0 14497.0 15304.0 16128.0 22679.0 13574.0 11698.0 13813.0 11032.0
309 13919.0 13429.0 13772.0 12181.0 28738.0 12346.0 12303.0 12562.0 14062.0 12529.0 14529.0 11877.0 22593.0 11786.0 13649.0 12153.0 13949.0 13220.0 13665.0 14229.0 14502.0 16715.0 13343.0 12872.0 14026.0 15162.0 15399.0 20625.0 13088.0 10956.0 13028.0 10289.0
312 13426.0 12441.0 13167.0 10788.0 27570.0 11513.0 11227.0 12358.0 11789.0 12348.0 13906.0 11271.0 21344.0 10807.0 13344.0 11545.0 13419.0 12566.0 13129.0 13860.0 13491.0 16171.0 12727.0 12382.0 13948.0 14509.0 14894.0 18905.0 12775.0 9906.0 11243.0 8805.0
315 12766.0 11100.0 11095.0 8848.0 26580.0 10078.0 10352.0 11845.0 8580.0 10911.0 13259.0 9745.0 19517.0 9434.0 12750.0 10781.0 12471.0 12162.0 11419.0 13256.0 12289.0 15331.0 11930.0 11844.0 13226.0 13825.0 13086.0 16774.0 11727.0 8096.0 9001.0 6868.0
318 11192.0 8816.0 8508.0 6209.0 25628.0 7829.0 8283.0 10565.0 5449.0 9019.0 11876.0 7952.0 16727.0 7168.0 11668.0 9011.0 11187.0 11353.0 8827.0 12568.0 10089.0 13776.0 10222.0 10646.0 12723.0 12257.0 10884.0 13017.0 10213.0 5996.0 6170.0 4205.0
321 8909.0 6195.0 5499.0 3787.0 24107.0 5252.0 5832.0 8673.0 3004.0 6403.0 9318.0 5287.0 13554.0 4497.0 9483.0 6718.0 8810.0 9603.0 5440.0 11205.0 7173.0 11492.0 8091.0 9003.0 11105.0 9959.0 7507.0 8294.0 7652.0 3519.0 3579.0 2394.0
324 6040.0 3722.0 3071.0 2120.0 21579.0 3021.0 3433.0 6451.0 1975.0 3655.0 6545.0 3021.0 10320.0 2514.0 6837.0 4347.0 5845.0 7219.0 3032.0 9469.0 4246.0 8438.0 5378.0 6215.0 8845.0 6965.0 4495.0 4533.0 4823.0 1975.0 2070.0 1383.0
327 3822.0 2150.0 1926.0 1576.0 17911.0 1856.0 1943.0 4260.0 1641.0 2178.0 3866.0 1780.0 6980.0 1522.0 4260.0 2460.0 3420.0 4852.0 1851.0 6909.0 2544.0 5359.0 3093.0 3673.0 6178.0 4024.0 2607.0 3046.0 2760.0 1375.0 1602.0 1143.0
330 2386.0 1648.0 1594.0 1360.0 13367.0 1423.0 1449.0 2538.0 1672.0 1562.0 2368.0 1402.0 4399.0 1285.0 2624.0 1562.0 2161.0 3006.0 1446.0 4719.0 1843.0 3198.0 1887.0 2240.0 3791.0 2496.0 1893.0 2447.0 1751.0 1135.0 1318.0 1056.0
333 1752.0 1437.0 1441.0 1248.0 8514.0 1215.0 1281.0 1707.0 1476.0 1431.0 1706.0 1230.0 2717.0 1204.0 1673.0 1273.0 1566.0 1739.0 1417.0 2512.0 1539.0 2180.0 1469.0 1516.0 2223.0 1727.0 1613.0 2222.0 1473.0 1021.0 1270.0 968.0
336 1462.0 1334.0 1393.0 1203.0 5245.0 1207.0 1171.0 1339.0 1482.0 1262.0 1482.0 1075.0 2298.0 1153.0 1458.0 1157.0 1519.0 1467.0 1346.0 1863.0 1519.0 1786.0 1323.0 1288.0 1651.0 1444.0 1453.0 2179.0 1329.0 1001.0 1307.0 1026.0
339 1338.0 1216.0 1386.0 1190.0 3507.0 1192.0 1202.0 1200.0 1527.0 1268.0 1369.0 1091.0 2050.0 1112.0 1311.0 1146.0 1374.0 1257.0 1321.0 1500.0 1386.0 1565.0 1185.0 1193.0 1459.0 1333.0 1463.0 2178.0 1233.0 983.0 1281.0 986.0
342 1322.0 1347.0 1325.0 1162.0 2918.0 1101.0 1144.0 1163.0 1430.0 1254.0 1321.0 1088.0 1952.0 1183.0 1309.0 1113.0 1364.0 1149.0 1264.0 1369.0 1372.0 1547.0 1124.0 1145.0 1355.0 1301.0 1377.0 2075.0 1270.0 931.0 1170.0 927.0
345 1278.0 1283.0 1265.0 1119.0 2580.0 1164.0 1099.0 1086.0 1444.0 1216.0 1289.0 1034.0 1974.0 973.0 1260.0 1092.0 1247.0 1172.0 1239.0 1226.0 1330.0 1508.0 1200.0 1072.0 1279.0 1303.0 1377.0 2030.0 1214.0 989.0 1182.0 930.0
348 1304.0 1231.0 1203.0 1133.0 2422.0 1078.0 1075.0 1092.0 1389.0 1137.0 1241.0 1050.0 1849.0 1059.0 1310.0 1019.0 1295.0 1137.0 1226.0 1217.0 1279.0 1453.0 1166.0 1104.0 1210.0 1252.0 1300.0 2002.0 1182.0 982.0 1193.0 892.0
351 1198.0 1200.0 1213.0 1095.0 2241.0 1021.0 1033.0 1100.0 1357.0 1139.0 1285.0 987.0 1872.0 1003.0 1202.0 1032.0 1256.0 1120.0 1181.0 1200.0 1297.0 1340.0 1187.0 1078.0 1212.0 1224.0 1241.0 1865.0 1204.0 904.0 1190.0 869.0
354 1156.0 1207.0 1172.0 1093.0 2175.0 1096.0 1038.0 1062.0 1300.0 1172.0 1194.0 1004.0 1773.0 978.0 1258.0 1055.0 1191.0 1057.0 1170.0 1196.0 1307.0 1419.0 1168.0 997.0 1155.0 1202.0 1272.0 1817.0 1170.0 875.0 1123.0 879.0
357 1165.0 1081.0 1186.0 1014.0 2142.0 1073.0 1071.0 982.0 1263.0 1141.0 1196.0 935.0 1646.0 981.0 1155.0 992.0 1204.0 1009.0 1120.0 1161.0 1248.0 1382.0 1094.0 1047.0 1160.0 1168.0 1209.0 1820.0 1112.0 857.0 1096.0 814.0
