150 345445.0 356708.0 355390.0 345295.0 447063.0 359993.0 365424.0 359178.0 336285.0 323646.0 383235.0 571963.0 355911.0 331346.0 329551.0 348215.0 382495.0 347905.0 330197.0 355621.0 351040.0 456281.0 314683.0 348109.0 331293.0 358630.0 340860.0 393265.0 314578.0 338847.0 341417.0 356517.0
153 17100034.0 17083172.0 17082275.0 17062492.0 17067759.0 17061478.0 17070228.0 17066700.0 17070097.0 17063416.0 17070263.0 17019168.0 17069788.0 17076806.0 17075183.0 17051123.0 17068528.0 17068986.0 17075084.0 17064978.0 17070755.0 17058123.0 17059654.0 17072668.0 17058430.0 17067646.0 17050403.0 17057437.0 17061691.0 17067493.0 17072958.0 17069428.0
156 18422884.0 18405344.0 18404231.0 18382133.0 18380620.0 18376109.0 18391149.0 18381303.0 18392739.0 18382166.0 18388778.0 18315898.0 18389547.0 18398231.0 18396886.0 18374397.0 18387493.0 18390469.0 18398188.0 18387740.0 18384236.0 18371780.0 18383757.0 18392106.0 18383356.0 18389182.0 18373030.0 18378717.0 18385717.0 18392446.0 18396997.0 18393605.0
159 18739841.0 18725018.0 18723944.0 18702132.0 18700678.0 18695047.0 18712902.0 18701491.0 18714288.0 18701896.0 18710659.0 18634668.0 18709612.0 18718857.0 18717644.0 18695051.0 18708600.0 18712351.0 18719917.0 18709548.0 18705240.0 18695778.0 18704636.0 18714739.0 18704984.0 18712274.0 18693710.0 18702041.0 18706875.0 18715694.0 18721750.0 18716281.0
162 19039258.0 19027260.0 19026244.0 19000140.0 19002550.0 18992724.0 19014183.0 18999764.0 19014367.0 19000632.0 19011894.0 18931034.0 19010088.0 19019964.0 19018625.0 18992952.0 19009822.0 19014075.0 19021630.0 19011425.0 19002991.0 18997691.0 19003526.0 19016158.0 19005011.0 19014255.0 18992470.0 19004426.0 19005702.0 19018411.0 19024206.0 19019147.0
165 19290737.0 19281014.0 19280291.0 19252657.0 19255775.0 19244085.0 19269240.0 19251651.0 19269612.0 19251707.0 19266786.0 19178400.0 19263947.0 19273804.0 19273056.0 19244864.0 19264808.0 19268647.0 19275928.0 19265426.0 19254111.0 19252790.0 19254783.0 19268228.0 19256729.0 19267580.0 19243473.0 19258152.0 19256855.0 19273051.0 19279229.0 19273620.0
168 19663635.0 19655787.0 19655749.0 19623636.0 19629051.0 19611557.0 19644768.0 19620843.0 19645862.0 19621781.0 19641334.0 19535228.0 19639954.0 19649982.0 19649509.0 19614392.0 19638977.0 19643754.0 19651921.0 19640119.0 19622634.0 19626357.0 19624396.0 19642547.0 19627046.0 19642934.0 19612987.0 19632348.0 19627550.0 19648172.0 19655011.0 19648076.0
171 19775225.0 19767800.0 19768203.0 19733060.0 19739865.0 19719769.0 19757201.0 19728935.0 19758391.0 19730701.0 19754752.0 19637250.0 19752082.0 19762321.0 19762717.0 19724102.0 19751189.0 19756639.0 19764492.0 19752587.0 19731952.0 19738064.0 19734851.0 19755336.0 19738292.0 19754935.0 19723081.0 19744660.0 19738575.0 19760933.0 19768052.0 19759470.0
174 19684075.0 19678232.0 19677457.0 19630209.0 19645716.0 19594326.0 19666382.0 19614846.0 19666674.0 19618834.0 19664047.0 19501004.0 19661613.0 19671985.0 19674019.0 19626971.0 19660744.0 19667844.0 19675571.0 19663818.0 19632216.0 19647656.0 19637666.0 19663446.0 19645367.0 19664089.0 19622755.0 19653248.0 19643935.0 19670465.0 19678062.0 19669731.0
177 19446650.0 19445843.0 19421911.0 19278242.0 19358743.0 19215306.0 19405910.0 19231180.0 19395453.0 19266363.0 19392021.0 19055009.0 19380851.0 19405280.0 19409902.0 19295300.0 19388054.0 19414562.0 19414270.0 19404356.0 19275279.0 19375942.0 19305654.0 19384086.0 19328310.0 19403809.0 19268601.0 19390512.0 19320159.0 19423234.0 19435704.0 19431543.0
180 17177351.0 17167644.0 17037352.0 16572372.0 16865665.0 16306556.0 16957872.0 16234468.0 16902246.0 16426537.0 16858476.0 16229790.0 16840172.0 16857938.0 16864580.0 16657663.0 16789035.0 16887509.0 16788292.0 16843284.0 16341622.0 16699688.0 16527500.0 16664819.0 16547418.0 16768051.0 16433449.0 16736091.0 16533710.0 16806594.0 16842839.0 16958934.0
183 7579993.0 7735987.0 7628331.0 7728274.0 7581916.0 7306093.0 7699059.0 7099881.0 7721202.0 7576067.0 7693813.0 7620267.0 7675538.0 7684787.0 7751245.0 8135682.0 7628680.0 7834842.0 7562697.0 7773147.0 7263835.0 7551535.0 7831163.0 7360977.0 7850542.0 7570592.0 7609171.0 7566943.0 7767283.0 7607901.0 7623108.0 7853342.0
186 4369703.0 4508868.0 4424948.0 4648449.0 4411839.0 4263614.0 4486139.0 4045932.0 4505149.0 4494053.0 4491846.0 4616341.0 4440244.0 4448220.0 4500343.0 5031604.0 4409287.0 4606157.0 4348177.0 4554318.0 4204590.0 4375782.0 4795646.0 4166980.0 4788611.0 4367575.0 4563136.0 4367552.0 4721777.0 4367323.0 4394130.0 4620232.0
189 459582.0 504169.0 491750.0 480276.0 552449.0 413187.0 510392.0 373223.0 486343.0 421759.0 521177.0 665132.0 487141.0 464435.0 473702.0 562560.0 488822.0 516293.0 433247.0 501892.0 392693.0 540205.0 462451.0 410050.0 466665.0 468632.0 423903.0 484991.0 429379.0 442991.0 454415.0 522895.0
192 323685.0 341333.0 334894.0 352380.0 425461.0 347914.0 360867.0 339471.0 336800.0 324328.0 379401.0 565767.0 348467.0 326326.0 324685.0 368668.0 366695.0 349251.0 320529.0 355897.0 336630.0 437871.0 331821.0 331227.0 342314.0 347008.0 336135.0 375363.0 320666.0 325297.0 327717.0 359408.0
195 318996.0 329580.0 327150.0 325640.0 417508.0 340886.0 344579.0 337020.0 320692.0 310099.0 363310.0 543492.0 338703.0 314095.0 312910.0 333330.0 360830.0 329124.0 312973.0 337770.0 326414.0 430180.0 302888.0 326845.0 315543.0 335247.0 323422.0 365878.0 297274.0 315675.0 313053.0 336153.0
198 320028.0 329774.0 326631.0 325007.0 418042.0 340065.0 343041.0 338267.0 319568.0 306247.0 369785.0 549462.0 336956.0 313410.0 311253.0 332752.0 360033.0 329111.0 311740.0 338220.0 326785.0 430785.0 299955.0 325746.0 314413.0 333331.0 322313.0 365511.0 296534.0 315911.0 312658.0 332688.0
201 319254.0 329173.0 327427.0 324710.0 417509.0 340426.0 343605.0 337065.0 320633.0 308863.0 362768.0 548209.0 338124.0 313268.0 312414.0 331747.0 362367.0 328989.0 311815.0 338335.0 327277.0 429962.0 300352.0 327223.0 313803.0 335121.0 322826.0 364860.0 295979.0 315680.0 313592.0 334369.0
204 319638.0 329189.0 327027.0 326902.0 418006.0 341432.0 343782.0 336693.0 319929.0 307585.0 364751.0 551696.0 338021.0 314272.0 311926.0 332641.0 359610.0 329043.0 312585.0 337284.0 327278.0 429083.0 300457.0 328059.0 314091.0 334035.0 323124.0 365811.0 294314.0 317313.0 313225.0 333779.0
207 319089.0 331377.0 328991.0 326231.0 419054.0 341952.0 346195.0 337874.0 321664.0 308468.0 370758.0 548877.0 339872.0 314598.0 312074.0 333227.0 361056.0 331017.0 313161.0 338806.0 328760.0 429737.0 301380.0 329208.0 314675.0 335719.0 324008.0 365347.0 295886.0 317483.0 314067.0 335923.0
210 318420.0 332011.0 326264.0 327743.0 419739.0 340794.0 344501.0 337242.0 321471.0 309391.0 365539.0 553101.0 338938.0 313930.0 311930.0 333115.0 360210.0 329732.0 313097.0 337329.0 330166.0 429923.0 300688.0 326227.0 315045.0 335484.0 324090.0 365104.0 295164.0 316657.0 314258.0 335403.0
213 318086.0 329083.0 328070.0 326283.0 418844.0 340296.0 344360.0 336350.0 320427.0 309496.0 363730.0 548169.0 337681.0 313972.0 311685.0 331042.0 361355.0 329315.0 311933.0 338401.0 329778.0 427687.0 300334.0 327313.0 313768.0 333927.0 322501.0 365309.0 295394.0 315535.0 312734.0 334723.0
216 319080.0 329567.0 326082.0 326076.0 418450.0 341082.0 343992.0 336286.0 319937.0 308533.0 365737.0 551230.0 338907.0 312729.0 312133.0 332159.0 359499.0 329307.0 311540.0 338153.0 330002.0 427864.0 299956.0 327234.0 313702.0 334827.0 322569.0 364565.0 296265.0 315507.0 312620.0 334918.0
219 316398.0 328680.0 325484.0 326306.0 417204.0 339694.0 343213.0 336381.0 319788.0 307515.0 361587.0 548913.0 338294.0 312655.0 311562.0 332182.0 359550.0 328050.0 310916.0 337972.0 329024.0 427557.0 299814.0 326453.0 312904.0 334434.0 322216.0 364810.0 294810.0 315664.0 311434.0 332888.0
222 316213.0 327726.0 324808.0 323600.0 416349.0 339390.0 342095.0 334945.0 318433.0 306284.0 368345.0 543607.0 337807.0 311962.0 311264.0 331192.0 358854.0 327803.0 309738.0 336021.0 325969.0 425251.0 299925.0 326055.0 311533.0 332836.0 320601.0 362597.0 294013.0 313152.0 311771.0 332289.0
225 315091.0 326589.0 324340.0 324721.0 414712.0 336691.0 340793.0 334174.0 316791.0 304203.0 359987.0 541865.0 335655.0 311079.0 308477.0 330371.0 356306.0 326775.0 308985.0 333954.0 326763.0 424754.0 296964.0 325543.0 311021.0 330929.0 320072.0 361102.0 293128.0 312392.0 308652.0 331790.0
228 314811.0 326822.0 324199.0 322859.0 412896.0 336657.0 339317.0 334419.0 315811.0 304837.0 358894.0 543395.0 334263.0 309909.0 307262.0 328430.0 358611.0 325482.0 309638.0 334802.0 325482.0 423752.0 297783.0 323850.0 310906.0 331183.0 320028.0 360879.0 292862.0 311960.0 308996.0 329100.0
231 314280.0 326049.0 322776.0 322389.0 412807.0 336724.0 339166.0 332928.0 315589.0 304525.0 364521.0 543008.0 334856.0 310228.0 308220.0 328547.0 356369.0 325355.0 307776.0 334009.0 327065.0 422947.0 297064.0 323948.0 311081.0 330550.0 318848.0 361292.0 292014.0 313092.0 308734.0 330152.0
234 313650.0 323791.0 322276.0 321674.0 411854.0 335945.0 339373.0 331147.0 314719.0 303653.0 362990.0 538177.0 333691.0 308561.0 306773.0 327629.0 354849.0 324230.0 306426.0 334877.0 324200.0 420671.0 296276.0 322420.0 308106.0 328859.0 317891.0 359335.0 290193.0 310713.0 307552.0 328955.0
237 312540.0 321860.0 320523.0 320617.0 410179.0 333505.0 336647.0 328692.0 313019.0 302719.0 355121.0 535498.0 333115.0 306730.0 304494.0 325685.0 351989.0 322963.0 305155.0 330659.0 321770.0 418698.0 295008.0 320937.0 307937.0 327343.0 315854.0 358285.0 290335.0 309953.0 305727.0 327467.0
240 312511.0 324473.0 321176.0 321486.0 413077.0 335433.0 338028.0 329421.0 314198.0 304529.0 360212.0 530824.0 333852.0 308797.0 306775.0 326683.0 353451.0 323168.0 306242.0 332913.0 323621.0 419648.0 295534.0 322121.0 306830.0 328256.0 316729.0 357720.0 290107.0 309373.0 306155.0 329196.0
243 310247.0 321644.0 319155.0 317825.0 407582.0 332446.0 336388.0 327214.0 311766.0 301878.0 352848.0 530634.0 330564.0 305850.0 304189.0 323937.0 349268.0 321417.0 304053.0 329623.0 320772.0 414860.0 292882.0 321414.0 305161.0 325715.0 315057.0 355139.0 288031.0 307692.0 303104.0 326028.0
246 308402.0 320661.0 316048.0 317291.0 404348.0 330961.0 333479.0 323485.0 310338.0 299944.0 350702.0 531191.0 329292.0 303433.0 300076.0 322382.0 348561.0 319688.0 301435.0 326760.0 319212.0 411714.0 292560.0 319793.0 303740.0 324098.0 313235.0 352271.0 288522.0 305372.0 301172.0 325357.0
249 306848.0 318072.0 313893.0 315954.0 401947.0 327939.0 331401.0 317755.0 307891.0 297970.0 353012.0 528702.0 327243.0 301863.0 299010.0 319913.0 344056.0 316660.0 295400.0 325219.0 315189.0 404160.0 289830.0 316902.0 298410.0 320278.0 310055.0 348607.0 285508.0 300917.0 296136.0 320880.0
252 304525.0 313145.0 307226.0 314686.0 399233.0 326148.0 328438.0 295731.0 306772.0 294810.0 339739.0 514408.0 325174.0 296558.0 291145.0 316843.0 335618.0 312238.0 273128.0 320150.0 302662.0 385215.0 286415.0 308142.0 282244.0 314156.0 305177.0 338550.0 281128.0 288123.0 275181.0 316963.0
255 291539.0 298221.0 281588.0 310956.0 389512.0 319898.0 313220.0 237340.0 298320.0 284444.0 318980.0 511800.0 318136.0 282054.0 262028.0 306974.0 299412.0 295953.0 220101.0 301822.0 263976.0 326439.0 272951.0 278279.0 238790.0 291929.0 282582.0 304967.0 270322.0 248979.0 225713.0 299821.0
258 227745.0 219730.0 186638.0 289861.0 340420.0 274245.0 238033.0 116888.0 253057.0 235838.0 214930.0 487093.0 276296.0 211449.0 168252.0 251516.0 195576.0 220502.0 111489.0 228857.0 158700.0 180985.0 211403.0 188793.0 132842.0 210026.0 203766.0 196551.0 213241.0 145291.0 119849.0 234258.0
261 147638.0 130256.0 100945.0 240521.0 260318.0 202409.0 147446.0 55406.0 182761.0 163267.0 120434.0 423970.0 202142.0 129737.0 89731.0 170165.0 108063.0 133590.0 53796.0 147444.0 84069.0 86759.0 139794.0 106293.0 66251.0 127112.0 122821.0 107196.0 139872.0 73183.0 58818.0 155229.0
264 71341.0 57928.0 46161.0 151319.0 150640.0 109519.0 67842.0 32194.0 95815.0 81385.0 53545.0 287223.0 104936.0 59513.0 40888.0 81649.0 52110.0 59848.0 31278.0 70435.0 40372.0 44360.0 68575.0 48757.0 34405.0 59738.0 57546.0 51025.0 66899.0 36665.0 32444.0 75591.0
267 37850.0 33881.0 30565.0 74169.0 73617.0 54735.0 38127.0 27460.0 46866.0 40716.0 34119.0 153595.0 49836.0 33940.0 29111.0 40613.0 35834.0 34347.0 25794.0 39006.0 29663.0 34665.0 36733.0 33612.0 26736.0 35543.0 35084.0 35979.0 35306.0 28071.0 26093.0 40109.0
270 29417.0 28739.0 25883.0 40438.0 45841.0 36837.0 31028.0 23962.0 31882.0 30124.0 29051.0 80780.0 35040.0 27818.0 25010.0 31455.0 30546.0 28523.0 22464.0 31326.0 25646.0 30714.0 28426.0 28697.0 23632.0 29405.0 29865.0 31552.0 27620.0 24387.0 22568.0 31648.0
273 25646.0 24814.0 23009.0 31357.0 37994.0 31282.0 27292.0 21395.0 27225.0 25964.0 25408.0 60056.0 30016.0 24698.0 21905.0 27344.0 26911.0 24712.0 20454.0 27237.0 22529.0 27084.0 24697.0 24830.0 20752.0 26130.0 25920.0 27735.0 23955.0 21421.0 20112.0 27200.0
276 22655.0 21941.0 20750.0 27411.0 33577.0 27293.0 23891.0 20281.0 23870.0 23183.0 22901.0 53826.0 26502.0 21607.0 19819.0 24136.0 24405.0 21844.0 19105.0 23991.0 20577.0 24926.0 21570.0 22212.0 19344.0 22920.0 22889.0 24996.0 21402.0 19296.0 19246.0 23935.0
279 20518.0 20449.0 19607.0 23768.0 29617.0 23981.0 21981.0 19574.0 21362.0 20397.0 21001.0 47805.0 22786.0 19733.0 18544.0 21485.0 23242.0 20413.0 18370.0 21659.0 19469.0 23975.0 19251.0 21001.0 18260.0 21223.0 21011.0 23595.0 19201.0 18767.0 18237.0 21935.0
282 19487.0 20104.0 19385.0 21258.0 27635.0 22352.0 20902.0 19398.0 20031.0 19402.0 20797.0 43304.0 21494.0 19201.0 18557.0 20669.0 22739.0 19314.0 18154.0 20918.0 19204.0 23506.0 18339.0 20223.0 18202.0 20480.0 20498.0 23521.0 18543.0 18754.0 18055.0 21230.0
285 19169.0 19449.0 18915.0 20374.0 26489.0 21769.0 21029.0 19045.0 19671.0 19115.0 20636.0 41556.0 20965.0 18967.0 18458.0 20393.0 22613.0 19518.0 18322.0 20756.0 18997.0 23409.0 17991.0 20177.0 17896.0 20227.0 20106.0 22966.0 18344.0 18605.0 17655.0 20758.0
288 18875.0 19418.0 18922.0 19788.0 26087.0 21520.0 20518.0 19197.0 19163.0 18573.0 20220.0 39945.0 20703.0 18650.0 18035.0 20082.0 22124.0 19146.0 17911.0 20741.0 18813.0 23300.0 17671.0 20175.0 17818.0 19913.0 19959.0 22970.0 18001.0 18129.0 17654.0 20431.0
291 18647.0 19257.0 18730.0 19619.0 26045.0 21101.0 19999.0 18934.0 19250.0 18603.0 20052.0 40219.0 20496.0 18581.0 17858.0 19843.0 22141.0 19195.0 17739.0 20233.0 18968.0 22643.0 17315.0 19503.0 17686.0 19531.0 19730.0 22932.0 18008.0 17919.0 17384.0 20541.0
294 18745.0 19216.0 18700.0 19601.0 25607.0 20961.0 20068.0 18469.0 19202.0 18409.0 20143.0 39843.0 20365.0 18353.0 17806.0 19711.0 22209.0 18953.0 17634.0 20183.0 18554.0 22840.0 17222.0 19602.0 17646.0 19955.0 19247.0 22484.0 17625.0 17986.0 17482.0 20345.0
297 18365.0 19075.0 18464.0 19400.0 25466.0 20848.0 20073.0 18112.0 18790.0 18368.0 20144.0 39868.0 20166.0 18261.0 17544.0 19651.0 21530.0 18535.0 17408.0 20031.0 18187.0 22390.0 17082.0 19345.0 17375.0 19499.0 19314.0 22175.0 17431.0 17543.0 17115.0 20198.0
300 18160.0 18715.0 18148.0 18944.0 24898.0 20645.0 19783.0 17920.0 18655.0 18215.0 19918.0 39150.0 20133.0 18113.0 17368.0 19340.0 21349.0 18490.0 17180.0 19721.0 18360.0 22102.0 17119.0 18987.0 17221.0 19285.0 19295.0 22005.0 17354.0 17210.0 16729.0 19769.0
303 18010.0 18410.0 18251.0 18937.0 25152.0 20564.0 19727.0 18043.0 18578.0 17788.0 19140.0 39844.0 19523.0 17801.0 17235.0 19140.0 21311.0 18151.0 17219.0 19206.0 17940.0 21891.0 16766.0 18927.0 16858.0 19085.0 18905.0 22116.0 17282.0 17248.0 16547.0 19582.0
306 17888.0 18397.0 17540.0 18796.0 24436.0 20320.0 19386.0 17378.0 18015.0 17919.0 19163.0 38909.0 19408.0 17468.0 16769.0 18855.0 21024.0 17956.0 16793.0 19283.0 17605.0 21671.0 16782.0 18573.0 16923.0 18894.0 18738.0 21376.0 16958.0 16704.0 16274.0 19426.0
309 17912.0 18191.0 17448.0 18693.0 24285.0 20083.0 19067.0 17300.0 17850.0 17419.0 18881.0 38325.0 19196.0 17707.0 16558.0 18531.0 20761.0 17764.0 16706.0 19165.0 17285.0 21148.0 16328.0 18170.0 16232.0 18429.0 18666.0 21531.0 16848.0 16785.0 16136.0 18942.0
312 17445.0 17901.0 16929.0 17948.0 24078.0 20128.0 18990.0 17034.0 17628.0 17224.0 18372.0 37792.0 19266.0 17333.0 16349.0 18261.0 20527.0 17399.0 16110.0 18897.0 17149.0 20851.0 16218.0 18076.0 16068.0 18203.0 18452.0 20552.0 16489.0 16625.0 15883.0 18574.0
315 17214.0 17467.0 16804.0 17775.0 23708.0 19450.0 18509.0 16847.0 17375.0 16886.0 18270.0 36726.0 18733.0 17028.0 16199.0 18410.0 20108.0 17284.0 15918.0 18511.0 17077.0 20550.0 15954.0 17861.0 16078.0 18217.0 17869.0 20459.0 16603.0 16295.0 15682.0 18536.0
318 16984.0 17220.0 16508.0 17634.0 23438.0 19403.0 18692.0 16726.0 17251.0 16791.0 17904.0 36743.0 18652.0 16625.0 15735.0 17998.0 19925.0 16921.0 15760.0 18286.0 16615.0 19924.0 15945.0 17812.0 15595.0 18008.0 17909.0 20228.0 16240.0 15946.0 15627.0 18363.0
321 16736.0 16879.0 16324.0 17797.0 22789.0 19125.0 17856.0 16085.0 16923.0 16323.0 17596.0 35962.0 18090.0 16577.0 15623.0 17534.0 19557.0 16565.0 15602.0 18271.0 16313.0 19881.0 15668.0 17244.0 15681.0 17376.0 17305.0 19883.0 15911.0 15693.0 14834.0 17866.0
324 16221.0 16714.0 15958.0 17430.0 22808.0 18860.0 17559.0 15786.0 16805.0 16264.0 17381.0 35974.0 18024.0 15967.0 15224.0 17219.0 19088.0 16336.0 15278.0 17958.0 16352.0 19234.0 15281.0 17103.0 15168.0 17008.0 17399.0 19317.0 15463.0 15426.0 14524.0 17532.0
327 16328.0 16356.0 15675.0 17028.0 22441.0 18406.0 17210.0 15605.0 16351.0 16128.0 16915.0 35462.0 17729.0 15993.0 14721.0 16805.0 18410.0 15671.0 14486.0 17451.0 15883.0 18472.0 15057.0 16568.0 14769.0 16861.0 16823.0 19015.0 15476.0 14881.0 14400.0 17333.0
330 15928.0 15852.0 15281.0 16644.0 21549.0 18200.0 17106.0 14750.0 15934.0 15736.0 16506.0 35007.0 17449.0 15431.0 14415.0 16501.0 18195.0 15593.0 13924.0 16859.0 15065.0 18086.0 14515.0 16411.0 14074.0 16348.0 16273.0 18452.0 15042.0 14372.0 13630.0 17046.0
333 15642.0 15541.0 14504.0 16480.0 21355.0 17724.0 16590.0 13845.0 15830.0 15327.0 15478.0 33875.0 17215.0 15093.0 14123.0 16051.0 17381.0 15310.0 12752.0 16423.0 14496.0 16957.0 14411.0 15627.0 13387.0 15923.0 16091.0 17906.0 14534.0 13593.0 12501.0 16343.0
336 15080.0 15017.0 13781.0 16017.0 20560.0 16960.0 15878.0 12076.0 15086.0 14901.0 14805.0 32749.0 16595.0 14259.0 12772.0 15399.0 16283.0 14400.0 10661.0 15995.0 13286.0 14841.0 13667.0 14733.0 11500.0 15224.0 15356.0 16523.0 14232.0 12287.0 10798.0 15996.0
339 14310.0 13656.0 12260.0 15630.0 19855.0 16673.0 14679.0 9520.0 14206.0 14072.0 13129.0 32617.0 15923.0 13202.0 11218.0 14739.0 14361.0 13208.0 8583.0 14483.0 11183.0 12133.0 12673.0 13622.0 9077.0 13991.0 13834.0 14134.0 13184.0 10409.0 8562.0 14523.0
342 12947.0 12017.0 10193.0 15122.0 19210.0 15868.0 12998.0 7074.0 13178.0 13110.0 10927.0 30988.0 14984.0 11727.0 9296.0 13359.0 11965.0 11690.0 6194.0 12868.0 9209.0 9260.0 11187.0 11773.0 7003.0 11847.0 11841.0 11590.0 11584.0 7892.0 6132.0 12841.0
345 10931.0 9263.0 7503.0 14379.0 17053.0 14333.0 10437.0 4355.0 10988.0 11346.0 8275.0 30305.0 13512.0 9316.0 6572.0 10819.0 8710.0 9040.0 3828.0 10344.0 6764.0 5866.0 9206.0 9032.0 4338.0 9456.0 9536.0 8315.0 9840.0 5243.0 3988.0 10410.0
348 8558.0 6834.0 4887.0 12941.0 14526.0 12077.0 7587.0 2904.0 8658.0 9013.0 5592.0 27635.0 11304.0 6960.0 4251.0 8469.0 6062.0 6426.0 2468.0 7634.0 4483.0 3633.0 7065.0 6403.0 3002.0 6870.0 6898.0 5600.0 7269.0 3312.0 2646.0 7944.0
351 5931.0 4262.0 3173.0 10999.0 11571.0 9350.0 4967.0 2154.0 6153.0 6436.0 3495.0 23088.0 8244.0 4479.0 2613.0 5594.0 3937.0 3955.0 1923.0 5078.0 2727.0 2505.0 4691.0 4059.0 2088.0 4540.0 4370.0 3485.0 4836.0 2276.0 1899.0 5412.0
354 3538.0 2478.0 2009.0 7678.0 7866.0 6244.0 2989.0 1687.0 3671.0 4023.0 2310.0 17545.0 5377.0 2820.0 1954.0 3475.0 2729.0 2471.0 1680.0 3189.0 1972.0 2128.0 2895.0 2568.0 1719.0 2664.0 2796.0 2653.0 2756.0 1792.0 1627.0 3262.0
357 2533.0 2030.0 1861.0 5273.0 5252.0 4220.0 2241.0 1583.0 2620.0 2616.0 2118.0 12826.0 3454.0 2147.0 1654.0 2442.0 2322.0 1916.0 1571.0 2461.0 1792.0 1969.0 2130.0 2135.0 1542.0 2267.0 2302.0 2329.0 2099.0 1645.0 1481.0 2454.0
