150 250826.0 278996.0 290905.0 251230.0 271899.0 276900.0 252646.0 250277.0 273996.0 262037.0 272746.0 274009.0 249438.0 247267.0 265096.0 251712.0 275247.0 240200.0 261073.0 246954.0 240658.0 245822.0 264420.0 251514.0 246407.0 244854.0 309143.0 287738.0 282287.0 272663.0 284773.0 252443.0
153 17808038.0 17786207.0 17787051.0 17779164.0 17789355.0 17772343.0 17794151.0 17785432.0 17785180.0 17784286.0 17787524.0 17777293.0 17795044.0 17791344.0 17785782.0 17783215.0 17792528.0 17789789.0 17790233.0 17792959.0 17784298.0 17795921.0 17769742.0 17792082.0 17778301.0 17795548.0 17761375.0 17790862.0 17775250.0 17787017.0 17794761.0 17807152.0
156 18740917.0 18724833.0 18723105.0 18717575.0 18726390.0 18709935.0 18732729.0 18721605.0 18722545.0 18718635.0 18724490.0 18712690.0 18732741.0 18730749.0 18724951.0 18721797.0 18727784.0 18731838.0 18729754.0 18732213.0 18724416.0 18735500.0 18709970.0 18731715.0 18718865.0 18736710.0 18698586.0 18727119.0 18712281.0 18728532.0 18733665.0 18744540.0
159 19346383.0 19330891.0 19329099.0 19319811.0 19332294.0 19310884.0 19338858.0 19323219.0 19326084.0 19320463.0 19329621.0 19313497.0 19338757.0 19334862.0 19329910.0 19323736.0 19332841.0 19337263.0 19335032.0 19336595.0 19326768.0 19340166.0 19311785.0 19335258.0 19321572.0 19342375.0 19299700.0 19332485.0 19314423.0 19333334.0 19338377.0 19348157.0
162 19666401.0 19653856.0 19651349.0 19641800.0 19654946.0 19632900.0 19661578.0 19645136.0 19648101.0 19642243.0 19652017.0 19635330.0 19661454.0 19657911.0 19652818.0 19646947.0 19655133.0 19660413.0 19657627.0 19658801.0 19649296.0 19662970.0 19633867.0 19658050.0 19643252.0 19664792.0 19622337.0 19654155.0 19636690.0 19655698.0 19661439.0 19669715.0
165 19854945.0 19842757.0 19839943.0 19829938.0 19843727.0 19820302.0 19851171.0 19833687.0 19838022.0 19830019.0 19840773.0 19823052.0 19851494.0 19846908.0 19842574.0 19835659.0 19844448.0 19849871.0 19846175.0 19847525.0 19838397.0 19852336.0 19821666.0 19847278.0 19831679.0 19854119.0 19808743.0 19841892.0 19824703.0 19844255.0 19849515.0 19858317.0
168 19893553.0 19883904.0 19879703.0 19869427.0 19883651.0 19859206.0 19891753.0 19873305.0 19877918.0 19868086.0 19882266.0 19862493.0 19892444.0 19887901.0 19884004.0 19875842.0 19885635.0 19891775.0 19887264.0 19889020.0 19879379.0 19893257.0 19860817.0 19887789.0 19871814.0 19895083.0 19848271.0 19883102.0 19864439.0 19885639.0 19890120.0 19899121.0
171 19927529.0 19918922.0 19912376.0 19887507.0 19920143.0 19865636.0 19928979.0 19885681.0 19912100.0 19873806.0 19919165.0 19869841.0 19930385.0 19925276.0 19921815.0 19906293.0 19920909.0 19929980.0 19924849.0 19926035.0 19909533.0 19930815.0 19883272.0 19923926.0 19898869.0 19932131.0 19863347.0 19918655.0 19888737.0 19922771.0 19927324.0 19936534.0
174 19772942.0 19776106.0 19743395.0 19683975.0 19766048.0 19652890.0 19783552.0 19680300.0 19742255.0 19667117.0 19760385.0 19661914.0 19780573.0 19772284.0 19770558.0 19716219.0 19761618.0 19791316.0 19781200.0 19776776.0 19725396.0 19790627.0 19680198.0 19770049.0 19703491.0 19791376.0 19637793.0 19774608.0 19678640.0 19783067.0 19791224.0 19800817.0
177 18995914.0 19007234.0 18885530.0 18722333.0 18968419.0 18657223.0 18929381.0 18649991.0 18880306.0 18609892.0 18876100.0 18666508.0 18921492.0 18914636.0 18909468.0 18786338.0 18849308.0 18965587.0 18930090.0 18892542.0 18773244.0 18920117.0 18723117.0 18855242.0 18750517.0 18884014.0 18636684.0 18879008.0 18662608.0 18909204.0 18930067.0 18939126.0
180 9859456.0 10132377.0 9838665.0 9991832.0 10121397.0 9954788.0 9978032.0 9775167.0 10010063.0 9640007.0 9996906.0 9968896.0 10040687.0 10098964.0 10161269.0 10294401.0 9844814.0 10288515.0 10124748.0 9996462.0 10208468.0 10050999.0 10292425.0 9840298.0 10270162.0 9824507.0 10017440.0 9924393.0 9869743.0 10014235.0 9996966.0 9870170.0
183 8212208.0 8492613.0 8200761.0 8522839.0 8481494.0 8522210.0 8335778.0 8348639.0 8374723.0 8199404.0 8361458.0 8532476.0 8369781.0 8466331.0 8518744.0 8842985.0 8193935.0 8635784.0 8466288.0 8358261.0 8784989.0 8416742.0 8909351.0 8185835.0 8868622.0 8157631.0 8626893.0 8265669.0 8455914.0 8357043.0 8321650.0 8182793.0
186 1670920.0 1810893.0 1696007.0 1757509.0 1813030.0 1785767.0 1723492.0 1687284.0 1765124.0 1646698.0 1741347.0 1786362.0 1717456.0 1790929.0 1814424.0 1906341.0 1674437.0 1851947.0 1795355.0 1740622.0 1875296.0 1778643.0 1937238.0 1676858.0 1916565.0 1664033.0 1860211.0 1746670.0 1772240.0 1768150.0 1759503.0 1683105.0
189 208883.0 243555.0 250404.0 216809.0 243435.0 242402.0 216256.0 208426.0 240867.0 217236.0 235319.0 238528.0 212525.0 220911.0 235920.0 229115.0 231497.0 222540.0 233031.0 214365.0 217733.0 221090.0 245620.0 214544.0 232406.0 207762.0 277477.0 250985.0 244824.0 240098.0 246530.0 212565.0
192 207007.0 235968.0 247426.0 211337.0 230203.0 234252.0 211357.0 205993.0 237617.0 214241.0 230546.0 231389.0 207359.0 207975.0 223539.0 210045.0 229198.0 200514.0 219173.0 204353.0 199153.0 203062.0 225233.0 209280.0 206458.0 201657.0 265145.0 238693.0 237445.0 227349.0 233570.0 204712.0
195 207461.0 235150.0 248232.0 210497.0 230251.0 234545.0 210705.0 205297.0 231676.0 214791.0 230629.0 230545.0 207450.0 206827.0 223579.0 209339.0 229737.0 199758.0 218952.0 204312.0 198516.0 202664.0 223590.0 209189.0 205501.0 200643.0 263638.0 237399.0 237138.0 227405.0 232229.0 203978.0
198 209277.0 236454.0 247297.0 211492.0 231457.0 234997.0 211920.0 206403.0 232284.0 215796.0 231006.0 231982.0 207660.0 206813.0 224944.0 210065.0 230331.0 201118.0 219763.0 205762.0 199257.0 203504.0 224402.0 209573.0 207473.0 201959.0 265380.0 238428.0 236869.0 227696.0 233421.0 204570.0
201 209028.0 236553.0 247664.0 211509.0 232114.0 235570.0 211255.0 206031.0 233439.0 215893.0 232387.0 232874.0 208344.0 206917.0 224422.0 209892.0 230869.0 201411.0 220391.0 204699.0 199906.0 203401.0 225677.0 209972.0 206912.0 201455.0 266335.0 238843.0 237375.0 228533.0 232912.0 205637.0
204 209790.0 236833.0 249217.0 211980.0 232220.0 237004.0 213245.0 207767.0 233210.0 216569.0 231983.0 232566.0 209128.0 208424.0 225743.0 210278.0 231499.0 201163.0 219921.0 205772.0 199365.0 203777.0 225061.0 209941.0 207793.0 202271.0 266538.0 239431.0 237545.0 227313.0 233758.0 204894.0
207 208320.0 236796.0 249322.0 212911.0 232252.0 236320.0 211502.0 207414.0 234737.0 216378.0 231503.0 231820.0 210273.0 208371.0 226184.0 210317.0 231441.0 201120.0 219869.0 205510.0 198936.0 204321.0 225546.0 209694.0 206962.0 202558.0 265614.0 239839.0 237828.0 227908.0 232498.0 205533.0
210 208185.0 236531.0 248546.0 211886.0 231604.0 236660.0 212226.0 207187.0 237544.0 216842.0 232066.0 231888.0 208227.0 208240.0 224622.0 209557.0 232007.0 201761.0 220472.0 205851.0 200192.0 203696.0 225068.0 209464.0 206535.0 202557.0 266057.0 241324.0 238093.0 228058.0 234260.0 205604.0
213 209359.0 237112.0 248831.0 212551.0 231922.0 237438.0 211303.0 208039.0 233308.0 216208.0 231528.0 232086.0 208933.0 207965.0 225008.0 211099.0 231939.0 202361.0 219798.0 205692.0 200329.0 203854.0 225186.0 209890.0 207731.0 201446.0 265865.0 242172.0 237811.0 228188.0 232436.0 205495.0
216 209102.0 236198.0 248105.0 211710.0 231131.0 236837.0 210891.0 207622.0 236537.0 215279.0 230422.0 232390.0 208301.0 207395.0 224478.0 209490.0 230358.0 201165.0 219820.0 206849.0 199355.0 203876.0 225462.0 209328.0 206298.0 201525.0 264496.0 241084.0 235485.0 227011.0 232676.0 204473.0
219 208066.0 235227.0 246882.0 211780.0 232570.0 235717.0 209936.0 206133.0 236515.0 213881.0 231194.0 231515.0 208012.0 207203.0 223652.0 208985.0 230231.0 200049.0 218867.0 205051.0 198694.0 203327.0 223804.0 208270.0 205453.0 201308.0 264486.0 240058.0 235486.0 227431.0 232240.0 204402.0
222 206913.0 234804.0 247183.0 210227.0 230783.0 236012.0 209850.0 205662.0 231484.0 214235.0 230092.0 230891.0 207355.0 206779.0 223376.0 208587.0 230012.0 200621.0 219804.0 204318.0 197466.0 202387.0 223491.0 209126.0 205862.0 200695.0 261904.0 240641.0 235821.0 226500.0 231789.0 203669.0
225 206077.0 233761.0 246009.0 210069.0 229788.0 233916.0 209548.0 205875.0 231079.0 214168.0 229504.0 229465.0 206094.0 206592.0 222427.0 208995.0 229410.0 199189.0 218071.0 204025.0 197536.0 201865.0 223016.0 206993.0 205142.0 199731.0 263506.0 238916.0 235096.0 225863.0 231501.0 202856.0
228 206791.0 233580.0 245907.0 210192.0 228852.0 233211.0 209145.0 205035.0 229695.0 213017.0 229347.0 228979.0 205998.0 206028.0 223163.0 207999.0 226737.0 199917.0 217825.0 203761.0 197142.0 201642.0 223421.0 207852.0 204288.0 199734.0 262937.0 236452.0 233613.0 225398.0 231212.0 203353.0
231 205938.0 232857.0 244613.0 210276.0 229300.0 233650.0 209524.0 204801.0 230513.0 213407.0 228830.0 228579.0 206528.0 206137.0 222201.0 207702.0 227373.0 199526.0 218358.0 203359.0 197214.0 201081.0 222971.0 206626.0 205136.0 199859.0 263161.0 236289.0 233690.0 225659.0 230673.0 203405.0
234 205603.0 232625.0 244244.0 208899.0 228422.0 232410.0 208957.0 204286.0 229634.0 212100.0 228580.0 228895.0 206225.0 205047.0 221344.0 207619.0 227246.0 198188.0 217370.0 203063.0 196484.0 201385.0 221867.0 206665.0 203957.0 197709.0 262698.0 236371.0 232147.0 224869.0 229217.0 202703.0
237 206629.0 233344.0 245042.0 209500.0 228680.0 232070.0 208056.0 204333.0 230209.0 212816.0 228482.0 229060.0 206374.0 206503.0 221283.0 208487.0 227546.0 199549.0 218426.0 202373.0 197475.0 201613.0 222813.0 206915.0 204476.0 199431.0 262314.0 236209.0 233639.0 224496.0 229490.0 202627.0
240 204851.0 232596.0 243171.0 207973.0 228462.0 231490.0 207448.0 203187.0 233039.0 211356.0 227890.0 227546.0 204775.0 204511.0 220602.0 206719.0 226078.0 197181.0 216723.0 201929.0 195523.0 200080.0 220940.0 205414.0 203624.0 196434.0 260167.0 234518.0 231992.0 223274.0 228142.0 200425.0
243 203925.0 231285.0 242413.0 207362.0 227046.0 231532.0 206184.0 202814.0 227655.0 211084.0 226588.0 226612.0 204340.0 203928.0 220128.0 206049.0 225751.0 197690.0 214393.0 201836.0 195448.0 199628.0 220560.0 205215.0 202129.0 195984.0 258516.0 234335.0 231521.0 222670.0 226470.0 200927.0
246 203007.0 230129.0 241152.0 206295.0 226968.0 228866.0 205578.0 201645.0 226954.0 210117.0 225483.0 226002.0 203222.0 203550.0 219699.0 204330.0 224263.0 196748.0 213771.0 200910.0 194021.0 199149.0 219792.0 203829.0 201598.0 194160.0 257791.0 233946.0 230274.0 221481.0 225605.0 198659.0
249 204049.0 229290.0 240235.0 205229.0 226582.0 229770.0 202329.0 200394.0 227072.0 209040.0 224084.0 225370.0 202242.0 203327.0 217630.0 203571.0 225017.0 194475.0 213649.0 199956.0 192274.0 197559.0 218910.0 203235.0 200922.0 186829.0 257275.0 233155.0 217403.0 218499.0 222514.0 195729.0
252 201072.0 224197.0 236445.0 203706.0 224106.0 226251.0 194075.0 193485.0 226192.0 199250.0 221057.0 223156.0 197202.0 200404.0 210704.0 194509.0 219138.0 190750.0 210111.0 198494.0 185024.0 191782.0 216801.0 201139.0 198275.0 161543.0 252655.0 228255.0 212375.0 207023.0 208426.0 183292.0
255 196394.0 208670.0 220344.0 196647.0 220893.0 214865.0 163005.0 171440.0 226418.0 165692.0 203662.0 214292.0 176278.0 192664.0 185120.0 165941.0 192668.0 174652.0 198500.0 188043.0 162122.0 172321.0 206787.0 187504.0 188065.0 116740.0 236595.0 221110.0 173058.0 177448.0 170846.0 153183.0
258 171784.0 158219.0 166670.0 161064.0 201007.0 167183.0 94216.0 111033.0 207595.0 97249.0 143155.0 177707.0 115424.0 156776.0 120111.0 99607.0 124551.0 123016.0 155556.0 153026.0 104552.0 118319.0 166865.0 145511.0 148752.0 56546.0 182843.0 173780.0 99930.0 114982.0 102447.0 98818.0
261 123913.0 95217.0 99247.0 101952.0 154439.0 100670.0 43052.0 55338.0 167034.0 45859.0 75894.0 115958.0 56509.0 101814.0 60604.0 46768.0 62551.0 65694.0 96110.0 100422.0 51219.0 64298.0 108147.0 88259.0 94172.0 27321.0 112092.0 108726.0 47440.0 58776.0 49158.0 52110.0
264 70683.0 47286.0 48781.0 50922.0 93721.0 49984.0 23398.0 27426.0 108320.0 24686.0 35727.0 60728.0 27198.0 52402.0 29479.0 24196.0 31421.0 30837.0 49022.0 53274.0 24907.0 30637.0 55976.0 44164.0 48591.0 18385.0 54426.0 52996.0 26229.0 29398.0 26550.0 26579.0
267 34529.0 26043.0 27672.0 26016.0 45658.0 27201.0 18704.0 19658.0 52453.0 19525.0 23657.0 29795.0 19380.0 26100.0 21091.0 18135.0 21489.0 19622.0 26471.0 27182.0 17943.0 19718.0 28494.0 24177.0 25501.0 15753.0 29699.0 27516.0 20626.0 20671.0 20359.0 18541.0
270 22403.0 20826.0 21990.0 20116.0 26787.0 22092.0 16252.0 16693.0 27938.0 16844.0 20435.0 22528.0 16925.0 19604.0 18072.0 15982.0 18640.0 16533.0 20559.0 19572.0 15599.0 16800.0 22060.0 19331.0 19464.0 13742.0 23905.0 22044.0 18100.0 17729.0 17357.0 15845.0
273 19298.0 18235.0 19453.0 17801.0 21899.0 19330.0 14396.0 14649.0 23177.0 14921.0 17650.0 19559.0 14763.0 17473.0 15844.0 13984.0 15957.0 14607.0 18140.0 17171.0 13576.0 14772.0 19103.0 17215.0 16946.0 12635.0 20900.0 19384.0 15944.0 15756.0 15457.0 14118.0
276 16864.0 15858.0 16857.0 15382.0 18912.0 17179.0 13041.0 13105.0 20424.0 13831.0 15822.0 17070.0 13321.0 15130.0 14204.0 12780.0 14725.0 12710.0 15903.0 14954.0 12441.0 13198.0 16948.0 14840.0 14787.0 12090.0 18327.0 16805.0 14835.0 14181.0 14825.0 12859.0
279 14383.0 14937.0 15520.0 14207.0 16446.0 15703.0 12873.0 12442.0 17637.0 13395.0 14965.0 15409.0 12822.0 13626.0 13772.0 12284.0 13889.0 12027.0 14468.0 13443.0 11868.0 12442.0 15205.0 13936.0 13458.0 11944.0 16827.0 15056.0 14513.0 13441.0 14007.0 12257.0
282 13427.0 14368.0 15268.0 13261.0 15067.0 14828.0 12889.0 12261.0 15986.0 13442.0 14933.0 14584.0 12552.0 13453.0 13547.0 12208.0 13685.0 11968.0 13974.0 12857.0 11408.0 12278.0 14720.0 13287.0 12873.0 11728.0 16563.0 14669.0 14171.0 13391.0 13837.0 12052.0
285 13186.0 14085.0 15174.0 13280.0 14359.0 14548.0 12786.0 12156.0 15425.0 13045.0 14617.0 14511.0 12489.0 13082.0 13333.0 12160.0 13808.0 11747.0 13995.0 12734.0 11432.0 11972.0 14197.0 13208.0 12634.0 11675.0 15940.0 14601.0 14124.0 13056.0 13486.0 12111.0
288 12873.0 14056.0 14857.0 13114.0 14163.0 14535.0 12403.0 12282.0 15063.0 13044.0 14436.0 14222.0 12189.0 12920.0 13426.0 11981.0 13436.0 11593.0 14077.0 12413.0 11394.0 12023.0 14340.0 13011.0 12640.0 11549.0 15902.0 14592.0 13991.0 13118.0 13614.0 11738.0
291 12715.0 13590.0 14549.0 12803.0 13936.0 14762.0 12371.0 12209.0 15060.0 12770.0 14613.0 14239.0 12317.0 12906.0 12918.0 11993.0 13348.0 11409.0 13578.0 12290.0 11114.0 11940.0 13923.0 12890.0 12270.0 11491.0 15861.0 14464.0 13799.0 12941.0 13568.0 11734.0
294 12838.0 13742.0 14781.0 13012.0 13891.0 14433.0 12377.0 11844.0 14759.0 12662.0 14145.0 14012.0 12198.0 12329.0 13223.0 11782.0 13387.0 11464.0 13708.0 12432.0 11188.0 11691.0 14194.0 12819.0 12344.0 11348.0 15662.0 14052.0 13608.0 13148.0 13214.0 11662.0
297 12706.0 13579.0 14568.0 12914.0 14016.0 14338.0 11999.0 11792.0 14666.0 12592.0 14224.0 13825.0 11875.0 12540.0 12927.0 11684.0 13316.0 11408.0 13520.0 12100.0 11118.0 11686.0 13835.0 12804.0 12195.0 11301.0 15479.0 14148.0 13686.0 12747.0 13366.0 11722.0
300 12414.0 13266.0 14213.0 12601.0 13624.0 14216.0 11874.0 11799.0 14527.0 12307.0 14099.0 13819.0 11756.0 12438.0 12727.0 11720.0 13044.0 11301.0 13300.0 12058.0 10935.0 11811.0 13786.0 12537.0 11964.0 11133.0 15402.0 13838.0 13227.0 12530.0 13017.0 11503.0
303 12326.0 13188.0 14433.0 12664.0 13695.0 14023.0 11993.0 11612.0 14714.0 12363.0 13902.0 13555.0 11732.0 12076.0 12403.0 11290.0 12878.0 11181.0 12858.0 12085.0 10751.0 11264.0 13477.0 12648.0 11878.0 10973.0 15125.0 13704.0 13354.0 12401.0 12963.0 11495.0
306 12397.0 13267.0 13986.0 12477.0 13567.0 13768.0 11624.0 11466.0 14288.0 12073.0 13661.0 13275.0 11466.0 12307.0 12607.0 11197.0 12710.0 10973.0 13125.0 11814.0 10590.0 11451.0 13404.0 12404.0 11861.0 10915.0 15016.0 13505.0 12855.0 12240.0 12750.0 11155.0
309 12107.0 12695.0 13765.0 12197.0 13368.0 13643.0 11569.0 11375.0 14409.0 11891.0 13676.0 13167.0 11205.0 12086.0 12334.0 11085.0 12540.0 10912.0 12874.0 11718.0 10689.0 11200.0 13244.0 12287.0 11637.0 10584.0 14816.0 13509.0 12987.0 12228.0 12693.0 11150.0
312 12080.0 12547.0 13507.0 12230.0 12862.0 13733.0 11344.0 11180.0 14053.0 11986.0 13527.0 13034.0 11325.0 11959.0 12277.0 11066.0 12355.0 10640.0 12614.0 11488.0 10490.0 11120.0 13396.0 12131.0 11617.0 10503.0 14895.0 13403.0 12813.0 12027.0 12440.0 10895.0
315 11785.0 12422.0 13638.0 11795.0 12751.0 13231.0 11376.0 10936.0 13978.0 11578.0 13163.0 12981.0 11074.0 11789.0 11876.0 10946.0 12165.0 10557.0 12301.0 11443.0 10378.0 10986.0 12759.0 11948.0 11276.0 10396.0 14426.0 13280.0 12498.0 11771.0 12287.0 10793.0
318 11853.0 12579.0 13456.0 11886.0 12700.0 13198.0 11006.0 10997.0 13865.0 11672.0 12934.0 12864.0 10993.0 11830.0 11877.0 10515.0 12129.0 10554.0 12347.0 11272.0 10107.0 10735.0 12815.0 11533.0 11345.0 10204.0 14263.0 12952.0 12354.0 11718.0 12021.0 10632.0
321 11637.0 12256.0 13086.0 11749.0 12715.0 13118.0 11029.0 10672.0 13502.0 11611.0 12850.0 12542.0 10826.0 11612.0 11560.0 10475.0 12004.0 10344.0 12238.0 11164.0 9950.0 10664.0 12622.0 11704.0 11252.0 10047.0 14274.0 12776.0 11667.0 11418.0 11647.0 10458.0
324 11494.0 12137.0 12922.0 11783.0 12532.0 12879.0 10676.0 10509.0 13275.0 11265.0 12976.0 12426.0 10696.0 11490.0 11562.0 10435.0 11652.0 10153.0 12103.0 10911.0 9960.0 10299.0 12521.0 11504.0 10911.0 9864.0 13845.0 12590.0 11381.0 11280.0 11647.0 10108.0
327 11234.0 11700.0 12851.0 11595.0 12283.0 12671.0 10452.0 10366.0 13080.0 10952.0 12689.0 12212.0 10406.0 11200.0 11255.0 10047.0 11530.0 9888.0 11797.0 10861.0 9734.0 10257.0 12185.0 11427.0 10830.0 9403.0 13382.0 12299.0 11253.0 10970.0 11423.0 10049.0
330 11061.0 11501.0 12457.0 11243.0 12150.0 12376.0 10369.0 10080.0 12967.0 10530.0 12320.0 11911.0 10108.0 11045.0 10853.0 9771.0 11073.0 9661.0 11842.0 10577.0 9318.0 10045.0 11990.0 11103.0 10573.0 8633.0 13455.0 12283.0 11505.0 10929.0 10797.0 9786.0
333 10999.0 11186.0 12181.0 10914.0 11848.0 11883.0 9774.0 9877.0 12549.0 10133.0 11667.0 11688.0 9635.0 10594.0 10395.0 9388.0 10916.0 9426.0 11516.0 10401.0 8904.0 9771.0 11491.0 10793.0 10266.0 7803.0 12849.0 11648.0 10148.0 10063.0 10276.0 9244.0
336 10673.0 10910.0 11785.0 10732.0 11654.0 11709.0 9339.0 9599.0 12709.0 9447.0 11302.0 11574.0 9390.0 10775.0 10029.0 8662.0 10482.0 8996.0 10930.0 10135.0 8416.0 9321.0 11583.0 10590.0 10020.0 6569.0 12370.0 11287.0 9501.0 9581.0 9581.0 8579.0
339 10314.0 10301.0 11126.0 10302.0 11366.0 11183.0 7877.0 8694.0 12380.0 8422.0 10902.0 11119.0 8665.0 9957.0 8970.0 7619.0 9369.0 8272.0 10639.0 9710.0 7798.0 8632.0 11157.0 9960.0 9411.0 5031.0 11930.0 10688.0 7992.0 8330.0 8052.0 7556.0
342 9841.0 9000.0 9794.0 9400.0 11053.0 10091.0 6126.0 7417.0 11895.0 6949.0 9561.0 10267.0 7363.0 9567.0 7542.0 6029.0 8046.0 7054.0 9670.0 9191.0 6372.0 7282.0 9948.0 9214.0 8636.0 3605.0 10785.0 10106.0 6204.0 6854.0 6434.0 6380.0
345 9294.0 7537.0 8337.0 8481.0 10280.0 8591.0 4413.0 5799.0 11495.0 5157.0 7963.0 9225.0 5606.0 8312.0 5674.0 4413.0 6198.0 5527.0 8416.0 7885.0 4866.0 5947.0 8711.0 7699.0 7434.0 2335.0 9041.0 8795.0 4725.0 5256.0 4691.0 4854.0
348 7927.0 5553.0 6340.0 6565.0 9014.0 6617.0 2721.0 4043.0 10220.0 3431.0 5598.0 7670.0 3667.0 6647.0 3870.0 2727.0 4164.0 3804.0 6446.0 6437.0 3087.0 4092.0 6831.0 6139.0 5647.0 1587.0 6903.0 6950.0 3033.0 3500.0 2988.0 3462.0
351 6508.0 3723.0 4362.0 4690.0 7308.0 4619.0 1741.0 2570.0 8853.0 2178.0 3582.0 5756.0 2337.0 4763.0 2415.0 1738.0 2634.0 2343.0 4518.0 4666.0 1950.0 2713.0 4887.0 4235.0 3967.0 1235.0 4875.0 4932.0 1970.0 2099.0 1924.0 2201.0
354 4494.0 2152.0 2691.0 2931.0 5094.0 2757.0 1338.0 1632.0 6768.0 1542.0 2175.0 3627.0 1472.0 2863.0 1599.0 1226.0 1726.0 1471.0 2833.0 2874.0 1307.0 1583.0 2937.0 2563.0 2412.0 1097.0 2826.0 2899.0 1519.0 1459.0 1426.0 1524.0
357 2869.0 1638.0 1888.0 1859.0 3421.0 1905.0 1170.0 1298.0 4518.0 1365.0 1655.0 2222.0 1265.0 1827.0 1274.0 1144.0 1484.0 1207.0 1871.0 1937.0 1118.0 1205.0 2027.0 1716.0 1659.0 944.0 2042.0 1963.0 1357.0 1284.0 1304.0 1223.0
