150 18692801.0 18689322.0 18672308.0 18602837.0 18639950.0 18615399.0 18652961.0 18622459.0 18648858.0 18607454.0 18659902.0 18622154.0 18641260.0 18652601.0 18654307.0 18617897.0 18664702.0 18643200.0 18669410.0 18648711.0 18622392.0 18638214.0 18611620.0 18642558.0 18585172.0 18642454.0 18627188.0 18643681.0 18600983.0 18509272.0 18666845.0 18670010.0
153 18808388.0 18802752.0 18788774.0 18722224.0 18756953.0 18735080.0 18772614.0 18742600.0 18769712.0 18727011.0 18780261.0 18743816.0 18761407.0 18773000.0 18773151.0 18740461.0 18785717.0 18764432.0 18790236.0 18769461.0 18744772.0 18761019.0 18733794.0 18764180.0 18710267.0 18764172.0 18749750.0 18768027.0 18725532.0 18657643.0 18788857.0 18794834.0
156 19264696.0 19261237.0 19247530.0 19170768.0 19213546.0 19185113.0 19231894.0 19194904.0 19230315.0 19175760.0 19240694.0 19197691.0 19221066.0 19235400.0 19235074.0 19191627.0 19245292.0 19225785.0 19253374.0 19233159.0 19195978.0 19221358.0 19184726.0 19228462.0 19157449.0 19228775.0 19201713.0 19232130.0 19173779.0 19114973.0 19253217.0 19261325.0
159 19600131.0 19590664.0 19579265.0 19481773.0 19544205.0 19490449.0 19565312.0 19506345.0 19562196.0 19481720.0 19575417.0 19510947.0 19549305.0 19567495.0 19563949.0 19513715.0 19578088.0 19555443.0 19586266.0 19562880.0 19510612.0 19551842.0 19507121.0 19557139.0 19476896.0 19559038.0 19522766.0 19563588.0 19497511.0 19434788.0 19585225.0 19594503.0
162 19850868.0 19831460.0 19820355.0 19609634.0 19785561.0 19620635.0 19814576.0 19647251.0 19806962.0 19614371.0 19823577.0 19661857.0 19784264.0 19820550.0 19805109.0 19709931.0 19827976.0 19802332.0 19843495.0 19811316.0 19673698.0 19800667.0 19706494.0 19802983.0 19674293.0 19809086.0 19703386.0 19814803.0 19713747.0 19674657.0 19838006.0 19852730.0
165 19842123.0 19768764.0 19751691.0 19444245.0 19696812.0 19495316.0 19750549.0 19479444.0 19710079.0 19485627.0 19741734.0 19539166.0 19666124.0 19770653.0 19708425.0 19553831.0 19747685.0 19701885.0 19811842.0 19720318.0 19550474.0 19719732.0 19541762.0 19703159.0 19493283.0 19734854.0 19560705.0 19757557.0 19530832.0 19552287.0 19805773.0 19840941.0
168 13969903.0 13479887.0 13413590.0 11862704.0 13364343.0 11873364.0 13250679.0 11406550.0 12851495.0 11896840.0 12658852.0 11941588.0 12667594.0 13244059.0 12796454.0 12147051.0 12352838.0 12504447.0 12971224.0 12423367.0 11823920.0 12258196.0 12003472.0 12209405.0 12099662.0 12579375.0 11723026.0 12412063.0 11893565.0 12261743.0 12735653.0 13049922.0
171 8962660.0 8810311.0 8899581.0 8809090.0 9043730.0 8956202.0 9085242.0 8539025.0 9007320.0 9010539.0 8867745.0 9004072.0 8942815.0 9350827.0 9108160.0 9192914.0 8726361.0 8897274.0 9171424.0 8858954.0 8848767.0 8713195.0 9035884.0 8677039.0 9121484.0 8907409.0 8727828.0 8771488.0 8871779.0 8779861.0 8922669.0 9069695.0
174 5484921.0 5372078.0 5478977.0 5580767.0 5652980.0 5727268.0 5689523.0 5292212.0 5632696.0 5763280.0 5463930.0 5724435.0 5567728.0 5908250.0 5693860.0 5910013.0 5336210.0 5522858.0 5729926.0 5489991.0 5569558.0 5380084.0 5759531.0 5342807.0 5859090.0 5554665.0 5481564.0 5448541.0 5634745.0 5636149.0 5560117.0 5675086.0
177 484325.0 460539.0 502892.0 565391.0 629382.0 503584.0 540057.0 468135.0 519000.0 543107.0 472321.0 508193.0 539854.0 544950.0 522415.0 550204.0 461974.0 531730.0 499822.0 502488.0 472946.0 548240.0 517220.0 520661.0 598084.0 550198.0 471407.0 583643.0 555600.0 1021155.0 545588.0 537961.0
180 437834.0 414112.0 444933.0 520734.0 558641.0 441743.0 462379.0 450590.0 437790.0 475473.0 421620.0 441534.0 465527.0 437697.0 427750.0 472901.0 422396.0 459403.0 410947.0 440247.0 422662.0 502680.0 460504.0 467618.0 529898.0 462748.0 421691.0 509123.0 504325.0 926731.0 440707.0 437444.0
183 437684.0 413645.0 444062.0 519223.0 556007.0 438247.0 458794.0 450078.0 435497.0 471166.0 422832.0 438711.0 466336.0 434887.0 423478.0 470339.0 421677.0 458529.0 408876.0 439484.0 421974.0 502946.0 460662.0 468536.0 526753.0 459711.0 421032.0 506868.0 502718.0 1004802.0 433754.0 432000.0
186 437709.0 413488.0 445533.0 520057.0 556696.0 435922.0 458519.0 451260.0 437074.0 472636.0 423780.0 438199.0 467242.0 434965.0 426358.0 471031.0 422735.0 459852.0 408274.0 439312.0 422298.0 502882.0 460344.0 469057.0 528471.0 458141.0 420520.0 507164.0 502871.0 938036.0 434418.0 432189.0
189 438668.0 415518.0 445773.0 521286.0 557239.0 438848.0 459249.0 450937.0 436512.0 472540.0 424252.0 439455.0 466855.0 435428.0 426115.0 470670.0 422112.0 459189.0 408353.0 441376.0 421513.0 504639.0 460638.0 468882.0 529612.0 459157.0 420756.0 506464.0 502222.0 918724.0 434846.0 433532.0
192 440059.0 417254.0 446403.0 521568.0 558342.0 439707.0 460910.0 451394.0 436656.0 474298.0 423772.0 439579.0 470019.0 435253.0 426546.0 472035.0 421575.0 461367.0 409614.0 440839.0 422982.0 504312.0 461960.0 470370.0 525709.0 461345.0 422131.0 507360.0 500052.0 992964.0 436319.0 434650.0
195 441815.0 417464.0 449178.0 522869.0 559543.0 439795.0 461369.0 452532.0 437624.0 473392.0 425225.0 440601.0 471325.0 436145.0 427712.0 473400.0 424213.0 460130.0 409402.0 441052.0 422551.0 504966.0 462589.0 469260.0 527933.0 461714.0 423602.0 507929.0 503599.0 883278.0 437443.0 434308.0
198 439180.0 416954.0 448027.0 523736.0 559785.0 441763.0 462660.0 453110.0 437447.0 474872.0 425240.0 440865.0 473210.0 437768.0 426983.0 473339.0 424772.0 461594.0 411879.0 442352.0 422953.0 504562.0 463092.0 470189.0 518451.0 462142.0 423306.0 507388.0 504072.0 939280.0 435590.0 433523.0
201 437176.0 415502.0 448825.0 523606.0 559579.0 441078.0 461236.0 452389.0 438904.0 475036.0 423362.0 440395.0 474392.0 437984.0 428576.0 473212.0 423508.0 461028.0 410165.0 442539.0 422795.0 503500.0 462538.0 470098.0 520199.0 461972.0 423781.0 508113.0 504244.0 954818.0 442445.0 433097.0
204 436973.0 415089.0 445549.0 521661.0 556303.0 441657.0 459101.0 450387.0 436593.0 472540.0 421842.0 439537.0 475187.0 434139.0 427190.0 471971.0 422703.0 459208.0 408333.0 441379.0 420930.0 504551.0 461437.0 468047.0 527976.0 461158.0 421310.0 508401.0 503031.0 914113.0 436690.0 432463.0
207 435015.0 413750.0 444666.0 520428.0 556032.0 440552.0 458295.0 448318.0 436193.0 472890.0 422172.0 438826.0 469674.0 435322.0 425516.0 473180.0 420870.0 459151.0 407481.0 441091.0 422465.0 500934.0 460915.0 466659.0 525643.0 461061.0 420250.0 505573.0 505302.0 949252.0 437585.0 429149.0
210 434148.0 412440.0 442957.0 517255.0 553445.0 437662.0 457889.0 448109.0 433541.0 470994.0 419140.0 437650.0 466021.0 433169.0 425342.0 467882.0 420138.0 457892.0 407723.0 437837.0 419989.0 500415.0 459740.0 467391.0 522032.0 459944.0 420488.0 504320.0 502471.0 981698.0 433929.0 430436.0
213 432781.0 411710.0 442132.0 515815.0 553294.0 436179.0 455759.0 446827.0 431989.0 469038.0 419802.0 435507.0 463289.0 432695.0 424970.0 467117.0 418388.0 456451.0 406890.0 436550.0 419060.0 498295.0 456333.0 464663.0 516381.0 457686.0 417789.0 502744.0 501723.0 840041.0 431115.0 427969.0
216 431579.0 410787.0 439815.0 515312.0 550923.0 436412.0 455964.0 445311.0 430607.0 468024.0 419129.0 434872.0 454748.0 431544.0 422469.0 466568.0 418160.0 454423.0 406274.0 435943.0 418792.0 498157.0 455656.0 465265.0 523750.0 456983.0 416586.0 501961.0 498916.0 872237.0 431255.0 428227.0
219 431240.0 411051.0 440264.0 515893.0 550802.0 437099.0 455121.0 444507.0 430449.0 467885.0 417477.0 434725.0 456896.0 430360.0 423602.0 463570.0 416696.0 455104.0 404930.0 433631.0 417700.0 496860.0 454107.0 464201.0 520472.0 456467.0 417193.0 501342.0 496092.0 885678.0 432137.0 428091.0
222 428775.0 408440.0 435383.0 509827.0 545758.0 434442.0 450890.0 441651.0 427475.0 464037.0 415674.0 432808.0 457519.0 428582.0 420894.0 461847.0 414474.0 452571.0 402331.0 431648.0 414571.0 493687.0 452242.0 461810.0 516984.0 455020.0 414549.0 497348.0 492657.0 895921.0 428378.0 424289.0
225 423642.0 405969.0 434019.0 508453.0 543387.0 430541.0 448926.0 438301.0 425408.0 461743.0 412475.0 428767.0 456099.0 425898.0 416417.0 459400.0 412194.0 450106.0 400553.0 429803.0 413114.0 489181.0 447316.0 458416.0 511481.0 452072.0 410915.0 493832.0 488201.0 920605.0 426717.0 420482.0
228 421287.0 403322.0 431288.0 505249.0 538347.0 428654.0 446444.0 436215.0 423184.0 459462.0 411110.0 427206.0 454891.0 423220.0 415052.0 454585.0 409404.0 447475.0 398337.0 426248.0 411650.0 487232.0 447184.0 455610.0 504876.0 448455.0 408211.0 490693.0 483118.0 879652.0 424096.0 420181.0
231 415461.0 401178.0 429620.0 502734.0 536426.0 428185.0 445241.0 433556.0 422338.0 455883.0 406655.0 426917.0 452557.0 422522.0 414530.0 454581.0 408149.0 444692.0 397003.0 426159.0 408820.0 483476.0 444209.0 454002.0 502501.0 447736.0 407076.0 490515.0 481704.0 893996.0 421905.0 415510.0
234 403157.0 398846.0 427243.0 499020.0 532860.0 425506.0 440123.0 426696.0 419232.0 455392.0 403829.0 424428.0 451912.0 419050.0 412088.0 448613.0 400757.0 442600.0 393939.0 421192.0 408220.0 479028.0 436128.0 450165.0 497449.0 446704.0 402129.0 484222.0 474706.0 914204.0 420606.0 407314.0
237 346114.0 392144.0 413942.0 493087.0 520265.0 422630.0 432527.0 397986.0 414391.0 450394.0 388690.0 420306.0 441775.0 412181.0 410095.0 423008.0 376688.0 435634.0 384767.0 414644.0 403472.0 463617.0 412826.0 443871.0 483547.0 443011.0 386598.0 466073.0 448247.0 836960.0 417053.0 377594.0
240 222089.0 360302.0 367942.0 466128.0 480411.0 415137.0 393130.0 307772.0 396465.0 435272.0 334759.0 401616.0 431696.0 384875.0 404599.0 338878.0 298146.0 404155.0 353764.0 380924.0 389093.0 403275.0 332359.0 420491.0 440965.0 435918.0 327817.0 401961.0 363923.0 797806.0 402366.0 289622.0
243 104041.0 276748.0 268500.0 388017.0 370535.0 388427.0 296624.0 178092.0 335479.0 390083.0 226739.0 342788.0 396703.0 306752.0 381343.0 207105.0 177584.0 323840.0 268096.0 293878.0 340031.0 280110.0 200489.0 347979.0 328065.0 415633.0 216678.0 272000.0 224320.0 645448.0 360677.0 167388.0
246 51009.0 165200.0 151672.0 256889.0 221278.0 313698.0 170986.0 84120.0 229983.0 290826.0 118685.0 241137.0 314732.0 185063.0 316470.0 98080.0 84257.0 204982.0 153017.0 174067.0 246787.0 144662.0 93127.0 226478.0 180872.0 357000.0 109047.0 139544.0 106333.0 388275.0 271316.0 78364.0
249 37850.0 78377.0 72337.0 128048.0 103226.0 195444.0 78617.0 47396.0 116304.0 162856.0 56167.0 127486.0 188600.0 83353.0 204140.0 51183.0 46077.0 100883.0 68698.0 80813.0 133794.0 67695.0 49582.0 108414.0 82227.0 247106.0 53593.0 66299.0 55807.0 170906.0 153329.0 43794.0
252 32094.0 46281.0 46656.0 66604.0 60909.0 94477.0 47668.0 39500.0 57263.0 77828.0 39395.0 62381.0 89418.0 46300.0 100605.0 40424.0 37007.0 54720.0 41282.0 48118.0 65241.0 48406.0 39902.0 56294.0 54214.0 129838.0 40538.0 47348.0 44935.0 106772.0 71330.0 35463.0
255 28051.0 38481.0 39459.0 51437.0 51496.0 52214.0 39898.0 33579.0 42250.0 50753.0 33747.0 43370.0 52019.0 38416.0 52393.0 35048.0 31969.0 43554.0 34708.0 40487.0 44254.0 41447.0 34418.0 44475.0 46248.0 64366.0 34863.0 40623.0 38578.0 94012.0 45334.0 30701.0
258 26602.0 34883.0 36386.0 47385.0 47629.0 45044.0 35824.0 30970.0 38615.0 45645.0 31058.0 40048.0 46582.0 34502.0 43738.0 31939.0 29368.0 39526.0 31189.0 37511.0 40296.0 37495.0 31572.0 41035.0 41053.0 50954.0 31944.0 36927.0 35180.0 89427.0 40708.0 28176.0
261 25679.0 30179.0 31539.0 41345.0 41200.0 39810.0 31718.0 28733.0 33197.0 40099.0 27766.0 34267.0 41105.0 30041.0 38496.0 29322.0 27150.0 34278.0 27539.0 31869.0 35001.0 33425.0 28741.0 34978.0 36405.0 44156.0 27591.0 32314.0 32631.0 74251.0 35251.0 26334.0
264 25504.0 26967.0 28453.0 35825.0 37111.0 34598.0 29464.0 27924.0 29541.0 34660.0 26484.0 30066.0 36335.0 27740.0 33699.0 28519.0 26134.0 30017.0 25532.0 28651.0 30734.0 32254.0 27840.0 30694.0 34381.0 38960.0 26077.0 30128.0 31672.0 75135.0 30641.0 25660.0
267 25275.0 25236.0 27396.0 33433.0 34992.0 30321.0 28936.0 27556.0 27208.0 31152.0 25840.0 27495.0 31762.0 27369.0 29258.0 28047.0 25584.0 28502.0 25161.0 26950.0 27332.0 31594.0 27899.0 28278.0 33834.0 33772.0 25507.0 25227.0 31101.0 64897.0 27754.0 25585.0
270 24472.0 25048.0 26931.0 32285.0 34876.0 28491.0 28490.0 27235.0 26140.0 29762.0 25627.0 26193.0 29781.0 26699.0 27024.0 27705.0 26105.0 27815.0 24780.0 26499.0 26267.0 31123.0 27626.0 27668.0 33335.0 30625.0 24920.0 25010.0 31027.0 72238.0 26661.0 25110.0
273 24476.0 24399.0 26239.0 31949.0 34419.0 27676.0 27940.0 27229.0 26175.0 29022.0 25437.0 25648.0 29302.0 26302.0 25930.0 27818.0 25202.0 27658.0 24346.0 26166.0 25639.0 30686.0 27203.0 26845.0 32721.0 29251.0 24774.0 24416.0 30187.0 67810.0 26018.0 24821.0
276 24294.0 24339.0 26217.0 31351.0 33464.0 27427.0 27617.0 26471.0 25569.0 28970.0 25110.0 25646.0 28972.0 25976.0 26021.0 27154.0 25481.0 27013.0 24330.0 25639.0 25631.0 30524.0 26872.0 26716.0 32817.0 29207.0 24681.0 24169.0 30183.0 69140.0 25861.0 24682.0
279 23811.0 23848.0 26016.0 31327.0 33506.0 26855.0 27504.0 26279.0 25409.0 28180.0 24873.0 25300.0 28567.0 25928.0 25708.0 27064.0 25033.0 27220.0 23938.0 25459.0 25592.0 29898.0 26307.0 26582.0 32483.0 28569.0 24363.0 24283.0 29871.0 67862.0 25510.0 24294.0
282 23835.0 23486.0 25677.0 31204.0 33404.0 26689.0 26943.0 26261.0 25284.0 28076.0 24429.0 25441.0 28387.0 25448.0 25098.0 26501.0 24569.0 26507.0 24303.0 25379.0 24909.0 29843.0 26136.0 26134.0 32211.0 28695.0 24287.0 27550.0 29880.0 63378.0 25583.0 23925.0
285 23268.0 22886.0 25415.0 30553.0 32732.0 26426.0 26979.0 25750.0 25017.0 27844.0 24181.0 25020.0 27085.0 25124.0 25118.0 26235.0 24457.0 26433.0 23778.0 25120.0 24840.0 29441.0 26076.0 26361.0 31583.0 28246.0 23775.0 27299.0 29223.0 60870.0 25399.0 23722.0
288 22872.0 22737.0 25203.0 30028.0 32014.0 26094.0 26758.0 25344.0 24855.0 27492.0 23721.0 24642.0 27310.0 24750.0 24695.0 25864.0 24395.0 25992.0 23277.0 24509.0 24488.0 28819.0 25469.0 25546.0 30975.0 27762.0 23424.0 26628.0 28892.0 58784.0 24615.0 23142.0
291 22362.0 22738.0 24817.0 29905.0 31716.0 25727.0 26166.0 24847.0 24410.0 27220.0 23427.0 24344.0 26500.0 24693.0 24327.0 25552.0 23608.0 26005.0 23166.0 24377.0 24337.0 28455.0 25118.0 25520.0 30838.0 27325.0 23262.0 26383.0 28535.0 57228.0 24409.0 23025.0
294 21898.0 22302.0 24464.0 29232.0 31243.0 25326.0 25730.0 24251.0 23789.0 26529.0 23318.0 24056.0 26587.0 24421.0 24344.0 25264.0 23131.0 25541.0 22572.0 23794.0 23884.0 28023.0 24728.0 25075.0 30325.0 27244.0 22462.0 26229.0 28005.0 56392.0 24072.0 22642.0
297 21888.0 22073.0 23748.0 28986.0 30833.0 25311.0 25210.0 24292.0 23624.0 26238.0 23024.0 23686.0 26098.0 24026.0 24044.0 24304.0 22636.0 25112.0 22380.0 23911.0 23485.0 27536.0 24113.0 24842.0 29858.0 26887.0 22160.0 25709.0 27861.0 62635.0 23946.0 22236.0
300 21403.0 21633.0 23173.0 28351.0 30148.0 24766.0 25022.0 23805.0 23035.0 25815.0 22228.0 23265.0 26032.0 23351.0 23873.0 23953.0 22661.0 24581.0 21976.0 23315.0 23037.0 26533.0 23600.0 23974.0 29392.0 26466.0 21869.0 25054.0 27313.0 55494.0 23282.0 21786.0
303 21037.0 21503.0 22916.0 28036.0 29507.0 24699.0 24395.0 23081.0 22927.0 25233.0 22036.0 23034.0 25712.0 23052.0 23217.0 23631.0 22105.0 23840.0 21841.0 22865.0 23031.0 26270.0 23324.0 23913.0 28639.0 26213.0 21782.0 24323.0 26706.0 58736.0 23478.0 21414.0
306 20228.0 20693.0 22622.0 27562.0 29364.0 24063.0 23658.0 22675.0 22216.0 25217.0 21426.0 22775.0 24312.0 22651.0 22894.0 23243.0 21531.0 23420.0 21130.0 22476.0 22419.0 25796.0 22532.0 23590.0 27477.0 25667.0 21037.0 23753.0 25732.0 56521.0 22477.0 20982.0
309 19367.0 20341.0 22111.0 26795.0 28119.0 23295.0 23459.0 22091.0 21825.0 24394.0 21090.0 21876.0 23828.0 22151.0 22344.0 22300.0 21025.0 23157.0 20680.0 21795.0 21870.0 25322.0 21850.0 22841.0 27451.0 25525.0 20964.0 23259.0 25100.0 56888.0 22232.0 20197.0
312 18372.0 19930.0 21475.0 26076.0 27393.0 23125.0 22661.0 21042.0 21518.0 23714.0 20339.0 21527.0 23387.0 21699.0 22138.0 21611.0 20409.0 22565.0 20355.0 21675.0 21616.0 24681.0 21087.0 22602.0 26757.0 24693.0 20098.0 22728.0 23793.0 51897.0 21891.0 19247.0
315 15912.0 19662.0 20664.0 25235.0 26680.0 22641.0 22313.0 20060.0 20953.0 23382.0 19417.0 21100.0 23165.0 20967.0 21378.0 20285.0 19243.0 21986.0 19439.0 20898.0 21021.0 23869.0 20030.0 21794.0 25771.0 24358.0 19199.0 22004.0 22967.0 53521.0 21413.0 17907.0
318 13091.0 18948.0 19790.0 24539.0 25715.0 22422.0 20879.0 18516.0 20360.0 23204.0 18560.0 20840.0 22660.0 20225.0 21075.0 18564.0 17604.0 21244.0 18871.0 20183.0 20659.0 22750.0 17796.0 20912.0 24850.0 23826.0 17920.0 20612.0 20729.0 50812.0 20673.0 15763.0
321 9488.0 17936.0 18274.0 23690.0 24093.0 21517.0 19194.0 15342.0 19444.0 22163.0 16323.0 19685.0 22198.0 19159.0 20632.0 15470.0 14958.0 19907.0 17826.0 18896.0 19943.0 20517.0 14910.0 20370.0 22793.0 23025.0 15867.0 18400.0 17389.0 46008.0 20145.0 12579.0
324 5993.0 15858.0 15398.0 21653.0 21041.0 20628.0 16850.0 11631.0 17845.0 21030.0 13459.0 18639.0 21584.0 16601.0 19885.0 11836.0 11485.0 17975.0 15648.0 16847.0 18997.0 17427.0 11002.0 19282.0 19211.0 22407.0 12982.0 14938.0 12951.0 45916.0 19205.0 9037.0
327 3668.0 12733.0 11962.0 18531.0 16850.0 19535.0 13129.0 7644.0 15439.0 19069.0 9824.0 16585.0 20168.0 13349.0 18745.0 7909.0 7722.0 14944.0 12547.0 13545.0 17211.0 12864.0 7032.0 16762.0 14302.0 21377.0 8906.0 10940.0 8186.0 32656.0 17589.0 5353.0
330 2582.0 9733.0 8818.0 15055.0 12117.0 17612.0 9310.0 4846.0 12181.0 16503.0 6734.0 13954.0 17571.0 9696.0 17289.0 4940.0 4913.0 11754.0 9168.0 10430.0 14871.0 8680.0 4299.0 13391.0 9487.0 20189.0 5795.0 7254.0 5228.0 22656.0 15193.0 3424.0
333 2222.0 6651.0 5568.0 10399.0 7741.0 14330.0 5937.0 3188.0 8643.0 12310.0 4117.0 9971.0 14344.0 6006.0 14713.0 3190.0 3193.0 7782.0 5591.0 6667.0 11560.0 5272.0 3117.0 9386.0 5597.0 17695.0 3452.0 4339.0 3630.0 15682.0 11464.0 2557.0
336 1975.0 4010.0 3580.0 6533.0 4894.0 10369.0 3608.0 2613.0 5216.0 8249.0 2897.0 6346.0 10097.0 3628.0 11408.0 2628.0 2536.0 4885.0 3359.0 4218.0 7659.0 3660.0 2485.0 5850.0 3926.0 13513.0 2761.0 3013.0 3079.0 9213.0 7732.0 2241.0
339 2001.0 2844.0 2886.0 4301.0 3781.0 6732.0 2843.0 2396.0 3391.0 5111.0 2450.0 4158.0 6390.0 2774.0 7588.0 2417.0 2372.0 3453.0 2515.0 2997.0 4751.0 3026.0 2271.0 3797.0 3262.0 9543.0 2412.0 2629.0 2614.0 7283.0 4832.0 2140.0
342 1985.0 2438.0 2589.0 3602.0 3329.0 4551.0 2646.0 2343.0 2806.0 3699.0 2305.0 3030.0 4378.0 2447.0 4880.0 2253.0 2140.0 2778.0 2362.0 2717.0 3358.0 2789.0 2315.0 2953.0 3051.0 6316.0 2079.0 2393.0 2587.0 6810.0 3330.0 1981.0
345 1935.0 2196.0 2317.0 3248.0 2877.0 3263.0 2411.0 2181.0 2396.0 3010.0 2101.0 2582.0 3481.0 2275.0 3250.0 2213.0 2128.0 2521.0 2097.0 2316.0 2847.0 2539.0 2127.0 2543.0 2830.0 4300.0 2020.0 2241.0 2454.0 5584.0 2846.0 1942.0
348 1854.0 1964.0 2031.0 2700.0 2825.0 2853.0 2306.0 2226.0 2191.0 2728.0 2001.0 2351.0 3056.0 2069.0 2871.0 2176.0 2064.0 2348.0 2035.0 2130.0 2566.0 2511.0 2134.0 2325.0 2705.0 3475.0 2002.0 2113.0 2492.0 4710.0 2478.0 1890.0
351 1805.0 1945.0 2012.0 2617.0 2584.0 2616.0 2238.0 2045.0 2078.0 2434.0 1988.0 2067.0 2687.0 2124.0 2454.0 2159.0 2133.0 2150.0 2014.0 2109.0 2232.0 2348.0 2093.0 2160.0 2741.0 3008.0 1925.0 2115.0 2381.0 5312.0 2162.0 1907.0
354 1844.0 1875.0 1948.0 2496.0 2522.0 2419.0 2245.0 2109.0 1979.0 2297.0 2013.0 2004.0 2408.0 1980.0 2250.0 2097.0 1948.0 2065.0 1871.0 1973.0 2077.0 2363.0 2042.0 2131.0 2618.0 2642.0 1850.0 2025.0 2324.0 5120.0 2061.0 1913.0
357 1697.0 1806.0 1956.0 2458.0 2580.0 2190.0 2161.0 2021.0 1960.0 2276.0 1923.0 2041.0 2285.0 1996.0 2116.0 1994.0 1983.0 2008.0 1962.0 1895.0 2040.0 2366.0 2029.0 2038.0 2463.0 2537.0 1849.0 1899.0 2341.0 5334.0 1984.0 1814.0
