150 201947.0 254780.0 249475.0 243379.0 201053.0 237415.0 211637.0 216239.0 210271.0 224756.0 193347.0 206745.0 209249.0 227182.0 206018.0 199260.0 188298.0 203608.0 225905.0 230392.0 215095.0 216816.0 224998.0 195701.0 217687.0 202137.0 249407.0 211684.0 204738.0 211253.0 217711.0 208079.0
153 593142.0 633031.0 638183.0 632598.0 582573.0 620094.0 593522.0 603748.0 592400.0 617617.0 585405.0 596001.0 595598.0 622449.0 596728.0 580098.0 574108.0 590101.0 610406.0 614919.0 599072.0 606899.0 606018.0 589541.0 596684.0 585622.0 631572.0 600602.0 591120.0 599557.0 602127.0 591858.0
156 18452845.0 18443561.0 18448540.0 18435917.0 18455210.0 18429490.0 18450263.0 18435646.0 18446698.0 18430104.0 18455119.0 18434887.0 18447358.0 18445808.0 18447523.0 18439501.0 18456600.0 18450943.0 18447543.0 18442402.0 18436316.0 18447464.0 18428551.0 18453333.0 18430015.0 18452393.0 18418594.0 18448832.0 18434305.0 18451748.0 18457260.0 18455994.0
159 18710779.0 18700718.0 18704736.0 18693091.0 18713140.0 18685925.0 18708526.0 18691615.0 18703859.0 18686621.0 18712179.0 18691605.0 18704782.0 18703178.0 18704224.0 18695891.0 18713851.0 18708325.0 18705722.0 18701412.0 18693206.0 18705561.0 18686115.0 18711021.0 18687144.0 18710217.0 18675631.0 18706358.0 18691057.0 18709806.0 18714799.0 18713013.0
162 19012895.0 18999698.0 19003778.0 18989946.0 19013270.0 18983540.0 19008264.0 18989297.0 19002894.0 18984247.0 19011159.0 18989285.0 19002495.0 19001764.0 19002722.0 18993542.0 19013635.0 19007147.0 19005110.0 18999890.0 18990261.0 19004774.0 18984122.0 19009442.0 18985321.0 19009382.0 18973515.0 19005040.0 18990121.0 19010016.0 19015141.0 19013035.0
165 19260916.0 19245800.0 19249368.0 19236236.0 19259665.0 19229585.0 19255465.0 19235802.0 19250060.0 19229701.0 19257756.0 19235990.0 19249928.0 19249287.0 19249545.0 19240414.0 19260272.0 19253680.0 19251491.0 19246979.0 19236913.0 19251854.0 19230511.0 19256256.0 19232087.0 19256269.0 19218278.0 19252177.0 19235903.0 19256775.0 19262563.0 19259639.0
168 19479436.0 19463649.0 19466742.0 19453169.0 19477682.0 19446169.0 19472688.0 19452518.0 19467991.0 19445639.0 19475003.0 19452529.0 19467200.0 19466956.0 19467368.0 19456723.0 19478403.0 19471297.0 19468255.0 19464192.0 19453127.0 19469421.0 19446625.0 19473698.0 19448981.0 19473026.0 19435171.0 19468760.0 19452002.0 19473843.0 19479739.0 19476020.0
171 19684643.0 19666501.0 19669447.0 19656844.0 19681273.0 19647555.0 19676982.0 19654388.0 19672606.0 19645379.0 19680400.0 19652987.0 19670897.0 19671401.0 19670894.0 19659136.0 19682336.0 19676727.0 19671772.0 19668143.0 19653404.0 19673102.0 19647783.0 19675916.0 19649252.0 19675653.0 19631279.0 19670085.0 19650521.0 19676737.0 19681654.0 19677972.0
174 19699001.0 19677166.0 19680221.0 19651220.0 19693483.0 19637323.0 19687742.0 19638950.0 19682951.0 19613152.0 19692398.0 19627336.0 19680920.0 19680782.0 19677779.0 19652007.0 19693738.0 19687192.0 19681803.0 19676849.0 19642474.0 19682116.0 19633008.0 19681993.0 19638869.0 19682632.0 19589492.0 19675082.0 19617407.0 19684768.0 19690231.0 19686067.0
177 19497198.0 19476154.0 19466833.0 19359002.0 19490615.0 19347843.0 19478361.0 19358023.0 19457481.0 19332949.0 19469435.0 19358518.0 19449461.0 19445076.0 19432890.0 19386245.0 19480512.0 19466376.0 19459704.0 19446608.0 19366057.0 19456141.0 19352473.0 19446170.0 19360398.0 19458837.0 19298653.0 19433104.0 19342965.0 19462452.0 19481459.0 19477365.0
180 10808400.0 11411200.0 10640998.0 9801344.0 10815642.0 10250886.0 10776609.0 10135206.0 10660877.0 9914502.0 10457611.0 10224166.0 10566377.0 10390968.0 10333416.0 10713748.0 10659029.0 10630564.0 10458532.0 10452536.0 10293354.0 10436579.0 10366555.0 10113251.0 10536411.0 10460347.0 9999139.0 10138685.0 9808799.0 10401434.0 10794596.0 10987372.0
183 8338231.0 8084419.0 7702912.0 7532664.0 7876135.0 8081917.0 7914797.0 7949572.0 7892389.0 7713045.0 7744580.0 8022355.0 7857754.0 7707798.0 7662180.0 8521332.0 7917345.0 7920971.0 7745181.0 7762237.0 8105828.0 7740377.0 8187616.0 7428683.0 8368184.0 7714125.0 7828366.0 7423635.0 7570642.0 7655854.0 7931572.0 8053551.0
186 916569.0 1074374.0 905915.0 798696.0 920045.0 948014.0 942773.0 888557.0 950031.0 832401.0 840589.0 906567.0 902718.0 869012.0 846664.0 1065351.0 900703.0 905278.0 867914.0 870619.0 945583.0 857436.0 943549.0 751706.0 982359.0 841183.0 873417.0 779782.0 781849.0 835394.0 931312.0 959950.0
189 185303.0 268628.0 238912.0 227562.0 198860.0 238973.0 212896.0 215377.0 219551.0 220120.0 187170.0 210071.0 207620.0 220313.0 203280.0 226109.0 188585.0 202673.0 218778.0 225400.0 223401.0 210826.0 229907.0 185783.0 222812.0 196768.0 244586.0 203208.0 199793.0 199977.0 215357.0 217176.0
192 183925.0 238662.0 232334.0 223507.0 187095.0 224035.0 197340.0 203600.0 212182.0 215104.0 182316.0 198148.0 199073.0 214181.0 198179.0 190630.0 177393.0 191556.0 212310.0 219627.0 203529.0 206449.0 214700.0 183669.0 205200.0 189544.0 236494.0 200706.0 195295.0 193891.0 199920.0 196187.0
195 182018.0 238661.0 231489.0 222614.0 185508.0 223803.0 196950.0 203732.0 204032.0 214934.0 182120.0 197592.0 198233.0 216003.0 198569.0 190215.0 177401.0 191897.0 212410.0 218953.0 204043.0 206408.0 213809.0 184680.0 205916.0 189477.0 237826.0 199717.0 195670.0 194219.0 198400.0 195807.0
198 183668.0 238727.0 233128.0 225796.0 186540.0 224902.0 198079.0 204399.0 207771.0 215352.0 183604.0 198192.0 199076.0 215275.0 199461.0 189822.0 177619.0 188857.0 213137.0 219831.0 203716.0 207631.0 215329.0 184402.0 206628.0 190134.0 237984.0 200633.0 195463.0 195056.0 199804.0 196860.0
201 183053.0 239329.0 232190.0 225848.0 187179.0 224777.0 198505.0 204445.0 200650.0 215847.0 183286.0 199759.0 199380.0 215808.0 199343.0 190617.0 178870.0 189448.0 212379.0 219686.0 204651.0 206841.0 214925.0 185986.0 206396.0 189665.0 238158.0 200404.0 196810.0 196019.0 199782.0 195559.0
204 184489.0 242142.0 231020.0 225671.0 186379.0 226294.0 198974.0 204180.0 200622.0 216327.0 183213.0 199813.0 200083.0 215230.0 199229.0 190299.0 177506.0 190063.0 212344.0 219447.0 203791.0 207520.0 215893.0 185133.0 203603.0 189829.0 238373.0 200307.0 196160.0 195062.0 200503.0 196628.0
207 183120.0 240038.0 233578.0 225638.0 186893.0 224005.0 198250.0 203836.0 199757.0 215546.0 182984.0 199901.0 199961.0 215476.0 198286.0 191529.0 177406.0 189571.0 213236.0 220248.0 204961.0 206855.0 214539.0 184471.0 204734.0 190204.0 238050.0 200098.0 195686.0 197250.0 199781.0 195737.0
210 183353.0 240104.0 234572.0 226911.0 186188.0 224605.0 198258.0 203876.0 204001.0 215373.0 182174.0 198911.0 199631.0 215494.0 197976.0 190624.0 177228.0 189633.0 212502.0 220185.0 205032.0 207063.0 216453.0 185794.0 203607.0 190291.0 238153.0 200212.0 196107.0 195818.0 199758.0 197741.0
213 181971.0 239678.0 234830.0 225186.0 186098.0 225174.0 197817.0 204078.0 212398.0 215230.0 182822.0 199520.0 199693.0 215592.0 197503.0 191279.0 177122.0 189365.0 213426.0 219559.0 204406.0 206700.0 215453.0 184708.0 204638.0 190073.0 238194.0 200024.0 196082.0 194527.0 199951.0 197017.0
216 182174.0 239629.0 231010.0 224673.0 186549.0 223126.0 196754.0 203756.0 199995.0 214362.0 182167.0 198880.0 197583.0 214673.0 198238.0 189429.0 176415.0 188523.0 212070.0 219575.0 203346.0 205759.0 214699.0 183153.0 203714.0 189164.0 237156.0 199323.0 195287.0 194771.0 198618.0 196626.0
219 182149.0 238453.0 230499.0 225454.0 186310.0 222949.0 197293.0 203157.0 207056.0 213187.0 181759.0 197677.0 198644.0 214677.0 197596.0 189232.0 177091.0 192596.0 211634.0 219408.0 203352.0 205087.0 214169.0 183320.0 203820.0 189053.0 236578.0 199567.0 194333.0 194579.0 198449.0 196568.0
222 181421.0 239278.0 231585.0 225360.0 185191.0 222862.0 196491.0 201990.0 208022.0 213828.0 181884.0 196953.0 197047.0 214378.0 196907.0 188594.0 175628.0 191474.0 212445.0 221596.0 202600.0 205498.0 213920.0 183880.0 202118.0 188581.0 235698.0 198056.0 194156.0 193897.0 198446.0 195631.0
225 180302.0 238083.0 230180.0 224389.0 185780.0 222786.0 196500.0 202684.0 198463.0 212083.0 182071.0 197163.0 197227.0 213257.0 196949.0 188953.0 176597.0 191899.0 211797.0 222752.0 203031.0 204518.0 212946.0 183255.0 201480.0 189262.0 235560.0 197114.0 193318.0 195279.0 197672.0 194502.0
228 179619.0 237246.0 230590.0 223563.0 185727.0 222063.0 195829.0 202292.0 198617.0 212862.0 181975.0 196594.0 197697.0 212748.0 195810.0 187835.0 175664.0 192406.0 210650.0 222428.0 202781.0 203807.0 213048.0 182967.0 204198.0 188220.0 235504.0 197369.0 193827.0 192653.0 198021.0 194580.0
231 179888.0 237572.0 230300.0 223241.0 184449.0 222581.0 194938.0 201387.0 209726.0 212352.0 181337.0 197196.0 196606.0 213351.0 195374.0 187515.0 176141.0 189758.0 210164.0 221135.0 202213.0 203963.0 212705.0 181495.0 204070.0 187332.0 233263.0 197160.0 193975.0 193280.0 197697.0 194432.0
234 179790.0 237469.0 230925.0 223429.0 183621.0 221040.0 195655.0 201670.0 197104.0 211128.0 180385.0 196505.0 196330.0 212666.0 195229.0 187035.0 174827.0 189893.0 209041.0 221157.0 201070.0 203360.0 211641.0 181828.0 203693.0 187059.0 233932.0 196485.0 192007.0 191858.0 196329.0 193749.0
237 179222.0 237416.0 229038.0 223823.0 184116.0 221021.0 195405.0 201863.0 202959.0 211207.0 179935.0 196348.0 195833.0 212072.0 195780.0 187944.0 174971.0 189693.0 209866.0 222068.0 201776.0 202572.0 212449.0 183127.0 203625.0 186249.0 233889.0 197119.0 192072.0 192190.0 195722.0 194567.0
240 178862.0 236156.0 228050.0 221904.0 183188.0 220100.0 193820.0 200829.0 197622.0 210278.0 179995.0 194995.0 195269.0 210667.0 194275.0 187206.0 173320.0 189402.0 208754.0 219847.0 200707.0 202015.0 210403.0 180534.0 199406.0 185308.0 232863.0 196649.0 190949.0 190434.0 194256.0 192651.0
243 172886.0 235387.0 226890.0 218797.0 182429.0 218580.0 193354.0 200137.0 201619.0 209309.0 178905.0 193859.0 193774.0 209865.0 193025.0 185295.0 172005.0 187905.0 206627.0 218431.0 201069.0 200897.0 209710.0 180329.0 199524.0 185001.0 231510.0 195168.0 190229.0 189707.0 192383.0 192442.0
246 150523.0 234075.0 226387.0 207877.0 180160.0 216319.0 191702.0 198310.0 206107.0 209842.0 176716.0 192872.0 192589.0 205425.0 191460.0 184840.0 166834.0 186354.0 199496.0 213158.0 199934.0 197369.0 207379.0 176406.0 197198.0 183740.0 230043.0 193052.0 188581.0 183123.0 184427.0 190902.0
249 105038.0 232791.0 223660.0 174726.0 171201.0 211095.0 185115.0 196263.0 194578.0 207061.0 170208.0 190818.0 190300.0 191885.0 186240.0 183204.0 147589.0 177532.0 180176.0 195607.0 194519.0 179416.0 196712.0 164829.0 192794.0 179599.0 226289.0 188885.0 179409.0 165830.0 159214.0 188198.0
252 47111.0 229075.0 217614.0 104251.0 140894.0 181371.0 158108.0 183082.0 194168.0 192895.0 140645.0 178558.0 175551.0 151926.0 164075.0 170088.0 98610.0 146832.0 127156.0 146369.0 171210.0 131916.0 159953.0 127543.0 164622.0 159620.0 210995.0 168894.0 151973.0 121048.0 103315.0 173115.0
255 20282.0 216719.0 190147.0 44866.0 87881.0 117780.0 102425.0 143640.0 163192.0 153090.0 87349.0 141377.0 137232.0 92783.0 119111.0 138045.0 47278.0 90510.0 65885.0 83163.0 123235.0 70261.0 96603.0 75369.0 106842.0 117031.0 170594.0 124890.0 102134.0 65788.0 48068.0 134214.0
258 12866.0 143003.0 92250.0 18300.0 25738.0 32613.0 28008.0 51365.0 69738.0 57262.0 25321.0 53121.0 53680.0 27643.0 39134.0 57519.0 15789.0 24349.0 21043.0 24508.0 40919.0 20551.0 27486.0 22235.0 30454.0 39197.0 73474.0 44649.0 32233.0 20195.0 17225.0 50157.0
261 11142.0 73851.0 40286.0 15325.0 15449.0 19363.0 17162.0 23457.0 29681.0 26530.0 16011.0 24015.0 24001.0 17448.0 20326.0 25750.0 12759.0 16060.0 16249.0 17831.0 20547.0 16193.0 18426.0 15931.0 18710.0 19854.0 33759.0 22840.0 19293.0 15390.0 14097.0 23395.0
264 10394.0 34894.0 23539.0 13669.0 13252.0 16507.0 14569.0 17168.0 19886.0 19658.0 13327.0 17417.0 17217.0 15256.0 16737.0 16708.0 11123.0 13870.0 14242.0 15571.0 16095.0 14096.0 15797.0 13928.0 15848.0 16054.0 22257.0 17776.0 16109.0 13338.0 12352.0 17029.0
267 10011.0 22505.0 19387.0 12842.0 11605.0 14768.0 12602.0 15031.0 15734.0 16940.0 11862.0 15246.0 14910.0 13031.0 14484.0 14242.0 10176.0 11816.0 13056.0 13791.0 13923.0 12247.0 13901.0 12377.0 13838.0 13771.0 18934.0 15234.0 13741.0 11518.0 10609.0 14794.0
270 9989.0 19436.0 16582.0 12417.0 10782.0 13310.0 11799.0 13164.0 13643.0 14754.0 10761.0 12819.0 12898.0 12230.0 12413.0 12616.0 9730.0 11174.0 12614.0 12663.0 12344.0 11565.0 12669.0 11500.0 12352.0 12316.0 16411.0 13214.0 12122.0 10727.0 10397.0 12990.0
273 9998.0 17178.0 15399.0 12345.0 10373.0 12695.0 11352.0 12124.0 12502.0 13991.0 10668.0 11723.0 12061.0 11588.0 11753.0 11445.0 9813.0 10770.0 12270.0 12671.0 11589.0 11116.0 11923.0 11189.0 12156.0 11792.0 15163.0 12260.0 11398.0 10375.0 10033.0 12169.0
276 9920.0 15494.0 14357.0 12183.0 10194.0 12605.0 11226.0 11893.0 11836.0 13325.0 10275.0 10956.0 11717.0 11457.0 11430.0 10806.0 9781.0 10711.0 11861.0 12245.0 11307.0 11083.0 12043.0 10997.0 11826.0 11275.0 14411.0 11469.0 11078.0 10396.0 9965.0 11323.0
279 9644.0 14667.0 13985.0 12202.0 9980.0 12583.0 10841.0 11911.0 12175.0 13098.0 10085.0 10792.0 11703.0 11182.0 11222.0 10480.0 9682.0 10067.0 12058.0 12088.0 11312.0 11044.0 11939.0 10945.0 11402.0 11194.0 14240.0 11371.0 10990.0 10342.0 9965.0 11421.0
282 9721.0 14337.0 13961.0 12209.0 9885.0 12557.0 11080.0 11753.0 11432.0 13126.0 10270.0 10997.0 11574.0 11285.0 11120.0 10499.0 9571.0 10268.0 11814.0 12177.0 11057.0 11001.0 11674.0 10909.0 11625.0 11357.0 14110.0 11123.0 10973.0 10377.0 9690.0 11406.0
285 9503.0 14110.0 13744.0 11949.0 9964.0 12396.0 10970.0 11712.0 11718.0 12925.0 10028.0 10715.0 11474.0 10960.0 11066.0 10385.0 9536.0 10244.0 11875.0 12058.0 10921.0 10759.0 11571.0 10871.0 11942.0 10975.0 13933.0 11313.0 10739.0 10188.0 9670.0 11153.0
288 9461.0 14159.0 13809.0 11688.0 9855.0 12161.0 10656.0 11695.0 11329.0 12828.0 10129.0 10656.0 11306.0 10816.0 10756.0 10318.0 9178.0 10220.0 11728.0 11829.0 11025.0 10510.0 11556.0 10651.0 11438.0 10927.0 13861.0 10972.0 10757.0 9911.0 9652.0 10989.0
291 9238.0 13820.0 13782.0 11771.0 9758.0 12351.0 10808.0 11345.0 11842.0 12774.0 9904.0 10441.0 11337.0 10990.0 10773.0 10285.0 9072.0 10008.0 11454.0 11915.0 10880.0 10632.0 11365.0 10670.0 11267.0 10965.0 13747.0 11183.0 10631.0 9869.0 9470.0 10873.0
294 9210.0 13755.0 13570.0 11533.0 9666.0 12073.0 10669.0 11404.0 11763.0 12740.0 9656.0 10474.0 11214.0 10599.0 10688.0 10062.0 8993.0 9886.0 11445.0 11623.0 10726.0 10414.0 11325.0 10559.0 11218.0 10742.0 13733.0 10929.0 10648.0 9801.0 9494.0 10971.0
297 9154.0 13616.0 13290.0 11386.0 9550.0 11775.0 10654.0 11380.0 11611.0 12340.0 9526.0 10200.0 10784.0 10753.0 10520.0 9992.0 9032.0 9926.0 11199.0 11571.0 10650.0 10647.0 11109.0 10483.0 11158.0 10665.0 13446.0 10620.0 10256.0 9865.0 9317.0 10582.0
300 8838.0 13727.0 13374.0 11222.0 9461.0 11883.0 10135.0 10952.0 10673.0 12525.0 9563.0 10062.0 10844.0 10383.0 10489.0 9827.0 8848.0 9758.0 11232.0 11412.0 10370.0 10188.0 10992.0 10209.0 10931.0 10522.0 13260.0 10719.0 10252.0 9566.0 9163.0 10563.0
303 8758.0 13379.0 13073.0 10988.0 9189.0 11473.0 10194.0 10872.0 11442.0 12325.0 9394.0 9991.0 10614.0 10348.0 10292.0 9875.0 8710.0 9547.0 10906.0 11031.0 10403.0 10284.0 10914.0 9993.0 10656.0 10370.0 13235.0 10658.0 10122.0 9345.0 8966.0 10490.0
306 8694.0 13432.0 12743.0 10843.0 9245.0 11676.0 10029.0 10638.0 11147.0 11882.0 9214.0 9967.0 10660.0 10099.0 10262.0 9660.0 8573.0 9412.0 10865.0 11019.0 10416.0 9957.0 10817.0 10040.0 10465.0 10147.0 12971.0 10344.0 9963.0 9410.0 9154.0 10385.0
309 8670.0 13269.0 12755.0 10644.0 9002.0 11364.0 9986.0 10639.0 10519.0 12027.0 9195.0 9760.0 10575.0 10083.0 10045.0 9377.0 8601.0 9237.0 10709.0 11157.0 10216.0 9762.0 10646.0 9894.0 10497.0 10237.0 12986.0 10309.0 9842.0 9133.0 8862.0 10281.0
312 8274.0 13232.0 12558.0 10556.0 8921.0 11208.0 9846.0 10713.0 10355.0 11757.0 9017.0 9664.0 10451.0 9961.0 9915.0 9498.0 8213.0 9061.0 10474.0 10795.0 10185.0 9782.0 10491.0 9846.0 10469.0 10152.0 12575.0 10132.0 9720.0 8864.0 8795.0 10420.0
315 7988.0 12738.0 12595.0 10205.0 8933.0 11022.0 9628.0 10585.0 10151.0 11478.0 8986.0 9435.0 10216.0 9640.0 9903.0 9304.0 8129.0 9093.0 10186.0 10440.0 9761.0 9592.0 10399.0 9543.0 10126.0 9921.0 12536.0 9969.0 9645.0 8987.0 8627.0 9995.0
318 7600.0 12961.0 12364.0 9848.0 8492.0 10692.0 9438.0 10244.0 10581.0 11447.0 8557.0 9312.0 10105.0 9524.0 9389.0 9137.0 8040.0 9111.0 9960.0 10355.0 9611.0 9239.0 10024.0 9328.0 9952.0 9815.0 12355.0 9921.0 9347.0 8827.0 8341.0 9784.0
321 6692.0 12398.0 12134.0 9523.0 8388.0 10543.0 9378.0 9962.0 9970.0 11028.0 8503.0 9275.0 9821.0 9486.0 9296.0 9066.0 7684.0 8671.0 9767.0 9856.0 9361.0 9103.0 9627.0 9182.0 9600.0 9443.0 12053.0 9615.0 9135.0 8521.0 7963.0 9756.0
324 5216.0 12385.0 11844.0 8399.0 8091.0 10236.0 8925.0 9716.0 9583.0 10929.0 8263.0 9047.0 9572.0 8999.0 9280.0 8751.0 6907.0 8315.0 8951.0 9345.0 9269.0 8547.0 9376.0 8516.0 9476.0 9039.0 11927.0 9485.0 8792.0 8093.0 6951.0 9379.0
327 3445.0 11987.0 11605.0 6798.0 7440.0 9774.0 8469.0 9685.0 9801.0 10560.0 7730.0 8897.0 9359.0 8322.0 8687.0 8439.0 6048.0 7869.0 7808.0 8617.0 8830.0 7942.0 8659.0 7977.0 8790.0 8955.0 11254.0 9183.0 8385.0 7005.0 5914.0 9147.0
330 2037.0 11771.0 11260.0 5113.0 6807.0 9161.0 7831.0 9359.0 9617.0 10216.0 6972.0 8453.0 8838.0 7494.0 8397.0 8186.0 4604.0 6902.0 6217.0 7117.0 8065.0 6695.0 7576.0 7063.0 7983.0 8416.0 11054.0 8751.0 7544.0 6081.0 4598.0 8817.0
333 1253.0 11453.0 10888.0 3095.0 5367.0 7685.0 6309.0 8533.0 8840.0 9627.0 5715.0 7614.0 8211.0 6157.0 7126.0 7476.0 3032.0 5609.0 4422.0 5599.0 7063.0 4913.0 5853.0 5524.0 6465.0 7317.0 10201.0 7711.0 6303.0 4365.0 2797.0 7802.0
336 910.0 10930.0 10099.0 2066.0 3975.0 5926.0 4781.0 7493.0 7568.0 8457.0 4437.0 7006.0 7012.0 4627.0 5977.0 6474.0 2003.0 4107.0 2838.0 3846.0 5880.0 3507.0 4360.0 4093.0 5036.0 6193.0 9045.0 6819.0 5115.0 3034.0 1710.0 6654.0
339 817.0 10178.0 8649.0 1303.0 2639.0 3792.0 2961.0 5813.0 6186.0 6754.0 2838.0 5348.0 5580.0 3031.0 4393.0 5061.0 1220.0 2458.0 1717.0 2374.0 4232.0 1975.0 2587.0 2640.0 3009.0 4472.0 7391.0 5111.0 3641.0 1901.0 1107.0 4975.0
342 778.0 8516.0 6666.0 1019.0 1566.0 2164.0 1731.0 3813.0 4505.0 4418.0 1702.0 3723.0 3790.0 1728.0 2626.0 3507.0 912.0 1435.0 1261.0 1568.0 2633.0 1326.0 1481.0 1524.0 1784.0 2847.0 5368.0 3426.0 2155.0 1132.0 874.0 3243.0
345 733.0 6904.0 4721.0 1014.0 1088.0 1485.0 1178.0 2453.0 2894.0 2892.0 1237.0 2444.0 2413.0 1187.0 1686.0 2273.0 821.0 1120.0 1072.0 1216.0 1625.0 1023.0 1228.0 1189.0 1308.0 1680.0 3587.0 2258.0 1366.0 975.0 801.0 2025.0
348 732.0 4904.0 2760.0 922.0 854.0 1152.0 1015.0 1534.0 1706.0 1788.0 935.0 1451.0 1496.0 995.0 1238.0 1442.0 774.0 933.0 1028.0 1125.0 1175.0 952.0 1095.0 1070.0 1048.0 1306.0 2228.0 1531.0 1146.0 820.0 723.0 1374.0
351 764.0 3089.0 1863.0 915.0 803.0 1105.0 941.0 1167.0 1275.0 1472.0 885.0 1185.0 1273.0 934.0 1084.0 1098.0 718.0 861.0 970.0 1000.0 1007.0 879.0 942.0 975.0 995.0 1132.0 1664.0 1142.0 1019.0 791.0 731.0 1022.0
354 714.0 1865.0 1419.0 855.0 753.0 988.0 897.0 1058.0 1108.0 1255.0 831.0 933.0 1020.0 843.0 928.0 932.0 716.0 754.0 1020.0 929.0 938.0 800.0 911.0 903.0 905.0 968.0 1342.0 1063.0 895.0 785.0 701.0 952.0
357 673.0 1458.0 1249.0 882.0 739.0 993.0 917.0 1003.0 972.0 1178.0 738.0 864.0 1012.0 874.0 899.0 852.0 711.0 814.0 918.0 903.0 843.0 783.0 943.0 942.0 979.0 949.0 1208.0 914.0 868.0 717.0 681.0 917.0
