150 343434.0 363721.0 381985.0 366335.0 343463.0 362302.0 315024.0 335324.0 321859.0 360301.0 350225.0 325804.0 324683.0 319161.0 388058.0 365544.0 363342.0 357266.0 341306.0 373750.0 346723.0 343218.0 384513.0 719582.0 320273.0 361934.0 394758.0 361741.0 372221.0 384235.0 358673.0 398222.0
153 18058209.0 18049575.0 18045126.0 18036337.0 18050344.0 18031361.0 18057104.0 18040953.0 18054473.0 18033556.0 18048147.0 18043135.0 18058484.0 18061167.0 18039044.0 18033892.0 18047557.0 18043542.0 18051865.0 18043058.0 18040510.0 18052417.0 18024508.0 17973279.0 18042083.0 18058954.0 18014249.0 18051835.0 18035182.0 18051007.0 18056546.0 18055377.0
156 18395895.0 18389860.0 18384238.0 18373707.0 18388334.0 18367971.0 18395886.0 18378018.0 18393553.0 18369127.0 18386445.0 18379482.0 18396423.0 18399343.0 18376332.0 18372848.0 18385811.0 18382959.0 18390088.0 18382865.0 18378234.0 18391840.0 18360665.0 18311184.0 18379080.0 18397496.0 18352255.0 18390961.0 18371493.0 18390499.0 18395720.0 18395190.0
159 18712267.0 18708082.0 18702092.0 18688189.0 18705640.0 18682715.0 18714031.0 18692729.0 18710754.0 18684606.0 18703312.0 18694979.0 18713462.0 18716926.0 18692886.0 18687701.0 18703656.0 18700161.0 18708111.0 18700705.0 18693120.0 18708713.0 18676481.0 18632946.0 18694753.0 18715020.0 18667901.0 18708067.0 18688695.0 18707887.0 18712665.0 18713277.0
162 19009727.0 19007386.0 19000863.0 18984620.0 19004508.0 18978552.0 19012793.0 18990257.0 19008469.0 18980271.0 19001861.0 18991327.0 19011502.0 19015437.0 18990509.0 18984456.0 19001616.0 18999008.0 19005938.0 18999475.0 18989911.0 19006656.0 18971101.0 18927431.0 18992382.0 19013251.0 18964162.0 19006476.0 18981520.0 19007338.0 19011174.0 19010443.0
165 19261630.0 19259493.0 19253442.0 19234757.0 19257249.0 19226842.0 19265376.0 19239192.0 19260742.0 19228747.0 19254313.0 19240659.0 19264123.0 19267891.0 19242979.0 19235391.0 19254064.0 19251152.0 19258801.0 19251445.0 19239691.0 19258581.0 19218207.0 19173438.0 19241547.0 19265277.0 19210974.0 19258590.0 19232115.0 19258699.0 19263700.0 19262186.0
168 19636755.0 19635221.0 19628608.0 19602479.0 19632172.0 19586639.0 19642374.0 19606204.0 19636569.0 19590417.0 19630471.0 19606741.0 19639481.0 19643829.0 19616510.0 19608510.0 19628218.0 19627586.0 19634739.0 19627225.0 19609364.0 19633627.0 19581180.0 19542355.0 19611044.0 19640367.0 19577258.0 19633583.0 19595017.0 19635510.0 19639067.0 19637367.0
171 19743919.0 19747592.0 19736802.0 19688781.0 19743365.0 19636637.0 19756216.0 19677587.0 19746894.0 19643743.0 19744277.0 19672126.0 19753076.0 19755044.0 19725406.0 19708762.0 19740359.0 19740206.0 19746840.0 19739699.0 19699925.0 19744194.0 19634861.0 19642757.0 19697254.0 19749108.0 19651805.0 19742594.0 19666096.0 19745438.0 19748604.0 19745907.0
174 19606242.0 19636401.0 19586394.0 19461713.0 19596433.0 19408064.0 19633471.0 19463773.0 19597693.0 19425068.0 19601204.0 19465965.0 19609354.0 19606375.0 19550914.0 19499564.0 19580201.0 19611306.0 19595870.0 19600788.0 19482550.0 19589860.0 19405257.0 19403581.0 19483213.0 19591239.0 19401469.0 19586886.0 19422928.0 19600158.0 19612533.0 19605202.0
177 13268891.0 13540035.0 13056826.0 12387973.0 13097168.0 12048583.0 13346009.0 12410162.0 13056380.0 12136404.0 13240364.0 12375134.0 13106256.0 12795202.0 12874890.0 12881641.0 12829774.0 13412301.0 12884193.0 13154583.0 12336960.0 12967084.0 12133290.0 12364047.0 12630938.0 12511561.0 12452732.0 12806657.0 12003546.0 12846222.0 13117485.0 12952517.0
180 8032172.0 8309600.0 7982582.0 8138631.0 8083612.0 7896483.0 8373614.0 8281603.0 8172746.0 7995440.0 8414089.0 8223208.0 8255540.0 8006880.0 8137191.0 8710701.0 8044992.0 8589298.0 8096267.0 8362238.0 8163678.0 8141034.0 7980251.0 7769817.0 8513942.0 7706762.0 8366959.0 7971407.0 7808223.0 8000415.0 8182121.0 7965157.0
183 3154492.0 3314476.0 3129469.0 3238635.0 3159133.0 3089901.0 3321108.0 3303966.0 3203186.0 3117151.0 3358046.0 3250491.0 3220589.0 3101742.0 3208703.0 3559185.0 3110744.0 3451672.0 3130117.0 3329928.0 3239880.0 3196500.0 3160340.0 3172050.0 3460850.0 2917987.0 3409293.0 3080864.0 3081116.0 3118353.0 3227309.0 3080595.0
186 342146.0 374949.0 373164.0 367193.0 345382.0 352093.0 352080.0 357218.0 341936.0 347029.0 389349.0 343195.0 336174.0 319846.0 405683.0 416468.0 353320.0 411725.0 337536.0 406047.0 354492.0 372896.0 384961.0 674225.0 375487.0 334828.0 424484.0 362384.0 371765.0 392696.0 392744.0 392884.0
189 309367.0 325317.0 345431.0 331245.0 310445.0 325873.0 286312.0 304966.0 292414.0 317849.0 319818.0 294408.0 290620.0 286091.0 355749.0 329773.0 325617.0 327693.0 305857.0 339935.0 312549.0 310457.0 349053.0 631230.0 294060.0 315177.0 363858.0 321214.0 333219.0 345601.0 323148.0 354723.0
192 310239.0 325947.0 345622.0 331926.0 310913.0 326838.0 284969.0 302542.0 291862.0 317112.0 317223.0 291850.0 289254.0 286913.0 352541.0 327702.0 326758.0 324934.0 306691.0 336819.0 310928.0 308266.0 352530.0 672985.0 288588.0 316351.0 361905.0 320870.0 333175.0 342344.0 318766.0 353244.0
195 310391.0 329198.0 346593.0 332024.0 311991.0 328531.0 285943.0 304483.0 292448.0 318717.0 318871.0 293642.0 290569.0 287236.0 355576.0 328318.0 327788.0 324400.0 306564.0 337766.0 311085.0 309904.0 354688.0 669931.0 289213.0 316466.0 361815.0 322107.0 335461.0 342640.0 319447.0 355173.0
198 309712.0 327056.0 347434.0 332542.0 312720.0 327880.0 284739.0 304216.0 291618.0 317953.0 317216.0 294288.0 289451.0 285543.0 353379.0 329583.0 327328.0 323329.0 306876.0 337961.0 312910.0 309882.0 352508.0 673570.0 289126.0 316204.0 361355.0 321012.0 334721.0 344093.0 321144.0 354654.0
201 310525.0 328436.0 348044.0 332078.0 312369.0 327292.0 284861.0 302986.0 292337.0 318258.0 319755.0 293993.0 292048.0 287003.0 353289.0 325673.0 327225.0 324664.0 306792.0 338695.0 311205.0 309892.0 349277.0 659601.0 289554.0 316871.0 362021.0 321763.0 334607.0 343272.0 320207.0 353130.0
204 311737.0 329258.0 347178.0 330256.0 312286.0 327995.0 284847.0 305588.0 293121.0 318949.0 319440.0 294590.0 291321.0 287739.0 354101.0 326645.0 327157.0 324288.0 307723.0 339606.0 312367.0 310382.0 349971.0 618983.0 289830.0 316413.0 361991.0 321218.0 325961.0 344267.0 320093.0 355658.0
207 311924.0 326446.0 349519.0 332743.0 313055.0 329520.0 287364.0 305030.0 294033.0 319592.0 320474.0 294572.0 291992.0 285751.0 356065.0 327244.0 327792.0 326553.0 308043.0 340398.0 312610.0 310367.0 354560.0 629049.0 291000.0 317848.0 362719.0 322766.0 327115.0 345901.0 320705.0 356504.0
210 310927.0 326022.0 348963.0 334410.0 312103.0 328442.0 287317.0 305006.0 295114.0 320262.0 320174.0 294883.0 291929.0 287028.0 354299.0 324115.0 328029.0 324884.0 307637.0 340089.0 312755.0 310890.0 354962.0 662986.0 289996.0 317028.0 362509.0 322945.0 325959.0 343872.0 320519.0 355702.0
213 310564.0 324038.0 345979.0 331343.0 312215.0 327381.0 284344.0 304659.0 292736.0 317608.0 318259.0 294143.0 290335.0 284814.0 355344.0 322031.0 326698.0 325064.0 306529.0 338673.0 310091.0 309510.0 354022.0 664848.0 290289.0 315936.0 360395.0 320170.0 324885.0 342727.0 318568.0 353856.0
216 309587.0 323168.0 344950.0 329979.0 311113.0 326741.0 284645.0 304350.0 290262.0 316904.0 320531.0 293201.0 288574.0 284965.0 354808.0 321158.0 325679.0 323979.0 306219.0 336500.0 312334.0 309938.0 352112.0 670215.0 289827.0 314131.0 360193.0 320448.0 323337.0 342038.0 318907.0 352674.0
219 309515.0 322301.0 343773.0 330512.0 309664.0 326934.0 284100.0 302773.0 291350.0 316108.0 318015.0 293650.0 289709.0 284103.0 355227.0 325964.0 325362.0 322758.0 306632.0 336832.0 310221.0 308896.0 352112.0 658947.0 287298.0 314582.0 359754.0 321045.0 323034.0 342241.0 318389.0 352621.0
222 308300.0 322822.0 344138.0 328684.0 310044.0 324162.0 283471.0 300471.0 290710.0 316187.0 317492.0 291429.0 288784.0 283265.0 354016.0 325232.0 324592.0 322426.0 304830.0 336367.0 308827.0 307769.0 350579.0 667031.0 287643.0 312718.0 359099.0 319069.0 321710.0 341039.0 316896.0 351648.0
225 305892.0 320180.0 341912.0 328864.0 308355.0 324098.0 282193.0 300543.0 289987.0 314241.0 316641.0 291553.0 288131.0 282780.0 351958.0 322956.0 323962.0 320578.0 304048.0 334954.0 308237.0 305966.0 350005.0 653032.0 287116.0 312007.0 356730.0 318093.0 320961.0 339370.0 315362.0 348917.0
228 307473.0 322243.0 341487.0 327563.0 307101.0 323814.0 281049.0 301295.0 288927.0 314217.0 317152.0 289960.0 287785.0 281473.0 351447.0 324220.0 322002.0 319976.0 302897.0 334479.0 307291.0 305079.0 352587.0 604349.0 285704.0 311863.0 356679.0 317178.0 321617.0 338576.0 315790.0 348691.0
231 305339.0 322671.0 341209.0 326722.0 308023.0 322879.0 280542.0 300078.0 288942.0 314485.0 315219.0 289715.0 286914.0 281270.0 350469.0 323384.0 321180.0 319237.0 303213.0 333414.0 305540.0 305705.0 352311.0 643293.0 284066.0 310381.0 355090.0 316869.0 319655.0 337394.0 313720.0 347952.0
234 303895.0 318970.0 338815.0 324408.0 306182.0 321085.0 280127.0 298240.0 287703.0 314368.0 313279.0 288240.0 285517.0 280219.0 348292.0 321285.0 319495.0 317978.0 300950.0 331372.0 304561.0 303587.0 349918.0 643966.0 284560.0 310292.0 353925.0 313970.0 318066.0 337243.0 311833.0 345931.0
237 302742.0 317691.0 337763.0 322863.0 304122.0 320194.0 278913.0 296919.0 285534.0 311414.0 312205.0 286296.0 283039.0 277935.0 346791.0 319194.0 316724.0 317790.0 299222.0 330301.0 303310.0 301003.0 348255.0 622417.0 284118.0 305700.0 351862.0 312381.0 317222.0 335432.0 311303.0 344563.0
240 303235.0 318571.0 337304.0 323683.0 305026.0 320833.0 279302.0 297019.0 286703.0 310788.0 311250.0 288148.0 285780.0 279192.0 348103.0 321678.0 318741.0 318029.0 299966.0 330211.0 304106.0 302507.0 343427.0 599583.0 283407.0 305240.0 353706.0 314230.0 325379.0 334648.0 311400.0 345651.0
243 300750.0 316080.0 334044.0 320575.0 302660.0 317557.0 276356.0 293984.0 285409.0 308443.0 310773.0 286049.0 282083.0 273830.0 343795.0 316214.0 315142.0 314389.0 298183.0 326796.0 297779.0 300828.0 340480.0 596234.0 282676.0 297617.0 348812.0 311395.0 321702.0 328776.0 308543.0 340111.0
246 300244.0 313273.0 329555.0 314680.0 299730.0 314917.0 273399.0 292758.0 283019.0 305828.0 306381.0 282466.0 280127.0 260796.0 341048.0 299122.0 309820.0 312109.0 293274.0 322515.0 289110.0 298327.0 342337.0 583162.0 278908.0 275123.0 343011.0 308248.0 313055.0 319034.0 306290.0 332718.0
249 297849.0 295061.0 308439.0 286115.0 296278.0 309142.0 263439.0 282347.0 278651.0 295984.0 298956.0 275261.0 276444.0 213033.0 333304.0 247474.0 288767.0 300395.0 276198.0 307214.0 248555.0 292213.0 330054.0 576272.0 273230.0 217223.0 319303.0 298345.0 283837.0 284295.0 297297.0 301062.0
252 284536.0 258535.0 248181.0 223641.0 274133.0 280804.0 230261.0 248974.0 265277.0 263147.0 269580.0 249130.0 259136.0 136999.0 298993.0 158093.0 230067.0 263175.0 226583.0 263859.0 169051.0 272203.0 285383.0 469298.0 252605.0 139721.0 259045.0 268065.0 220634.0 218333.0 270715.0 242258.0
255 246671.0 175815.0 153685.0 128505.0 215062.0 212192.0 159693.0 177406.0 220195.0 192477.0 200699.0 186985.0 208913.0 66291.0 223189.0 74689.0 137162.0 187557.0 142580.0 181064.0 85245.0 221159.0 203829.0 286509.0 198661.0 72102.0 165268.0 202305.0 136393.0 132791.0 215064.0 161211.0
258 149116.0 69369.0 57426.0 48187.0 100007.0 96958.0 63401.0 73238.0 117784.0 83118.0 88382.0 83965.0 103387.0 29104.0 100560.0 32717.0 49303.0 78778.0 52432.0 73652.0 34307.0 118099.0 88161.0 103156.0 97869.0 32674.0 62919.0 92919.0 53972.0 53302.0 114686.0 67893.0
261 75180.0 37173.0 34616.0 31872.0 46218.0 46824.0 32566.0 35887.0 53789.0 40870.0 41554.0 39632.0 46143.0 23068.0 48513.0 26793.0 32334.0 39310.0 31456.0 38095.0 26969.0 55108.0 44610.0 66285.0 44870.0 26664.0 38043.0 43551.0 33048.0 32844.0 55425.0 38125.0
264 38530.0 29645.0 28977.0 27377.0 31742.0 32533.0 25331.0 27502.0 30987.0 30103.0 29949.0 27809.0 29062.0 19879.0 34606.0 23348.0 28023.0 29542.0 26253.0 29770.0 23126.0 32520.0 33754.0 56945.0 29103.0 22717.0 31550.0 30631.0 27657.0 27415.0 32962.0 30432.0
267 31191.0 25833.0 25009.0 23620.0 27869.0 28036.0 21974.0 23954.0 25871.0 26634.0 26476.0 24278.0 24919.0 18030.0 30012.0 20613.0 24077.0 25708.0 22488.0 26155.0 20218.0 28211.0 29532.0 49534.0 25157.0 20590.0 27432.0 26788.0 24648.0 23740.0 27963.0 27024.0
270 27678.0 22728.0 22180.0 21134.0 23947.0 24549.0 19200.0 21192.0 22961.0 23434.0 22972.0 21029.0 21991.0 17166.0 26269.0 19559.0 21203.0 22746.0 20320.0 22873.0 18685.0 24678.0 25664.0 44999.0 22137.0 19414.0 24482.0 23141.0 21840.0 21343.0 24370.0 23871.0
273 23346.0 20673.0 20734.0 19962.0 20831.0 22073.0 17425.0 18679.0 19875.0 21135.0 20300.0 18311.0 19227.0 16660.0 23114.0 19124.0 20011.0 20636.0 18756.0 21255.0 18273.0 21197.0 22484.0 40553.0 19439.0 18835.0 23031.0 20632.0 20136.0 19866.0 20988.0 22412.0
276 21248.0 20289.0 20493.0 19964.0 19564.0 20786.0 17284.0 18105.0 18518.0 20329.0 19663.0 17387.0 18251.0 16452.0 22066.0 19220.0 19599.0 19910.0 18574.0 20904.0 17831.0 19865.0 21521.0 40760.0 18448.0 18734.0 22559.0 19653.0 19629.0 19632.0 19591.0 21758.0
279 19965.0 20056.0 20384.0 19868.0 19327.0 20475.0 16942.0 17642.0 18031.0 19918.0 19331.0 16823.0 18058.0 16348.0 21656.0 19298.0 19451.0 19534.0 18173.0 20202.0 17976.0 19051.0 21113.0 39333.0 17954.0 18285.0 22460.0 19361.0 19432.0 18981.0 19098.0 21328.0
282 19732.0 19750.0 20316.0 19674.0 19110.0 20407.0 16558.0 17602.0 17698.0 20026.0 19187.0 16953.0 17623.0 16041.0 21365.0 18929.0 19345.0 19362.0 18196.0 20154.0 17454.0 18899.0 20733.0 40220.0 17675.0 18436.0 22033.0 18949.0 19029.0 19083.0 18851.0 21311.0
285 19512.0 19796.0 19935.0 19041.0 18821.0 19858.0 16522.0 17238.0 17780.0 19946.0 18797.0 16811.0 17303.0 15839.0 21289.0 18930.0 19230.0 19296.0 17773.0 20162.0 17513.0 18831.0 20485.0 39296.0 17625.0 18506.0 21820.0 18718.0 19302.0 18792.0 18837.0 21356.0
288 19321.0 19588.0 19766.0 18903.0 18658.0 19664.0 16246.0 17106.0 17674.0 19678.0 18673.0 16375.0 17267.0 15781.0 20660.0 18460.0 18953.0 19193.0 17641.0 19624.0 17123.0 18788.0 20269.0 39531.0 17564.0 18112.0 21668.0 18654.0 19400.0 18392.0 18440.0 20898.0
291 19176.0 19045.0 19329.0 18733.0 18777.0 19941.0 16330.0 17126.0 17424.0 19371.0 18419.0 16197.0 17206.0 15788.0 20671.0 18370.0 18767.0 18809.0 17455.0 20051.0 17112.0 18650.0 20358.0 38869.0 17343.0 17982.0 21716.0 18329.0 18995.0 18370.0 18001.0 20718.0
294 18952.0 19290.0 19390.0 18601.0 18336.0 19535.0 16409.0 17091.0 17275.0 19272.0 18352.0 16353.0 16991.0 15506.0 20384.0 18016.0 18643.0 18843.0 17447.0 19643.0 16879.0 18478.0 20293.0 38220.0 17282.0 17820.0 21284.0 18395.0 18872.0 18103.0 18301.0 20497.0
297 19084.0 18726.0 19086.0 18468.0 18326.0 19384.0 15713.0 16760.0 16919.0 18927.0 17787.0 15929.0 16819.0 15268.0 20580.0 18102.0 18250.0 18426.0 17117.0 19064.0 16148.0 18090.0 20011.0 37748.0 17047.0 17353.0 20798.0 18334.0 18364.0 18014.0 18029.0 20455.0
300 18797.0 18588.0 19119.0 18264.0 17965.0 18991.0 15751.0 16633.0 17143.0 18850.0 17770.0 15544.0 16424.0 15026.0 20126.0 17773.0 17806.0 18531.0 16988.0 19049.0 16247.0 18125.0 19773.0 35786.0 16937.0 17006.0 20452.0 17926.0 18656.0 17826.0 17730.0 19853.0
303 18507.0 18221.0 18644.0 17929.0 17777.0 18782.0 15657.0 16434.0 16755.0 18748.0 17736.0 15915.0 16263.0 15042.0 20113.0 17624.0 17938.0 18104.0 16568.0 19039.0 15946.0 18108.0 19392.0 36272.0 16506.0 16786.0 20502.0 17714.0 18215.0 17480.0 17221.0 19780.0
306 18009.0 18266.0 18168.0 17722.0 17494.0 18655.0 15361.0 15863.0 16403.0 18535.0 17261.0 15561.0 16337.0 14555.0 19322.0 16902.0 17339.0 17988.0 16508.0 18550.0 15691.0 17524.0 18949.0 35803.0 16459.0 16684.0 19901.0 17509.0 17859.0 17265.0 16994.0 19181.0
309 18155.0 17657.0 18153.0 17199.0 17086.0 18301.0 14991.0 16125.0 16112.0 17934.0 17103.0 15181.0 16244.0 14381.0 19490.0 16516.0 17134.0 17717.0 16115.0 18292.0 15400.0 17364.0 18577.0 32866.0 16296.0 16431.0 19886.0 16916.0 17273.0 17028.0 16911.0 18866.0
312 17680.0 17630.0 17743.0 16905.0 17044.0 18178.0 14865.0 15815.0 16054.0 17675.0 16934.0 14907.0 15813.0 13993.0 19073.0 16459.0 16836.0 17198.0 15916.0 18147.0 15190.0 17152.0 18407.0 34499.0 15972.0 16153.0 19393.0 17044.0 16892.0 16377.0 16575.0 18722.0
315 17731.0 17171.0 17478.0 16927.0 16724.0 17632.0 14692.0 15271.0 16127.0 17470.0 16591.0 14639.0 15669.0 13716.0 18869.0 16075.0 16838.0 16962.0 15513.0 17452.0 14723.0 16839.0 18182.0 31986.0 15925.0 15862.0 19175.0 16652.0 16968.0 16252.0 16176.0 18422.0
318 17472.0 17005.0 16863.0 16319.0 16662.0 17460.0 14215.0 14989.0 15337.0 17076.0 16269.0 14599.0 15325.0 13321.0 18258.0 15713.0 16300.0 16650.0 15601.0 17242.0 14556.0 16524.0 18190.0 32822.0 15391.0 15366.0 18755.0 16221.0 16328.0 16044.0 16119.0 18122.0
321 17035.0 16517.0 16776.0 16225.0 16123.0 17067.0 14249.0 14756.0 15533.0 17023.0 16019.0 13921.0 15089.0 12937.0 18163.0 14970.0 15710.0 16218.0 14947.0 16798.0 14126.0 16297.0 17387.0 31926.0 15248.0 14691.0 18065.0 16068.0 15953.0 15384.0 15780.0 17516.0
324 16636.0 15675.0 16172.0 15522.0 16060.0 16784.0 13931.0 14293.0 15110.0 16243.0 15472.0 14120.0 14806.0 12342.0 17450.0 14226.0 15625.0 15791.0 14478.0 16432.0 13507.0 15915.0 17460.0 30553.0 14859.0 13885.0 17675.0 15656.0 15527.0 14707.0 15400.0 16896.0
327 16413.0 15580.0 15247.0 14462.0 15434.0 16576.0 13313.0 14121.0 14647.0 16093.0 15293.0 13631.0 14428.0 10991.0 17096.0 12631.0 15059.0 15485.0 14204.0 16020.0 12571.0 15556.0 16697.0 28879.0 14668.0 12195.0 16775.0 15316.0 14783.0 13834.0 15217.0 16038.0
330 15947.0 14881.0 14361.0 13108.0 14966.0 15876.0 12823.0 13508.0 14581.0 15441.0 14524.0 13039.0 14325.0 8871.0 16117.0 9974.0 13868.0 14297.0 13107.0 14861.0 10522.0 15296.0 15592.0 27215.0 13892.0 10067.0 15204.0 14614.0 12966.0 12220.0 14396.0 14527.0
333 15533.0 13096.0 12403.0 11040.0 14262.0 14697.0 11399.0 12360.0 13595.0 14673.0 13430.0 12254.0 13405.0 6375.0 15198.0 6964.0 11741.0 13092.0 11310.0 13432.0 8268.0 14449.0 14291.0 22904.0 13198.0 7767.0 12985.0 13790.0 11304.0 10146.0 13308.0 12258.0
336 14357.0 10878.0 9375.0 7902.0 12481.0 12852.0 9116.0 10417.0 12510.0 12564.0 11610.0 10915.0 12334.0 4035.0 13259.0 4029.0 8718.0 10503.0 8728.0 10757.0 5310.0 12926.0 12023.0 16434.0 11724.0 5203.0 9433.0 11717.0 8535.0 7615.0 11900.0 9538.0
339 12950.0 7929.0 6545.0 5095.0 10214.0 10390.0 6484.0 7784.0 10838.0 9794.0 8924.0 8754.0 10329.0 2401.0 10245.0 2568.0 5822.0 8156.0 6026.0 7723.0 3239.0 11128.0 9707.0 12156.0 9585.0 3199.0 6493.0 9607.0 6038.0 5181.0 9907.0 7027.0
342 11249.0 5300.0 4087.0 3266.0 7604.0 7630.0 4339.0 5512.0 8674.0 7293.0 6206.0 6495.0 8146.0 1838.0 7786.0 1912.0 3718.0 5447.0 3781.0 5214.0 2155.0 8583.0 6937.0 7660.0 7152.0 2304.0 4134.0 7400.0 4073.0 3457.0 8019.0 4763.0
345 8541.0 3156.0 2671.0 2295.0 4877.0 4803.0 2688.0 3238.0 5835.0 4480.0 3800.0 4065.0 5386.0 1484.0 4958.0 1764.0 2480.0 3155.0 2341.0 3147.0 1742.0 6056.0 4245.0 5077.0 4613.0 1958.0 2861.0 4526.0 2678.0 2271.0 5478.0 3035.0
348 5980.0 2377.0 1935.0 1943.0 3119.0 3011.0 1909.0 2239.0 3701.0 2949.0 2494.0 2626.0 3362.0 1335.0 3166.0 1605.0 1989.0 2317.0 1981.0 2246.0 1550.0 3681.0 2937.0 4150.0 2927.0 1689.0 2372.0 2955.0 2071.0 1829.0 3655.0 2323.0
351 3874.0 2001.0 1786.0 1703.0 2294.0 2343.0 1619.0 1747.0 2449.0 2220.0 1960.0 1949.0 2187.0 1339.0 2443.0 1612.0 1819.0 1892.0 1708.0 1992.0 1448.0 2553.0 2260.0 3282.0 2096.0 1505.0 2051.0 2158.0 1872.0 1733.0 2450.0 2061.0
354 2610.0 1756.0 1750.0 1649.0 1960.0 2055.0 1483.0 1569.0 1918.0 1948.0 1765.0 1665.0 1800.0 1189.0 2126.0 1437.0 1690.0 1837.0 1528.0 1808.0 1429.0 2101.0 2016.0 3270.0 1858.0 1534.0 1962.0 1875.0 1655.0 1586.0 1943.0 1933.0
357 2187.0 1631.0 1630.0 1544.0 1783.0 1878.0 1386.0 1447.0 1732.0 1802.0 1557.0 1504.0 1636.0 1226.0 1816.0 1511.0 1509.0 1628.0 1482.0 1705.0 1398.0 1906.0 1874.0 2913.0 1583.0 1556.0 1907.0 1657.0 1617.0 1513.0 1774.0 1718.0
