150 405225.0 390393.0 391290.0 416891.0 449104.0 356809.0 305526.0 432096.0 347565.0 403498.0 376332.0 362541.0 350206.0 361867.0 337358.0 261901.0 406398.0 291530.0 290477.0 327693.0 346999.0 516106.0 244607.0 424593.0 303357.0 422426.0 314814.0 341762.0 291421.0 244801.0 303695.0 294147.0
153 436777.0 428898.0 421190.0 443190.0 520989.0 410742.0 377501.0 462394.0 431299.0 440759.0 410210.0 445759.0 438213.0 405277.0 403777.0 381388.0 428615.0 420681.0 382729.0 420537.0 442209.0 600887.0 370963.0 457261.0 431034.0 464381.0 396868.0 397500.0 389573.0 391340.0 391210.0 403610.0
156 760058.0 764757.0 751018.0 758107.0 875274.0 738391.0 708837.0 780864.0 764100.0 755519.0 770117.0 774532.0 774320.0 720874.0 750083.0 701731.0 753670.0 757656.0 718981.0 758341.0 778902.0 970105.0 704612.0 797580.0 774553.0 810168.0 727289.0 736931.0 744429.0 762210.0 771832.0 777163.0
159 15640530.0 15637586.0 15638536.0 15574205.0 15618660.0 15586723.0 15613711.0 15578360.0 15603959.0 15577394.0 15654423.0 15580966.0 15617195.0 15611033.0 15636559.0 15570135.0 15621122.0 15601790.0 15618060.0 15606870.0 15579104.0 15611863.0 15573375.0 15609656.0 15560960.0 15613053.0 15566203.0 15605355.0 15589609.0 15607193.0 15637172.0 15634475.0
162 18539914.0 18540872.0 18537405.0 18477057.0 18505853.0 18492192.0 18532688.0 18472182.0 18513016.0 18477987.0 18536309.0 18479965.0 18517917.0 18521899.0 18532983.0 18494991.0 18516554.0 18514482.0 18533096.0 18517589.0 18480761.0 18476517.0 18498852.0 18507735.0 18477287.0 18513205.0 18488056.0 18525141.0 18501116.0 18527566.0 18544476.0 18541296.0
165 18834206.0 18835930.0 18832001.0 18772410.0 18803968.0 18786486.0 18827144.0 18768188.0 18807546.0 18772374.0 18829636.0 18775635.0 18812754.0 18815131.0 18827555.0 18791050.0 18809379.0 18809622.0 18827184.0 18811330.0 18775023.0 18773042.0 18794156.0 18801975.0 18771990.0 18807233.0 18782304.0 18822251.0 18797068.0 18824140.0 18840512.0 18837390.0
168 19003616.0 19005095.0 19002314.0 18942567.0 18977762.0 18957911.0 18999060.0 18937543.0 18978684.0 18943867.0 19000477.0 18946530.0 18984787.0 18987042.0 18999344.0 18963457.0 18981230.0 18982785.0 19001007.0 18985097.0 18947404.0 18949626.0 18967312.0 18973448.0 18944670.0 18980304.0 18955526.0 18994958.0 18970031.0 18998642.0 19015035.0 19011271.0
171 19195805.0 19199671.0 19197828.0 19131772.0 19174626.0 19148808.0 19196529.0 19126459.0 19175055.0 19135441.0 19198098.0 19138149.0 19181526.0 19186114.0 19197965.0 19159314.0 19178930.0 19179018.0 19198545.0 19181231.0 19139154.0 19144233.0 19160734.0 19172242.0 19138209.0 19176274.0 19148533.0 19191920.0 19163545.0 19195756.0 19211616.0 19207160.0
174 19398686.0 19404153.0 19403197.0 19337232.0 19379529.0 19353278.0 19406494.0 19329538.0 19386176.0 19339306.0 19406002.0 19343021.0 19392886.0 19396579.0 19408526.0 19363684.0 19387753.0 19391256.0 19410362.0 19395509.0 19345153.0 19353630.0 19367357.0 19381256.0 19345327.0 19387004.0 19355148.0 19403686.0 19372508.0 19408565.0 19421274.0 19417387.0
177 19323060.0 19329611.0 19327220.0 19228196.0 19305990.0 19251311.0 19334206.0 19212737.0 19312885.0 19232095.0 19331925.0 19256095.0 19322290.0 19326924.0 19340759.0 19287996.0 19316711.0 19321692.0 19343558.0 19325686.0 19265765.0 19280914.0 19292071.0 19309975.0 19270439.0 19314378.0 19276770.0 19332989.0 19297944.0 19339037.0 19350486.0 19347363.0
180 18998214.0 19008708.0 18991954.0 18807940.0 18981469.0 18832103.0 19018072.0 18789607.0 18990757.0 18822364.0 18987961.0 18853136.0 19000899.0 19008789.0 19029999.0 18923481.0 18981825.0 19016032.0 19046947.0 19023411.0 18883926.0 18961070.0 18932391.0 18988061.0 18906245.0 18998804.0 18902289.0 19029462.0 18946897.0 19047163.0 19055375.0 19055450.0
183 18097751.0 18084548.0 17899151.0 17330633.0 17807573.0 17173222.0 17779500.0 17168192.0 17699937.0 17219526.0 17506593.0 17241432.0 17628912.0 17749202.0 17667095.0 17453070.0 17636391.0 17709489.0 17788509.0 17719154.0 17261941.0 17494989.0 17355270.0 17594386.0 17372154.0 17615463.0 17350580.0 17675346.0 17346751.0 17781685.0 17707274.0 17793987.0
186 10468937.0 10460687.0 10374562.0 10342549.0 10429361.0 10079885.0 10390894.0 10185216.0 10418952.0 10243946.0 10066528.0 10291721.0 10322314.0 10527372.0 10360343.0 10544085.0 10377869.0 10507453.0 10559126.0 10513896.0 10223614.0 10315143.0 10324972.0 10370688.0 10480549.0 10353566.0 10376426.0 10407515.0 10236586.0 10537536.0 10336154.0 10442212.0
189 8933268.0 8924074.0 8871133.0 9131523.0 8944821.0 8809154.0 8897964.0 8962045.0 8950210.0 9013026.0 8494557.0 9082497.0 8807661.0 9078808.0 8844360.0 9371514.0 8881948.0 9051043.0 9103807.0 9048890.0 8950263.0 8802726.0 9109573.0 8869058.0 9306420.0 8828338.0 9208343.0 8906806.0 8985334.0 9063348.0 8780970.0 8896645.0
192 670246.0 662785.0 643010.0 675577.0 740666.0 578041.0 602689.0 655008.0 661655.0 644129.0 548422.0 649845.0 626639.0 696773.0 607732.0 680063.0 663767.0 687690.0 658672.0 681012.0 633397.0 782684.0 601172.0 676317.0 722314.0 678938.0 663976.0 637461.0 622502.0 688574.0 591287.0 628703.0
195 409601.0 402404.0 395450.0 426167.0 482546.0 385487.0 363898.0 441674.0 411807.0 418258.0 376350.0 424882.0 411898.0 393627.0 376839.0 378344.0 408823.0 409777.0 369696.0 400199.0 415449.0 562338.0 364858.0 433281.0 429422.0 437465.0 387960.0 379455.0 377559.0 399903.0 364711.0 388315.0
198 407739.0 399226.0 392492.0 421679.0 486485.0 386221.0 360049.0 437447.0 407189.0 415401.0 376539.0 422481.0 410900.0 382832.0 375085.0 368985.0 406487.0 402713.0 362729.0 392633.0 415893.0 562163.0 360685.0 428370.0 416353.0 432852.0 379258.0 373476.0 370875.0 386779.0 363915.0 384142.0
201 406476.0 398610.0 391821.0 419486.0 487043.0 385262.0 360987.0 437072.0 408006.0 416722.0 377629.0 422505.0 410748.0 382887.0 374353.0 368472.0 405338.0 403540.0 362239.0 392205.0 414976.0 560684.0 360399.0 426451.0 415641.0 431561.0 378354.0 372895.0 370278.0 387288.0 361915.0 383008.0
204 407508.0 400987.0 392176.0 420686.0 487245.0 386401.0 360697.0 439503.0 408509.0 417662.0 378073.0 422233.0 411324.0 382812.0 374625.0 369187.0 405621.0 402955.0 363836.0 394103.0 415048.0 563599.0 360712.0 427925.0 418512.0 433473.0 378823.0 374292.0 371104.0 387439.0 362775.0 384201.0
207 407758.0 400194.0 392259.0 421753.0 494061.0 386981.0 361155.0 437314.0 408736.0 416939.0 377966.0 422079.0 412008.0 383042.0 374391.0 370412.0 405758.0 402771.0 362738.0 392362.0 416608.0 563384.0 362493.0 428254.0 418120.0 432913.0 380516.0 373347.0 371782.0 387725.0 363753.0 384348.0
210 408036.0 400488.0 394226.0 422358.0 490239.0 388288.0 361633.0 440458.0 408539.0 417112.0 377808.0 424202.0 412492.0 385195.0 375056.0 369950.0 406014.0 403016.0 362149.0 393656.0 415068.0 562820.0 361295.0 429180.0 417970.0 434034.0 379102.0 374383.0 373062.0 387178.0 363374.0 385438.0
213 408802.0 401058.0 394053.0 422115.0 484360.0 387549.0 361839.0 438860.0 411574.0 417247.0 378591.0 422566.0 412882.0 384991.0 376081.0 369789.0 406213.0 403966.0 363818.0 398446.0 415630.0 561237.0 362815.0 429655.0 419301.0 434574.0 380782.0 374797.0 373299.0 388476.0 364754.0 384916.0
216 407666.0 400756.0 392513.0 422309.0 482688.0 386311.0 361191.0 438385.0 408709.0 418420.0 378101.0 422909.0 412748.0 384497.0 374617.0 370584.0 406834.0 402936.0 363449.0 397202.0 415835.0 563856.0 360556.0 429298.0 418886.0 433885.0 378768.0 373649.0 371380.0 387266.0 363627.0 385484.0
219 407338.0 401475.0 395040.0 423434.0 484367.0 385219.0 361199.0 439213.0 408562.0 418124.0 376899.0 422501.0 412051.0 384284.0 373882.0 368735.0 407437.0 402399.0 363912.0 401145.0 416326.0 558035.0 361198.0 428939.0 419331.0 433799.0 380187.0 373473.0 370485.0 385180.0 362736.0 385287.0
222 407697.0 398529.0 393431.0 422579.0 490948.0 384669.0 360063.0 437730.0 408171.0 417386.0 377466.0 421400.0 411167.0 384902.0 373655.0 369203.0 407070.0 402261.0 361583.0 396383.0 414561.0 563595.0 359918.0 427943.0 418106.0 433756.0 378788.0 374090.0 370513.0 386092.0 362678.0 384762.0
225 407281.0 398486.0 389902.0 420157.0 487246.0 383538.0 357534.0 435242.0 405748.0 415270.0 374670.0 418843.0 409733.0 382054.0 371249.0 366697.0 404677.0 399707.0 360709.0 390046.0 412057.0 559750.0 357712.0 426075.0 413912.0 432256.0 376211.0 371299.0 367766.0 384950.0 361846.0 381404.0
228 405016.0 395673.0 389199.0 419223.0 489842.0 382658.0 356914.0 434637.0 404550.0 414073.0 373149.0 417816.0 407016.0 381129.0 370263.0 364785.0 403535.0 398253.0 359102.0 389691.0 410714.0 549720.0 357024.0 424924.0 412673.0 429359.0 375609.0 369707.0 368342.0 384313.0 358028.0 378850.0
231 403504.0 395605.0 388103.0 418565.0 489210.0 382881.0 357356.0 435643.0 404313.0 413563.0 375159.0 417698.0 407745.0 381787.0 369327.0 365575.0 402964.0 398837.0 358075.0 392035.0 410779.0 557639.0 357111.0 423293.0 413526.0 428410.0 375223.0 370240.0 367659.0 384357.0 359214.0 380363.0
234 402790.0 397039.0 388843.0 421225.0 487588.0 381345.0 355536.0 434218.0 404899.0 414208.0 372949.0 416524.0 406472.0 379877.0 369835.0 364206.0 401870.0 397422.0 358165.0 388313.0 410892.0 550151.0 357349.0 423862.0 412363.0 429752.0 374313.0 370700.0 365665.0 383167.0 358512.0 379712.0
237 401803.0 394159.0 386459.0 415527.0 487242.0 378300.0 355030.0 432514.0 400987.0 412775.0 370756.0 414885.0 403962.0 379282.0 367492.0 362356.0 400514.0 395588.0 357051.0 385802.0 409972.0 547854.0 354503.0 421936.0 411541.0 426219.0 372406.0 369069.0 364898.0 381320.0 356837.0 377501.0
240 400440.0 392147.0 385529.0 416313.0 486011.0 377156.0 352199.0 429618.0 399559.0 409892.0 368249.0 411758.0 401837.0 376235.0 366125.0 360272.0 398908.0 393556.0 354680.0 387420.0 406479.0 547107.0 353222.0 418748.0 408045.0 424379.0 372284.0 366637.0 362901.0 378232.0 354096.0 376544.0
243 398893.0 390894.0 383821.0 412887.0 480569.0 374754.0 350440.0 427770.0 398184.0 409118.0 367490.0 411025.0 401357.0 375736.0 364597.0 360442.0 397198.0 392174.0 354544.0 385066.0 404887.0 543870.0 352025.0 417640.0 408381.0 423108.0 370243.0 366057.0 361425.0 377531.0 352457.0 373517.0
246 398969.0 388598.0 382000.0 411390.0 478390.0 373542.0 350274.0 425964.0 395590.0 407855.0 366024.0 408679.0 398087.0 374397.0 363759.0 358515.0 395024.0 390492.0 352101.0 386129.0 402335.0 539922.0 348923.0 416036.0 404698.0 420280.0 367963.0 364225.0 360822.0 374393.0 351252.0 371902.0
249 394173.0 387683.0 380616.0 410624.0 472316.0 372220.0 347771.0 423309.0 394244.0 404770.0 363953.0 405456.0 395758.0 373412.0 361233.0 355425.0 392999.0 387150.0 349594.0 382301.0 399900.0 537789.0 346382.0 413968.0 403988.0 419105.0 367201.0 362173.0 357815.0 372614.0 348922.0 369122.0
252 394277.0 384344.0 379263.0 408479.0 461097.0 369077.0 344396.0 420199.0 392531.0 402173.0 358713.0 399854.0 389686.0 370916.0 355409.0 352267.0 391214.0 385228.0 347217.0 375369.0 397609.0 533484.0 339928.0 411988.0 400388.0 416072.0 365270.0 358468.0 354947.0 366295.0 342595.0 359512.0
255 391363.0 381137.0 375245.0 404989.0 452724.0 356765.0 334063.0 415880.0 386933.0 397427.0 339508.0 382029.0 366291.0 366345.0 334335.0 341031.0 389251.0 374816.0 336998.0 369863.0 387414.0 521466.0 316794.0 408125.0 394785.0 413144.0 360172.0 353474.0 336070.0 341776.0 316949.0 328216.0
258 381403.0 366970.0 360439.0 399380.0 382095.0 300437.0 275421.0 390979.0 355688.0 373479.0 264817.0 311370.0 276846.0 348316.0 252344.0 285032.0 377372.0 326822.0 283431.0 336676.0 338492.0 461744.0 227891.0 396139.0 364126.0 400619.0 335776.0 317353.0 265684.0 254447.0 229955.0 232002.0
261 348211.0 310742.0 306540.0 376515.0 249692.0 198284.0 177374.0 323979.0 273643.0 300275.0 155188.0 200810.0 154886.0 295329.0 141176.0 183506.0 337173.0 227353.0 183804.0 252125.0 235738.0 333487.0 122277.0 352130.0 279040.0 354609.0 269552.0 238656.0 159756.0 142024.0 125592.0 125194.0
264 270733.0 215948.0 215826.0 315918.0 138089.0 104148.0 90463.0 222366.0 165562.0 193514.0 75737.0 105758.0 74057.0 206262.0 65196.0 93252.0 253812.0 125627.0 92924.0 150577.0 127479.0 190035.0 57352.0 267971.0 164386.0 267220.0 171732.0 144147.0 77457.0 67399.0 59519.0 60870.0
267 158446.0 108716.0 113514.0 205819.0 65886.0 50075.0 43268.0 114663.0 75530.0 91043.0 41109.0 51922.0 41824.0 106918.0 36287.0 44083.0 138065.0 56877.0 42857.0 67043.0 58996.0 88865.0 34492.0 147425.0 71330.0 149994.0 78672.0 65523.0 39129.0 36772.0 34467.0 36046.0
270 78230.0 55219.0 56541.0 108746.0 45736.0 36098.0 32246.0 59709.0 44229.0 49182.0 32930.0 38237.0 35051.0 53703.0 29781.0 33451.0 66528.0 38255.0 31338.0 41446.0 41043.0 56436.0 28666.0 71625.0 43039.0 74015.0 42725.0 38998.0 30589.0 29945.0 28082.0 30324.0
273 45166.0 38353.0 37887.0 54103.0 38711.0 30929.0 27854.0 42018.0 35563.0 38576.0 28437.0 32168.0 30456.0 36233.0 25794.0 28353.0 41903.0 32272.0 26942.0 33081.0 34630.0 46533.0 24858.0 44937.0 35966.0 45647.0 33611.0 31644.0 26037.0 25844.0 24248.0 25710.0
276 38444.0 33211.0 32803.0 41399.0 33906.0 27034.0 24535.0 36884.0 30868.0 33691.0 25321.0 28596.0 27690.0 31417.0 23339.0 24884.0 36691.0 28343.0 23700.0 28987.0 30277.0 40352.0 23115.0 38790.0 31310.0 39295.0 29143.0 27455.0 23241.0 23334.0 22396.0 23514.0
279 33157.0 28743.0 28080.0 36351.0 29944.0 25287.0 22321.0 31717.0 28174.0 29404.0 23912.0 26256.0 26698.0 27007.0 22141.0 23232.0 31256.0 26045.0 22306.0 26504.0 28089.0 37490.0 22300.0 33592.0 28155.0 33915.0 25681.0 23967.0 22376.0 22739.0 21437.0 22822.0
282 29295.0 25592.0 24982.0 31895.0 28579.0 24431.0 21979.0 28760.0 26879.0 27003.0 23570.0 25954.0 26164.0 24193.0 21458.0 23088.0 27656.0 25382.0 21467.0 24946.0 27275.0 35510.0 21848.0 29916.0 27135.0 30764.0 24010.0 22516.0 21902.0 22116.0 21154.0 22559.0
285 26203.0 23978.0 22960.0 27833.0 27314.0 24047.0 21632.0 27193.0 26032.0 25980.0 23025.0 25063.0 25728.0 22822.0 21184.0 22247.0 25618.0 24711.0 21134.0 24269.0 27397.0 34550.0 21532.0 27724.0 26296.0 27959.0 23902.0 21733.0 21459.0 21842.0 20620.0 22274.0
288 25153.0 23370.0 22521.0 26323.0 27347.0 23639.0 21264.0 26403.0 25878.0 25340.0 23017.0 24537.0 25482.0 22260.0 21001.0 22332.0 24783.0 24545.0 20946.0 24526.0 26640.0 34409.0 21201.0 26992.0 25998.0 27575.0 23200.0 21462.0 21260.0 21615.0 20698.0 22061.0
291 24972.0 23504.0 22315.0 25715.0 26733.0 23521.0 21092.0 25984.0 25468.0 25324.0 22610.0 24562.0 25206.0 22197.0 20835.0 22001.0 24334.0 24329.0 20603.0 24229.0 26415.0 33609.0 21190.0 26769.0 25644.0 26967.0 22793.0 21008.0 20674.0 21325.0 20481.0 21666.0
294 24517.0 22974.0 22142.0 25509.0 27019.0 23393.0 20752.0 26134.0 25171.0 25199.0 22296.0 24466.0 24972.0 21771.0 20423.0 21660.0 23711.0 23985.0 20486.0 23937.0 26332.0 32934.0 20786.0 26443.0 25684.0 26841.0 22959.0 20914.0 20749.0 20926.0 20308.0 21398.0
297 24308.0 22807.0 21989.0 25260.0 26345.0 22854.0 20577.0 25752.0 24704.0 24995.0 21945.0 23935.0 24620.0 21598.0 20121.0 21605.0 23894.0 23907.0 20308.0 23814.0 25688.0 32963.0 20551.0 26041.0 24917.0 26612.0 22775.0 21120.0 20552.0 20975.0 19723.0 21324.0
300 23861.0 22349.0 21588.0 24638.0 26452.0 22720.0 20714.0 25329.0 24409.0 24678.0 21580.0 23704.0 24398.0 21272.0 20154.0 21553.0 23599.0 23844.0 19850.0 23502.0 25508.0 33376.0 20283.0 26018.0 25013.0 26327.0 22457.0 20381.0 20345.0 20380.0 19539.0 20921.0
303 23826.0 22039.0 21529.0 24921.0 25147.0 22535.0 20029.0 25258.0 24389.0 24276.0 21608.0 23367.0 23990.0 21098.0 19815.0 21164.0 23517.0 23107.0 19615.0 22834.0 25608.0 32319.0 19833.0 25596.0 24662.0 26177.0 21915.0 20381.0 20008.0 20262.0 19501.0 20620.0
306 23602.0 22038.0 21146.0 24370.0 24242.0 22114.0 20045.0 24803.0 24223.0 23910.0 21259.0 23094.0 23786.0 20850.0 19705.0 20997.0 23398.0 22993.0 19625.0 22771.0 24813.0 31954.0 19755.0 25591.0 24187.0 25617.0 21703.0 20052.0 19961.0 20180.0 19043.0 20249.0
309 23345.0 21598.0 20946.0 24136.0 24769.0 21860.0 19526.0 24639.0 23561.0 23751.0 21302.0 22748.0 23330.0 20494.0 19474.0 20602.0 22839.0 22653.0 19188.0 22036.0 24524.0 31770.0 19750.0 25183.0 24058.0 25315.0 21292.0 19885.0 19645.0 19765.0 18963.0 20620.0
312 23080.0 21308.0 20716.0 23833.0 24589.0 21518.0 19167.0 24300.0 23494.0 23671.0 20706.0 22336.0 22987.0 20275.0 19155.0 20201.0 22619.0 22430.0 18627.0 21871.0 24243.0 31298.0 19329.0 24988.0 23918.0 25151.0 21148.0 19629.0 19085.0 19271.0 18443.0 19855.0
315 22873.0 21207.0 20590.0 23752.0 23932.0 21144.0 18935.0 23997.0 22935.0 22988.0 20147.0 21988.0 22743.0 20129.0 18595.0 19893.0 22294.0 21718.0 18788.0 21305.0 23767.0 30764.0 18913.0 24505.0 23377.0 24683.0 20794.0 19375.0 18973.0 19257.0 18182.0 19279.0
318 22524.0 20744.0 20002.0 23202.0 23897.0 21132.0 18675.0 23530.0 22903.0 22495.0 20068.0 21536.0 22526.0 19805.0 18756.0 19582.0 22145.0 21405.0 18291.0 21332.0 23444.0 30019.0 18512.0 24435.0 23083.0 24553.0 20553.0 19212.0 18713.0 18721.0 18035.0 18990.0
321 22096.0 20641.0 19720.0 22857.0 23502.0 20514.0 17975.0 23261.0 22333.0 22560.0 19552.0 21297.0 22013.0 19581.0 18199.0 19274.0 21735.0 21258.0 18099.0 20842.0 23124.0 29311.0 18336.0 23804.0 22603.0 24207.0 20119.0 18770.0 18302.0 18248.0 17569.0 18756.0
324 21687.0 20203.0 19339.0 22791.0 22911.0 19995.0 17933.0 22744.0 21879.0 22005.0 19342.0 20468.0 21491.0 19336.0 17671.0 18758.0 21390.0 20734.0 17448.0 20803.0 22694.0 28780.0 17732.0 23555.0 22083.0 23877.0 19880.0 18521.0 17837.0 17776.0 17047.0 18234.0
327 21321.0 19864.0 19184.0 22547.0 22124.0 19545.0 17439.0 22171.0 21301.0 21871.0 19080.0 20285.0 20816.0 18824.0 17410.0 18188.0 20909.0 20038.0 17205.0 20605.0 22142.0 28405.0 17496.0 23135.0 21635.0 23238.0 19534.0 18195.0 17539.0 17399.0 16606.0 17530.0
330 21246.0 19465.0 18875.0 21750.0 21664.0 19141.0 17023.0 21694.0 20815.0 21496.0 18406.0 19577.0 20144.0 18907.0 16656.0 17627.0 20496.0 19569.0 16872.0 19625.0 21570.0 27193.0 16699.0 22434.0 20935.0 22624.0 19226.0 17537.0 17003.0 16826.0 15901.0 16921.0
333 20605.0 18985.0 18109.0 21547.0 20733.0 18492.0 16351.0 21340.0 20310.0 20685.0 17938.0 18716.0 19237.0 18097.0 16125.0 17075.0 20221.0 19085.0 16248.0 19168.0 20829.0 26503.0 15518.0 22060.0 20725.0 22481.0 18512.0 17090.0 16260.0 15557.0 14936.0 15833.0
336 20092.0 18397.0 17940.0 21125.0 19853.0 17712.0 15629.0 20990.0 19813.0 19992.0 16577.0 17572.0 17538.0 17539.0 14608.0 15891.0 19574.0 18142.0 15535.0 18315.0 19962.0 25186.0 13852.0 21762.0 19957.0 21809.0 18277.0 16580.0 15212.0 13937.0 13064.0 14152.0
339 19758.0 17776.0 17291.0 20208.0 17805.0 16247.0 13830.0 19719.0 18594.0 19502.0 14685.0 15566.0 14520.0 16924.0 12353.0 13864.0 19071.0 16328.0 13807.0 17302.0 18312.0 24047.0 10975.0 20818.0 18573.0 21054.0 17070.0 15564.0 13068.0 11434.0 10814.0 11085.0
342 18934.0 16770.0 16457.0 19917.0 14977.0 13628.0 11626.0 18449.0 16683.0 17800.0 12235.0 12632.0 11111.0 16025.0 9595.0 11318.0 18683.0 13982.0 11613.0 15806.0 15637.0 21079.0 7993.0 20409.0 16756.0 20561.0 15634.0 13825.0 10317.0 8576.0 7988.0 8211.0
345 17711.0 14614.0 14649.0 19156.0 11427.0 10680.0 8359.0 16668.0 13946.0 15967.0 9073.0 9520.0 7377.0 14261.0 6345.0 8023.0 17145.0 10627.0 8386.0 12312.0 12194.0 17221.0 4996.0 18988.0 13396.0 18737.0 13164.0 11208.0 7094.0 5287.0 4969.0 5187.0
348 15961.0 12528.0 12079.0 17633.0 8134.0 7279.0 5719.0 13848.0 10231.0 12481.0 6157.0 6230.0 4685.0 11814.0 3857.0 5169.0 15302.0 7337.0 5372.0 9481.0 8522.0 12819.0 3182.0 16847.0 9676.0 16783.0 10270.0 8407.0 4489.0 3199.0 3117.0 3203.0
351 13253.0 9225.0 9397.0 15343.0 5227.0 4472.0 3465.0 10522.0 6972.0 8875.0 3683.0 3895.0 3097.0 8845.0 2546.0 3097.0 12339.0 4457.0 3154.0 6133.0 5183.0 8177.0 2277.0 13605.0 6071.0 13326.0 6917.0 5582.0 2709.0 2218.0 2144.0 2433.0
354 9731.0 6116.0 6275.0 11931.0 3377.0 3006.0 2432.0 6989.0 3993.0 5487.0 2580.0 2644.0 2406.0 5702.0 1976.0 2372.0 8356.0 2928.0 2214.0 3473.0 3393.0 5065.0 1932.0 8897.0 3615.0 9093.0 4069.0 3327.0 2065.0 1881.0 1861.0 1936.0
357 6256.0 3865.0 4056.0 8405.0 2585.0 2354.0 2002.0 4491.0 2912.0 3566.0 2178.0 2241.0 2301.0 3619.0 1796.0 2030.0 5360.0 2516.0 1862.0 2679.0 2664.0 3700.0 1727.0 5832.0 2820.0 5829.0 2766.0 2416.0 1893.0 1775.0 1636.0 1833.0
