150 515491.0 491303.0 617076.0 580672.0 582365.0 491871.0 493876.0 569692.0 494443.0 472978.0 468992.0 517413.0 533335.0 528922.0 465403.0 436811.0 566115.0 488786.0 447845.0 459803.0 489350.0 432541.0 535642.0 536014.0 465885.0 468283.0 476547.0 463928.0 442715.0 524136.0 460499.0 610431.0
153 17922271.0 17912737.0 17883532.0 17837908.0 17873150.0 17861252.0 17886068.0 17837722.0 17884268.0 17858232.0 17895188.0 17848143.0 17872092.0 17873249.0 17886956.0 17877389.0 17873559.0 17885537.0 17901521.0 17890234.0 17859112.0 17903157.0 17838331.0 17873849.0 17856690.0 17897477.0 17855725.0 17899762.0 17869972.0 17886260.0 17909241.0 17877394.0
156 18564204.0 18559615.0 18527596.0 18479590.0 18517783.0 18504635.0 18535072.0 18479402.0 18531960.0 18504097.0 18543698.0 18491697.0 18520430.0 18516946.0 18532653.0 18526254.0 18516720.0 18533434.0 18549239.0 18537193.0 18509901.0 18551794.0 18487011.0 18520083.0 18508193.0 18547162.0 18506249.0 18550826.0 18520551.0 18534588.0 18558018.0 18521978.0
159 18926910.0 18929011.0 18898359.0 18840363.0 18887298.0 18867121.0 18904002.0 18841432.0 18902524.0 18867804.0 18915323.0 18853980.0 18889027.0 18886935.0 18901098.0 18889399.0 18887117.0 18903532.0 18918562.0 18906186.0 18873804.0 18921240.0 18849115.0 18889704.0 18871443.0 18915776.0 18868480.0 18920707.0 18883335.0 18903711.0 18926049.0 18893246.0
162 19285027.0 19291442.0 19259170.0 19203281.0 19247200.0 19227855.0 19268414.0 19201672.0 19266952.0 19225854.0 19278312.0 19212302.0 19253728.0 19252950.0 19266256.0 19250245.0 19252737.0 19270390.0 19284618.0 19271904.0 19234621.0 19287409.0 19210473.0 19254581.0 19232431.0 19281527.0 19230633.0 19288121.0 19246688.0 19269692.0 19290597.0 19258986.0
165 19538259.0 19547816.0 19518143.0 19468931.0 19506391.0 19487390.0 19528669.0 19464111.0 19526306.0 19484955.0 19537146.0 19470044.0 19514074.0 19514355.0 19526294.0 19511898.0 19512981.0 19531894.0 19543993.0 19532959.0 19497330.0 19547917.0 19471997.0 19518038.0 19491589.0 19539706.0 19490688.0 19548822.0 19508111.0 19527542.0 19547147.0 19519780.0
168 19620197.0 19632606.0 19601820.0 19545515.0 19589052.0 19562556.0 19612745.0 19540274.0 19610710.0 19559829.0 19620234.0 19545495.0 19598159.0 19596123.0 19607884.0 19594045.0 19596062.0 19614306.0 19627595.0 19616304.0 19579409.0 19631434.0 19552137.0 19600391.0 19572614.0 19623360.0 19570781.0 19632909.0 19590383.0 19610057.0 19629974.0 19600913.0
171 19592248.0 19607726.0 19576252.0 19498391.0 19559813.0 19484460.0 19590812.0 19485423.0 19586729.0 19491187.0 19598407.0 19474184.0 19574450.0 19574478.0 19585858.0 19566024.0 19570856.0 19594705.0 19607090.0 19595092.0 19551317.0 19611851.0 19520182.0 19576657.0 19538845.0 19601427.0 19537087.0 19612581.0 19563012.0 19588650.0 19608348.0 19579970.0
174 19297764.0 19326883.0 19291161.0 19082908.0 19247497.0 19077932.0 19294636.0 19065168.0 19282321.0 19098185.0 19300239.0 19075973.0 19270226.0 19272556.0 19276497.0 19219828.0 19257937.0 19303329.0 19310324.0 19292855.0 19213287.0 19315248.0 19167292.0 19264056.0 19173135.0 19300739.0 19165086.0 19313537.0 19212020.0 19284160.0 19307456.0 19283997.0
177 18349587.0 18421152.0 18356402.0 17711438.0 18183260.0 17655270.0 18299453.0 17640716.0 18199042.0 17732773.0 18228415.0 17737050.0 18200224.0 18169295.0 18212070.0 17985603.0 18056539.0 18258818.0 18227393.0 18173909.0 17934701.0 18228239.0 17843642.0 18057274.0 17916449.0 18174937.0 17852162.0 18229842.0 17875430.0 18151254.0 18198560.0 18290495.0
180 8036946.0 8113550.0 8224596.0 7898009.0 8089060.0 7579886.0 8230234.0 7738208.0 8123720.0 7763946.0 8114147.0 7815174.0 8237353.0 8165822.0 8215326.0 8268256.0 7920039.0 8283983.0 8114357.0 8104941.0 8138770.0 8096015.0 8133486.0 7919186.0 8121231.0 8013851.0 7981349.0 8104575.0 7810723.0 8045433.0 7997962.0 8265269.0
183 3762227.0 3796792.0 3974049.0 3849438.0 3876461.0 3528159.0 3974505.0 3692186.0 3879938.0 3681011.0 3830814.0 3754899.0 3996460.0 3904988.0 3938797.0 4186611.0 3688751.0 4041809.0 3843339.0 3858724.0 4054257.0 3814878.0 4117875.0 3718273.0 4049534.0 3774219.0 3968629.0 3878780.0 3725345.0 3845643.0 3751989.0 4029762.0
186 439789.0 410073.0 549147.0 502586.0 532123.0 408314.0 461988.0 484028.0 461703.0 407983.0 419999.0 456336.0 508103.0 482641.0 456447.0 437271.0 481722.0 484267.0 406262.0 433031.0 456466.0 389008.0 501215.0 494759.0 455311.0 429060.0 449945.0 429393.0 377257.0 492291.0 412631.0 559989.0
189 405453.0 372663.0 492226.0 474217.0 478544.0 389062.0 391038.0 466464.0 398029.0 379151.0 369765.0 419029.0 434458.0 431204.0 374207.0 344473.0 457821.0 392763.0 348666.0 369396.0 389955.0 333384.0 438616.0 448326.0 375773.0 369834.0 382864.0 355308.0 343819.0 421787.0 355230.0 493995.0
192 406231.0 372837.0 491714.0 473410.0 478000.0 389943.0 390693.0 466082.0 396448.0 379248.0 369657.0 419030.0 433013.0 433031.0 372995.0 341047.0 458686.0 389377.0 347442.0 366170.0 388719.0 333240.0 437197.0 449452.0 372771.0 368272.0 381814.0 351957.0 342735.0 418409.0 354583.0 491599.0
195 406623.0 373827.0 491757.0 476552.0 479738.0 389800.0 392075.0 468541.0 399009.0 379766.0 369101.0 420119.0 434022.0 429998.0 373528.0 342498.0 461154.0 391556.0 346503.0 367430.0 389794.0 334112.0 439000.0 448049.0 373872.0 367796.0 380592.0 352949.0 342934.0 419774.0 356511.0 494678.0
198 407175.0 373563.0 493047.0 474074.0 479214.0 391507.0 389807.0 468889.0 399509.0 380974.0 370381.0 421079.0 434995.0 433091.0 373410.0 342233.0 459647.0 391308.0 348315.0 369320.0 389452.0 334466.0 439571.0 450852.0 374543.0 370113.0 382285.0 353303.0 344694.0 420730.0 356858.0 495756.0
201 407292.0 373306.0 494494.0 474177.0 478650.0 390378.0 391254.0 469724.0 399510.0 380841.0 370018.0 422087.0 435046.0 430717.0 372687.0 342869.0 458985.0 391037.0 348287.0 369244.0 390219.0 334150.0 441378.0 430758.0 374089.0 368793.0 381156.0 353464.0 344851.0 420554.0 356588.0 495236.0
204 408176.0 374403.0 498674.0 475308.0 479878.0 392292.0 391106.0 468889.0 398554.0 381432.0 370671.0 421193.0 434628.0 429961.0 373092.0 344046.0 460153.0 391776.0 349434.0 369247.0 391523.0 335107.0 440052.0 431975.0 374522.0 370710.0 381960.0 352813.0 344600.0 421438.0 354753.0 494668.0
207 408211.0 373479.0 498329.0 475191.0 480716.0 391631.0 392836.0 468245.0 400526.0 382035.0 370759.0 422801.0 435491.0 432225.0 375937.0 344619.0 459930.0 391663.0 349293.0 370243.0 390042.0 335601.0 441172.0 431956.0 374697.0 370810.0 382904.0 354543.0 346375.0 420777.0 356909.0 495143.0
210 408104.0 372774.0 495637.0 476819.0 479358.0 390973.0 391043.0 469715.0 399012.0 380955.0 371489.0 420847.0 435435.0 430781.0 374320.0 342144.0 459427.0 390994.0 350041.0 369556.0 390904.0 334121.0 438150.0 431783.0 375842.0 368506.0 381917.0 353495.0 344725.0 420772.0 356441.0 494212.0
213 407608.0 372022.0 488617.0 473441.0 480625.0 389585.0 390231.0 467208.0 397957.0 380237.0 369676.0 419752.0 433710.0 431536.0 374363.0 340112.0 457461.0 389209.0 347355.0 368992.0 388416.0 333918.0 437393.0 430824.0 374411.0 369409.0 382286.0 351834.0 344456.0 420171.0 355284.0 496105.0
216 406215.0 371011.0 483485.0 471821.0 478861.0 389378.0 388971.0 464992.0 396407.0 379150.0 368220.0 419533.0 432808.0 429794.0 374746.0 340998.0 456735.0 388188.0 347091.0 369039.0 387666.0 335079.0 437296.0 428962.0 375649.0 368325.0 382545.0 351047.0 343635.0 420975.0 355997.0 494853.0
219 406972.0 370615.0 484315.0 470749.0 476953.0 388312.0 388356.0 464439.0 395019.0 379423.0 367587.0 420959.0 430040.0 429089.0 375362.0 339312.0 456084.0 387307.0 347605.0 366137.0 387098.0 332777.0 434976.0 429929.0 373922.0 367606.0 379929.0 350606.0 342048.0 419284.0 354067.0 493848.0
222 403541.0 370989.0 485450.0 470278.0 474735.0 386146.0 387171.0 462406.0 394369.0 377770.0 367416.0 417309.0 428932.0 428017.0 371004.0 340055.0 454057.0 385956.0 344805.0 366061.0 387003.0 332474.0 434167.0 424765.0 371249.0 366931.0 379277.0 348839.0 340793.0 418357.0 351854.0 490580.0
225 402082.0 368546.0 485424.0 469612.0 468868.0 387037.0 387323.0 462653.0 393331.0 378403.0 366879.0 415203.0 429628.0 427292.0 370924.0 339729.0 453593.0 385658.0 345836.0 364990.0 384432.0 331128.0 432639.0 445229.0 369755.0 365125.0 377266.0 348539.0 341226.0 417200.0 352259.0 488550.0
228 400802.0 366796.0 480092.0 466438.0 465250.0 386265.0 385383.0 458086.0 390944.0 375283.0 364992.0 415572.0 427060.0 423281.0 369066.0 337943.0 450589.0 384193.0 344189.0 364443.0 383553.0 328571.0 430894.0 439013.0 369659.0 365009.0 378409.0 347595.0 338619.0 415818.0 350571.0 487232.0
231 400131.0 365498.0 479904.0 465795.0 464820.0 385241.0 386385.0 458313.0 389789.0 374357.0 364191.0 415550.0 427007.0 423319.0 368487.0 336836.0 449441.0 383366.0 342681.0 361204.0 382448.0 328534.0 428475.0 443129.0 368503.0 362152.0 375177.0 345852.0 337901.0 415612.0 349176.0 483443.0
234 398076.0 363384.0 476673.0 464346.0 463736.0 383658.0 382959.0 456939.0 387912.0 373133.0 361312.0 412247.0 423713.0 421197.0 367945.0 334647.0 446982.0 381561.0 341326.0 361138.0 381080.0 326029.0 427330.0 440252.0 367270.0 362639.0 373732.0 345362.0 337384.0 412155.0 348811.0 483769.0
237 395634.0 362411.0 469772.0 460276.0 465728.0 381289.0 380730.0 452333.0 386100.0 370892.0 360322.0 410162.0 421912.0 417980.0 366685.0 333388.0 445195.0 378468.0 338658.0 357889.0 377657.0 325399.0 422919.0 417517.0 365316.0 360626.0 373031.0 343119.0 334626.0 409770.0 344900.0 480875.0
240 395074.0 359994.0 474021.0 456206.0 462129.0 380326.0 379086.0 450379.0 383913.0 370793.0 359069.0 409782.0 419938.0 416235.0 363327.0 332265.0 442068.0 376281.0 338342.0 357752.0 376726.0 324484.0 422661.0 419644.0 364212.0 359539.0 370221.0 341000.0 333181.0 409653.0 345543.0 478267.0
243 393733.0 355320.0 470782.0 455297.0 461938.0 377612.0 377100.0 447262.0 383220.0 368763.0 357589.0 408408.0 418488.0 414074.0 361529.0 330610.0 439034.0 376017.0 337302.0 355782.0 371622.0 320591.0 416953.0 417183.0 362544.0 357096.0 368680.0 339110.0 329844.0 407418.0 343767.0 474554.0
246 389788.0 330649.0 459983.0 445248.0 456361.0 375328.0 369618.0 433865.0 375699.0 364268.0 349325.0 405559.0 409325.0 406332.0 359814.0 321372.0 423501.0 366828.0 331545.0 352152.0 353326.0 310171.0 394027.0 411857.0 358551.0 354948.0 363550.0 328671.0 313262.0 403331.0 340798.0 466021.0
249 379570.0 264851.0 412652.0 416577.0 446306.0 367015.0 346685.0 388817.0 349501.0 352786.0 327111.0 400064.0 385194.0 382144.0 351195.0 292956.0 381367.0 337502.0 314045.0 340061.0 298744.0 274942.0 332571.0 401352.0 354301.0 347186.0 347136.0 293939.0 262414.0 394801.0 331757.0 442144.0
252 336261.0 147694.0 281599.0 319838.0 401342.0 334870.0 269571.0 269592.0 265959.0 308176.0 250737.0 381654.0 310607.0 294497.0 320095.0 212106.0 266359.0 250365.0 251578.0 291886.0 179850.0 184452.0 203127.0 368528.0 325911.0 316634.0 283761.0 204846.0 156800.0 361524.0 299641.0 359209.0
255 244616.0 67383.0 145794.0 192512.0 302696.0 257876.0 158994.0 141145.0 157659.0 216755.0 146240.0 318421.0 204588.0 171582.0 245372.0 117419.0 140379.0 141263.0 159752.0 201739.0 83089.0 91358.0 97515.0 279138.0 251830.0 241622.0 184688.0 107759.0 70753.0 285959.0 227836.0 230959.0
258 102710.0 34521.0 56464.0 70801.0 134204.0 118892.0 56522.0 53973.0 57873.0 85298.0 52015.0 166945.0 79349.0 60506.0 105960.0 41950.0 53880.0 49941.0 56120.0 79563.0 36905.0 34888.0 43401.0 120175.0 106140.0 104759.0 67379.0 39448.0 32732.0 139920.0 101143.0 79762.0
261 50191.0 28649.0 43703.0 47024.0 63320.0 53118.0 36431.0 40362.0 37719.0 43362.0 33496.0 71904.0 43701.0 40512.0 47967.0 29501.0 40967.0 33956.0 32789.0 40792.0 29733.0 27558.0 35352.0 53959.0 46021.0 46524.0 38234.0 28728.0 27013.0 62136.0 45317.0 49637.0
264 39457.0 25243.0 38029.0 40143.0 48659.0 39257.0 31402.0 35515.0 32399.0 35708.0 29253.0 46409.0 36456.0 35523.0 37038.0 25690.0 35796.0 29396.0 28334.0 33483.0 25652.0 23868.0 30487.0 41978.0 35841.0 35516.0 33421.0 25065.0 23275.0 42735.0 34063.0 42920.0
267 34729.0 23279.0 33360.0 34732.0 42810.0 34218.0 27601.0 31276.0 28600.0 31088.0 24972.0 40184.0 31821.0 30930.0 32515.0 22274.0 31697.0 25844.0 24498.0 29587.0 23076.0 21014.0 27882.0 36704.0 31678.0 30830.0 28768.0 22085.0 21402.0 36755.0 29568.0 37348.0
270 29627.0 22177.0 31447.0 31587.0 36791.0 29393.0 24847.0 28611.0 25175.0 26496.0 22834.0 34745.0 27936.0 27811.0 27712.0 20410.0 29464.0 23585.0 21617.0 25244.0 22246.0 19865.0 26506.0 31551.0 26906.0 26331.0 24739.0 20560.0 20460.0 30982.0 25523.0 34237.0
273 26286.0 22133.0 30117.0 29998.0 33072.0 26410.0 24195.0 28046.0 23986.0 24175.0 22196.0 30487.0 25958.0 26812.0 24398.0 20022.0 29025.0 23203.0 21115.0 22980.0 21917.0 19584.0 26320.0 27952.0 23954.0 23591.0 23392.0 20113.0 19953.0 27490.0 22671.0 32581.0
276 24828.0 22077.0 29847.0 29424.0 30993.0 24663.0 23927.0 27696.0 23405.0 23309.0 21598.0 27583.0 25264.0 26915.0 23360.0 19781.0 28449.0 22741.0 20737.0 22151.0 21697.0 19135.0 25773.0 27388.0 22278.0 22692.0 22678.0 19839.0 19756.0 25480.0 20865.0 32029.0
279 24336.0 21528.0 29742.0 29759.0 30457.0 23788.0 23223.0 27484.0 23813.0 22718.0 21330.0 26497.0 24818.0 26266.0 22578.0 19394.0 28304.0 22440.0 20065.0 21893.0 21117.0 18859.0 25688.0 26640.0 22258.0 22362.0 22603.0 19779.0 19839.0 24744.0 20684.0 31908.0
282 24135.0 21551.0 29424.0 29208.0 30173.0 23841.0 23011.0 27210.0 23085.0 22653.0 21330.0 26234.0 24576.0 26416.0 22407.0 19418.0 27815.0 22005.0 20083.0 21626.0 21311.0 18879.0 25215.0 26684.0 21940.0 22147.0 22196.0 19427.0 19751.0 24492.0 20595.0 32150.0
285 23692.0 21142.0 29183.0 28396.0 29965.0 23489.0 22932.0 26599.0 22900.0 22634.0 20897.0 25835.0 24571.0 25910.0 22130.0 19154.0 27410.0 21810.0 20185.0 21561.0 21076.0 18536.0 25062.0 25896.0 21326.0 21849.0 22090.0 19191.0 19150.0 24253.0 19925.0 31432.0
288 23450.0 20874.0 28892.0 28853.0 29187.0 23365.0 22710.0 26707.0 22677.0 22297.0 20918.0 25607.0 24055.0 25728.0 22105.0 18765.0 27316.0 21448.0 19761.0 21329.0 20733.0 18704.0 24895.0 25831.0 21207.0 21536.0 21988.0 19023.0 19226.0 23760.0 20165.0 31106.0
291 23470.0 20508.0 28471.0 28157.0 29289.0 23354.0 22507.0 26017.0 22388.0 21918.0 20595.0 25238.0 24128.0 25356.0 21849.0 18731.0 26843.0 21644.0 19500.0 21008.0 20508.0 18257.0 24619.0 25471.0 20948.0 21140.0 21493.0 18930.0 19241.0 23886.0 20053.0 30681.0
294 23048.0 20491.0 28138.0 27918.0 28589.0 22831.0 22095.0 26150.0 21995.0 21735.0 20454.0 24854.0 23858.0 25149.0 21750.0 18753.0 26665.0 21049.0 19469.0 20693.0 20228.0 18227.0 23958.0 26051.0 20943.0 21048.0 21208.0 19098.0 18590.0 23604.0 19668.0 30236.0
297 22672.0 20226.0 27352.0 27454.0 28279.0 22672.0 21610.0 25401.0 21702.0 21520.0 20077.0 24923.0 23533.0 24549.0 21194.0 18438.0 26107.0 20889.0 19091.0 20543.0 19767.0 17856.0 23882.0 25894.0 20613.0 21028.0 21186.0 18601.0 18457.0 22834.0 19707.0 30039.0
300 22336.0 19460.0 26913.0 27119.0 27972.0 22311.0 21425.0 25250.0 21439.0 21259.0 19885.0 23943.0 23070.0 24477.0 21182.0 18214.0 25909.0 20657.0 18883.0 20090.0 19109.0 17469.0 23292.0 24101.0 20348.0 20926.0 20881.0 18420.0 18326.0 22845.0 19103.0 29565.0
303 22310.0 19447.0 26381.0 26300.0 27739.0 22011.0 21143.0 24794.0 21062.0 20621.0 19785.0 24133.0 22688.0 23899.0 20894.0 18168.0 25748.0 20311.0 18446.0 19668.0 19359.0 17366.0 22874.0 24777.0 19974.0 20833.0 20649.0 17905.0 17991.0 22775.0 18981.0 29204.0
306 21967.0 18803.0 26219.0 26341.0 27233.0 21757.0 20748.0 24404.0 21045.0 21103.0 19274.0 23979.0 22730.0 23911.0 20731.0 17635.0 25185.0 19931.0 18483.0 19652.0 18931.0 17057.0 22843.0 24509.0 19857.0 20079.0 20692.0 17801.0 17619.0 22232.0 18990.0 28800.0
309 21889.0 18650.0 25972.0 25510.0 26919.0 21519.0 20631.0 24285.0 20708.0 20488.0 19211.0 23782.0 22226.0 23336.0 20350.0 17068.0 24634.0 19613.0 18056.0 19296.0 18382.0 16694.0 22095.0 24386.0 19751.0 20077.0 20047.0 17349.0 17193.0 21948.0 18198.0 27367.0
312 21351.0 18391.0 25240.0 25364.0 26295.0 21302.0 20097.0 23560.0 20370.0 19966.0 18491.0 23240.0 21604.0 23207.0 20113.0 16979.0 24115.0 19513.0 17730.0 19092.0 18540.0 16524.0 21592.0 23589.0 19575.0 19827.0 19552.0 17097.0 16944.0 21347.0 18230.0 27826.0
315 20923.0 17927.0 24850.0 24646.0 25691.0 21100.0 19784.0 23322.0 19522.0 19674.0 18470.0 23057.0 21458.0 22409.0 19651.0 16413.0 23618.0 19046.0 17577.0 18831.0 17852.0 15955.0 21171.0 23695.0 19092.0 19506.0 19477.0 16937.0 16386.0 21299.0 17917.0 27390.0
318 20453.0 17193.0 24227.0 24335.0 25578.0 20509.0 19528.0 22463.0 19473.0 19474.0 18141.0 22252.0 20736.0 21839.0 19225.0 16292.0 23064.0 18241.0 17244.0 18191.0 17258.0 15649.0 20518.0 23122.0 18892.0 18974.0 18986.0 16339.0 16026.0 20745.0 17313.0 26346.0
321 19789.0 16223.0 23162.0 23347.0 24910.0 20117.0 18878.0 21616.0 18517.0 19012.0 17076.0 21833.0 20378.0 21185.0 18713.0 15934.0 22238.0 17725.0 16658.0 17935.0 16235.0 15173.0 19382.0 22673.0 18324.0 18578.0 18558.0 15817.0 15512.0 20281.0 17314.0 25779.0
324 19539.0 14261.0 21416.0 22553.0 24214.0 19534.0 17961.0 20682.0 17915.0 18418.0 16627.0 21192.0 19614.0 20638.0 18353.0 15024.0 20961.0 16721.0 16264.0 17518.0 14779.0 14285.0 17456.0 21815.0 17764.0 17839.0 17715.0 14653.0 13923.0 19750.0 16803.0 24549.0
327 19337.0 11670.0 19477.0 21395.0 23402.0 19089.0 16595.0 18553.0 16631.0 17741.0 15654.0 21200.0 18471.0 19149.0 18043.0 13646.0 19538.0 15374.0 15309.0 16829.0 12853.0 13025.0 14555.0 21177.0 17428.0 17560.0 17001.0 13413.0 11959.0 19163.0 16170.0 23630.0
330 18086.0 9071.0 16439.0 18889.0 22401.0 18844.0 14755.0 16400.0 14970.0 17089.0 14329.0 20509.0 16986.0 17439.0 17041.0 11984.0 17117.0 13361.0 14337.0 15768.0 9878.0 10691.0 11697.0 20774.0 16780.0 17088.0 15598.0 11402.0 9558.0 18734.0 15791.0 21492.0
333 16458.0 5372.0 11942.0 15130.0 20592.0 17312.0 11739.0 12225.0 11402.0 15046.0 10906.0 19596.0 14245.0 14025.0 15771.0 9049.0 13001.0 9934.0 12261.0 13791.0 6187.0 7557.0 7203.0 18849.0 15418.0 15751.0 13173.0 8061.0 5726.0 17236.0 14550.0 17596.0
336 14263.0 3479.0 8333.0 11565.0 17713.0 15778.0 8460.0 8498.0 8626.0 12911.0 7987.0 18027.0 11176.0 10233.0 13447.0 6476.0 9039.0 7138.0 9796.0 11393.0 3704.0 4950.0 4619.0 16710.0 13768.0 14004.0 10462.0 5537.0 3476.0 15652.0 12709.0 13553.0
339 11366.0 2461.0 4925.0 7631.0 14008.0 13361.0 5496.0 5297.0 5510.0 9597.0 5411.0 15964.0 7926.0 6603.0 10593.0 3944.0 5585.0 4332.0 6689.0 8588.0 2471.0 2984.0 3078.0 13750.0 10830.0 10899.0 7147.0 3309.0 2397.0 12914.0 10077.0 8642.0
342 7911.0 2042.0 3279.0 4604.0 9522.0 9725.0 3344.0 3473.0 3313.0 6207.0 3286.0 12261.0 4916.0 3907.0 7017.0 2401.0 3608.0 2607.0 3916.0 5341.0 1998.0 2037.0 2439.0 9760.0 7130.0 7533.0 4117.0 2163.0 1971.0 9350.0 7229.0 5023.0
345 5310.0 1856.0 2822.0 3378.0 6450.0 6790.0 2568.0 2772.0 2593.0 3969.0 2365.0 9000.0 3346.0 3128.0 4510.0 1939.0 2854.0 2227.0 2735.0 3500.0 1804.0 1748.0 2286.0 6542.0 4556.0 4836.0 2825.0 1892.0 1722.0 6329.0 4595.0 3645.0
348 3376.0 1729.0 2581.0 2863.0 4204.0 4106.0 2117.0 2410.0 2177.0 2747.0 2043.0 5219.0 2549.0 2499.0 2957.0 1732.0 2635.0 2012.0 2080.0 2518.0 1667.0 1587.0 2103.0 4000.0 2876.0 2988.0 2292.0 1626.0 1569.0 3871.0 2970.0 3214.0
351 2733.0 1704.0 2393.0 2578.0 3383.0 2884.0 2015.0 2279.0 1993.0 2295.0 1802.0 3530.0 2230.0 2316.0 2396.0 1577.0 2378.0 1775.0 1857.0 2152.0 1653.0 1579.0 1971.0 2879.0 2319.0 2394.0 2014.0 1556.0 1555.0 2828.0 2219.0 2933.0
354 2398.0 1719.0 2317.0 2563.0 3039.0 2575.0 1908.0 2261.0 1860.0 2205.0 1725.0 2920.0 2099.0 2262.0 2222.0 1526.0 2410.0 1800.0 1671.0 1937.0 1594.0 1510.0 1915.0 2602.0 2111.0 2199.0 1865.0 1531.0 1605.0 2364.0 1982.0 2748.0
357 2138.0 1615.0 2197.0 2389.0 2660.0 2228.0 1755.0 2161.0 1756.0 1974.0 1700.0 2459.0 1855.0 2060.0 1941.0 1533.0 2216.0 1740.0 1689.0 1859.0 1503.0 1445.0 1927.0 2377.0 1850.0 1908.0 1866.0 1405.0 1514.0 2106.0 1768.0 2834.0
