150 327668.0 281040.0 253595.0 255991.0 287658.0 278328.0 320975.0 271316.0 298334.0 296566.0 301246.0 273069.0 276738.0 338854.0 361988.0 299997.0 319734.0 351224.0 287104.0 271105.0 327920.0 299374.0 288588.0 261621.0 309531.0 269802.0 310711.0 329850.0 260827.0 271705.0 347859.0 309511.0
153 1515973.0 1463241.0 1436723.0 1442661.0 1480779.0 1474172.0 1500765.0 1461152.0 1482359.0 1484831.0 1483992.0 1448869.0 1453895.0 1511158.0 1546921.0 1472929.0 1501189.0 1520414.0 1464971.0 1447162.0 1506521.0 1472066.0 1470537.0 1446706.0 1485282.0 1456931.0 1499074.0 1512686.0 1444093.0 1453446.0 1533494.0 1494445.0
156 18025865.0 18023912.0 18031941.0 18016711.0 18019544.0 18011227.0 18010616.0 18011143.0 18013372.0 18003427.0 18015597.0 18005225.0 18016134.0 18003031.0 18005093.0 17996077.0 18014173.0 17997018.0 18016312.0 18017032.0 17989359.0 18005063.0 17998158.0 18022515.0 17993280.0 18018537.0 17999709.0 18005288.0 18008970.0 18013727.0 18007750.0 18013822.0
159 18603409.0 18601072.0 18607730.0 18589946.0 18595809.0 18581787.0 18586956.0 18581787.0 18589814.0 18573584.0 18589411.0 18577426.0 18591765.0 18577627.0 18579198.0 18569822.0 18588982.0 18572399.0 18591279.0 18591922.0 18560441.0 18580405.0 18571998.0 18596694.0 18565447.0 18593800.0 18569629.0 18580263.0 18582036.0 18591008.0 18583213.0 18590213.0
162 18972676.0 18963145.0 18967089.0 18933590.0 18952643.0 18924338.0 18939598.0 18923819.0 18941210.0 18914590.0 18940014.0 18919563.0 18942753.0 18926151.0 18926831.0 18913022.0 18937671.0 18919897.0 18941348.0 18942334.0 18899796.0 18927515.0 18914666.0 18945302.0 18906032.0 18943662.0 18908198.0 18922735.0 18923887.0 18939496.0 18932722.0 18941589.0
165 19307685.0 19305204.0 19311841.0 19290888.0 19303549.0 19280070.0 19292016.0 19279689.0 19297666.0 19268982.0 19294967.0 19273657.0 19300243.0 19283799.0 19281884.0 19266199.0 19294402.0 19278265.0 19298937.0 19301396.0 19252086.0 19286106.0 19268164.0 19304020.0 19259633.0 19301959.0 19261435.0 19281047.0 19278989.0 19299955.0 19288764.0 19297231.0
168 19471309.0 19470738.0 19478552.0 19457922.0 19470657.0 19447295.0 19457468.0 19445666.0 19462692.0 19436595.0 19460670.0 19442158.0 19464045.0 19447660.0 19445702.0 19434120.0 19458734.0 19442302.0 19463424.0 19464926.0 19419917.0 19450919.0 19437342.0 19469871.0 19428830.0 19467349.0 19429559.0 19445586.0 19448101.0 19464571.0 19453029.0 19462703.0
171 19563154.0 19562871.0 19570286.0 19548622.0 19563394.0 19535721.0 19549536.0 19532036.0 19556501.0 19523682.0 19553081.0 19531619.0 19557526.0 19540454.0 19538024.0 19524570.0 19551551.0 19535751.0 19557114.0 19558845.0 19507467.0 19544118.0 19529095.0 19563053.0 19517099.0 19560707.0 19516024.0 19537188.0 19538967.0 19557099.0 19545567.0 19555005.0
174 19464712.0 19464806.0 19471884.0 19438008.0 19466714.0 19408500.0 19451338.0 19396838.0 19459117.0 19394479.0 19454771.0 19412588.0 19460969.0 19440227.0 19436079.0 19416541.0 19453522.0 19437545.0 19459023.0 19461093.0 19382958.0 19445726.0 19424831.0 19464838.0 19405301.0 19462018.0 19389017.0 19437100.0 19433878.0 19458384.0 19445797.0 19457151.0
177 19209952.0 19209206.0 19208290.0 19135157.0 19208360.0 19085066.0 19186195.0 19076805.0 19198623.0 19077348.0 19181754.0 19107455.0 19199832.0 19167837.0 19156301.0 19123438.0 19182761.0 19168565.0 19191827.0 19198361.0 19068654.0 19180277.0 19135703.0 19194757.0 19100824.0 19198595.0 19067001.0 19169092.0 19139983.0 19194300.0 19179649.0 19195327.0
180 18621163.0 18625560.0 18613511.0 18481977.0 18606333.0 18407135.0 18562675.0 18412316.0 18584950.0 18407557.0 18541988.0 18455374.0 18592776.0 18528106.0 18494806.0 18478855.0 18538785.0 18539767.0 18561603.0 18583593.0 18410814.0 18563195.0 18478618.0 18561820.0 18432606.0 18592726.0 18389413.0 18543573.0 18483812.0 18585695.0 18558484.0 18608571.0
183 9929373.0 10061591.0 9857169.0 9896238.0 9923424.0 9395672.0 9936852.0 9423382.0 9990176.0 9657211.0 9775879.0 10083738.0 10115968.0 9940694.0 9712599.0 10521059.0 9689323.0 10092915.0 9743635.0 9926864.0 9898812.0 10023897.0 10265403.0 9513209.0 9980477.0 9844811.0 9293141.0 9767648.0 9884974.0 9825320.0 9762231.0 9928911.0
186 9115861.0 9304031.0 9091574.0 9389770.0 9167511.0 8825010.0 9196826.0 8858423.0 9246939.0 9157281.0 9003314.0 9635329.0 9374707.0 9169063.0 8904320.0 10076006.0 8879509.0 9345191.0 8940510.0 9150841.0 9423216.0 9293511.0 9841929.0 8693794.0 9522600.0 9062144.0 8697246.0 8968092.0 9384808.0 9028511.0 8943920.0 9125644.0
189 1082974.0 1145133.0 1033306.0 1036234.0 1067740.0 874227.0 1115964.0 877132.0 1101745.0 977841.0 1010586.0 1106979.0 1119279.0 1084838.0 1025953.0 1330967.0 981717.0 1185178.0 967881.0 1010512.0 1113943.0 1111923.0 1209469.0 879879.0 1106658.0 1016871.0 901308.0 1050012.0 1024437.0 1002258.0 1044346.0 1074200.0
192 315245.0 287290.0 249866.0 263422.0 286296.0 261356.0 321962.0 258562.0 306951.0 289997.0 296186.0 283569.0 287201.0 331984.0 345933.0 350908.0 304233.0 363306.0 275794.0 264638.0 333102.0 307285.0 316270.0 245814.0 313007.0 267129.0 292766.0 326628.0 263931.0 268851.0 329540.0 309625.0
195 310579.0 266450.0 238590.0 241936.0 273950.0 259132.0 303322.0 254774.0 289097.0 279947.0 287499.0 258237.0 263704.0 320863.0 339162.0 288949.0 300136.0 335934.0 270942.0 255857.0 311857.0 285186.0 279181.0 244942.0 293616.0 252831.0 289856.0 332659.0 248716.0 258818.0 317932.0 293460.0
198 308437.0 265822.0 239101.0 241290.0 273077.0 259254.0 303542.0 255013.0 288612.0 278906.0 287753.0 256748.0 263947.0 320414.0 339031.0 287070.0 299816.0 335884.0 270649.0 254526.0 312087.0 285985.0 278569.0 245382.0 293829.0 252506.0 290006.0 327892.0 248024.0 257206.0 319393.0 292154.0
201 310383.0 265984.0 239207.0 242409.0 276577.0 258807.0 303932.0 254073.0 288242.0 279273.0 287986.0 257704.0 263544.0 322176.0 339404.0 285987.0 300760.0 335299.0 271117.0 256110.0 313610.0 285808.0 278214.0 246086.0 294204.0 253960.0 290737.0 328754.0 247849.0 258661.0 319048.0 292363.0
204 310385.0 267372.0 240012.0 242357.0 275009.0 259847.0 304081.0 254655.0 289010.0 280443.0 285398.0 257486.0 263441.0 322246.0 339127.0 285788.0 302166.0 335667.0 271204.0 254436.0 312442.0 284725.0 278028.0 245891.0 293530.0 253619.0 290102.0 329038.0 246938.0 258439.0 319652.0 294300.0
207 309464.0 266919.0 239788.0 241066.0 276797.0 258388.0 304570.0 253219.0 288576.0 280504.0 286139.0 256928.0 264165.0 320493.0 340134.0 286224.0 301294.0 336341.0 271067.0 256569.0 312680.0 285637.0 277980.0 244912.0 295201.0 253728.0 290133.0 329041.0 248127.0 258295.0 319662.0 295040.0
210 309133.0 266966.0 239888.0 241718.0 275227.0 259605.0 303959.0 253672.0 288925.0 281254.0 280356.0 257904.0 263817.0 322221.0 338491.0 285361.0 302878.0 335738.0 270688.0 255838.0 312241.0 284181.0 278286.0 245144.0 294052.0 253391.0 289834.0 329382.0 247771.0 257785.0 319212.0 292223.0
213 315683.0 266027.0 241006.0 242541.0 274335.0 258350.0 303442.0 252436.0 288398.0 279289.0 280298.0 257391.0 264079.0 322499.0 340022.0 285093.0 301675.0 334661.0 270445.0 255498.0 312585.0 285878.0 278645.0 244730.0 293178.0 254703.0 289263.0 308403.0 247745.0 258750.0 319707.0 293786.0
216 307604.0 266097.0 238905.0 242827.0 274446.0 257305.0 303453.0 254745.0 287236.0 278772.0 279703.0 255996.0 263821.0 321252.0 337999.0 286401.0 299833.0 335414.0 270324.0 254800.0 310875.0 286124.0 277147.0 242825.0 292149.0 252636.0 289158.0 309107.0 247586.0 257720.0 318258.0 294971.0
219 306848.0 265084.0 238836.0 241042.0 269573.0 257086.0 302234.0 253366.0 285835.0 277775.0 279555.0 256101.0 262473.0 321520.0 338171.0 285886.0 298551.0 334238.0 269924.0 253687.0 311568.0 285145.0 275287.0 242482.0 291925.0 251713.0 287562.0 311503.0 246339.0 256672.0 316503.0 291624.0
222 300524.0 263822.0 237335.0 240257.0 270007.0 256377.0 301014.0 253344.0 284636.0 277471.0 278410.0 255382.0 261690.0 319037.0 336900.0 283612.0 297053.0 332743.0 268043.0 253233.0 311103.0 282894.0 274931.0 243077.0 292113.0 250834.0 286265.0 331133.0 245573.0 255104.0 315552.0 290728.0
225 302077.0 263327.0 236543.0 239390.0 269380.0 256025.0 301704.0 252054.0 285015.0 275727.0 277404.0 254619.0 260702.0 317883.0 334480.0 283681.0 297236.0 332132.0 267682.0 253081.0 310136.0 282263.0 274518.0 241698.0 290084.0 250766.0 286726.0 328916.0 244828.0 255496.0 315396.0 289857.0
228 305908.0 262316.0 237133.0 241532.0 268253.0 256818.0 300640.0 252808.0 285040.0 276481.0 277902.0 254115.0 260376.0 310919.0 334840.0 282496.0 295949.0 332967.0 267147.0 251669.0 310671.0 282131.0 274600.0 241764.0 289336.0 249759.0 285305.0 330039.0 244247.0 254668.0 314211.0 289809.0
231 305859.0 262893.0 236438.0 239073.0 269252.0 255860.0 300085.0 249727.0 283702.0 276622.0 277352.0 254414.0 260740.0 311108.0 335325.0 281934.0 296175.0 331667.0 266499.0 250798.0 307919.0 280829.0 273654.0 241477.0 295766.0 249926.0 286142.0 329485.0 244554.0 255058.0 315534.0 289277.0
234 303758.0 263500.0 234680.0 239941.0 267456.0 254263.0 300125.0 249781.0 283446.0 274793.0 274884.0 253128.0 260190.0 311739.0 334912.0 282970.0 294402.0 330601.0 265694.0 251160.0 307806.0 281030.0 273823.0 240169.0 295658.0 249047.0 284652.0 328941.0 244609.0 254243.0 314870.0 288493.0
237 303236.0 260592.0 235790.0 238240.0 266975.0 254835.0 298735.0 249265.0 281741.0 273682.0 274603.0 252957.0 259068.0 314466.0 332811.0 280357.0 293414.0 329628.0 264908.0 250557.0 305885.0 280690.0 272166.0 238962.0 294044.0 248194.0 282758.0 326605.0 242758.0 254015.0 311909.0 286513.0
240 302533.0 259658.0 235148.0 237338.0 265934.0 252448.0 297725.0 248515.0 281507.0 273019.0 279991.0 252365.0 257559.0 314382.0 332020.0 279466.0 294235.0 327700.0 264982.0 250468.0 305391.0 279604.0 271870.0 238358.0 293475.0 247211.0 282763.0 326892.0 242138.0 253235.0 311727.0 285619.0
243 302349.0 258777.0 232822.0 235939.0 264489.0 252103.0 295940.0 247982.0 280347.0 272029.0 279843.0 252206.0 257173.0 312404.0 328791.0 278395.0 292511.0 326449.0 262777.0 249172.0 304342.0 277064.0 271704.0 237016.0 292406.0 245713.0 281869.0 324733.0 240693.0 251667.0 310305.0 284371.0
246 301648.0 259216.0 232100.0 235033.0 263705.0 250220.0 295648.0 246896.0 278327.0 270964.0 279420.0 250303.0 256643.0 310959.0 329672.0 278519.0 292871.0 326339.0 261173.0 247593.0 302348.0 276431.0 269480.0 236202.0 290393.0 244698.0 278654.0 322905.0 239089.0 250173.0 308417.0 283714.0
249 297388.0 257652.0 231261.0 234737.0 260523.0 243543.0 294351.0 244882.0 274781.0 269000.0 277589.0 249336.0 253973.0 310053.0 326896.0 276169.0 286690.0 323139.0 255344.0 246728.0 302184.0 275781.0 265247.0 224192.0 287816.0 243274.0 276827.0 300342.0 234307.0 246918.0 305719.0 279751.0
252 277136.0 255863.0 229849.0 228136.0 246911.0 221591.0 289553.0 236765.0 257863.0 262346.0 270805.0 245914.0 250825.0 305186.0 318466.0 272618.0 267844.0 318208.0 233816.0 239034.0 298491.0 272014.0 250556.0 190357.0 278873.0 231999.0 260496.0 289958.0 218848.0 234907.0 296839.0 261799.0
255 249320.0 250710.0 220880.0 207991.0 205004.0 171444.0 277114.0 207188.0 207184.0 238163.0 252245.0 238600.0 235610.0 286453.0 290739.0 260461.0 218672.0 298071.0 180111.0 213087.0 292451.0 261098.0 205637.0 127380.0 250643.0 200108.0 218188.0 278182.0 176300.0 200829.0 266881.0 219671.0
258 165010.0 221429.0 178474.0 143777.0 110591.0 83302.0 219769.0 131542.0 107427.0 162748.0 181471.0 199211.0 176026.0 211444.0 202310.0 210197.0 119290.0 226596.0 87065.0 136689.0 250368.0 211017.0 113094.0 51118.0 168604.0 122286.0 127344.0 193367.0 94528.0 120136.0 187506.0 130397.0
261 87432.0 160888.0 115403.0 79373.0 50578.0 38415.0 141116.0 68023.0 48548.0 88006.0 101110.0 137170.0 102776.0 125304.0 112935.0 136416.0 55915.0 139176.0 40805.0 70251.0 179705.0 139680.0 53420.0 26429.0 91322.0 61674.0 63976.0 109255.0 45565.0 59346.0 107603.0 65678.0
264 42186.0 89453.0 56864.0 36755.0 27381.0 23837.0 70580.0 32780.0 27681.0 41423.0 45870.0 70354.0 47435.0 57994.0 52889.0 67220.0 31050.0 67966.0 26131.0 34146.0 97158.0 70099.0 28713.0 20111.0 43277.0 30501.0 33779.0 53168.0 25473.0 29893.0 51538.0 34170.0
267 27336.0 41741.0 28527.0 22605.0 21738.0 19683.0 35703.0 22934.0 22681.0 26544.0 28318.0 33932.0 27171.0 34237.0 34117.0 32968.0 24899.0 37303.0 21477.0 23679.0 45782.0 35467.0 22063.0 17407.0 27897.0 21945.0 25686.0 33473.0 20332.0 22293.0 31548.0 25566.0
270 23205.0 26684.0 21485.0 18674.0 19028.0 17516.0 27217.0 20132.0 19764.0 22736.0 23616.0 23970.0 22161.0 27900.0 28954.0 24961.0 22067.0 30405.0 18976.0 20096.0 31591.0 26667.0 19089.0 15515.0 23288.0 19141.0 22130.0 27497.0 17490.0 19387.0 26426.0 22375.0
273 21350.0 23509.0 19141.0 16723.0 17616.0 16374.0 24369.0 18023.0 18221.0 20671.0 21362.0 20954.0 19881.0 25393.0 26403.0 22028.0 20302.0 26933.0 17251.0 18340.0 28096.0 23571.0 17390.0 14932.0 20668.0 17319.0 20713.0 24747.0 15965.0 17496.0 24209.0 20139.0
276 19230.0 20113.0 16728.0 15088.0 16685.0 15713.0 21594.0 16332.0 17183.0 18677.0 18341.0 18725.0 17629.0 22885.0 24117.0 19411.0 18996.0 23545.0 16693.0 16631.0 24456.0 21100.0 16781.0 14379.0 19012.0 16043.0 19168.0 22173.0 15365.0 15991.0 21744.0 18622.0
279 18224.0 17853.0 14959.0 14335.0 15964.0 15243.0 19963.0 15914.0 16990.0 17895.0 17504.0 16872.0 16674.0 21580.0 23026.0 17916.0 18551.0 21615.0 16347.0 16010.0 21615.0 18981.0 15888.0 14204.0 17995.0 15556.0 18559.0 20805.0 14468.0 15603.0 20606.0 18047.0
282 17925.0 16412.0 14224.0 13905.0 16016.0 14986.0 19181.0 15498.0 16555.0 17460.0 17231.0 16114.0 16091.0 21107.0 22552.0 17386.0 18393.0 20821.0 16345.0 15712.0 20410.0 18539.0 15848.0 13948.0 18065.0 15133.0 18291.0 19805.0 14487.0 15241.0 20225.0 17796.0
285 17555.0 16051.0 14011.0 13506.0 15705.0 14975.0 18941.0 15321.0 16427.0 17518.0 16814.0 15869.0 16118.0 20963.0 22570.0 16795.0 18161.0 20639.0 15860.0 15676.0 19676.0 18052.0 15780.0 13859.0 17927.0 15295.0 18254.0 19826.0 14328.0 15145.0 19705.0 17602.0
288 17933.0 15908.0 13920.0 13588.0 15508.0 14732.0 18800.0 15181.0 16188.0 17143.0 16791.0 15733.0 15732.0 19060.0 21954.0 16628.0 18327.0 20197.0 15757.0 15430.0 19058.0 17976.0 15469.0 13537.0 17628.0 14773.0 17861.0 20014.0 14165.0 14951.0 19734.0 17557.0
291 17578.0 15859.0 13437.0 13613.0 15458.0 14476.0 18383.0 14865.0 16216.0 16993.0 16718.0 15649.0 15656.0 20475.0 22111.0 16217.0 17815.0 20037.0 15644.0 15324.0 19271.0 17837.0 15323.0 13424.0 17403.0 14849.0 17878.0 19720.0 14046.0 14741.0 19459.0 17108.0
294 17372.0 15645.0 13682.0 13363.0 15104.0 14589.0 18392.0 14694.0 16018.0 16713.0 16206.0 15388.0 15625.0 20378.0 21875.0 16591.0 17992.0 19959.0 15551.0 15205.0 19046.0 17831.0 15571.0 13406.0 17311.0 14569.0 17525.0 19818.0 13758.0 14908.0 19398.0 16998.0
297 17237.0 15254.0 13324.0 13259.0 14925.0 14301.0 18417.0 14989.0 15844.0 16592.0 16450.0 14958.0 15425.0 20219.0 21755.0 16225.0 17424.0 19940.0 15000.0 15264.0 19093.0 17402.0 15249.0 13112.0 16711.0 14453.0 17516.0 19400.0 13724.0 14351.0 19191.0 16917.0
300 17241.0 15205.0 12993.0 13223.0 14616.0 14063.0 17918.0 14457.0 15816.0 16358.0 16281.0 15187.0 15304.0 19930.0 21386.0 16020.0 17336.0 19395.0 15167.0 14944.0 18829.0 17081.0 14990.0 12995.0 16576.0 14576.0 17262.0 19047.0 13553.0 14242.0 18956.0 16744.0
303 17077.0 15117.0 13065.0 13065.0 14709.0 14144.0 17981.0 14102.0 15460.0 16410.0 16127.0 14762.0 15088.0 19543.0 21178.0 16092.0 16762.0 19493.0 14758.0 14816.0 18584.0 17149.0 14694.0 13058.0 16613.0 14384.0 17211.0 19120.0 13674.0 14369.0 18625.0 16574.0
306 16814.0 15010.0 12869.0 12825.0 14612.0 13868.0 17589.0 14134.0 15261.0 15949.0 15922.0 14749.0 14883.0 19323.0 21151.0 15631.0 16891.0 19154.0 14747.0 14706.0 18089.0 17033.0 14640.0 13202.0 16514.0 13999.0 17068.0 18649.0 13241.0 14030.0 18656.0 16385.0
309 16587.0 14642.0 12657.0 12617.0 14472.0 13683.0 17455.0 14023.0 15206.0 15871.0 15691.0 14543.0 14797.0 19039.0 20625.0 15588.0 16746.0 18723.0 14457.0 14549.0 18037.0 16812.0 14182.0 12485.0 16037.0 13788.0 16824.0 18269.0 13215.0 13842.0 18415.0 16090.0
312 16233.0 14601.0 12741.0 12552.0 14133.0 13235.0 17539.0 13786.0 14916.0 15638.0 15275.0 14216.0 14656.0 18840.0 20617.0 15381.0 16345.0 18789.0 14277.0 14480.0 18065.0 16230.0 14265.0 12166.0 15867.0 13771.0 16452.0 18022.0 13223.0 13556.0 17999.0 15860.0
315 16273.0 14264.0 12403.0 12369.0 13704.0 13091.0 16959.0 13728.0 14468.0 15515.0 15191.0 14060.0 14079.0 18490.0 19893.0 15137.0 16056.0 18390.0 14326.0 14046.0 17589.0 16389.0 13975.0 12096.0 15480.0 13766.0 16254.0 16358.0 12809.0 13293.0 17853.0 15586.0
318 15717.0 14251.0 12186.0 12222.0 13561.0 13153.0 16771.0 13357.0 14459.0 15026.0 14788.0 13932.0 14181.0 18364.0 19679.0 14706.0 15890.0 18150.0 13799.0 14030.0 17503.0 16118.0 13649.0 11818.0 15606.0 13423.0 16005.0 16680.0 12668.0 13235.0 17467.0 15274.0
321 15729.0 14116.0 11877.0 12030.0 13405.0 12571.0 16506.0 13339.0 14089.0 14619.0 14466.0 13798.0 13588.0 17990.0 19662.0 14429.0 15559.0 17936.0 13665.0 13735.0 17033.0 15851.0 13371.0 11588.0 15331.0 12985.0 15659.0 16190.0 12344.0 12849.0 17145.0 15006.0
324 15517.0 13690.0 11718.0 11744.0 12994.0 12496.0 16197.0 13115.0 13698.0 14603.0 14478.0 13574.0 13712.0 17861.0 19062.0 14223.0 15132.0 17623.0 13243.0 13483.0 16958.0 15557.0 13018.0 11278.0 14923.0 12608.0 15117.0 15859.0 12038.0 12633.0 16753.0 14697.0
327 14857.0 13492.0 11660.0 11457.0 12672.0 12067.0 15911.0 12557.0 13159.0 14303.0 14444.0 13183.0 13353.0 17352.0 18740.0 14276.0 14790.0 17081.0 12601.0 13139.0 16502.0 15361.0 12540.0 10657.0 14643.0 12371.0 15136.0 16410.0 11678.0 12287.0 16054.0 14141.0
330 14454.0 13419.0 11458.0 11196.0 12032.0 11348.0 15556.0 12301.0 12417.0 13882.0 14021.0 12984.0 13043.0 16752.0 18380.0 13715.0 13981.0 16625.0 12062.0 12763.0 16454.0 14913.0 11925.0 9481.0 14348.0 11928.0 14326.0 15861.0 10873.0 11956.0 15789.0 13629.0
333 13511.0 12909.0 11277.0 10488.0 10911.0 10363.0 15072.0 11955.0 11185.0 13438.0 13454.0 12744.0 12682.0 16357.0 17509.0 13528.0 12846.0 16218.0 10562.0 12117.0 15759.0 14388.0 10772.0 7558.0 13726.0 11285.0 13522.0 14986.0 9928.0 10838.0 15022.0 12485.0
336 12563.0 12551.0 10867.0 10128.0 9800.0 9128.0 14467.0 11217.0 9657.0 12807.0 13038.0 12437.0 11969.0 15706.0 16433.0 12988.0 11028.0 15229.0 9057.0 11333.0 15258.0 14123.0 9289.0 6036.0 12599.0 10224.0 12211.0 14388.0 8550.0 9746.0 14330.0 11206.0
339 10554.0 12214.0 10151.0 8749.0 7608.0 6966.0 13649.0 9542.0 7178.0 11625.0 11732.0 11713.0 11069.0 14078.0 14468.0 11963.0 8928.0 13843.0 6710.0 9567.0 14863.0 13099.0 7037.0 3878.0 10544.0 8489.0 10145.0 12739.0 6664.0 7964.0 12409.0 8672.0
342 7940.0 11156.0 9008.0 7190.0 5032.0 4751.0 11696.0 7650.0 4797.0 9525.0 9599.0 10832.0 9012.0 11689.0 11996.0 10535.0 5864.0 11628.0 4406.0 7511.0 13596.0 11520.0 4884.0 2377.0 8493.0 6326.0 7686.0 10129.0 4508.0 5945.0 10034.0 6535.0
345 5461.0 9872.0 7259.0 5243.0 3055.0 3031.0 9566.0 5367.0 2890.0 6996.0 7450.0 8948.0 6697.0 9028.0 9114.0 8345.0 3950.0 8825.0 2776.0 5143.0 11772.0 9537.0 2924.0 1561.0 5929.0 4337.0 5246.0 7460.0 2930.0 3820.0 7502.0 4234.0
348 3413.0 8104.0 5471.0 3460.0 1999.0 1835.0 6842.0 3545.0 1861.0 4713.0 5109.0 6880.0 4565.0 6152.0 5870.0 5986.0 2603.0 6152.0 1896.0 3275.0 9145.0 7140.0 2015.0 1314.0 3721.0 2763.0 3312.0 5024.0 1889.0 2362.0 4928.0 2736.0
351 2201.0 5585.0 3594.0 2092.0 1538.0 1444.0 4349.0 2267.0 1627.0 2939.0 3179.0 4661.0 2722.0 3773.0 3724.0 3669.0 1901.0 3847.0 1659.0 2091.0 6755.0 4705.0 1499.0 1182.0 2424.0 1870.0 2179.0 3224.0 1432.0 1768.0 3172.0 1928.0
354 1778.0 3460.0 2056.0 1404.0 1397.0 1300.0 2624.0 1686.0 1387.0 1919.0 1983.0 2676.0 1757.0 2429.0 2681.0 2161.0 1634.0 2499.0 1352.0 1564.0 3953.0 2753.0 1328.0 1083.0 1882.0 1470.0 1756.0 2196.0 1387.0 1480.0 2182.0 1547.0
357 1589.0 2183.0 1544.0 1306.0 1266.0 1256.0 2098.0 1410.0 1325.0 1676.0 1683.0 1879.0 1595.0 2147.0 2259.0 1668.0 1510.0 2060.0 1339.0 1479.0 2626.0 2107.0 1266.0 1119.0 1626.0 1381.0 1647.0 1933.0 1218.0 1302.0 1862.0 1602.0
