150 18252200.0 18246150.0 18236255.0 18215199.0 18237734.0 18195926.0 18234716.0 18187206.0 18227983.0 18206047.0 18226675.0 18214448.0 18234157.0 18217113.0 18234400.0 18200093.0 18231412.0 18221812.0 18232512.0 18223897.0 18205536.0 18225032.0 18216134.0 18223727.0 18172829.0 18132764.0 18211437.0 18192794.0 18212662.0 18226625.0 18232081.0 18224216.0
153 18561231.0 18561641.0 18553171.0 18540491.0 18556999.0 18522529.0 18554496.0 18514037.0 18549878.0 18532763.0 18545996.0 18541034.0 18554802.0 18536935.0 18554932.0 18526925.0 18552349.0 18544323.0 18554806.0 18548933.0 18534255.0 18548637.0 18544742.0 18549063.0 18503060.0 18466823.0 18541262.0 18520705.0 18541227.0 18553519.0 18557746.0 18551136.0
156 18951629.0 18955458.0 18947179.0 18933815.0 18949230.0 18915646.0 18949467.0 18908262.0 18945587.0 18926149.0 18939940.0 18934557.0 18949833.0 18931376.0 18950084.0 18919909.0 18945188.0 18939183.0 18949682.0 18945060.0 18926792.0 18942973.0 18937693.0 18944995.0 18899023.0 18872620.0 18933317.0 18916416.0 18933369.0 18949045.0 18954137.0 18946647.0
159 19586020.0 19596224.0 19587878.0 19569410.0 19590332.0 19547810.0 19592207.0 19539211.0 19587439.0 19558406.0 19581008.0 19568521.0 19592070.0 19571706.0 19591222.0 19550821.0 19585777.0 19580548.0 19590920.0 19585529.0 19558799.0 19584032.0 19571271.0 19584468.0 19525203.0 19503515.0 19567367.0 19555102.0 19567220.0 19590804.0 19596434.0 19586805.0
162 19862307.0 19874309.0 19864668.0 19844142.0 19867276.0 19819081.0 19868861.0 19812929.0 19864460.0 19833071.0 19857820.0 19844475.0 19868745.0 19847645.0 19867534.0 19824559.0 19862878.0 19856302.0 19867534.0 19862120.0 19834256.0 19861107.0 19846625.0 19861370.0 19796525.0 19771984.0 19841929.0 19830357.0 19842844.0 19865947.0 19872448.0 19861955.0
165 19920588.0 19937461.0 19924975.0 19900850.0 19928838.0 19861721.0 19933142.0 19853082.0 19929449.0 19885053.0 19920623.0 19904203.0 19933506.0 19911047.0 19931458.0 19874696.0 19927073.0 19921324.0 19931621.0 19925784.0 19891279.0 19924357.0 19903903.0 19924125.0 19851943.0 19822638.0 19899059.0 19889908.0 19896498.0 19928640.0 19935609.0 19924416.0
168 19699073.0 19738047.0 19707043.0 19640019.0 19708330.0 19560195.0 19723015.0 19551642.0 19718137.0 19608637.0 19692878.0 19648553.0 19725345.0 19688557.0 19709006.0 19596466.0 19706339.0 19707144.0 19720845.0 19712947.0 19637809.0 19702621.0 19653211.0 19710467.0 19600028.0 19587079.0 19643249.0 19666513.0 19634790.0 19719645.0 19731239.0 19718031.0
171 19004775.0 19101510.0 18988177.0 18838820.0 19005886.0 18667696.0 19029957.0 18706243.0 19013452.0 18746421.0 18973400.0 18830132.0 19028097.0 18972230.0 18944436.0 18752043.0 19007129.0 18977654.0 18985005.0 18953738.0 18799951.0 18946792.0 18794047.0 18942507.0 18724174.0 18701886.0 18772531.0 18882347.0 18785037.0 18953494.0 19003572.0 18990643.0
174 8989708.0 9428781.0 8972205.0 9335434.0 9098342.0 8856489.0 9301089.0 9318504.0 9432941.0 9162175.0 9327251.0 9434051.0 9420971.0 9554583.0 8936243.0 9210475.0 9593047.0 9362694.0 9200196.0 9052904.0 9351409.0 9113300.0 8992986.0 8998569.0 9434220.0 8663090.0 8796287.0 9121938.0 8840768.0 8766307.0 9012973.0 9071335.0
177 6329918.0 6695013.0 6362565.0 6803131.0 6482843.0 6393381.0 6632747.0 6831086.0 6742780.0 6673295.0 6637423.0 6869184.0 6710621.0 6832112.0 6279290.0 6695053.0 6886726.0 6658986.0 6511704.0 6371418.0 6822276.0 6409804.0 6485013.0 6333348.0 6946056.0 6110979.0 6287774.0 6486732.0 6344422.0 6091890.0 6323208.0 6377170.0
180 941004.0 1010021.0 887421.0 948414.0 929210.0 870935.0 943232.0 1024508.0 992956.0 919460.0 971989.0 942036.0 967696.0 1034935.0 799403.0 945956.0 1062520.0 965402.0 897293.0 847658.0 942973.0 871672.0 831921.0 856759.0 1098283.0 1150644.0 772772.0 1049989.0 810737.0 797734.0 869139.0 910775.0
183 364054.0 353821.0 324113.0 329831.0 316253.0 368139.0 310450.0 420528.0 319506.0 348592.0 328500.0 328453.0 319815.0 360608.0 280776.0 363713.0 336052.0 331651.0 297054.0 301770.0 333562.0 296979.0 292301.0 307459.0 468269.0 723726.0 282491.0 452923.0 295047.0 306020.0 315440.0 338980.0
186 345537.0 308488.0 306605.0 281283.0 278819.0 341819.0 266300.0 372032.0 269920.0 307919.0 282810.0 281912.0 272590.0 316397.0 265080.0 330450.0 258994.0 299203.0 264502.0 279500.0 291179.0 266810.0 262398.0 281406.0 421978.0 708981.0 264961.0 403224.0 268623.0 289451.0 282392.0 307693.0
189 343632.0 298256.0 307827.0 275864.0 277800.0 341236.0 263140.0 368013.0 267130.0 302844.0 281664.0 280913.0 270859.0 313904.0 266129.0 329509.0 252831.0 298847.0 261969.0 280715.0 287794.0 265158.0 259536.0 280928.0 415592.0 709970.0 264112.0 397714.0 264180.0 290273.0 278879.0 305592.0
192 344126.0 297407.0 308413.0 275311.0 278121.0 340833.0 262811.0 369309.0 267261.0 302983.0 281090.0 279547.0 269587.0 314165.0 265883.0 330420.0 252909.0 297816.0 261648.0 281470.0 288231.0 264266.0 258680.0 281421.0 413405.0 682168.0 263758.0 397847.0 264574.0 289000.0 277811.0 304386.0
195 348184.0 297761.0 307650.0 276479.0 277521.0 341911.0 262446.0 367328.0 267747.0 304092.0 280800.0 279843.0 269662.0 314735.0 266746.0 341836.0 254037.0 297851.0 263267.0 281164.0 287172.0 265213.0 260048.0 281177.0 413150.0 691257.0 265123.0 397613.0 264913.0 289753.0 279180.0 305913.0
198 347015.0 299360.0 308624.0 275306.0 277593.0 341266.0 263116.0 366901.0 268317.0 303869.0 282787.0 280284.0 270825.0 314691.0 267192.0 342059.0 253354.0 297166.0 262613.0 281749.0 288546.0 265366.0 260797.0 280447.0 412068.0 705347.0 263992.0 398038.0 265078.0 288905.0 278820.0 305976.0
201 348935.0 298106.0 309346.0 274888.0 277890.0 341622.0 263736.0 368913.0 267699.0 303362.0 280524.0 280705.0 270638.0 314631.0 266073.0 343261.0 253428.0 297724.0 262771.0 281484.0 287727.0 265440.0 259238.0 280867.0 410399.0 712066.0 264415.0 397213.0 266575.0 289667.0 279475.0 304974.0
204 351046.0 306939.0 307498.0 275693.0 278284.0 341642.0 263393.0 368963.0 267154.0 303840.0 281368.0 279983.0 270966.0 314043.0 267124.0 341533.0 252780.0 298328.0 261686.0 281970.0 288184.0 265866.0 260544.0 280324.0 411812.0 716919.0 262647.0 397473.0 265082.0 288388.0 279113.0 306037.0
207 351436.0 297437.0 306749.0 276394.0 278258.0 340866.0 262621.0 369111.0 265961.0 301554.0 282322.0 279570.0 270254.0 314810.0 266238.0 342456.0 254935.0 297280.0 261927.0 280318.0 287733.0 265769.0 259978.0 279316.0 408492.0 713045.0 262757.0 398295.0 266250.0 288197.0 278652.0 304414.0
210 350956.0 296363.0 305714.0 275096.0 277191.0 339668.0 262631.0 368054.0 266252.0 300938.0 281093.0 279032.0 268391.0 313319.0 264940.0 340422.0 254535.0 295513.0 261784.0 279451.0 288125.0 265180.0 258878.0 280045.0 412207.0 705201.0 262166.0 398148.0 264209.0 288043.0 277760.0 304738.0
213 346755.0 296229.0 305453.0 274435.0 276742.0 338881.0 261989.0 365103.0 265382.0 300209.0 279382.0 277651.0 268340.0 312948.0 264138.0 339828.0 253729.0 296566.0 261350.0 277711.0 286638.0 264703.0 258053.0 279366.0 413689.0 699871.0 261779.0 395843.0 264720.0 287212.0 276173.0 302553.0
216 345362.0 296571.0 303752.0 273401.0 276398.0 338015.0 261482.0 364081.0 264992.0 300472.0 278295.0 277918.0 267729.0 314164.0 263743.0 337572.0 252694.0 294667.0 260449.0 278802.0 285902.0 263144.0 256803.0 278739.0 411144.0 699309.0 261759.0 394040.0 262813.0 286891.0 277674.0 302665.0
219 344992.0 297188.0 304834.0 273518.0 274822.0 337068.0 259463.0 365372.0 264741.0 300798.0 280624.0 278031.0 268076.0 311535.0 263537.0 338459.0 252518.0 296243.0 259994.0 278743.0 285712.0 263715.0 257239.0 280107.0 406198.0 699767.0 260626.0 394861.0 262440.0 286654.0 277252.0 302474.0
222 342931.0 296059.0 305027.0 273452.0 273846.0 337224.0 258137.0 362525.0 264583.0 299793.0 278432.0 276493.0 266503.0 311308.0 262057.0 337909.0 250050.0 294500.0 258539.0 278026.0 285388.0 261766.0 256585.0 277973.0 407634.0 693588.0 260840.0 394082.0 261674.0 285305.0 275431.0 301581.0
225 342869.0 295805.0 302526.0 271031.0 273011.0 334842.0 258235.0 360900.0 262284.0 298082.0 276853.0 274624.0 265932.0 309641.0 261465.0 335495.0 250201.0 294260.0 257557.0 276364.0 283734.0 261747.0 255903.0 276872.0 406799.0 692163.0 258722.0 387248.0 260590.0 284637.0 272622.0 300534.0
228 337901.0 294037.0 303270.0 269500.0 272898.0 333585.0 257176.0 360420.0 261801.0 296858.0 275513.0 274328.0 263626.0 309339.0 259658.0 335702.0 249537.0 292068.0 257559.0 274091.0 282882.0 261996.0 253892.0 275709.0 407102.0 687583.0 257566.0 379408.0 259415.0 283443.0 272645.0 299715.0
231 341527.0 300217.0 301951.0 269555.0 272372.0 332074.0 256795.0 361443.0 261732.0 295866.0 275323.0 272779.0 263874.0 308074.0 260721.0 333314.0 248088.0 291577.0 257335.0 272806.0 282130.0 258361.0 254051.0 274866.0 396872.0 677808.0 256469.0 377368.0 259841.0 281298.0 270614.0 298731.0
234 342095.0 298678.0 299683.0 269435.0 270680.0 332238.0 255813.0 355902.0 260082.0 294214.0 275272.0 271047.0 263996.0 307713.0 258227.0 332409.0 247445.0 289004.0 255466.0 272669.0 280654.0 259888.0 252457.0 273715.0 395944.0 668611.0 256062.0 376866.0 258262.0 279148.0 269295.0 296435.0
237 340625.0 296491.0 298264.0 267282.0 269381.0 328395.0 253930.0 355619.0 258834.0 291957.0 272373.0 267370.0 259771.0 304933.0 256245.0 331067.0 247817.0 287494.0 252100.0 268078.0 278246.0 258186.0 247747.0 271000.0 394835.0 645963.0 249170.0 374834.0 255912.0 269295.0 263848.0 293377.0
240 339110.0 294085.0 295372.0 265354.0 267757.0 324432.0 251005.0 352777.0 252901.0 285244.0 272980.0 252115.0 253431.0 303398.0 243504.0 313442.0 245889.0 280027.0 242959.0 254846.0 272622.0 256768.0 233211.0 263723.0 377933.0 588865.0 227326.0 372086.0 252271.0 237551.0 243514.0 282447.0
243 333887.0 280494.0 289246.0 257005.0 265698.0 309853.0 239171.0 342891.0 229805.0 261267.0 269266.0 210191.0 229209.0 298552.0 208671.0 290265.0 243747.0 252503.0 212598.0 212823.0 251090.0 246904.0 191189.0 239094.0 325790.0 433020.0 174737.0 363099.0 240914.0 170596.0 190768.0 254062.0
246 315693.0 235392.0 268677.0 227697.0 255790.0 260452.0 201080.0 310578.0 170519.0 201305.0 258223.0 133405.0 171991.0 277479.0 139221.0 237416.0 237931.0 187045.0 152170.0 135466.0 196348.0 222688.0 120400.0 181392.0 220166.0 223724.0 98224.0 335126.0 204938.0 87754.0 112168.0 190364.0
249 277998.0 168577.0 215942.0 171129.0 227372.0 180540.0 141425.0 243807.0 98425.0 124766.0 228725.0 66493.0 101931.0 232533.0 73040.0 155892.0 220562.0 109543.0 88901.0 68195.0 125601.0 174764.0 60771.0 109695.0 121528.0 110785.0 47647.0 276434.0 147233.0 41869.0 54506.0 118781.0
252 208157.0 76818.0 125350.0 88511.0 158894.0 82684.0 68543.0 131110.0 39625.0 54233.0 155703.0 29071.0 42757.0 145421.0 31701.0 71824.0 170489.0 45934.0 38695.0 30941.0 54249.0 101014.0 27300.0 46285.0 55517.0 68174.0 25064.0 168595.0 73536.0 24579.0 27157.0 53611.0
255 128628.0 35087.0 55219.0 39227.0 84380.0 39172.0 31621.0 55853.0 23383.0 29509.0 77868.0 21373.0 24369.0 68504.0 21998.0 36113.0 101045.0 26704.0 23273.0 22496.0 28670.0 47509.0 20147.0 26543.0 36078.0 56832.0 20085.0 82698.0 34148.0 20065.0 20521.0 30637.0
258 65173.0 25110.0 30559.0 24444.0 38987.0 29455.0 22170.0 33122.0 19250.0 23573.0 35992.0 18138.0 20182.0 34810.0 18776.0 27744.0 44885.0 22136.0 19822.0 19624.0 22704.0 27174.0 17353.0 21577.0 30459.0 49818.0 17312.0 44888.0 23634.0 17334.0 17681.0 24313.0
261 38483.0 21775.0 25340.0 20805.0 26350.0 25469.0 19377.0 27355.0 16999.0 20479.0 26753.0 16353.0 17512.0 26926.0 16414.0 24146.0 26166.0 19391.0 17022.0 17039.0 19930.0 22357.0 15310.0 18721.0 26679.0 45917.0 15711.0 35331.0 20280.0 16052.0 15845.0 21317.0
264 31258.0 18660.0 21718.0 17999.0 23356.0 22889.0 16510.0 23856.0 15163.0 18692.0 23512.0 15281.0 15909.0 23747.0 15185.0 21457.0 22274.0 17499.0 15601.0 16242.0 17672.0 19453.0 14585.0 17034.0 24679.0 43699.0 14612.0 31328.0 17811.0 15461.0 15088.0 19349.0
267 27423.0 17383.0 19328.0 16294.0 19871.0 21012.0 15144.0 20493.0 14430.0 17657.0 20423.0 14379.0 15146.0 20794.0 14431.0 19968.0 19532.0 16382.0 14961.0 15275.0 16506.0 16774.0 13398.0 16058.0 23965.0 42803.0 14167.0 27100.0 15802.0 15176.0 14264.0 18251.0
270 24201.0 16314.0 18130.0 15396.0 17341.0 20186.0 14578.0 18506.0 13765.0 16655.0 17702.0 13987.0 14849.0 19280.0 14214.0 19209.0 17159.0 16111.0 14512.0 15367.0 16076.0 15516.0 13532.0 15424.0 23545.0 42277.0 14274.0 25460.0 14747.0 14717.0 14536.0 17941.0
273 22027.0 15974.0 17519.0 15022.0 16119.0 19586.0 14472.0 17731.0 13857.0 16472.0 16614.0 13951.0 14401.0 18605.0 14158.0 19012.0 15212.0 15782.0 14481.0 14930.0 15846.0 14753.0 13525.0 15470.0 22960.0 41871.0 14188.0 24400.0 14234.0 14834.0 14194.0 17626.0
276 20969.0 15470.0 17171.0 14696.0 15515.0 19364.0 14484.0 17447.0 13568.0 16596.0 16273.0 13757.0 14339.0 18164.0 14304.0 18537.0 14384.0 15800.0 14198.0 15030.0 15519.0 14717.0 13204.0 15127.0 22521.0 41433.0 13902.0 24067.0 14303.0 14692.0 13962.0 17388.0
279 21007.0 15888.0 17199.0 14620.0 15226.0 19502.0 14240.0 17441.0 13518.0 16378.0 16013.0 13579.0 14285.0 18079.0 13881.0 18643.0 14495.0 15643.0 14118.0 14923.0 15579.0 14502.0 13150.0 15100.0 22413.0 40297.0 13810.0 23857.0 14080.0 14380.0 13954.0 17435.0
282 20180.0 15360.0 16710.0 14560.0 15083.0 19159.0 13862.0 17151.0 13498.0 16093.0 15626.0 13614.0 14128.0 18090.0 13869.0 17918.0 14247.0 15454.0 13771.0 14693.0 15275.0 14327.0 12867.0 14844.0 21969.0 39645.0 13652.0 23475.0 13713.0 14161.0 13917.0 16879.0
285 20236.0 15358.0 16829.0 14203.0 15286.0 19122.0 13921.0 16825.0 13261.0 15889.0 15525.0 13436.0 14012.0 17864.0 13777.0 17424.0 14058.0 15329.0 13821.0 14404.0 15265.0 14236.0 12869.0 14777.0 22263.0 40007.0 13448.0 22105.0 13827.0 14075.0 13582.0 17299.0
288 19812.0 15213.0 16688.0 14160.0 15058.0 18517.0 13333.0 16581.0 13044.0 15784.0 15420.0 13249.0 13643.0 17613.0 13459.0 17194.0 14038.0 15150.0 13646.0 14168.0 15006.0 13974.0 12880.0 14567.0 21385.0 40824.0 13455.0 22247.0 13645.0 13916.0 13703.0 16924.0
291 19521.0 15029.0 16357.0 13968.0 14832.0 18630.0 13380.0 16510.0 12948.0 15904.0 15186.0 12912.0 13642.0 17479.0 13318.0 17153.0 13902.0 14785.0 13329.0 14020.0 14981.0 13664.0 12585.0 14375.0 21466.0 40502.0 13250.0 22846.0 13623.0 13780.0 13213.0 16627.0
294 19272.0 15213.0 16099.0 13624.0 14807.0 18311.0 13267.0 16413.0 12669.0 15260.0 15053.0 12758.0 13339.0 17252.0 13088.0 17075.0 13755.0 14511.0 13255.0 13901.0 14549.0 13854.0 12323.0 14305.0 21207.0 39629.0 12959.0 22591.0 13178.0 13483.0 13105.0 16206.0
297 19723.0 14496.0 16043.0 13802.0 14320.0 18204.0 13129.0 16284.0 12623.0 15105.0 15147.0 12422.0 13380.0 16910.0 13000.0 16836.0 13720.0 14279.0 12920.0 13525.0 14684.0 13467.0 12223.0 13779.0 21270.0 39212.0 12839.0 22155.0 13043.0 13269.0 12674.0 16066.0
300 19001.0 14940.0 15808.0 13375.0 14291.0 17751.0 12923.0 15639.0 12319.0 14892.0 14666.0 12521.0 13022.0 16862.0 12912.0 16425.0 13503.0 14188.0 12800.0 13420.0 14158.0 13538.0 12044.0 13854.0 20184.0 37693.0 12506.0 21657.0 13041.0 13081.0 12522.0 15958.0
303 18604.0 14298.0 15514.0 13402.0 14127.0 17660.0 12773.0 15576.0 12027.0 14797.0 14913.0 12094.0 13082.0 16370.0 12639.0 16203.0 13276.0 14036.0 12811.0 13042.0 13766.0 13437.0 11871.0 13689.0 20109.0 37186.0 12296.0 21658.0 12752.0 12853.0 12597.0 15571.0
306 18510.0 13900.0 15349.0 12937.0 13856.0 17342.0 12732.0 15689.0 12181.0 14322.0 14448.0 12078.0 12381.0 16176.0 12163.0 15940.0 13156.0 13848.0 12336.0 12977.0 13657.0 12948.0 11596.0 13270.0 19672.0 34675.0 11938.0 21441.0 12564.0 12511.0 12114.0 15451.0
309 18650.0 13948.0 14932.0 12894.0 13967.0 17111.0 12495.0 15327.0 11775.0 14133.0 14411.0 11604.0 12380.0 16177.0 12152.0 15548.0 12951.0 13333.0 12329.0 12640.0 13590.0 12669.0 11195.0 13131.0 19442.0 35534.0 11826.0 20919.0 12599.0 12051.0 11796.0 15021.0
312 18159.0 13629.0 14972.0 12814.0 13576.0 16765.0 12195.0 14677.0 11723.0 13927.0 14140.0 11456.0 12237.0 15693.0 11817.0 15203.0 12598.0 13183.0 12306.0 12212.0 13279.0 12694.0 10942.0 12910.0 18623.0 34150.0 11384.0 19923.0 12088.0 11745.0 11694.0 14622.0
315 18027.0 13032.0 14712.0 12398.0 13586.0 16548.0 11919.0 14531.0 11170.0 13382.0 13729.0 11122.0 11733.0 15584.0 11368.0 14948.0 12537.0 12838.0 11528.0 12051.0 12935.0 12471.0 10696.0 12423.0 18159.0 31877.0 10810.0 19929.0 12095.0 10864.0 11222.0 14179.0
318 17620.0 13170.0 14176.0 12208.0 12874.0 16084.0 11526.0 14149.0 10688.0 13116.0 13585.0 10103.0 11237.0 15158.0 10903.0 14437.0 12320.0 12144.0 10881.0 11357.0 12459.0 12134.0 10000.0 12020.0 16944.0 29194.0 9887.0 20115.0 11850.0 9494.0 10033.0 13659.0
321 17397.0 12688.0 13964.0 11781.0 12841.0 15158.0 11022.0 13683.0 9912.0 12441.0 13376.0 9048.0 10463.0 14864.0 9879.0 13841.0 11998.0 11914.0 10098.0 9934.0 11792.0 11597.0 8306.0 11476.0 15204.0 23736.0 7845.0 19419.0 11297.0 7652.0 8368.0 12427.0
324 16841.0 11598.0 13423.0 10855.0 12562.0 14242.0 10001.0 13046.0 8518.0 11096.0 12873.0 7141.0 9267.0 14332.0 8256.0 13012.0 11950.0 10160.0 8531.0 7919.0 10572.0 11295.0 6668.0 9954.0 12565.0 16872.0 5739.0 18488.0 10763.0 5322.0 6340.0 10850.0
327 16567.0 10329.0 12424.0 10176.0 12034.0 12629.0 8345.0 12034.0 6510.0 9091.0 12459.0 4963.0 7059.0 13576.0 6174.0 11168.0 11531.0 8235.0 6549.0 5653.0 8637.0 10177.0 4569.0 7992.0 9172.0 10636.0 3600.0 16784.0 9402.0 3035.0 4013.0 8430.0
330 15732.0 8625.0 11346.0 8651.0 11779.0 10441.0 6854.0 10453.0 4614.0 6915.0 11639.0 3065.0 5062.0 12355.0 4256.0 8993.0 11083.0 6150.0 4653.0 3474.0 6496.0 9146.0 2822.0 6120.0 6097.0 6665.0 2259.0 14997.0 7961.0 1926.0 2490.0 6467.0
333 14684.0 6074.0 9196.0 6604.0 10597.0 7501.0 4873.0 8473.0 2736.0 4577.0 10480.0 1825.0 3150.0 10619.0 2586.0 6555.0 10640.0 3817.0 2917.0 2159.0 4279.0 7377.0 1701.0 3978.0 3716.0 4943.0 1584.0 12419.0 5942.0 1361.0 1518.0 4209.0
336 12736.0 3681.0 6918.0 4297.0 8701.0 4687.0 3052.0 5759.0 1597.0 2798.0 8581.0 1261.0 1943.0 8202.0 1622.0 4105.0 9052.0 2145.0 1810.0 1529.0 2579.0 5472.0 1278.0 2339.0 2633.0 4152.0 1266.0 9322.0 3807.0 1261.0 1231.0 2645.0
339 10441.0 2154.0 4439.0 2561.0 6565.0 2790.0 1859.0 3469.0 1263.0 1826.0 6110.0 1149.0 1408.0 5547.0 1320.0 2413.0 7218.0 1542.0 1359.0 1256.0 1707.0 3383.0 1145.0 1570.0 2090.0 3755.0 1155.0 6401.0 2198.0 1130.0 1159.0 1894.0
342 7772.0 1534.0 2691.0 1721.0 4486.0 2054.0 1394.0 2220.0 1137.0 1465.0 3823.0 1029.0 1238.0 3461.0 1149.0 1868.0 5064.0 1382.0 1315.0 1136.0 1450.0 2253.0 1005.0 1355.0 1965.0 3578.0 1067.0 3883.0 1593.0 1061.0 1044.0 1629.0
345 5682.0 1352.0 1905.0 1325.0 2873.0 1798.0 1259.0 1584.0 1024.0 1438.0 2567.0 984.0 1160.0 2402.0 1121.0 1706.0 3498.0 1267.0 1177.0 1138.0 1286.0 1661.0 972.0 1198.0 1789.0 3398.0 1107.0 2988.0 1353.0 1109.0 1107.0 1445.0
348 3799.0 1242.0 1522.0 1251.0 1929.0 1737.0 1136.0 1380.0 985.0 1268.0 1848.0 960.0 1006.0 1847.0 1044.0 1547.0 2108.0 1169.0 1154.0 1079.0 1223.0 1362.0 876.0 1181.0 1792.0 3362.0 990.0 2424.0 1171.0 1031.0 981.0 1463.0
351 2643.0 1220.0 1405.0 1187.0 1509.0 1506.0 1028.0 1243.0 937.0 1231.0 1646.0 968.0 1069.0 1670.0 1031.0 1459.0 1681.0 1153.0 1004.0 1098.0 1190.0 1275.0 954.0 1150.0 1614.0 3271.0 977.0 2204.0 1111.0 1045.0 961.0 1396.0
354 2131.0 1132.0 1383.0 1118.0 1367.0 1490.0 1022.0 1112.0 980.0 1208.0 1339.0 953.0 1010.0 1500.0 1013.0 1324.0 1376.0 1149.0 1063.0 1038.0 1237.0 1159.0 940.0 1108.0 1612.0 3205.0 993.0 1949.0 1036.0 956.0 977.0 1310.0
357 1881.0 1076.0 1295.0 1095.0 1219.0 1438.0 1031.0 1069.0 827.0 1185.0 1208.0 902.0 1009.0 1389.0 973.0 1378.0 1212.0 1061.0 1046.0 1049.0 1134.0 1093.0 926.0 1080.0 1632.0 3020.0 1075.0 1814.0 998.0 991.0 967.0 1356.0
