150 472996.0 441966.0 419734.0 464601.0 452580.0 430740.0 505659.0 472871.0 425474.0 448345.0 427022.0 444791.0 482900.0 420343.0 451619.0 581173.0 410427.0 459806.0 431212.0 464544.0 467345.0 430537.0 442913.0 427135.0 444323.0 557543.0 434788.0 447425.0 440839.0 416584.0 443215.0 445095.0
153 18300283.0 18312282.0 18314813.0 18270722.0 18311327.0 18290747.0 18278080.0 18274354.0 18302609.0 18275029.0 18307325.0 18280952.0 18293445.0 18309763.0 18296073.0 18250909.0 18310133.0 18293490.0 18301945.0 18295038.0 18268185.0 18310197.0 18273289.0 18305777.0 18283534.0 18282321.0 18283180.0 18296202.0 18279184.0 18306885.0 18315602.0 18308406.0
156 18645519.0 18657743.0 18660185.0 18612995.0 18653871.0 18634932.0 18625014.0 18617528.0 18647892.0 18619186.0 18651619.0 18623926.0 18637965.0 18654924.0 18641186.0 18595321.0 18656094.0 18638990.0 18647338.0 18640420.0 18612242.0 18655492.0 18618164.0 18652166.0 18629767.0 18628163.0 18629849.0 18642352.0 18624345.0 18653661.0 18661393.0 18655394.0
159 18994335.0 19004194.0 19006966.0 18956439.0 18998805.0 18978422.0 18970305.0 18960216.0 18994487.0 18963183.0 18997722.0 18967546.0 18982649.0 19001547.0 18987589.0 18934601.0 19001520.0 18984544.0 18992322.0 18986146.0 18955227.0 19000944.0 18961993.0 18997942.0 18972374.0 18974675.0 18973575.0 18987608.0 18967352.0 18999946.0 19008054.0 19002333.0
162 19324224.0 19328642.0 19333229.0 19281642.0 19323258.0 19303828.0 19296008.0 19285188.0 19320027.0 19289381.0 19322959.0 19292224.0 19307201.0 19327185.0 19312742.0 19257868.0 19328426.0 19309937.0 19318009.0 19311565.0 19279351.0 19326546.0 19287454.0 19324732.0 19297881.0 19300576.0 19299024.0 19313227.0 19292726.0 19327092.0 19335707.0 19330473.0
165 19580653.0 19582493.0 19588558.0 19536853.0 19577971.0 19559805.0 19551254.0 19540138.0 19575068.0 19544685.0 19578001.0 19547596.0 19562774.0 19580583.0 19566109.0 19513172.0 19582573.0 19564373.0 19572552.0 19566432.0 19533650.0 19581400.0 19542994.0 19578933.0 19552555.0 19554280.0 19554065.0 19568068.0 19547908.0 19581831.0 19590959.0 19586156.0
168 19718758.0 19721463.0 19727373.0 19674650.0 19716985.0 19699573.0 19692115.0 19678106.0 19716749.0 19683492.0 19717324.0 19687100.0 19702589.0 19720521.0 19707784.0 19650629.0 19722486.0 19705412.0 19713142.0 19705486.0 19670036.0 19720523.0 19681251.0 19718421.0 19692705.0 19693668.0 19692524.0 19706514.0 19684723.0 19720939.0 19729351.0 19725183.0
171 19621272.0 19621684.0 19629994.0 19532782.0 19615229.0 19587043.0 19593518.0 19532902.0 19618511.0 19553136.0 19620825.0 19558718.0 19600568.0 19623727.0 19609024.0 19537695.0 19624301.0 19607392.0 19611644.0 19601958.0 19529294.0 19620149.0 19552375.0 19617200.0 19580556.0 19588599.0 19580463.0 19603825.0 19562120.0 19619901.0 19628141.0 19624380.0
174 19392075.0 19418227.0 19435090.0 19199293.0 19373899.0 19270910.0 19366476.0 19191604.0 19377723.0 19230698.0 19391145.0 19237311.0 19343353.0 19402030.0 19372828.0 19200237.0 19387084.0 19366576.0 19357272.0 19336607.0 19199193.0 19375825.0 19225684.0 19362525.0 19269438.0 19327746.0 19266252.0 19352942.0 19226862.0 19384079.0 19396904.0 19397476.0
177 14130635.0 14550089.0 14844625.0 13571515.0 14190821.0 13570916.0 14857045.0 13329718.0 14249949.0 13816623.0 14415690.0 13763328.0 14103278.0 14545319.0 14602567.0 13776106.0 14119001.0 14479281.0 14148951.0 14088761.0 13688834.0 14065256.0 13810678.0 13953056.0 13717227.0 13994103.0 13685728.0 14285140.0 13481716.0 14337202.0 14236531.0 14582368.0
180 8971628.0 8604105.0 8925065.0 8582631.0 8457882.0 8641550.0 9141547.0 8365539.0 8679370.0 8981291.0 8854137.0 8932030.0 8570360.0 8991745.0 9133834.0 8991279.0 8544850.0 9000179.0 8598158.0 8540389.0 8808518.0 8479685.0 8963380.0 8379841.0 8815867.0 8425038.0 8787339.0 8730759.0 8439812.0 8714755.0 8536276.0 8829545.0
183 5280177.0 4828000.0 5100296.0 4935432.0 4736824.0 4968960.0 5323759.0 4761217.0 4901223.0 5247177.0 5032963.0 5227473.0 4824881.0 5140740.0 5280501.0 5311103.0 4770193.0 5177173.0 4842899.0 4818208.0 5149695.0 4748605.0 5241984.0 4691056.0 5104576.0 4754410.0 5093730.0 4976236.0 4789463.0 4929998.0 4776252.0 4991292.0
186 326313.0 332321.0 372283.0 373339.0 339350.0 344531.0 538236.0 360770.0 343994.0 412108.0 359924.0 403548.0 370247.0 381598.0 452580.0 519216.0 299970.0 424517.0 337275.0 368717.0 406518.0 318315.0 391324.0 312610.0 365993.0 425217.0 347815.0 380079.0 326845.0 323929.0 318588.0 347465.0
189 298355.0 283187.0 266299.0 315857.0 294679.0 279323.0 366865.0 319319.0 277066.0 301851.0 274781.0 299060.0 322881.0 271741.0 307778.0 421340.0 257911.0 312515.0 281397.0 313196.0 320339.0 272170.0 298877.0 273739.0 291614.0 383781.0 284029.0 296008.0 286658.0 260938.0 272846.0 284219.0
192 298159.0 284227.0 263090.0 314725.0 294786.0 277174.0 354207.0 319293.0 275618.0 299873.0 274904.0 294585.0 325607.0 268874.0 302044.0 419006.0 258054.0 308901.0 281532.0 311863.0 318542.0 271412.0 295535.0 273826.0 290447.0 386333.0 281918.0 293284.0 286909.0 260059.0 272112.0 282826.0
195 299465.0 284468.0 265298.0 315451.0 294301.0 277612.0 355987.0 319476.0 276754.0 299092.0 275022.0 294671.0 326588.0 268623.0 302269.0 417804.0 258105.0 308159.0 281532.0 312466.0 317661.0 272652.0 294852.0 274627.0 290544.0 381039.0 281759.0 293965.0 286548.0 258910.0 272525.0 282913.0
198 299607.0 283544.0 264295.0 315595.0 296099.0 276967.0 355224.0 319133.0 276848.0 298998.0 275146.0 294389.0 324375.0 267705.0 302723.0 421821.0 259117.0 308357.0 281248.0 312545.0 316970.0 272492.0 294995.0 273558.0 291633.0 388123.0 282714.0 293577.0 286754.0 259901.0 272529.0 283502.0
201 299433.0 285502.0 263756.0 316961.0 296166.0 277838.0 355139.0 319890.0 277725.0 299258.0 275587.0 295431.0 324668.0 269375.0 303272.0 431244.0 259650.0 308915.0 282205.0 313695.0 318892.0 272110.0 295832.0 274465.0 291824.0 388464.0 284086.0 294365.0 290126.0 259366.0 273263.0 282733.0
204 301719.0 285118.0 265372.0 316994.0 295039.0 278781.0 356804.0 318966.0 277935.0 301531.0 276157.0 296160.0 327484.0 269797.0 303608.0 435610.0 259314.0 308369.0 281798.0 312857.0 319176.0 273726.0 295816.0 275200.0 291940.0 388397.0 283825.0 294759.0 288311.0 260642.0 273500.0 284816.0
207 299596.0 285901.0 264920.0 319264.0 296601.0 279887.0 356275.0 320169.0 277621.0 300246.0 276051.0 294865.0 328245.0 270192.0 303619.0 359854.0 258585.0 308158.0 283245.0 313254.0 318719.0 274207.0 295824.0 276126.0 292775.0 388705.0 283889.0 294776.0 288173.0 259944.0 272659.0 284945.0
210 299506.0 284867.0 264544.0 317450.0 296349.0 277701.0 355949.0 318920.0 277529.0 300655.0 275901.0 296777.0 326862.0 269326.0 304664.0 360712.0 259263.0 308479.0 281833.0 311760.0 318439.0 273378.0 296762.0 274654.0 291668.0 387119.0 283681.0 294683.0 287206.0 259882.0 271797.0 282895.0
213 297227.0 284905.0 264577.0 318493.0 295194.0 277417.0 357540.0 319493.0 277133.0 300757.0 275812.0 296386.0 327029.0 269453.0 304471.0 359268.0 258760.0 308599.0 282085.0 313103.0 318728.0 272861.0 295298.0 274283.0 291619.0 389057.0 282629.0 295693.0 287407.0 259203.0 271477.0 282185.0
216 297244.0 283532.0 263720.0 316727.0 295713.0 276782.0 356285.0 317581.0 275969.0 298895.0 274143.0 294680.0 325970.0 268129.0 302694.0 427892.0 257380.0 306348.0 281116.0 311037.0 318760.0 272609.0 295984.0 272580.0 289723.0 386425.0 281745.0 294213.0 286072.0 258188.0 270250.0 281859.0
219 296962.0 283375.0 262054.0 316742.0 293346.0 276017.0 354553.0 317902.0 275444.0 298466.0 273511.0 294619.0 324843.0 266963.0 301881.0 428634.0 257391.0 307205.0 280286.0 311288.0 316455.0 270189.0 294611.0 272653.0 289480.0 395881.0 279590.0 293307.0 286320.0 257837.0 270840.0 282205.0
222 295979.0 283019.0 262123.0 314503.0 294494.0 276398.0 353819.0 316102.0 275538.0 298921.0 274471.0 294214.0 325283.0 267911.0 300300.0 349852.0 257125.0 305866.0 280698.0 309841.0 315198.0 269887.0 293397.0 272165.0 289172.0 395210.0 281029.0 292371.0 284600.0 257415.0 270485.0 280731.0
225 296383.0 281975.0 261512.0 313683.0 293683.0 274427.0 353129.0 316619.0 274010.0 297512.0 273586.0 293683.0 321722.0 267237.0 300302.0 349583.0 255704.0 304535.0 279503.0 310300.0 316282.0 271213.0 294292.0 272404.0 288831.0 386640.0 280013.0 293113.0 284859.0 256768.0 270315.0 279813.0
228 295545.0 281541.0 261460.0 313043.0 292551.0 273341.0 353227.0 314959.0 274276.0 295728.0 272503.0 291995.0 324911.0 267336.0 300423.0 354151.0 255858.0 305115.0 277574.0 308875.0 315262.0 270005.0 294422.0 270690.0 288232.0 383526.0 278816.0 291879.0 284383.0 255699.0 269001.0 279471.0
231 292769.0 280203.0 259998.0 313298.0 291891.0 274165.0 352091.0 314456.0 272988.0 295833.0 272163.0 292463.0 323174.0 265781.0 298842.0 352566.0 253945.0 304056.0 277844.0 306725.0 313306.0 267932.0 291860.0 269328.0 287110.0 382978.0 277808.0 290426.0 282747.0 255030.0 267797.0 278655.0
234 292855.0 279410.0 258540.0 312133.0 290531.0 272209.0 350188.0 313906.0 272307.0 295547.0 270038.0 290407.0 321542.0 264824.0 297676.0 350503.0 252965.0 303646.0 275674.0 306391.0 312563.0 267776.0 291004.0 268838.0 285806.0 380153.0 276864.0 290175.0 281704.0 254331.0 267113.0 277937.0
237 289734.0 278621.0 258588.0 310738.0 289783.0 271042.0 347704.0 311616.0 272142.0 294256.0 268356.0 289679.0 320074.0 264073.0 296941.0 350686.0 251617.0 301444.0 275662.0 305387.0 312110.0 266866.0 289161.0 267200.0 283943.0 386039.0 274652.0 287897.0 279444.0 253543.0 264258.0 275302.0
240 288886.0 277719.0 257372.0 309476.0 287802.0 270398.0 348297.0 311520.0 270371.0 293444.0 268992.0 289452.0 316683.0 263218.0 296589.0 417962.0 250780.0 300720.0 273971.0 303637.0 310785.0 267127.0 289710.0 266871.0 283010.0 385636.0 273094.0 287754.0 279193.0 251523.0 261796.0 273990.0
243 278370.0 276349.0 255807.0 307976.0 287099.0 266199.0 346076.0 310383.0 268921.0 290982.0 267098.0 286790.0 313507.0 261246.0 295677.0 400929.0 241178.0 299386.0 273240.0 303696.0 309652.0 263882.0 287739.0 259032.0 279416.0 378071.0 263280.0 286244.0 277889.0 249802.0 249721.0 261646.0
246 241549.0 272573.0 248286.0 306608.0 285181.0 253085.0 344302.0 308285.0 265774.0 289863.0 264315.0 285291.0 311102.0 254405.0 291316.0 323687.0 211590.0 295710.0 267009.0 299502.0 309771.0 255191.0 286988.0 235774.0 265403.0 358103.0 235136.0 285549.0 269534.0 234601.0 212750.0 226047.0
249 154100.0 254199.0 215461.0 302972.0 280343.0 204405.0 342805.0 299563.0 240350.0 284563.0 252759.0 277855.0 298008.0 222989.0 277708.0 255725.0 140898.0 283582.0 240727.0 284926.0 307304.0 220600.0 278256.0 178042.0 218167.0 297480.0 166495.0 277040.0 241835.0 191406.0 134771.0 146170.0
252 73001.0 203211.0 148251.0 291122.0 259544.0 127761.0 336676.0 268476.0 180531.0 263266.0 216358.0 252261.0 255408.0 161564.0 236006.0 189202.0 70065.0 243937.0 184708.0 242377.0 297821.0 156786.0 252415.0 104605.0 140862.0 202014.0 92241.0 252164.0 183762.0 125115.0 65690.0 70839.0
255 33442.0 118576.0 70867.0 249284.0 197756.0 58196.0 308726.0 194210.0 95739.0 202023.0 142234.0 188452.0 171162.0 82696.0 154444.0 93801.0 30516.0 164264.0 105695.0 165843.0 267702.0 80329.0 188922.0 46676.0 65146.0 102589.0 40673.0 191678.0 103252.0 59084.0 29214.0 31727.0
258 23334.0 43006.0 26471.0 145733.0 92164.0 25536.0 215470.0 85561.0 34028.0 96279.0 54738.0 88840.0 69292.0 30139.0 59372.0 40193.0 19675.0 65502.0 39669.0 70354.0 183171.0 30800.0 87146.0 23550.0 27063.0 43841.0 22275.0 93831.0 39212.0 25041.0 19647.0 21145.0
261 19791.0 25660.0 19534.0 67764.0 40954.0 20120.0 114739.0 39570.0 23162.0 42910.0 27809.0 40011.0 35186.0 21127.0 30780.0 34219.0 17089.0 32235.0 25671.0 35367.0 102252.0 22411.0 39463.0 19474.0 21685.0 32012.0 19065.0 43685.0 25556.0 19828.0 16947.0 18270.0
264 18404.0 21333.0 16529.0 34841.0 26991.0 17385.0 50734.0 28213.0 19835.0 27308.0 21683.0 26045.0 27406.0 17904.0 24061.0 29098.0 15262.0 24784.0 21642.0 26495.0 47113.0 18838.0 26416.0 17114.0 18554.0 26741.0 16777.0 27891.0 21397.0 16827.0 15360.0 16427.0
267 17619.0 18487.0 14655.0 28732.0 23068.0 15870.0 33914.0 24512.0 16853.0 23281.0 18558.0 21979.0 23420.0 15758.0 20345.0 27870.0 14568.0 21358.0 18601.0 22837.0 31774.0 16641.0 22780.0 15094.0 16624.0 23612.0 15642.0 24010.0 18790.0 15065.0 14435.0 15460.0
270 17507.0 17079.0 13871.0 24981.0 19744.0 15708.0 29435.0 21212.0 15510.0 19921.0 16889.0 19205.0 21224.0 14816.0 17942.0 25636.0 14188.0 18524.0 16822.0 19805.0 27583.0 15616.0 19465.0 14659.0 15885.0 21984.0 15415.0 20955.0 17412.0 14413.0 14339.0 15298.0
273 17228.0 16333.0 13510.0 21886.0 18026.0 15254.0 25945.0 19557.0 15112.0 17973.0 15947.0 17397.0 20137.0 14486.0 16629.0 25251.0 14299.0 16832.0 16071.0 17821.0 24228.0 15362.0 17376.0 14366.0 15527.0 21103.0 15247.0 18593.0 16980.0 14150.0 14036.0 15147.0
276 17125.0 15961.0 13548.0 20210.0 16552.0 15107.0 22950.0 18360.0 14791.0 17016.0 15773.0 16453.0 19613.0 14342.0 16320.0 24962.0 14078.0 16251.0 15613.0 17212.0 21102.0 15528.0 16298.0 14289.0 15450.0 20815.0 14948.0 17459.0 16505.0 13785.0 13886.0 15028.0
279 16826.0 15794.0 13346.0 19293.0 16429.0 14598.0 21356.0 18056.0 14661.0 16797.0 15192.0 16145.0 19527.0 14202.0 15979.0 25134.0 13882.0 15895.0 15471.0 16781.0 19336.0 14774.0 16079.0 13958.0 15295.0 20544.0 14698.0 17019.0 16347.0 13957.0 13870.0 14752.0
282 16833.0 15928.0 13222.0 19201.0 16136.0 14498.0 20876.0 17678.0 14474.0 16501.0 15263.0 15887.0 19375.0 13920.0 15844.0 24793.0 13718.0 15970.0 15456.0 16684.0 18993.0 14609.0 15999.0 13967.0 15162.0 20318.0 14544.0 16824.0 15980.0 13683.0 13733.0 14602.0
285 16635.0 15618.0 13087.0 18783.0 16216.0 14593.0 20682.0 17657.0 14246.0 16434.0 15100.0 15566.0 19364.0 14109.0 15831.0 24505.0 13592.0 15780.0 15096.0 16826.0 18539.0 14924.0 15667.0 13541.0 14921.0 20104.0 14611.0 16587.0 15908.0 13698.0 13334.0 14733.0
288 16216.0 15357.0 12902.0 18480.0 15759.0 14246.0 20536.0 17447.0 14173.0 16282.0 15125.0 15622.0 19318.0 13760.0 15491.0 22857.0 13338.0 15570.0 14993.0 16401.0 18575.0 14600.0 15683.0 13532.0 14745.0 19901.0 14290.0 16638.0 15969.0 13338.0 13211.0 14346.0
291 16077.0 15434.0 12745.0 18428.0 15741.0 14143.0 20328.0 17498.0 14062.0 15932.0 14912.0 15402.0 18797.0 13929.0 15480.0 22269.0 12959.0 15265.0 15030.0 16196.0 18444.0 14553.0 15567.0 13579.0 14625.0 19563.0 13929.0 16192.0 15672.0 13187.0 12998.0 14251.0
294 15796.0 15288.0 12455.0 18322.0 15593.0 13999.0 20302.0 17009.0 14133.0 15939.0 14703.0 15267.0 18910.0 13612.0 15226.0 21706.0 12929.0 15288.0 14591.0 16317.0 18206.0 14289.0 15361.0 13308.0 14312.0 19770.0 14043.0 16274.0 15458.0 13043.0 12996.0 13999.0
297 15299.0 14847.0 12271.0 18122.0 15648.0 13969.0 20182.0 17149.0 13600.0 15748.0 14486.0 15099.0 18264.0 13390.0 15198.0 21734.0 12932.0 14892.0 14433.0 15892.0 18061.0 14170.0 15062.0 13239.0 14165.0 19175.0 13607.0 16052.0 15345.0 12967.0 12804.0 14002.0
300 15557.0 14665.0 12180.0 18011.0 15280.0 13795.0 19912.0 16635.0 13614.0 15475.0 14223.0 14753.0 18206.0 13164.0 14929.0 21240.0 12723.0 14934.0 14339.0 16040.0 17778.0 13896.0 14961.0 12901.0 13995.0 18512.0 13402.0 16136.0 15258.0 12797.0 12600.0 13488.0
303 14833.0 14105.0 12010.0 17569.0 15456.0 13340.0 19627.0 16735.0 13349.0 15183.0 14303.0 14712.0 17908.0 12974.0 14898.0 20133.0 12388.0 14695.0 14217.0 15474.0 17641.0 13594.0 14854.0 12805.0 13668.0 18549.0 13217.0 15832.0 14891.0 12666.0 12338.0 13310.0
306 14937.0 14095.0 11774.0 17438.0 15165.0 13356.0 19569.0 16222.0 13269.0 15129.0 14018.0 14568.0 17723.0 12737.0 14346.0 19929.0 12321.0 14493.0 14013.0 15244.0 17171.0 13544.0 14672.0 12540.0 13680.0 18306.0 12783.0 15309.0 14796.0 12428.0 12164.0 12872.0
309 14597.0 14209.0 11729.0 17359.0 14697.0 13015.0 18875.0 15972.0 12968.0 14904.0 13743.0 14297.0 17197.0 12481.0 14051.0 20307.0 12040.0 14202.0 13633.0 15175.0 17242.0 13088.0 14239.0 12431.0 13348.0 17959.0 12676.0 15326.0 14306.0 12042.0 11954.0 12825.0
312 14204.0 13775.0 11354.0 16961.0 14740.0 12728.0 18837.0 15990.0 12653.0 14622.0 13485.0 13965.0 17205.0 12294.0 14182.0 20086.0 11785.0 14204.0 13583.0 14811.0 16887.0 13012.0 14162.0 11914.0 13029.0 17333.0 12391.0 15073.0 14140.0 11852.0 11516.0 12419.0
315 13870.0 13608.0 11208.0 16959.0 14371.0 12382.0 18664.0 15473.0 12327.0 14462.0 13140.0 13684.0 16828.0 11914.0 13953.0 19467.0 11418.0 13828.0 13436.0 14609.0 17105.0 13032.0 14046.0 11874.0 13031.0 17135.0 12093.0 14814.0 13733.0 11484.0 11218.0 12079.0
318 13294.0 13348.0 11086.0 16666.0 14426.0 12149.0 18231.0 15346.0 12211.0 14214.0 12923.0 13451.0 16452.0 11963.0 13466.0 18867.0 10727.0 13379.0 13098.0 14276.0 16614.0 12485.0 13724.0 11452.0 12508.0 16369.0 11665.0 14740.0 13318.0 11167.0 10573.0 11512.0
321 12329.0 13124.0 10750.0 16215.0 13743.0 11958.0 17999.0 14883.0 11828.0 13967.0 12780.0 13296.0 16095.0 11545.0 13219.0 18316.0 9944.0 13181.0 12841.0 13983.0 16244.0 11942.0 13114.0 10877.0 12107.0 15893.0 10812.0 14388.0 13343.0 10982.0 9784.0 10345.0
324 10737.0 12726.0 10140.0 15954.0 13593.0 11073.0 17655.0 14885.0 11349.0 13674.0 12516.0 13367.0 15882.0 11102.0 13000.0 17062.0 8590.0 12889.0 12572.0 13518.0 15946.0 11759.0 13396.0 9783.0 11227.0 14959.0 9413.0 14367.0 12938.0 10343.0 8385.0 8892.0
327 8141.0 12045.0 9151.0 15850.0 13255.0 9700.0 17283.0 14341.0 10844.0 13058.0 12053.0 12747.0 15430.0 10188.0 12393.0 14303.0 6375.0 12476.0 11548.0 13218.0 15460.0 10978.0 12869.0 8200.0 10036.0 13140.0 7615.0 13640.0 12090.0 9069.0 6358.0 6706.0
330 5262.0 11250.0 7631.0 15505.0 12887.0 7623.0 16966.0 13937.0 9576.0 12971.0 11294.0 12051.0 14387.0 8663.0 11517.0 11003.0 4260.0 11626.0 10362.0 12615.0 15393.0 9388.0 12071.0 6214.0 8059.0 10704.0 5269.0 13324.0 10467.0 7117.0 4023.0 4295.0
333 2951.0 9443.0 5643.0 14586.0 12291.0 5324.0 16513.0 12873.0 7581.0 12406.0 10094.0 11320.0 13023.0 6787.0 9955.0 7897.0 2438.0 10317.0 8498.0 10981.0 14800.0 7574.0 11451.0 4257.0 5739.0 7928.0 3527.0 12684.0 8689.0 5132.0 2334.0 2362.0
336 2084.0 7530.0 3782.0 14295.0 11238.0 3539.0 15976.0 11641.0 5453.0 10988.0 8464.0 10006.0 11271.0 4676.0 8416.0 5144.0 1625.0 8553.0 6615.0 9508.0 14591.0 5628.0 10012.0 2716.0 3850.0 5694.0 2223.0 11474.0 6689.0 3584.0 1524.0 1670.0
339 1650.0 5073.0 2132.0 12475.0 9581.0 1954.0 14782.0 9469.0 3435.0 9084.0 6310.0 8217.0 8434.0 2890.0 5875.0 2970.0 1285.0 6071.0 4371.0 7455.0 13331.0 3415.0 8101.0 1713.0 2142.0 3330.0 1486.0 9306.0 4519.0 2059.0 1229.0 1341.0
342 1467.0 3010.0 1370.0 10259.0 7494.0 1447.0 13018.0 6714.0 2031.0 6741.0 4057.0 5947.0 5801.0 1758.0 3692.0 2251.0 1192.0 3943.0 2727.0 5110.0 11738.0 2049.0 5875.0 1325.0 1524.0 2275.0 1311.0 7288.0 2683.0 1383.0 1079.0 1186.0
345 1365.0 1870.0 1135.0 7223.0 4972.0 1213.0 10163.0 4124.0 1447.0 4234.0 2312.0 3582.0 3517.0 1338.0 2172.0 1894.0 1048.0 2356.0 1829.0 3101.0 9456.0 1528.0 3500.0 1218.0 1310.0 1821.0 1190.0 4617.0 1751.0 1218.0 968.0 1214.0
348 1334.0 1586.0 1014.0 4539.0 3032.0 1170.0 7401.0 2652.0 1240.0 2612.0 1649.0 2175.0 2335.0 1163.0 1659.0 1876.0 1066.0 1641.0 1447.0 1995.0 7077.0 1316.0 2250.0 1062.0 1228.0 1625.0 1066.0 2898.0 1444.0 1090.0 1032.0 1070.0
351 1314.0 1380.0 926.0 2896.0 1928.0 1132.0 4795.0 1900.0 1157.0 1798.0 1399.0 1681.0 1856.0 1112.0 1428.0 1729.0 1016.0 1398.0 1333.0 1628.0 4570.0 1240.0 1619.0 1050.0 1143.0 1506.0 1108.0 2042.0 1356.0 1029.0 957.0 1069.0
354 1281.0 1190.0 972.0 2132.0 1589.0 1143.0 2901.0 1693.0 1068.0 1524.0 1324.0 1384.0 1713.0 1021.0 1284.0 1783.0 986.0 1240.0 1233.0 1413.0 2946.0 1238.0 1455.0 998.0 1106.0 1451.0 1020.0 1682.0 1273.0 1044.0 961.0 1092.0
357 1258.0 1243.0 905.0 1827.0 1347.0 1081.0 2234.0 1527.0 1021.0 1322.0 1159.0 1276.0 1641.0 983.0 1156.0 1727.0 1006.0 1173.0 1216.0 1359.0 2197.0 1173.0 1320.0 1014.0 1114.0 1443.0 982.0 1519.0 1261.0 1023.0 949.0 1089.0
