150 18728272.0 18728877.0 18728166.0 18702795.0 18721526.0 18708319.0 18719144.0 18714403.0 18722261.0 18707275.0 18720123.0 18712626.0 18720617.0 18720048.0 18721538.0 18710413.0 18722558.0 18722149.0 18725367.0 18709010.0 18711359.0 18718470.0 18705907.0 18700903.0 18711034.0 18718674.0 18713757.0 18717322.0 18693180.0 18719527.0 18725753.0 18722531.0
153 19136054.0 19132840.0 19133266.0 19108596.0 19125671.0 19111233.0 19123543.0 19117274.0 19126557.0 19110182.0 19123810.0 19115747.0 19124719.0 19123352.0 19125845.0 19113240.0 19126011.0 19125539.0 19129239.0 19112926.0 19114047.0 19121953.0 19108876.0 19104976.0 19113718.0 19121271.0 19116570.0 19120906.0 19097721.0 19123582.0 19129277.0 19123573.0
156 19573438.0 19563927.0 19564845.0 19535962.0 19556605.0 19538822.0 19554188.0 19545228.0 19558155.0 19538327.0 19554976.0 19543746.0 19555015.0 19555774.0 19556266.0 19542643.0 19556308.0 19557061.0 19560680.0 19543632.0 19542188.0 19553046.0 19537465.0 19534059.0 19542411.0 19551495.0 19544497.0 19552518.0 19525322.0 19554570.0 19560027.0 19554454.0
159 19851056.0 19840834.0 19841909.0 19816889.0 19835067.0 19819970.0 19833759.0 19826214.0 19837230.0 19818316.0 19832658.0 19825485.0 19834449.0 19833650.0 19835583.0 19822518.0 19835253.0 19835678.0 19839969.0 19823823.0 19823239.0 19832648.0 19818761.0 19813624.0 19823040.0 19831306.0 19824818.0 19832111.0 19806827.0 19835113.0 19841215.0 19834261.0
162 20120339.0 20111154.0 20112637.0 20089038.0 20106808.0 20090675.0 20106458.0 20098047.0 20109567.0 20089934.0 20105287.0 20096470.0 20107018.0 20106311.0 20107740.0 20094133.0 20107319.0 20108053.0 20112080.0 20097584.0 20094754.0 20104017.0 20089580.0 20086389.0 20094664.0 20102817.0 20096626.0 20104166.0 20081125.0 20107738.0 20112742.0 20105147.0
165 20187728.0 20178866.0 20180982.0 20151916.0 20175071.0 20156746.0 20174646.0 20165606.0 20178111.0 20156491.0 20173567.0 20163769.0 20176079.0 20175484.0 20176738.0 20161247.0 20176306.0 20177085.0 20181242.0 20167263.0 20161326.0 20173056.0 20156233.0 20153884.0 20161784.0 20170534.0 20163429.0 20171944.0 20150294.0 20175433.0 20180273.0 20173250.0
168 19823329.0 19784246.0 19783173.0 19698505.0 19767156.0 19673315.0 19759648.0 19702767.0 19760748.0 19687918.0 19754901.0 19705537.0 19756282.0 19755057.0 19752313.0 19713779.0 19748227.0 19756818.0 19756532.0 19736638.0 19697921.0 19742215.0 19701323.0 19707239.0 19711990.0 19733109.0 19709793.0 19737664.0 19682919.0 19741788.0 19749064.0 19742808.0
171 17493541.0 17682485.0 17490276.0 16682002.0 17380207.0 16345017.0 17309460.0 16490254.0 17272762.0 16550437.0 17308642.0 16670240.0 17243728.0 17166831.0 17067820.0 16940542.0 16965121.0 17253743.0 17174282.0 16998748.0 16545371.0 17105468.0 16720437.0 16729484.0 16696641.0 16926877.0 16622597.0 17025020.0 16496853.0 17000265.0 17124076.0 17349873.0
174 10197580.0 10064143.0 9901341.0 9963266.0 9968006.0 9440833.0 10074448.0 9699382.0 10152536.0 9914312.0 10262983.0 10083602.0 10181220.0 10087149.0 9957862.0 10622697.0 9696132.0 10315477.0 10147908.0 9886630.0 9681520.0 10068037.0 10199132.0 9381139.0 10111873.0 9624525.0 9903347.0 9829228.0 9557599.0 9696157.0 9859009.0 10215374.0
177 8734849.0 8433204.0 8256550.0 8524066.0 8350481.0 7982054.0 8448277.0 8219389.0 8525064.0 8455529.0 8642058.0 8619280.0 8557906.0 8439283.0 8342691.0 9199507.0 8049180.0 8688339.0 8515614.0 8262849.0 8204125.0 8445717.0 8738619.0 7765164.0 8686708.0 7985588.0 8469874.0 8189934.0 8083233.0 8043962.0 8196881.0 8570541.0
180 821285.0 907886.0 844066.0 893828.0 904470.0 764741.0 886921.0 782570.0 938018.0 847678.0 982154.0 883082.0 937861.0 891386.0 888658.0 1053129.0 785570.0 971934.0 879899.0 869525.0 794279.0 891133.0 900331.0 781635.0 890379.0 774418.0 841092.0 826874.0 805779.0 796861.0 808520.0 950770.0
183 154670.0 176722.0 171091.0 198657.0 197343.0 176389.0 172375.0 158494.0 179547.0 175412.0 200073.0 171391.0 187228.0 182723.0 184917.0 200764.0 165884.0 194292.0 155387.0 223995.0 166907.0 178770.0 183034.0 232007.0 178585.0 173483.0 162166.0 171386.0 214608.0 179224.0 162774.0 208502.0
186 153277.0 155811.0 152926.0 173480.0 167619.0 167843.0 151227.0 148996.0 141633.0 161005.0 158291.0 146469.0 154430.0 162132.0 161370.0 150904.0 158756.0 150868.0 134788.0 211754.0 153673.0 158643.0 160414.0 229320.0 155666.0 165466.0 144015.0 155025.0 204768.0 165816.0 145143.0 173239.0
189 152983.0 154659.0 154184.0 174032.0 166951.0 167760.0 151638.0 148521.0 140684.0 160468.0 157600.0 146900.0 152971.0 162259.0 160905.0 150937.0 159013.0 149168.0 135726.0 212052.0 153519.0 157924.0 160497.0 228789.0 155636.0 165864.0 143373.0 155332.0 209465.0 166262.0 145396.0 171532.0
192 153210.0 154667.0 153609.0 173785.0 166611.0 168252.0 151591.0 148885.0 140259.0 160580.0 157572.0 147033.0 152794.0 162741.0 161428.0 149639.0 158706.0 149047.0 135101.0 211657.0 153747.0 158547.0 160888.0 229577.0 156122.0 166849.0 143312.0 155332.0 195250.0 165541.0 145286.0 171917.0
195 152545.0 154320.0 153330.0 179561.0 166974.0 168295.0 151763.0 148360.0 140585.0 161305.0 157600.0 146000.0 153057.0 162862.0 161629.0 150437.0 158364.0 149907.0 135374.0 211662.0 153399.0 158415.0 160342.0 229896.0 155363.0 166589.0 143334.0 154978.0 197068.0 167030.0 145674.0 171846.0
198 153394.0 155393.0 153683.0 172868.0 167062.0 168122.0 153014.0 148780.0 141126.0 160645.0 157903.0 146287.0 153595.0 162095.0 161439.0 150949.0 158853.0 150313.0 135363.0 212334.0 154291.0 158769.0 161091.0 229706.0 155751.0 166877.0 143798.0 155384.0 196470.0 167809.0 145581.0 171470.0
201 153188.0 155323.0 154638.0 174096.0 167327.0 168679.0 151711.0 149173.0 140361.0 159898.0 158272.0 146232.0 153678.0 162504.0 161588.0 149750.0 159102.0 149906.0 134927.0 211102.0 153425.0 159054.0 161394.0 227820.0 154450.0 166395.0 142307.0 154409.0 196355.0 166815.0 144628.0 171153.0
204 152584.0 155328.0 153940.0 173679.0 167203.0 169377.0 152231.0 149234.0 140703.0 160992.0 157706.0 146113.0 153340.0 162646.0 161112.0 151054.0 158306.0 149245.0 134447.0 211301.0 154338.0 159290.0 160405.0 229320.0 155221.0 166963.0 143413.0 155551.0 195712.0 166083.0 144545.0 171964.0
207 152287.0 154873.0 154150.0 174102.0 166944.0 167787.0 151595.0 148621.0 140728.0 161242.0 157486.0 145398.0 153410.0 162340.0 161089.0 150225.0 159168.0 149362.0 134928.0 211133.0 153321.0 158914.0 160729.0 227971.0 155045.0 165955.0 142794.0 154861.0 196016.0 166277.0 145677.0 173111.0
210 151486.0 154451.0 153224.0 172172.0 165843.0 166920.0 151427.0 147831.0 141293.0 160079.0 158052.0 146209.0 151945.0 162110.0 160138.0 149919.0 157243.0 149520.0 134807.0 210642.0 152898.0 158821.0 160495.0 226277.0 154429.0 166163.0 141513.0 153979.0 192609.0 165089.0 144614.0 171589.0
213 152127.0 153849.0 151659.0 172161.0 164700.0 166514.0 150590.0 148306.0 139526.0 159233.0 156682.0 145698.0 152020.0 160772.0 160183.0 148555.0 157341.0 148909.0 134348.0 209790.0 152694.0 157530.0 159868.0 226950.0 154135.0 165521.0 141659.0 153934.0 194217.0 164796.0 143581.0 170466.0
216 151685.0 153809.0 152722.0 171372.0 166042.0 166682.0 150391.0 146990.0 140233.0 159159.0 156830.0 145749.0 152053.0 161155.0 159713.0 149301.0 157266.0 148944.0 133880.0 209893.0 152824.0 156834.0 159856.0 227336.0 153610.0 164717.0 140724.0 153591.0 194648.0 164218.0 143742.0 170131.0
219 150629.0 153541.0 152414.0 171354.0 165240.0 167077.0 150556.0 146900.0 139180.0 158769.0 155608.0 144482.0 151736.0 160528.0 159490.0 148937.0 156821.0 147566.0 133729.0 209160.0 152326.0 157906.0 160285.0 227428.0 154514.0 165120.0 138883.0 153434.0 194147.0 164026.0 143950.0 169837.0
222 150490.0 153519.0 152341.0 171307.0 164778.0 166108.0 150193.0 147028.0 139404.0 158946.0 156036.0 145449.0 151417.0 160959.0 159764.0 147437.0 156917.0 147630.0 133880.0 210620.0 152113.0 157551.0 158759.0 226017.0 153810.0 165717.0 141016.0 153392.0 191388.0 163303.0 143847.0 170493.0
225 150511.0 153537.0 151819.0 182797.0 164632.0 166098.0 150257.0 146887.0 138778.0 158875.0 156284.0 144907.0 151673.0 160989.0 158872.0 148428.0 157055.0 147600.0 134055.0 209603.0 152365.0 156984.0 158809.0 226594.0 153482.0 164306.0 140655.0 152580.0 191354.0 165062.0 142390.0 169118.0
228 149865.0 152537.0 152088.0 170020.0 164730.0 164873.0 149782.0 146169.0 139688.0 158611.0 154977.0 144020.0 149916.0 159908.0 159058.0 147618.0 155910.0 147686.0 133996.0 208559.0 151360.0 155985.0 158821.0 225977.0 152101.0 164359.0 138621.0 153229.0 189506.0 162683.0 142217.0 169538.0
231 149096.0 152543.0 151466.0 169850.0 164982.0 164993.0 149321.0 145354.0 138406.0 157722.0 154517.0 144029.0 150103.0 159924.0 158357.0 147734.0 155650.0 147994.0 132990.0 208148.0 151348.0 156443.0 158676.0 225419.0 152601.0 164284.0 138802.0 152784.0 205651.0 163240.0 142459.0 168189.0
234 146907.0 152093.0 150822.0 169531.0 163236.0 165070.0 148413.0 145802.0 137521.0 157222.0 154651.0 143880.0 150627.0 158175.0 158180.0 146301.0 155474.0 145833.0 131862.0 206827.0 151099.0 154920.0 157201.0 224251.0 151662.0 163622.0 137136.0 151558.0 203053.0 162788.0 141164.0 167922.0
237 137209.0 152606.0 151070.0 169868.0 162789.0 165057.0 149045.0 145013.0 138448.0 157463.0 155150.0 144245.0 149493.0 159060.0 157880.0 147735.0 156274.0 147105.0 131873.0 206243.0 150785.0 155377.0 157111.0 222960.0 152333.0 163883.0 139709.0 152082.0 184220.0 161024.0 141257.0 167938.0
240 110249.0 150989.0 149059.0 169202.0 161876.0 163086.0 148655.0 143335.0 137342.0 156402.0 154419.0 142569.0 148816.0 156728.0 154535.0 145504.0 153226.0 145689.0 128675.0 198491.0 148977.0 153829.0 156007.0 219787.0 149420.0 162274.0 134252.0 150539.0 175910.0 157043.0 138102.0 166863.0
243 65579.0 148534.0 143726.0 169206.0 159364.0 159868.0 147383.0 138001.0 135421.0 154473.0 152683.0 138908.0 144482.0 151429.0 147302.0 144988.0 147451.0 143802.0 115238.0 175067.0 145011.0 151836.0 148387.0 211117.0 142548.0 159880.0 123678.0 147946.0 152012.0 141219.0 129151.0 165372.0
246 29013.0 138994.0 124489.0 158495.0 150595.0 146455.0 141725.0 119199.0 129129.0 145627.0 151795.0 124230.0 126754.0 131932.0 123624.0 138715.0 127381.0 133311.0 84073.0 127425.0 128232.0 142458.0 124524.0 182404.0 120924.0 152877.0 95473.0 137792.0 106797.0 106948.0 102254.0 156206.0
249 14289.0 110633.0 85512.0 133074.0 126444.0 114577.0 124764.0 81187.0 107283.0 121113.0 146659.0 95066.0 90977.0 92085.0 80391.0 118715.0 88779.0 107028.0 45115.0 68161.0 94912.0 113787.0 81010.0 128388.0 79831.0 130127.0 59240.0 110341.0 56295.0 61029.0 62054.0 134317.0
252 11087.0 65269.0 43676.0 85806.0 84636.0 67425.0 90081.0 40106.0 68013.0 78794.0 125751.0 54750.0 48361.0 47369.0 39554.0 81346.0 45724.0 64392.0 19910.0 29326.0 52830.0 68164.0 37981.0 69561.0 38757.0 88248.0 27049.0 67837.0 24807.0 27091.0 27807.0 94501.0
255 9578.0 29675.0 19832.0 41188.0 43084.0 30780.0 48887.0 18109.0 30858.0 38480.0 85077.0 25221.0 20910.0 21217.0 18445.0 42045.0 20894.0 29142.0 11711.0 17377.0 23870.0 30870.0 17828.0 32836.0 17941.0 44458.0 13969.0 32242.0 16302.0 15212.0 14467.0 49958.0
258 8525.0 14207.0 12374.0 17574.0 17030.0 15328.0 18547.0 11872.0 13484.0 16485.0 31120.0 12827.0 12613.0 13034.0 12029.0 16563.0 12930.0 13436.0 9491.0 13399.0 13333.0 14786.0 12559.0 20018.0 11979.0 18520.0 10369.0 15067.0 13106.0 11870.0 10850.0 19875.0
261 8100.0 11479.0 10797.0 15437.0 13419.0 12990.0 13280.0 10155.0 11089.0 13308.0 16822.0 10885.0 10984.0 11320.0 10711.0 12833.0 11312.0 11145.0 8296.0 11717.0 11631.0 12695.0 11164.0 17820.0 10443.0 14650.0 9073.0 12536.0 11790.0 10315.0 9175.0 15000.0
264 8182.0 9952.0 9456.0 12196.0 11390.0 11178.0 11371.0 9124.0 9592.0 11337.0 13592.0 9348.0 9610.0 10026.0 9428.0 10923.0 10026.0 9865.0 7750.0 10938.0 9771.0 10604.0 9992.0 15584.0 9419.0 12481.0 8314.0 10719.0 10663.0 9588.0 8607.0 12843.0
267 8072.0 8958.0 9058.0 11233.0 10229.0 9922.0 10097.0 8357.0 8512.0 10247.0 11944.0 8432.0 9064.0 9161.0 8941.0 9767.0 9322.0 8825.0 7569.0 10527.0 9023.0 9495.0 9502.0 14344.0 8882.0 10924.0 8111.0 9720.0 10476.0 9241.0 8121.0 10993.0
270 8078.0 8486.0 8665.0 10446.0 9516.0 9483.0 9138.0 8548.0 7882.0 9510.0 10171.0 7930.0 8728.0 8858.0 8527.0 9021.0 8936.0 8403.0 7320.0 10466.0 8606.0 8960.0 9227.0 13732.0 8638.0 9853.0 7786.0 8905.0 10505.0 9209.0 8063.0 9858.0
273 8006.0 8392.0 8675.0 10170.0 9272.0 9300.0 8757.0 8115.0 7736.0 9459.0 9607.0 7753.0 8790.0 8748.0 8427.0 8703.0 8807.0 8106.0 7614.0 10441.0 8382.0 8855.0 9183.0 13391.0 8687.0 9679.0 7902.0 8785.0 10462.0 8919.0 7748.0 9659.0
276 7844.0 8524.0 8496.0 10090.0 8950.0 9285.0 8673.0 8252.0 7653.0 9281.0 9072.0 7568.0 8489.0 8761.0 8475.0 8821.0 8890.0 8020.0 7318.0 10335.0 8238.0 8577.0 9284.0 13289.0 8352.0 9462.0 7887.0 8677.0 10251.0 8802.0 7873.0 9482.0
279 7727.0 8079.0 8599.0 9991.0 9023.0 9015.0 8631.0 7902.0 7477.0 9183.0 8932.0 7652.0 8571.0 8645.0 8511.0 8526.0 8890.0 8010.0 7249.0 9992.0 8060.0 8663.0 8980.0 13031.0 8316.0 9579.0 7662.0 8413.0 11221.0 8804.0 7896.0 9406.0
282 7682.0 7980.0 8415.0 10512.0 8853.0 8899.0 8378.0 8158.0 7575.0 9115.0 8916.0 7381.0 8570.0 8374.0 8256.0 8464.0 8681.0 7888.0 7350.0 9996.0 8280.0 8532.0 8798.0 12862.0 8429.0 9312.0 7758.0 8550.0 10884.0 8807.0 7748.0 9216.0
285 7529.0 8101.0 8512.0 9706.0 8691.0 9106.0 8474.0 8021.0 7531.0 9006.0 8919.0 7450.0 8530.0 8390.0 8317.0 8462.0 8567.0 7882.0 6982.0 10077.0 8186.0 8613.0 8816.0 12964.0 8376.0 9374.0 7739.0 8304.0 11001.0 8609.0 7606.0 9112.0
288 7484.0 7979.0 8239.0 9525.0 8748.0 9032.0 8496.0 7823.0 7357.0 8786.0 8689.0 7464.0 8274.0 8418.0 8160.0 8172.0 8510.0 7769.0 6952.0 9848.0 8183.0 8275.0 8736.0 12583.0 8116.0 9149.0 7612.0 8205.0 10534.0 8532.0 7453.0 9002.0
291 7340.0 8106.0 8185.0 9582.0 8680.0 8718.0 8469.0 7824.0 7184.0 8737.0 8708.0 7345.0 8329.0 8304.0 7994.0 8387.0 8496.0 7794.0 6997.0 9812.0 7920.0 8335.0 8699.0 12415.0 8105.0 9191.0 7510.0 8133.0 10628.0 8374.0 7263.0 9087.0
294 7213.0 7818.0 8070.0 9465.0 8586.0 8864.0 8184.0 7570.0 7188.0 8648.0 8493.0 7366.0 8143.0 7946.0 7890.0 8039.0 8453.0 7635.0 6842.0 9642.0 7912.0 8466.0 8546.0 16872.0 7926.0 8981.0 7417.0 8129.0 10512.0 8290.0 7135.0 8659.0
297 7049.0 7820.0 7983.0 10119.0 8454.0 8666.0 7953.0 7530.0 7005.0 8631.0 8398.0 7210.0 8157.0 8040.0 7840.0 8021.0 8222.0 7422.0 6827.0 9485.0 7904.0 8144.0 8525.0 16880.0 7933.0 9175.0 7240.0 7946.0 10230.0 8058.0 7321.0 8696.0
300 6876.0 7823.0 7905.0 9856.0 8286.0 8410.0 7909.0 7480.0 7131.0 8459.0 8405.0 7138.0 7959.0 7871.0 7712.0 7857.0 8046.0 7338.0 6642.0 9404.0 7743.0 8185.0 8218.0 16464.0 7724.0 8839.0 7163.0 7929.0 10143.0 8167.0 7254.0 8653.0
303 6850.0 7626.0 7764.0 9159.0 8297.0 8366.0 7999.0 7518.0 6903.0 8490.0 8231.0 7137.0 7759.0 7886.0 7740.0 7884.0 7950.0 7192.0 6643.0 9164.0 7702.0 7734.0 8277.0 16259.0 7683.0 8849.0 6939.0 7950.0 10158.0 7873.0 6925.0 8536.0
306 6610.0 7678.0 7803.0 9019.0 8075.0 8076.0 7705.0 7282.0 6916.0 8322.0 8216.0 6901.0 7782.0 7768.0 7509.0 7795.0 7856.0 7262.0 6487.0 9055.0 7619.0 7883.0 8215.0 15736.0 7644.0 8866.0 6883.0 7696.0 9184.0 7637.0 6947.0 8402.0
309 6234.0 7418.0 7613.0 8952.0 8131.0 8229.0 7774.0 7047.0 6847.0 8299.0 8145.0 6844.0 7554.0 7621.0 7333.0 7684.0 7854.0 7095.0 6258.0 8936.0 7410.0 7761.0 7997.0 11729.0 7351.0 8658.0 6757.0 7518.0 8819.0 7656.0 6752.0 8268.0
312 5690.0 7285.0 7620.0 8714.0 7824.0 8120.0 7911.0 6939.0 6722.0 8285.0 8057.0 6777.0 7290.0 7496.0 7151.0 7462.0 7724.0 6950.0 6194.0 8718.0 7181.0 7527.0 7880.0 11476.0 7235.0 8386.0 6623.0 7317.0 8524.0 7599.0 6588.0 8182.0
315 4859.0 7144.0 7452.0 8567.0 7845.0 7717.0 7505.0 6900.0 6662.0 8020.0 7915.0 6543.0 7311.0 7294.0 7067.0 7368.0 7632.0 6647.0 5892.0 8473.0 7132.0 7379.0 7647.0 11186.0 7298.0 8181.0 6510.0 7375.0 8416.0 7260.0 6533.0 7984.0
318 3509.0 7097.0 7171.0 8303.0 7829.0 7846.0 7450.0 6659.0 6404.0 7914.0 8020.0 6347.0 7116.0 7008.0 6850.0 7380.0 7391.0 6801.0 5797.0 7944.0 7024.0 7337.0 7490.0 10915.0 7040.0 8064.0 6322.0 7195.0 8365.0 6760.0 6304.0 7915.0
321 2362.0 6848.0 6800.0 8251.0 7519.0 7525.0 7278.0 6381.0 6315.0 7376.0 7807.0 6220.0 7037.0 6897.0 6773.0 7212.0 7096.0 6535.0 5191.0 7365.0 6749.0 7319.0 7079.0 10615.0 6652.0 7988.0 5993.0 7046.0 7126.0 6511.0 5886.0 7782.0
324 1387.0 6433.0 6396.0 8117.0 7388.0 7355.0 7068.0 5904.0 6125.0 7519.0 7588.0 5732.0 6499.0 6479.0 6249.0 6936.0 6670.0 6277.0 4282.0 6261.0 6274.0 6928.0 6493.0 9992.0 6170.0 7850.0 5070.0 6653.0 5709.0 5314.0 5121.0 7576.0
327 911.0 6216.0 5687.0 7563.0 6867.0 6795.0 6856.0 5403.0 5846.0 7198.0 7371.0 5453.0 5683.0 5494.0 5359.0 6722.0 5889.0 5793.0 3295.0 5005.0 5899.0 6688.0 5551.0 9198.0 5303.0 7468.0 4124.0 6286.0 4301.0 4110.0 4152.0 7138.0
330 739.0 5371.0 4651.0 6807.0 6404.0 6115.0 6497.0 4281.0 5330.0 6396.0 7224.0 4440.0 4618.0 4546.0 4212.0 6057.0 4941.0 5164.0 2206.0 3424.0 4924.0 5780.0 4208.0 7847.0 4194.0 6929.0 3117.0 5400.0 2775.0 3071.0 3054.0 6557.0
333 683.0 4332.0 3170.0 5732.0 5371.0 4951.0 5767.0 3040.0 4218.0 5550.0 6842.0 3554.0 3225.0 3158.0 2967.0 5146.0 3714.0 4064.0 1334.0 2086.0 3856.0 4461.0 2798.0 6053.0 2783.0 5968.0 1947.0 4593.0 1663.0 1787.0 1860.0 5642.0
336 619.0 3071.0 2150.0 4364.0 4069.0 3776.0 4650.0 1988.0 3074.0 4240.0 6201.0 2439.0 2123.0 2003.0 1984.0 3941.0 2525.0 2838.0 843.0 1339.0 2736.0 3299.0 1699.0 4293.0 1726.0 4903.0 1209.0 3338.0 1018.0 1136.0 1150.0 4555.0
339 598.0 2039.0 1314.0 2980.0 2874.0 2330.0 3501.0 1236.0 1915.0 3076.0 5358.0 1530.0 1287.0 1320.0 1171.0 2814.0 1506.0 1653.0 725.0 1055.0 1674.0 2074.0 1136.0 2690.0 1170.0 3572.0 814.0 2209.0 970.0 881.0 831.0 3286.0
342 591.0 1209.0 922.0 1829.0 1839.0 1483.0 2213.0 849.0 1166.0 1841.0 3941.0 1045.0 939.0 887.0 861.0 1765.0 1074.0 1098.0 634.0 849.0 1056.0 1266.0 859.0 1793.0 820.0 2217.0 729.0 1328.0 838.0 763.0 701.0 2042.0
345 559.0 879.0 760.0 1239.0 1164.0 1033.0 1362.0 767.0 792.0 1172.0 2541.0 736.0 766.0 764.0 714.0 1094.0 814.0 835.0 629.0 795.0 814.0 976.0 821.0 1378.0 771.0 1430.0 652.0 993.0 812.0 738.0 638.0 1336.0
348 594.0 711.0 714.0 970.0 894.0 817.0 970.0 667.0 668.0 952.0 1637.0 677.0 675.0 696.0 681.0 877.0 756.0 694.0 523.0 767.0 788.0 819.0 800.0 1203.0 674.0 1068.0 639.0 816.0 796.0 664.0 624.0 989.0
351 588.0 690.0 705.0 930.0 802.0 790.0 873.0 660.0 655.0 822.0 1131.0 578.0 695.0 668.0 620.0 835.0 728.0 656.0 567.0 751.0 750.0 750.0 712.0 1179.0 658.0 957.0 611.0 743.0 790.0 683.0 621.0 873.0
354 550.0 655.0 694.0 818.0 757.0 728.0 754.0 654.0 587.0 792.0 914.0 588.0 696.0 664.0 643.0 761.0 682.0 571.0 553.0 716.0 678.0 701.0 717.0 1043.0 690.0 812.0 596.0 659.0 725.0 666.0 593.0 765.0
357 545.0 625.0 715.0 909.0 704.0 671.0 673.0 614.0 588.0 736.0 756.0 529.0 659.0 645.0 657.0 710.0 699.0 602.0 550.0 703.0 652.0 681.0 676.0 1010.0 677.0 868.0 571.0 659.0 747.0 602.0 557.0 776.0
