150 18762182.0 18745165.0 18747467.0 18706680.0 18739572.0 18668305.0 18730671.0 18705135.0 18716634.0 18702746.0 18729059.0 18709713.0 18724241.0 18733289.0 18726319.0 18703178.0 18730860.0 18730454.0 18694989.0 18729179.0 18712729.0 18725593.0 18653504.0 18658967.0 18706448.0 18722771.0 18688812.0 18714628.0 18701146.0 18722317.0 18733350.0 18732343.0
153 19168188.0 19155231.0 19155973.0 19111914.0 19146981.0 19069873.0 19138989.0 19109502.0 19123244.0 19105278.0 19136345.0 19113364.0 19134082.0 19143019.0 19139336.0 19108341.0 19150223.0 19141695.0 19107013.0 19139326.0 19117038.0 19135313.0 19053844.0 19023211.0 19110839.0 19132445.0 19092546.0 19124453.0 19104873.0 19135475.0 19141534.0 19138864.0
156 19577985.0 19566399.0 19568827.0 19540806.0 19562847.0 19498072.0 19557176.0 19538405.0 19543721.0 19533868.0 19554950.0 19541651.0 19550534.0 19558853.0 19557939.0 19528568.0 19565647.0 19562025.0 19537065.0 19562621.0 19544232.0 19556739.0 19480858.0 19493179.0 19538417.0 19556038.0 19520611.0 19551594.0 19534534.0 19557384.0 19564430.0 19562496.0
159 19848523.0 19839001.0 19843594.0 19815720.0 19838279.0 19776514.0 19832056.0 19814783.0 19818773.0 19810860.0 19830416.0 19817462.0 19823858.0 19832229.0 19827134.0 19806922.0 19830987.0 19834684.0 19801777.0 19837618.0 19825898.0 19833442.0 19754518.0 19773952.0 19821276.0 19834364.0 19802867.0 19830189.0 19817527.0 19832739.0 19841849.0 19841633.0
162 20114878.0 20105264.0 20111415.0 20069627.0 20107031.0 20005736.0 20101122.0 20052522.0 20081602.0 20046273.0 20097635.0 20063980.0 20089427.0 20098417.0 20092489.0 20062221.0 20097372.0 20099880.0 20065840.0 20102619.0 20087382.0 20097207.0 19990123.0 20029619.0 20084249.0 20097014.0 20058801.0 20093035.0 20079095.0 20094098.0 20105711.0 20104166.0
165 20161968.0 20139949.0 20154509.0 20067879.0 20146319.0 19953296.0 20143308.0 20054815.0 20095904.0 20048792.0 20135028.0 20083289.0 20121601.0 20137151.0 20129637.0 20098000.0 20149157.0 20142475.0 20118734.0 20153915.0 20115215.0 20147886.0 19944270.0 20075719.0 20113171.0 20146255.0 20065157.0 20140783.0 20102614.0 20146206.0 20163492.0 20160591.0
168 19585574.0 19493490.0 19533147.0 18977644.0 19471576.0 18520192.0 19446194.0 18612888.0 19220907.0 18619268.0 19294856.0 18737536.0 19267693.0 19287164.0 19302795.0 19044891.0 19401281.0 19202881.0 19322550.0 19230110.0 18829729.0 19108914.0 18603493.0 18986740.0 18895225.0 19112862.0 18765471.0 19084855.0 18806621.0 19152534.0 19250119.0 19226705.0
171 11724829.0 11441238.0 11569072.0 10972594.0 11378008.0 10678982.0 11350944.0 10681843.0 10979405.0 10750426.0 11079850.0 10858913.0 11064040.0 11097908.0 11183792.0 11295975.0 11326755.0 10984037.0 11348550.0 11051232.0 10945032.0 10857022.0 10855207.0 10903522.0 11057819.0 10839551.0 10905598.0 10809076.0 10867739.0 10908192.0 11046812.0 10960471.0
174 8395230.0 8370115.0 8468411.0 8504760.0 8467003.0 8213042.0 8605197.0 8191811.0 8321809.0 8270683.0 8429344.0 8367197.0 8399834.0 8451712.0 8563640.0 8905062.0 8713983.0 8329615.0 8750099.0 8406262.0 8491938.0 8165779.0 8432821.0 8287983.0 8624888.0 8126850.0 8470980.0 8099654.0 8389451.0 8203024.0 8327508.0 8208990.0
177 6804702.0 6800058.0 6922271.0 7238677.0 6947716.0 6948670.0 7138749.0 6910673.0 6881433.0 7003227.0 6987691.0 7080196.0 6944846.0 7018168.0 7156937.0 7738758.0 7317430.0 6934030.0 7385079.0 7028079.0 7264614.0 6785600.0 7234654.0 6964280.0 7427273.0 6757678.0 7289473.0 6750674.0 7186221.0 6835569.0 6948309.0 6811100.0
180 164622.0 171960.0 163546.0 191628.0 177228.0 292759.0 189527.0 170142.0 203794.0 186071.0 180686.0 176115.0 212903.0 186796.0 201036.0 260666.0 213431.0 179451.0 334582.0 176986.0 165005.0 181691.0 348030.0 387396.0 205460.0 170162.0 232481.0 191522.0 198460.0 199701.0 181188.0 167236.0
183 155868.0 161963.0 143163.0 162823.0 150934.0 276676.0 152443.0 156653.0 188241.0 166668.0 160962.0 152603.0 191379.0 161975.0 168508.0 176621.0 171299.0 147504.0 278401.0 141798.0 129268.0 166884.0 315947.0 369051.0 147094.0 155666.0 188452.0 169823.0 158893.0 172707.0 144483.0 146941.0
186 156311.0 162469.0 143355.0 163565.0 151940.0 276916.0 152823.0 157171.0 188843.0 167469.0 160816.0 151808.0 193546.0 163401.0 169888.0 175704.0 169668.0 147565.0 252755.0 142100.0 129481.0 167088.0 311692.0 375264.0 145777.0 156129.0 188412.0 170863.0 157660.0 171192.0 143987.0 145744.0
189 156645.0 162791.0 143940.0 163012.0 151629.0 275404.0 152793.0 157242.0 189288.0 167013.0 161234.0 152255.0 193589.0 163087.0 168535.0 164247.0 170187.0 147775.0 253055.0 142959.0 129295.0 167867.0 311814.0 373804.0 146615.0 157028.0 188502.0 170716.0 158462.0 171815.0 144599.0 146137.0
192 156729.0 162873.0 143392.0 162950.0 152695.0 273042.0 153009.0 157285.0 189858.0 166927.0 161879.0 151902.0 194949.0 163134.0 169676.0 163891.0 170402.0 147782.0 252496.0 141549.0 129383.0 167468.0 307647.0 373564.0 145655.0 155798.0 188663.0 170180.0 157595.0 171610.0 143472.0 146695.0
195 156358.0 162921.0 143220.0 163016.0 151482.0 277338.0 152868.0 157123.0 189153.0 167287.0 162184.0 152874.0 195066.0 163184.0 170319.0 176118.0 170829.0 148582.0 253585.0 141773.0 129787.0 167776.0 311800.0 379723.0 145845.0 157091.0 189258.0 171011.0 158283.0 172254.0 143692.0 147068.0
198 156668.0 162022.0 143446.0 163073.0 152378.0 271082.0 152752.0 158035.0 190284.0 167135.0 161840.0 151559.0 194814.0 162839.0 169302.0 175917.0 170893.0 148687.0 254425.0 142248.0 129679.0 167890.0 310799.0 376528.0 146684.0 157379.0 189193.0 171055.0 157823.0 172914.0 143921.0 147331.0
201 155911.0 161780.0 142998.0 163285.0 151961.0 278581.0 153219.0 158174.0 189031.0 166386.0 161339.0 152259.0 195978.0 161494.0 170141.0 175874.0 170688.0 147765.0 253469.0 141987.0 129036.0 166882.0 310572.0 373238.0 145868.0 156858.0 189591.0 170452.0 158061.0 172335.0 144056.0 147125.0
204 155458.0 161969.0 143169.0 162134.0 151627.0 289816.0 153118.0 157043.0 188539.0 167216.0 161258.0 152706.0 195510.0 161451.0 170070.0 175112.0 170323.0 148333.0 251519.0 141247.0 129051.0 167073.0 310260.0 371967.0 145898.0 155946.0 188400.0 170410.0 157443.0 172317.0 143789.0 146603.0
207 155582.0 160670.0 142417.0 161741.0 151462.0 292124.0 152476.0 157281.0 188792.0 167047.0 160810.0 151746.0 196935.0 162590.0 168647.0 175886.0 169207.0 147004.0 251118.0 141951.0 129027.0 166496.0 305976.0 372281.0 145720.0 155890.0 188005.0 169153.0 158086.0 172068.0 143970.0 145890.0
210 156015.0 160441.0 142803.0 161695.0 151094.0 288292.0 151838.0 156062.0 187083.0 166823.0 160144.0 152173.0 196308.0 161847.0 168260.0 175491.0 168746.0 145935.0 251940.0 141206.0 129049.0 165658.0 307180.0 322734.0 145296.0 156195.0 187759.0 169644.0 156549.0 171235.0 143543.0 145069.0
213 155026.0 160641.0 141605.0 161436.0 150135.0 291288.0 151588.0 156422.0 187418.0 165877.0 160421.0 150568.0 195988.0 161755.0 167283.0 173871.0 169386.0 146804.0 250668.0 140704.0 127633.0 165866.0 308208.0 366638.0 145405.0 154933.0 186340.0 169862.0 157354.0 170574.0 143093.0 145325.0
216 155004.0 160902.0 141944.0 160968.0 150225.0 291558.0 151240.0 155361.0 187664.0 165740.0 160806.0 150618.0 195658.0 161945.0 167262.0 163594.0 169549.0 146449.0 251047.0 140784.0 128386.0 164668.0 308076.0 367013.0 144954.0 155139.0 186249.0 168255.0 157579.0 170482.0 142264.0 144673.0
219 154540.0 160051.0 141589.0 161363.0 150255.0 288069.0 151402.0 154700.0 186278.0 165613.0 158884.0 150928.0 196070.0 160997.0 168034.0 162713.0 168136.0 146035.0 249274.0 140842.0 128193.0 165886.0 288464.0 363778.0 143567.0 155246.0 186141.0 170012.0 156377.0 170046.0 142013.0 144873.0
222 154243.0 160763.0 141362.0 161339.0 149199.0 286810.0 151170.0 155046.0 186546.0 165227.0 159896.0 150613.0 194625.0 160285.0 167408.0 163716.0 167891.0 145478.0 249426.0 140498.0 128257.0 164702.0 288258.0 352409.0 145017.0 153758.0 186175.0 171228.0 156891.0 169897.0 142010.0 145464.0
225 153633.0 159721.0 141746.0 159740.0 149506.0 283837.0 150734.0 154989.0 186016.0 165045.0 158881.0 149862.0 194065.0 161161.0 167010.0 162324.0 167599.0 146059.0 274867.0 140142.0 127529.0 164095.0 290460.0 359638.0 145415.0 154077.0 185737.0 170190.0 155564.0 170418.0 141649.0 144287.0
228 153556.0 159450.0 139979.0 160250.0 149247.0 287310.0 150327.0 153785.0 184650.0 165042.0 158204.0 149747.0 194794.0 160177.0 166387.0 172513.0 167867.0 144515.0 273658.0 140105.0 127448.0 163817.0 304912.0 317587.0 143524.0 153247.0 185520.0 169789.0 155211.0 169406.0 141315.0 144024.0
231 152332.0 159105.0 140340.0 159049.0 148821.0 283177.0 150850.0 153780.0 185237.0 164615.0 158226.0 148966.0 192932.0 159986.0 166863.0 173213.0 166861.0 144281.0 273023.0 139225.0 126420.0 163165.0 304178.0 360572.0 144046.0 153275.0 185258.0 168573.0 155122.0 168906.0 141596.0 143617.0
234 148843.0 157889.0 139478.0 159079.0 148119.0 281745.0 149345.0 152985.0 184872.0 163471.0 157826.0 148641.0 190592.0 158920.0 166398.0 171511.0 166037.0 144010.0 270849.0 138165.0 126877.0 162090.0 300019.0 349022.0 142433.0 152861.0 184279.0 167664.0 153384.0 167876.0 140471.0 142896.0
237 133232.0 152530.0 136264.0 156737.0 147106.0 269199.0 148285.0 152749.0 183529.0 163153.0 154587.0 148990.0 189019.0 157473.0 165927.0 171663.0 163296.0 143300.0 268445.0 136320.0 123985.0 157090.0 301479.0 356102.0 140639.0 151546.0 181978.0 163899.0 152478.0 165422.0 138979.0 139782.0
240 99717.0 136360.0 122805.0 148288.0 138023.0 233489.0 141128.0 147446.0 181295.0 159892.0 148555.0 146060.0 171934.0 149089.0 164093.0 169519.0 150067.0 135901.0 224851.0 126710.0 115384.0 139498.0 293226.0 347433.0 132726.0 147017.0 173218.0 149306.0 142739.0 156211.0 134253.0 129773.0
243 51648.0 96923.0 90680.0 121765.0 113942.0 150881.0 118556.0 128617.0 167464.0 148887.0 124647.0 137444.0 132438.0 124717.0 154736.0 163821.0 114039.0 114701.0 174804.0 101030.0 90825.0 98872.0 258289.0 313365.0 108787.0 130854.0 145164.0 116975.0 113715.0 129740.0 116400.0 103688.0
246 21746.0 50331.0 49677.0 76544.0 72870.0 68874.0 77375.0 92519.0 134777.0 121214.0 81529.0 111150.0 77392.0 83003.0 128359.0 141225.0 64513.0 77803.0 94691.0 61675.0 53728.0 50914.0 186095.0 224599.0 68343.0 93989.0 94988.0 75699.0 70086.0 85610.0 82762.0 66312.0
249 12812.0 21835.0 20837.0 32889.0 32674.0 30192.0 34870.0 46712.0 80597.0 73306.0 36469.0 66152.0 33908.0 39333.0 78612.0 95439.0 26260.0 37259.0 36165.0 26207.0 22137.0 20935.0 93642.0 107229.0 29889.0 45757.0 42996.0 36352.0 29939.0 39026.0 39782.0 29751.0
252 10657.0 14117.0 12297.0 16502.0 16027.0 20624.0 16774.0 21057.0 37658.0 35054.0 17638.0 29751.0 18770.0 18597.0 36204.0 48377.0 14876.0 17486.0 22285.0 13424.0 12110.0 13817.0 43361.0 44975.0 14306.0 20408.0 20273.0 18139.0 15007.0 18660.0 17367.0 15316.0
255 9422.0 12091.0 10046.0 12917.0 11958.0 17557.0 12518.0 13729.0 20373.0 17762.0 13004.0 15821.0 15346.0 13225.0 18227.0 22446.0 12398.0 12141.0 18912.0 10895.0 9852.0 11731.0 30330.0 31478.0 11022.0 14107.0 14926.0 13510.0 11587.0 14434.0 11592.0 11751.0
258 8914.0 11117.0 9359.0 11927.0 10985.0 16055.0 11460.0 12670.0 17950.0 15143.0 11982.0 13832.0 14150.0 12153.0 15883.0 18217.0 11329.0 11276.0 17602.0 9952.0 9078.0 11051.0 28725.0 29461.0 10203.0 13013.0 13806.0 12930.0 10795.0 13382.0 10638.0 10964.0
261 8432.0 10167.0 8320.0 10490.0 9490.0 15125.0 10243.0 10756.0 15087.0 12774.0 10441.0 11758.0 12035.0 10316.0 13250.0 14546.0 9844.0 9625.0 15656.0 8668.0 7814.0 9582.0 24703.0 25896.0 8646.0 11222.0 12053.0 11430.0 9440.0 11601.0 9144.0 9374.0
264 8296.0 9423.0 7494.0 9349.0 8703.0 14345.0 9101.0 9325.0 13025.0 11025.0 9392.0 9838.0 11001.0 9379.0 11462.0 12554.0 9235.0 8535.0 14683.0 7716.0 7294.0 9379.0 21735.0 22641.0 7854.0 9824.0 10884.0 10373.0 8915.0 10710.0 8140.0 8835.0
267 8408.0 9392.0 7442.0 9166.0 8355.0 14133.0 8683.0 8693.0 11659.0 9620.0 8983.0 8881.0 10745.0 8634.0 10587.0 11053.0 8880.0 8026.0 14294.0 7430.0 7245.0 9120.0 20597.0 18507.0 7435.0 9413.0 10340.0 9877.0 8479.0 10415.0 7948.0 8581.0
270 8122.0 9125.0 7328.0 8945.0 8355.0 13862.0 8420.0 8399.0 11193.0 9193.0 8955.0 8678.0 10174.0 8722.0 10075.0 10098.0 8780.0 7757.0 13900.0 7187.0 7050.0 8889.0 19847.0 20539.0 7429.0 9219.0 10295.0 10010.0 8222.0 10101.0 7628.0 8239.0
273 8290.0 8997.0 7363.0 8878.0 8062.0 13235.0 8498.0 8261.0 10977.0 8837.0 8942.0 8182.0 10550.0 8557.0 9734.0 10048.0 8853.0 7733.0 13906.0 7218.0 6977.0 9095.0 19958.0 20519.0 6939.0 9156.0 10286.0 9704.0 8279.0 10239.0 7479.0 8291.0
276 8147.0 8886.0 7145.0 8979.0 8002.0 13452.0 8446.0 8126.0 11074.0 8920.0 8678.0 8226.0 10489.0 8545.0 9667.0 9854.0 8594.0 7625.0 13668.0 7325.0 6758.0 8952.0 19753.0 20104.0 7240.0 9146.0 10220.0 9661.0 8125.0 9956.0 7577.0 8210.0
279 7657.0 8887.0 7098.0 8849.0 7932.0 13452.0 8198.0 8069.0 10742.0 8767.0 8854.0 8148.0 10617.0 8379.0 9542.0 9743.0 8627.0 7509.0 13459.0 7168.0 6847.0 8826.0 19829.0 19886.0 7028.0 9006.0 10169.0 9641.0 8354.0 9888.0 7614.0 7960.0
282 7928.0 8995.0 7082.0 8753.0 7877.0 13296.0 8352.0 7958.0 10828.0 8941.0 8801.0 8096.0 10334.0 8271.0 9669.0 9797.0 8444.0 7384.0 13689.0 7094.0 6605.0 8703.0 19582.0 19757.0 7010.0 8902.0 10109.0 9614.0 8086.0 9941.0 7323.0 7774.0
285 7768.0 8660.0 7097.0 8613.0 7859.0 12877.0 8146.0 7980.0 10555.0 8659.0 8409.0 8017.0 9849.0 8198.0 9396.0 9409.0 8388.0 7423.0 13287.0 7057.0 6607.0 8566.0 19640.0 19219.0 6936.0 8738.0 10023.0 9546.0 7824.0 9791.0 7355.0 7994.0
288 7659.0 8676.0 6967.0 8407.0 7786.0 12790.0 8078.0 7827.0 10494.0 8452.0 8390.0 8026.0 9977.0 8086.0 9375.0 9587.0 8018.0 7214.0 12921.0 6962.0 6597.0 8476.0 18554.0 18851.0 6883.0 8748.0 9688.0 9215.0 7801.0 9609.0 7424.0 7841.0
291 7516.0 8567.0 6874.0 8359.0 7642.0 12644.0 7853.0 7813.0 10466.0 8605.0 8418.0 7995.0 9664.0 8069.0 9284.0 9436.0 8067.0 7177.0 12823.0 6932.0 6510.0 8222.0 18782.0 18726.0 6897.0 8457.0 9676.0 9185.0 7758.0 9273.0 7181.0 7660.0
294 7496.0 8532.0 6726.0 8173.0 7488.0 12432.0 7898.0 7403.0 10343.0 8477.0 8155.0 7986.0 9455.0 7828.0 9139.0 9353.0 7940.0 7106.0 12549.0 6852.0 6305.0 8091.0 17717.0 18361.0 6665.0 8413.0 9468.0 8755.0 7553.0 9470.0 6913.0 7606.0
297 7428.0 8225.0 6647.0 8013.0 7425.0 12179.0 7773.0 7558.0 10201.0 8499.0 8172.0 7747.0 9194.0 7751.0 8868.0 9251.0 8010.0 6973.0 12352.0 6670.0 6418.0 7944.0 17246.0 16085.0 6584.0 8362.0 9282.0 8794.0 7731.0 9206.0 6919.0 7544.0
300 7316.0 8250.0 6614.0 8155.0 7216.0 11661.0 7739.0 7541.0 9935.0 8015.0 8024.0 7746.0 9032.0 7571.0 9023.0 9134.0 7859.0 6836.0 12428.0 6586.0 6082.0 8003.0 16257.0 18137.0 6537.0 8210.0 9263.0 8832.0 7347.0 9220.0 6975.0 7434.0
303 7040.0 8023.0 6430.0 7864.0 7167.0 11932.0 7577.0 7244.0 9917.0 8063.0 7856.0 7420.0 8781.0 7668.0 8807.0 8926.0 7588.0 6751.0 13533.0 6466.0 6245.0 7715.0 16504.0 17560.0 6399.0 8237.0 9078.0 8545.0 7276.0 8972.0 6673.0 7255.0
306 6959.0 7909.0 6231.0 7850.0 7028.0 11574.0 7213.0 7235.0 9704.0 8004.0 7747.0 7349.0 8501.0 7526.0 8683.0 8819.0 7489.0 6747.0 13082.0 6320.0 6121.0 7594.0 15875.0 17322.0 6434.0 7991.0 8854.0 8227.0 7387.0 8778.0 6679.0 7125.0
309 6850.0 7708.0 6208.0 7647.0 6910.0 11250.0 7386.0 6984.0 9690.0 7842.0 7526.0 7289.0 8519.0 7204.0 8524.0 8588.0 7233.0 6497.0 13062.0 6335.0 5880.0 7525.0 16955.0 16940.0 6228.0 8043.0 8899.0 8229.0 7166.0 8812.0 6503.0 7067.0
312 6425.0 7375.0 6027.0 7313.0 6796.0 10995.0 7160.0 6947.0 9340.0 7641.0 7391.0 7278.0 8394.0 7135.0 8506.0 8598.0 7362.0 6475.0 12523.0 6062.0 5852.0 7338.0 16567.0 16428.0 6134.0 7849.0 8554.0 8043.0 7095.0 8679.0 6469.0 6971.0
315 5649.0 7326.0 5813.0 7234.0 6524.0 10030.0 6924.0 6848.0 9313.0 7353.0 7476.0 7103.0 7937.0 6946.0 8281.0 8352.0 7057.0 6310.0 11955.0 5778.0 5679.0 7134.0 16093.0 16197.0 5903.0 7462.0 8491.0 7956.0 6663.0 8288.0 6335.0 6584.0
318 4650.0 6615.0 5341.0 6759.0 6235.0 9011.0 6632.0 6508.0 9033.0 7334.0 7028.0 6843.0 7633.0 6757.0 8139.0 8416.0 6567.0 6111.0 10475.0 5561.0 5387.0 6561.0 15789.0 13415.0 5754.0 7426.0 7942.0 7399.0 6539.0 8069.0 6100.0 6205.0
321 3676.0 6006.0 4797.0 6410.0 5923.0 7804.0 6314.0 6423.0 8867.0 7039.0 6592.0 6501.0 6734.0 6618.0 8115.0 8023.0 6026.0 5859.0 9746.0 5316.0 4873.0 6080.0 15366.0 13312.0 5230.0 7151.0 7364.0 7094.0 6141.0 7670.0 5863.0 5879.0
324 2443.0 4848.0 3941.0 5526.0 5136.0 5867.0 5630.0 5961.0 8459.0 6882.0 5901.0 6565.0 6022.0 5940.0 7813.0 7912.0 4921.0 5054.0 7781.0 4702.0 4195.0 5083.0 14455.0 14182.0 4575.0 6788.0 6716.0 6135.0 5139.0 6589.0 5323.0 5118.0
327 1399.0 3287.0 2761.0 4362.0 4176.0 3686.0 4435.0 5233.0 7708.0 6316.0 5094.0 5931.0 4584.0 4894.0 7209.0 7344.0 3832.0 4295.0 5856.0 3720.0 3259.0 3625.0 12612.0 12330.0 3490.0 5958.0 5267.0 4826.0 4098.0 5662.0 4712.0 4094.0
330 864.0 2044.0 1816.0 3139.0 3081.0 2265.0 3157.0 4219.0 6487.0 5583.0 3665.0 5214.0 3002.0 3729.0 6361.0 6536.0 2355.0 3212.0 3768.0 2439.0 2000.0 2307.0 10085.0 9112.0 2284.0 4715.0 3843.0 3462.0 2722.0 4006.0 3502.0 2939.0
333 717.0 1244.0 1072.0 1756.0 1918.0 1434.0 2048.0 2931.0 5015.0 4401.0 2369.0 4056.0 1870.0 2547.0 5319.0 5535.0 1465.0 2185.0 2205.0 1433.0 1223.0 1272.0 7242.0 6011.0 1335.0 3191.0 2316.0 2296.0 1613.0 2527.0 2219.0 1871.0
336 637.0 943.0 736.0 1165.0 1182.0 1178.0 1258.0 1904.0 3655.0 3140.0 1472.0 2881.0 1373.0 1604.0 3820.0 4048.0 951.0 1333.0 1448.0 954.0 757.0 932.0 4615.0 3741.0 838.0 1998.0 1418.0 1481.0 1046.0 1506.0 1382.0 1225.0
339 646.0 821.0 585.0 892.0 851.0 1069.0 908.0 1153.0 2242.0 2118.0 1033.0 1865.0 1007.0 1066.0 2387.0 2650.0 794.0 956.0 1211.0 660.0 681.0 778.0 2842.0 2250.0 686.0 1251.0 1019.0 1062.0 812.0 1144.0 875.0 848.0
342 614.0 774.0 584.0 765.0 757.0 987.0 789.0 875.0 1478.0 1340.0 835.0 1238.0 914.0 820.0 1533.0 1612.0 714.0 728.0 1102.0 661.0 565.0 718.0 2132.0 1539.0 600.0 971.0 879.0 890.0 711.0 981.0 727.0 759.0
345 592.0 733.0 572.0 705.0 623.0 978.0 661.0 717.0 1082.0 912.0 721.0 883.0 834.0 694.0 1113.0 1104.0 620.0 593.0 1073.0 591.0 528.0 693.0 1825.0 1549.0 599.0 826.0 864.0 804.0 649.0 891.0 668.0 685.0
348 566.0 677.0 536.0 717.0 619.0 934.0 673.0 636.0 1032.0 798.0 711.0 757.0 759.0 625.0 908.0 931.0 631.0 550.0 979.0 508.0 508.0 608.0 1729.0 1349.0 564.0 764.0 821.0 746.0 616.0 846.0 588.0 650.0
351 555.0 661.0 547.0 654.0 660.0 908.0 649.0 611.0 921.0 737.0 707.0 683.0 705.0 549.0 849.0 819.0 675.0 570.0 931.0 556.0 502.0 670.0 1652.0 1362.0 520.0 734.0 757.0 766.0 623.0 796.0 591.0 648.0
354 616.0 714.0 528.0 715.0 632.0 840.0 611.0 575.0 860.0 680.0 637.0 627.0 696.0 598.0 773.0 751.0 646.0 548.0 977.0 498.0 526.0 637.0 1599.0 1229.0 499.0 650.0 756.0 745.0 556.0 777.0 585.0 640.0
357 532.0 681.0 505.0 631.0 586.0 856.0 617.0 608.0 853.0 729.0 700.0 624.0 695.0 593.0 829.0 768.0 538.0 534.0 988.0 495.0 507.0 647.0 1405.0 1371.0 444.0 700.0 784.0 752.0 548.0 812.0 545.0 597.0
