150 2551850.0 2568965.0 2572274.0 2686986.0 2577269.0 2546461.0 2550443.0 2574571.0 2563527.0 2604131.0 2582315.0 2575533.0 2635135.0 2533130.0 2623983.0 2554811.0 2566924.0 2557048.0 2572175.0 2550763.0 2566313.0 2560627.0 2582556.0 2560704.0 2554468.0 2744759.0 2626352.0 2593726.0 2544590.0 2574289.0 2569092.0 2560757.0
153 18475719.0 18489950.0 18483728.0 18420641.0 18481499.0 18466054.0 18477896.0 18465977.0 18464618.0 18449981.0 18471437.0 18456333.0 18458766.0 18482857.0 18463766.0 18464060.0 18479888.0 18482272.0 18474595.0 18478665.0 18452671.0 18480012.0 18450404.0 18474984.0 18454175.0 18444352.0 18427733.0 18472600.0 18464109.0 18481144.0 18480280.0 18489284.0
156 18795091.0 18808778.0 18801741.0 18742627.0 18799241.0 18783705.0 18797051.0 18784573.0 18783592.0 18767899.0 18789693.0 18774625.0 18777269.0 18801427.0 18782909.0 18781878.0 18798447.0 18800317.0 18793476.0 18796593.0 18770147.0 18798879.0 18768524.0 18793237.0 18771534.0 18765110.0 18745499.0 18792205.0 18782406.0 18800641.0 18799216.0 18808448.0
159 19332291.0 19343714.0 19338624.0 19274930.0 19335979.0 19320431.0 19334757.0 19321308.0 19320433.0 19303004.0 19327013.0 19310188.0 19314580.0 19338012.0 19318211.0 19317845.0 19335846.0 19337935.0 19331390.0 19334474.0 19306306.0 19337488.0 19302694.0 19331404.0 19308111.0 19303067.0 19280285.0 19327786.0 19319319.0 19338865.0 19337617.0 19346838.0
162 19655693.0 19661886.0 19658313.0 19589062.0 19656045.0 19641150.0 19655591.0 19643152.0 19641955.0 19622040.0 19648019.0 19629954.0 19633791.0 19659365.0 19639284.0 19638696.0 19657135.0 19658962.0 19652401.0 19655324.0 19625381.0 19657884.0 19622951.0 19653159.0 19628162.0 19622454.0 19598943.0 19648677.0 19640811.0 19659626.0 19657458.0 19667032.0
165 19921749.0 19925773.0 19922102.0 19853954.0 19919659.0 19903382.0 19921143.0 19905008.0 19907428.0 19882617.0 19913311.0 19891524.0 19900403.0 19924273.0 19903791.0 19901624.0 19921854.0 19923728.0 19916958.0 19919489.0 19887354.0 19923064.0 19884370.0 19916681.0 19888405.0 19883625.0 19858564.0 19913252.0 19902781.0 19924040.0 19921408.0 19930883.0
168 20047214.0 20051523.0 20046481.0 19972080.0 20045066.0 20022605.0 20047658.0 20021032.0 20034163.0 19991557.0 20038638.0 20005914.0 20025361.0 20049915.0 20027648.0 20021049.0 20047879.0 20049130.0 20042934.0 20044389.0 19999569.0 20048852.0 20000359.0 20039227.0 20002520.0 20004251.0 19965593.0 20037991.0 20021186.0 20048599.0 20045920.0 20056854.0
171 19963526.0 19971530.0 19954678.0 19797682.0 19956325.0 19883652.0 19967281.0 19875405.0 19947276.0 19825840.0 19946913.0 19855235.0 19930574.0 19958688.0 19922627.0 19886705.0 19957589.0 19956737.0 19953847.0 19949312.0 19847363.0 19963018.0 19846061.0 19930368.0 19849767.0 19901175.0 19782994.0 19948655.0 19878081.0 19957454.0 19959210.0 19976748.0
174 19160054.0 19321599.0 19201836.0 18809712.0 19224620.0 18912059.0 19278555.0 18828615.0 19228690.0 18759915.0 19133628.0 18877979.0 19091787.0 19159163.0 19054610.0 18939119.0 19141402.0 19136891.0 19143085.0 19147703.0 18859453.0 19144853.0 18821085.0 19035688.0 18877803.0 18971362.0 18761394.0 19092791.0 18875990.0 19101498.0 19178670.0 19241583.0
177 10567790.0 10495970.0 10126514.0 10016366.0 10302940.0 10121821.0 10575277.0 9781683.0 10655170.0 9814213.0 10222081.0 10229314.0 10162568.0 10253896.0 10046589.0 10372972.0 10147274.0 10137458.0 10197562.0 10257802.0 10127962.0 10142980.0 10038384.0 9745002.0 10219033.0 9769736.0 10068306.0 9939447.0 10017334.0 9843947.0 10199443.0 10259438.0
180 8675654.0 8187603.0 7956523.0 8169393.0 8131432.0 8267262.0 8386077.0 7888614.0 8504065.0 7901134.0 8081947.0 8313691.0 8034556.0 8103104.0 7925072.0 8425826.0 8002615.0 7985364.0 8037415.0 8098396.0 8250659.0 8004027.0 8144505.0 7657799.0 8334231.0 7670338.0 8205477.0 7816351.0 8132817.0 7708649.0 8014292.0 8038720.0
183 1306246.0 1266710.0 1171978.0 1321134.0 1248589.0 1224123.0 1331013.0 1099046.0 1402300.0 1136143.0 1208302.0 1250115.0 1243067.0 1179651.0 1184112.0 1274541.0 1180207.0 1165069.0 1186853.0 1195581.0 1222907.0 1172353.0 1196453.0 1065589.0 1234382.0 1196929.0 1259619.0 1156783.0 1159992.0 1086077.0 1189582.0 1174932.0
186 225825.0 243605.0 231986.0 367169.0 246622.0 230308.0 252794.0 213294.0 282048.0 263124.0 250836.0 250665.0 307897.0 204631.0 273229.0 240628.0 230019.0 218316.0 244132.0 218064.0 254235.0 225147.0 268118.0 215943.0 245979.0 369739.0 318615.0 265972.0 221467.0 220809.0 232820.0 218862.0
189 222613.0 227040.0 225029.0 356295.0 229802.0 211891.0 223946.0 208859.0 245727.0 258315.0 242880.0 235640.0 301863.0 196273.0 267149.0 223061.0 220351.0 208509.0 237758.0 209305.0 243168.0 216618.0 260180.0 214340.0 233270.0 374629.0 308243.0 260314.0 213409.0 216502.0 224118.0 210875.0
192 224716.0 228673.0 225666.0 364856.0 231065.0 212746.0 223511.0 210170.0 247201.0 257979.0 244484.0 236954.0 302329.0 197355.0 267755.0 223343.0 221884.0 209279.0 236970.0 209258.0 242280.0 216791.0 259603.0 214637.0 232611.0 368709.0 310281.0 258578.0 212671.0 217189.0 223786.0 210186.0
195 223287.0 226700.0 225435.0 359378.0 232007.0 212905.0 223913.0 209912.0 244843.0 259134.0 243841.0 236804.0 301488.0 197160.0 267966.0 222733.0 221647.0 208941.0 238512.0 208491.0 242788.0 217462.0 259183.0 214134.0 232446.0 375771.0 309166.0 259147.0 213405.0 217077.0 224067.0 210956.0
198 223669.0 227573.0 227304.0 358325.0 231269.0 213579.0 225622.0 215160.0 247431.0 258772.0 244934.0 238167.0 303638.0 197780.0 269042.0 223101.0 222825.0 211221.0 238781.0 210197.0 243780.0 217139.0 261422.0 215080.0 234111.0 377083.0 311045.0 260684.0 214271.0 217949.0 223678.0 211097.0
201 224037.0 228052.0 227010.0 360472.0 233039.0 214029.0 224598.0 216190.0 247745.0 260235.0 245015.0 238658.0 303517.0 197416.0 269588.0 224026.0 222746.0 209572.0 239128.0 210520.0 243635.0 218440.0 261516.0 214999.0 234584.0 386801.0 310992.0 260683.0 214317.0 217895.0 224375.0 211392.0
204 224739.0 229138.0 227024.0 337727.0 232574.0 214344.0 225255.0 215295.0 247485.0 260452.0 245047.0 238810.0 304443.0 198138.0 268254.0 224670.0 223876.0 209423.0 239374.0 211023.0 245043.0 217384.0 261703.0 215616.0 234783.0 384096.0 313319.0 260568.0 215118.0 218432.0 224008.0 213041.0
207 224886.0 229773.0 227028.0 343093.0 232759.0 214353.0 226523.0 214841.0 247645.0 261166.0 245765.0 238457.0 307176.0 198356.0 269000.0 224245.0 222454.0 210610.0 238524.0 211428.0 245586.0 218449.0 260937.0 215370.0 235970.0 382172.0 311646.0 261374.0 214465.0 219255.0 224354.0 212289.0
210 225206.0 228701.0 227028.0 354091.0 232506.0 214268.0 225013.0 211022.0 245743.0 258637.0 244331.0 237977.0 302874.0 198603.0 269186.0 224249.0 223038.0 210187.0 238184.0 210855.0 245118.0 217843.0 262115.0 215553.0 234675.0 375800.0 310987.0 261004.0 214105.0 217686.0 224281.0 213089.0
213 224635.0 228425.0 227645.0 355496.0 233411.0 213872.0 225088.0 210446.0 246897.0 258568.0 245253.0 237460.0 304069.0 198025.0 268082.0 223610.0 222827.0 210174.0 237814.0 210854.0 244934.0 218052.0 260963.0 216506.0 234131.0 374952.0 311263.0 260241.0 214178.0 219359.0 224749.0 211494.0
216 223254.0 227576.0 226490.0 337466.0 231447.0 212636.0 223291.0 208660.0 246100.0 257731.0 244046.0 237468.0 306041.0 196928.0 262377.0 222709.0 221835.0 210866.0 237045.0 209704.0 244386.0 216931.0 260553.0 214950.0 232845.0 374494.0 310678.0 265088.0 213553.0 217601.0 223899.0 211443.0
219 223274.0 227158.0 225410.0 338306.0 231007.0 212420.0 222324.0 214244.0 246017.0 258114.0 243209.0 237160.0 300791.0 196003.0 262257.0 224985.0 221420.0 209148.0 236491.0 208726.0 242526.0 216431.0 259845.0 214251.0 232385.0 371623.0 309183.0 266153.0 212649.0 216617.0 222891.0 210650.0
222 222438.0 227180.0 225491.0 356205.0 230700.0 212005.0 222750.0 213157.0 245441.0 257290.0 242691.0 236172.0 299920.0 196934.0 261518.0 221696.0 222456.0 208361.0 235864.0 209372.0 242461.0 216374.0 259455.0 212583.0 233550.0 372194.0 307759.0 265459.0 214024.0 217719.0 223002.0 209543.0
225 221798.0 226768.0 225373.0 345153.0 230449.0 210662.0 222295.0 207416.0 244916.0 256001.0 243553.0 234916.0 298785.0 196115.0 261261.0 221522.0 220293.0 207954.0 236398.0 208008.0 242882.0 216487.0 258957.0 212996.0 231962.0 372036.0 307895.0 258903.0 212903.0 216546.0 222798.0 209491.0
228 221228.0 227263.0 224312.0 338801.0 230117.0 212148.0 221893.0 207218.0 244547.0 255592.0 242611.0 234777.0 299190.0 196289.0 261304.0 221898.0 220468.0 208411.0 235454.0 209430.0 241260.0 215570.0 258198.0 212992.0 231774.0 386074.0 306485.0 242447.0 212670.0 215752.0 221545.0 209430.0
231 221869.0 226689.0 223936.0 347708.0 229929.0 210699.0 222038.0 207009.0 243024.0 255305.0 242078.0 235565.0 298824.0 195067.0 260399.0 221433.0 219266.0 207739.0 235284.0 207795.0 241380.0 215013.0 257827.0 213133.0 231973.0 380959.0 306549.0 241210.0 211513.0 215501.0 222496.0 208699.0
234 219168.0 225288.0 224230.0 341446.0 229956.0 210180.0 221162.0 206545.0 243166.0 253736.0 240914.0 233285.0 300415.0 195886.0 260552.0 220378.0 218813.0 206432.0 234510.0 207122.0 241009.0 214070.0 255964.0 211454.0 229495.0 380280.0 304642.0 240477.0 210923.0 214979.0 221112.0 208386.0
237 220424.0 225545.0 223995.0 337374.0 229441.0 210454.0 221366.0 207100.0 242838.0 255396.0 241494.0 234799.0 301521.0 195010.0 260644.0 220534.0 219357.0 205849.0 233908.0 207737.0 240472.0 214072.0 257332.0 211491.0 230596.0 363250.0 305117.0 241661.0 211423.0 215413.0 219839.0 207830.0
240 219602.0 223581.0 222669.0 355244.0 228182.0 208602.0 219243.0 207925.0 243634.0 253555.0 239475.0 233494.0 298434.0 194523.0 258291.0 219876.0 217735.0 205360.0 232801.0 205725.0 238904.0 213165.0 256547.0 210392.0 228897.0 361987.0 303454.0 238876.0 209707.0 213605.0 219704.0 205403.0
243 218214.0 223189.0 220339.0 348869.0 227081.0 207697.0 219055.0 209346.0 240626.0 250964.0 238536.0 232032.0 296727.0 192674.0 260008.0 219001.0 217344.0 205749.0 231892.0 205431.0 238450.0 211428.0 252981.0 210172.0 228108.0 359242.0 300974.0 237481.0 207704.0 211398.0 217597.0 204641.0
246 217155.0 222383.0 221674.0 353255.0 226475.0 207023.0 217173.0 208041.0 239906.0 248899.0 237211.0 230969.0 291467.0 192495.0 258952.0 215672.0 216628.0 203691.0 228744.0 204756.0 234987.0 209819.0 247561.0 209038.0 227116.0 354950.0 299053.0 231895.0 201122.0 211063.0 217560.0 202955.0
249 209862.0 220757.0 219511.0 345265.0 225866.0 203745.0 216371.0 199898.0 239074.0 240323.0 234056.0 228942.0 282446.0 191062.0 255575.0 204517.0 210048.0 202909.0 220029.0 204703.0 230845.0 198661.0 224969.0 208471.0 223981.0 319514.0 290732.0 209573.0 178356.0 201274.0 215783.0 189712.0
252 185777.0 215190.0 213529.0 332242.0 222907.0 187569.0 210729.0 172889.0 236348.0 211402.0 223789.0 216959.0 251580.0 182257.0 242891.0 171539.0 186601.0 194951.0 188368.0 199086.0 213426.0 165902.0 171108.0 202201.0 213264.0 255068.0 258065.0 157600.0 130711.0 174676.0 208876.0 155647.0
255 129441.0 190927.0 193008.0 281742.0 211373.0 145754.0 184244.0 114396.0 218668.0 145066.0 185320.0 182105.0 181014.0 154690.0 199574.0 111766.0 135587.0 168136.0 126177.0 184666.0 166071.0 104576.0 96534.0 180638.0 176900.0 159684.0 186096.0 91401.0 69580.0 121545.0 180530.0 97517.0
258 54110.0 122162.0 130168.0 157141.0 162452.0 70455.0 108832.0 43845.0 155202.0 61095.0 98067.0 99835.0 76518.0 86965.0 108628.0 44642.0 60350.0 100520.0 52441.0 129784.0 88449.0 39791.0 36974.0 120919.0 99213.0 71052.0 81277.0 36767.0 26137.0 52041.0 111550.0 37390.0
261 27996.0 63100.0 70309.0 71521.0 97165.0 32433.0 50908.0 23530.0 84484.0 31315.0 44631.0 46445.0 36771.0 40670.0 53058.0 24004.0 29318.0 49204.0 28026.0 73442.0 42471.0 22432.0 24649.0 65808.0 47716.0 40758.0 40638.0 25518.0 19259.0 26483.0 56044.0 21829.0
264 21682.0 30043.0 33268.0 39865.0 44557.0 20834.0 25643.0 18932.0 38067.0 23905.0 25953.0 26041.0 27199.0 22155.0 30592.0 19110.0 21234.0 25286.0 21623.0 33736.0 26025.0 18490.0 20957.0 31501.0 26839.0 32029.0 30705.0 21432.0 16066.0 20315.0 28716.0 18022.0
267 18888.0 21734.0 22620.0 31751.0 25741.0 17486.0 20055.0 16504.0 25617.0 20705.0 21782.0 21244.0 23689.0 18240.0 24419.0 16595.0 18047.0 20265.0 18620.0 22471.0 21520.0 15766.0 17992.0 22697.0 22129.0 27999.0 26589.0 18669.0 13926.0 17382.0 22361.0 15555.0
270 16361.0 18639.0 19687.0 27324.0 21559.0 15215.0 17332.0 14176.0 22264.0 18244.0 18988.0 18523.0 21344.0 15956.0 21501.0 14776.0 15523.0 17456.0 16568.0 19480.0 18922.0 13948.0 16505.0 19840.0 19460.0 25338.0 22907.0 17257.0 12670.0 15203.0 19900.0 13710.0
273 14874.0 16289.0 17640.0 23827.0 18892.0 13896.0 15387.0 13377.0 19459.0 16725.0 16955.0 16524.0 19464.0 13900.0 19281.0 13413.0 14123.0 15247.0 15415.0 16936.0 16990.0 13180.0 15748.0 17375.0 17089.0 23910.0 21392.0 16381.0 12386.0 13850.0 17325.0 13134.0
276 14161.0 14465.0 15538.0 22382.0 16496.0 13204.0 14171.0 12881.0 17279.0 16365.0 15553.0 15028.0 19098.0 12792.0 17716.0 13255.0 13463.0 13801.0 14979.0 14877.0 15823.0 12867.0 15418.0 15544.0 15876.0 23046.0 20578.0 16138.0 12160.0 13223.0 15437.0 12668.0
279 13957.0 13629.0 14087.0 21420.0 14827.0 12643.0 13724.0 12638.0 15947.0 16081.0 15473.0 14655.0 18482.0 12581.0 17151.0 13077.0 13155.0 12829.0 14754.0 13567.0 15399.0 12823.0 15341.0 14536.0 15193.0 22989.0 20096.0 15939.0 12238.0 13305.0 14754.0 12628.0
282 13847.0 13262.0 13610.0 21089.0 14437.0 12639.0 13466.0 12493.0 15873.0 15961.0 15236.0 14506.0 18370.0 12412.0 16858.0 12743.0 13007.0 12796.0 14869.0 13455.0 15289.0 12722.0 15331.0 14149.0 15254.0 22459.0 20071.0 15482.0 12341.0 12985.0 14269.0 12564.0
285 13641.0 13179.0 13738.0 22591.0 14076.0 12479.0 13511.0 12681.0 15523.0 15807.0 14965.0 14353.0 18278.0 12357.0 16573.0 12855.0 12933.0 12560.0 14572.0 13265.0 15479.0 12566.0 15264.0 14177.0 15193.0 22648.0 19845.0 15611.0 12137.0 12768.0 14267.0 12422.0
288 13667.0 12882.0 13473.0 21414.0 13928.0 12496.0 13429.0 12229.0 15425.0 15518.0 14796.0 14122.0 18250.0 12033.0 16444.0 12695.0 12783.0 12451.0 14651.0 13089.0 15110.0 12319.0 14979.0 13945.0 15124.0 22399.0 19819.0 15297.0 11884.0 12925.0 14341.0 12271.0
291 13565.0 13045.0 13463.0 20915.0 13603.0 12278.0 13326.0 12112.0 15325.0 15454.0 14759.0 14147.0 18200.0 11961.0 16244.0 12453.0 12480.0 12469.0 14381.0 12760.0 15042.0 12164.0 14858.0 13892.0 14876.0 22574.0 19338.0 15567.0 11563.0 12808.0 14106.0 12099.0
294 13374.0 12727.0 13422.0 20427.0 13894.0 12015.0 13214.0 11837.0 15285.0 15495.0 14747.0 14065.0 17797.0 12037.0 16115.0 12493.0 12656.0 12124.0 14259.0 12843.0 14971.0 12103.0 14731.0 13857.0 14753.0 22112.0 19427.0 15010.0 11619.0 12418.0 14284.0 12231.0
297 13209.0 12678.0 13196.0 20622.0 13519.0 12211.0 12865.0 12125.0 14712.0 15475.0 14566.0 13859.0 17573.0 11872.0 16350.0 12297.0 12423.0 12092.0 14108.0 12614.0 14876.0 11979.0 14520.0 13759.0 14592.0 21764.0 18994.0 14905.0 11528.0 12296.0 13745.0 12013.0
300 13206.0 12724.0 12835.0 20555.0 13413.0 11835.0 12743.0 12035.0 14813.0 15045.0 14366.0 13682.0 17622.0 11668.0 15674.0 12173.0 12031.0 12205.0 14072.0 12579.0 14219.0 11922.0 14432.0 13308.0 14540.0 21522.0 18788.0 14696.0 11215.0 12402.0 13625.0 11804.0
303 12852.0 12394.0 12784.0 20408.0 13245.0 11864.0 12509.0 11752.0 14741.0 14668.0 13989.0 13558.0 17344.0 11733.0 15791.0 12117.0 12042.0 11835.0 13759.0 12575.0 13981.0 11669.0 13948.0 13504.0 14095.0 21262.0 18401.0 13673.0 11225.0 12231.0 13485.0 11742.0
306 12846.0 12445.0 12781.0 19464.0 12985.0 11820.0 12775.0 11704.0 14654.0 14473.0 14132.0 13525.0 17028.0 11443.0 15798.0 12096.0 12026.0 11793.0 13592.0 12460.0 14218.0 11601.0 13947.0 13086.0 14146.0 20781.0 18361.0 14464.0 11175.0 11833.0 13305.0 11541.0
309 12392.0 11984.0 12623.0 20426.0 13040.0 11680.0 12515.0 10907.0 14717.0 14611.0 13834.0 13062.0 16498.0 11363.0 15188.0 11719.0 11876.0 11597.0 13375.0 12188.0 13966.0 11336.0 13733.0 13069.0 14192.0 19494.0 18038.0 14321.0 10906.0 11809.0 13295.0 11279.0
312 12541.0 12074.0 12363.0 19350.0 12951.0 11615.0 12404.0 11086.0 14275.0 14248.0 13675.0 13111.0 16393.0 11065.0 14853.0 11753.0 11623.0 11646.0 13232.0 11994.0 13726.0 11147.0 13381.0 12892.0 13874.0 19971.0 17865.0 14115.0 10894.0 11627.0 13145.0 11400.0
315 12293.0 11926.0 12520.0 19014.0 12584.0 11342.0 12039.0 10772.0 14081.0 14043.0 13475.0 12853.0 16321.0 11093.0 14733.0 11327.0 11414.0 11209.0 12824.0 11762.0 13533.0 10994.0 13177.0 12785.0 13728.0 18940.0 17515.0 13761.0 10542.0 11482.0 13042.0 10980.0
318 12270.0 11498.0 12027.0 18828.0 12552.0 11176.0 11840.0 10818.0 13577.0 13730.0 13240.0 12720.0 15843.0 10987.0 14497.0 11092.0 11392.0 11202.0 12801.0 11670.0 13208.0 10932.0 12811.0 12636.0 13304.0 18958.0 17276.0 13430.0 10366.0 11402.0 12642.0 10844.0
321 11948.0 11725.0 12049.0 19150.0 12511.0 11079.0 11788.0 10825.0 13991.0 13607.0 13269.0 12595.0 15540.0 10732.0 14370.0 11031.0 11010.0 11216.0 12426.0 11695.0 13179.0 10927.0 12678.0 12499.0 13259.0 19173.0 17004.0 13104.0 10174.0 11357.0 12478.0 10599.0
324 11500.0 11481.0 11726.0 18861.0 12394.0 10813.0 11525.0 10870.0 13691.0 13420.0 12843.0 12221.0 15462.0 10696.0 13976.0 10826.0 10929.0 10946.0 12397.0 11249.0 12962.0 10616.0 12459.0 12266.0 12958.0 18516.0 16747.0 12909.0 9930.0 10902.0 12430.0 10471.0
327 11296.0 11259.0 11704.0 17960.0 12250.0 10512.0 11439.0 10268.0 13587.0 12993.0 12697.0 12049.0 14930.0 10465.0 13826.0 10485.0 10648.0 10659.0 12114.0 11306.0 12797.0 10329.0 11773.0 12165.0 12867.0 17954.0 16212.0 12522.0 9233.0 10784.0 12348.0 9987.0
330 10907.0 10866.0 11426.0 17020.0 11961.0 10206.0 10839.0 10039.0 13220.0 12593.0 12358.0 11731.0 14521.0 10075.0 13384.0 10018.0 10160.0 10512.0 11337.0 10936.0 12027.0 9718.0 10958.0 11656.0 12307.0 16206.0 15775.0 11470.0 8375.0 10422.0 11905.0 9409.0
333 10188.0 10671.0 11195.0 17362.0 11553.0 9664.0 10717.0 9218.0 12735.0 11894.0 11956.0 11502.0 13506.0 9955.0 13238.0 9186.0 9752.0 9923.0 10533.0 10708.0 11712.0 8972.0 9187.0 11418.0 12028.0 15105.0 14783.0 10002.0 6804.0 9669.0 11585.0 8565.0
336 9272.0 10457.0 10837.0 17467.0 11246.0 9251.0 10440.0 8571.0 12357.0 10765.0 11454.0 11058.0 11978.0 9472.0 12344.0 7919.0 9181.0 9989.0 9529.0 10663.0 10671.0 7845.0 7272.0 11421.0 11588.0 13382.0 13370.0 7586.0 5334.0 8602.0 11126.0 7144.0
339 7346.0 9996.0 10547.0 15710.0 11048.0 8047.0 9563.0 6758.0 11852.0 9130.0 10494.0 9998.0 10118.0 8777.0 11574.0 6115.0 7710.0 9168.0 7417.0 10083.0 9551.0 6097.0 5258.0 10596.0 10497.0 11306.0 11311.0 5535.0 3651.0 7237.0 10563.0 5455.0
342 5420.0 8748.0 9634.0 13587.0 10475.0 6288.0 8473.0 4907.0 11105.0 6782.0 8814.0 8501.0 7226.0 7380.0 10023.0 4377.0 5808.0 8135.0 5427.0 9361.0 7665.0 4241.0 3210.0 9536.0 8706.0 8130.0 8825.0 3596.0 2245.0 5498.0 9298.0 3664.0
345 3646.0 7412.0 8204.0 9763.0 9749.0 4614.0 6489.0 3113.0 9296.0 4545.0 6584.0 6631.0 4809.0 5633.0 7760.0 2822.0 4039.0 6567.0 3496.0 8176.0 5833.0 2529.0 2147.0 8189.0 6858.0 5591.0 5900.0 2277.0 1440.0 3572.0 7561.0 2266.0
348 2240.0 5530.0 6517.0 6967.0 8100.0 2930.0 4566.0 1929.0 7097.0 2803.0 4529.0 4513.0 2876.0 3955.0 5658.0 1741.0 2527.0 4634.0 2312.0 6703.0 3957.0 1719.0 1562.0 6662.0 4600.0 3632.0 3651.0 1576.0 1258.0 2354.0 5732.0 1504.0
351 1711.0 3639.0 4442.0 4431.0 5994.0 1833.0 2624.0 1474.0 4900.0 1930.0 2652.0 2796.0 2070.0 2400.0 3629.0 1374.0 1672.0 3006.0 1763.0 4716.0 2531.0 1404.0 1436.0 4700.0 2832.0 2582.0 2598.0 1353.0 1052.0 1624.0 3685.0 1280.0
354 1448.0 2405.0 2975.0 2913.0 4217.0 1396.0 1790.0 1198.0 3117.0 1631.0 1907.0 1878.0 1854.0 1645.0 2399.0 1197.0 1330.0 1897.0 1407.0 3107.0 1864.0 1153.0 1297.0 3262.0 2015.0 2206.0 2087.0 1396.0 1016.0 1333.0 2460.0 1094.0
357 1289.0 1710.0 2026.0 2384.0 2657.0 1199.0 1388.0 1108.0 2137.0 1483.0 1571.0 1556.0 1665.0 1372.0 1868.0 1156.0 1183.0 1528.0 1441.0 2038.0 1642.0 1043.0 1232.0 2134.0 1704.0 2021.0 1937.0 1413.0 987.0 1192.0 1798.0 1073.0
