150 17786989.0 17802624.0 17794329.0 17764833.0 17785362.0 17763239.0 17784917.0 17736980.0 17777227.0 17740910.0 17720491.0 17764528.0 17774431.0 17787283.0 17774662.0 17763536.0 17779929.0 17782550.0 17778431.0 17782325.0 17756898.0 17773520.0 17756693.0 17777023.0 17761878.0 17787819.0 17753703.0 17780046.0 17738078.0 17773670.0 17790101.0 17790839.0
153 18577105.0 18590645.0 18586024.0 18555180.0 18578155.0 18554042.0 18581781.0 18526103.0 18572932.0 18528293.0 18507658.0 18559242.0 18566397.0 18581751.0 18567263.0 18557173.0 18574209.0 18580251.0 18574291.0 18577260.0 18549909.0 18569311.0 18553581.0 18574975.0 18561246.0 18586036.0 18547286.0 18579013.0 18530441.0 18571855.0 18584083.0 18584753.0
156 18789587.0 18800903.0 18794453.0 18743872.0 18782378.0 18741667.0 18783311.0 18710948.0 18770983.0 18713643.0 18704279.0 18748988.0 18765429.0 18779320.0 18768180.0 18744669.0 18772823.0 18780404.0 18771687.0 18775116.0 18736781.0 18764196.0 18741598.0 18772002.0 18751256.0 18783735.0 18733729.0 18774462.0 18717913.0 18772165.0 18783432.0 18786052.0
159 19041705.0 19050766.0 19046577.0 19000476.0 19037895.0 18998813.0 19039637.0 18967626.0 19026935.0 18968867.0 18955092.0 19005883.0 19020211.0 19035608.0 19021556.0 19001777.0 19029588.0 19038875.0 19029092.0 19033338.0 18994500.0 19022684.0 18999541.0 19031118.0 19009848.0 19043204.0 18990976.0 19034338.0 18973705.0 19030572.0 19040985.0 19044135.0
162 19263722.0 19272409.0 19269520.0 19223516.0 19261530.0 19221729.0 19264133.0 19190188.0 19252081.0 19190885.0 19179211.0 19229897.0 19244015.0 19259812.0 19244782.0 19226609.0 19254938.0 19264674.0 19255590.0 19257253.0 19218591.0 19246955.0 19225221.0 19255839.0 19235931.0 19268491.0 19215993.0 19259912.0 19197663.0 19254424.0 19264910.0 19269048.0
165 19336172.0 19346740.0 19345869.0 19300299.0 19339694.0 19297043.0 19343347.0 19262927.0 19331776.0 19265714.0 19257129.0 19308162.0 19323057.0 19339010.0 19323965.0 19302945.0 19335057.0 19345194.0 19336094.0 19337897.0 19297554.0 19326523.0 19303489.0 19335648.0 19315444.0 19349489.0 19293747.0 19340721.0 19275224.0 19335420.0 19344628.0 19348130.0
168 19490615.0 19497899.0 19500156.0 19426531.0 19494502.0 19417491.0 19499517.0 19381400.0 19486587.0 19380051.0 19403787.0 19457652.0 19477398.0 19494194.0 19478751.0 19445697.0 19491619.0 19502843.0 19492425.0 19494532.0 19432451.0 19480329.0 19447125.0 19491410.0 19466737.0 19505051.0 19433642.0 19495629.0 19426517.0 19489846.0 19498133.0 19503600.0
171 19393216.0 19390028.0 19390178.0 19242819.0 19393509.0 19233237.0 19396347.0 19178325.0 19373214.0 19183634.0 19279139.0 19313813.0 19359299.0 19381556.0 19367401.0 19293169.0 19387090.0 19407110.0 19389727.0 19395296.0 19266490.0 19369117.0 19294494.0 19386415.0 19337077.0 19403561.0 19267613.0 19394218.0 19273218.0 19386902.0 19392624.0 19403216.0
174 18684930.0 18622783.0 18605303.0 18304440.0 18625439.0 18264508.0 18606982.0 18176111.0 18545793.0 18199986.0 18395783.0 18396956.0 18538504.0 18553462.0 18567304.0 18405037.0 18560851.0 18637181.0 18567333.0 18573637.0 18289211.0 18505822.0 18357624.0 18541200.0 18456545.0 18582328.0 18292809.0 18560951.0 18349183.0 18565253.0 18533450.0 18613507.0
177 9872738.0 9347649.0 9232498.0 8900057.0 9426755.0 8915556.0 9352266.0 8908954.0 9291364.0 8971751.0 9519344.0 9569146.0 9419788.0 9286748.0 9613030.0 9654050.0 9327864.0 9593491.0 9370034.0 9317882.0 8772853.0 9183647.0 9190767.0 9214208.0 9742626.0 9205626.0 8820820.0 9209385.0 9451281.0 9297035.0 8947618.0 9283107.0
180 6892027.0 6568716.0 6511950.0 6493727.0 6746645.0 6585307.0 6673989.0 6571291.0 6620588.0 6618582.0 6921847.0 7232073.0 6730068.0 6594713.0 6904058.0 7339098.0 6633692.0 6899257.0 6706527.0 6630283.0 6325449.0 6531609.0 6797591.0 6531033.0 7471681.0 6512791.0 6433908.0 6551313.0 7153623.0 6568157.0 6208385.0 6556213.0
183 1538586.0 1353591.0 1320825.0 1231658.0 1434296.0 1251720.0 1368714.0 1293589.0 1349248.0 1332932.0 1704427.0 1480975.0 1391669.0 1301486.0 1480004.0 1544847.0 1339284.0 1414944.0 1364822.0 1317024.0 1160124.0 1314114.0 1293862.0 1280292.0 1552992.0 1263402.0 1191218.0 1295917.0 1527440.0 1309035.0 1175694.0 1330735.0
186 518932.0 421428.0 402408.0 424449.0 468322.0 420402.0 410632.0 493854.0 420044.0 506158.0 751660.0 465111.0 439962.0 377241.0 461195.0 469291.0 413515.0 402257.0 413366.0 405315.0 402915.0 415308.0 400360.0 378953.0 446328.0 358281.0 399593.0 388413.0 510509.0 386133.0 369382.0 414126.0
189 452701.0 378751.0 365264.0 386330.0 401581.0 377085.0 353981.0 462734.0 369144.0 458738.0 668323.0 371967.0 385818.0 332767.0 381767.0 363904.0 367822.0 335979.0 361478.0 356895.0 380309.0 368846.0 354274.0 340260.0 341620.0 312961.0 378170.0 338985.0 422331.0 346528.0 346049.0 367826.0
192 446893.0 375694.0 361167.0 381985.0 394065.0 372137.0 348762.0 459075.0 363168.0 453419.0 666763.0 359073.0 381775.0 329730.0 373106.0 349119.0 366430.0 329888.0 355504.0 353027.0 379015.0 363106.0 349968.0 335815.0 321730.0 308297.0 375362.0 333007.0 419568.0 343038.0 344763.0 362584.0
195 439491.0 376100.0 362718.0 384064.0 395594.0 372477.0 349764.0 461253.0 365260.0 456660.0 656700.0 361259.0 383825.0 331457.0 373852.0 350030.0 366758.0 331440.0 358863.0 354505.0 380180.0 365594.0 351777.0 337680.0 323007.0 309590.0 376778.0 333809.0 414595.0 344331.0 345430.0 364106.0
198 447774.0 376140.0 363725.0 384906.0 395892.0 373229.0 349657.0 465231.0 365133.0 454975.0 673068.0 360495.0 384197.0 330275.0 373277.0 350361.0 368430.0 331510.0 358579.0 354622.0 379405.0 364427.0 350567.0 338662.0 324162.0 311382.0 376084.0 334846.0 412043.0 343968.0 344740.0 363611.0
201 441405.0 377252.0 362536.0 383584.0 396880.0 373470.0 349696.0 466151.0 365186.0 457728.0 658086.0 360946.0 383258.0 329517.0 374582.0 349893.0 367609.0 331234.0 358112.0 354699.0 379944.0 365673.0 351809.0 338359.0 322890.0 308856.0 375439.0 335334.0 411588.0 344835.0 345290.0 363830.0
204 441856.0 377178.0 362896.0 383690.0 397043.0 372665.0 349738.0 465647.0 365936.0 455744.0 665596.0 360892.0 382588.0 331418.0 374868.0 350025.0 367188.0 331618.0 357112.0 356875.0 378270.0 365280.0 351020.0 339155.0 321532.0 310079.0 376340.0 335090.0 409967.0 344459.0 344195.0 363697.0
207 440840.0 377107.0 362774.0 384234.0 396230.0 372909.0 349179.0 465111.0 364502.0 455716.0 668735.0 361044.0 386094.0 330075.0 373792.0 349511.0 367784.0 330502.0 357937.0 355658.0 378532.0 364743.0 350199.0 339160.0 321973.0 309392.0 375567.0 334578.0 404463.0 344816.0 345301.0 361833.0
210 430413.0 377534.0 362366.0 383556.0 395712.0 372717.0 349386.0 469510.0 364711.0 454925.0 663877.0 361127.0 383304.0 332040.0 373937.0 350177.0 365556.0 329365.0 356242.0 355654.0 377832.0 364052.0 350215.0 337722.0 322330.0 309026.0 374821.0 334314.0 407081.0 343646.0 344093.0 362139.0
213 429377.0 375006.0 360750.0 382071.0 391829.0 370009.0 346961.0 465852.0 362812.0 457351.0 650763.0 356695.0 382310.0 328988.0 374136.0 347320.0 363853.0 328743.0 355501.0 352040.0 376615.0 363285.0 347773.0 336546.0 320200.0 306339.0 372834.0 331473.0 417222.0 342046.0 343339.0 360623.0
216 428440.0 371982.0 359258.0 378564.0 391214.0 369642.0 346159.0 461776.0 361629.0 451109.0 698385.0 355674.0 380994.0 327930.0 371629.0 347044.0 361693.0 327372.0 353356.0 350518.0 375127.0 361644.0 347323.0 334540.0 318314.0 307017.0 370647.0 331225.0 405065.0 340815.0 341160.0 359882.0
219 442082.0 371806.0 358160.0 380111.0 390591.0 368720.0 345324.0 461587.0 360471.0 451156.0 660432.0 355168.0 378697.0 327433.0 371040.0 346323.0 362736.0 327525.0 354713.0 351314.0 375235.0 361223.0 347667.0 335452.0 318535.0 306239.0 372664.0 331460.0 420971.0 339945.0 339473.0 358489.0
222 441571.0 370133.0 358219.0 378996.0 389288.0 368024.0 343588.0 459952.0 360426.0 450962.0 648790.0 355639.0 378776.0 326491.0 371841.0 344708.0 362127.0 326169.0 353773.0 350693.0 374048.0 361238.0 345957.0 333990.0 317597.0 306305.0 370448.0 329529.0 415337.0 339497.0 340347.0 359175.0
225 440497.0 369137.0 356440.0 378213.0 389062.0 367155.0 344185.0 455373.0 359307.0 448871.0 656843.0 353768.0 376683.0 326017.0 369186.0 343856.0 359762.0 323124.0 351254.0 350728.0 372966.0 358766.0 344008.0 332438.0 316776.0 304653.0 367772.0 329942.0 420634.0 338535.0 338540.0 356471.0
228 436350.0 367902.0 354114.0 374958.0 386451.0 364097.0 341283.0 453047.0 355829.0 448161.0 645820.0 352331.0 375524.0 323883.0 367669.0 341694.0 356532.0 321725.0 348064.0 347465.0 369739.0 355906.0 342869.0 330891.0 314681.0 303354.0 365879.0 327673.0 405925.0 336677.0 337249.0 355009.0
231 427753.0 367799.0 353227.0 375438.0 384787.0 364637.0 339817.0 454620.0 354920.0 445801.0 651865.0 350884.0 374802.0 322767.0 368409.0 341464.0 356163.0 321082.0 348506.0 347001.0 367500.0 355059.0 341428.0 330377.0 314532.0 301714.0 364300.0 326443.0 416527.0 336342.0 335326.0 352876.0
234 426674.0 365028.0 352893.0 373059.0 382744.0 363148.0 338982.0 447375.0 354702.0 442758.0 636294.0 350144.0 372548.0 321159.0 365387.0 340562.0 355358.0 318443.0 347494.0 345973.0 366337.0 354500.0 340282.0 326927.0 314043.0 300965.0 362679.0 327591.0 415791.0 334257.0 334366.0 352934.0
237 423406.0 362066.0 350459.0 372132.0 379765.0 359919.0 336416.0 447313.0 352050.0 441116.0 623253.0 347049.0 370515.0 319586.0 362104.0 337296.0 351545.0 315370.0 343612.0 341874.0 364298.0 351492.0 338241.0 326329.0 311451.0 298650.0 359977.0 324353.0 412592.0 331504.0 332555.0 349361.0
240 420410.0 360312.0 348716.0 367531.0 376677.0 357961.0 334449.0 440747.0 350231.0 440349.0 619041.0 343918.0 368261.0 316903.0 362098.0 337191.0 347604.0 310380.0 339843.0 337759.0 359760.0 348711.0 334365.0 325077.0 309243.0 295396.0 355659.0 321981.0 401932.0 330605.0 328521.0 345019.0
243 416904.0 359582.0 345868.0 366129.0 372267.0 354672.0 328212.0 430833.0 347241.0 432567.0 625280.0 340296.0 366692.0 316047.0 360211.0 334825.0 336791.0 289501.0 330816.0 330540.0 351311.0 347931.0 326917.0 319364.0 307517.0 290032.0 345051.0 316936.0 396995.0 325239.0 324319.0 331638.0
246 410952.0 357379.0 338995.0 361511.0 354515.0 349056.0 313941.0 397881.0 338398.0 427805.0 614109.0 325586.0 364757.0 310092.0 356655.0 331671.0 298625.0 230698.0 298509.0 307077.0 314939.0 342322.0 301955.0 302659.0 300965.0 270371.0 307896.0 299474.0 384291.0 312644.0 303657.0 291941.0
249 390061.0 348066.0 314691.0 345557.0 304035.0 330786.0 268679.0 331290.0 309848.0 405884.0 602505.0 283240.0 354440.0 290106.0 349945.0 322154.0 224011.0 144443.0 227865.0 251131.0 242640.0 324900.0 243567.0 260512.0 274268.0 220573.0 233687.0 257926.0 367783.0 274259.0 255667.0 220255.0
252 323660.0 312380.0 240825.0 289223.0 199244.0 270060.0 175501.0 211136.0 235093.0 339479.0 536688.0 190368.0 318511.0 230914.0 317149.0 285582.0 121247.0 62706.0 125950.0 150337.0 138360.0 271815.0 144107.0 171921.0 208529.0 136479.0 129871.0 170831.0 327343.0 187946.0 166767.0 121743.0
255 212699.0 231441.0 139399.0 187210.0 101196.0 170980.0 84688.0 107579.0 136311.0 227629.0 421829.0 95644.0 239384.0 141138.0 241286.0 211461.0 56458.0 32502.0 56731.0 69132.0 65776.0 184556.0 66256.0 87510.0 119851.0 65959.0 60180.0 86355.0 255224.0 95703.0 84507.0 57009.0
258 54081.0 62582.0 38053.0 46981.0 35173.0 43743.0 30176.0 41480.0 37337.0 58322.0 109974.0 31525.0 67837.0 36823.0 63293.0 59386.0 29538.0 21757.0 28678.0 29220.0 31713.0 49553.0 29812.0 30973.0 32830.0 26188.0 30976.0 30130.0 70129.0 32683.0 32078.0 28749.0
261 41445.0 39176.0 31740.0 35996.0 30245.0 33670.0 26700.0 36445.0 31160.0 43649.0 69752.0 26892.0 41021.0 29108.0 39450.0 36811.0 25854.0 19782.0 24922.0 25826.0 27817.0 35857.0 26049.0 26946.0 27198.0 22871.0 27134.0 25842.0 44175.0 28047.0 27529.0 25158.0
264 35949.0 33500.0 27275.0 31618.0 26584.0 29483.0 22854.0 31643.0 26715.0 38087.0 60801.0 23607.0 34013.0 25871.0 33544.0 30839.0 22833.0 18409.0 21817.0 22741.0 24277.0 30916.0 22367.0 23548.0 23611.0 20018.0 23895.0 22615.0 38238.0 24192.0 23553.0 22494.0
267 30866.0 29180.0 24008.0 27409.0 24067.0 25662.0 20590.0 28535.0 23756.0 33518.0 51580.0 22011.0 29456.0 22598.0 29131.0 26877.0 21323.0 18068.0 20395.0 21846.0 22156.0 26883.0 20719.0 21655.0 20984.0 18301.0 22172.0 20423.0 30904.0 21348.0 21579.0 21225.0
270 28185.0 25334.0 21847.0 24662.0 22632.0 23498.0 19827.0 26380.0 21852.0 30782.0 46057.0 21088.0 25948.0 20499.0 25954.0 23638.0 20885.0 17578.0 19856.0 20933.0 21488.0 24574.0 20056.0 20534.0 19467.0 17858.0 21429.0 19638.0 28232.0 20673.0 20243.0 20541.0
273 26840.0 23453.0 20849.0 23002.0 22277.0 22398.0 19114.0 26423.0 21010.0 29957.0 42185.0 20517.0 24269.0 19711.0 24150.0 22085.0 20651.0 17672.0 19266.0 20608.0 21266.0 22329.0 19705.0 19880.0 18905.0 17926.0 21417.0 19256.0 25841.0 19989.0 20032.0 20295.0
276 26183.0 22876.0 20413.0 22374.0 21502.0 21157.0 18833.0 25734.0 20785.0 28933.0 40976.0 19784.0 23556.0 19159.0 23588.0 21379.0 20387.0 17340.0 19263.0 20516.0 21077.0 22060.0 19541.0 19608.0 18346.0 17433.0 21221.0 19101.0 24786.0 19774.0 20037.0 20070.0
279 25640.0 21718.0 20321.0 22506.0 21453.0 21304.0 18786.0 25460.0 20215.0 28168.0 40178.0 19988.0 23251.0 19145.0 23290.0 21008.0 20023.0 16991.0 18979.0 20380.0 20654.0 21814.0 18920.0 19293.0 18108.0 17280.0 20813.0 19021.0 24296.0 19472.0 19569.0 20063.0
282 25592.0 21558.0 20189.0 21961.0 21307.0 21277.0 18550.0 25108.0 20265.0 27829.0 39462.0 19773.0 22682.0 19046.0 22773.0 20746.0 20090.0 16904.0 18920.0 20155.0 20306.0 21404.0 18955.0 19406.0 17982.0 17048.0 20227.0 18775.0 24971.0 19325.0 19731.0 19719.0
285 24918.0 21692.0 20171.0 22056.0 21190.0 21079.0 18494.0 25310.0 20021.0 27785.0 40009.0 19585.0 22582.0 18710.0 22832.0 20452.0 19778.0 16686.0 18691.0 19781.0 20220.0 21523.0 18784.0 19029.0 17901.0 16882.0 20605.0 18294.0 24300.0 19259.0 19236.0 19557.0
288 24680.0 21112.0 19760.0 21599.0 20833.0 21105.0 18193.0 24962.0 19901.0 27405.0 39267.0 19314.0 22002.0 18514.0 22087.0 20503.0 19247.0 16418.0 18435.0 19581.0 20151.0 21175.0 18515.0 18668.0 17886.0 16732.0 20278.0 18185.0 24708.0 18921.0 18995.0 19397.0
291 24578.0 21444.0 19428.0 21537.0 20722.0 20860.0 17564.0 24733.0 19570.0 27176.0 38583.0 19043.0 22295.0 18355.0 22103.0 20201.0 19151.0 16022.0 18483.0 19295.0 19916.0 21078.0 18415.0 18709.0 17371.0 16391.0 19821.0 18082.0 23703.0 19068.0 19007.0 19078.0
294 24295.0 20921.0 19699.0 21281.0 20427.0 20226.0 17616.0 24115.0 19251.0 26713.0 37248.0 18869.0 21918.0 18176.0 21924.0 19894.0 18848.0 15855.0 18214.0 19059.0 19360.0 20783.0 18023.0 18385.0 17202.0 16370.0 19733.0 17545.0 24384.0 18489.0 18562.0 18967.0
297 24160.0 21042.0 18944.0 21023.0 19937.0 20072.0 17512.0 23982.0 18968.0 26992.0 37311.0 18359.0 21664.0 17943.0 21856.0 19585.0 18589.0 15669.0 17696.0 18909.0 19015.0 20530.0 18073.0 18424.0 17067.0 16300.0 19262.0 17654.0 22930.0 18483.0 18211.0 18677.0
300 23708.0 20461.0 18899.0 20850.0 20052.0 20120.0 17110.0 23401.0 18836.0 26103.0 36978.0 18234.0 21703.0 17823.0 21460.0 19495.0 18460.0 15353.0 17352.0 18697.0 18682.0 19949.0 17610.0 17714.0 16932.0 15802.0 18958.0 17117.0 22579.0 17928.0 17764.0 18291.0
303 22957.0 20341.0 18343.0 20717.0 19407.0 19701.0 16813.0 23100.0 18730.0 25797.0 36343.0 17780.0 21074.0 17358.0 21221.0 19562.0 18083.0 14970.0 17101.0 18331.0 18484.0 20090.0 17480.0 17452.0 16652.0 15662.0 18942.0 16828.0 22664.0 17643.0 17497.0 17780.0
306 23137.0 19831.0 18126.0 20461.0 19387.0 19648.0 16702.0 22922.0 18396.0 25677.0 35841.0 17856.0 20981.0 17196.0 20956.0 19037.0 18039.0 14935.0 16901.0 18114.0 18069.0 19634.0 17066.0 17393.0 16340.0 15540.0 18370.0 16787.0 22186.0 17414.0 17507.0 17855.0
309 23115.0 19398.0 17908.0 19875.0 18987.0 19122.0 16605.0 21997.0 18060.0 25354.0 34795.0 17492.0 20336.0 16933.0 20591.0 18738.0 17587.0 14440.0 16423.0 17646.0 17919.0 19613.0 16952.0 17228.0 15917.0 15110.0 17900.0 16568.0 22004.0 17312.0 17061.0 17400.0
312 22369.0 19059.0 17581.0 19406.0 18315.0 18596.0 16140.0 21468.0 17849.0 24776.0 34683.0 17167.0 20331.0 16699.0 20214.0 18742.0 17032.0 13942.0 16243.0 17325.0 17397.0 18964.0 16410.0 16935.0 15873.0 14813.0 17530.0 16351.0 21330.0 16762.0 16761.0 17011.0
315 21609.0 19172.0 17346.0 19190.0 18159.0 18631.0 15702.0 21310.0 17456.0 24347.0 34129.0 16512.0 20099.0 16357.0 20060.0 18195.0 16572.0 13265.0 15499.0 16808.0 17083.0 18604.0 15714.0 16712.0 15539.0 14678.0 17408.0 15804.0 20832.0 16498.0 16610.0 16445.0
318 20723.0 18703.0 16791.0 19030.0 17686.0 18093.0 15311.0 20740.0 16789.0 23974.0 32781.0 16313.0 19652.0 16209.0 19662.0 17766.0 15928.0 12135.0 15336.0 16303.0 16437.0 18562.0 15376.0 16219.0 15077.0 14116.0 16484.0 15483.0 20668.0 16178.0 16135.0 15934.0
321 21228.0 18270.0 16400.0 18394.0 17044.0 17756.0 14575.0 19797.0 16337.0 23485.0 31999.0 15496.0 19237.0 15630.0 19246.0 17444.0 14722.0 10266.0 13969.0 15511.0 15320.0 17891.0 14630.0 15439.0 14573.0 13789.0 15091.0 14672.0 20920.0 15431.0 15237.0 14592.0
324 20013.0 17437.0 16146.0 17869.0 15479.0 17202.0 13649.0 18094.0 15862.0 22658.0 30584.0 14638.0 18768.0 15092.0 18468.0 17030.0 12731.0 7863.0 12334.0 14170.0 13741.0 17333.0 13236.0 14316.0 13962.0 12232.0 13642.0 13961.0 20410.0 14691.0 14277.0 12568.0
327 18954.0 17029.0 14951.0 17447.0 13730.0 16308.0 12005.0 16030.0 14651.0 21664.0 30680.0 12789.0 18112.0 14510.0 18317.0 16429.0 10219.0 5154.0 9863.0 11840.0 11587.0 16544.0 10909.0 12950.0 12890.0 10388.0 10875.0 12136.0 19853.0 13546.0 13082.0 10055.0
330 17236.0 16747.0 13492.0 16247.0 11322.0 15235.0 9855.0 13110.0 12963.0 20150.0 28767.0 10457.0 17346.0 13045.0 17789.0 15733.0 7568.0 3112.0 7242.0 9466.0 9079.0 15774.0 8307.0 10637.0 11087.0 8161.0 8384.0 10037.0 19001.0 11310.0 10903.0 7489.0
333 14770.0 15638.0 11139.0 14787.0 8384.0 13328.0 7466.0 10094.0 10753.0 17971.0 26732.0 7845.0 16162.0 11382.0 16393.0 14692.0 4740.0 2049.0 4655.0 6555.0 6145.0 13659.0 5865.0 8289.0 9162.0 6048.0 5498.0 7647.0 17664.0 8847.0 8511.0 5020.0
336 11348.0 13685.0 8454.0 11827.0 5577.0 10879.0 4735.0 6524.0 7793.0 14389.0 22808.0 4968.0 13953.0 8959.0 14563.0 12606.0 3145.0 1588.0 2871.0 3979.0 3863.0 11415.0 3575.0 5350.0 6228.0 3822.0 3377.0 4862.0 15284.0 5965.0 5931.0 3012.0
339 7695.0 10953.0 5663.0 8514.0 3288.0 7591.0 2794.0 4186.0 5186.0 10758.0 17450.0 3025.0 11377.0 6104.0 11549.0 9838.0 2299.0 1459.0 2080.0 2467.0 2709.0 8451.0 2276.0 3311.0 4015.0 2332.0 2386.0 2978.0 11453.0 3642.0 3584.0 2107.0
342 4764.0 7946.0 3468.0 5433.0 2439.0 4857.0 1985.0 2878.0 3206.0 6788.0 12214.0 2092.0 8316.0 3737.0 8227.0 7086.0 1878.0 1344.0 1715.0 2004.0 2069.0 5720.0 1906.0 2326.0 2514.0 1832.0 1980.0 2129.0 8604.0 2490.0 2483.0 1925.0
345 3360.0 5285.0 2441.0 3681.0 2035.0 3222.0 1762.0 2563.0 2328.0 4609.0 8008.0 1824.0 5720.0 2536.0 5435.0 4822.0 1726.0 1321.0 1660.0 1782.0 1818.0 3740.0 1794.0 1907.0 1960.0 1655.0 1917.0 1862.0 5722.0 2057.0 2036.0 1710.0
348 2611.0 3376.0 2016.0 2668.0 1879.0 2378.0 1516.0 2278.0 1895.0 3311.0 5293.0 1703.0 3624.0 2025.0 3444.0 3149.0 1715.0 1261.0 1492.0 1727.0 1729.0 2702.0 1608.0 1720.0 1711.0 1445.0 1769.0 1627.0 3573.0 1799.0 1791.0 1689.0
351 2242.0 2497.0 1755.0 2186.0 1660.0 2039.0 1378.0 2141.0 1738.0 2847.0 4180.0 1624.0 2704.0 1790.0 2577.0 2339.0 1613.0 1242.0 1444.0 1651.0 1709.0 2261.0 1485.0 1662.0 1521.0 1419.0 1636.0 1495.0 2651.0 1661.0 1579.0 1514.0
354 2102.0 2235.0 1657.0 1954.0 1630.0 1897.0 1417.0 1949.0 1567.0 2494.0 3690.0 1554.0 2218.0 1700.0 2313.0 2041.0 1426.0 1197.0 1479.0 1592.0 1537.0 1987.0 1508.0 1611.0 1469.0 1328.0 1597.0 1447.0 2363.0 1591.0 1617.0 1534.0
357 2035.0 1876.0 1639.0 1840.0 1596.0 1747.0 1425.0 1969.0 1618.0 2341.0 3365.0 1470.0 2050.0 1504.0 2064.0 1821.0 1511.0 1211.0 1373.0 1562.0 1516.0 1868.0 1368.0 1497.0 1431.0 1321.0 1565.0 1411.0 2108.0 1487.0 1535.0 1449.0
