100 1.0 0.0 1.0 0.0 1.0 0.0 1.0 0.0 1.0 0.0 0.0 0.0 1.0 1.0 0.0 0.0 0.0 0.0 0.0 0.0 0.0 0.0 0.0 1.0 0.0 0.0 0.0 1.0 0.0 0.0 0.0 0.0
105 0.0 0.0 0.0 0.0 0.0 1.0 1.0 0.0 0.0 1.0 0.0 0.0 0.0 0.0 0.0 0.0 0.0 0.0 0.0 0.0 0.0 0.0 0.0 0.0 0.0 0.0 0.0 0.0 0.0 0.0 0.0 1.0
110 0.0 1.0 1.0 1.0 1.0 0.0 0.0 0.0 2.0 1.0 2.0 0.0 0.0 0.0 0.0 2.0 1.0 1.0 1.0 1.0 0.0 0.0 1.0 2.0 1.0 1.0 0.0 0.0 0.0 0.0 0.0 1.0
115 4.0 1.0 4.0 2.0 1.0 7.0 2.0 1.0 3.0 0.0 1.0 3.0 0.0 3.0 1.0 1.0 2.0 3.0 3.0 4.0 0.0 1.0 5.0 1.0 2.0 0.0 0.0 6.0 1.0 3.0 3.0 1.0
120 14.0 3.0 9.0 11.0 12.0 5.0 2.0 2.0 12.0 3.0 10.0 6.0 1.0 2.0 1.0 2.0 4.0 7.0 4.0 6.0 7.0 6.0 5.0 5.0 4.0 1.0 3.0 5.0 1.0 0.0 5.0 6.0
125 79.0 22.0 30.0 52.0 27.0 23.0 8.0 18.0 89.0 17.0 21.0 61.0 6.0 31.0 4.0 2.0 11.0 2.0 13.0 17.0 4.0 3.0 20.0 31.0 13.0 5.0 24.0 30.0 4.0 5.0 4.0 11.0
130 109.0 88.0 116.0 145.0 118.0 82.0 37.0 81.0 187.0 54.0 95.0 115.0 56.0 100.0 46.0 30.0 99.0 40.0 69.0 80.0 37.0 45.0 109.0 117.0 74.0 19.0 125.0 131.0 65.0 64.0 63.0 73.0
135 377.0 208.0 266.0 344.0 265.0 179.0 127.0 190.0 455.0 208.0 224.0 369.0 170.0 215.0 169.0 119.0 243.0 128.0 218.0 238.0 120.0 144.0 208.0 280.0 183.0 90.0 267.0 269.0 179.0 158.0 161.0 192.0
140 2361.0 1070.0 1745.0 2210.0 1761.0 1286.0 520.0 1332.0 3161.0 1304.0 1524.0 2315.0 724.0 1238.0 646.0 462.0 1542.0 469.0 1106.0 1516.0 471.0 648.0 1160.0 1771.0 822.0 349.0 1531.0 1639.0 783.0 767.0 658.0 1137.0
145 6635.0 4843.0 6018.0 7217.0 5732.0 5265.0 3810.0 5404.0 7810.0 5892.0 5980.0 7011.0 4394.0 5237.0 4246.0 3815.0 6354.0 3424.0 5062.0 5649.0 3709.0 4192.0 5285.0 5907.0 4453.0 3310.0 6627.0 6595.0 5079.0 4661.0 4528.0 5170.0
150 23663.0 14261.0 18319.0 20991.0 17160.0 15143.0 11907.0 16449.0 24321.0 18591.0 16864.0 21544.0 12987.0 14394.0 12832.0 11687.0 20415.0 10322.0 14932.0 17038.0 11189.0 12103.0 14596.0 17635.0 12427.0 10773.0 18683.0 19855.0 14748.0 13150.0 13692.0 16538.0
155 18480636.0 18465553.0 18465589.0 18450573.0 18465443.0 18453154.0 18466257.0 18456812.0 18458708.0 18457306.0 18463648.0 18453213.0 18466664.0 18462964.0 18463821.0 18457699.0 18466023.0 18463575.0 18464174.0 18461877.0 18457538.0 18464069.0 18447664.0 18460776.0 18452500.0 18463480.0 18446885.0 18462618.0 18453261.0 18462717.0 18467834.0 18475897.0
160 19481519.0 19477531.0 19477688.0 19468864.0 19477768.0 19469602.0 19476544.0 19470496.0 19474726.0 19470594.0 19475440.0 19469378.0 19476837.0 19475804.0 19475309.0 19470666.0 19476548.0 19475565.0 19476137.0 19474019.0 19470784.0 19474984.0 19468016.0 19474554.0 19469627.0 19475116.0 19468138.0 19475801.0 19470065.0 19475293.0 19477711.0 19477636.0
165 19834328.0 19831919.0 19831914.0 19823943.0 19831569.0 19824935.0 19830947.0 19826236.0 19828883.0 19826325.0 19830113.0 19824664.0 19831181.0 19829916.0 19829909.0 19826634.0 19831103.0 19830037.0 19830288.0 19828814.0 19826723.0 19829546.0 19823567.0 19829000.0 19825371.0 19829760.0 19823655.0 19829705.0 19825695.0 19829694.0 19831299.0 19830784.0
170 19970861.0 19970356.0 19970520.0 19967366.0 19970480.0 19967430.0 19969516.0 19967647.0 19969739.0 19967829.0 19969596.0 19967389.0 19970367.0 19969300.0 19969458.0 19967731.0 19969768.0 19969222.0 19969385.0 19968647.0 19967343.0 19968702.0 19965980.0 19969012.0 19966803.0 19968748.0 19966048.0 19968839.0 19966902.0 19968866.0 19969269.0 19968971.0
175 19774465.0 19771692.0 19767118.0 19751354.0 19770388.0 19748132.0 19763483.0 19744624.0 19761851.0 19743625.0 19760344.0 19749826.0 19765319.0 19760105.0 19760593.0 19756661.0 19758244.0 19760573.0 19759640.0 19754958.0 19751583.0 19754939.0 19746756.0 19753080.0 19748676.0 19752681.0 19744265.0 19752826.0 19744324.0 19753088.0 19754365.0 19753386.0
180 9742809.0 10040975.0 9733027.0 9915032.0 10032462.0 9871766.0 9874659.0 9672406.0 9924875.0 9527540.0 9911954.0 9897829.0 9957090.0 10015562.0 10090406.0 10250046.0 9748114.0 10216813.0 10040317.0 9901575.0 10144754.0 9949230.0 10239111.0 9727326.0 10215114.0 9699073.0 9951344.0 9820815.0 9773034.0 9914873.0 9895076.0 9746222.0
185 4601949.0 4847767.0 4609721.0 4917428.0 4847512.0 4909832.0 4716462.0 4762848.0 4773883.0 4644624.0 4752713.0 4930796.0 4735765.0 4840173.0 4888511.0 5189563.0 4609009.0 4971852.0 4832177.0 4748852.0 5138896.0 4792155.0 5254601.0 4601608.0 5214121.0 4566461.0 5029755.0 4675664.0 4859950.0 4737728.0 4703541.0 4579726.0
190 124288.0 139580.0 140200.0 157778.0 139292.0 126821.0 121358.0 120102.0 145733.0 126765.0 137950.0 140517.0 123039.0 124242.0 131044.0 125484.0 134159.0 122375.0 132816.0 126897.0 119413.0 120926.0 143059.0 127849.0 127478.0 116307.0 157496.0 145920.0 131727.0 133811.0 136042.0 120874.0
195 123046.0 137139.0 139657.0 158446.0 134608.0 124934.0 120090.0 118618.0 143148.0 126179.0 136166.0 138704.0 121238.0 121212.0 128850.0 121272.0 133393.0 115697.0 128849.0 123122.0 113354.0 117171.0 136134.0 125467.0 119428.0 114099.0 154356.0 143716.0 128448.0 129393.0 131376.0 118978.0
200 121718.0 135963.0 139504.0 158451.0 134405.0 125044.0 119958.0 119139.0 143379.0 125826.0 137108.0 138467.0 121354.0 120618.0 128261.0 120753.0 132178.0 115879.0 128377.0 123189.0 113406.0 116479.0 136231.0 125424.0 119401.0 113804.0 153527.0 144054.0 128091.0 129509.0 131240.0 118391.0
205 121969.0 135640.0 138522.0 156914.0 134768.0 124300.0 116356.0 117484.0 142620.0 123295.0 135027.0 136779.0 119172.0 120067.0 126029.0 118247.0 131032.0 114729.0 127024.0 121641.0 110289.0 114168.0 135262.0 125325.0 117869.0 106918.0 152290.0 142891.0 126029.0 126939.0 127896.0 115142.0
210 118436.0 126551.0 132086.0 152593.0 130902.0 117439.0 88289.0 100023.0 141277.0 95887.0 124394.0 132577.0 102515.0 115217.0 103904.0 89915.0 111922.0 103290.0 116252.0 115708.0 87714.0 99140.0 131502.0 118088.0 110143.0 64448.0 144598.0 133921.0 102245.0 107844.0 97538.0 90828.0
215 79413.0 68829.0 75976.0 102641.0 93577.0 59544.0 18076.0 31917.0 120771.0 21537.0 52406.0 81921.0 30184.0 70938.0 30035.0 20198.0 34800.0 41915.0 54724.0 63108.0 21482.0 32724.0 86745.0 65287.0 57030.0 10458.0 79804.0 67268.0 27225.0 36701.0 23801.0 27550.0
220 14116.0 9405.0 11256.0 15871.0 20767.0 8063.0 3550.0 4185.0 41608.0 3861.0 6433.0 13401.0 3975.0 10970.0 4352.0 3653.0 4858.0 4968.0 7547.0 9628.0 3424.0 4249.0 15047.0 9205.0 8645.0 2916.0 10584.0 8400.0 4138.0 4751.0 4048.0 3950.0
225 3547.0 3625.0 3818.0 4662.0 4006.0 3336.0 2620.0 2927.0 5196.0 2850.0 3652.0 3980.0 2849.0 3528.0 2951.0 2616.0 3185.0 2732.0 3473.0 3238.0 2573.0 2868.0 4016.0 3575.0 3173.0 2251.0 4064.0 3848.0 3050.0 2981.0 2916.0 2761.0
230 2798.0 2869.0 3018.0 3693.0 3117.0 2629.0 2082.0 2307.0 3865.0 2229.0 2948.0 3275.0 2291.0 2805.0 2301.0 2069.0 2512.0 2212.0 2760.0 2658.0 1900.0 2204.0 3219.0 2836.0 2537.0 1772.0 3366.0 2960.0 2402.0 2426.0 2338.0 2139.0
235 2292.0 2393.0 2657.0 3151.0 2540.0 2203.0 1906.0 1992.0 3186.0 2031.0 2411.0 2687.0 1977.0 2260.0 2119.0 1816.0 2306.0 1908.0 2318.0 2253.0 1652.0 1866.0 2609.0 2399.0 2104.0 1599.0 2841.0 2528.0 2072.0 2189.0 2083.0 1872.0
240 2286.0 2259.0 2446.0 3053.0 2369.0 2121.0 1840.0 1944.0 2804.0 1925.0 2493.0 2474.0 1885.0 2149.0 1978.0 1763.0 2195.0 1792.0 2238.0 2190.0 1654.0 1826.0 2529.0 2268.0 2056.0 1678.0 2650.0 2366.0 2107.0 2032.0 1973.0 1874.0
245 2154.0 2159.0 2431.0 2802.0 2289.0 2078.0 1671.0 1884.0 2741.0 1955.0 2336.0 2368.0 1861.0 2070.0 1872.0 1642.0 2077.0 1709.0 2156.0 2069.0 1507.0 1702.0 2405.0 2136.0 1912.0 1413.0 2570.0 2271.0 1940.0 1910.0 1923.0 1775.0
250 1907.0 2051.0 2233.0 2717.0 2127.0 2093.0 1427.0 1629.0 2651.0 1733.0 2180.0 2243.0 1605.0 1962.0 1689.0 1339.0 1883.0 1625.0 1976.0 1870.0 1338.0 1544.0 2282.0 2078.0 1794.0 943.0 2297.0 2219.0 1680.0 1742.0 1532.0 1567.0
255 1805.0 1758.0 2066.0 2511.0 1992.0 1616.0 698.0 1201.0 2516.0 924.0 1780.0 2009.0 1107.0 1793.0 1056.0 687.0 1398.0 1194.0 1656.0 1675.0 699.0 1031.0 2130.0 1843.0 1501.0 330.0 2014.0 1882.0 1031.0 1212.0 848.0 993.0
260 1425.0 849.0 1182.0 1699.0 1446.0 791.0 101.0 377.0 2273.0 217.0 748.0 1427.0 264.0 1146.0 252.0 112.0 364.0 346.0 708.0 887.0 122.0 296.0 1258.0 1029.0 694.0 65.0 1053.0 903.0 221.0 327.0 153.0 249.0
265 537.0 162.0 293.0 493.0 535.0 213.0 57.0 83.0 1487.0 72.0 162.0 458.0 73.0 343.0 68.0 57.0 93.0 77.0 191.0 272.0 42.0 76.0 385.0 266.0 187.0 47.0 253.0 212.0 65.0 91.0 70.0 74.0
270 103.0 91.0 93.0 143.0 101.0 75.0 68.0 66.0 492.0 75.0 67.0 120.0 51.0 77.0 56.0 50.0 55.0 52.0 86.0 68.0 48.0 50.0 94.0 86.0 73.0 34.0 85.0 76.0 62.0 59.0 49.0 53.0
275 72.0 71.0 65.0 78.0 85.0 49.0 41.0 54.0 142.0 52.0 63.0 81.0 46.0 62.0 40.0 53.0 60.0 44.0 61.0 66.0 35.0 44.0 76.0 80.0 34.0 37.0 67.0 61.0 51.0 43.0 40.0 56.0
280 73.0 56.0 51.0 71.0 51.0 63.0 42.0 55.0 99.0 59.0 64.0 53.0 44.0 81.0 36.0 42.0 51.0 40.0 56.0 46.0 50.0 25.0 66.0 63.0 44.0 34.0 85.0 52.0 54.0 50.0 39.0 50.0
285 54.0 49.0 58.0 75.0 61.0 45.0 34.0 49.0 83.0 40.0 47.0 51.0 31.0 48.0 44.0 34.0 62.0 41.0 61.0 60.0 30.0 37.0 56.0 52.0 46.0 33.0 57.0 54.0 32.0 43.0 44.0 50.0
290 49.0 47.0 53.0 79.0 55.0 52.0 26.0 36.0 71.0 41.0 49.0 62.0 43.0 44.0 48.0 28.0 49.0 27.0 58.0 45.0 23.0 37.0 64.0 59.0 40.0 15.0 56.0 66.0 39.0 36.0 33.0 33.0
295 42.0 37.0 40.0 69.0 49.0 43.0 15.0 25.0 70.0 28.0 58.0 45.0 30.0 43.0 22.0 21.0 31.0 22.0 40.0 40.0 14.0 19.0 52.0 52.0 37.0 5.0 59.0 48.0 37.0 32.0 20.0 28.0
300 51.0 29.0 37.0 67.0 51.0 35.0 13.0 14.0 70.0 11.0 36.0 38.0 12.0 23.0 18.0 10.0 17.0 17.0 21.0 37.0 8.0 12.0 43.0 43.0 25.0 2.0 36.0 34.0 14.0 17.0 11.0 8.0
305 34.0 19.0 22.0 38.0 33.0 16.0 3.0 6.0 57.0 7.0 9.0 26.0 3.0 29.0 4.0 4.0 9.0 5.0 13.0 13.0 2.0 3.0 38.0 12.0 16.0 1.0 14.0 22.0 1.0 6.0 1.0 8.0
310 13.0 8.0 7.0 18.0 15.0 8.0 1.0 5.0 43.0 1.0 4.0 13.0 6.0 14.0 2.0 1.0 4.0 1.0 4.0 6.0 1.0 1.0 12.0 12.0 4.0 0.0 10.0 6.0 1.0 2.0 1.0 0.0
315 7.0 3.0 3.0 5.0 7.0 3.0 1.0 0.0 19.0 2.0 5.0 5.0 1.0 2.0 1.0 1.0 0.0 1.0 3.0 3.0 3.0 0.0 1.0 3.0 0.0 0.0 8.0 0.0 0.0 1.0 1.0 3.0
320 4.0 3.0 0.0 1.0 1.0 1.0 0.0 1.0 6.0 2.0 1.0 2.0 3.0 0.0 1.0 2.0 1.0 0.0 1.0 2.0 0.0 1.0 1.0 2.0 2.0 0.0 2.0 5.0 1.0 3.0 0.0 1.0
325 4.0 1.0 0.0 1.0 0.0 1.0 1.0 1.0 2.0 1.0 0.0 2.0 2.0 0.0 0.0 0.0 3.0 0.0 2.0 1.0 0.0 0.0 2.0 1.0 3.0 0.0 0.0 1.0 2.0 1.0 1.0 1.0
330 0.0 2.0 1.0 1.0 2.0 0.0 1.0 0.0 3.0 2.0 1.0 2.0 0.0 2.0 2.0 2.0 1.0 2.0 0.0 1.0 1.0 6.0 4.0 2.0 1.0 0.0 1.0 2.0 0.0 1.0 1.0 2.0
335 2.0 0.0 5.0 0.0 2.0 1.0 2.0 2.0 2.0 1.0 2.0 1.0 0.0 3.0 0.0 2.0 2.0 0.0 2.0 1.0 1.0 2.0 1.0 1.0 1.0 0.0 2.0 0.0 1.0 2.0 0.0 0.0
340 0.0 0.0 2.0 2.0 1.0 2.0 0.0 2.0 4.0 1.0 1.0 3.0 0.0 2.0 1.0 0.0 2.0 0.0 1.0 3.0 1.0 1.0 1.0 1.0 1.0 0.0 3.0 3.0 0.0 2.0 0.0 0.0
345 2.0 0.0 0.0 1.0 0.0 1.0 0.0 0.0 2.0 0.0 0.0 1.0 0.0 0.0 0.0 1.0 0.0 1.0 1.0 0.0 1.0 0.0 1.0 1.0 0.0 0.0 1.0 1.0 1.0 0.0 0.0 1.0
350 0.0 1.0 0.0 1.0 2.0 0.0 0.0 1.0 0.0 0.0 0.0 1.0 0.0 0.0 1.0 0.0 1.0 1.0 1.0 1.0 0.0 0.0 1.0 0.0 1.0 0.0 1.0 0.0 1.0 1.0 0.0 0.0
355 0.0 0.0 0.0 1.0 0.0 0.0 1.0 0.0 0.0 0.0 0.0 0.0 0.0 0.0 0.0 0.0 0.0 0.0 0.0 1.0 0.0 0.0 0.0 0.0 1.0 0.0 0.0 0.0 0.0 0.0 0.0 0.0
360 1.0 0.0 1.0 0.0 1.0 0.0 0.0 0.0 0.0 0.0 1.0 0.0 2.0 0.0 0.0 0.0 1.0 0.0 0.0 0.0 0.0 1.0 0.0 1.0 0.0 0.0 0.0 1.0 0.0 1.0 1.0 0.0
365 2.0 1.0 0.0 0.0 0.0 2.0 0.0 2.0 0.0 0.0 1.0 0.0 0.0 0.0 0.0 1.0 0.0 1.0 0.0 0.0 0.0 0.0 1.0 0.0 0.0 0.0 1.0 1.0 0.0 0.0 0.0 0.0
370 0.0 1.0 0.0 0.0 0.0 1.0 1.0 0.0 0.0 0.0 0.0 1.0 0.0 0.0 1.0 0.0 1.0 1.0 0.0 1.0 0.0 0.0 0.0 0.0 1.0 0.0 0.0 2.0 0.0 0.0 0.0 1.0
375 0.0 1.0 0.0 0.0 1.0 0.0 0.0 0.0 0.0 0.0 1.0 0.0 0.0 0.0 0.0 0.0 1.0 0.0 1.0 0.0 1.0 0.0 0.0 0.0 0.0 0.0 0.0 0.0 0.0 0.0 0.0 1.0
380 0.0 0.0 0.0 0.0 0.0 0.0 0.0 0.0 1.0 1.0 0.0 0.0 0.0 1.0 0.0 1.0 0.0 1.0 0.0 1.0 0.0 0.0 0.0 0.0 0.0 0.0 0.0 0.0 0.0 0.0 0.0 0.0
385 0.0 1.0 0.0 0.0 0.0 0.0 0.0 0.0 0.0 2.0 0.0 1.0 0.0 0.0 0.0 0.0 0.0 0.0 0.0 0.0 1.0 0.0 1.0 0.0 0.0 0.0 1.0 0.0 0.0 0.0 0.0 0.0
390 1.0 0.0 0.0 1.0 0.0 1.0 0.0 0.0 0.0 1.0 0.0 1.0 0.0 1.0 0.0 0.0 0.0 0.0 0.0 0.0 1.0 0.0 1.0 1.0 0.0 0.0 0.0 0.0 1.0 0.0 0.0 0.0
395 0.0 1.0 0.0 0.0 1.0 0.0 0.0 0.0 0.0 2.0 1.0 0.0 0.0 0.0 0.0 0.0 1.0 1.0 1.0 0.0 0.0 0.0 0.0 0.0 0.0 0.0 0.0 0.0 0.0 0.0 0.0 0.0
400 1.0 0.0 0.0 0.0 0.0 0.0 0.0 0.0 0.0 0.0 0.0 0.0 0.0 1.0 0.0 0.0 0.0 0.0 1.0 0.0 1.0 0.0 0.0 0.0 0.0 0.0 0.0 0.0 0.0 0.0 0.0 0.0
405 0.0 0.0 0.0 0.0 0.0 1.0 0.0 0.0 0.0 0.0 0.0 0.0 0.0 0.0 0.0 0.0 1.0 1.0 0.0 0.0 0.0 1.0 0.0 1.0 0.0 1.0 0.0 0.0 0.0 1.0 1.0 0.0
410 0.0 1.0 0.0 0.0 0.0 1.0 0.0 0.0 0.0 1.0 0.0 1.0 1.0 0.0 0.0 1.0 1.0 0.0 1.0 1.0 1.0 0.0 1.0 0.0 0.0 0.0 1.0 1.0 0.0 1.0 0.0 0.0
415 0.0 0.0 0.0 0.0 1.0 1.0 1.0 0.0 0.0 1.0 2.0 0.0 1.0 0.0 1.0 1.0 2.0 0.0 0.0 0.0 1.0 0.0 0.0 1.0 0.0 0.0 0.0 1.0 1.0 0.0 0.0 0.0
420 0.0 0.0 0.0 1.0 0.0 0.0 0.0 0.0 0.0 0.0 0.0 0.0 0.0 0.0 0.0 0.0 0.0 0.0 0.0 0.0 0.0 0.0 0.0 0.0 0.0 0.0 0.0 1.0 0.0 0.0 0.0 0.0
425 1.0 0.0 0.0 0.0 0.0 0.0 0.0 0.0 0.0 0.0 0.0 0.0 0.0 0.0 0.0 0.0 0.0 0.0 0.0 0.0 0.0 0.0 0.0 1.0 0.0 0.0 0.0 0.0 1.0 0.0 0.0 0.0
430 0.0 0.0 0.0 0.0 0.0 0.0 0.0 0.0 0.0 1.0 0.0 0.0 0.0 0.0 0.0 1.0 0.0 0.0 0.0 0.0 0.0 0.0 0.0 0.0 0.0 0.0 0.0 0.0 1.0 0.0 0.0 0.0
435 0.0 0.0 0.0 1.0 0.0 0.0 0.0 0.0 1.0 0.0 0.0 0.0 0.0 0.0 0.0 1.0 1.0 0.0 0.0 0.0 1.0 0.0 0.0 0.0 0.0 0.0 0.0 0.0 0.0 0.0 0.0 1.0
440 1.0 0.0 0.0 0.0 0.0 0.0 0.0 0.0 0.0 0.0 1.0 0.0 0.0 0.0 1.0 0.0 0.0 0.0 0.0 0.0 0.0 0.0 0.0 0.0 0.0 0.0 0.0 1.0 1.0 2.0 0.0 0.0
445 0.0 0.0 0.0 0.0 0.0 0.0 0.0 0.0 0.0 0.0 0.0 0.0 0.0 0.0 1.0 1.0 0.0 0.0 0.0 0.0 0.0 0.0 0.0 0.0 0.0 0.0 0.0 0.0 0.0 0.0 0.0 0.0
450 0.0 0.0 0.0 0.0 0.0 0.0 0.0 0.0 0.0 0.0 0.0 0.0 1.0 3.0 0.0 0.0 1.0 0.0 0.0 0.0 0.0 0.0 0.0 0.0 0.0 0.0 0.0 1.0 0.0 1.0 0.0 0.0
455 0.0 0.0 0.0 0.0 0.0 0.0 0.0 0.0 0.0 2.0 1.0 0.0 0.0 0.0 0.0 1.0 0.0 0.0 0.0 0.0 0.0 0.0 1.0 0.0 0.0 0.0 0.0 0.0 0.0 0.0 0.0 1.0
460 0.0 0.0 0.0 0.0 0.0 0.0 0.0 0.0 0.0 0.0 0.0 0.0 0.0 0.0 1.0 0.0 0.0 0.0 0.0 0.0 0.0 1.0 0.0 0.0 0.0 0.0 1.0 0.0 0.0 0.0 0.0 0.0
465 0.0 0.0 0.0 0.0 0.0 1.0 0.0 1.0 1.0 0.0 0.0 1.0 1.0 0.0 0.0 0.0 0.0 0.0 0.0 0.0 0.0 0.0 0.0 0.0 0.0 0.0 0.0 0.0 0.0 0.0 0.0 0.0
470 0.0 0.0 0.0 0.0 0.0 1.0 0.0 0.0 0.0 0.0 0.0 0.0 0.0 0.0 1.0 0.0 0.0 1.0 0.0 0.0 0.0 1.0 0.0 0.0 0.0 1.0 0.0 0.0 0.0 0.0 0.0 0.0
475 0.0 0.0 0.0 0.0 0.0 0.0 0.0 0.0 0.0 0.0 0.0 0.0 0.0 0.0 0.0 0.0 0.0 0.0 0.0 1.0 1.0 0.0 0.0 2.0 0.0 0.0 2.0 0.0 2.0 0.0 0.0 0.0
480 172.0 155.0 105.0 131.0 151.0 160.0 122.0 113.0 221.0 131.0 163.0 171.0 120.0 167.0 134.0 122.0 150.0 128.0 165.0 158.0 128.0 122.0 163.0 154.0 133.0 85.0 148.0 144.0 123.0 46.0 125.0 131.0
485 0.0 0.0 0.0 0.0 0.0 0.0 1.0 0.0 0.0 0.0 0.0 0.0 0.0 0.0 0.0 0.0 0.0 0.0 0.0 0.0 0.0 0.0 3.0 0.0 2.0 0.0 0.0 1.0 0.0 0.0 0.0 1.0
490 154.0 123.0 85.0 107.0 102.0 130.0 108.0 107.0 148.0 137.0 111.0 140.0 85.0 126.0 89.0 98.0 110.0 81.0 130.0 120.0 90.0 91.0 121.0 121.0 84.0 67.0 120.0 103.0 90.0 33.0 72.0 95.0
495 44.0 41.0 31.0 30.0 37.0 46.0 36.0 36.0 42.0 30.0 35.0 45.0 38.0 51.0 26.0 30.0 37.0 29.0 38.0 44.0 32.0 38.0 36.0 40.0 32.0 26.0 35.0 32.0 34.0 20.0 24.0 43.0
