100 1.0 1.0 0.0 1.0 0.0 1.0 1.0 0.0 1.0 0.0 1.0 0.0 0.0 0.0 0.0 1.0 0.0 1.0 0.0 0.0 0.0 0.0 0.0 0.0 0.0 0.0 0.0 1.0 2.0 2.0 0.0 1.0
105 0.0 0.0 0.0 0.0 0.0 0.0 0.0 1.0 0.0 0.0 1.0 0.0 0.0 0.0 0.0 0.0 0.0 0.0 0.0 0.0 0.0 0.0 0.0 2.0 0.0 0.0 0.0 0.0 0.0 0.0 0.0 0.0
110 1.0 0.0 1.0 0.0 1.0 3.0 2.0 0.0 1.0 0.0 0.0 1.0 0.0 1.0 0.0 0.0 1.0 0.0 0.0 0.0 1.0 5.0 1.0 0.0 0.0 0.0 1.0 0.0 0.0 4.0 3.0 1.0
115 0.0 2.0 1.0 3.0 0.0 8.0 4.0 0.0 2.0 0.0 1.0 4.0 0.0 2.0 2.0 1.0 0.0 1.0 1.0 1.0 1.0 3.0 0.0 1.0 2.0 3.0 0.0 2.0 3.0 4.0 2.0 3.0
120 3.0 5.0 1.0 4.0 2.0 7.0 7.0 1.0 6.0 2.0 4.0 5.0 0.0 10.0 2.0 3.0 3.0 5.0 6.0 2.0 6.0 11.0 2.0 1.0 3.0 4.0 2.0 0.0 3.0 9.0 15.0 13.0
125 5.0 9.0 10.0 15.0 12.0 54.0 39.0 10.0 43.0 7.0 15.0 21.0 0.0 47.0 11.0 18.0 4.0 5.0 18.0 6.0 31.0 72.0 5.0 9.0 3.0 15.0 6.0 6.0 22.0 41.0 59.0 63.0
130 43.0 49.0 60.0 77.0 29.0 124.0 94.0 79.0 110.0 46.0 63.0 100.0 0.0 114.0 57.0 91.0 37.0 43.0 86.0 49.0 99.0 185.0 30.0 63.0 47.0 62.0 19.0 51.0 102.0 122.0 146.0 135.0
135 117.0 108.0 162.0 174.0 102.0 294.0 255.0 150.0 277.0 148.0 164.0 226.0 0.0 279.0 161.0 200.0 93.0 119.0 188.0 118.0 238.0 459.0 125.0 173.0 136.0 156.0 108.0 128.0 229.0 286.0 410.0 319.0
140 695.0 628.0 1227.0 1500.0 429.0 2347.0 1760.0 977.0 1984.0 613.0 1008.0 1680.0 0.0 2287.0 1161.0 1461.0 479.0 565.0 1458.0 562.0 1842.0 2963.0 537.0 974.0 653.0 996.0 401.0 770.0 1719.0 2598.0 2713.0 2446.0
145 3756.0 3162.0 4439.0 4877.0 2936.0 5600.0 4748.0 4318.0 5832.0 4010.0 4647.0 5879.0 0.0 5843.0 4410.0 4734.0 3348.0 3336.0 5092.0 3394.0 5620.0 6869.0 3719.0 4146.0 3581.0 4208.0 3099.0 3875.0 5738.0 6390.0 6635.0 5856.0
150 12257.0 10016.0 13250.0 14743.0 9290.0 17390.0 13624.0 12773.0 15883.0 12020.0 13116.0 17180.0 0.0 17829.0 13406.0 14097.0 11040.0 10139.0 14276.0 9930.0 16691.0 20531.0 10476.0 12277.0 10700.0 13066.0 9535.0 11857.0 16033.0 20679.0 20891.0 19142.0
155 17187017.0 17162207.0 17157934.0 17110209.0 17168719.0 17089410.0 17148655.0 17101626.0 17148095.0 17113692.0 17129089.0 17119587.0 0.0 17178284.0 17174357.0 17118734.0 17170023.0 17141717.0 17189077.0 17129166.0 17107694.0 17134905.0 17087153.0 17115509.0 17090926.0 17128413.0 17069434.0 17108998.0 17081246.0 17127390.0 17115921.0 17136847.0
160 19505013.0 19498196.0 19491326.0 19477455.0 19491703.0 19462902.0 19484012.0 19468344.0 19481559.0 19469572.0 19482450.0 19464158.0 0.0 19490641.0 19493097.0 19464598.0 19492740.0 19487824.0 19496427.0 19487033.0 19463250.0 19481709.0 19464846.0 19483671.0 19464762.0 19485071.0 19463514.0 19482577.0 19459435.0 19484181.0 19482630.0 19487944.0
165 19956693.0 19953519.0 19950791.0 19943335.0 19951607.0 19935781.0 19946223.0 19941559.0 19944832.0 19944389.0 19948173.0 19938264.0 0.0 19949704.0 19952892.0 19938074.0 19953655.0 19951571.0 19953235.0 19950166.0 19937428.0 19944794.0 19939277.0 19948764.0 19939444.0 19950081.0 19938505.0 19948610.0 19934395.0 19947810.0 19947118.0 19948559.0
170 20042584.0 20041712.0 20041371.0 20039273.0 20040898.0 20036684.0 20040217.0 20039260.0 20040242.0 20039679.0 20039671.0 20038453.0 0.0 20040916.0 20041371.0 20037403.0 20040781.0 20039508.0 20041411.0 20038860.0 20035890.0 20037966.0 20035858.0 20038198.0 20036003.0 20038552.0 20035612.0 20037877.0 20034055.0 20038161.0 20038154.0 20038272.0
175 20239084.0 20236247.0 20140636.0 19713944.0 20156833.0 19615092.0 20068502.0 19637137.0 19979976.0 19580444.0 19926717.0 19623889.0 0.0 19984660.0 19956608.0 19726156.0 19939129.0 19888904.0 20012116.0 19918012.0 19610401.0 19891175.0 19623833.0 19850187.0 19634725.0 19860404.0 19632258.0 19863984.0 19562481.0 19834148.0 19876713.0 19934657.0
180 9445639.0 9536565.0 9276723.0 8724503.0 9381983.0 8609316.0 9203583.0 8637404.0 9057505.0 8540176.0 8972859.0 8617143.0 0.0 9087067.0 9013523.0 8793922.0 8979130.0 8945941.0 9132225.0 9063516.0 8587638.0 9001271.0 8678769.0 8920724.0 8638325.0 8924483.0 8715585.0 8985642.0 8537618.0 8897717.0 9026545.0 9147110.0
185 1361312.0 1433929.0 1413544.0 1309793.0 1500536.0 1312326.0 1487722.0 1321936.0 1453773.0 1297590.0 1404712.0 1343727.0 0.0 1481247.0 1425576.0 1442760.0 1371248.0 1397137.0 1483604.0 1481316.0 1335692.0 1449148.0 1424658.0 1374364.0 1371417.0 1363565.0 1489690.0 1450774.0 1365129.0 1407832.0 1473626.0 1493381.0
190 130020.0 117828.0 128062.0 128394.0 131236.0 130417.0 131833.0 135278.0 163287.0 138898.0 148824.0 155617.0 0.0 137034.0 119808.0 127743.0 133703.0 121444.0 139672.0 135485.0 138356.0 145270.0 145089.0 125509.0 127240.0 123442.0 144962.0 127934.0 157327.0 146188.0 149661.0 129811.0
195 129087.0 116890.0 127681.0 127960.0 130268.0 130127.0 131295.0 135086.0 163167.0 139206.0 148242.0 155790.0 0.0 136177.0 119902.0 126861.0 133453.0 121974.0 139091.0 135660.0 137446.0 144787.0 145127.0 125636.0 126888.0 124261.0 143301.0 128157.0 156799.0 145950.0 148855.0 130604.0
200 128576.0 116585.0 127622.0 128561.0 129634.0 131196.0 131387.0 134808.0 162087.0 138165.0 148007.0 155479.0 0.0 136564.0 119521.0 126789.0 132792.0 120857.0 138627.0 134018.0 137472.0 145337.0 144374.0 124621.0 127216.0 123290.0 143263.0 128823.0 157173.0 144960.0 148103.0 129861.0
205 122031.0 114178.0 126559.0 125955.0 126021.0 129003.0 130528.0 133020.0 161822.0 128628.0 143387.0 153162.0 0.0 135645.0 117193.0 125731.0 123123.0 118439.0 137048.0 132659.0 136407.0 144473.0 138878.0 122216.0 124666.0 120499.0 138685.0 126226.0 154084.0 144814.0 147986.0 128938.0
210 70336.0 86076.0 112403.0 108121.0 87963.0 125236.0 127099.0 103614.0 151314.0 68575.0 104757.0 134141.0 0.0 128937.0 96132.0 113601.0 59078.0 86808.0 130241.0 103957.0 123209.0 142064.0 91100.0 98205.0 95030.0 96033.0 98066.0 105321.0 136546.0 138936.0 143009.0 126767.0
215 8778.0 17383.0 39419.0 37288.0 16470.0 80563.0 86003.0 24838.0 86355.0 8905.0 23746.0 48003.0 0.0 77178.0 25206.0 46028.0 6276.0 16096.0 67197.0 22212.0 48505.0 117178.0 13920.0 28264.0 19352.0 24980.0 16895.0 32416.0 50606.0 82874.0 100500.0 101357.0
220 3149.0 3242.0 4382.0 4448.0 3494.0 9552.0 11344.0 4000.0 10633.0 3401.0 4332.0 5614.0 0.0 8832.0 3526.0 4762.0 3347.0 3286.0 6448.0 3872.0 5157.0 28718.0 3875.0 3853.0 3583.0 3725.0 3855.0 4018.0 5733.0 9416.0 16500.0 20339.0
225 2414.0 2275.0 2987.0 3022.0 2608.0 3620.0 3754.0 2947.0 4280.0 2472.0 3120.0 3794.0 0.0 3656.0 2597.0 2901.0 2485.0 2460.0 3601.0 2774.0 3304.0 4723.0 2969.0 2806.0 2720.0 2654.0 2879.0 2770.0 3869.0 3960.0 4344.0 3968.0
230 2143.0 1864.0 2312.0 2503.0 2161.0 2853.0 2930.0 2403.0 3486.0 2210.0 2667.0 2938.0 0.0 2913.0 2037.0 2335.0 2146.0 1966.0 2858.0 2255.0 2705.0 3859.0 2428.0 2252.0 2158.0 2133.0 2292.0 2271.0 3143.0 3167.0 3509.0 3103.0
235 1982.0 1684.0 2227.0 2116.0 2126.0 2519.0 2508.0 2233.0 3021.0 2028.0 2465.0 2638.0 0.0 2410.0 1902.0 2085.0 2013.0 1912.0 2486.0 2286.0 2372.0 3205.0 2383.0 1969.0 2060.0 2060.0 2165.0 2015.0 2829.0 2659.0 2792.0 2457.0
240 1875.0 1687.0 2084.0 2084.0 2008.0 2388.0 2422.0 2152.0 2978.0 2017.0 2296.0 2595.0 0.0 2361.0 1880.0 2042.0 1878.0 1784.0 2519.0 2123.0 2388.0 2965.0 2216.0 1987.0 1983.0 2031.0 2096.0 2033.0 2707.0 2552.0 2773.0 2380.0
245 1795.0 1582.0 2076.0 2059.0 1798.0 2278.0 2402.0 2099.0 2791.0 1873.0 2243.0 2447.0 0.0 2307.0 1678.0 1938.0 1671.0 1687.0 2377.0 2056.0 2232.0 2961.0 2196.0 1887.0 1840.0 1928.0 2006.0 1906.0 2641.0 2512.0 2669.0 2393.0
250 1257.0 1302.0 1883.0 1894.0 1345.0 2128.0 2218.0 1748.0 2674.0 1204.0 1699.0 2259.0 0.0 2211.0 1596.0 1823.0 1052.0 1272.0 2224.0 1662.0 1975.0 2851.0 1505.0 1637.0 1570.0 1639.0 1465.0 1652.0 2410.0 2438.0 2515.0 2183.0
255 437.0 653.0 1415.0 1433.0 538.0 2019.0 2093.0 1055.0 2299.0 339.0 952.0 1766.0 0.0 1918.0 1048.0 1510.0 240.0 641.0 1930.0 872.0 1798.0 2639.0 579.0 1074.0 825.0 1040.0 667.0 1123.0 1895.0 2180.0 2395.0 2112.0
260 87.0 147.0 549.0 576.0 136.0 1476.0 1512.0 281.0 1502.0 81.0 298.0 757.0 0.0 1401.0 324.0 641.0 74.0 152.0 1179.0 190.0 831.0 2354.0 120.0 413.0 184.0 331.0 117.0 352.0 798.0 1571.0 1959.0 1774.0
265 48.0 52.0 92.0 110.0 55.0 498.0 473.0 66.0 456.0 52.0 85.0 144.0 0.0 391.0 68.0 140.0 51.0 58.0 251.0 67.0 162.0 1461.0 71.0 87.0 58.0 82.0 50.0 73.0 145.0 414.0 855.0 967.0
270 35.0 48.0 63.0 71.0 53.0 113.0 120.0 62.0 115.0 45.0 61.0 101.0 0.0 100.0 52.0 55.0 40.0 43.0 88.0 61.0 78.0 425.0 53.0 62.0 52.0 42.0 59.0 66.0 77.0 100.0 219.0 251.0
275 53.0 35.0 54.0 55.0 51.0 71.0 82.0 62.0 97.0 33.0 61.0 71.0 0.0 63.0 40.0 58.0 36.0 43.0 81.0 63.0 65.0 125.0 56.0 50.0 54.0 49.0 46.0 43.0 78.0 109.0 89.0 78.0
280 38.0 29.0 53.0 39.0 31.0 70.0 74.0 45.0 89.0 36.0 58.0 71.0 0.0 61.0 44.0 66.0 35.0 29.0 64.0 53.0 73.0 92.0 60.0 48.0 57.0 53.0 50.0 44.0 67.0 67.0 64.0 63.0
285 39.0 47.0 49.0 41.0 53.0 57.0 58.0 47.0 80.0 33.0 55.0 54.0 0.0 57.0 40.0 53.0 39.0 36.0 53.0 51.0 60.0 81.0 39.0 45.0 37.0 54.0 40.0 42.0 73.0 67.0 77.0 70.0
290 35.0 27.0 52.0 32.0 36.0 69.0 53.0 56.0 61.0 25.0 40.0 48.0 0.0 61.0 33.0 39.0 32.0 25.0 60.0 28.0 48.0 86.0 31.0 39.0 41.0 32.0 37.0 45.0 64.0 58.0 76.0 59.0
295 17.0 17.0 43.0 29.0 12.0 61.0 37.0 37.0 65.0 15.0 19.0 40.0 0.0 55.0 31.0 28.0 15.0 27.0 63.0 25.0 46.0 93.0 19.0 31.0 25.0 36.0 19.0 37.0 39.0 63.0 60.0 51.0
300 6.0 8.0 24.0 27.0 4.0 57.0 53.0 15.0 46.0 0.0 18.0 29.0 0.0 48.0 14.0 32.0 3.0 6.0 35.0 8.0 35.0 75.0 2.0 24.0 12.0 17.0 5.0 16.0 36.0 45.0 59.0 60.0
305 2.0 0.0 7.0 14.0 4.0 36.0 32.0 7.0 38.0 3.0 4.0 16.0 0.0 49.0 6.0 20.0 4.0 1.0 18.0 2.0 19.0 58.0 1.0 5.0 3.0 11.0 2.0 5.0 16.0 33.0 66.0 50.0
310 0.0 0.0 1.0 2.0 2.0 15.0 17.0 2.0 14.0 0.0 2.0 7.0 0.0 11.0 2.0 3.0 0.0 1.0 8.0 1.0 6.0 72.0 0.0 0.0 2.0 4.0 2.0 4.0 7.0 21.0 32.0 33.0
315 0.0 0.0 2.0 3.0 2.0 8.0 8.0 1.0 6.0 0.0 0.0 5.0 0.0 4.0 2.0 5.0 0.0 0.0 3.0 2.0 3.0 23.0 1.0 1.0 1.0 1.0 3.0 0.0 5.0 3.0 16.0 12.0
320 1.0 1.0 2.0 0.0 5.0 4.0 2.0 3.0 4.0 1.0 3.0 0.0 0.0 4.0 1.0 1.0 0.0 3.0 0.0 1.0 2.0 4.0 2.0 2.0 3.0 3.0 1.0 4.0 1.0 1.0 1.0 2.0
325 3.0 1.0 3.0 0.0 0.0 1.0 3.0 1.0 3.0 1.0 4.0 2.0 0.0 0.0 0.0 0.0 0.0 0.0 2.0 0.0 0.0 3.0 1.0 1.0 2.0 1.0 1.0 5.0 1.0 1.0 5.0 3.0
330 0.0 0.0 1.0 1.0 0.0 1.0 1.0 0.0 1.0 1.0 1.0 4.0 0.0 2.0 0.0 2.0 0.0 1.0 2.0 1.0 3.0 2.0 2.0 1.0 0.0 0.0 1.0 2.0 1.0 2.0 2.0 2.0
335 0.0 2.0 2.0 1.0 1.0 3.0 1.0 1.0 2.0 0.0 2.0 1.0 0.0 2.0 1.0 2.0 0.0 0.0 3.0 3.0 2.0 3.0 0.0 1.0 0.0 3.0 0.0 1.0 1.0 3.0 1.0 4.0
340 0.0 2.0 0.0 0.0 0.0 3.0 4.0 0.0 1.0 0.0 0.0 3.0 0.0 3.0 1.0 3.0 0.0 0.0 2.0 0.0 0.0 6.0 1.0 0.0 0.0 0.0 0.0 0.0 1.0 2.0 4.0 0.0
345 0.0 0.0 0.0 0.0 0.0 0.0 2.0 0.0 1.0 0.0 0.0 1.0 0.0 2.0 1.0 2.0 0.0 0.0 4.0 1.0 1.0 1.0 0.0 1.0 0.0 0.0 0.0 1.0 0.0 1.0 2.0 2.0
350 0.0 0.0 1.0 2.0 0.0 4.0 0.0 0.0 1.0 1.0 0.0 0.0 0.0 2.0 0.0 0.0 0.0 0.0 0.0 0.0 0.0 4.0 0.0 0.0 0.0 0.0 0.0 0.0 0.0 1.0 1.0 1.0
355 1.0 0.0 0.0 0.0 0.0 1.0 1.0 0.0 0.0 0.0 0.0 1.0 0.0 2.0 2.0 0.0 0.0 2.0 2.0 1.0 0.0 0.0 0.0 0.0 0.0 0.0 0.0 0.0 0.0 1.0 0.0 0.0
360 0.0 0.0 0.0 1.0 0.0 2.0 0.0 1.0 0.0 0.0 0.0 0.0 0.0 0.0 0.0 0.0 0.0 0.0 0.0 0.0 1.0 2.0 0.0 0.0 0.0 0.0 0.0 0.0 2.0 1.0 0.0 0.0
365 1.0 1.0 1.0 0.0 1.0 0.0 2.0 0.0 0.0 0.0 0.0 0.0 0.0 0.0 0.0 0.0 0.0 0.0 0.0 0.0 0.0 1.0 2.0 1.0 0.0 0.0 1.0 0.0 0.0 0.0 2.0 0.0
370 0.0 0.0 1.0 0.0 1.0 2.0 0.0 0.0 0.0 0.0 0.0 0.0 0.0 1.0 1.0 0.0 0.0 1.0 0.0 1.0 0.0 0.0 0.0 1.0 1.0 0.0 0.0 1.0 0.0 1.0 1.0 0.0
375 0.0 0.0 1.0 1.0 0.0 0.0 0.0 0.0 0.0 0.0 0.0 0.0 0.0 0.0 0.0 0.0 0.0 0.0 1.0 0.0 0.0 0.0 0.0 0.0 1.0 0.0 0.0 0.0 0.0 0.0 0.0 0.0
380 0.0 0.0 0.0 0.0 0.0 0.0 0.0 0.0 0.0 0.0 0.0 0.0 0.0 0.0 1.0 1.0 0.0 0.0 1.0 0.0 0.0 0.0 0.0 0.0 0.0 1.0 0.0 1.0 0.0 0.0 1.0 0.0
385 0.0 0.0 0.0 0.0 1.0 0.0 0.0 0.0 1.0 0.0 0.0 1.0 0.0 3.0 0.0 1.0 0.0 1.0 2.0 1.0 0.0 0.0 0.0 0.0 0.0 0.0 0.0 0.0 0.0 0.0 1.0 0.0
390 2.0 1.0 1.0 0.0 0.0 0.0 0.0 0.0 3.0 0.0 0.0 1.0 0.0 0.0 0.0 1.0 0.0 1.0 0.0 0.0 0.0 1.0 0.0 0.0 0.0 0.0 0.0 0.0 0.0 0.0 0.0 1.0
395 0.0 0.0 0.0 0.0 0.0 0.0 0.0 2.0 1.0 2.0 0.0 1.0 0.0 0.0 2.0 1.0 1.0 1.0 2.0 0.0 1.0 0.0 0.0 0.0 0.0 1.0 1.0 0.0 0.0 0.0 0.0 0.0
400 0.0 0.0 0.0 0.0 0.0 0.0 0.0 0.0 0.0 0.0 0.0 0.0 0.0 0.0 0.0 0.0 0.0 1.0 0.0 0.0 0.0 1.0 0.0 1.0 0.0 1.0 0.0 0.0 0.0 0.0 1.0 1.0
405 1.0 0.0 0.0 0.0 0.0 0.0 0.0 0.0 0.0 0.0 0.0 0.0 0.0 0.0 0.0 0.0 0.0 1.0 0.0 0.0 0.0 0.0 0.0 0.0 1.0 1.0 0.0 1.0 0.0 1.0 1.0 0.0
410 0.0 0.0 0.0 0.0 0.0 0.0 0.0 0.0 0.0 0.0 0.0 1.0 0.0 0.0 0.0 1.0 0.0 0.0 0.0 1.0 0.0 0.0 0.0 1.0 0.0 0.0 0.0 1.0 1.0 0.0 0.0 0.0
415 0.0 0.0 1.0 0.0 0.0 0.0 0.0 0.0 0.0 0.0 0.0 0.0 0.0 0.0 0.0 1.0 0.0 0.0 0.0 1.0 0.0 0.0 1.0 0.0 0.0 0.0 0.0 0.0 0.0 0.0 0.0 0.0
420 0.0 0.0 0.0 0.0 0.0 0.0 0.0 0.0 0.0 0.0 0.0 0.0 0.0 0.0 0.0 0.0 0.0 0.0 0.0 0.0 0.0 0.0 0.0 2.0 0.0 0.0 0.0 0.0 0.0 0.0 0.0 1.0
425 0.0 2.0 0.0 0.0 0.0 0.0 1.0 0.0 1.0 0.0 0.0 0.0 0.0 0.0 0.0 0.0 1.0 0.0 0.0 0.0 0.0 0.0 1.0 0.0 0.0 0.0 0.0 0.0 0.0 0.0 0.0 1.0
430 0.0 0.0 1.0 0.0 0.0 0.0 0.0 0.0 0.0 0.0 0.0 0.0 0.0 1.0 0.0 0.0 0.0 0.0 1.0 0.0 0.0 0.0 0.0 0.0 0.0 0.0 0.0 0.0 0.0 0.0 0.0 0.0
435 0.0 1.0 0.0 0.0 0.0 0.0 0.0 0.0 0.0 0.0 0.0 0.0 0.0 1.0 1.0 1.0 0.0 0.0 1.0 2.0 0.0 0.0 0.0 0.0 0.0 0.0 0.0 0.0 0.0 0.0 0.0 0.0
440 0.0 0.0 0.0 0.0 0.0 0.0 0.0 0.0 0.0 0.0 0.0 0.0 0.0 1.0 0.0 0.0 0.0 0.0 1.0 1.0 0.0 1.0 0.0 1.0 0.0 0.0 0.0 1.0 1.0 0.0 0.0 0.0
445 0.0 0.0 0.0 0.0 0.0 1.0 0.0 0.0 0.0 1.0 0.0 1.0 0.0 0.0 0.0 1.0 0.0 0.0 0.0 0.0 0.0 0.0 0.0 0.0 0.0 0.0 0.0 0.0 0.0 1.0 0.0 0.0
450 0.0 0.0 2.0 0.0 0.0 1.0 0.0 1.0 0.0 0.0 0.0 0.0 0.0 0.0 0.0 0.0 1.0 0.0 0.0 1.0 0.0 0.0 1.0 0.0 0.0 0.0 0.0 1.0 0.0 1.0 1.0 0.0
455 1.0 0.0 0.0 0.0 0.0 0.0 0.0 0.0 0.0 0.0 0.0 0.0 0.0 1.0 0.0 0.0 0.0 0.0 0.0 0.0 0.0 0.0 0.0 0.0 0.0 0.0 0.0 0.0 0.0 0.0 0.0 0.0
460 0.0 1.0 1.0 0.0 1.0 0.0 0.0 0.0 0.0 0.0 0.0 2.0 0.0 0.0 0.0 0.0 0.0 0.0 0.0 0.0 0.0 0.0 0.0 0.0 1.0 0.0 0.0 0.0 0.0 0.0 0.0 0.0
465 0.0 0.0 1.0 1.0 0.0 1.0 0.0 1.0 0.0 0.0 0.0 0.0 0.0 0.0 0.0 0.0 0.0 0.0 0.0 0.0 0.0 0.0 0.0 0.0 1.0 0.0 0.0 2.0 0.0 1.0 0.0 0.0
470 0.0 0.0 0.0 0.0 0.0 0.0 0.0 0.0 1.0 0.0 0.0 0.0 0.0 0.0 0.0 1.0 1.0 0.0 0.0 0.0 0.0 0.0 0.0 1.0 0.0 0.0 0.0 0.0 0.0 0.0 1.0 0.0
475 0.0 0.0 0.0 0.0 0.0 0.0 0.0 0.0 0.0 0.0 0.0 0.0 0.0 1.0 0.0 0.0 0.0 0.0 0.0 0.0 0.0 0.0 0.0 0.0 0.0 0.0 0.0 0.0 0.0 0.0 0.0 0.0
480 113.0 122.0 59.0 139.0 96.0 166.0 149.0 123.0 168.0 95.0 106.0 120.0 0.0 146.0 132.0 134.0 116.0 92.0 145.0 113.0 144.0 182.0 95.0 136.0 118.0 116.0 110.0 128.0 143.0 93.0 159.0 140.0
485 0.0 0.0 0.0 0.0 0.0 0.0 0.0 0.0 1.0 0.0 0.0 0.0 0.0 0.0 0.0 1.0 0.0 0.0 0.0 0.0 0.0 0.0 0.0 1.0 0.0 0.0 0.0 0.0 0.0 0.0 0.0 1.0
490 94.0 92.0 52.0 114.0 97.0 150.0 133.0 86.0 144.0 75.0 87.0 120.0 0.0 142.0 108.0 106.0 89.0 87.0 106.0 83.0 119.0 153.0 52.0 79.0 95.0 89.0 84.0 107.0 108.0 72.0 142.0 129.0
495 41.0 37.0 15.0 31.0 23.0 47.0 38.0 27.0 29.0 18.0 28.0 22.0 0.0 47.0 26.0 31.0 33.0 29.0 38.0 20.0 30.0 35.0 26.0 25.0 25.0 34.0 21.0 25.0 27.0 23.0 51.0 37.0
