150 17325886.0 17324439.0 17323380.0 17314221.0 17324333.0 17313742.0 17320324.0 17315161.0 17321516.0 17313504.0 17322657.0 17315232.0 17321314.0 17322319.0 17319159.0 17312971.0 17319991.0 17323582.0 17319930.0 17319535.0 17314392.0 17320961.0 17311708.0 17318869.0 17312176.0 17319232.0 17311504.0 17316902.0 17313536.0 17319238.0 17321172.0 17320788.0
153 17707315.0 17710071.0 17708249.0 17698400.0 17707510.0 17698197.0 17704899.0 17698434.0 17704580.0 17698732.0 17706057.0 17698748.0 17704777.0 17705815.0 17705214.0 17699992.0 17702848.0 17706134.0 17703572.0 17703666.0 17698442.0 17704502.0 17697990.0 17702296.0 17698332.0 17702983.0 17697411.0 17701507.0 17697559.0 17702653.0 17705729.0 17704823.0
156 17942265.0 17942968.0 17941948.0 17936141.0 17941311.0 17936084.0 17939765.0 17936117.0 17939694.0 17936128.0 17940664.0 17936224.0 17939738.0 17939937.0 17939525.0 17936456.0 17938560.0 17940061.0 17938559.0 17938988.0 17935969.0 17939487.0 17935722.0 17938123.0 17935933.0 17938613.0 17935463.0 17937709.0 17935519.0 17938297.0 17940509.0 17940028.0
159 18151630.0 18156241.0 18153513.0 18145403.0 18151643.0 18145279.0 18149179.0 18145417.0 18148752.0 18145376.0 18149554.0 18145609.0 18148317.0 18148899.0 18148324.0 18145712.0 18147823.0 18148194.0 18147532.0 18148145.0 18145278.0 18149049.0 18145054.0 18147596.0 18145178.0 18148231.0 18144775.0 18147140.0 18144940.0 18147879.0 18150399.0 18149711.0
162 18368813.0 18367137.0 18364591.0 18353519.0 18362701.0 18353582.0 18358681.0 18353689.0 18358500.0 18354143.0 18359107.0 18354002.0 18356949.0 18357973.0 18356945.0 18354115.0 18356491.0 18356528.0 18356244.0 18356665.0 18353409.0 18357623.0 18353172.0 18356047.0 18353172.0 18356300.0 18352788.0 18355125.0 18353037.0 18356031.0 18358330.0 18357263.0
165 18537570.0 18531687.0 18531455.0 18524493.0 18531742.0 18524390.0 18529753.0 18524313.0 18530524.0 18524734.0 18531719.0 18524413.0 18529237.0 18530353.0 18528547.0 18524364.0 18528157.0 18527950.0 18527735.0 18528352.0 18523851.0 18529257.0 18523536.0 18527518.0 18523488.0 18527387.0 18523278.0 18525783.0 18523551.0 18526803.0 18528295.0 18526845.0
168 18642042.0 18636734.0 18635841.0 18627228.0 18633997.0 18627916.0 18632041.0 18627023.0 18630911.0 18628649.0 18633422.0 18627419.0 18630142.0 18630952.0 18629985.0 18626908.0 18627455.0 18631651.0 18627894.0 18628370.0 18623645.0 18627922.0 18622438.0 18625863.0 18622756.0 18625538.0 18621869.0 18624826.0 18621940.0 18625640.0 18625994.0 18625138.0
171 18509707.0 18504701.0 18501049.0 18468310.0 18495104.0 18468254.0 18486447.0 18467632.0 18480715.0 18470800.0 18487271.0 18468284.0 18477459.0 18479907.0 18475870.0 18470031.0 18472331.0 18479135.0 18472663.0 18472485.0 18463620.0 18469436.0 18461612.0 18466217.0 18462339.0 18465799.0 18460353.0 18465795.0 18460387.0 18466823.0 18466946.0 18468658.0
174 17862276.0 17912848.0 17878405.0 17665721.0 17884141.0 17628311.0 17850779.0 17632729.0 17798185.0 17664524.0 17830405.0 17612505.0 17807657.0 17806825.0 17832816.0 17737441.0 17771664.0 17840453.0 17790442.0 17777337.0 17639024.0 17754891.0 17633169.0 17738833.0 17651065.0 17750559.0 17603153.0 17794098.0 17601329.0 17789522.0 17784977.0 17870289.0
177 10921395.0 10762438.0 10728468.0 10672960.0 10782124.0 10655815.0 10816461.0 10687786.0 10705126.0 10830608.0 10796212.0 10617798.0 10786544.0 10769781.0 10898071.0 11049054.0 10649661.0 10944953.0 10726222.0 10698871.0 10738781.0 10600707.0 10775083.0 10542255.0 10864171.0 10561015.0 10667560.0 10769472.0 10592078.0 10732189.0 10669314.0 10930585.0
180 9889195.0 9619756.0 9594391.0 9626753.0 9653861.0 9605221.0 9707045.0 9656447.0 9581469.0 9807381.0 9684154.0 9562100.0 9681748.0 9665503.0 9819151.0 10058597.0 9525050.0 9836847.0 9608327.0 9584004.0 9698422.0 9469712.0 9754271.0 9401786.0 9839459.0 9420895.0 9622103.0 9659764.0 9523709.0 9611953.0 9539355.0 9805461.0
183 7170449.0 6759419.0 6745257.0 6819988.0 6797471.0 6760438.0 6875742.0 6820908.0 6723354.0 6983191.0 6828456.0 6711844.0 6839907.0 6826091.0 7007245.0 7281875.0 6658337.0 6979428.0 6746679.0 6731811.0 6822949.0 6606601.0 6897675.0 6528446.0 6963493.0 6550404.0 6763681.0 6820972.0 6649415.0 6757792.0 6681275.0 6947164.0
186 169594.0 191304.0 199038.0 228563.0 198764.0 202018.0 260061.0 184603.0 194389.0 240410.0 202491.0 192702.0 209865.0 246284.0 275735.0 293118.0 174799.0 214774.0 175684.0 202659.0 166038.0 188628.0 187437.0 162278.0 194697.0 159198.0 209361.0 210759.0 172106.0 200904.0 174821.0 222335.0
189 126518.0 138656.0 141813.0 173872.0 137465.0 157668.0 171777.0 135202.0 150186.0 159860.0 142511.0 151540.0 156108.0 172220.0 158961.0 157146.0 139571.0 141523.0 125281.0 156594.0 122291.0 156287.0 136000.0 138282.0 143918.0 134086.0 164270.0 145158.0 133025.0 144070.0 138327.0 144366.0
192 123966.0 137298.0 139839.0 170838.0 134852.0 156395.0 166644.0 133215.0 145723.0 154031.0 139413.0 150350.0 153807.0 167938.0 151551.0 145941.0 138281.0 138615.0 123510.0 155369.0 119917.0 155431.0 134393.0 136975.0 143580.0 132377.0 161433.0 142636.0 130574.0 139849.0 137047.0 139081.0
195 118523.0 134771.0 138878.0 170651.0 133989.0 158464.0 166720.0 131464.0 131517.0 154002.0 138972.0 149436.0 152465.0 167722.0 152074.0 145246.0 137716.0 137940.0 121048.0 154672.0 115003.0 154729.0 133283.0 134184.0 140312.0 130556.0 164767.0 141643.0 126791.0 136612.0 133638.0 138320.0
198 94775.0 125791.0 135430.0 167977.0 132340.0 154973.0 162579.0 124588.0 86259.0 152174.0 135574.0 145318.0 142923.0 163676.0 151133.0 141232.0 133365.0 131055.0 108729.0 152966.0 94650.0 149444.0 130493.0 118729.0 133041.0 120709.0 159220.0 139523.0 108218.0 122786.0 119230.0 136419.0
201 49588.0 94771.0 119667.0 157741.0 123839.0 145955.0 150914.0 97251.0 32393.0 142545.0 117948.0 131701.0 111950.0 149318.0 148776.0 125447.0 115712.0 110504.0 74936.0 145033.0 53642.0 130485.0 116967.0 78390.0 106533.0 91569.0 137623.0 130337.0 68682.0 83621.0 81028.0 126745.0
204 13809.0 43409.0 76474.0 121987.0 92798.0 108151.0 107938.0 47105.0 7190.0 111039.0 72527.0 91091.0 55801.0 108481.0 139116.0 80110.0 71966.0 64798.0 30024.0 117041.0 17225.0 82547.0 80190.0 28908.0 53645.0 41975.0 85718.0 100730.0 24901.0 33520.0 31934.0 96821.0
207 3728.0 10779.0 26654.0 59371.0 41808.0 45671.0 44811.0 11693.0 3440.0 55405.0 24074.0 36787.0 14983.0 50306.0 110645.0 28574.0 24545.0 19192.0 7089.0 61806.0 4274.0 30395.0 31498.0 6647.0 14035.0 10340.0 29854.0 48680.0 6178.0 8119.0 7470.0 46531.0
210 2546.0 3762.0 6908.0 17226.0 11833.0 11513.0 12073.0 3901.0 2717.0 16732.0 6198.0 10085.0 4805.0 14952.0 60255.0 7452.0 6534.0 5180.0 3020.0 19873.0 2563.0 8232.0 8573.0 3224.0 4363.0 3805.0 7749.0 14790.0 2882.0 3388.0 3325.0 13507.0
213 2138.0 2707.0 3295.0 5380.0 3894.0 4292.0 4386.0 2807.0 2101.0 5076.0 3369.0 3964.0 3237.0 5040.0 18360.0 3422.0 3416.0 3137.0 2411.0 5605.0 1982.0 3965.0 3389.0 2566.0 3085.0 2695.0 3865.0 4518.0 2282.0 2594.0 2628.0 4195.0
216 1711.0 2218.0 2578.0 3948.0 2889.0 3448.0 3436.0 2291.0 1517.0 3522.0 2826.0 3145.0 2783.0 3631.0 5273.0 2953.0 2680.0 2622.0 1809.0 3595.0 1617.0 3212.0 2775.0 2024.0 2581.0 2228.0 3188.0 3080.0 1818.0 2099.0 2114.0 3147.0
219 1364.0 1730.0 2138.0 3239.0 2496.0 2941.0 2947.0 1911.0 1297.0 2936.0 2315.0 2696.0 2200.0 3122.0 3605.0 2276.0 2273.0 2034.0 1461.0 3058.0 1362.0 2750.0 2237.0 1734.0 2147.0 1728.0 2491.0 2746.0 1464.0 1646.0 1649.0 2620.0
222 1275.0 1454.0 1730.0 2752.0 2029.0 2277.0 2266.0 1548.0 1189.0 2456.0 1858.0 2044.0 1878.0 2458.0 2951.0 1949.0 1912.0 1618.0 1294.0 2475.0 1188.0 2251.0 1776.0 1439.0 1741.0 1536.0 1993.0 2052.0 1287.0 1393.0 1432.0 2173.0
225 1113.0 1282.0 1469.0 2287.0 1673.0 1968.0 1918.0 1374.0 1123.0 1958.0 1628.0 1808.0 1632.0 2021.0 2474.0 1619.0 1602.0 1519.0 1199.0 2064.0 1151.0 1975.0 1548.0 1337.0 1591.0 1370.0 1828.0 1737.0 1191.0 1298.0 1351.0 1776.0
228 1043.0 1240.0 1366.0 2092.0 1540.0 1914.0 1811.0 1305.0 855.0 1873.0 1567.0 1621.0 1599.0 1962.0 2060.0 1615.0 1604.0 1410.0 1141.0 2005.0 1029.0 1909.0 1530.0 1254.0 1514.0 1360.0 1700.0 1697.0 1114.0 1172.0 1257.0 1672.0
231 894.0 1148.0 1332.0 2077.0 1578.0 1836.0 1727.0 1289.0 578.0 1771.0 1489.0 1618.0 1477.0 1836.0 1965.0 1473.0 1630.0 1307.0 968.0 1816.0 872.0 1819.0 1476.0 1216.0 1510.0 1356.0 1594.0 1579.0 981.0 1094.0 1215.0 1682.0
234 562.0 1019.0 1302.0 1997.0 1404.0 1660.0 1636.0 1128.0 290.0 1718.0 1383.0 1529.0 1310.0 1819.0 1840.0 1390.0 1478.0 1242.0 835.0 1776.0 661.0 1607.0 1270.0 980.0 1323.0 1191.0 1612.0 1488.0 879.0 846.0 994.0 1612.0
237 306.0 798.0 1178.0 1837.0 1324.0 1620.0 1490.0 930.0 96.0 1620.0 1363.0 1412.0 1132.0 1581.0 1795.0 1172.0 1352.0 1106.0 559.0 1744.0 339.0 1534.0 1249.0 706.0 1069.0 968.0 1313.0 1451.0 482.0 588.0 716.0 1443.0
240 81.0 511.0 990.0 1716.0 1213.0 1407.0 1275.0 667.0 33.0 1454.0 1030.0 1276.0 727.0 1334.0 1794.0 951.0 1033.0 799.0 327.0 1578.0 158.0 1387.0 1020.0 343.0 705.0 597.0 1052.0 1346.0 226.0 319.0 382.0 1335.0
243 37.0 199.0 591.0 1349.0 969.0 1146.0 938.0 274.0 32.0 1179.0 667.0 945.0 360.0 1149.0 1720.0 528.0 692.0 410.0 106.0 1283.0 59.0 927.0 691.0 129.0 305.0 303.0 646.0 1038.0 73.0 107.0 158.0 956.0
246 33.0 61.0 284.0 853.0 504.0 615.0 459.0 96.0 15.0 735.0 291.0 552.0 112.0 679.0 1493.0 215.0 328.0 133.0 48.0 967.0 34.0 481.0 304.0 47.0 86.0 99.0 261.0 624.0 31.0 37.0 59.0 580.0
249 20.0 30.0 82.0 374.0 214.0 261.0 178.0 42.0 18.0 364.0 90.0 230.0 46.0 298.0 1231.0 82.0 126.0 56.0 23.0 469.0 18.0 168.0 125.0 30.0 50.0 35.0 109.0 293.0 19.0 23.0 33.0 212.0
252 23.0 24.0 36.0 143.0 77.0 78.0 70.0 29.0 15.0 109.0 47.0 70.0 49.0 90.0 783.0 36.0 53.0 36.0 24.0 181.0 22.0 69.0 52.0 26.0 35.0 39.0 49.0 92.0 16.0 28.0 30.0 85.0
255 15.0 21.0 28.0 75.0 40.0 56.0 40.0 28.0 11.0 50.0 27.0 44.0 34.0 47.0 382.0 31.0 29.0 27.0 15.0 81.0 17.0 45.0 31.0 22.0 27.0 13.0 39.0 52.0 28.0 22.0 20.0 42.0
258 21.0 18.0 24.0 45.0 39.0 32.0 37.0 26.0 4.0 29.0 23.0 28.0 33.0 29.0 107.0 32.0 28.0 29.0 15.0 43.0 20.0 55.0 24.0 19.0 22.0 19.0 25.0 36.0 15.0 20.0 24.0 23.0
261 20.0 17.0 29.0 44.0 25.0 29.0 34.0 22.0 7.0 33.0 27.0 25.0 28.0 45.0 67.0 17.0 22.0 17.0 17.0 38.0 7.0 32.0 30.0 16.0 20.0 24.0 21.0 29.0 21.0 16.0 13.0 36.0
264 8.0 16.0 20.0 35.0 28.0 35.0 29.0 22.0 6.0 32.0 17.0 33.0 20.0 28.0 36.0 28.0 21.0 20.0 15.0 39.0 14.0 28.0 26.0 20.0 19.0 26.0 18.0 21.0 14.0 19.0 16.0 37.0
267 7.0 16.0 16.0 39.0 21.0 22.0 18.0 22.0 5.0 34.0 16.0 26.0 19.0 29.0 36.0 23.0 19.0 15.0 15.0 30.0 14.0 20.0 25.0 16.0 20.0 22.0 21.0 28.0 13.0 11.0 13.0 29.0
270 3.0 17.0 21.0 44.0 16.0 27.0 24.0 15.0 1.0 21.0 21.0 27.0 18.0 24.0 35.0 11.0 23.0 27.0 14.0 28.0 2.0 22.0 20.0 9.0 15.0 12.0 12.0 22.0 12.0 5.0 21.0 21.0
273 1.0 7.0 18.0 21.0 14.0 27.0 22.0 14.0 0.0 22.0 25.0 32.0 16.0 25.0 32.0 20.0 29.0 20.0 8.0 26.0 1.0 26.0 17.0 5.0 23.0 15.0 11.0 19.0 7.0 12.0 12.0 33.0
276 1.0 12.0 15.0 23.0 21.0 20.0 13.0 6.0 0.0 24.0 12.0 16.0 11.0 24.0 38.0 16.0 20.0 16.0 3.0 25.0 1.0 23.0 16.0 4.0 10.0 5.0 12.0 21.0 3.0 4.0 9.0 13.0
279 2.0 1.0 11.0 30.0 10.0 31.0 16.0 3.0 0.0 23.0 11.0 17.0 4.0 20.0 36.0 6.0 13.0 4.0 0.0 29.0 1.0 26.0 7.0 1.0 7.0 4.0 8.0 23.0 1.0 4.0 6.0 25.0
282 0.0 0.0 9.0 18.0 13.0 7.0 16.0 2.0 0.0 23.0 6.0 14.0 4.0 17.0 40.0 3.0 8.0 3.0 1.0 23.0 3.0 11.0 10.0 2.0 1.0 7.0 5.0 10.0 2.0 1.0 1.0 10.0
285 0.0 1.0 3.0 9.0 8.0 9.0 8.0 2.0 0.0 8.0 5.0 12.0 0.0 8.0 38.0 1.0 5.0 1.0 0.0 17.0 1.0 14.0 3.0 3.0 1.0 2.0 1.0 8.0 1.0 0.0 0.0 4.0
288 2.0 0.0 2.0 7.0 4.0 3.0 3.0 1.0 0.0 8.0 2.0 2.0 3.0 6.0 21.0 1.0 3.0 0.0 0.0 11.0 0.0 2.0 1.0 2.0 0.0 4.0 1.0 5.0 0.0 0.0 0.0 4.0
291 0.0 0.0 0.0 2.0 1.0 2.0 2.0 1.0 0.0 1.0 1.0 1.0 1.0 1.0 23.0 1.0 1.0 0.0 1.0 1.0 1.0 1.0 0.0 0.0 0.0 0.0 2.0 1.0 0.0 0.0 0.0 3.0
294 0.0 0.0 1.0 1.0 1.0 0.0 2.0 1.0 0.0 1.0 1.0 1.0 1.0 0.0 14.0 2.0 1.0 2.0 1.0 2.0 1.0 1.0 1.0 0.0 1.0 0.0 0.0 0.0 0.0 0.0 1.0 1.0
297 1.0 0.0 0.0 0.0 0.0 0.0 0.0 0.0 0.0 1.0 1.0 0.0 1.0 2.0 1.0 0.0 0.0 1.0 0.0 1.0 1.0 0.0 2.0 0.0 1.0 1.0 0.0 0.0 0.0 1.0 0.0 1.0
300 0.0 1.0 1.0 0.0 0.0 0.0 0.0 1.0 0.0 2.0 0.0 2.0 1.0 1.0 4.0 0.0 0.0 0.0 1.0 1.0 1.0 2.0 0.0 2.0 1.0 0.0 1.0 0.0 1.0 0.0 0.0 1.0
303 0.0 1.0 1.0 3.0 1.0 4.0 1.0 0.0 0.0 1.0 0.0 0.0 1.0 0.0 0.0 0.0 0.0 0.0 0.0 0.0 0.0 1.0 2.0 0.0 0.0 0.0 0.0 1.0 0.0 0.0 1.0 0.0
306 0.0 0.0 0.0 1.0 1.0 1.0 2.0 0.0 0.0 1.0 0.0 3.0 0.0 1.0 0.0 0.0 3.0 1.0 0.0 1.0 1.0 0.0 1.0 0.0 0.0 1.0 3.0 0.0 1.0 0.0 0.0 1.0
309 1.0 1.0 0.0 1.0 0.0 3.0 3.0 0.0 0.0 3.0 1.0 1.0 0.0 2.0 1.0 1.0 1.0 1.0 3.0 1.0 0.0 0.0 1.0 0.0 0.0 0.0 0.0 0.0 0.0 0.0 0.0 2.0
312 0.0 0.0 1.0 0.0 0.0 1.0 1.0 0.0 0.0 2.0 1.0 1.0 0.0 1.0 2.0 1.0 0.0 1.0 0.0 1.0 1.0 0.0 1.0 0.0 0.0 1.0 1.0 1.0 0.0 0.0 0.0 0.0
315 1.0 0.0 0.0 0.0 1.0 1.0 1.0 3.0 0.0 1.0 2.0 0.0 1.0 0.0 1.0 2.0 1.0 0.0 0.0 2.0 0.0 0.0 1.0 1.0 0.0 0.0 0.0 2.0 0.0 0.0 1.0 1.0
318 0.0 0.0 1.0 1.0 0.0 0.0 0.0 0.0 1.0 0.0 0.0 0.0 0.0 0.0 0.0 0.0 0.0 0.0 1.0 1.0 0.0 0.0 0.0 0.0 0.0 0.0 1.0 0.0 0.0 0.0 0.0 0.0
321 0.0 0.0 2.0 0.0 0.0 0.0 0.0 0.0 0.0 0.0 0.0 0.0 0.0 0.0 2.0 0.0 0.0 0.0 0.0 3.0 0.0 0.0 0.0 0.0 0.0 0.0 0.0 2.0 0.0 0.0 0.0 0.0
324 0.0 0.0 1.0 1.0 2.0 0.0 0.0 2.0 1.0 0.0 1.0 1.0 0.0 1.0 0.0 2.0 0.0 0.0 0.0 0.0 1.0 0.0 1.0 0.0 1.0 1.0 1.0 0.0 0.0 0.0 0.0 2.0
327 0.0 0.0 0.0 1.0 1.0 0.0 0.0 0.0 0.0 0.0 1.0 0.0 0.0 0.0 0.0 0.0 0.0 0.0 0.0 0.0 0.0 0.0 0.0 0.0 0.0 0.0 0.0 0.0 0.0 0.0 1.0 0.0
330 0.0 0.0 0.0 0.0 1.0 1.0 0.0 0.0 0.0 0.0 0.0 2.0 1.0 0.0 0.0 0.0 0.0 0.0 0.0 0.0 0.0 2.0 0.0 0.0 0.0 1.0 1.0 0.0 0.0 0.0 0.0 0.0
333 0.0 1.0 0.0 1.0 0.0 0.0 0.0 0.0 0.0 0.0 0.0 0.0 1.0 0.0 0.0 0.0 0.0 0.0 0.0 0.0 0.0 0.0 0.0 0.0 0.0 0.0 0.0 0.0 0.0 0.0 1.0 0.0
336 2.0 0.0 1.0 1.0 2.0 0.0 0.0 0.0 0.0 0.0 1.0 0.0 1.0 0.0 2.0 1.0 1.0 0.0 1.0 1.0 0.0 0.0 0.0 0.0 0.0 0.0 0.0 0.0 0.0 0.0 1.0 0.0
339 1.0 0.0 0.0 0.0 1.0 1.0 1.0 0.0 0.0 0.0 0.0 1.0 0.0 0.0 0.0 0.0 0.0 0.0 0.0 0.0 0.0 0.0 0.0 1.0 0.0 0.0 1.0 0.0 0.0 0.0 0.0 2.0
342 0.0 0.0 1.0 0.0 0.0 0.0 0.0 0.0 0.0 1.0 0.0 0.0 1.0 0.0 1.0 0.0 0.0 0.0 0.0 0.0 1.0 1.0 0.0 0.0 0.0 0.0 0.0 0.0 0.0 0.0 0.0 0.0
345 1.0 1.0 0.0 1.0 0.0 0.0 0.0 1.0 0.0 1.0 0.0 0.0 0.0 0.0 1.0 2.0 0.0 1.0 0.0 0.0 0.0 0.0 1.0 0.0 0.0 0.0 0.0 0.0 0.0 0.0 0.0 0.0
348 0.0 0.0 0.0 0.0 0.0 0.0 0.0 0.0 0.0 0.0 0.0 0.0 1.0 0.0 0.0 0.0 0.0 0.0 0.0 1.0 0.0 0.0 1.0 0.0 0.0 0.0 0.0 0.0 0.0 0.0 0.0 0.0
351 0.0 1.0 2.0 0.0 1.0 0.0 0.0 0.0 0.0 1.0 0.0 0.0 1.0 0.0 1.0 0.0 1.0 1.0 0.0 0.0 1.0 0.0 1.0 1.0 0.0 0.0 0.0 0.0 0.0 0.0 0.0 0.0
354 0.0 1.0 0.0 0.0 0.0 0.0 0.0 0.0 0.0 2.0 0.0 0.0 0.0 1.0 0.0 1.0 0.0 1.0 0.0 2.0 0.0 0.0 2.0 0.0 0.0 0.0 0.0 0.0 0.0 0.0 0.0 1.0
357 1.0 1.0 1.0 2.0 1.0 0.0 0.0 0.0 0.0 0.0 0.0 1.0 0.0 0.0 2.0 0.0 1.0 1.0 0.0 0.0 1.0 0.0 0.0 2.0 0.0 0.0 1.0 0.0 0.0 0.0 0.0 0.0
