150 17998902.0 17990007.0 17985268.0 17962803.0 17977765.0 17959700.0 17975362.0 17962053.0 17971852.0 17961515.0 17972814.0 17964365.0 17976956.0 17978661.0 17976221.0 17960311.0 17971806.0 17971309.0 17974442.0 17968338.0 17959004.0 17966463.0 17955716.0 17963956.0 17956055.0 17966981.0 17953569.0 17965335.0 17956068.0 17966518.0 17966483.0 17970673.0
153 18463569.0 18449745.0 18443378.0 18410842.0 18433864.0 18406273.0 18426932.0 18407052.0 18422700.0 18407857.0 18423306.0 18411276.0 18427207.0 18428595.0 18426460.0 18409231.0 18421001.0 18421030.0 18423786.0 18417310.0 18403723.0 18414608.0 18403903.0 18412212.0 18402341.0 18416726.0 18400299.0 18413349.0 18401059.0 18414694.0 18415936.0 18421374.0
156 18932261.0 18928804.0 18924000.0 18909018.0 18918783.0 18906849.0 18918074.0 18907957.0 18914749.0 18908669.0 18916268.0 18910689.0 18920184.0 18920848.0 18919592.0 18908496.0 18915068.0 18915951.0 18919238.0 18913343.0 18906162.0 18912231.0 18904367.0 18910368.0 18904614.0 18912991.0 18903156.0 18911361.0 18904085.0 18911935.0 18911903.0 18915185.0
159 18958921.0 18955617.0 18951869.0 18938643.0 18947652.0 18937157.0 18947296.0 18937168.0 18944301.0 18937941.0 18945272.0 18939477.0 18947772.0 18948426.0 18946890.0 18938891.0 18944043.0 18944598.0 18946946.0 18943017.0 18936301.0 18941895.0 18936712.0 18940873.0 18935856.0 18943628.0 18935113.0 18942320.0 18935259.0 18943228.0 18943353.0 18946182.0
162 19179292.0 19176426.0 19171171.0 19156336.0 19166367.0 19153718.0 19165543.0 19153417.0 19160641.0 19154079.0 19162832.0 19156336.0 19166454.0 19165824.0 19164507.0 19155567.0 19161213.0 19161313.0 19163715.0 19159724.0 19150211.0 19157304.0 19150920.0 19155922.0 19149432.0 19157856.0 19148692.0 19156155.0 19148659.0 19156933.0 19156132.0 19159261.0
165 19351572.0 19352114.0 19351393.0 19349897.0 19350944.0 19349795.0 19350576.0 19350023.0 19350651.0 19349894.0 19350342.0 19349947.0 19350630.0 19350543.0 19350517.0 19349745.0 19350450.0 19350403.0 19350426.0 19350403.0 19349851.0 19350396.0 19349745.0 19350433.0 19349882.0 19350475.0 19349671.0 19350514.0 19349674.0 19350663.0 19350832.0 19350778.0
168 19329485.0 19329817.0 19328740.0 19327118.0 19327733.0 19326563.0 19327700.0 19326107.0 19326819.0 19328468.0 19326940.0 19329509.0 19327870.0 19327731.0 19327927.0 19329729.0 19326830.0 19326601.0 19327063.0 19326056.0 19326430.0 19325192.0 19325961.0 19324778.0 19325465.0 19324996.0 19324935.0 19324641.0 19325242.0 19324548.0 19324804.0 19325092.0
171 19070897.0 19066288.0 19036806.0 18904950.0 19009474.0 18838364.0 19019915.0 18779075.0 18961826.0 18825706.0 18985808.0 18865863.0 19002476.0 18990449.0 18949801.0 18916688.0 18938785.0 18942575.0 18958243.0 18917281.0 18787664.0 18889522.0 18845152.0 18868957.0 18816860.0 18889547.0 18797307.0 18862312.0 18796474.0 18857469.0 18877029.0 18898061.0
174 13133772.0 13085868.0 12839972.0 12338780.0 12645769.0 12252262.0 12923726.0 11885009.0 12596446.0 12379108.0 12857947.0 12583378.0 12940149.0 12948612.0 12691325.0 13146786.0 12652915.0 12814076.0 12921880.0 12727635.0 12232326.0 12578838.0 12829275.0 12452583.0 12639970.0 12619049.0 12391716.0 12406624.0 12252954.0 12363672.0 12537760.0 12713617.0
177 9975531.0 10113605.0 10053256.0 10040052.0 9932215.0 10037568.0 10294652.0 9547813.0 9980064.0 10182386.0 10317834.0 10419269.0 10424763.0 10465310.0 10149258.0 11131340.0 10087693.0 10289317.0 10444431.0 10223092.0 9939178.0 10000565.0 10771281.0 9869281.0 10520498.0 10063316.0 10143132.0 9778317.0 9928917.0 9705305.0 9917517.0 10106350.0
180 9532027.0 9661534.0 9616914.0 9814295.0 9487416.0 9861281.0 9857158.0 9312197.0 9545712.0 9990969.0 9899497.0 10211299.0 9988551.0 10040616.0 9703928.0 10924979.0 9657890.0 9855978.0 10011478.0 9808321.0 9711738.0 9551078.0 10586638.0 9421267.0 10351078.0 9614093.0 9920788.0 9314099.0 9678475.0 9229364.0 9450555.0 9636292.0
183 7067105.0 7184987.0 7164674.0 7433303.0 7036562.0 7494367.0 7378491.0 6968417.0 7069663.0 7589950.0 7408071.0 7791192.0 7488945.0 7546944.0 7191755.0 8538238.0 7170415.0 7340615.0 7502044.0 7319608.0 7351811.0 7048956.0 8209526.0 6949841.0 7997917.0 7130406.0 7567753.0 6855734.0 7346414.0 6777899.0 6982487.0 7140180.0
186 90290.0 127400.0 111165.0 125187.0 90850.0 106931.0 112081.0 74884.0 109811.0 118814.0 104947.0 110791.0 115798.0 121473.0 95188.0 232038.0 101625.0 104329.0 98347.0 119140.0 97131.0 98676.0 148285.0 91816.0 126007.0 95170.0 114160.0 101991.0 140022.0 96340.0 107268.0 104893.0
189 70242.0 100939.0 87926.0 95989.0 75245.0 82103.0 72697.0 68521.0 92669.0 83854.0 71955.0 73686.0 85271.0 85284.0 78342.0 100264.0 81112.0 73772.0 70200.0 89435.0 77909.0 80075.0 75628.0 80956.0 74334.0 73213.0 84347.0 88167.0 115442.0 85107.0 87879.0 79232.0
192 69014.0 100311.0 86390.0 94932.0 74546.0 81020.0 70881.0 67820.0 92026.0 82209.0 70216.0 71289.0 83539.0 82781.0 77253.0 87133.0 80023.0 72771.0 68497.0 88017.0 77180.0 79054.0 69592.0 80994.0 69531.0 71890.0 82133.0 87750.0 115453.0 84263.0 86577.0 78023.0
195 68852.0 99514.0 85940.0 93812.0 74546.0 80429.0 70492.0 67156.0 92504.0 81851.0 70244.0 70682.0 83760.0 82398.0 77123.0 86063.0 80115.0 72038.0 67495.0 87670.0 77164.0 78930.0 69480.0 80467.0 69265.0 71775.0 81832.0 86601.0 116006.0 83895.0 86795.0 77501.0
198 68097.0 99890.0 86625.0 93125.0 73832.0 80063.0 69442.0 64434.0 90983.0 81141.0 69282.0 70203.0 83462.0 80496.0 75218.0 86316.0 79170.0 70875.0 65860.0 86729.0 75473.0 78329.0 69431.0 79998.0 67920.0 70225.0 81045.0 82964.0 114614.0 83455.0 84726.0 75285.0
201 64414.0 97717.0 84550.0 92394.0 71183.0 78293.0 63592.0 52016.0 86564.0 77651.0 65086.0 65333.0 81887.0 74038.0 67578.0 85697.0 76348.0 64533.0 56179.0 83118.0 69271.0 75510.0 68350.0 77769.0 61913.0 63839.0 79320.0 68468.0 112216.0 76904.0 79198.0 70474.0
204 52395.0 93146.0 78438.0 87229.0 63454.0 72287.0 47366.0 29855.0 70864.0 67074.0 52628.0 51683.0 77074.0 55862.0 49989.0 83422.0 66031.0 47275.0 35864.0 68738.0 52327.0 66453.0 63877.0 70281.0 45680.0 45790.0 72538.0 41279.0 104857.0 60253.0 63204.0 55817.0
207 30236.0 74725.0 59845.0 72840.0 42294.0 54225.0 23645.0 10470.0 39881.0 42638.0 29649.0 29640.0 61061.0 29071.0 25176.0 76197.0 43871.0 22606.0 14495.0 40161.0 26158.0 44474.0 50528.0 49582.0 21884.0 21466.0 53560.0 15690.0 79566.0 31588.0 34634.0 32302.0
210 8536.0 32674.0 26368.0 38184.0 13684.0 23404.0 6278.0 2449.0 10472.0 13008.0 7797.0 8477.0 26705.0 7585.0 6137.0 51391.0 14042.0 5143.0 3059.0 10433.0 6194.0 15012.0 23053.0 18851.0 4989.0 4799.0 21639.0 3429.0 33229.0 7539.0 8794.0 9156.0
213 2553.0 8847.0 7644.0 11895.0 3537.0 6801.0 2187.0 1548.0 3263.0 3417.0 2392.0 2556.0 7368.0 2525.0 2182.0 23624.0 3859.0 2022.0 1590.0 3141.0 2328.0 4028.0 6655.0 4970.0 2072.0 1956.0 5728.0 2091.0 9248.0 2644.0 2975.0 2797.0
216 1570.0 3177.0 2583.0 3565.0 1899.0 2407.0 1560.0 1307.0 2234.0 2043.0 1552.0 1542.0 2591.0 1837.0 1646.0 6670.0 2101.0 1627.0 1356.0 2076.0 1783.0 2040.0 2223.0 2266.0 1490.0 1598.0 2395.0 1715.0 3500.0 1941.0 2067.0 1815.0
219 1384.0 2397.0 2074.0 2413.0 1605.0 1945.0 1352.0 1188.0 1919.0 1738.0 1356.0 1385.0 2002.0 1525.0 1357.0 2609.0 1731.0 1340.0 1147.0 1920.0 1539.0 1750.0 1656.0 1896.0 1302.0 1361.0 1880.0 1489.0 2739.0 1739.0 1769.0 1445.0
222 1231.0 2165.0 1766.0 2161.0 1376.0 1639.0 1081.0 998.0 1629.0 1536.0 1194.0 1189.0 1810.0 1298.0 1176.0 1934.0 1557.0 1207.0 964.0 1591.0 1394.0 1537.0 1470.0 1743.0 1057.0 1046.0 1705.0 1244.0 2512.0 1400.0 1511.0 1245.0
225 1020.0 1820.0 1489.0 1842.0 1110.0 1403.0 855.0 799.0 1328.0 1185.0 986.0 882.0 1396.0 1096.0 962.0 1656.0 1259.0 971.0 779.0 1218.0 1069.0 1226.0 1244.0 1387.0 881.0 930.0 1329.0 1033.0 2035.0 1128.0 1201.0 1004.0
228 821.0 1510.0 1288.0 1491.0 999.0 1111.0 744.0 736.0 1198.0 1029.0 853.0 774.0 1211.0 960.0 858.0 1446.0 1111.0 796.0 738.0 1072.0 918.0 1060.0 1114.0 1180.0 813.0 786.0 1196.0 1027.0 1630.0 1024.0 1121.0 934.0
231 777.0 1357.0 1099.0 1343.0 904.0 1090.0 750.0 742.0 1152.0 921.0 792.0 725.0 1147.0 882.0 806.0 1289.0 1032.0 797.0 706.0 1064.0 895.0 996.0 903.0 1180.0 775.0 809.0 1055.0 897.0 1624.0 971.0 1062.0 839.0
234 861.0 1402.0 1091.0 1265.0 900.0 1066.0 684.0 712.0 1035.0 901.0 800.0 742.0 1082.0 895.0 837.0 1034.0 933.0 833.0 691.0 991.0 901.0 979.0 876.0 1126.0 678.0 801.0 1057.0 891.0 1452.0 1029.0 1050.0 835.0
237 750.0 1303.0 1112.0 1284.0 856.0 992.0 638.0 639.0 1022.0 895.0 731.0 717.0 1018.0 822.0 750.0 1055.0 987.0 733.0 611.0 929.0 900.0 971.0 828.0 1062.0 674.0 684.0 983.0 787.0 1488.0 946.0 998.0 805.0
240 732.0 1230.0 1005.0 1177.0 803.0 949.0 604.0 506.0 1012.0 795.0 675.0 608.0 995.0 742.0 699.0 1017.0 953.0 743.0 553.0 866.0 772.0 860.0 809.0 994.0 630.0 700.0 995.0 657.0 1469.0 840.0 888.0 754.0
243 596.0 1159.0 986.0 1126.0 698.0 911.0 453.0 388.0 842.0 717.0 619.0 591.0 1018.0 606.0 569.0 1004.0 851.0 554.0 385.0 842.0 665.0 811.0 795.0 994.0 455.0 540.0 941.0 441.0 1372.0 707.0 785.0 658.0
246 476.0 1094.0 922.0 1030.0 676.0 836.0 318.0 188.0 648.0 713.0 483.0 447.0 904.0 518.0 402.0 936.0 717.0 324.0 202.0 641.0 459.0 788.0 718.0 819.0 296.0 380.0 822.0 254.0 1137.0 555.0 633.0 505.0
249 269.0 977.0 762.0 951.0 504.0 713.0 154.0 84.0 360.0 471.0 288.0 242.0 712.0 272.0 239.0 840.0 529.0 150.0 67.0 390.0 242.0 517.0 607.0 692.0 121.0 164.0 637.0 76.0 951.0 339.0 339.0 283.0
252 155.0 703.0 546.0 791.0 273.0 468.0 77.0 25.0 178.0 266.0 116.0 139.0 543.0 132.0 113.0 699.0 333.0 58.0 42.0 183.0 114.0 306.0 417.0 480.0 51.0 65.0 402.0 43.0 665.0 136.0 165.0 152.0
255 53.0 327.0 278.0 510.0 131.0 290.0 34.0 20.0 62.0 106.0 36.0 66.0 324.0 38.0 34.0 637.0 122.0 23.0 18.0 66.0 39.0 128.0 233.0 194.0 30.0 19.0 226.0 25.0 302.0 37.0 44.0 60.0
258 18.0 97.0 95.0 196.0 31.0 87.0 22.0 19.0 39.0 43.0 15.0 16.0 91.0 29.0 26.0 294.0 40.0 17.0 10.0 36.0 28.0 52.0 66.0 73.0 18.0 20.0 68.0 19.0 112.0 29.0 29.0 23.0
261 16.0 45.0 37.0 91.0 19.0 38.0 11.0 9.0 35.0 22.0 20.0 11.0 48.0 20.0 17.0 147.0 26.0 22.0 13.0 28.0 26.0 24.0 30.0 39.0 12.0 21.0 40.0 17.0 44.0 27.0 21.0 17.0
264 26.0 36.0 28.0 41.0 24.0 24.0 11.0 8.0 28.0 20.0 11.0 16.0 38.0 20.0 18.0 56.0 25.0 16.0 14.0 21.0 11.0 30.0 30.0 40.0 13.0 18.0 20.0 15.0 46.0 22.0 28.0 22.0
267 20.0 31.0 23.0 24.0 19.0 20.0 14.0 11.0 18.0 25.0 18.0 12.0 28.0 13.0 17.0 44.0 26.0 23.0 14.0 21.0 17.0 22.0 22.0 32.0 18.0 10.0 23.0 13.0 43.0 13.0 14.0 16.0
270 16.0 27.0 28.0 29.0 18.0 25.0 6.0 11.0 13.0 15.0 17.0 9.0 26.0 11.0 13.0 27.0 15.0 17.0 13.0 24.0 9.0 21.0 23.0 21.0 7.0 10.0 24.0 22.0 29.0 21.0 17.0 9.0
273 18.0 18.0 19.0 27.0 27.0 19.0 6.0 9.0 17.0 19.0 7.0 16.0 18.0 15.0 20.0 20.0 20.0 12.0 11.0 18.0 19.0 24.0 17.0 16.0 8.0 11.0 19.0 16.0 22.0 16.0 15.0 7.0
276 15.0 24.0 22.0 22.0 17.0 23.0 5.0 8.0 16.0 21.0 14.0 13.0 19.0 8.0 16.0 23.0 24.0 7.0 15.0 16.0 17.0 17.0 16.0 18.0 12.0 15.0 18.0 8.0 30.0 18.0 19.0 13.0
279 10.0 16.0 17.0 20.0 16.0 20.0 3.0 9.0 21.0 7.0 15.0 6.0 18.0 15.0 11.0 17.0 22.0 6.0 13.0 13.0 11.0 19.0 15.0 19.0 14.0 10.0 17.0 12.0 25.0 10.0 16.0 12.0
282 16.0 24.0 21.0 21.0 11.0 14.0 7.0 5.0 16.0 18.0 8.0 7.0 21.0 18.0 15.0 23.0 15.0 8.0 7.0 21.0 16.0 19.0 15.0 20.0 7.0 10.0 25.0 6.0 18.0 8.0 18.0 14.0
285 14.0 15.0 12.0 20.0 13.0 17.0 3.0 3.0 17.0 11.0 8.0 8.0 12.0 6.0 8.0 18.0 20.0 11.0 8.0 10.0 8.0 14.0 15.0 10.0 9.0 12.0 15.0 1.0 22.0 11.0 8.0 9.0
288 7.0 15.0 18.0 25.0 10.0 12.0 3.0 1.0 8.0 12.0 7.0 4.0 16.0 3.0 5.0 15.0 12.0 3.0 1.0 10.0 3.0 13.0 10.0 26.0 3.0 2.0 13.0 3.0 18.0 6.0 5.0 6.0
291 4.0 18.0 16.0 20.0 13.0 14.0 1.0 2.0 6.0 8.0 3.0 1.0 12.0 2.0 5.0 16.0 9.0 2.0 1.0 5.0 3.0 6.0 13.0 12.0 0.0 3.0 12.0 1.0 20.0 6.0 3.0 1.0
294 4.0 8.0 10.0 12.0 4.0 11.0 3.0 3.0 4.0 1.0 2.0 6.0 10.0 4.0 1.0 8.0 7.0 0.0 0.0 8.0 1.0 7.0 7.0 8.0 2.0 1.0 8.0 1.0 11.0 0.0 5.0 3.0
297 2.0 4.0 7.0 16.0 2.0 9.0 2.0 1.0 1.0 2.0 2.0 0.0 8.0 1.0 2.0 9.0 3.0 0.0 1.0 3.0 2.0 4.0 5.0 3.0 0.0 2.0 3.0 0.0 4.0 1.0 0.0 3.0
300 1.0 7.0 4.0 7.0 0.0 3.0 0.0 0.0 1.0 2.0 2.0 0.0 3.0 1.0 1.0 13.0 0.0 0.0 2.0 1.0 0.0 0.0 2.0 2.0 0.0 0.0 3.0 1.0 5.0 0.0 1.0 1.0
303 1.0 1.0 2.0 2.0 2.0 0.0 3.0 1.0 2.0 1.0 0.0 0.0 2.0 3.0 1.0 7.0 2.0 0.0 0.0 1.0 0.0 1.0 0.0 1.0 2.0 1.0 3.0 0.0 3.0 0.0 1.0 1.0
306 0.0 1.0 2.0 1.0 0.0 2.0 1.0 1.0 1.0 1.0 0.0 1.0 0.0 0.0 1.0 2.0 1.0 0.0 2.0 1.0 1.0 1.0 1.0 2.0 0.0 3.0 2.0 0.0 1.0 0.0 2.0 1.0
309 1.0 1.0 1.0 2.0 2.0 0.0 0.0 0.0 2.0 1.0 1.0 1.0 0.0 0.0 0.0 3.0 1.0 0.0 0.0 0.0 0.0 2.0 1.0 2.0 0.0 0.0 1.0 3.0 0.0 0.0 0.0 0.0
312 0.0 1.0 0.0 1.0 1.0 0.0 0.0 1.0 1.0 0.0 0.0 1.0 0.0 2.0 0.0 0.0 1.0 0.0 2.0 1.0 1.0 0.0 2.0 2.0 0.0 0.0 2.0 0.0 0.0 0.0 2.0 0.0
315 0.0 1.0 3.0 1.0 1.0 2.0 2.0 1.0 2.0 1.0 1.0 1.0 5.0 2.0 1.0 4.0 2.0 0.0 0.0 0.0 0.0 2.0 0.0 1.0 0.0 0.0 0.0 1.0 1.0 0.0 0.0 2.0
318 1.0 2.0 0.0 0.0 0.0 0.0 1.0 0.0 0.0 0.0 0.0 2.0 0.0 0.0 0.0 1.0 0.0 1.0 0.0 0.0 0.0 1.0 1.0 2.0 0.0 1.0 0.0 0.0 2.0 0.0 2.0 0.0
321 1.0 3.0 0.0 0.0 3.0 3.0 0.0 1.0 1.0 0.0 2.0 0.0 0.0 1.0 4.0 2.0 1.0 0.0 1.0 0.0 1.0 1.0 1.0 0.0 0.0 1.0 0.0 1.0 1.0 0.0 2.0 0.0
324 2.0 0.0 0.0 1.0 0.0 2.0 0.0 0.0 0.0 0.0 0.0 0.0 2.0 1.0 0.0 0.0 1.0 1.0 0.0 1.0 0.0 1.0 1.0 0.0 0.0 0.0 0.0 1.0 0.0 1.0 1.0 0.0
327 0.0 2.0 0.0 2.0 0.0 0.0 0.0 1.0 0.0 0.0 0.0 0.0 1.0 0.0 1.0 1.0 0.0 0.0 0.0 2.0 0.0 0.0 0.0 0.0 1.0 1.0 1.0 0.0 0.0 0.0 0.0 0.0
330 1.0 3.0 1.0 1.0 2.0 0.0 0.0 2.0 3.0 0.0 0.0 1.0 2.0 1.0 0.0 1.0 1.0 0.0 1.0 0.0 0.0 1.0 0.0 0.0 0.0 1.0 2.0 1.0 0.0 0.0 1.0 0.0
333 2.0 1.0 0.0 0.0 0.0 0.0 0.0 1.0 0.0 0.0 0.0 0.0 1.0 0.0 0.0 0.0 0.0 0.0 0.0 0.0 0.0 0.0 0.0 0.0 0.0 0.0 0.0 1.0 0.0 0.0 0.0 0.0
336 1.0 0.0 0.0 0.0 0.0 2.0 1.0 1.0 1.0 2.0 1.0 0.0 0.0 0.0 0.0 1.0 0.0 1.0 0.0 0.0 0.0 0.0 0.0 1.0 0.0 2.0 1.0 1.0 1.0 0.0 0.0 0.0
339 0.0 2.0 2.0 1.0 0.0 2.0 0.0 1.0 1.0 0.0 1.0 0.0 1.0 0.0 0.0 0.0 0.0 1.0 0.0 0.0 0.0 0.0 1.0 2.0 0.0 2.0 1.0 1.0 1.0 1.0 1.0 0.0
342 0.0 0.0 0.0 0.0 0.0 0.0 0.0 0.0 0.0 1.0 2.0 0.0 0.0 0.0 0.0 0.0 0.0 1.0 0.0 0.0 0.0 0.0 1.0 0.0 0.0 0.0 0.0 0.0 0.0 0.0 1.0 1.0
345 1.0 0.0 0.0 0.0 0.0 1.0 1.0 0.0 0.0 1.0 0.0 0.0 1.0 0.0 0.0 2.0 0.0 3.0 1.0 3.0 1.0 1.0 3.0 2.0 1.0 0.0 0.0 0.0 2.0 1.0 1.0 0.0
348 0.0 0.0 0.0 0.0 0.0 0.0 0.0 0.0 0.0 0.0 0.0 0.0 0.0 0.0 1.0 0.0 0.0 0.0 0.0 1.0 1.0 0.0 1.0 0.0 1.0 0.0 0.0 0.0 0.0 0.0 0.0 0.0
351 1.0 0.0 1.0 0.0 0.0 0.0 0.0 1.0 0.0 1.0 0.0 0.0 0.0 0.0 0.0 1.0 0.0 2.0 0.0 2.0 1.0 0.0 1.0 1.0 0.0 1.0 2.0 0.0 1.0 0.0 0.0 0.0
354 0.0 1.0 0.0 0.0 0.0 0.0 0.0 0.0 0.0 0.0 1.0 0.0 0.0 0.0 0.0 0.0 1.0 0.0 0.0 1.0 1.0 2.0 1.0 0.0 0.0 0.0 1.0 0.0 0.0 0.0 1.0 0.0
357 0.0 1.0 0.0 1.0 1.0 0.0 0.0 0.0 1.0 0.0 2.0 1.0 1.0 1.0 0.0 0.0 0.0 1.0 0.0 0.0 0.0 0.0 1.0 2.0 0.0 0.0 0.0 1.0 0.0 0.0 0.0 0.0
