150 17177698.0 17161996.0 17160860.0 17133946.0 17166286.0 17139788.0 17147515.0 17138418.0 17149698.0 17140323.0 17167353.0 17141146.0 17160411.0 17161682.0 17167219.0 17137814.0 17159055.0 17159316.0 17151890.0 17150437.0 17131260.0 17159018.0 17132043.0 17148187.0 17133416.0 17148028.0 17126400.0 17139305.0 17123990.0 17146486.0 17147769.0 17146976.0
153 18077612.0 18068236.0 18066312.0 18047078.0 18067668.0 18046229.0 18058694.0 18046816.0 18057409.0 18047408.0 18065008.0 18047739.0 18063224.0 18061922.0 18064846.0 18047216.0 18060669.0 18061591.0 18059762.0 18055152.0 18044616.0 18059579.0 18045084.0 18052186.0 18045118.0 18056404.0 18043507.0 18053139.0 18042909.0 18054737.0 18057620.0 18056988.0
156 18452455.0 18437667.0 18434263.0 18412200.0 18435029.0 18410660.0 18423726.0 18411693.0 18422902.0 18412345.0 18431175.0 18411370.0 18429106.0 18427693.0 18430851.0 18411187.0 18426295.0 18426644.0 18423854.0 18419005.0 18407026.0 18424413.0 18407233.0 18415254.0 18407439.0 18419246.0 18405893.0 18416431.0 18405435.0 18418201.0 18421380.0 18419875.0
159 18758721.0 18750971.0 18749283.0 18739806.0 18750893.0 18738861.0 18745495.0 18739611.0 18744310.0 18740091.0 18750059.0 18739007.0 18749252.0 18746865.0 18751034.0 18739027.0 18746553.0 18748168.0 18745453.0 18742475.0 18736726.0 18745203.0 18736986.0 18740434.0 18737189.0 18742582.0 18735931.0 18741413.0 18735970.0 18741802.0 18743300.0 18742737.0
162 19071664.0 19061823.0 19059720.0 19049914.0 19061722.0 19049264.0 19055509.0 19049881.0 19054310.0 19050306.0 19059153.0 19049294.0 19058281.0 19056159.0 19058539.0 19049618.0 19055731.0 19055628.0 19054359.0 19053001.0 19048105.0 19054381.0 19048422.0 19051164.0 19048012.0 19052360.0 19047754.0 19050834.0 19047539.0 19051572.0 19052586.0 19052079.0
165 19085725.0 19073864.0 19073053.0 19073995.0 19075773.0 19070609.0 19072868.0 19069518.0 19071139.0 19068236.0 19077183.0 19067453.0 19077248.0 19073139.0 19077811.0 19064819.0 19072232.0 19079859.0 19074433.0 19069901.0 19061052.0 19073614.0 19061113.0 19066229.0 19061671.0 19067758.0 19059906.0 19067974.0 19059971.0 19066118.0 19067713.0 19065726.0
168 19376111.0 19366856.0 19366375.0 19367897.0 19367439.0 19370047.0 19364674.0 19369593.0 19363064.0 19370983.0 19365812.0 19369231.0 19364857.0 19363298.0 19364734.0 19365424.0 19362869.0 19364120.0 19362154.0 19360594.0 19359949.0 19361295.0 19359634.0 19358423.0 19359750.0 19359294.0 19357447.0 19358709.0 19357246.0 19358616.0 19359196.0 19358761.0
171 19325634.0 19259635.0 19253521.0 19208584.0 19243430.0 19139308.0 19238330.0 19175388.0 19218069.0 19170867.0 19236760.0 19173429.0 19228914.0 19218271.0 19213984.0 19198579.0 19209062.0 19213214.0 19202985.0 19186093.0 19153591.0 19192293.0 19155184.0 19164093.0 19145209.0 19181963.0 19141512.0 19175817.0 19140912.0 19172839.0 19181698.0 19180579.0
174 13160025.0 13085696.0 13064152.0 12318525.0 12666943.0 11861223.0 13176943.0 12196627.0 12794188.0 12243130.0 13017139.0 12258724.0 13002795.0 12702944.0 12614316.0 12747941.0 12562168.0 13033680.0 12842152.0 12348446.0 12210203.0 12512872.0 12270414.0 11970338.0 12048697.0 12585820.0 12058162.0 12529357.0 12028184.0 12338753.0 12694951.0 12789807.0
177 11040432.0 10701476.0 10772615.0 10790984.0 10671449.0 10495729.0 10998150.0 10783983.0 10850946.0 10822866.0 11019941.0 10831639.0 11021236.0 10838275.0 10810793.0 11195356.0 10741038.0 11081031.0 10936095.0 10574310.0 10777929.0 10701601.0 10859470.0 10257568.0 10639395.0 10699722.0 10646953.0 10661731.0 10620420.0 10504282.0 10732841.0 10742455.0
180 10140712.0 9737529.0 9812723.0 9920463.0 9708306.0 9661826.0 10004571.0 9929897.0 9891438.0 9950278.0 10029546.0 9949932.0 10027966.0 9866652.0 9837047.0 10284748.0 9777418.0 10085188.0 9966925.0 9625508.0 9904459.0 9740676.0 9979831.0 9333518.0 9763045.0 9753075.0 9770991.0 9710049.0 9766570.0 9560658.0 9769674.0 9772381.0
183 4784555.0 4424824.0 4497016.0 4598748.0 4416634.0 4385755.0 4655552.0 4611408.0 4568479.0 4603891.0 4684716.0 4580582.0 4678603.0 4523446.0 4504181.0 4887955.0 4460958.0 4692449.0 4626019.0 4337733.0 4548172.0 4402072.0 4604434.0 4121166.0 4448911.0 4438435.0 4464987.0 4380580.0 4466681.0 4287243.0 4447614.0 4434402.0
186 183162.0 170917.0 178475.0 190847.0 180965.0 190147.0 222160.0 178601.0 207462.0 178177.0 209265.0 177350.0 198072.0 180779.0 203720.0 207132.0 189593.0 196874.0 208487.0 240132.0 201513.0 171480.0 184824.0 176574.0 194918.0 190837.0 213376.0 163914.0 174771.0 189039.0 184985.0 188781.0
189 172972.0 162105.0 164304.0 172836.0 174077.0 186338.0 203356.0 153960.0 191761.0 158537.0 179036.0 163030.0 171672.0 166055.0 196447.0 173745.0 178569.0 179596.0 188197.0 236253.0 193120.0 162222.0 163522.0 174186.0 183391.0 177109.0 203432.0 155414.0 160534.0 180716.0 170192.0 179375.0
192 162308.0 145210.0 158352.0 168141.0 171662.0 181519.0 201668.0 147916.0 188289.0 139048.0 177681.0 159234.0 165228.0 155469.0 180046.0 168950.0 174918.0 172461.0 180191.0 232722.0 187550.0 148065.0 156762.0 162982.0 177818.0 172059.0 179361.0 144909.0 153447.0 169201.0 152294.0 170775.0
195 127024.0 97383.0 134179.0 149122.0 161317.0 161220.0 191593.0 124456.0 175546.0 90018.0 169338.0 143525.0 137762.0 118330.0 129255.0 156803.0 160832.0 145407.0 149398.0 220693.0 163931.0 108110.0 131975.0 126493.0 152983.0 151496.0 116053.0 110149.0 133277.0 133714.0 103925.0 135198.0
198 66940.0 38332.0 82882.0 100908.0 129105.0 106874.0 157772.0 79293.0 139170.0 35297.0 144443.0 100178.0 82762.0 60998.0 60784.0 117897.0 122268.0 86917.0 88983.0 182355.0 107086.0 50518.0 81186.0 66164.0 98918.0 102188.0 43896.0 55551.0 88121.0 74280.0 44645.0 71509.0
201 18576.0 8387.0 26055.0 34848.0 62969.0 36936.0 84254.0 28149.0 65974.0 7835.0 86620.0 38635.0 25605.0 16252.0 14859.0 52028.0 53629.0 25200.0 26975.0 96151.0 35948.0 12140.0 25796.0 16945.0 34310.0 37807.0 9660.0 13589.0 33688.0 21013.0 10271.0 17892.0
204 5352.0 3657.0 6497.0 8450.0 17791.0 9268.0 25817.0 7497.0 18081.0 3579.0 34044.0 9754.0 6626.0 4961.0 5243.0 14091.0 14193.0 6511.0 7014.0 29523.0 9119.0 4108.0 6467.0 5137.0 8619.0 10030.0 4542.0 4229.0 9202.0 6045.0 3975.0 5157.0
207 3419.0 2892.0 3503.0 3811.0 4952.0 4298.0 6837.0 3269.0 5307.0 2710.0 8959.0 3865.0 3533.0 3181.0 3823.0 4527.0 4554.0 3838.0 3884.0 8105.0 4419.0 2965.0 3358.0 3370.0 4048.0 4040.0 3656.0 2897.0 3579.0 3662.0 3049.0 3517.0
210 2630.0 2228.0 2924.0 3226.0 3525.0 3568.0 4446.0 2602.0 3824.0 2132.0 4183.0 2853.0 2877.0 2567.0 3066.0 3423.0 3383.0 3018.0 3147.0 5383.0 3658.0 2333.0 2718.0 2760.0 3257.0 3157.0 2776.0 2276.0 2743.0 2869.0 2263.0 2918.0
213 1976.0 1635.0 2170.0 2497.0 2933.0 2829.0 3630.0 2001.0 3202.0 1585.0 3273.0 2280.0 2250.0 1990.0 2352.0 2641.0 2823.0 2342.0 2446.0 4370.0 2912.0 1714.0 2146.0 2139.0 2471.0 2460.0 2176.0 1710.0 2132.0 2290.0 1714.0 2192.0
216 1599.0 1369.0 1683.0 1992.0 2274.0 2159.0 2919.0 1549.0 2459.0 1250.0 2662.0 1858.0 1774.0 1489.0 1900.0 2056.0 2189.0 1865.0 1881.0 3536.0 2075.0 1440.0 1624.0 1714.0 2025.0 1974.0 1802.0 1390.0 1728.0 1741.0 1375.0 1777.0
219 1453.0 1193.0 1411.0 1556.0 1849.0 1797.0 2245.0 1276.0 1986.0 1105.0 2090.0 1546.0 1393.0 1316.0 1607.0 1725.0 1836.0 1603.0 1556.0 2985.0 1912.0 1239.0 1386.0 1550.0 1679.0 1621.0 1590.0 1205.0 1403.0 1530.0 1250.0 1636.0
222 1325.0 1051.0 1322.0 1477.0 1627.0 1783.0 2059.0 1114.0 1832.0 943.0 1769.0 1401.0 1265.0 1225.0 1380.0 1531.0 1621.0 1405.0 1471.0 2711.0 1764.0 1171.0 1258.0 1529.0 1581.0 1533.0 1438.0 1171.0 1321.0 1441.0 1025.0 1477.0
225 1036.0 764.0 1080.0 1306.0 1515.0 1627.0 1912.0 968.0 1665.0 604.0 1591.0 1291.0 1137.0 983.0 1156.0 1429.0 1531.0 1180.0 1226.0 2361.0 1632.0 870.0 1143.0 1272.0 1345.0 1298.0 870.0 862.0 1118.0 1200.0 728.0 1174.0
228 739.0 387.0 890.0 1183.0 1382.0 1345.0 1752.0 861.0 1517.0 305.0 1584.0 1090.0 815.0 592.0 747.0 1203.0 1378.0 896.0 911.0 2287.0 1351.0 571.0 813.0 972.0 1137.0 1132.0 448.0 610.0 899.0 834.0 427.0 814.0
231 369.0 134.0 547.0 794.0 1228.0 1019.0 1445.0 534.0 1232.0 103.0 1338.0 792.0 492.0 335.0 357.0 899.0 1123.0 475.0 521.0 2030.0 821.0 258.0 520.0 556.0 762.0 780.0 142.0 298.0 646.0 452.0 161.0 375.0
234 128.0 45.0 235.0 394.0 877.0 505.0 1086.0 275.0 843.0 49.0 1080.0 434.0 196.0 117.0 128.0 548.0 733.0 203.0 190.0 1534.0 408.0 91.0 174.0 269.0 378.0 456.0 55.0 84.0 346.0 177.0 62.0 110.0
237 42.0 30.0 81.0 117.0 456.0 177.0 517.0 113.0 370.0 19.0 665.0 194.0 67.0 52.0 46.0 226.0 353.0 69.0 56.0 897.0 142.0 36.0 68.0 83.0 136.0 150.0 37.0 30.0 133.0 68.0 14.0 59.0
240 28.0 26.0 33.0 50.0 173.0 74.0 210.0 45.0 120.0 17.0 333.0 60.0 30.0 24.0 28.0 83.0 113.0 38.0 23.0 380.0 50.0 35.0 18.0 34.0 61.0 59.0 24.0 29.0 51.0 36.0 20.0 30.0
243 19.0 18.0 27.0 37.0 63.0 37.0 54.0 22.0 43.0 14.0 139.0 27.0 14.0 22.0 33.0 48.0 41.0 29.0 22.0 130.0 33.0 13.0 17.0 33.0 35.0 38.0 24.0 16.0 22.0 25.0 17.0 33.0
246 16.0 16.0 23.0 24.0 43.0 31.0 38.0 13.0 38.0 18.0 54.0 24.0 18.0 27.0 17.0 19.0 33.0 25.0 17.0 68.0 35.0 12.0 16.0 23.0 33.0 22.0 18.0 20.0 30.0 23.0 14.0 19.0
249 10.0 10.0 11.0 18.0 24.0 28.0 48.0 10.0 28.0 13.0 22.0 22.0 18.0 9.0 20.0 22.0 29.0 16.0 19.0 54.0 27.0 17.0 16.0 17.0 15.0 26.0 14.0 19.0 13.0 15.0 11.0 21.0
252 13.0 6.0 19.0 15.0 32.0 28.0 30.0 22.0 27.0 13.0 37.0 21.0 12.0 15.0 23.0 24.0 22.0 18.0 23.0 42.0 24.0 16.0 12.0 19.0 18.0 23.0 9.0 13.0 21.0 16.0 10.0 17.0
255 14.0 9.0 21.0 18.0 16.0 16.0 26.0 16.0 26.0 5.0 25.0 16.0 13.0 9.0 11.0 12.0 18.0 16.0 20.0 41.0 30.0 9.0 7.0 18.0 19.0 17.0 8.0 10.0 9.0 16.0 8.0 11.0
258 6.0 13.0 9.0 13.0 24.0 18.0 24.0 15.0 16.0 3.0 18.0 9.0 5.0 10.0 6.0 12.0 23.0 13.0 7.0 39.0 22.0 7.0 7.0 18.0 10.0 22.0 7.0 7.0 11.0 10.0 6.0 9.0
261 5.0 3.0 14.0 12.0 18.0 9.0 17.0 15.0 16.0 1.0 18.0 14.0 8.0 8.0 5.0 13.0 8.0 5.0 8.0 25.0 9.0 3.0 7.0 10.0 13.0 17.0 1.0 7.0 12.0 7.0 3.0 7.0
264 5.0 1.0 5.0 8.0 11.0 13.0 21.0 5.0 19.0 0.0 14.0 8.0 2.0 4.0 3.0 14.0 11.0 3.0 7.0 32.0 4.0 4.0 7.0 8.0 5.0 10.0 3.0 3.0 4.0 7.0 1.0 5.0
267 0.0 1.0 5.0 5.0 15.0 12.0 10.0 4.0 16.0 0.0 12.0 4.0 1.0 0.0 1.0 5.0 12.0 1.0 7.0 23.0 10.0 2.0 3.0 8.0 6.0 4.0 3.0 3.0 8.0 2.0 1.0 1.0
270 3.0 0.0 4.0 1.0 9.0 5.0 9.0 1.0 4.0 0.0 12.0 5.0 3.0 1.0 2.0 1.0 10.0 0.0 1.0 16.0 4.0 3.0 1.0 2.0 5.0 4.0 2.0 0.0 1.0 0.0 0.0 0.0
273 2.0 1.0 0.0 3.0 8.0 3.0 5.0 1.0 2.0 0.0 10.0 1.0 0.0 1.0 1.0 4.0 7.0 0.0 0.0 11.0 1.0 0.0 0.0 2.0 2.0 2.0 1.0 1.0 0.0 2.0 2.0 1.0
276 0.0 0.0 0.0 1.0 1.0 1.0 2.0 1.0 1.0 0.0 12.0 0.0 1.0 1.0 0.0 1.0 2.0 0.0 0.0 8.0 1.0 0.0 0.0 1.0 0.0 0.0 2.0 1.0 1.0 0.0 2.0 1.0
279 0.0 2.0 0.0 2.0 1.0 0.0 0.0 2.0 0.0 0.0 2.0 0.0 1.0 0.0 0.0 0.0 0.0 1.0 2.0 6.0 2.0 0.0 0.0 1.0 0.0 3.0 0.0 0.0 0.0 0.0 0.0 0.0
282 2.0 2.0 0.0 0.0 1.0 1.0 4.0 1.0 0.0 0.0 3.0 2.0 0.0 0.0 0.0 0.0 0.0 1.0 0.0 3.0 0.0 0.0 0.0 3.0 0.0 0.0 0.0 0.0 1.0 1.0 0.0 0.0
285 0.0 0.0 0.0 0.0 0.0 0.0 1.0 0.0 0.0 0.0 0.0 0.0 0.0 0.0 0.0 0.0 1.0 0.0 1.0 1.0 1.0 0.0 0.0 0.0 1.0 0.0 0.0 0.0 0.0 0.0 1.0 1.0
288 0.0 0.0 0.0 0.0 1.0 0.0 0.0 2.0 1.0 0.0 0.0 1.0 0.0 0.0 0.0 2.0 1.0 0.0 0.0 2.0 0.0 0.0 2.0 1.0 0.0 1.0 0.0 0.0 0.0 1.0 0.0 0.0
291 1.0 0.0 1.0 0.0 0.0 1.0 0.0 0.0 0.0 1.0 0.0 0.0 1.0 1.0 0.0 2.0 0.0 0.0 0.0 1.0 0.0 1.0 0.0 0.0 0.0 0.0 0.0 0.0 0.0 0.0 0.0 0.0
294 1.0 0.0 0.0 0.0 1.0 1.0 1.0 1.0 0.0 1.0 1.0 0.0 1.0 0.0 0.0 2.0 0.0 2.0 0.0 0.0 1.0 0.0 0.0 1.0 0.0 0.0 0.0 0.0 1.0 0.0 1.0 1.0
297 0.0 2.0 0.0 0.0 0.0 0.0 1.0 0.0 0.0 1.0 1.0 1.0 0.0 0.0 0.0 0.0 0.0 0.0 0.0 1.0 0.0 0.0 0.0 1.0 0.0 1.0 0.0 0.0 0.0 0.0 0.0 1.0
300 2.0 0.0 0.0 0.0 0.0 2.0 1.0 0.0 0.0 0.0 3.0 0.0 1.0 0.0 0.0 0.0 0.0 0.0 0.0 1.0 0.0 0.0 0.0 0.0 0.0 1.0 0.0 0.0 0.0 0.0 0.0 1.0
303 0.0 0.0 0.0 0.0 0.0 1.0 0.0 0.0 0.0 0.0 1.0 0.0 0.0 0.0 0.0 1.0 1.0 0.0 0.0 0.0 1.0 1.0 1.0 0.0 0.0 0.0 0.0 0.0 0.0 0.0 0.0 0.0
306 0.0 0.0 0.0 0.0 2.0 0.0 2.0 1.0 1.0 0.0 0.0 0.0 1.0 0.0 0.0 0.0 1.0 0.0 1.0 0.0 0.0 0.0 0.0 0.0 1.0 0.0 0.0 0.0 0.0 0.0 0.0 0.0
309 0.0 1.0 0.0 1.0 0.0 1.0 0.0 0.0 1.0 0.0 1.0 0.0 0.0 0.0 0.0 0.0 0.0 0.0 1.0 0.0 0.0 0.0 0.0 0.0 0.0 0.0 0.0 0.0 0.0 1.0 0.0 0.0
312 1.0 0.0 0.0 0.0 0.0 0.0 0.0 1.0 1.0 0.0 0.0 1.0 0.0 0.0 0.0 0.0 0.0 0.0 0.0 1.0 0.0 0.0 0.0 0.0 0.0 0.0 0.0 0.0 0.0 0.0 0.0 1.0
315 0.0 0.0 0.0 0.0 0.0 0.0 0.0 1.0 2.0 0.0 0.0 0.0 0.0 0.0 1.0 0.0 0.0 3.0 0.0 1.0 0.0 1.0 0.0 1.0 1.0 0.0 1.0 0.0 1.0 0.0 0.0 0.0
318 0.0 0.0 0.0 0.0 0.0 0.0 0.0 0.0 0.0 0.0 0.0 0.0 0.0 0.0 0.0 0.0 0.0 0.0 1.0 0.0 0.0 0.0 0.0 0.0 0.0 0.0 1.0 0.0 0.0 0.0 0.0 0.0
321 0.0 0.0 0.0 0.0 0.0 0.0 0.0 0.0 0.0 0.0 0.0 0.0 0.0 0.0 0.0 0.0 0.0 0.0 0.0 0.0 0.0 0.0 0.0 0.0 0.0 0.0 0.0 0.0 0.0 0.0 1.0 0.0
324 0.0 0.0 0.0 0.0 0.0 0.0 0.0 0.0 0.0 0.0 0.0 0.0 0.0 0.0 1.0 0.0 0.0 0.0 0.0 0.0 0.0 1.0 0.0 0.0 0.0 0.0 2.0 0.0 0.0 0.0 0.0 1.0
327 0.0 0.0 0.0 0.0 1.0 0.0 0.0 0.0 0.0 1.0 0.0 0.0 0.0 2.0 1.0 0.0 1.0 2.0 0.0 0.0 1.0 0.0 2.0 0.0 0.0 0.0 0.0 1.0 0.0 0.0 0.0 0.0
330 0.0 0.0 0.0 1.0 0.0 0.0 0.0 0.0 0.0 1.0 0.0 0.0 0.0 0.0 0.0 0.0 2.0 0.0 1.0 0.0 0.0 1.0 1.0 0.0 0.0 1.0 1.0 1.0 0.0 0.0 0.0 0.0
333 0.0 1.0 0.0 0.0 0.0 0.0 0.0 0.0 0.0 0.0 0.0 0.0 0.0 0.0 1.0 0.0 0.0 0.0 0.0 0.0 0.0 0.0 0.0 0.0 0.0 0.0 1.0 0.0 0.0 0.0 0.0 0.0
336 0.0 0.0 0.0 0.0 0.0 0.0 1.0 1.0 0.0 0.0 1.0 0.0 0.0 0.0 0.0 0.0 0.0 0.0 1.0 0.0 1.0 0.0 0.0 1.0 0.0 0.0 1.0 0.0 0.0 0.0 0.0 0.0
339 0.0 0.0 0.0 1.0 0.0 0.0 0.0 0.0 0.0 0.0 0.0 0.0 0.0 0.0 1.0 1.0 0.0 0.0 0.0 0.0 0.0 0.0 0.0 0.0 0.0 0.0 0.0 0.0 0.0 0.0 0.0 0.0
342 1.0 0.0 0.0 1.0 0.0 0.0 0.0 1.0 1.0 0.0 0.0 0.0 1.0 0.0 0.0 0.0 0.0 0.0 0.0 0.0 0.0 0.0 0.0 0.0 0.0 1.0 0.0 0.0 0.0 0.0 1.0 0.0
345 0.0 0.0 1.0 0.0 1.0 0.0 0.0 0.0 0.0 0.0 0.0 1.0 0.0 2.0 0.0 0.0 0.0 0.0 0.0 1.0 0.0 0.0 0.0 0.0 0.0 0.0 0.0 1.0 0.0 0.0 0.0 0.0
348 0.0 0.0 0.0 0.0 0.0 0.0 1.0 0.0 0.0 1.0 1.0 0.0 0.0 0.0 0.0 0.0 1.0 0.0 1.0 0.0 1.0 0.0 0.0 0.0 0.0 0.0 0.0 0.0 0.0 0.0 1.0 0.0
351 0.0 0.0 0.0 1.0 0.0 0.0 1.0 0.0 2.0 0.0 1.0 0.0 0.0 0.0 1.0 0.0 0.0 0.0 0.0 0.0 0.0 0.0 1.0 1.0 0.0 0.0 0.0 0.0 0.0 0.0 0.0 0.0
354 0.0 0.0 0.0 1.0 0.0 0.0 0.0 0.0 0.0 0.0 0.0 0.0 1.0 1.0 0.0 0.0 0.0 0.0 0.0 0.0 0.0 0.0 0.0 0.0 1.0 0.0 0.0 0.0 0.0 0.0 0.0 0.0
357 0.0 0.0 0.0 0.0 0.0 0.0 0.0 0.0 0.0 0.0 0.0 0.0 0.0 0.0 0.0 0.0 0.0 0.0 0.0 0.0 0.0 1.0 1.0 0.0 0.0 2.0 0.0 0.0 0.0 0.0 0.0 0.0
