150 17085361.0 17071384.0 17068455.0 17048396.0 17068753.0 17051402.0 17053993.0 17046800.0 17060207.0 17052035.0 17058942.0 17048562.0 17065431.0 17064390.0 17065658.0 17045753.0 17059768.0 17063705.0 17059245.0 17060083.0 17047746.0 17060519.0 17042560.0 17059498.0 17031024.0 17057445.0 17035795.0 17046591.0 17047167.0 17048169.0 17059141.0 17056357.0
153 17707175.0 17695030.0 17688365.0 17665242.0 17686600.0 17665493.0 17675128.0 17662436.0 17676908.0 17665760.0 17676152.0 17664734.0 17680478.0 17678631.0 17679199.0 17663860.0 17676199.0 17677836.0 17675509.0 17675581.0 17663345.0 17675265.0 17662093.0 17673434.0 17653828.0 17673495.0 17658793.0 17667352.0 17664316.0 17668881.0 17676156.0 17675256.0
156 17974685.0 17967990.0 17963714.0 17950676.0 17961211.0 17950640.0 17956710.0 17949601.0 17955613.0 17950624.0 17955357.0 17950295.0 17957592.0 17955169.0 17956092.0 17949982.0 17955062.0 17955243.0 17955660.0 17955475.0 17950189.0 17955105.0 17949975.0 17954031.0 17947198.0 17954686.0 17949234.0 17953630.0 17950451.0 17953723.0 17957134.0 17956830.0
159 18207410.0 18194220.0 18184794.0 18163709.0 18180520.0 18163179.0 18174372.0 18162652.0 18171985.0 18163253.0 18172239.0 18163523.0 18174278.0 18171385.0 18171338.0 18163343.0 18170874.0 18171061.0 18170647.0 18170585.0 18162807.0 18170010.0 18162555.0 18168089.0 18160889.0 18169371.0 18162144.0 18168274.0 18162501.0 18168940.0 18171929.0 18172731.0
162 18396104.0 18393794.0 18390006.0 18383860.0 18388863.0 18383899.0 18387140.0 18383193.0 18386732.0 18384034.0 18386376.0 18383868.0 18386852.0 18386239.0 18386384.0 18383585.0 18386258.0 18386468.0 18386398.0 18386073.0 18383660.0 18386152.0 18383662.0 18385518.0 18382401.0 18386061.0 18383502.0 18385424.0 18383704.0 18385967.0 18386772.0 18386976.0
165 18643833.0 18643256.0 18641650.0 18638199.0 18640885.0 18638240.0 18640516.0 18637754.0 18640107.0 18638408.0 18639933.0 18638262.0 18640181.0 18639865.0 18639979.0 18637871.0 18640026.0 18640151.0 18639939.0 18639740.0 18637824.0 18639728.0 18637520.0 18639320.0 18636700.0 18639485.0 18637387.0 18639456.0 18637628.0 18639697.0 18640067.0 18640161.0
168 19061646.0 19062757.0 19061004.0 19061757.0 19060162.0 19063977.0 19060781.0 19062081.0 19060899.0 19064963.0 19060777.0 19067049.0 19060748.0 19061043.0 19060619.0 19063939.0 19060995.0 19061366.0 19059994.0 19059911.0 19059549.0 19059346.0 19057841.0 19058710.0 19055364.0 19058970.0 19056429.0 19058440.0 19056156.0 19059583.0 19058181.0 19058062.0
171 18778379.0 18773376.0 18765095.0 18747276.0 18760719.0 18742118.0 18759760.0 18739270.0 18753474.0 18741997.0 18753009.0 18746082.0 18753724.0 18750734.0 18750096.0 18745879.0 18750272.0 18750087.0 18749015.0 18747238.0 18739297.0 18744921.0 18739678.0 18743071.0 18736646.0 18743521.0 18739161.0 18743208.0 18739119.0 18743851.0 18744399.0 18745471.0
174 18164378.0 18155033.0 18145271.0 18085937.0 18128946.0 18057208.0 18135084.0 18045508.0 18118385.0 18047977.0 18119524.0 18070626.0 18119746.0 18117013.0 18110061.0 18080234.0 18112265.0 18109196.0 18106889.0 18110089.0 18050569.0 18098848.0 18063239.0 18091111.0 18051745.0 18096541.0 18063152.0 18101555.0 18055982.0 18105636.0 18105755.0 18111640.0
177 10799379.0 10826735.0 10832545.0 10788281.0 10684310.0 10583194.0 10861116.0 10528156.0 10773874.0 10512110.0 10820937.0 10818092.0 10816490.0 10856126.0 10766636.0 10969863.0 10815217.0 10767983.0 10723795.0 10826302.0 10517455.0 10646968.0 10760491.0 10566615.0 10666515.0 10631096.0 10779307.0 10770115.0 10607625.0 10829565.0 10747824.0 10812426.0
180 10196840.0 10238070.0 10255471.0 10263344.0 10097715.0 10052821.0 10271913.0 9986938.0 10182107.0 9954619.0 10224984.0 10283495.0 10221330.0 10257652.0 10163181.0 10429949.0 10208948.0 10151095.0 10106682.0 10221614.0 9957737.0 10018371.0 10230204.0 9931531.0 10127479.0 9990740.0 10241970.0 10151049.0 10057188.0 10194730.0 10116679.0 10168725.0
183 9102251.0 9163457.0 9211376.0 9479972.0 9005447.0 9228076.0 9244235.0 9132536.0 9153811.0 9050958.0 9209591.0 9500413.0 9196723.0 9267213.0 9140426.0 9688167.0 9198496.0 9112725.0 9059121.0 9224016.0 9047697.0 8959806.0 9453764.0 8868724.0 9302170.0 8919972.0 9460536.0 9146675.0 9194382.0 9194080.0 9074689.0 9117563.0
186 616809.0 654353.0 657331.0 588758.0 516335.0 467488.0 627002.0 458194.0 586972.0 416111.0 562332.0 556030.0 587499.0 562172.0 519263.0 620445.0 566288.0 524722.0 515358.0 571654.0 460988.0 466622.0 521894.0 424837.0 519975.0 463484.0 539056.0 578450.0 435553.0 520282.0 511562.0 505036.0
189 199984.0 259802.0 247527.0 260091.0 184408.0 199953.0 243903.0 224085.0 218450.0 181103.0 214924.0 239781.0 234100.0 216757.0 194968.0 268878.0 227963.0 204062.0 214520.0 226731.0 210293.0 192347.0 221701.0 176078.0 257290.0 201096.0 233482.0 250287.0 193994.0 197993.0 205308.0 192190.0
192 166175.0 223087.0 199998.0 182671.0 162871.0 164863.0 190641.0 207019.0 164615.0 159950.0 174045.0 177970.0 184200.0 178446.0 155800.0 194520.0 189974.0 167130.0 187167.0 174963.0 179568.0 175922.0 171315.0 163084.0 228699.0 183076.0 174787.0 198981.0 170684.0 160098.0 168210.0 162482.0
195 166841.0 223178.0 200067.0 180493.0 162397.0 165114.0 189116.0 206546.0 163543.0 160163.0 175316.0 177566.0 184056.0 177736.0 155073.0 194496.0 188734.0 167359.0 186578.0 175690.0 179904.0 175168.0 169896.0 163133.0 225982.0 182498.0 174549.0 198202.0 169140.0 159263.0 167388.0 162253.0
198 165774.0 222786.0 199277.0 181322.0 161636.0 163808.0 189448.0 207629.0 164043.0 159085.0 174023.0 177219.0 182895.0 176967.0 154507.0 194696.0 188234.0 166510.0 186213.0 175836.0 180305.0 173260.0 170364.0 162748.0 231851.0 180330.0 172464.0 197504.0 168122.0 159615.0 166795.0 161919.0
201 165210.0 220938.0 198479.0 179920.0 158539.0 162663.0 188588.0 206435.0 161863.0 157889.0 173140.0 175345.0 181527.0 175249.0 152934.0 191624.0 187768.0 162153.0 186038.0 173285.0 178026.0 171161.0 168658.0 160648.0 229382.0 177279.0 172494.0 196646.0 165586.0 159110.0 164369.0 159557.0
204 162619.0 219898.0 195516.0 178681.0 150403.0 160318.0 187817.0 202046.0 157960.0 154622.0 171826.0 173701.0 177626.0 169978.0 149907.0 189896.0 185449.0 151895.0 184008.0 170596.0 174958.0 161774.0 164517.0 155974.0 227685.0 165911.0 170222.0 195542.0 156055.0 157499.0 159125.0 155387.0
207 153682.0 215291.0 189004.0 171205.0 119698.0 146864.0 185250.0 193194.0 144293.0 141617.0 163872.0 168373.0 164290.0 149946.0 135505.0 180509.0 177719.0 117046.0 177425.0 159659.0 164057.0 133802.0 149692.0 139058.0 220967.0 134260.0 157105.0 191868.0 127280.0 151334.0 138292.0 138711.0
210 125090.0 200916.0 161663.0 148071.0 64432.0 109513.0 176558.0 157303.0 105106.0 103405.0 137947.0 147611.0 120101.0 98397.0 98899.0 147406.0 148892.0 59674.0 151375.0 124434.0 130276.0 82097.0 107153.0 95435.0 197978.0 79229.0 119338.0 177364.0 74775.0 127820.0 91309.0 101764.0
213 74482.0 155712.0 105778.0 100430.0 21821.0 54989.0 148022.0 95609.0 53998.0 52985.0 87287.0 103308.0 59472.0 40951.0 50666.0 91642.0 90179.0 19296.0 98139.0 68137.0 77401.0 34640.0 51105.0 45461.0 140095.0 32342.0 61189.0 139895.0 30038.0 85219.0 40151.0 54660.0
216 23425.0 70815.0 38147.0 38279.0 6161.0 14319.0 80040.0 32580.0 15589.0 14873.0 29241.0 39813.0 15364.0 10194.0 14338.0 31974.0 27656.0 5915.0 33036.0 20028.0 26095.0 9397.0 13208.0 12006.0 54160.0 8768.0 15933.0 68283.0 8273.0 32047.0 10460.0 16173.0
219 7087.0 19160.0 10830.0 10312.0 4239.0 5645.0 24454.0 10419.0 5650.0 5604.0 8557.0 11115.0 6227.0 5214.0 5399.0 9871.0 8374.0 4215.0 9199.0 6565.0 8433.0 5065.0 5607.0 5372.0 15129.0 5056.0 6049.0 19973.0 4741.0 9304.0 5061.0 5917.0
222 4698.0 8133.0 6231.0 5777.0 3689.0 4383.0 8417.0 6636.0 4201.0 4384.0 5399.0 5785.0 5024.0 4445.0 4243.0 6088.0 5624.0 3650.0 5861.0 4767.0 5275.0 4329.0 4454.0 4457.0 8019.0 4351.0 4701.0 7892.0 4009.0 5229.0 4242.0 4400.0
225 3957.0 6351.0 5327.0 4633.0 3018.0 3810.0 5604.0 5685.0 3617.0 3861.0 4624.0 4807.0 4257.0 3813.0 3634.0 5298.0 4825.0 3103.0 4975.0 4338.0 4551.0 3639.0 4048.0 3880.0 6736.0 3809.0 3967.0 5758.0 3506.0 4252.0 3752.0 3682.0
228 3537.0 5797.0 4683.0 4119.0 2593.0 3321.0 5043.0 5091.0 2857.0 3230.0 4094.0 4166.0 3846.0 3314.0 3164.0 4631.0 4364.0 2668.0 4328.0 3728.0 4001.0 3251.0 3366.0 3255.0 5893.0 3304.0 3443.0 5311.0 2986.0 3747.0 3169.0 3309.0
231 2985.0 5022.0 3931.0 3730.0 2369.0 2817.0 4338.0 4249.0 2584.0 2782.0 3498.0 3683.0 3203.0 2777.0 2794.0 3936.0 3752.0 2419.0 3725.0 3085.0 3359.0 2873.0 2982.0 2893.0 5075.0 2936.0 2963.0 4444.0 2769.0 3214.0 2788.0 2826.0
234 2720.0 4317.0 3401.0 3114.0 2230.0 2480.0 3740.0 3833.0 2292.0 2585.0 3055.0 3281.0 2884.0 2718.0 2529.0 3644.0 3302.0 2193.0 3466.0 2810.0 2937.0 2688.0 2677.0 2707.0 4564.0 2892.0 2635.0 3926.0 2582.0 2949.0 2617.0 2669.0
237 2522.0 3989.0 3180.0 2783.0 2190.0 2458.0 3408.0 3792.0 2267.0 2478.0 2873.0 2963.0 2828.0 2577.0 2457.0 3428.0 3021.0 2113.0 3261.0 2652.0 2766.0 2603.0 2565.0 2602.0 4269.0 2727.0 2539.0 3602.0 2446.0 2763.0 2523.0 2632.0
240 2474.0 3909.0 3048.0 2812.0 2049.0 2379.0 3207.0 3674.0 2087.0 2367.0 2863.0 2785.0 2743.0 2597.0 2388.0 3181.0 2970.0 2130.0 3127.0 2581.0 2713.0 2540.0 2508.0 2550.0 4119.0 2554.0 2411.0 3469.0 2320.0 2588.0 2527.0 2496.0
243 2383.0 3681.0 2983.0 2700.0 2088.0 2290.0 3130.0 3554.0 2135.0 2272.0 2680.0 2763.0 2633.0 2431.0 2211.0 3168.0 3033.0 1975.0 3071.0 2466.0 2618.0 2457.0 2403.0 2506.0 3948.0 2458.0 2384.0 3250.0 2363.0 2554.0 2442.0 2448.0
246 2309.0 3584.0 2966.0 2591.0 1903.0 2159.0 3026.0 3346.0 1924.0 2345.0 2714.0 2526.0 2576.0 2309.0 2210.0 3163.0 2863.0 1856.0 2914.0 2394.0 2609.0 2175.0 2250.0 2402.0 3842.0 2232.0 2276.0 3210.0 2160.0 2515.0 2273.0 2389.0
249 2176.0 3464.0 2729.0 2454.0 1509.0 2112.0 2979.0 3243.0 1877.0 2082.0 2606.0 2629.0 2365.0 2023.0 2040.0 2911.0 2768.0 1377.0 2878.0 2258.0 2546.0 2005.0 2160.0 2150.0 3663.0 2015.0 2205.0 3114.0 1769.0 2521.0 2049.0 2119.0
252 2048.0 3432.0 2629.0 2320.0 1226.0 1865.0 2926.0 3096.0 1587.0 1929.0 2331.0 2485.0 2186.0 1687.0 1888.0 2778.0 2598.0 1059.0 2660.0 2094.0 2351.0 1501.0 1771.0 1905.0 3543.0 1511.0 1927.0 2970.0 1397.0 2224.0 1569.0 1816.0
255 1853.0 3115.0 2332.0 2138.0 694.0 1467.0 2800.0 2685.0 1194.0 1567.0 2059.0 2202.0 1677.0 1146.0 1405.0 2415.0 2247.0 539.0 2415.0 1805.0 1945.0 998.0 1327.0 1409.0 3238.0 950.0 1441.0 2751.0 809.0 2085.0 1084.0 1381.0
258 1411.0 2806.0 1826.0 1774.0 294.0 974.0 2598.0 2125.0 733.0 1073.0 1677.0 1925.0 1043.0 541.0 900.0 1736.0 1697.0 247.0 1996.0 1219.0 1577.0 528.0 776.0 903.0 2776.0 492.0 962.0 2591.0 399.0 1523.0 558.0 884.0
261 882.0 2299.0 1312.0 1194.0 127.0 485.0 2268.0 1442.0 377.0 557.0 1147.0 1396.0 509.0 208.0 516.0 1169.0 1065.0 84.0 1311.0 674.0 941.0 266.0 345.0 441.0 2074.0 219.0 431.0 2079.0 168.0 996.0 244.0 459.0
264 422.0 1455.0 577.0 573.0 75.0 158.0 1552.0 680.0 146.0 267.0 491.0 785.0 195.0 102.0 214.0 517.0 435.0 78.0 586.0 271.0 477.0 106.0 132.0 186.0 1124.0 94.0 130.0 1304.0 82.0 506.0 105.0 172.0
267 158.0 635.0 227.0 202.0 61.0 99.0 712.0 315.0 62.0 109.0 191.0 271.0 103.0 72.0 97.0 223.0 151.0 53.0 253.0 136.0 188.0 72.0 87.0 109.0 432.0 76.0 89.0 615.0 64.0 193.0 76.0 106.0
270 87.0 254.0 139.0 111.0 38.0 59.0 331.0 158.0 43.0 61.0 98.0 141.0 80.0 63.0 69.0 128.0 91.0 52.0 134.0 84.0 109.0 51.0 69.0 70.0 189.0 51.0 77.0 225.0 55.0 115.0 67.0 78.0
273 66.0 157.0 77.0 95.0 40.0 62.0 139.0 125.0 48.0 73.0 94.0 97.0 70.0 55.0 66.0 85.0 97.0 49.0 96.0 60.0 72.0 69.0 59.0 70.0 167.0 69.0 59.0 93.0 57.0 70.0 74.0 52.0
276 67.0 122.0 86.0 75.0 41.0 48.0 104.0 112.0 44.0 62.0 79.0 79.0 64.0 62.0 53.0 95.0 70.0 45.0 96.0 57.0 52.0 54.0 48.0 73.0 135.0 62.0 52.0 111.0 62.0 82.0 43.0 73.0
279 49.0 110.0 79.0 54.0 45.0 55.0 81.0 96.0 37.0 54.0 79.0 71.0 59.0 47.0 52.0 94.0 75.0 42.0 84.0 62.0 68.0 52.0 46.0 45.0 97.0 63.0 44.0 99.0 44.0 77.0 56.0 55.0
282 56.0 123.0 72.0 57.0 37.0 42.0 77.0 87.0 48.0 46.0 50.0 85.0 58.0 57.0 49.0 77.0 79.0 34.0 79.0 58.0 62.0 51.0 36.0 57.0 83.0 58.0 49.0 72.0 49.0 49.0 51.0 62.0
285 56.0 96.0 58.0 60.0 36.0 41.0 61.0 88.0 33.0 51.0 68.0 59.0 52.0 44.0 61.0 77.0 64.0 33.0 73.0 42.0 44.0 50.0 57.0 65.0 90.0 52.0 46.0 89.0 44.0 62.0 48.0 50.0
288 57.0 88.0 65.0 50.0 38.0 45.0 70.0 86.0 31.0 35.0 57.0 67.0 45.0 46.0 42.0 60.0 68.0 29.0 64.0 63.0 58.0 49.0 35.0 60.0 87.0 42.0 55.0 85.0 36.0 60.0 41.0 55.0
291 59.0 70.0 59.0 50.0 20.0 42.0 72.0 79.0 29.0 42.0 73.0 61.0 49.0 42.0 39.0 75.0 56.0 29.0 79.0 38.0 45.0 36.0 38.0 42.0 83.0 43.0 51.0 69.0 27.0 60.0 40.0 46.0
294 42.0 74.0 53.0 52.0 20.0 26.0 66.0 68.0 37.0 38.0 49.0 54.0 42.0 42.0 41.0 60.0 55.0 14.0 64.0 50.0 46.0 31.0 33.0 34.0 93.0 38.0 44.0 75.0 43.0 55.0 41.0 37.0
297 54.0 88.0 55.0 47.0 20.0 29.0 50.0 70.0 29.0 45.0 47.0 42.0 37.0 35.0 32.0 57.0 46.0 11.0 62.0 35.0 40.0 21.0 30.0 43.0 70.0 26.0 36.0 71.0 18.0 45.0 26.0 29.0
300 34.0 67.0 48.0 46.0 15.0 28.0 66.0 55.0 22.0 30.0 55.0 55.0 34.0 13.0 31.0 49.0 51.0 6.0 46.0 33.0 46.0 16.0 19.0 33.0 73.0 12.0 25.0 76.0 14.0 47.0 23.0 36.0
303 40.0 70.0 34.0 40.0 5.0 21.0 43.0 45.0 10.0 18.0 30.0 42.0 16.0 10.0 18.0 44.0 42.0 3.0 45.0 30.0 35.0 19.0 18.0 24.0 64.0 9.0 13.0 54.0 10.0 35.0 12.0 19.0
306 14.0 47.0 42.0 31.0 2.0 5.0 61.0 47.0 6.0 10.0 27.0 33.0 16.0 4.0 15.0 33.0 34.0 3.0 31.0 14.0 20.0 6.0 9.0 15.0 48.0 4.0 7.0 52.0 3.0 32.0 9.0 15.0
309 13.0 52.0 20.0 20.0 2.0 6.0 41.0 31.0 5.0 7.0 13.0 24.0 1.0 4.0 8.0 14.0 21.0 3.0 21.0 7.0 20.0 2.0 2.0 3.0 30.0 2.0 5.0 45.0 3.0 21.0 1.0 7.0
312 7.0 29.0 4.0 5.0 1.0 3.0 43.0 17.0 2.0 3.0 7.0 12.0 5.0 1.0 3.0 8.0 6.0 2.0 12.0 4.0 11.0 3.0 0.0 0.0 24.0 4.0 1.0 34.0 0.0 6.0 2.0 0.0
315 0.0 12.0 3.0 7.0 1.0 2.0 16.0 14.0 2.0 1.0 6.0 6.0 0.0 5.0 2.0 4.0 4.0 0.0 0.0 1.0 5.0 2.0 2.0 1.0 7.0 0.0 0.0 14.0 1.0 4.0 1.0 0.0
318 2.0 6.0 4.0 1.0 0.0 0.0 6.0 8.0 1.0 2.0 2.0 2.0 3.0 0.0 3.0 4.0 0.0 0.0 4.0 3.0 6.0 4.0 2.0 3.0 9.0 4.0 3.0 6.0 2.0 3.0 2.0 3.0
321 2.0 4.0 2.0 4.0 0.0 3.0 1.0 2.0 1.0 1.0 2.0 2.0 2.0 2.0 0.0 1.0 3.0 1.0 2.0 4.0 2.0 0.0 2.0 4.0 4.0 0.0 1.0 4.0 0.0 2.0 2.0 2.0
324 2.0 3.0 2.0 4.0 2.0 2.0 2.0 7.0 1.0 0.0 2.0 4.0 1.0 2.0 0.0 2.0 1.0 1.0 3.0 0.0 4.0 0.0 1.0 1.0 2.0 1.0 0.0 2.0 0.0 0.0 6.0 0.0
327 2.0 4.0 2.0 1.0 1.0 1.0 5.0 3.0 0.0 0.0 4.0 2.0 6.0 1.0 1.0 1.0 1.0 0.0 3.0 2.0 2.0 2.0 1.0 1.0 4.0 1.0 2.0 1.0 2.0 0.0 1.0 2.0
330 2.0 3.0 3.0 1.0 1.0 1.0 0.0 1.0 0.0 0.0 6.0 2.0 0.0 2.0 1.0 1.0 1.0 0.0 0.0 4.0 2.0 0.0 0.0 0.0 5.0 0.0 1.0 4.0 0.0 2.0 1.0 2.0
333 1.0 3.0 4.0 2.0 3.0 2.0 4.0 2.0 0.0 1.0 2.0 2.0 1.0 1.0 1.0 1.0 2.0 0.0 1.0 0.0 2.0 0.0 0.0 1.0 1.0 0.0 2.0 2.0 1.0 2.0 2.0 3.0
336 0.0 3.0 5.0 0.0 0.0 3.0 3.0 5.0 3.0 3.0 3.0 3.0 1.0 2.0 1.0 2.0 3.0 2.0 1.0 2.0 1.0 0.0 1.0 1.0 2.0 1.0 1.0 2.0 2.0 1.0 0.0 1.0
339 1.0 1.0 1.0 1.0 0.0 0.0 3.0 0.0 0.0 0.0 2.0 1.0 0.0 2.0 2.0 4.0 0.0 1.0 2.0 3.0 2.0 0.0 3.0 1.0 2.0 1.0 0.0 1.0 2.0 2.0 4.0 3.0
342 1.0 0.0 4.0 0.0 0.0 1.0 0.0 2.0 2.0 0.0 2.0 2.0 1.0 1.0 1.0 2.0 4.0 0.0 0.0 1.0 1.0 0.0 0.0 1.0 4.0 1.0 1.0 3.0 1.0 1.0 1.0 0.0
345 3.0 3.0 1.0 1.0 2.0 0.0 5.0 1.0 1.0 1.0 2.0 0.0 0.0 0.0 0.0 1.0 0.0 0.0 3.0 0.0 2.0 0.0 1.0 2.0 1.0 0.0 1.0 4.0 1.0 0.0 0.0 0.0
348 1.0 3.0 0.0 1.0 1.0 2.0 3.0 1.0 1.0 0.0 0.0 4.0 0.0 2.0 2.0 0.0 2.0 2.0 1.0 1.0 0.0 0.0 1.0 0.0 0.0 0.0 0.0 3.0 0.0 0.0 0.0 0.0
351 0.0 2.0 1.0 2.0 0.0 0.0 3.0 1.0 0.0 0.0 0.0 2.0 1.0 1.0 0.0 0.0 2.0 0.0 1.0 1.0 0.0 1.0 0.0 0.0 3.0 0.0 0.0 1.0 0.0 1.0 0.0 0.0
354 1.0 0.0 0.0 0.0 1.0 0.0 3.0 1.0 0.0 0.0 1.0 0.0 0.0 0.0 1.0 0.0 3.0 0.0 3.0 1.0 1.0 0.0 0.0 0.0 3.0 0.0 1.0 2.0 1.0 0.0 0.0 0.0
357 0.0 1.0 0.0 0.0 0.0 0.0 0.0 1.0 0.0 0.0 0.0 0.0 0.0 0.0 0.0 0.0 0.0 0.0 0.0 0.0 0.0 0.0 0.0 0.0 1.0 0.0 0.0 0.0 0.0 0.0 0.0 0.0
