150 16938830.0 16937286.0 16936877.0 16923429.0 16934181.0 16923850.0 16929466.0 16926261.0 16928872.0 16923514.0 16930410.0 16923044.0 16932003.0 16929886.0 16936050.0 16927771.0 16935504.0 16931092.0 16932618.0 16929831.0 16925667.0 16933826.0 16921058.0 16930340.0 16920629.0 16928862.0 16922193.0 16924457.0 16915589.0 16929969.0 16937286.0 16933418.0
153 17690847.0 17688258.0 17685193.0 17675307.0 17683734.0 17674713.0 17680549.0 17674417.0 17679383.0 17673015.0 17679357.0 17674205.0 17681465.0 17680680.0 17682496.0 17675557.0 17682607.0 17679301.0 17680275.0 17678148.0 17674607.0 17680981.0 17671996.0 17678579.0 17673925.0 17678450.0 17671504.0 17675836.0 17668398.0 17678362.0 17680995.0 17681171.0
156 17946472.0 17944536.0 17942378.0 17936845.0 17941680.0 17936132.0 17941113.0 17936083.0 17941043.0 17935719.0 17939805.0 17936345.0 17942039.0 17942027.0 17942301.0 17936832.0 17942570.0 17940145.0 17940678.0 17939100.0 17936138.0 17941890.0 17935006.0 17939614.0 17936032.0 17939402.0 17934531.0 17938934.0 17933720.0 17940020.0 17940174.0 17940607.0
159 18157623.0 18155694.0 18152426.0 18146570.0 18150977.0 18146102.0 18149377.0 18145998.0 18149370.0 18145719.0 18148682.0 18146323.0 18150255.0 18150271.0 18150812.0 18146642.0 18150993.0 18148838.0 18149080.0 18147905.0 18145769.0 18150099.0 18144863.0 18148118.0 18145672.0 18147925.0 18144619.0 18147443.0 18144086.0 18147865.0 18148966.0 18148628.0
162 18358286.0 18357946.0 18356480.0 18354375.0 18355865.0 18354135.0 18355260.0 18354043.0 18355394.0 18353911.0 18355035.0 18354159.0 18355900.0 18355764.0 18356218.0 18354550.0 18356264.0 18355291.0 18355365.0 18354723.0 18353720.0 18355954.0 18352998.0 18354912.0 18353542.0 18354795.0 18352780.0 18354332.0 18352481.0 18354600.0 18355266.0 18355247.0
165 18528964.0 18529107.0 18528253.0 18526506.0 18528403.0 18525599.0 18528300.0 18525819.0 18528919.0 18526070.0 18528104.0 18526252.0 18530542.0 18530165.0 18531425.0 18527228.0 18531138.0 18528655.0 18529209.0 18527323.0 18524468.0 18530219.0 18523645.0 18527747.0 18523861.0 18527603.0 18523141.0 18527254.0 18522895.0 18527657.0 18527345.0 18527482.0
168 18574342.0 18573720.0 18572831.0 18571761.0 18572498.0 18571511.0 18572465.0 18571506.0 18572647.0 18571939.0 18571927.0 18572786.0 18574056.0 18573889.0 18575046.0 18573347.0 18574637.0 18572786.0 18573008.0 18571485.0 18569997.0 18573605.0 18569462.0 18571480.0 18569562.0 18571009.0 18568563.0 18570877.0 18568162.0 18571232.0 18570915.0 18570930.0
171 18473865.0 18470246.0 18466498.0 18463960.0 18466406.0 18462214.0 18465923.0 18462563.0 18464725.0 18463449.0 18463595.0 18465694.0 18467712.0 18466853.0 18467832.0 18467765.0 18467120.0 18464039.0 18465979.0 18462755.0 18460793.0 18465405.0 18459752.0 18461712.0 18460230.0 18461138.0 18458464.0 18461267.0 18458008.0 18461093.0 18459610.0 18459920.0
174 18132298.0 18085951.0 18055936.0 18007738.0 18051848.0 17978361.0 18057379.0 17970142.0 18039808.0 17964368.0 18030636.0 17994878.0 18042463.0 18045094.0 18037791.0 18003639.0 18038612.0 18027519.0 18035508.0 18023660.0 17995693.0 18028983.0 17977923.0 18017586.0 18005229.0 18016647.0 17975529.0 18014485.0 17984474.0 18013528.0 18010295.0 18020543.0
177 11472182.0 11232955.0 11202385.0 11250643.0 11181908.0 11085470.0 11352150.0 11057047.0 11325542.0 11038785.0 11249122.0 11197732.0 11289120.0 11406129.0 11296779.0 11222911.0 11289041.0 11312206.0 11359242.0 11299343.0 11274345.0 11296708.0 11163937.0 11272184.0 11381442.0 11284987.0 11131847.0 11323914.0 11207615.0 11308905.0 11200149.0 11391766.0
180 10217530.0 10088391.0 10094685.0 10186365.0 10063324.0 10037225.0 10215731.0 10015870.0 10194697.0 9996174.0 10132177.0 10155984.0 10165354.0 10291580.0 10179242.0 10171692.0 10173636.0 10194189.0 10218748.0 10164455.0 10227619.0 10170825.0 10125580.0 10134994.0 10332815.0 10136415.0 10104378.0 10178194.0 10166719.0 10152454.0 10062343.0 10227990.0
183 10188430.0 10076941.0 10120082.0 10385943.0 10091387.0 10216401.0 10259365.0 10195380.0 10259532.0 10162345.0 10206073.0 10356022.0 10227072.0 10363379.0 10253819.0 10346295.0 10237468.0 10278307.0 10290455.0 10244817.0 10435245.0 10230917.0 10307119.0 10218873.0 10547440.0 10217241.0 10279113.0 10253956.0 10357113.0 10225472.0 10118847.0 10265651.0
186 499112.0 468970.0 482743.0 509486.0 457323.0 462570.0 525055.0 456194.0 516904.0 472236.0 497927.0 527730.0 509698.0 607815.0 528731.0 536721.0 530915.0 545122.0 523568.0 522158.0 530305.0 575542.0 530395.0 503357.0 589444.0 504179.0 549481.0 556571.0 554230.0 518882.0 506102.0 535403.0
189 126022.0 135907.0 139296.0 122225.0 121476.0 119495.0 129370.0 120810.0 129523.0 139537.0 129182.0 145756.0 134425.0 155572.0 143881.0 145443.0 148754.0 129653.0 134973.0 140223.0 126789.0 173564.0 159275.0 123697.0 133805.0 137480.0 181566.0 152537.0 154540.0 135417.0 147294.0 142026.0
192 124467.0 135075.0 138958.0 119066.0 120963.0 118440.0 126423.0 120137.0 126428.0 138703.0 126199.0 143697.0 133087.0 146728.0 141701.0 142795.0 146789.0 123602.0 131813.0 137913.0 121328.0 167377.0 157289.0 120011.0 122514.0 136348.0 178421.0 146461.0 148821.0 130609.0 145237.0 136153.0
195 123836.0 133965.0 138961.0 118066.0 119192.0 116115.0 125596.0 119777.0 127332.0 138778.0 123876.0 143160.0 132868.0 145937.0 140445.0 140767.0 143799.0 123082.0 129777.0 136514.0 119543.0 166590.0 156579.0 119355.0 121996.0 135150.0 177405.0 146922.0 149601.0 130686.0 144775.0 135846.0
198 116059.0 125544.0 137395.0 115384.0 112415.0 102736.0 117468.0 115340.0 120775.0 137367.0 111332.0 142749.0 131566.0 145007.0 139196.0 136989.0 134350.0 117615.0 119772.0 135154.0 109461.0 165462.0 153516.0 115762.0 115071.0 132007.0 173224.0 144903.0 147864.0 129753.0 142769.0 133422.0
201 88065.0 97766.0 132357.0 100337.0 87338.0 67031.0 90277.0 96398.0 97825.0 131859.0 75488.0 137393.0 126408.0 144834.0 125989.0 120605.0 104097.0 100560.0 90365.0 126180.0 79082.0 158271.0 144147.0 99907.0 94013.0 118421.0 158462.0 144871.0 146120.0 127067.0 135198.0 126268.0
204 38006.0 44796.0 110468.0 57529.0 38875.0 22515.0 39089.0 51719.0 46385.0 104557.0 27000.0 114432.0 104839.0 138299.0 85699.0 74092.0 48205.0 58822.0 39518.0 97291.0 31665.0 130792.0 107918.0 57670.0 49130.0 78106.0 109228.0 137265.0 136512.0 113636.0 103054.0 97162.0
207 9499.0 11982.0 65074.0 19003.0 10021.0 5548.0 10336.0 15512.0 12140.0 55004.0 6432.0 65474.0 57390.0 117285.0 35138.0 26845.0 13526.0 20968.0 10900.0 50176.0 7495.0 77669.0 51659.0 19675.0 14777.0 31265.0 44379.0 116042.0 106441.0 78020.0 54052.0 51412.0
210 3207.0 3794.0 22633.0 4663.0 3177.0 2593.0 3351.0 3994.0 3553.0 15670.0 2892.0 21104.0 17380.0 71432.0 9025.0 6603.0 4182.0 5358.0 3543.0 14668.0 2881.0 26480.0 14227.0 4930.0 3996.0 7856.0 10782.0 71060.0 53818.0 31247.0 16005.0 15955.0
213 2187.0 2551.0 5271.0 2377.0 2279.0 1955.0 2304.0 2461.0 2484.0 4134.0 2217.0 4906.0 4183.0 20764.0 3294.0 3152.0 2802.0 2610.0 2502.0 3982.0 2121.0 6143.0 4249.0 2483.0 2455.0 3294.0 4453.0 22392.0 13256.0 6709.0 4407.0 3985.0
216 1807.0 2075.0 3020.0 1960.0 1852.0 1599.0 1809.0 2019.0 1832.0 3033.0 1745.0 3149.0 2861.0 5651.0 2658.0 2572.0 2299.0 1985.0 1976.0 2698.0 1686.0 3848.0 3113.0 2031.0 1869.0 2569.0 3494.0 6160.0 4486.0 3213.0 2992.0 2720.0
219 1472.0 1614.0 2581.0 1572.0 1421.0 1296.0 1456.0 1628.0 1560.0 2577.0 1421.0 2559.0 2401.0 3452.0 2218.0 2066.0 1778.0 1662.0 1611.0 2258.0 1290.0 3229.0 2539.0 1641.0 1512.0 2086.0 2912.0 3609.0 3233.0 2652.0 2507.0 2230.0
222 1235.0 1402.0 1994.0 1238.0 1273.0 1094.0 1219.0 1420.0 1304.0 1909.0 1133.0 2055.0 1849.0 2828.0 1756.0 1601.0 1454.0 1279.0 1376.0 1749.0 1111.0 2623.0 1987.0 1301.0 1147.0 1701.0 2267.0 2848.0 2715.0 2058.0 1969.0 1784.0
225 1196.0 1339.0 1702.0 1239.0 1143.0 1108.0 1136.0 1315.0 1228.0 1676.0 1130.0 1742.0 1747.0 2215.0 1447.0 1505.0 1357.0 1160.0 1260.0 1554.0 1082.0 2118.0 1840.0 1236.0 1039.0 1521.0 1998.0 2336.0 2200.0 1757.0 1631.0 1510.0
228 1109.0 1262.0 1612.0 1156.0 1126.0 1018.0 1071.0 1245.0 1209.0 1693.0 1030.0 1646.0 1513.0 1913.0 1429.0 1400.0 1358.0 1052.0 1144.0 1379.0 1000.0 1881.0 1662.0 1126.0 964.0 1398.0 1901.0 2034.0 1955.0 1514.0 1575.0 1411.0
231 982.0 1226.0 1540.0 1028.0 1021.0 896.0 953.0 1175.0 1099.0 1634.0 902.0 1535.0 1538.0 1650.0 1356.0 1341.0 1225.0 1071.0 1102.0 1379.0 953.0 1917.0 1574.0 1131.0 925.0 1390.0 1790.0 1878.0 1785.0 1410.0 1561.0 1414.0
234 844.0 1052.0 1455.0 966.0 913.0 666.0 766.0 1066.0 899.0 1590.0 698.0 1486.0 1429.0 1694.0 1287.0 1287.0 1002.0 958.0 858.0 1299.0 693.0 1810.0 1550.0 1065.0 808.0 1294.0 1640.0 1789.0 1736.0 1447.0 1461.0 1313.0
237 525.0 757.0 1340.0 779.0 647.0 342.0 470.0 849.0 624.0 1471.0 392.0 1396.0 1321.0 1640.0 1165.0 1044.0 788.0 775.0 572.0 1169.0 370.0 1768.0 1432.0 831.0 569.0 1117.0 1551.0 1738.0 1685.0 1379.0 1416.0 1213.0
240 257.0 422.0 1260.0 488.0 358.0 143.0 224.0 571.0 334.0 1266.0 149.0 1259.0 1215.0 1578.0 923.0 706.0 448.0 526.0 271.0 1000.0 145.0 1481.0 1195.0 582.0 295.0 918.0 1162.0 1693.0 1613.0 1360.0 1230.0 1018.0
243 89.0 191.0 1089.0 200.0 130.0 60.0 81.0 325.0 105.0 1090.0 63.0 1039.0 995.0 1550.0 663.0 393.0 178.0 277.0 131.0 736.0 62.0 1289.0 862.0 303.0 126.0 521.0 692.0 1628.0 1487.0 1117.0 934.0 802.0
246 33.0 65.0 775.0 64.0 52.0 32.0 27.0 81.0 36.0 621.0 27.0 592.0 577.0 1345.0 272.0 150.0 48.0 83.0 46.0 374.0 22.0 756.0 415.0 92.0 38.0 211.0 269.0 1375.0 1266.0 862.0 476.0 426.0
249 25.0 28.0 359.0 36.0 22.0 16.0 26.0 32.0 20.0 288.0 24.0 305.0 233.0 1040.0 88.0 55.0 28.0 41.0 31.0 155.0 14.0 371.0 162.0 35.0 38.0 92.0 95.0 1171.0 868.0 463.0 232.0 160.0
252 20.0 25.0 138.0 18.0 14.0 17.0 19.0 27.0 22.0 89.0 14.0 82.0 70.0 642.0 29.0 35.0 23.0 21.0 22.0 50.0 16.0 133.0 52.0 29.0 19.0 39.0 46.0 680.0 469.0 166.0 78.0 51.0
255 24.0 32.0 41.0 16.0 18.0 13.0 13.0 17.0 15.0 41.0 10.0 51.0 36.0 258.0 43.0 20.0 14.0 17.0 26.0 40.0 15.0 58.0 37.0 13.0 10.0 32.0 38.0 340.0 182.0 71.0 41.0 28.0
258 15.0 21.0 28.0 25.0 17.0 16.0 9.0 15.0 17.0 32.0 7.0 33.0 36.0 90.0 30.0 29.0 17.0 17.0 16.0 23.0 18.0 42.0 30.0 18.0 15.0 26.0 26.0 140.0 64.0 43.0 33.0 30.0
261 14.0 13.0 24.0 17.0 19.0 10.0 10.0 20.0 26.0 41.0 19.0 22.0 29.0 37.0 15.0 15.0 19.0 13.0 16.0 27.0 12.0 31.0 29.0 12.0 13.0 29.0 21.0 81.0 45.0 22.0 17.0 26.0
264 15.0 20.0 32.0 10.0 12.0 15.0 7.0 11.0 10.0 20.0 17.0 24.0 25.0 34.0 21.0 19.0 16.0 14.0 16.0 16.0 17.0 25.0 31.0 18.0 13.0 12.0 28.0 36.0 31.0 22.0 25.0 23.0
267 9.0 15.0 22.0 6.0 12.0 12.0 10.0 18.0 11.0 26.0 8.0 27.0 21.0 31.0 14.0 17.0 18.0 10.0 8.0 29.0 6.0 30.0 15.0 15.0 8.0 22.0 22.0 39.0 34.0 17.0 18.0 23.0
270 4.0 17.0 24.0 13.0 7.0 9.0 6.0 12.0 13.0 24.0 4.0 23.0 25.0 34.0 18.0 13.0 9.0 10.0 13.0 25.0 3.0 29.0 19.0 9.0 8.0 22.0 18.0 38.0 24.0 18.0 25.0 12.0
273 6.0 4.0 26.0 7.0 5.0 7.0 2.0 12.0 3.0 22.0 5.0 23.0 20.0 40.0 22.0 16.0 11.0 11.0 8.0 16.0 4.0 32.0 22.0 16.0 4.0 18.0 18.0 23.0 31.0 19.0 23.0 16.0
276 5.0 5.0 19.0 9.0 6.0 2.0 2.0 5.0 5.0 13.0 2.0 23.0 17.0 27.0 12.0 10.0 6.0 6.0 8.0 12.0 1.0 23.0 18.0 6.0 2.0 10.0 18.0 32.0 24.0 25.0 18.0 14.0
279 2.0 2.0 23.0 1.0 2.0 1.0 0.0 3.0 1.0 22.0 0.0 9.0 16.0 27.0 17.0 5.0 1.0 5.0 2.0 16.0 0.0 18.0 15.0 7.0 0.0 12.0 19.0 32.0 28.0 17.0 21.0 8.0
282 0.0 1.0 21.0 3.0 0.0 0.0 0.0 2.0 2.0 15.0 0.0 10.0 6.0 28.0 2.0 1.0 0.0 3.0 0.0 11.0 1.0 19.0 14.0 5.0 1.0 6.0 6.0 26.0 20.0 17.0 11.0 11.0
285 0.0 0.0 10.0 1.0 1.0 0.0 0.0 0.0 0.0 11.0 1.0 12.0 7.0 30.0 1.0 1.0 0.0 1.0 0.0 3.0 0.0 12.0 3.0 0.0 0.0 0.0 3.0 25.0 20.0 8.0 12.0 3.0
288 0.0 1.0 5.0 1.0 1.0 0.0 0.0 0.0 1.0 5.0 0.0 6.0 4.0 11.0 1.0 1.0 1.0 1.0 0.0 2.0 0.0 7.0 4.0 0.0 2.0 1.0 1.0 25.0 16.0 14.0 6.0 1.0
291 0.0 0.0 2.0 0.0 0.0 2.0 0.0 0.0 0.0 3.0 0.0 2.0 1.0 7.0 2.0 0.0 0.0 2.0 3.0 1.0 0.0 1.0 0.0 4.0 1.0 1.0 1.0 25.0 9.0 7.0 0.0 0.0
294 0.0 1.0 1.0 1.0 2.0 0.0 0.0 2.0 1.0 2.0 1.0 1.0 1.0 4.0 0.0 0.0 0.0 3.0 1.0 0.0 1.0 1.0 0.0 2.0 0.0 2.0 1.0 8.0 5.0 2.0 2.0 1.0
297 1.0 0.0 1.0 1.0 0.0 0.0 0.0 0.0 1.0 0.0 0.0 1.0 1.0 3.0 0.0 1.0 0.0 0.0 0.0 0.0 0.0 1.0 1.0 1.0 0.0 0.0 1.0 5.0 2.0 0.0 0.0 0.0
300 0.0 0.0 1.0 1.0 0.0 1.0 0.0 0.0 2.0 0.0 0.0 2.0 1.0 3.0 2.0 1.0 0.0 1.0 0.0 0.0 2.0 2.0 0.0 0.0 0.0 1.0 0.0 2.0 1.0 0.0 2.0 1.0
303 1.0 0.0 1.0 0.0 0.0 0.0 0.0 1.0 0.0 2.0 0.0 0.0 0.0 1.0 2.0 0.0 0.0 1.0 1.0 1.0 0.0 0.0 0.0 1.0 0.0 1.0 1.0 3.0 1.0 0.0 1.0 1.0
306 0.0 1.0 1.0 0.0 2.0 0.0 0.0 2.0 0.0 0.0 0.0 2.0 0.0 1.0 0.0 0.0 0.0 1.0 0.0 1.0 0.0 1.0 1.0 2.0 1.0 0.0 1.0 2.0 1.0 1.0 0.0 0.0
309 0.0 1.0 0.0 0.0 0.0 0.0 1.0 0.0 0.0 0.0 0.0 0.0 1.0 0.0 1.0 0.0 0.0 1.0 0.0 0.0 0.0 1.0 2.0 0.0 1.0 1.0 0.0 0.0 0.0 2.0 0.0 1.0
312 0.0 0.0 1.0 0.0 1.0 0.0 1.0 0.0 0.0 2.0 0.0 0.0 1.0 0.0 0.0 0.0 0.0 1.0 1.0 0.0 0.0 0.0 0.0 1.0 0.0 0.0 2.0 0.0 1.0 1.0 1.0 0.0
315 0.0 0.0 0.0 0.0 1.0 0.0 0.0 0.0 0.0 1.0 0.0 1.0 1.0 0.0 1.0 0.0 0.0 0.0 2.0 2.0 0.0 0.0 1.0 1.0 1.0 1.0 0.0 0.0 1.0 1.0 1.0 2.0
318 0.0 0.0 0.0 0.0 0.0 0.0 1.0 0.0 0.0 0.0 0.0 1.0 1.0 2.0 0.0 0.0 0.0 2.0 0.0 0.0 0.0 1.0 0.0 0.0 0.0 1.0 0.0 1.0 0.0 1.0 0.0 0.0
321 0.0 1.0 0.0 0.0 1.0 0.0 0.0 0.0 0.0 1.0 1.0 0.0 1.0 0.0 0.0 0.0 1.0 0.0 0.0 0.0 1.0 0.0 1.0 0.0 0.0 0.0 0.0 1.0 0.0 0.0 0.0 0.0
324 0.0 0.0 0.0 1.0 0.0 0.0 0.0 0.0 2.0 1.0 0.0 0.0 0.0 0.0 0.0 0.0 0.0 0.0 0.0 0.0 0.0 1.0 2.0 0.0 2.0 1.0 0.0 2.0 1.0 0.0 1.0 2.0
327 1.0 1.0 1.0 1.0 1.0 1.0 1.0 1.0 0.0 0.0 0.0 1.0 1.0 1.0 0.0 0.0 1.0 0.0 1.0 1.0 0.0 1.0 1.0 2.0 1.0 1.0 0.0 1.0 2.0 1.0 0.0 0.0
330 0.0 0.0 0.0 1.0 1.0 0.0 0.0 0.0 0.0 0.0 0.0 1.0 0.0 1.0 0.0 0.0 0.0 0.0 0.0 0.0 0.0 0.0 0.0 1.0 1.0 1.0 0.0 1.0 1.0 0.0 0.0 1.0
333 0.0 0.0 0.0 0.0 0.0 1.0 0.0 0.0 0.0 0.0 0.0 1.0 0.0 0.0 0.0 0.0 0.0 0.0 0.0 0.0 0.0 0.0 0.0 0.0 0.0 0.0 0.0 0.0 0.0 0.0 0.0 0.0
336 0.0 0.0 0.0 1.0 0.0 0.0 0.0 1.0 0.0 0.0 1.0 0.0 0.0 0.0 1.0 0.0 0.0 0.0 0.0 1.0 0.0 0.0 0.0 1.0 0.0 0.0 0.0 0.0 0.0 1.0 0.0 0.0
339 0.0 0.0 1.0 1.0 0.0 0.0 0.0 0.0 0.0 0.0 0.0 1.0 0.0 0.0 1.0 1.0 0.0 0.0 0.0 0.0 0.0 1.0 0.0 0.0 1.0 0.0 0.0 0.0 1.0 0.0 0.0 0.0
342 1.0 1.0 0.0 1.0 1.0 0.0 0.0 0.0 0.0 0.0 0.0 1.0 1.0 1.0 0.0 0.0 0.0 0.0 1.0 2.0 0.0 0.0 0.0 0.0 0.0 0.0 0.0 0.0 0.0 0.0 1.0 1.0
345 0.0 0.0 0.0 0.0 0.0 0.0 0.0 0.0 0.0 0.0 0.0 1.0 0.0 1.0 0.0 0.0 0.0 1.0 0.0 1.0 0.0 0.0 0.0 1.0 1.0 0.0 0.0 1.0 1.0 0.0 1.0 0.0
348 0.0 0.0 0.0 0.0 0.0 0.0 1.0 0.0 0.0 0.0 0.0 1.0 0.0 0.0 0.0 0.0 0.0 0.0 1.0 0.0 0.0 0.0 0.0 0.0 0.0 1.0 0.0 0.0 0.0 0.0 0.0 0.0
351 0.0 0.0 0.0 0.0 0.0 1.0 0.0 0.0 0.0 0.0 1.0 0.0 0.0 0.0 0.0 1.0 1.0 1.0 1.0 0.0 0.0 1.0 0.0 0.0 1.0 0.0 1.0 0.0 0.0 0.0 0.0 0.0
354 0.0 0.0 0.0 0.0 0.0 0.0 0.0 0.0 0.0 0.0 0.0 1.0 0.0 0.0 0.0 0.0 0.0 0.0 0.0 1.0 3.0 1.0 0.0 0.0 1.0 0.0 0.0 0.0 0.0 0.0 0.0 0.0
357 0.0 0.0 0.0 1.0 0.0 0.0 0.0 0.0 1.0 0.0 0.0 0.0 0.0 0.0 0.0 0.0 0.0 0.0 0.0 0.0 1.0 0.0 0.0 0.0 0.0 0.0 0.0 0.0 0.0 0.0 0.0 1.0
