150 6536.0 15407.0 20233.0 16285.0 13260.0 14045.0 8463.0 14515.0 12759.0 18583.0 12129.0 10710.0 19000.0 14146.0 10318.0 12301.0 10301.0 17560.0 10556.0 10614.0 15809.0 10982.0 12431.0 17481.0 12406.0 12499.0 12386.0 11503.0 10635.0 9192.0 10094.0 18795.0
153 11018656.0 11027397.0 11030567.0 10989674.0 11015998.0 11000100.0 10990833.0 11025825.0 10991104.0 11027662.0 11011380.0 11003622.0 11038988.0 11031141.0 11017957.0 10992620.0 11010520.0 11034237.0 11003836.0 10998764.0 11025217.0 10998310.0 10990628.0 11031675.0 10991375.0 11015887.0 10980010.0 10983872.0 10990479.0 10998977.0 10996813.0 10987050.0
156 7512052.0 7533540.0 7545615.0 7484143.0 7498742.0 7493401.0 7435726.0 7528284.0 7453504.0 7534445.0 7490273.0 7470086.0 7558259.0 7537317.0 7483155.0 7456470.0 7465098.0 7534024.0 7463434.0 7453732.0 7518894.0 7449124.0 7456766.0 7551237.0 7464453.0 7510807.0 7452817.0 7443426.0 7453440.0 7462321.0 7460781.0 7475313.0
159 17827815.0 17815869.0 17806849.0 17793230.0 17816303.0 17799877.0 17820803.0 17803279.0 17810278.0 17794281.0 17819549.0 17806482.0 17810039.0 17817790.0 17821474.0 17801411.0 17821419.0 17810967.0 17820797.0 17819030.0 17800327.0 17818543.0 17797988.0 17811190.0 17800343.0 17818605.0 17796750.0 17809775.0 17804216.0 17821718.0 17819743.0 17801163.0
162 18182783.0 18178031.0 18167746.0 18150988.0 18177927.0 18158758.0 18179469.0 18160405.0 18170551.0 18150233.0 18178431.0 18162367.0 18169411.0 18176993.0 18177898.0 18157899.0 18179618.0 18170278.0 18179188.0 18177529.0 18157874.0 18178028.0 18155682.0 18171342.0 18160389.0 18178277.0 18156750.0 18169761.0 18164574.0 18180387.0 18179812.0 18168836.0
165 18551430.0 18542469.0 18533483.0 18519880.0 18543468.0 18527632.0 18547056.0 18529375.0 18537570.0 18519139.0 18546026.0 18531069.0 18536153.0 18543805.0 18545379.0 18526985.0 18546418.0 18536759.0 18546852.0 18545557.0 18526730.0 18545538.0 18524864.0 18539158.0 18529568.0 18546079.0 18526437.0 18538001.0 18533937.0 18547900.0 18546674.0 18535126.0
168 18759704.0 18754075.0 18744751.0 18726468.0 18753354.0 18734419.0 18754083.0 18735901.0 18745452.0 18725372.0 18753422.0 18737980.0 18746159.0 18752378.0 18753082.0 18734037.0 18754631.0 18746243.0 18752291.0 18751046.0 18733464.0 18751777.0 18730968.0 18746190.0 18736211.0 18751491.0 18732960.0 18745210.0 18739671.0 18751876.0 18751052.0 18745761.0
171 18838725.0 18832822.0 18825884.0 18810895.0 18833371.0 18818798.0 18834102.0 18819822.0 18828504.0 18809884.0 18833585.0 18822160.0 18828183.0 18832735.0 18834604.0 18818335.0 18834713.0 18828387.0 18833451.0 18832135.0 18817650.0 18833436.0 18814609.0 18827946.0 18819627.0 18832330.0 18817160.0 18828628.0 18822678.0 18832849.0 18831987.0 18829851.0
174 18726191.0 18723932.0 18720267.0 18706808.0 18723362.0 18712561.0 18723062.0 18712932.0 18719488.0 18704048.0 18722453.0 18714543.0 18719127.0 18721462.0 18722154.0 18711840.0 18722629.0 18718816.0 18720733.0 18720161.0 18710008.0 18720712.0 18707219.0 18717466.0 18711596.0 18719520.0 18709352.0 18717555.0 18713280.0 18719462.0 18719513.0 18718664.0
177 18477231.0 18483983.0 18477295.0 18449694.0 18475795.0 18452593.0 18473525.0 18453552.0 18464856.0 18444284.0 18468907.0 18457124.0 18463110.0 18463934.0 18465122.0 18454488.0 18466970.0 18461079.0 18460914.0 18459083.0 18447665.0 18460225.0 18442142.0 18452683.0 18446316.0 18455228.0 18441671.0 18453839.0 18445646.0 18455164.0 18455582.0 18456912.0
180 17489593.0 17712715.0 17653278.0 17304962.0 17594366.0 17245208.0 17607870.0 17244452.0 17558575.0 17206657.0 17557649.0 17282055.0 17488624.0 17470598.0 17501098.0 17348945.0 17565118.0 17483768.0 17519134.0 17492217.0 17260546.0 17527661.0 17273003.0 17383400.0 17313717.0 17452762.0 17283784.0 17521558.0 17310106.0 17505320.0 17535366.0 17618910.0
183 11313009.0 11330490.0 11297397.0 11216397.0 11242621.0 11141926.0 11315324.0 11140374.0 11348503.0 11100285.0 11320635.0 11201316.0 11228269.0 11167215.0 11269585.0 11350768.0 11354846.0 11223827.0 11291300.0 11230719.0 11118807.0 11307499.0 11147075.0 10981277.0 11239770.0 11112773.0 11158239.0 11312772.0 11184939.0 11211945.0 11255823.0 11462447.0
186 10154282.0 10139615.0 10112966.0 10097847.0 10049654.0 10039761.0 10113008.0 10043330.0 10148632.0 9999998.0 10120973.0 10084595.0 10041887.0 9979758.0 10069770.0 10217588.0 10143359.0 10031153.0 10090159.0 10031373.0 10007773.0 10098039.0 10033900.0 9803170.0 10124707.0 9918709.0 10044625.0 10105130.0 10075609.0 10006161.0 10040085.0 10214575.0
189 9748049.0 9591292.0 9581648.0 9648568.0 9525122.0 9597418.0 9589284.0 9608423.0 9642778.0 9554725.0 9609200.0 9632590.0 9536557.0 9461388.0 9560937.0 9750734.0 9625988.0 9507836.0 9581007.0 9513743.0 9551265.0 9575459.0 9572502.0 9257710.0 9669897.0 9382668.0 9584471.0 9586749.0 9630977.0 9469817.0 9497915.0 9651964.0
192 145712.0 184332.0 216607.0 212261.0 176397.0 190377.0 166708.0 176004.0 203878.0 186347.0 188474.0 153943.0 191892.0 169139.0 152465.0 187256.0 167009.0 184418.0 165286.0 159772.0 175504.0 171786.0 160714.0 172262.0 183148.0 159826.0 180493.0 170922.0 167727.0 154446.0 153025.0 259576.0
195 140574.0 157756.0 187245.0 191934.0 164836.0 176099.0 143698.0 160390.0 173905.0 176288.0 166861.0 138833.0 180581.0 161011.0 136568.0 162396.0 142436.0 171119.0 153087.0 150835.0 164264.0 155218.0 153608.0 171920.0 167957.0 157453.0 169928.0 152146.0 152420.0 144534.0 140731.0 238046.0
198 140759.0 156293.0 186812.0 189833.0 164760.0 176206.0 143077.0 159840.0 173858.0 177141.0 166351.0 138342.0 181551.0 161574.0 136731.0 161953.0 141346.0 169841.0 152803.0 150652.0 164514.0 155812.0 153933.0 173015.0 168818.0 157341.0 168907.0 151879.0 150785.0 144762.0 140078.0 235225.0
201 140056.0 156734.0 186517.0 190095.0 164539.0 175333.0 143567.0 159533.0 172583.0 176814.0 165914.0 137262.0 179441.0 161699.0 137128.0 161780.0 141318.0 170313.0 152064.0 151133.0 164357.0 155516.0 154607.0 172248.0 168385.0 156889.0 169525.0 151032.0 151063.0 144350.0 139868.0 238609.0
204 140302.0 156526.0 188237.0 190454.0 164527.0 175992.0 143420.0 160717.0 173450.0 176676.0 165971.0 137539.0 180175.0 160516.0 137740.0 161410.0 142690.0 171438.0 152797.0 151404.0 164896.0 156408.0 153995.0 171952.0 169852.0 156491.0 170278.0 152738.0 151610.0 144444.0 140866.0 238541.0
207 140514.0 156833.0 187314.0 190720.0 165303.0 173932.0 143440.0 159649.0 173996.0 176032.0 165899.0 138151.0 179898.0 161915.0 136787.0 161523.0 142299.0 171610.0 152794.0 150637.0 163879.0 155082.0 154097.0 171922.0 168005.0 157107.0 169766.0 151915.0 150826.0 144102.0 139883.0 240053.0
210 139419.0 157243.0 186596.0 190432.0 164272.0 175002.0 142640.0 159423.0 172756.0 176255.0 165280.0 137559.0 180053.0 161129.0 136891.0 160629.0 140976.0 170976.0 152390.0 149481.0 164036.0 156121.0 153620.0 171409.0 169491.0 155982.0 170026.0 151906.0 149808.0 143912.0 138739.0 238765.0
213 137216.0 156334.0 186500.0 189813.0 163802.0 175457.0 141421.0 159643.0 172071.0 175717.0 165204.0 137810.0 178829.0 160448.0 136399.0 160414.0 141396.0 171029.0 151615.0 150145.0 164024.0 155282.0 153464.0 170725.0 167143.0 155082.0 170802.0 151260.0 150390.0 142204.0 138586.0 237193.0
216 126942.0 156201.0 186947.0 189342.0 162717.0 172942.0 141496.0 158611.0 170673.0 175389.0 164167.0 136960.0 178342.0 159029.0 134900.0 160082.0 140365.0 169208.0 150044.0 149105.0 164176.0 153265.0 152351.0 169522.0 165254.0 151965.0 168173.0 150061.0 147387.0 137307.0 137544.0 234175.0
219 93909.0 154815.0 185311.0 187259.0 160992.0 169885.0 134939.0 157185.0 169420.0 174170.0 160079.0 135303.0 177872.0 156579.0 132506.0 157874.0 137348.0 168971.0 143355.0 143147.0 161421.0 148519.0 150083.0 165982.0 160477.0 139551.0 164024.0 148430.0 139355.0 120189.0 131584.0 235545.0
222 45015.0 152819.0 184374.0 186042.0 154486.0 158317.0 113788.0 151268.0 164525.0 171034.0 145708.0 127731.0 175014.0 147306.0 121779.0 152893.0 126958.0 164157.0 119444.0 122085.0 155147.0 130477.0 144647.0 154272.0 145971.0 105328.0 145835.0 141818.0 113833.0 80022.0 112756.0 228258.0
225 11436.0 147286.0 181199.0 174869.0 124919.0 112846.0 58013.0 123280.0 137639.0 161149.0 93597.0 98240.0 163098.0 109558.0 81453.0 128052.0 88821.0 153023.0 63162.0 67706.0 128329.0 76995.0 113511.0 110627.0 96911.0 45951.0 89647.0 111863.0 61382.0 27396.0 61705.0 200079.0
228 4785.0 123456.0 170783.0 138041.0 71809.0 52885.0 18073.0 75476.0 84514.0 128003.0 39624.0 53851.0 128787.0 55908.0 34830.0 78637.0 42459.0 120134.0 20933.0 23767.0 80837.0 28782.0 63574.0 56503.0 41770.0 14467.0 36596.0 61763.0 22171.0 8271.0 21372.0 132296.0
231 3684.0 75545.0 136062.0 74117.0 25940.0 16608.0 5948.0 29983.0 32406.0 68295.0 12084.0 19025.0 71381.0 17295.0 9992.0 29712.0 13385.0 66284.0 6785.0 7357.0 33767.0 8479.0 21703.0 18680.0 12305.0 5832.0 10947.0 20362.0 7392.0 4306.0 6610.0 50821.0
234 3181.0 29238.0 72609.0 23652.0 8238.0 6717.0 4356.0 9698.0 10004.0 21790.0 6021.0 6304.0 25084.0 6351.0 4746.0 8770.0 5295.0 22647.0 4713.0 4690.0 10776.0 5144.0 7299.0 7527.0 6081.0 4511.0 6078.0 6859.0 4630.0 3461.0 4269.0 14684.0
237 2894.0 9999.0 26700.0 9069.0 5551.0 5567.0 3691.0 5565.0 6139.0 8467.0 4867.0 4304.0 9811.0 4969.0 3811.0 5587.0 4071.0 8232.0 4217.0 4090.0 5789.0 4386.0 5252.0 5697.0 4943.0 3876.0 4995.0 4780.0 4085.0 3006.0 3629.0 8857.0
240 2604.0 5604.0 9712.0 6564.0 4808.0 4834.0 3202.0 4576.0 5275.0 6388.0 4324.0 3614.0 6602.0 4274.0 3325.0 4807.0 3570.0 5683.0 3607.0 3579.0 4727.0 3889.0 4311.0 5139.0 4318.0 3437.0 4319.0 4374.0 3672.0 2609.0 3094.0 7620.0
243 2535.0 4624.0 6600.0 5921.0 4135.0 4274.0 2887.0 4125.0 4597.0 5548.0 3851.0 3246.0 5733.0 3758.0 3005.0 4063.0 3170.0 4787.0 3337.0 3230.0 4138.0 3674.0 3890.0 4559.0 3911.0 3244.0 3863.0 3789.0 3124.0 2583.0 2881.0 6790.0
246 2508.0 4032.0 5603.0 5211.0 3664.0 3951.0 2747.0 3801.0 4225.0 4895.0 3639.0 3070.0 5131.0 3507.0 2832.0 3820.0 2950.0 4257.0 3198.0 3116.0 3737.0 3432.0 3691.0 4184.0 3588.0 3112.0 3866.0 3500.0 3118.0 2521.0 2707.0 6379.0
249 2474.0 3622.0 4980.0 4772.0 3604.0 3845.0 2734.0 3553.0 3990.0 4594.0 3419.0 2814.0 4755.0 3366.0 2597.0 3614.0 2858.0 3845.0 3146.0 3115.0 3593.0 3306.0 3617.0 4103.0 3559.0 3127.0 3609.0 3389.0 3046.0 2448.0 2650.0 5809.0
252 2424.0 3417.0 4681.0 4562.0 3524.0 3740.0 2767.0 3361.0 3850.0 4451.0 3433.0 2755.0 4505.0 3485.0 2635.0 3605.0 2791.0 3717.0 3036.0 3059.0 3424.0 3159.0 3424.0 3918.0 3432.0 2991.0 3673.0 3344.0 2957.0 2525.0 2614.0 5747.0
255 2375.0 3321.0 4369.0 4513.0 3583.0 3667.0 2581.0 3322.0 3835.0 4493.0 3300.0 2752.0 4313.0 3283.0 2653.0 3433.0 2737.0 3664.0 2982.0 3029.0 3438.0 3147.0 3498.0 4007.0 3346.0 2975.0 3613.0 3332.0 2920.0 2380.0 2549.0 5610.0
258 2380.0 3411.0 4143.0 4503.0 3471.0 3721.0 2589.0 3335.0 3908.0 4325.0 3351.0 2667.0 4513.0 3204.0 2599.0 3445.0 2816.0 3607.0 2926.0 2939.0 3325.0 3129.0 3449.0 4079.0 3310.0 2917.0 3569.0 3192.0 2879.0 2408.0 2639.0 5642.0
261 2156.0 3219.0 4267.0 4348.0 3336.0 3560.0 2615.0 3280.0 3711.0 4235.0 3219.0 2601.0 4356.0 3175.0 2533.0 3484.0 2737.0 3463.0 2881.0 2959.0 3324.0 3059.0 3361.0 3978.0 3205.0 2876.0 3493.0 3256.0 2896.0 2194.0 2565.0 5323.0
264 2067.0 3249.0 4099.0 4317.0 3269.0 3397.0 2476.0 3251.0 3607.0 4213.0 3287.0 2567.0 4271.0 3272.0 2550.0 3396.0 2635.0 3508.0 2722.0 2859.0 3316.0 3084.0 3269.0 3727.0 3117.0 2766.0 3266.0 3048.0 2673.0 2192.0 2499.0 5279.0
267 1791.0 3186.0 4027.0 4258.0 3194.0 3423.0 2353.0 3213.0 3586.0 4095.0 3083.0 2546.0 4199.0 2976.0 2442.0 3293.0 2594.0 3520.0 2724.0 2824.0 3191.0 3049.0 3210.0 3697.0 2955.0 2668.0 3331.0 3036.0 2606.0 1992.0 2393.0 5256.0
270 1181.0 3101.0 3982.0 4167.0 3178.0 3330.0 2305.0 3138.0 3461.0 4034.0 3098.0 2366.0 4033.0 2990.0 2263.0 3240.0 2457.0 3324.0 2610.0 2597.0 3154.0 2770.0 3114.0 3649.0 2921.0 2514.0 3049.0 2771.0 2504.0 1733.0 2259.0 5040.0
273 687.0 2928.0 3949.0 4099.0 3133.0 3175.0 1995.0 2979.0 3372.0 3971.0 2881.0 2489.0 3941.0 2834.0 2239.0 3069.0 2408.0 3160.0 2293.0 2331.0 3086.0 2708.0 2999.0 3494.0 2897.0 2120.0 2920.0 2933.0 2167.0 1371.0 2091.0 4907.0
276 303.0 2993.0 3828.0 3942.0 2995.0 2981.0 1568.0 2978.0 3183.0 3912.0 2512.0 2228.0 4033.0 2596.0 1965.0 2995.0 2188.0 3178.0 1936.0 1972.0 3064.0 2172.0 2837.0 3272.0 2545.0 1600.0 2627.0 2632.0 1768.0 790.0 1656.0 4548.0
279 130.0 2862.0 3717.0 3869.0 2596.0 2481.0 953.0 2645.0 2899.0 3786.0 2026.0 2028.0 3705.0 2463.0 1634.0 2713.0 1774.0 3009.0 1239.0 1356.0 2648.0 1618.0 2591.0 2994.0 2107.0 1009.0 1993.0 2386.0 1195.0 412.0 1156.0 4333.0
282 84.0 2817.0 3634.0 3672.0 2165.0 1843.0 426.0 2177.0 2448.0 3518.0 1301.0 1488.0 3630.0 1725.0 1077.0 2100.0 1226.0 2878.0 563.0 751.0 2369.0 890.0 2004.0 2219.0 1302.0 470.0 1167.0 1873.0 610.0 141.0 619.0 3678.0
285 83.0 2499.0 3507.0 3148.0 1501.0 1104.0 185.0 1710.0 1776.0 3128.0 670.0 1071.0 3249.0 1234.0 569.0 1555.0 708.0 2592.0 253.0 302.0 1807.0 371.0 1334.0 1404.0 673.0 232.0 619.0 1171.0 268.0 86.0 306.0 2661.0
288 82.0 2030.0 3242.0 2225.0 691.0 438.0 85.0 899.0 870.0 2423.0 203.0 437.0 2414.0 469.0 209.0 739.0 273.0 1946.0 110.0 140.0 1076.0 154.0 536.0 646.0 253.0 114.0 214.0 461.0 124.0 80.0 122.0 1217.0
291 65.0 1342.0 2696.0 1305.0 310.0 191.0 74.0 440.0 381.0 1441.0 114.0 212.0 1592.0 203.0 98.0 288.0 141.0 1320.0 115.0 110.0 537.0 131.0 241.0 272.0 178.0 104.0 146.0 211.0 109.0 71.0 110.0 494.0
294 65.0 761.0 2055.0 590.0 153.0 149.0 84.0 190.0 212.0 736.0 108.0 144.0 826.0 138.0 96.0 139.0 111.0 634.0 101.0 91.0 254.0 122.0 131.0 189.0 109.0 90.0 111.0 174.0 114.0 67.0 83.0 258.0
297 59.0 345.0 1309.0 266.0 136.0 116.0 63.0 126.0 157.0 340.0 117.0 86.0 411.0 118.0 81.0 113.0 105.0 269.0 91.0 81.0 137.0 102.0 158.0 137.0 101.0 90.0 126.0 102.0 71.0 51.0 61.0 207.0
300 52.0 187.0 638.0 184.0 89.0 129.0 67.0 141.0 142.0 198.0 92.0 61.0 235.0 103.0 82.0 124.0 91.0 168.0 84.0 77.0 112.0 104.0 90.0 130.0 103.0 72.0 117.0 123.0 70.0 62.0 73.0 199.0
303 66.0 126.0 304.0 154.0 101.0 88.0 68.0 115.0 143.0 151.0 103.0 85.0 182.0 106.0 69.0 114.0 80.0 135.0 66.0 87.0 122.0 102.0 96.0 154.0 97.0 95.0 109.0 119.0 82.0 53.0 69.0 170.0
306 48.0 93.0 197.0 146.0 108.0 117.0 60.0 114.0 106.0 137.0 81.0 77.0 172.0 95.0 81.0 103.0 86.0 107.0 77.0 88.0 107.0 106.0 120.0 136.0 91.0 72.0 109.0 93.0 91.0 60.0 83.0 192.0
309 64.0 79.0 156.0 161.0 113.0 107.0 64.0 83.0 134.0 133.0 85.0 62.0 148.0 85.0 52.0 98.0 67.0 94.0 87.0 81.0 82.0 82.0 89.0 125.0 89.0 66.0 98.0 101.0 72.0 41.0 62.0 158.0
312 44.0 87.0 143.0 142.0 99.0 77.0 69.0 95.0 114.0 155.0 91.0 80.0 152.0 84.0 67.0 92.0 80.0 92.0 82.0 87.0 97.0 90.0 94.0 107.0 81.0 72.0 90.0 100.0 82.0 47.0 59.0 173.0
315 34.0 86.0 144.0 137.0 94.0 94.0 43.0 97.0 97.0 149.0 81.0 76.0 146.0 93.0 68.0 109.0 75.0 94.0 63.0 73.0 106.0 89.0 90.0 108.0 95.0 73.0 92.0 88.0 61.0 32.0 64.0 162.0
318 23.0 100.0 123.0 155.0 105.0 80.0 54.0 101.0 109.0 120.0 86.0 54.0 146.0 85.0 63.0 103.0 70.0 106.0 73.0 74.0 88.0 74.0 102.0 113.0 79.0 63.0 86.0 101.0 72.0 44.0 54.0 151.0
321 14.0 94.0 108.0 126.0 90.0 90.0 49.0 90.0 106.0 132.0 76.0 73.0 157.0 82.0 55.0 103.0 62.0 131.0 58.0 61.0 67.0 82.0 87.0 98.0 83.0 67.0 81.0 73.0 56.0 34.0 65.0 139.0
324 12.0 93.0 133.0 145.0 86.0 99.0 45.0 81.0 117.0 111.0 52.0 62.0 138.0 69.0 60.0 104.0 74.0 88.0 68.0 59.0 76.0 76.0 72.0 109.0 62.0 55.0 76.0 81.0 51.0 23.0 53.0 134.0
327 3.0 90.0 119.0 133.0 84.0 86.0 23.0 90.0 90.0 126.0 57.0 52.0 127.0 64.0 48.0 78.0 56.0 95.0 50.0 53.0 78.0 68.0 82.0 87.0 78.0 25.0 75.0 67.0 33.0 17.0 34.0 139.0
330 4.0 83.0 95.0 116.0 64.0 71.0 19.0 77.0 63.0 106.0 55.0 49.0 106.0 64.0 47.0 68.0 40.0 83.0 29.0 30.0 78.0 41.0 75.0 104.0 41.0 24.0 49.0 59.0 24.0 3.0 30.0 137.0
333 1.0 88.0 101.0 115.0 60.0 34.0 11.0 47.0 77.0 127.0 42.0 51.0 113.0 51.0 28.0 52.0 32.0 82.0 13.0 22.0 74.0 27.0 57.0 65.0 29.0 9.0 29.0 58.0 10.0 2.0 9.0 107.0
336 4.0 75.0 127.0 121.0 45.0 47.0 8.0 41.0 57.0 105.0 23.0 30.0 106.0 44.0 16.0 72.0 17.0 56.0 1.0 15.0 60.0 17.0 43.0 65.0 30.0 12.0 19.0 26.0 10.0 0.0 9.0 97.0
339 5.0 74.0 125.0 80.0 33.0 29.0 4.0 44.0 37.0 97.0 13.0 22.0 108.0 21.0 6.0 44.0 13.0 74.0 6.0 7.0 52.0 6.0 34.0 51.0 13.0 2.0 8.0 33.0 3.0 6.0 2.0 71.0
342 0.0 69.0 86.0 76.0 11.0 17.0 3.0 26.0 22.0 97.0 7.0 18.0 77.0 15.0 5.0 17.0 11.0 69.0 5.0 3.0 31.0 4.0 19.0 21.0 6.0 8.0 6.0 11.0 4.0 2.0 4.0 38.0
345 2.0 54.0 76.0 58.0 9.0 5.0 4.0 16.0 23.0 64.0 6.0 7.0 69.0 13.0 4.0 10.0 3.0 46.0 3.0 2.0 20.0 3.0 9.0 10.0 5.0 9.0 4.0 9.0 1.0 1.0 1.0 22.0
348 1.0 35.0 90.0 39.0 5.0 5.0 5.0 15.0 7.0 30.0 2.0 0.0 46.0 5.0 3.0 3.0 2.0 31.0 1.0 7.0 12.0 4.0 5.0 2.0 3.0 5.0 4.0 5.0 0.0 3.0 2.0 13.0
351 1.0 23.0 65.0 6.0 4.0 1.0 4.0 6.0 5.0 24.0 2.0 4.0 24.0 5.0 5.0 7.0 3.0 12.0 1.0 2.0 4.0 5.0 5.0 4.0 3.0 2.0 4.0 3.0 0.0 1.0 3.0 12.0
354 2.0 14.0 50.0 5.0 3.0 6.0 2.0 6.0 6.0 16.0 3.0 3.0 12.0 2.0 1.0 3.0 2.0 4.0 3.0 3.0 5.0 8.0 4.0 4.0 8.0 2.0 5.0 5.0 2.0 2.0 6.0 10.0
357 3.0 2.0 25.0 7.0 7.0 3.0 3.0 1.0 2.0 7.0 1.0 3.0 7.0 5.0 1.0 2.0 2.0 5.0 3.0 1.0 2.0 3.0 4.0 4.0 2.0 1.0 2.0 0.0 0.0 0.0 3.0 10.0
