150 525.0 344.0 409.0 554.0 147.0 320.0 173.0 424.0 272.0 340.0 626.0 253.0 204.0 177.0 251.0 158.0 501.0 243.0 117.0 232.0 444.0 508.0 191.0 540.0 237.0 442.0 273.0 172.0 159.0 76.0 136.0 119.0
153 11675.0 9878.0 14443.0 11673.0 8132.0 11680.0 6791.0 13120.0 8641.0 11145.0 25967.0 9868.0 9460.0 8571.0 14922.0 5287.0 15405.0 7431.0 7469.0 8114.0 11333.0 14932.0 6592.0 15998.0 6397.0 14272.0 8116.0 8879.0 9713.0 6211.0 13156.0 10058.0
156 1149507.0 1141480.0 1159969.0 1130201.0 1133643.0 1134553.0 1122968.0 1138567.0 1122758.0 1128202.0 1196655.0 1124660.0 1132830.0 1125695.0 1155901.0 1097823.0 1153980.0 1114671.0 1123058.0 1119830.0 1122306.0 1149343.0 1102049.0 1147329.0 1098282.0 1143712.0 1106074.0 1123512.0 1119424.0 1111333.0 1145827.0 1134839.0
159 16843103.0 16840042.0 16836633.0 16802887.0 16829930.0 16806315.0 16820940.0 16807404.0 16817775.0 16804588.0 16837242.0 16807597.0 16823243.0 16822302.0 16830449.0 16799098.0 16826064.0 16815985.0 16822207.0 16816850.0 16801340.0 16823054.0 16797074.0 16817731.0 16792620.0 16818945.0 16792446.0 16813073.0 16804043.0 16813734.0 16826513.0 16827858.0
162 17867983.0 17866168.0 17862249.0 17835003.0 17857710.0 17834331.0 17850375.0 17835524.0 17848288.0 17836757.0 17854577.0 17836719.0 17852034.0 17854910.0 17855860.0 17838259.0 17853358.0 17847961.0 17852456.0 17849007.0 17832815.0 17848181.0 17833632.0 17847461.0 17831789.0 17846658.0 17830280.0 17843622.0 17834257.0 17846089.0 17849128.0 17851466.0
165 18138812.0 18137763.0 18134488.0 18123049.0 18133754.0 18123291.0 18130260.0 18123504.0 18129812.0 18123702.0 18131152.0 18123492.0 18130520.0 18132106.0 18131232.0 18123927.0 18130383.0 18128801.0 18129931.0 18129039.0 18121889.0 18129079.0 18122843.0 18128422.0 18122022.0 18128412.0 18121141.0 18127108.0 18123000.0 18128150.0 18129763.0 18130378.0
168 18347010.0 18344841.0 18340327.0 18329708.0 18337721.0 18328901.0 18333680.0 18329437.0 18333011.0 18329990.0 18334595.0 18329488.0 18333715.0 18335171.0 18334395.0 18330434.0 18334540.0 18332111.0 18333048.0 18332351.0 18328098.0 18332134.0 18328546.0 18332097.0 18328032.0 18331911.0 18327655.0 18330476.0 18328064.0 18330843.0 18332030.0 18332458.0
171 18420856.0 18423044.0 18421814.0 18414532.0 18431042.0 18414700.0 18425621.0 18414857.0 18424377.0 18415501.0 18433942.0 18415612.0 18429184.0 18426164.0 18430432.0 18416449.0 18423902.0 18420008.0 18420275.0 18419317.0 18414744.0 18420861.0 18414453.0 18419773.0 18414390.0 18418684.0 18413896.0 18416545.0 18414232.0 18416920.0 18420411.0 18419095.0
174 18538628.0 18538442.0 18534767.0 18531885.0 18537256.0 18528357.0 18534007.0 18530123.0 18536601.0 18532469.0 18534298.0 18530232.0 18537111.0 18544123.0 18540932.0 18531748.0 18539410.0 18538753.0 18539873.0 18538276.0 18526127.0 18536483.0 18524653.0 18536330.0 18524343.0 18532560.0 18522749.0 18532188.0 18523261.0 18533671.0 18532119.0 18532050.0
177 18553770.0 18553725.0 18552968.0 18552640.0 18553850.0 18552587.0 18553443.0 18553330.0 18554227.0 18554408.0 18553586.0 18554283.0 18554619.0 18555927.0 18556003.0 18554381.0 18554927.0 18554811.0 18555103.0 18554872.0 18551946.0 18554510.0 18550998.0 18554284.0 18550922.0 18553520.0 18550287.0 18553563.0 18550796.0 18554249.0 18553822.0 18553790.0
180 18291125.0 18291053.0 18283660.0 18276033.0 18282705.0 18274614.0 18277502.0 18275987.0 18276142.0 18277779.0 18275851.0 18277619.0 18277179.0 18278180.0 18278174.0 18277649.0 18276362.0 18275599.0 18275865.0 18275043.0 18273805.0 18273976.0 18272101.0 18273484.0 18272216.0 18273547.0 18271059.0 18272434.0 18271516.0 18272899.0 18273025.0 18273138.0
183 17320795.0 17313843.0 17192595.0 16888798.0 17176658.0 16773525.0 17100435.0 16800824.0 17086077.0 16818306.0 16954095.0 16832306.0 17040681.0 17108882.0 17046151.0 16933553.0 17054497.0 17082510.0 17106222.0 17083345.0 16837340.0 17023540.0 16855707.0 17032658.0 16906824.0 17043628.0 16868876.0 17041324.0 16854096.0 17095702.0 17037163.0 17090679.0
186 11597290.0 11591344.0 11545089.0 11500992.0 11574365.0 11372727.0 11536120.0 11427114.0 11562432.0 11457658.0 11387298.0 11473150.0 11511543.0 11626499.0 11535952.0 11608125.0 11548601.0 11622167.0 11645504.0 11623554.0 11471497.0 11519291.0 11500127.0 11542525.0 11612153.0 11539494.0 11537953.0 11556900.0 11482486.0 11651515.0 11508056.0 11585686.0
189 10585523.0 10578252.0 10538501.0 10488749.0 10545572.0 10431021.0 10497748.0 10469267.0 10507220.0 10488532.0 10408251.0 10496568.0 10477644.0 10546314.0 10490986.0 10564040.0 10501535.0 10542491.0 10548466.0 10540606.0 10518901.0 10485472.0 10527487.0 10494442.0 10609365.0 10496795.0 10557919.0 10496284.0 10532030.0 10542754.0 10461184.0 10496910.0
192 9692112.0 9679361.0 9665867.0 9738728.0 9694457.0 9623054.0 9669426.0 9691194.0 9704194.0 9718995.0 9514568.0 9740042.0 9645289.0 9765759.0 9675548.0 9852326.0 9692389.0 9752540.0 9774456.0 9755199.0 9732535.0 9653619.0 9767902.0 9687085.0 9878537.0 9656632.0 9813796.0 9680792.0 9754530.0 9744515.0 9611570.0 9658829.0
195 172938.0 166719.0 167246.0 190264.0 183125.0 155123.0 149198.0 177437.0 177536.0 173118.0 149141.0 160228.0 165948.0 176168.0 152767.0 167877.0 175214.0 180434.0 156479.0 177724.0 181420.0 179762.0 155808.0 178151.0 192273.0 183882.0 175734.0 161381.0 155033.0 169365.0 142352.0 150965.0
198 164683.0 157105.0 159176.0 176107.0 168377.0 151051.0 141217.0 168785.0 167447.0 161306.0 147191.0 150573.0 160181.0 148407.0 143991.0 143657.0 164413.0 162829.0 135995.0 160937.0 173872.0 171876.0 145562.0 166652.0 164566.0 173248.0 153645.0 147454.0 139258.0 144076.0 134865.0 142317.0
201 163840.0 155308.0 158467.0 174952.0 164345.0 150390.0 139859.0 167165.0 165129.0 161503.0 145789.0 149222.0 158950.0 146859.0 141554.0 141798.0 162971.0 161054.0 133229.0 162544.0 173221.0 169053.0 144312.0 166331.0 163017.0 172173.0 152018.0 146216.0 136746.0 141558.0 132013.0 139645.0
204 163019.0 154303.0 157061.0 174871.0 161529.0 147546.0 137344.0 164130.0 164481.0 158871.0 140194.0 145618.0 153824.0 143667.0 135876.0 140406.0 161417.0 159692.0 128287.0 159818.0 172898.0 171997.0 141300.0 163811.0 161644.0 170411.0 151548.0 143611.0 131515.0 132123.0 123588.0 131297.0
207 160848.0 150877.0 151112.0 172148.0 128842.0 136021.0 125908.0 150762.0 159770.0 149457.0 116662.0 135589.0 131658.0 132197.0 109423.0 131011.0 155623.0 154894.0 107554.0 153451.0 168726.0 165639.0 127604.0 156835.0 156023.0 164502.0 146899.0 130259.0 108175.0 103534.0 94254.0 102277.0
210 149816.0 134809.0 127070.0 164000.0 70999.0 98532.0 89882.0 112463.0 140458.0 115217.0 66893.0 101834.0 78269.0 101826.0 58891.0 100366.0 130208.0 135134.0 62920.0 128311.0 150673.0 139021.0 88082.0 132684.0 133767.0 144532.0 133159.0 92526.0 60851.0 52494.0 46431.0 52527.0
213 108955.0 86211.0 72224.0 130922.0 22022.0 40361.0 35871.0 54664.0 84881.0 53925.0 19744.0 46926.0 23869.0 51184.0 16277.0 44641.0 71179.0 82448.0 19215.0 70055.0 97238.0 84165.0 33120.0 78344.0 75480.0 93690.0 88048.0 38654.0 18163.0 13881.0 11821.0 14154.0
216 50025.0 33121.0 24789.0 71073.0 6155.0 10624.0 9257.0 17254.0 30024.0 15181.0 5378.0 13246.0 6203.0 16984.0 4617.0 11576.0 23285.0 29307.0 4967.0 21620.0 37058.0 28286.0 8331.0 27638.0 23677.0 37633.0 34251.0 10073.0 4785.0 4035.0 3667.0 4160.0
219 11962.0 7480.0 5990.0 19181.0 3512.0 3851.0 3359.0 5044.0 6918.0 4552.0 3200.0 4059.0 3348.0 4713.0 2877.0 3681.0 5729.0 6869.0 2706.0 5455.0 8570.0 6412.0 3311.0 6530.0 5646.0 8961.0 7526.0 3566.0 2741.0 2639.0 2460.0 2693.0
222 4484.0 3477.0 3372.0 5687.0 2596.0 2937.0 2635.0 3342.0 3791.0 3272.0 2549.0 3008.0 2720.0 2904.0 2319.0 2880.0 3624.0 3647.0 2175.0 3544.0 4290.0 4047.0 2822.0 3749.0 3669.0 4178.0 3583.0 2631.0 2231.0 2078.0 1865.0 2080.0
225 3145.0 2745.0 2563.0 3612.0 1914.0 2312.0 1935.0 2540.0 3073.0 2479.0 1895.0 2254.0 2113.0 2163.0 1681.0 2207.0 2794.0 2939.0 1621.0 2780.0 3481.0 3082.0 2064.0 2940.0 2912.0 3223.0 2847.0 2006.0 1659.0 1555.0 1409.0 1562.0
228 2635.0 2115.0 2015.0 3016.0 1556.0 1843.0 1640.0 1973.0 2530.0 2020.0 1567.0 1835.0 1832.0 1735.0 1360.0 1737.0 2220.0 2262.0 1235.0 2293.0 2824.0 2588.0 1640.0 2344.0 2287.0 2649.0 2331.0 1619.0 1382.0 1249.0 1191.0 1311.0
231 2130.0 1800.0 1762.0 2386.0 1426.0 1618.0 1390.0 1797.0 2056.0 1760.0 1492.0 1497.0 1590.0 1383.0 1229.0 1435.0 1813.0 1898.0 1144.0 1852.0 2417.0 2111.0 1395.0 1992.0 2015.0 2066.0 1823.0 1354.0 1177.0 1159.0 1084.0 1201.0
234 1822.0 1594.0 1469.0 2068.0 1346.0 1527.0 1317.0 1586.0 1924.0 1620.0 1344.0 1419.0 1533.0 1365.0 1153.0 1388.0 1669.0 1809.0 1101.0 1765.0 2131.0 2014.0 1434.0 1808.0 1720.0 1863.0 1741.0 1340.0 1124.0 1032.0 1076.0 1114.0
237 1768.0 1517.0 1528.0 1900.0 1136.0 1433.0 1325.0 1574.0 1829.0 1503.0 1323.0 1366.0 1425.0 1213.0 1086.0 1274.0 1530.0 1763.0 1027.0 1709.0 2089.0 1875.0 1322.0 1694.0 1717.0 1849.0 1586.0 1259.0 1046.0 939.0 856.0 963.0
240 1694.0 1452.0 1370.0 1862.0 916.0 1355.0 1161.0 1385.0 1640.0 1449.0 1178.0 1266.0 1249.0 1203.0 874.0 1237.0 1525.0 1728.0 806.0 1550.0 1981.0 1906.0 1207.0 1619.0 1568.0 1738.0 1487.0 1156.0 855.0 626.0 652.0 817.0
243 1634.0 1309.0 1208.0 1783.0 558.0 1153.0 876.0 1172.0 1569.0 1306.0 907.0 1049.0 830.0 987.0 572.0 1010.0 1349.0 1598.0 605.0 1454.0 1862.0 1727.0 935.0 1534.0 1416.0 1722.0 1471.0 906.0 554.0 360.0 408.0 460.0
246 1522.0 1136.0 1038.0 1637.0 290.0 804.0 621.0 880.0 1408.0 934.0 556.0 808.0 483.0 727.0 324.0 710.0 1129.0 1280.0 274.0 1169.0 1631.0 1472.0 547.0 1332.0 1123.0 1409.0 1301.0 570.0 262.0 125.0 153.0 215.0
249 1206.0 924.0 718.0 1475.0 119.0 418.0 280.0 541.0 887.0 551.0 194.0 450.0 197.0 444.0 103.0 324.0 855.0 865.0 101.0 705.0 1207.0 1056.0 245.0 872.0 718.0 1094.0 978.0 272.0 95.0 41.0 50.0 63.0
252 902.0 554.0 360.0 1148.0 45.0 168.0 124.0 254.0 483.0 234.0 73.0 171.0 53.0 194.0 40.0 134.0 415.0 453.0 37.0 355.0 775.0 572.0 94.0 477.0 345.0 705.0 634.0 109.0 33.0 20.0 21.0 32.0
255 436.0 226.0 129.0 727.0 25.0 66.0 49.0 93.0 187.0 79.0 46.0 52.0 29.0 82.0 23.0 45.0 147.0 184.0 33.0 128.0 304.0 214.0 47.0 174.0 100.0 325.0 197.0 32.0 19.0 20.0 17.0 20.0
258 126.0 69.0 44.0 208.0 14.0 42.0 21.0 32.0 47.0 33.0 34.0 42.0 32.0 35.0 12.0 16.0 47.0 46.0 23.0 32.0 83.0 75.0 33.0 71.0 50.0 92.0 59.0 37.0 18.0 19.0 12.0 11.0
261 57.0 27.0 30.0 90.0 17.0 28.0 23.0 24.0 49.0 21.0 17.0 27.0 20.0 22.0 23.0 12.0 33.0 45.0 10.0 29.0 47.0 46.0 26.0 40.0 30.0 48.0 35.0 31.0 14.0 9.0 15.0 21.0
264 44.0 30.0 29.0 47.0 11.0 26.0 9.0 36.0 31.0 20.0 23.0 21.0 25.0 23.0 12.0 19.0 34.0 31.0 16.0 31.0 29.0 37.0 12.0 26.0 25.0 37.0 20.0 17.0 18.0 8.0 12.0 17.0
267 36.0 21.0 23.0 47.0 13.0 26.0 14.0 15.0 37.0 22.0 15.0 18.0 19.0 14.0 11.0 13.0 19.0 31.0 14.0 29.0 24.0 35.0 13.0 30.0 14.0 30.0 29.0 22.0 16.0 7.0 17.0 5.0
270 25.0 20.0 18.0 33.0 14.0 18.0 18.0 17.0 21.0 10.0 17.0 12.0 25.0 17.0 12.0 23.0 20.0 19.0 13.0 20.0 36.0 25.0 20.0 34.0 33.0 26.0 31.0 18.0 20.0 9.0 16.0 6.0
273 17.0 14.0 18.0 28.0 8.0 28.0 16.0 14.0 34.0 18.0 16.0 22.0 20.0 19.0 9.0 12.0 26.0 23.0 7.0 21.0 38.0 31.0 21.0 14.0 22.0 30.0 26.0 8.0 9.0 5.0 6.0 8.0
276 20.0 15.0 22.0 19.0 8.0 17.0 7.0 22.0 20.0 8.0 11.0 17.0 13.0 8.0 8.0 13.0 12.0 13.0 7.0 17.0 29.0 31.0 11.0 24.0 24.0 29.0 27.0 20.0 7.0 3.0 3.0 8.0
279 26.0 13.0 12.0 25.0 3.0 18.0 10.0 9.0 17.0 16.0 9.0 13.0 6.0 9.0 2.0 14.0 21.0 14.0 2.0 20.0 24.0 27.0 11.0 26.0 22.0 23.0 10.0 11.0 2.0 2.0 1.0 4.0
282 13.0 19.0 13.0 18.0 0.0 11.0 6.0 8.0 19.0 14.0 3.0 7.0 6.0 9.0 5.0 3.0 14.0 17.0 2.0 14.0 26.0 24.0 4.0 16.0 23.0 24.0 19.0 7.0 2.0 0.0 0.0 1.0
285 19.0 8.0 5.0 21.0 1.0 3.0 3.0 7.0 16.0 5.0 5.0 4.0 2.0 8.0 1.0 3.0 15.0 10.0 0.0 12.0 23.0 19.0 2.0 11.0 12.0 12.0 23.0 3.0 1.0 0.0 0.0 1.0
288 13.0 6.0 11.0 18.0 0.0 2.0 1.0 4.0 7.0 5.0 0.0 0.0 2.0 0.0 1.0 1.0 4.0 9.0 0.0 5.0 15.0 10.0 1.0 8.0 9.0 11.0 7.0 1.0 1.0 0.0 2.0 1.0
291 8.0 3.0 9.0 12.0 0.0 1.0 0.0 0.0 3.0 1.0 3.0 0.0 1.0 2.0 0.0 1.0 2.0 4.0 0.0 0.0 6.0 5.0 0.0 5.0 0.0 7.0 6.0 1.0 0.0 0.0 0.0 0.0
294 7.0 0.0 0.0 7.0 0.0 1.0 1.0 2.0 1.0 2.0 1.0 0.0 1.0 0.0 1.0 0.0 0.0 1.0 0.0 1.0 4.0 3.0 0.0 3.0 0.0 3.0 1.0 1.0 0.0 1.0 1.0 0.0
297 1.0 1.0 0.0 1.0 0.0 0.0 0.0 1.0 1.0 0.0 0.0 0.0 3.0 1.0 0.0 0.0 1.0 3.0 1.0 1.0 4.0 0.0 1.0 1.0 3.0 0.0 0.0 0.0 0.0 1.0 0.0 1.0
300 0.0 2.0 0.0 1.0 0.0 0.0 0.0 3.0 2.0 0.0 0.0 2.0 1.0 0.0 0.0 0.0 0.0 1.0 0.0 3.0 1.0 2.0 0.0 1.0 2.0 0.0 0.0 1.0 0.0 0.0 0.0 0.0
303 0.0 0.0 1.0 1.0 0.0 0.0 0.0 1.0 1.0 0.0 1.0 3.0 1.0 3.0 0.0 0.0 0.0 0.0 0.0 1.0 1.0 1.0 1.0 2.0 2.0 0.0 1.0 1.0 0.0 0.0 0.0 0.0
306 2.0 1.0 0.0 0.0 1.0 2.0 3.0 1.0 3.0 1.0 0.0 0.0 0.0 0.0 0.0 0.0 0.0 1.0 1.0 0.0 0.0 1.0 0.0 0.0 2.0 2.0 1.0 0.0 0.0 0.0 0.0 0.0
309 1.0 0.0 1.0 0.0 0.0 0.0 0.0 0.0 1.0 0.0 0.0 1.0 0.0 1.0 0.0 0.0 0.0 0.0 0.0 0.0 0.0 2.0 2.0 0.0 0.0 0.0 1.0 1.0 0.0 1.0 0.0 0.0
312 1.0 0.0 0.0 1.0 0.0 0.0 0.0 1.0 0.0 1.0 0.0 0.0 0.0 0.0 1.0 0.0 0.0 1.0 0.0 0.0 0.0 0.0 0.0 1.0 2.0 0.0 0.0 0.0 0.0 0.0 1.0 0.0
315 1.0 1.0 0.0 1.0 0.0 1.0 0.0 1.0 1.0 0.0 1.0 0.0 0.0 0.0 0.0 0.0 1.0 1.0 0.0 2.0 1.0 1.0 0.0 1.0 1.0 1.0 1.0 0.0 0.0 1.0 1.0 1.0
318 0.0 0.0 0.0 0.0 0.0 1.0 0.0 0.0 0.0 0.0 0.0 0.0 0.0 0.0 0.0 0.0 0.0 0.0 0.0 0.0 1.0 1.0 0.0 1.0 0.0 1.0 0.0 1.0 0.0 0.0 0.0 0.0
321 0.0 1.0 0.0 0.0 0.0 0.0 0.0 2.0 0.0 0.0 0.0 0.0 0.0 0.0 0.0 1.0 0.0 0.0 1.0 1.0 1.0 0.0 0.0 0.0 0.0 0.0 0.0 1.0 0.0 0.0 0.0 0.0
324 0.0 1.0 0.0 0.0 0.0 0.0 0.0 0.0 0.0 0.0 0.0 0.0 0.0 0.0 0.0 0.0 1.0 0.0 0.0 0.0 1.0 1.0 0.0 1.0 0.0 1.0 0.0 0.0 0.0 0.0 0.0 0.0
327 0.0 0.0 0.0 0.0 0.0 0.0 0.0 0.0 0.0 0.0 0.0 0.0 1.0 1.0 0.0 1.0 0.0 1.0 1.0 1.0 1.0 2.0 0.0 0.0 2.0 0.0 0.0 0.0 0.0 0.0 0.0 0.0
330 0.0 0.0 0.0 1.0 0.0 2.0 0.0 0.0 0.0 0.0 0.0 0.0 0.0 1.0 1.0 1.0 0.0 1.0 1.0 0.0 0.0 2.0 1.0 0.0 0.0 2.0 1.0 0.0 0.0 1.0 0.0 1.0
333 0.0 0.0 0.0 0.0 0.0 0.0 0.0 0.0 0.0 0.0 1.0 0.0 0.0 0.0 0.0 0.0 0.0 0.0 0.0 0.0 0.0 0.0 0.0 0.0 0.0 0.0 0.0 0.0 0.0 0.0 0.0 0.0
336 1.0 1.0 1.0 0.0 0.0 0.0 0.0 1.0 0.0 0.0 0.0 1.0 0.0 0.0 0.0 0.0 0.0 1.0 0.0 2.0 0.0 0.0 2.0 1.0 3.0 0.0 0.0 0.0 2.0 1.0 0.0 1.0
339 1.0 0.0 0.0 0.0 1.0 0.0 0.0 0.0 1.0 0.0 0.0 0.0 0.0 1.0 0.0 0.0 0.0 0.0 1.0 0.0 1.0 0.0 0.0 0.0 0.0 0.0 0.0 0.0 0.0 0.0 0.0 1.0
342 0.0 0.0 1.0 1.0 0.0 1.0 0.0 0.0 0.0 0.0 0.0 0.0 0.0 0.0 0.0 0.0 0.0 0.0 0.0 0.0 0.0 0.0 1.0 0.0 0.0 0.0 0.0 0.0 1.0 0.0 0.0 0.0
345 0.0 0.0 0.0 1.0 0.0 1.0 0.0 0.0 0.0 0.0 0.0 0.0 1.0 0.0 0.0 0.0 0.0 1.0 0.0 0.0 0.0 0.0 0.0 0.0 0.0 0.0 0.0 0.0 1.0 0.0 0.0 0.0
348 1.0 1.0 0.0 0.0 0.0 0.0 0.0 0.0 0.0 0.0 0.0 0.0 0.0 0.0 0.0 0.0 0.0 1.0 0.0 0.0 0.0 1.0 0.0 0.0 0.0 0.0 0.0 0.0 0.0 0.0 0.0 0.0
351 0.0 0.0 0.0 0.0 1.0 0.0 0.0 0.0 0.0 0.0 0.0 0.0 0.0 0.0 0.0 0.0 0.0 1.0 0.0 0.0 1.0 1.0 0.0 0.0 0.0 0.0 1.0 0.0 0.0 0.0 0.0 0.0
354 0.0 0.0 0.0 0.0 0.0 0.0 0.0 1.0 0.0 1.0 0.0 0.0 1.0 0.0 0.0 2.0 0.0 0.0 0.0 0.0 0.0 0.0 0.0 0.0 0.0 0.0 1.0 0.0 0.0 0.0 0.0 0.0
357 0.0 1.0 0.0 1.0 0.0 0.0 1.0 0.0 0.0 0.0 0.0 1.0 0.0 0.0 0.0 0.0 1.0 0.0 2.0 0.0 0.0 0.0 0.0 1.0 0.0 0.0 0.0 1.0 0.0 0.0 0.0 0.0
