150 3314.0 2729.0 4134.0 2500.0 3256.0 5067.0 1631.0 4709.0 3483.0 3121.0 2703.0 3407.0 1362.0 2529.0 2253.0 4607.0 4557.0 1670.0 2895.0 2112.0 2790.0 2509.0 3011.0 2700.0 1772.0 3828.0 3726.0 2044.0 1883.0 2227.0 3345.0 2435.0
153 15366024.0 15358936.0 15359828.0 15339657.0 15351140.0 15345621.0 15342061.0 15344693.0 15347027.0 15343863.0 15347310.0 15336654.0 15344804.0 15345956.0 15349291.0 15339919.0 15352022.0 15339041.0 15341789.0 15341720.0 15335936.0 15336568.0 15325095.0 15336001.0 15323651.0 15339845.0 15331673.0 15331169.0 15328477.0 15333759.0 15338191.0 15338453.0
156 17810259.0 17808238.0 17806927.0 17800624.0 17805403.0 17800339.0 17805764.0 17800735.0 17804119.0 17800650.0 17804529.0 17802204.0 17806637.0 17806365.0 17806716.0 17802232.0 17805823.0 17805445.0 17805248.0 17804180.0 17800570.0 17803968.0 17800119.0 17803180.0 17800238.0 17803460.0 17799848.0 17802491.0 17800183.0 17804884.0 17804310.0 17804704.0
159 18150735.0 18138064.0 18128806.0 18101657.0 18119527.0 18100942.0 18112318.0 18100331.0 18110090.0 18100162.0 18112445.0 18103922.0 18112864.0 18111152.0 18112287.0 18104449.0 18112220.0 18111655.0 18107829.0 18107488.0 18100153.0 18107118.0 18099949.0 18104494.0 18099712.0 18106120.0 18098867.0 18105067.0 18099218.0 18107363.0 18109554.0 18111695.0
162 18332631.0 18325887.0 18321489.0 18310041.0 18317452.0 18309817.0 18314192.0 18309745.0 18313262.0 18309733.0 18313918.0 18310463.0 18314054.0 18313185.0 18313554.0 18310455.0 18314003.0 18313222.0 18311875.0 18311752.0 18309616.0 18311522.0 18309350.0 18310925.0 18309379.0 18311519.0 18309196.0 18310846.0 18309371.0 18311692.0 18312395.0 18313015.0
165 18524267.0 18522190.0 18521326.0 18517336.0 18520273.0 18517181.0 18518990.0 18517262.0 18518816.0 18517247.0 18518896.0 18517255.0 18518881.0 18518854.0 18519025.0 18517231.0 18519398.0 18518484.0 18518494.0 18518371.0 18517212.0 18518359.0 18517002.0 18518038.0 18517103.0 18518530.0 18517040.0 18518036.0 18517146.0 18518588.0 18519168.0 18519558.0
168 18712726.0 18712311.0 18712364.0 18711528.0 18712199.0 18711439.0 18711847.0 18711467.0 18711870.0 18711489.0 18711819.0 18711450.0 18711853.0 18711852.0 18711823.0 18711406.0 18712263.0 18711691.0 18711782.0 18711770.0 18711503.0 18711736.0 18711368.0 18711746.0 18711471.0 18711865.0 18711440.0 18711682.0 18711529.0 18711812.0 18711939.0 18711945.0
171 18859060.0 18857009.0 18856366.0 18853740.0 18855777.0 18853500.0 18855514.0 18853525.0 18855396.0 18853472.0 18855690.0 18853832.0 18856777.0 18856312.0 18857220.0 18853496.0 18856614.0 18855982.0 18855559.0 18855461.0 18852788.0 18855305.0 18852577.0 18854957.0 18852623.0 18855438.0 18852481.0 18854417.0 18852610.0 18855503.0 18855625.0 18855543.0
174 18886552.0 18882850.0 18881034.0 18879600.0 18880736.0 18879333.0 18880035.0 18879455.0 18878948.0 18879383.0 18879152.0 18880052.0 18879926.0 18879968.0 18880007.0 18879355.0 18879595.0 18879324.0 18878766.0 18878429.0 18877692.0 18878143.0 18877145.0 18877851.0 18877007.0 18877785.0 18876785.0 18877341.0 18876803.0 18877904.0 18877536.0 18877517.0
177 18599424.0 18581011.0 18564365.0 18525631.0 18561544.0 18514911.0 18559904.0 18515514.0 18541217.0 18512502.0 18545403.0 18533610.0 18550978.0 18546997.0 18543932.0 18532956.0 18538816.0 18547479.0 18536271.0 18533268.0 18514449.0 18530459.0 18516729.0 18524074.0 18513399.0 18523805.0 18504977.0 18525045.0 18510958.0 18527318.0 18524247.0 18526452.0
180 13620699.0 13527876.0 13383582.0 13242241.0 13427571.0 13151601.0 13591381.0 13205389.0 13354802.0 13157704.0 13441716.0 13604329.0 13589541.0 13533257.0 13528311.0 13610801.0 13371204.0 13681296.0 13491074.0 13487080.0 13356184.0 13452754.0 13571016.0 13368156.0 13508964.0 13379464.0 13260283.0 13485441.0 13400288.0 13494424.0 13418939.0 13458895.0
183 10445426.0 10429260.0 10305617.0 10282083.0 10366328.0 10182590.0 10582341.0 10258831.0 10301160.0 10167166.0 10429361.0 10807541.0 10616979.0 10535722.0 10535899.0 10814782.0 10307599.0 10755301.0 10481203.0 10483062.0 10449888.0 10424793.0 10771078.0 10300854.0 10672093.0 10315815.0 10312754.0 10473290.0 10504963.0 10446739.0 10354014.0 10389995.0
186 9574387.0 9566641.0 9444253.0 9626024.0 9513740.0 9534854.0 9764733.0 9623182.0 9473446.0 9488234.0 9612781.0 10233137.0 9795406.0 9710015.0 9708732.0 10214297.0 9451743.0 9970934.0 9666910.0 9674087.0 9813513.0 9601560.0 10204567.0 9467686.0 10079472.0 9481971.0 9664073.0 9673065.0 9865649.0 9611065.0 9506037.0 9531152.0
189 510787.0 497116.0 459475.0 452925.0 484538.0 443325.0 555154.0 482848.0 452676.0 424825.0 488888.0 655294.0 538389.0 506544.0 497074.0 620763.0 498431.0 608712.0 485032.0 472036.0 484309.0 481632.0 599124.0 447226.0 528052.0 463575.0 459136.0 472537.0 480482.0 488046.0 449232.0 453128.0
192 86640.0 77136.0 88755.0 81876.0 90125.0 89886.0 97834.0 117007.0 83553.0 78214.0 80627.0 138874.0 82643.0 86542.0 85171.0 110989.0 146290.0 90320.0 92312.0 80014.0 84378.0 94978.0 115439.0 89879.0 91758.0 102866.0 96222.0 77469.0 81733.0 96268.0 87549.0 88837.0
195 80570.0 71846.0 85384.0 77389.0 85027.0 87444.0 82805.0 107371.0 80318.0 75265.0 75354.0 118266.0 73159.0 80304.0 80194.0 97565.0 139289.0 72957.0 86819.0 74603.0 77079.0 90417.0 95085.0 86666.0 80697.0 99999.0 91541.0 72662.0 74158.0 88288.0 84705.0 83641.0
198 77160.0 69958.0 82771.0 71922.0 83838.0 86276.0 80364.0 102414.0 79499.0 70233.0 71365.0 116638.0 63943.0 78624.0 73753.0 96480.0 123525.0 68853.0 85668.0 68509.0 73193.0 87080.0 94367.0 84096.0 79331.0 96864.0 89960.0 69851.0 68676.0 86314.0 82955.0 80160.0
201 65460.0 60375.0 70889.0 50183.0 77443.0 79695.0 72800.0 81270.0 74472.0 51053.0 55710.0 109042.0 37623.0 73533.0 50518.0 95331.0 77310.0 53256.0 79791.0 48358.0 57176.0 70460.0 92593.0 74267.0 74605.0 88384.0 81293.0 56756.0 49853.0 78849.0 77526.0 64904.0
204 42569.0 37822.0 48095.0 20996.0 56780.0 60633.0 50072.0 48883.0 59267.0 23757.0 27166.0 82070.0 13209.0 59771.0 21092.0 87700.0 27024.0 26940.0 63277.0 21400.0 28474.0 39327.0 84260.0 49841.0 58702.0 61848.0 58991.0 31802.0 22509.0 57454.0 60071.0 36897.0
207 16649.0 12327.0 18191.0 4699.0 22943.0 27853.0 18581.0 17454.0 31105.0 5693.0 6631.0 34645.0 2898.0 31847.0 4590.0 63293.0 5391.0 6665.0 32699.0 5005.0 7247.0 10588.0 58381.0 17855.0 26538.0 25533.0 26290.0 8626.0 5363.0 23130.0 28827.0 10700.0
210 4492.0 3169.0 4778.0 1868.0 5861.0 7500.0 4597.0 4798.0 10519.0 2047.0 1971.0 8726.0 1481.0 9738.0 1903.0 27466.0 2850.0 2025.0 10099.0 1947.0 2225.0 2847.0 25726.0 4463.0 7030.0 6521.0 7934.0 2441.0 1871.0 5740.0 8351.0 2793.0
213 1854.0 1557.0 1934.0 1422.0 2113.0 2493.0 1907.0 2420.0 2986.0 1490.0 1425.0 2978.0 1306.0 2686.0 1476.0 7051.0 2226.0 1343.0 2852.0 1459.0 1460.0 1776.0 6475.0 2145.0 2223.0 2576.0 2584.0 1462.0 1423.0 2158.0 2442.0 1734.0
216 1506.0 1248.0 1561.0 1200.0 1594.0 1768.0 1591.0 1914.0 1720.0 1209.0 1159.0 2167.0 973.0 1683.0 1190.0 2540.0 1741.0 1078.0 1819.0 1122.0 1307.0 1554.0 2511.0 1654.0 1606.0 1861.0 1818.0 1267.0 1112.0 1648.0 1771.0 1328.0
219 1220.0 1017.0 1317.0 898.0 1293.0 1525.0 1175.0 1522.0 1442.0 877.0 948.0 1815.0 728.0 1434.0 850.0 2008.0 1235.0 851.0 1502.0 861.0 917.0 1190.0 2096.0 1363.0 1355.0 1625.0 1460.0 880.0 853.0 1322.0 1424.0 1048.0
222 868.0 811.0 982.0 749.0 1049.0 1220.0 909.0 1199.0 1086.0 676.0 725.0 1395.0 546.0 1070.0 679.0 1739.0 958.0 633.0 1210.0 644.0 692.0 866.0 1677.0 1019.0 1084.0 1313.0 1183.0 689.0 657.0 1042.0 1140.0 870.0
225 692.0 578.0 707.0 565.0 801.0 890.0 694.0 882.0 793.0 617.0 509.0 932.0 468.0 810.0 574.0 1214.0 800.0 484.0 898.0 570.0 619.0 681.0 1203.0 784.0 819.0 969.0 900.0 572.0 547.0 761.0 913.0 682.0
228 632.0 569.0 707.0 536.0 731.0 776.0 602.0 845.0 761.0 538.0 512.0 850.0 372.0 744.0 544.0 1030.0 695.0 458.0 816.0 479.0 510.0 658.0 1039.0 820.0 743.0 928.0 834.0 555.0 488.0 694.0 760.0 636.0
231 525.0 487.0 636.0 397.0 666.0 672.0 559.0 800.0 733.0 468.0 493.0 755.0 264.0 729.0 447.0 955.0 520.0 358.0 792.0 415.0 464.0 573.0 976.0 692.0 677.0 854.0 766.0 548.0 368.0 695.0 776.0 578.0
234 443.0 450.0 563.0 298.0 596.0 637.0 465.0 650.0 696.0 352.0 313.0 655.0 120.0 703.0 286.0 957.0 296.0 248.0 725.0 288.0 323.0 474.0 909.0 617.0 608.0 819.0 647.0 380.0 262.0 577.0 700.0 444.0
237 335.0 328.0 459.0 99.0 532.0 588.0 413.0 477.0 593.0 191.0 165.0 569.0 44.0 570.0 100.0 896.0 103.0 129.0 658.0 117.0 208.0 300.0 840.0 426.0 495.0 643.0 548.0 223.0 103.0 493.0 655.0 253.0
240 221.0 150.0 280.0 42.0 318.0 454.0 230.0 257.0 440.0 84.0 68.0 353.0 14.0 428.0 42.0 766.0 30.0 56.0 450.0 54.0 90.0 120.0 769.0 260.0 327.0 413.0 381.0 108.0 39.0 272.0 469.0 109.0
243 95.0 61.0 104.0 12.0 149.0 250.0 49.0 109.0 269.0 19.0 22.0 155.0 8.0 272.0 13.0 641.0 18.0 13.0 238.0 20.0 19.0 38.0 557.0 100.0 143.0 209.0 215.0 31.0 16.0 104.0 263.0 29.0
246 47.0 23.0 31.0 14.0 56.0 106.0 17.0 46.0 138.0 17.0 9.0 45.0 4.0 119.0 12.0 400.0 14.0 14.0 134.0 19.0 21.0 19.0 332.0 43.0 45.0 71.0 89.0 13.0 19.0 41.0 110.0 18.0
249 17.0 17.0 21.0 12.0 18.0 34.0 14.0 16.0 53.0 13.0 8.0 21.0 8.0 46.0 8.0 181.0 11.0 8.0 56.0 7.0 13.0 19.0 140.0 16.0 21.0 26.0 20.0 14.0 12.0 16.0 41.0 13.0
252 15.0 9.0 12.0 7.0 19.0 24.0 13.0 11.0 26.0 8.0 13.0 16.0 5.0 19.0 16.0 62.0 13.0 7.0 16.0 5.0 11.0 6.0 45.0 22.0 19.0 26.0 21.0 12.0 6.0 16.0 21.0 10.0
255 11.0 7.0 11.0 11.0 10.0 14.0 9.0 11.0 15.0 8.0 3.0 11.0 5.0 13.0 6.0 34.0 11.0 2.0 15.0 12.0 13.0 12.0 25.0 17.0 18.0 18.0 21.0 7.0 7.0 18.0 19.0 4.0
258 3.0 9.0 8.0 7.0 10.0 9.0 8.0 15.0 8.0 5.0 6.0 11.0 7.0 12.0 2.0 13.0 10.0 8.0 24.0 10.0 7.0 10.0 24.0 14.0 13.0 27.0 13.0 9.0 6.0 6.0 17.0 10.0
261 11.0 12.0 13.0 7.0 15.0 15.0 14.0 10.0 9.0 8.0 5.0 13.0 5.0 10.0 5.0 24.0 6.0 3.0 8.0 8.0 3.0 8.0 23.0 8.0 9.0 15.0 15.0 5.0 9.0 5.0 14.0 12.0
264 2.0 6.0 6.0 5.0 12.0 11.0 4.0 10.0 11.0 4.0 6.0 10.0 2.0 11.0 5.0 23.0 5.0 1.0 15.0 2.0 7.0 6.0 14.0 6.0 11.0 10.0 11.0 3.0 6.0 4.0 12.0 6.0
267 4.0 8.0 7.0 7.0 7.0 9.0 9.0 5.0 11.0 4.0 1.0 6.0 1.0 17.0 2.0 16.0 2.0 4.0 13.0 7.0 8.0 7.0 10.0 15.0 11.0 21.0 7.0 7.0 3.0 16.0 9.0 5.0
270 3.0 4.0 5.0 3.0 7.0 8.0 4.0 6.0 3.0 3.0 3.0 5.0 3.0 5.0 4.0 17.0 4.0 1.0 11.0 4.0 6.0 4.0 21.0 9.0 14.0 8.0 6.0 0.0 1.0 8.0 11.0 2.0
273 5.0 4.0 2.0 2.0 4.0 3.0 4.0 3.0 3.0 1.0 3.0 10.0 1.0 8.0 2.0 18.0 1.0 1.0 12.0 2.0 2.0 4.0 17.0 5.0 7.0 9.0 6.0 2.0 1.0 5.0 8.0 4.0
276 3.0 5.0 2.0 1.0 1.0 3.0 1.0 1.0 3.0 1.0 0.0 3.0 1.0 10.0 1.0 9.0 1.0 0.0 5.0 0.0 0.0 1.0 11.0 4.0 4.0 7.0 6.0 0.0 1.0 6.0 10.0 1.0
279 4.0 1.0 1.0 0.0 3.0 4.0 0.0 0.0 5.0 0.0 0.0 4.0 1.0 4.0 0.0 9.0 1.0 2.0 3.0 1.0 0.0 1.0 12.0 3.0 2.0 5.0 5.0 2.0 0.0 0.0 7.0 2.0
282 1.0 0.0 0.0 0.0 1.0 3.0 0.0 0.0 1.0 3.0 0.0 0.0 0.0 4.0 1.0 7.0 1.0 2.0 3.0 1.0 0.0 0.0 6.0 1.0 2.0 1.0 1.0 0.0 0.0 1.0 3.0 1.0
285 0.0 1.0 0.0 1.0 1.0 2.0 2.0 1.0 1.0 1.0 0.0 0.0 0.0 3.0 2.0 5.0 1.0 1.0 2.0 0.0 0.0 0.0 4.0 0.0 1.0 1.0 2.0 0.0 0.0 0.0 0.0 0.0
288 2.0 1.0 0.0 1.0 1.0 0.0 4.0 1.0 1.0 1.0 1.0 1.0 1.0 2.0 1.0 5.0 1.0 0.0 3.0 3.0 0.0 1.0 1.0 2.0 0.0 2.0 1.0 4.0 2.0 2.0 2.0 3.0
291 0.0 0.0 0.0 0.0 2.0 0.0 1.0 1.0 1.0 0.0 0.0 0.0 0.0 0.0 0.0 1.0 1.0 0.0 1.0 0.0 1.0 0.0 1.0 0.0 1.0 1.0 0.0 0.0 0.0 1.0 2.0 1.0
294 2.0 0.0 1.0 1.0 0.0 0.0 2.0 1.0 0.0 1.0 0.0 1.0 1.0 2.0 1.0 0.0 1.0 2.0 1.0 0.0 1.0 0.0 1.0 2.0 0.0 0.0 0.0 1.0 1.0 1.0 1.0 0.0
297 0.0 0.0 1.0 0.0 0.0 1.0 2.0 0.0 0.0 0.0 0.0 0.0 1.0 1.0 0.0 2.0 0.0 2.0 0.0 2.0 0.0 0.0 2.0 0.0 1.0 0.0 1.0 0.0 0.0 0.0 0.0 0.0
300 0.0 0.0 1.0 0.0 0.0 0.0 0.0 0.0 2.0 1.0 0.0 0.0 0.0 1.0 1.0 3.0 0.0 1.0 1.0 0.0 0.0 0.0 1.0 0.0 0.0 0.0 2.0 0.0 0.0 0.0 1.0 1.0
303 1.0 1.0 0.0 2.0 0.0 0.0 1.0 1.0 1.0 0.0 1.0 0.0 0.0 1.0 1.0 1.0 0.0 0.0 1.0 1.0 0.0 2.0 1.0 3.0 1.0 3.0 1.0 2.0 2.0 1.0 0.0 1.0
306 0.0 1.0 0.0 0.0 0.0 0.0 0.0 0.0 0.0 0.0 0.0 0.0 0.0 0.0 0.0 0.0 1.0 0.0 0.0 1.0 0.0 0.0 0.0 1.0 0.0 2.0 0.0 0.0 1.0 1.0 0.0 0.0
309 1.0 1.0 0.0 1.0 0.0 1.0 1.0 0.0 0.0 0.0 1.0 1.0 0.0 3.0 1.0 1.0 0.0 0.0 1.0 0.0 0.0 2.0 0.0 1.0 1.0 1.0 1.0 0.0 0.0 0.0 0.0 1.0
312 1.0 0.0 1.0 0.0 0.0 0.0 1.0 0.0 0.0 0.0 0.0 0.0 0.0 0.0 0.0 0.0 1.0 0.0 1.0 0.0 0.0 1.0 0.0 0.0 0.0 0.0 1.0 0.0 0.0 0.0 0.0 0.0
315 2.0 0.0 1.0 1.0 0.0 1.0 0.0 0.0 0.0 0.0 1.0 0.0 0.0 1.0 1.0 0.0 2.0 2.0 3.0 2.0 1.0 1.0 2.0 2.0 2.0 1.0 1.0 2.0 1.0 0.0 3.0 1.0
318 1.0 0.0 0.0 1.0 0.0 0.0 1.0 0.0 0.0 1.0 0.0 0.0 0.0 0.0 2.0 1.0 0.0 0.0 0.0 0.0 0.0 0.0 0.0 0.0 0.0 0.0 0.0 0.0 0.0 0.0 0.0 0.0
321 0.0 1.0 0.0 0.0 1.0 0.0 0.0 0.0 0.0 1.0 0.0 0.0 1.0 0.0 1.0 0.0 1.0 0.0 1.0 0.0 0.0 0.0 0.0 0.0 1.0 0.0 0.0 1.0 0.0 0.0 0.0 0.0
324 0.0 1.0 0.0 0.0 0.0 0.0 0.0 0.0 0.0 0.0 0.0 2.0 0.0 0.0 1.0 1.0 0.0 1.0 0.0 0.0 0.0 0.0 0.0 0.0 0.0 0.0 0.0 1.0 0.0 1.0 0.0 0.0
327 0.0 0.0 0.0 0.0 1.0 1.0 1.0 0.0 1.0 0.0 1.0 0.0 0.0 0.0 0.0 0.0 0.0 0.0 0.0 0.0 0.0 0.0 0.0 0.0 0.0 0.0 1.0 2.0 0.0 0.0 0.0 1.0
330 2.0 0.0 1.0 4.0 2.0 1.0 2.0 1.0 2.0 1.0 0.0 0.0 0.0 0.0 1.0 3.0 1.0 2.0 1.0 0.0 2.0 1.0 0.0 0.0 0.0 3.0 3.0 0.0 0.0 0.0 2.0 3.0
333 0.0 0.0 0.0 0.0 0.0 0.0 0.0 0.0 1.0 0.0 0.0 0.0 0.0 0.0 0.0 0.0 0.0 0.0 0.0 1.0 0.0 0.0 0.0 0.0 0.0 1.0 0.0 0.0 0.0 0.0 0.0 0.0
336 0.0 2.0 1.0 0.0 1.0 0.0 0.0 0.0 0.0 0.0 1.0 0.0 0.0 1.0 1.0 1.0 0.0 0.0 0.0 1.0 0.0 0.0 3.0 0.0 0.0 0.0 0.0 2.0 0.0 2.0 0.0 0.0
339 0.0 0.0 2.0 1.0 0.0 0.0 0.0 0.0 0.0 0.0 0.0 0.0 0.0 0.0 0.0 1.0 0.0 0.0 0.0 0.0 1.0 0.0 0.0 0.0 1.0 0.0 0.0 0.0 0.0 0.0 0.0 1.0
342 1.0 1.0 0.0 0.0 0.0 1.0 2.0 0.0 0.0 0.0 0.0 1.0 0.0 1.0 0.0 0.0 0.0 0.0 0.0 1.0 0.0 0.0 0.0 0.0 0.0 0.0 0.0 0.0 0.0 1.0 0.0 0.0
345 0.0 0.0 0.0 0.0 0.0 1.0 1.0 1.0 1.0 1.0 1.0 0.0 0.0 1.0 0.0 0.0 0.0 0.0 0.0 0.0 1.0 0.0 0.0 1.0 0.0 1.0 0.0 1.0 0.0 0.0 0.0 2.0
348 0.0 0.0 1.0 0.0 0.0 0.0 0.0 0.0 0.0 1.0 0.0 0.0 0.0 0.0 0.0 0.0 0.0 0.0 0.0 0.0 0.0 0.0 0.0 0.0 0.0 0.0 0.0 0.0 0.0 1.0 1.0 0.0
351 1.0 1.0 0.0 0.0 0.0 0.0 0.0 2.0 1.0 1.0 1.0 1.0 1.0 1.0 1.0 1.0 0.0 0.0 3.0 0.0 0.0 1.0 1.0 1.0 1.0 1.0 1.0 1.0 0.0 1.0 1.0 1.0
354 1.0 1.0 0.0 0.0 1.0 0.0 1.0 1.0 0.0 0.0 0.0 0.0 0.0 0.0 0.0 0.0 0.0 1.0 1.0 0.0 0.0 0.0 0.0 0.0 0.0 0.0 0.0 0.0 0.0 0.0 0.0 0.0
357 0.0 1.0 1.0 2.0 2.0 0.0 0.0 2.0 1.0 1.0 2.0 1.0 2.0 1.0 2.0 1.0 1.0 0.0 1.0 1.0 1.0 2.0 2.0 2.0 2.0 1.0 3.0 2.0 1.0 1.0 1.0 1.0
