150 2556.0 6568.0 3840.0 1489.0 5105.0 4635.0 2402.0 8725.0 8350.0 4466.0 5148.0 6369.0 3435.0 4821.0 5283.0 4200.0 5468.0 3430.0 4029.0 2558.0 5248.0 3850.0 4600.0 3938.0 4579.0 5543.0 2787.0 4201.0 6542.0 4981.0 7361.0 2822.0
153 9160663.0 9168705.0 9160804.0 9134561.0 9180852.0 9163682.0 9138614.0 9174680.0 9159992.0 9161833.0 9173156.0 9155145.0 9172024.0 9154465.0 9167062.0 9139671.0 9175046.0 9166522.0 9165043.0 9174035.0 9152063.0 9177730.0 9132110.0 9178868.0 9138657.0 9192675.0 9143335.0 9168649.0 9168971.0 9180129.0 9183571.0 9164726.0
156 17388529.0 17396149.0 17390774.0 17373705.0 17395012.0 17376302.0 17380145.0 17374675.0 17382035.0 17376671.0 17386213.0 17373472.0 17387800.0 17382531.0 17384977.0 17371564.0 17388168.0 17385544.0 17385256.0 17387008.0 17372795.0 17388538.0 17366945.0 17386863.0 17370015.0 17391146.0 17373957.0 17384136.0 17375258.0 17387511.0 17390775.0 17389425.0
159 17710385.0 17720273.0 17714351.0 17698426.0 17714748.0 17697283.0 17707475.0 17696280.0 17706523.0 17697447.0 17708000.0 17696784.0 17706993.0 17706651.0 17706675.0 17697663.0 17708139.0 17707138.0 17705692.0 17704795.0 17696552.0 17707011.0 17695990.0 17703625.0 17695609.0 17707005.0 17696526.0 17703357.0 17695015.0 17704947.0 17708700.0 17708795.0
162 17930160.0 17935177.0 17930976.0 17921245.0 17931339.0 17920816.0 17926946.0 17920382.0 17926892.0 17920783.0 17926620.0 17920434.0 17925992.0 17926029.0 17925829.0 17920638.0 17926327.0 17925392.0 17924946.0 17924518.0 17920414.0 17925852.0 17920255.0 17924153.0 17920145.0 17925882.0 17920573.0 17924090.0 17920025.0 17924778.0 17926717.0 17926450.0
165 18132079.0 18135402.0 18131884.0 18125916.0 18131878.0 18125480.0 18128914.0 18125308.0 18129363.0 18125428.0 18129037.0 18125249.0 18128727.0 18128535.0 18128273.0 18125353.0 18128720.0 18128229.0 18127565.0 18127475.0 18125121.0 18128247.0 18124915.0 18127295.0 18124887.0 18128209.0 18125136.0 18127101.0 18124840.0 18127406.0 18128911.0 18128432.0
168 18338668.0 18338134.0 18334742.0 18328711.0 18334634.0 18328388.0 18331321.0 18328213.0 18332089.0 18328499.0 18331108.0 18328244.0 18330874.0 18330531.0 18330513.0 18328283.0 18330896.0 18330264.0 18329809.0 18329639.0 18327849.0 18330211.0 18327584.0 18329434.0 18327580.0 18330143.0 18327864.0 18329366.0 18327662.0 18329642.0 18330898.0 18330615.0
171 18430736.0 18440841.0 18432581.0 18419626.0 18431569.0 18418599.0 18426704.0 18418426.0 18429796.0 18418281.0 18427168.0 18418044.0 18425705.0 18425187.0 18424669.0 18418074.0 18426484.0 18425792.0 18422424.0 18421374.0 18415231.0 18423256.0 18414896.0 18420283.0 18414382.0 18422263.0 18414337.0 18419903.0 18414022.0 18419818.0 18422093.0 18421119.0
174 18541536.0 18541668.0 18538553.0 18530771.0 18536531.0 18529092.0 18534646.0 18528961.0 18535223.0 18529072.0 18532109.0 18529145.0 18531502.0 18530730.0 18530434.0 18528108.0 18529486.0 18529069.0 18526920.0 18525566.0 18524259.0 18526283.0 18523483.0 18523901.0 18522917.0 18524161.0 18522294.0 18523179.0 18521890.0 18522902.0 18524237.0 18523392.0
177 18565332.0 18587332.0 18582016.0 18560719.0 18575115.0 18552650.0 18578590.0 18552905.0 18571682.0 18556683.0 18571533.0 18556984.0 18565913.0 18569745.0 18569519.0 18567099.0 18568742.0 18569761.0 18565712.0 18561100.0 18551872.0 18563615.0 18552501.0 18555198.0 18549584.0 18557950.0 18545286.0 18556781.0 18540489.0 18556475.0 18560408.0 18561120.0
180 16916765.0 17442752.0 17431083.0 16760536.0 17266963.0 16496897.0 17413351.0 16438293.0 17107843.0 16520363.0 17152885.0 16499759.0 16989607.0 17109156.0 17101265.0 16728764.0 17062846.0 17089029.0 17090708.0 16969119.0 16482984.0 17035294.0 16559498.0 16850616.0 16513163.0 16938704.0 16439496.0 17007798.0 16323494.0 17023878.0 17114310.0 17243868.0
183 10744930.0 10748648.0 10808126.0 10780689.0 10668048.0 10552820.0 10905579.0 10497822.0 10662964.0 10674329.0 10753319.0 10643675.0 10532766.0 10725497.0 10740844.0 10975970.0 10616260.0 10732569.0 10688043.0 10514445.0 10555493.0 10589431.0 10759052.0 10315964.0 10669124.0 10390410.0 10522811.0 10512025.0 10204967.0 10492281.0 10569103.0 10682965.0
186 9327054.0 9089246.0 9189272.0 9369231.0 9039505.0 9115032.0 9323918.0 9030939.0 9057167.0 9229931.0 9172563.0 9186947.0 8911647.0 9135251.0 9166704.0 9565651.0 9002764.0 9160065.0 9122864.0 8916634.0 9076832.0 9004396.0 9337322.0 8697799.0 9245637.0 8772563.0 9103675.0 8925203.0 8743045.0 8906590.0 8981012.0 9094011.0
189 606010.0 775885.0 803102.0 686928.0 703191.0 610467.0 818916.0 613872.0 711376.0 637344.0 732415.0 620150.0 601612.0 693565.0 728048.0 764369.0 649572.0 689995.0 676888.0 572351.0 570896.0 643470.0 677541.0 515120.0 622413.0 556724.0 565761.0 592912.0 509509.0 590735.0 661347.0 643533.0
192 159625.0 214516.0 221071.0 177301.0 185727.0 179883.0 217589.0 206307.0 205251.0 178431.0 187721.0 184637.0 159789.0 192260.0 207282.0 212941.0 175521.0 179266.0 183530.0 151374.0 169118.0 187973.0 218152.0 146146.0 190567.0 162218.0 163515.0 162708.0 168107.0 167134.0 206559.0 181547.0
195 154914.0 179950.0 163007.0 127823.0 156467.0 154228.0 139925.0 189768.0 174445.0 151789.0 150387.0 166209.0 144552.0 165290.0 165921.0 156987.0 153997.0 149075.0 154906.0 136236.0 157809.0 163768.0 192570.0 139297.0 171523.0 151550.0 146884.0 145074.0 162195.0 149092.0 177694.0 157243.0
198 149405.0 179260.0 159972.0 121006.0 154854.0 151987.0 138909.0 188319.0 174676.0 148582.0 149215.0 165500.0 137467.0 164566.0 164363.0 156736.0 152898.0 145206.0 153314.0 118643.0 156104.0 159265.0 189592.0 135188.0 169205.0 148973.0 140945.0 142691.0 160715.0 148347.0 178126.0 154838.0
201 125965.0 176879.0 150854.0 94213.0 146549.0 140326.0 134714.0 184346.0 173128.0 139302.0 144780.0 162523.0 111574.0 161184.0 160842.0 153422.0 149228.0 129618.0 146907.0 73550.0 149543.0 135469.0 180423.0 116563.0 161210.0 140328.0 118584.0 135641.0 155366.0 142105.0 173958.0 144894.0
204 75228.0 168368.0 127114.0 47890.0 121550.0 104391.0 115234.0 163302.0 170766.0 107906.0 121801.0 152622.0 61448.0 149094.0 147004.0 142513.0 129657.0 85513.0 119824.0 26067.0 119633.0 84028.0 147435.0 72607.0 138555.0 107829.0 70870.0 107489.0 131939.0 119263.0 166119.0 108569.0
207 27134.0 132416.0 80781.0 12970.0 69848.0 46481.0 68672.0 111800.0 161336.0 50644.0 74176.0 112231.0 18044.0 111043.0 104517.0 106524.0 80419.0 32459.0 64027.0 6140.0 64670.0 29115.0 81208.0 25330.0 91040.0 50764.0 24553.0 55863.0 79815.0 67843.0 134223.0 49625.0
210 7584.0 70134.0 33671.0 3804.0 24141.0 11948.0 22944.0 48134.0 127839.0 13348.0 26403.0 50811.0 4999.0 50384.0 43750.0 50607.0 28581.0 7843.0 19373.0 2943.0 19740.0 7314.0 25396.0 6215.0 38185.0 13374.0 6247.0 16815.0 28488.0 22432.0 73871.0 12806.0
213 3598.0 22089.0 9461.0 2450.0 6935.0 4273.0 5906.0 13907.0 68138.0 4398.0 7034.0 13513.0 2990.0 13551.0 11270.0 14768.0 7388.0 3490.0 5441.0 2351.0 5719.0 3806.0 7080.0 3205.0 10654.0 4470.0 3268.0 4956.0 7526.0 6050.0 23986.0 4414.0
216 2695.0 5702.0 3919.0 1936.0 3474.0 3025.0 3067.0 5007.0 16968.0 3240.0 3449.0 4545.0 2299.0 4486.0 4289.0 4503.0 3730.0 2811.0 3335.0 1743.0 3413.0 2864.0 4139.0 2328.0 4314.0 3101.0 2520.0 3064.0 3812.0 3291.0 6135.0 3185.0
219 2202.0 3925.0 2877.0 1422.0 2866.0 2477.0 2582.0 3860.0 5389.0 2562.0 2823.0 3475.0 1743.0 3545.0 3466.0 3236.0 2916.0 2111.0 2720.0 1295.0 2741.0 2351.0 3506.0 1914.0 3355.0 2503.0 1896.0 2463.0 3136.0 2684.0 4020.0 2441.0
222 1738.0 3221.0 2430.0 1072.0 2235.0 1846.0 1932.0 3174.0 4054.0 1937.0 2209.0 2964.0 1409.0 2954.0 2712.0 2770.0 2365.0 1596.0 2182.0 1086.0 2168.0 1751.0 2590.0 1553.0 2725.0 2002.0 1488.0 1964.0 2446.0 2135.0 3259.0 2006.0
225 1555.0 2463.0 1808.0 949.0 1763.0 1463.0 1488.0 2401.0 3267.0 1640.0 1689.0 2246.0 1280.0 2310.0 2108.0 2124.0 1882.0 1300.0 1732.0 957.0 1759.0 1483.0 2224.0 1310.0 2013.0 1594.0 1280.0 1513.0 2008.0 1665.0 2413.0 1594.0
228 1468.0 2140.0 1528.0 871.0 1553.0 1339.0 1223.0 2142.0 2550.0 1416.0 1471.0 2094.0 1135.0 1972.0 1826.0 1813.0 1692.0 1194.0 1595.0 781.0 1608.0 1363.0 1994.0 1231.0 1945.0 1442.0 1275.0 1554.0 1819.0 1495.0 2193.0 1564.0
231 1342.0 1989.0 1479.0 667.0 1376.0 1223.0 1233.0 2058.0 2240.0 1382.0 1461.0 1869.0 1024.0 1854.0 1717.0 1748.0 1503.0 1119.0 1387.0 535.0 1520.0 1241.0 1882.0 1125.0 1708.0 1391.0 1068.0 1445.0 1790.0 1434.0 2015.0 1478.0
234 1054.0 1864.0 1299.0 425.0 1349.0 1081.0 1150.0 1868.0 2148.0 1210.0 1318.0 1755.0 844.0 1745.0 1643.0 1588.0 1496.0 960.0 1372.0 252.0 1353.0 940.0 1707.0 942.0 1649.0 1289.0 834.0 1260.0 1622.0 1309.0 1897.0 1246.0
237 729.0 1759.0 1173.0 220.0 1192.0 949.0 1037.0 1687.0 2062.0 1030.0 1164.0 1695.0 483.0 1647.0 1569.0 1469.0 1385.0 644.0 1202.0 96.0 1233.0 603.0 1388.0 634.0 1503.0 1104.0 585.0 1066.0 1534.0 1206.0 1870.0 991.0
240 378.0 1544.0 935.0 92.0 924.0 595.0 795.0 1560.0 2016.0 739.0 1021.0 1453.0 200.0 1543.0 1327.0 1313.0 1169.0 384.0 908.0 38.0 945.0 288.0 987.0 386.0 1248.0 818.0 270.0 781.0 1286.0 973.0 1651.0 651.0
243 172.0 1385.0 629.0 39.0 617.0 271.0 503.0 1191.0 1907.0 350.0 632.0 1204.0 59.0 1209.0 1040.0 1033.0 842.0 120.0 505.0 18.0 547.0 94.0 537.0 137.0 832.0 422.0 114.0 413.0 807.0 631.0 1411.0 283.0
246 73.0 1015.0 351.0 16.0 279.0 95.0 205.0 772.0 1690.0 109.0 317.0 780.0 29.0 743.0 578.0 600.0 350.0 46.0 184.0 25.0 235.0 40.0 200.0 63.0 506.0 144.0 30.0 151.0 436.0 278.0 1032.0 86.0
249 37.0 481.0 144.0 12.0 100.0 31.0 59.0 349.0 1467.0 43.0 104.0 360.0 13.0 310.0 229.0 283.0 131.0 26.0 73.0 12.0 74.0 27.0 71.0 35.0 160.0 47.0 16.0 62.0 162.0 91.0 586.0 34.0
252 15.0 195.0 51.0 11.0 50.0 25.0 35.0 123.0 986.0 40.0 46.0 116.0 16.0 101.0 78.0 97.0 54.0 20.0 34.0 12.0 38.0 17.0 49.0 22.0 93.0 20.0 24.0 38.0 62.0 31.0 234.0 29.0
255 23.0 58.0 34.0 7.0 35.0 21.0 23.0 59.0 500.0 22.0 31.0 51.0 15.0 48.0 43.0 45.0 38.0 17.0 27.0 10.0 30.0 23.0 43.0 13.0 43.0 28.0 20.0 30.0 48.0 29.0 74.0 27.0
258 12.0 45.0 24.0 8.0 25.0 22.0 20.0 47.0 289.0 22.0 23.0 39.0 14.0 44.0 25.0 41.0 19.0 15.0 17.0 10.0 22.0 21.0 20.0 18.0 31.0 27.0 22.0 23.0 38.0 24.0 42.0 18.0
261 26.0 40.0 26.0 13.0 28.0 18.0 13.0 46.0 78.0 18.0 24.0 36.0 18.0 41.0 45.0 30.0 23.0 13.0 28.0 8.0 27.0 13.0 36.0 10.0 36.0 12.0 11.0 17.0 29.0 21.0 48.0 25.0
264 20.0 30.0 18.0 7.0 16.0 18.0 16.0 36.0 65.0 22.0 12.0 38.0 17.0 24.0 33.0 37.0 28.0 18.0 23.0 4.0 24.0 16.0 33.0 14.0 29.0 17.0 11.0 18.0 32.0 20.0 37.0 20.0
267 20.0 25.0 18.0 5.0 16.0 5.0 21.0 29.0 37.0 16.0 20.0 25.0 3.0 25.0 25.0 25.0 24.0 7.0 15.0 4.0 15.0 7.0 20.0 9.0 21.0 19.0 14.0 26.0 36.0 18.0 27.0 13.0
270 7.0 25.0 16.0 4.0 18.0 10.0 12.0 18.0 31.0 11.0 10.0 24.0 3.0 32.0 16.0 26.0 23.0 10.0 18.0 1.0 18.0 13.0 20.0 6.0 22.0 18.0 10.0 17.0 15.0 22.0 23.0 17.0
273 8.0 19.0 14.0 1.0 13.0 6.0 10.0 24.0 36.0 14.0 9.0 19.0 4.0 32.0 18.0 27.0 11.0 9.0 12.0 0.0 15.0 6.0 14.0 8.0 22.0 5.0 4.0 12.0 22.0 12.0 34.0 9.0
276 3.0 22.0 12.0 0.0 13.0 3.0 8.0 23.0 38.0 9.0 13.0 26.0 5.0 27.0 17.0 21.0 11.0 1.0 11.0 2.0 12.0 1.0 6.0 4.0 20.0 8.0 1.0 14.0 20.0 16.0 23.0 8.0
279 5.0 23.0 10.0 0.0 8.0 4.0 4.0 18.0 26.0 6.0 9.0 21.0 0.0 14.0 14.0 16.0 12.0 0.0 6.0 1.0 5.0 3.0 8.0 3.0 10.0 4.0 1.0 5.0 21.0 13.0 25.0 5.0
282 1.0 13.0 5.0 0.0 9.0 1.0 2.0 17.0 35.0 3.0 5.0 9.0 1.0 15.0 11.0 18.0 8.0 1.0 3.0 0.0 5.0 1.0 5.0 0.0 13.0 2.0 3.0 4.0 6.0 5.0 18.0 1.0
285 1.0 8.0 2.0 1.0 4.0 1.0 0.0 14.0 22.0 2.0 5.0 7.0 1.0 10.0 5.0 11.0 3.0 0.0 1.0 0.0 2.0 0.0 1.0 0.0 4.0 1.0 1.0 0.0 3.0 3.0 19.0 0.0
288 3.0 6.0 1.0 1.0 1.0 0.0 0.0 9.0 21.0 0.0 0.0 3.0 0.0 5.0 3.0 1.0 3.0 0.0 1.0 0.0 4.0 0.0 0.0 3.0 8.0 1.0 0.0 1.0 3.0 1.0 3.0 1.0
291 0.0 2.0 1.0 0.0 0.0 0.0 0.0 2.0 22.0 1.0 0.0 1.0 0.0 1.0 0.0 1.0 1.0 0.0 2.0 1.0 0.0 1.0 0.0 0.0 1.0 1.0 1.0 0.0 1.0 0.0 1.0 0.0
294 1.0 3.0 0.0 1.0 1.0 0.0 1.0 1.0 12.0 3.0 2.0 0.0 0.0 0.0 1.0 2.0 0.0 0.0 2.0 2.0 0.0 0.0 0.0 0.0 1.0 1.0 0.0 1.0 0.0 1.0 5.0 2.0
297 0.0 0.0 0.0 0.0 0.0 0.0 0.0 0.0 5.0 1.0 1.0 1.0 1.0 1.0 0.0 0.0 0.0 0.0 2.0 0.0 0.0 1.0 0.0 1.0 0.0 1.0 0.0 0.0 0.0 0.0 0.0 1.0
300 1.0 1.0 1.0 0.0 2.0 0.0 0.0 2.0 3.0 2.0 1.0 1.0 0.0 1.0 0.0 1.0 0.0 0.0 0.0 0.0 1.0 0.0 0.0 0.0 1.0 0.0 2.0 0.0 0.0 1.0 1.0 0.0
303 0.0 0.0 1.0 0.0 1.0 1.0 1.0 1.0 3.0 1.0 2.0 0.0 0.0 0.0 3.0 0.0 0.0 0.0 0.0 1.0 0.0 0.0 0.0 0.0 1.0 1.0 2.0 0.0 1.0 1.0 2.0 1.0
306 0.0 0.0 2.0 0.0 0.0 0.0 0.0 0.0 1.0 0.0 0.0 0.0 0.0 1.0 0.0 2.0 1.0 2.0 0.0 0.0 0.0 0.0 0.0 0.0 2.0 0.0 0.0 0.0 0.0 1.0 1.0 0.0
309 0.0 1.0 1.0 2.0 1.0 0.0 0.0 1.0 3.0 1.0 1.0 2.0 0.0 2.0 0.0 2.0 1.0 0.0 0.0 0.0 1.0 1.0 0.0 0.0 1.0 0.0 0.0 0.0 0.0 0.0 1.0 0.0
312 0.0 0.0 0.0 1.0 0.0 0.0 1.0 0.0 1.0 0.0 0.0 0.0 0.0 0.0 0.0 0.0 0.0 0.0 0.0 0.0 0.0 0.0 1.0 0.0 1.0 0.0 1.0 1.0 0.0 0.0 0.0 0.0
315 0.0 0.0 1.0 0.0 1.0 0.0 0.0 2.0 2.0 0.0 1.0 1.0 0.0 1.0 2.0 0.0 2.0 2.0 3.0 0.0 1.0 1.0 2.0 1.0 1.0 1.0 1.0 0.0 0.0 0.0 2.0 1.0
318 0.0 0.0 1.0 0.0 0.0 0.0 0.0 0.0 0.0 0.0 0.0 0.0 1.0 0.0 0.0 0.0 0.0 0.0 0.0 1.0 0.0 0.0 0.0 0.0 1.0 1.0 0.0 0.0 0.0 0.0 0.0 0.0
321 0.0 0.0 0.0 1.0 0.0 0.0 0.0 1.0 1.0 0.0 0.0 1.0 0.0 0.0 0.0 0.0 0.0 0.0 0.0 0.0 0.0 0.0 1.0 1.0 0.0 0.0 0.0 0.0 0.0 0.0 0.0 0.0
324 0.0 0.0 1.0 0.0 1.0 0.0 0.0 0.0 0.0 0.0 1.0 1.0 0.0 0.0 0.0 0.0 0.0 0.0 0.0 0.0 0.0 1.0 0.0 0.0 0.0 0.0 0.0 0.0 0.0 0.0 0.0 0.0
327 0.0 0.0 1.0 0.0 0.0 0.0 1.0 0.0 0.0 0.0 0.0 0.0 0.0 0.0 2.0 0.0 0.0 1.0 0.0 0.0 0.0 0.0 0.0 0.0 1.0 1.0 0.0 0.0 0.0 0.0 0.0 0.0
330 1.0 1.0 1.0 2.0 1.0 0.0 0.0 2.0 1.0 0.0 0.0 1.0 1.0 1.0 2.0 0.0 0.0 0.0 0.0 0.0 0.0 1.0 0.0 1.0 0.0 0.0 0.0 0.0 1.0 0.0 0.0 1.0
333 0.0 0.0 1.0 0.0 0.0 0.0 0.0 0.0 0.0 0.0 0.0 0.0 0.0 0.0 0.0 0.0 0.0 0.0 0.0 0.0 0.0 0.0 0.0 0.0 0.0 0.0 0.0 0.0 0.0 1.0 0.0 0.0
336 0.0 0.0 0.0 0.0 0.0 0.0 2.0 1.0 1.0 1.0 0.0 0.0 0.0 1.0 0.0 1.0 1.0 1.0 1.0 0.0 1.0 1.0 0.0 1.0 0.0 0.0 0.0 0.0 0.0 1.0 0.0 1.0
339 0.0 1.0 0.0 0.0 0.0 0.0 0.0 0.0 0.0 0.0 0.0 1.0 0.0 0.0 0.0 0.0 0.0 0.0 0.0 0.0 0.0 0.0 0.0 0.0 0.0 0.0 0.0 1.0 0.0 0.0 0.0 0.0
342 0.0 0.0 0.0 0.0 0.0 0.0 0.0 0.0 0.0 0.0 0.0 0.0 1.0 0.0 2.0 0.0 0.0 0.0 0.0 0.0 1.0 0.0 0.0 0.0 0.0 0.0 0.0 1.0 0.0 0.0 0.0 0.0
345 0.0 0.0 0.0 0.0 0.0 0.0 0.0 0.0 0.0 0.0 0.0 0.0 0.0 1.0 0.0 0.0 0.0 0.0 0.0 0.0 0.0 0.0 0.0 0.0 0.0 0.0 0.0 0.0 0.0 0.0 0.0 0.0
348 0.0 0.0 0.0 0.0 0.0 0.0 0.0 1.0 0.0 0.0 0.0 0.0 0.0 1.0 1.0 0.0 0.0 0.0 0.0 1.0 0.0 0.0 0.0 0.0 0.0 0.0 0.0 0.0 0.0 2.0 1.0 0.0
351 1.0 0.0 0.0 1.0 0.0 0.0 0.0 0.0 1.0 0.0 0.0 0.0 1.0 1.0 0.0 0.0 0.0 0.0 1.0 0.0 0.0 0.0 0.0 0.0 0.0 0.0 0.0 0.0 0.0 0.0 0.0 0.0
354 0.0 0.0 0.0 0.0 0.0 0.0 0.0 0.0 0.0 0.0 0.0 0.0 0.0 0.0 0.0 0.0 1.0 0.0 0.0 0.0 0.0 2.0 0.0 0.0 0.0 0.0 0.0 0.0 0.0 0.0 0.0 0.0
357 0.0 1.0 0.0 0.0 0.0 0.0 1.0 0.0 1.0 0.0 0.0 0.0 0.0 0.0 0.0 0.0 0.0 2.0 1.0 0.0 0.0 0.0 0.0 1.0 0.0 0.0 0.0 0.0 0.0 1.0 0.0 1.0
