150 13382.0 9378.0 8150.0 8313.0 7371.0 7767.0 5362.0 20287.0 6860.0 9410.0 6460.0 7267.0 12782.0 5262.0 11738.0 5454.0 7907.0 4246.0 8321.0 5863.0 13638.0 8064.0 7522.0 3685.0 6314.0 9739.0 8757.0 6292.0 4867.0 6004.0 8253.0 5489.0
153 17713594.0 17711072.0 17710592.0 17706940.0 17709296.0 17706931.0 17708146.0 17705607.0 17708079.0 17707295.0 17708194.0 17707139.0 17708667.0 17708147.0 17708835.0 17707007.0 17708604.0 17707737.0 17708661.0 17708348.0 17707070.0 17708263.0 17706635.0 17707720.0 17706945.0 17708666.0 17706577.0 17708066.0 17706512.0 17708330.0 17709275.0 17709248.0
156 17997726.0 17991020.0 17990238.0 17977626.0 17985590.0 17977267.0 17982459.0 17975436.0 17980843.0 17977712.0 17981278.0 17977886.0 17982765.0 17981188.0 17982945.0 17977648.0 17981934.0 17980417.0 17981416.0 17980484.0 17976573.0 17979725.0 17976550.0 17978683.0 17976605.0 17979616.0 17976382.0 17979301.0 17976471.0 17979559.0 17980941.0 17981342.0
159 18215670.0 18211439.0 18212269.0 18202922.0 18208891.0 18202243.0 18206716.0 18201052.0 18205730.0 18202748.0 18206593.0 18202868.0 18207871.0 18206750.0 18208391.0 18202511.0 18207425.0 18205937.0 18206713.0 18206285.0 18201832.0 18205467.0 18201345.0 18203984.0 18201315.0 18204811.0 18201278.0 18204511.0 18201307.0 18204631.0 18205597.0 18205288.0
162 18420743.0 18417770.0 18419007.0 18410723.0 18416805.0 18410204.0 18413836.0 18409322.0 18412707.0 18411121.0 18413348.0 18411062.0 18415319.0 18413100.0 18415470.0 18410580.0 18413967.0 18412334.0 18413318.0 18412699.0 18409666.0 18412032.0 18408928.0 18410865.0 18408657.0 18411599.0 18408546.0 18411231.0 18408545.0 18411289.0 18412446.0 18411907.0
165 18636379.0 18637038.0 18639117.0 18633370.0 18640824.0 18632770.0 18641312.0 18632150.0 18640541.0 18633379.0 18642705.0 18633275.0 18645491.0 18643535.0 18648191.0 18633047.0 18644453.0 18639557.0 18643537.0 18641669.0 18632587.0 18640281.0 18632338.0 18635772.0 18632113.0 18639097.0 18631937.0 18636575.0 18631871.0 18637549.0 18639455.0 18638474.0
168 18764947.0 18763904.0 18764738.0 18767067.0 18763513.0 18764253.0 18764212.0 18763850.0 18765142.0 18765626.0 18765887.0 18765188.0 18766016.0 18768667.0 18769030.0 18763348.0 18769083.0 18769757.0 18767969.0 18768544.0 18762549.0 18767574.0 18761154.0 18766953.0 18760632.0 18765417.0 18760380.0 18765898.0 18760267.0 18765849.0 18765414.0 18763866.0
171 18782821.0 18781525.0 18782303.0 18779622.0 18779802.0 18778434.0 18779184.0 18778368.0 18777780.0 18779813.0 18778283.0 18780322.0 18779111.0 18778442.0 18779213.0 18780731.0 18779274.0 18777973.0 18777345.0 18777453.0 18777743.0 18776232.0 18776247.0 18775822.0 18775791.0 18775322.0 18775562.0 18775465.0 18775153.0 18775311.0 18775305.0 18774597.0
174 18526953.0 18520004.0 18524333.0 18485553.0 18506344.0 18482510.0 18505579.0 18480917.0 18496558.0 18480623.0 18498997.0 18487822.0 18498134.0 18497612.0 18498746.0 18492034.0 18501050.0 18495855.0 18496119.0 18494923.0 18483391.0 18490313.0 18482951.0 18486783.0 18485553.0 18487619.0 18483564.0 18487449.0 18485580.0 18487308.0 18489362.0 18488525.0
177 13713747.0 13704098.0 13696522.0 13206943.0 13493055.0 13197329.0 13611408.0 13192565.0 13523105.0 13104725.0 13567331.0 13243657.0 13452397.0 13574253.0 13497783.0 13357456.0 13613716.0 13622239.0 13554987.0 13581612.0 13177489.0 13494058.0 13275250.0 13467486.0 13404370.0 13446024.0 13289650.0 13578341.0 13478021.0 13554416.0 13620651.0 13628688.0
180 10856938.0 10880680.0 10892256.0 10783695.0 10792528.0 10821151.0 10913840.0 10832558.0 10879242.0 10732790.0 10916567.0 10874490.0 10818891.0 10935438.0 10861443.0 10986576.0 10964761.0 10970520.0 10899608.0 10929149.0 10794066.0 10838301.0 10922955.0 10810054.0 11070296.0 10765117.0 10937492.0 10897835.0 11126014.0 10857186.0 10902846.0 10877376.0
183 9496453.0 9522106.0 9537150.0 9536269.0 9439465.0 9590682.0 9570218.0 9586939.0 9553498.0 9465359.0 9581679.0 9615650.0 9479679.0 9598276.0 9517029.0 9723326.0 9616978.0 9622898.0 9552174.0 9587140.0 9518688.0 9499894.0 9671561.0 9474909.0 9815095.0 9417337.0 9671410.0 9548590.0 9870088.0 9503754.0 9540085.0 9502632.0
186 3684008.0 3703393.0 3708750.0 3681649.0 3606915.0 3727774.0 3738250.0 3798746.0 3720609.0 3620633.0 3744907.0 3726724.0 3655888.0 3734693.0 3677354.0 3806652.0 3769411.0 3758095.0 3690015.0 3730236.0 3667215.0 3662135.0 3777625.0 3629794.0 3887116.0 3608274.0 3789390.0 3721480.0 3955274.0 3670146.0 3714405.0 3648346.0
189 112406.0 109995.0 104235.0 115351.0 91284.0 100001.0 105431.0 303104.0 106197.0 98861.0 141440.0 93743.0 113140.0 95629.0 97218.0 100640.0 137544.0 103581.0 95969.0 102570.0 109224.0 97487.0 110072.0 75651.0 116328.0 113356.0 115513.0 110541.0 134968.0 101555.0 124210.0 87682.0
192 106730.0 103706.0 95722.0 114291.0 88472.0 90991.0 93415.0 291551.0 96417.0 93853.0 126437.0 86260.0 108441.0 82728.0 88543.0 91723.0 123146.0 91548.0 86708.0 89384.0 102709.0 88974.0 98178.0 58292.0 97670.0 107756.0 100909.0 94405.0 100468.0 87608.0 109407.0 74588.0
195 95147.0 101760.0 88146.0 111281.0 83347.0 82124.0 92247.0 283015.0 92705.0 81463.0 107343.0 79111.0 107774.0 72560.0 73856.0 88673.0 114585.0 89050.0 71847.0 79657.0 101308.0 82203.0 96148.0 32835.0 92646.0 102107.0 97861.0 87617.0 96111.0 75999.0 104983.0 60043.0
198 60568.0 89898.0 67835.0 98258.0 62758.0 55422.0 83679.0 263701.0 81146.0 48222.0 63830.0 57531.0 104848.0 45940.0 42610.0 73613.0 82136.0 76113.0 38712.0 53109.0 91872.0 61300.0 88163.0 10409.0 74210.0 77540.0 87891.0 64404.0 81547.0 47817.0 91252.0 32461.0
201 20532.0 55019.0 32165.0 61096.0 25999.0 19537.0 55192.0 190973.0 50412.0 14553.0 17702.0 23640.0 88205.0 14505.0 12503.0 40411.0 30484.0 45005.0 9826.0 18425.0 62661.0 26419.0 60235.0 2237.0 37407.0 35548.0 57806.0 27606.0 48019.0 15530.0 56289.0 9364.0
204 4510.0 18503.0 8706.0 21382.0 5678.0 4373.0 20482.0 84311.0 18536.0 3307.0 4203.0 5322.0 51871.0 3214.0 3013.0 11629.0 6484.0 15286.0 2513.0 4055.0 25183.0 6304.0 23702.0 1199.0 9980.0 9274.0 21346.0 6353.0 15777.0 3414.0 19873.0 2281.0
207 2107.0 4194.0 2399.0 5058.0 1990.0 1790.0 4805.0 17959.0 4448.0 1843.0 2545.0 1926.0 17017.0 1561.0 1639.0 2806.0 2580.0 3503.0 1570.0 1776.0 5915.0 2108.0 5536.0 851.0 2688.0 2806.0 4899.0 2117.0 3715.0 1611.0 4640.0 1343.0
210 1652.0 2110.0 1567.0 2204.0 1441.0 1385.0 1987.0 7450.0 1822.0 1365.0 2030.0 1362.0 4063.0 1151.0 1232.0 1617.0 1960.0 1762.0 1256.0 1309.0 2399.0 1518.0 2151.0 570.0 1700.0 1995.0 2065.0 1501.0 1869.0 1182.0 2225.0 951.0
213 1187.0 1595.0 1170.0 1776.0 1075.0 1043.0 1490.0 5492.0 1458.0 996.0 1510.0 998.0 2266.0 872.0 880.0 1353.0 1492.0 1400.0 907.0 987.0 1834.0 1166.0 1636.0 413.0 1341.0 1468.0 1732.0 1092.0 1498.0 910.0 1666.0 684.0
216 895.0 1215.0 870.0 1284.0 860.0 781.0 1120.0 4474.0 1072.0 786.0 1108.0 724.0 1783.0 706.0 659.0 964.0 1107.0 975.0 713.0 800.0 1362.0 882.0 1214.0 357.0 988.0 1142.0 1253.0 829.0 1092.0 693.0 1292.0 562.0
219 770.0 888.0 738.0 1026.0 735.0 570.0 907.0 3530.0 832.0 719.0 1001.0 679.0 1330.0 583.0 613.0 789.0 863.0 807.0 602.0 657.0 1097.0 707.0 927.0 264.0 770.0 910.0 985.0 656.0 815.0 608.0 979.0 486.0
222 664.0 810.0 665.0 933.0 642.0 600.0 769.0 3134.0 733.0 670.0 875.0 601.0 1103.0 508.0 536.0 750.0 828.0 740.0 551.0 649.0 949.0 652.0 841.0 206.0 709.0 825.0 827.0 632.0 749.0 545.0 899.0 431.0
225 687.0 822.0 592.0 840.0 630.0 525.0 725.0 2918.0 681.0 554.0 651.0 570.0 1081.0 456.0 449.0 704.0 791.0 680.0 433.0 514.0 911.0 597.0 789.0 80.0 660.0 846.0 868.0 582.0 733.0 426.0 788.0 351.0
228 503.0 729.0 472.0 853.0 535.0 413.0 690.0 2842.0 645.0 431.0 391.0 459.0 999.0 299.0 297.0 641.0 619.0 654.0 295.0 365.0 876.0 551.0 767.0 38.0 647.0 699.0 744.0 416.0 633.0 290.0 788.0 194.0
231 292.0 612.0 416.0 691.0 388.0 282.0 594.0 2488.0 547.0 221.0 185.0 337.0 930.0 157.0 165.0 507.0 389.0 528.0 125.0 244.0 766.0 310.0 636.0 7.0 484.0 517.0 680.0 292.0 528.0 137.0 618.0 78.0
234 100.0 481.0 207.0 542.0 167.0 96.0 454.0 2125.0 349.0 77.0 49.0 135.0 916.0 50.0 52.0 328.0 154.0 355.0 42.0 89.0 626.0 166.0 501.0 10.0 263.0 250.0 498.0 132.0 327.0 42.0 460.0 35.0
237 32.0 251.0 94.0 273.0 63.0 34.0 251.0 1335.0 204.0 18.0 28.0 57.0 767.0 14.0 20.0 156.0 37.0 186.0 16.0 30.0 422.0 65.0 305.0 2.0 113.0 120.0 310.0 42.0 157.0 15.0 279.0 17.0
240 19.0 92.0 33.0 118.0 31.0 9.0 70.0 577.0 89.0 12.0 17.0 11.0 530.0 6.0 16.0 57.0 21.0 73.0 10.0 10.0 208.0 21.0 151.0 3.0 33.0 40.0 127.0 21.0 47.0 8.0 105.0 7.0
243 7.0 25.0 12.0 41.0 9.0 8.0 34.0 224.0 33.0 11.0 8.0 19.0 291.0 8.0 9.0 14.0 20.0 20.0 10.0 10.0 79.0 14.0 42.0 6.0 21.0 21.0 45.0 4.0 22.0 11.0 44.0 5.0
246 8.0 13.0 15.0 22.0 9.0 13.0 12.0 62.0 13.0 14.0 9.0 10.0 125.0 9.0 5.0 13.0 6.0 13.0 5.0 2.0 24.0 10.0 23.0 2.0 13.0 8.0 21.0 9.0 7.0 3.0 16.0 3.0
249 12.0 10.0 7.0 16.0 8.0 6.0 10.0 48.0 9.0 10.0 10.0 4.0 37.0 4.0 5.0 7.0 11.0 5.0 6.0 10.0 11.0 10.0 15.0 1.0 13.0 7.0 17.0 9.0 6.0 2.0 7.0 5.0
252 5.0 16.0 5.0 12.0 11.0 7.0 9.0 47.0 15.0 6.0 7.0 3.0 19.0 5.0 4.0 5.0 6.0 11.0 3.0 7.0 10.0 11.0 11.0 1.0 6.0 11.0 23.0 9.0 11.0 1.0 15.0 4.0
255 6.0 12.0 8.0 13.0 1.0 4.0 8.0 30.0 6.0 7.0 3.0 5.0 15.0 5.0 7.0 7.0 9.0 7.0 4.0 5.0 11.0 7.0 6.0 3.0 7.0 11.0 9.0 6.0 11.0 8.0 10.0 0.0
258 4.0 9.0 5.0 5.0 4.0 2.0 7.0 37.0 6.0 5.0 3.0 2.0 15.0 3.0 4.0 6.0 6.0 5.0 0.0 3.0 13.0 3.0 9.0 0.0 4.0 6.0 8.0 7.0 4.0 0.0 6.0 1.0
261 5.0 5.0 8.0 8.0 6.0 3.0 11.0 34.0 5.0 5.0 6.0 10.0 5.0 1.0 5.0 9.0 3.0 11.0 0.0 2.0 15.0 3.0 7.0 0.0 4.0 11.0 11.0 5.0 10.0 5.0 5.0 1.0
264 4.0 7.0 2.0 5.0 1.0 1.0 10.0 21.0 4.0 2.0 0.0 3.0 15.0 1.0 0.0 7.0 2.0 8.0 0.0 1.0 8.0 3.0 9.0 0.0 3.0 9.0 8.0 4.0 3.0 0.0 3.0 0.0
267 0.0 5.0 4.0 5.0 2.0 1.0 8.0 22.0 6.0 2.0 0.0 1.0 16.0 1.0 1.0 4.0 1.0 5.0 0.0 2.0 13.0 0.0 3.0 2.0 2.0 2.0 6.0 4.0 6.0 1.0 5.0 2.0
270 2.0 1.0 0.0 8.0 1.0 2.0 4.0 18.0 2.0 0.0 1.0 3.0 13.0 0.0 0.0 0.0 0.0 1.0 0.0 0.0 4.0 1.0 4.0 0.0 1.0 3.0 8.0 1.0 4.0 0.0 4.0 0.0
273 0.0 0.0 0.0 3.0 2.0 1.0 1.0 10.0 3.0 0.0 0.0 0.0 7.0 2.0 0.0 2.0 1.0 3.0 1.0 1.0 6.0 1.0 2.0 3.0 0.0 1.0 3.0 0.0 2.0 0.0 2.0 1.0
276 1.0 0.0 0.0 1.0 0.0 0.0 2.0 6.0 2.0 0.0 0.0 0.0 7.0 0.0 0.0 0.0 0.0 1.0 1.0 0.0 4.0 1.0 2.0 0.0 0.0 0.0 2.0 0.0 0.0 0.0 1.0 0.0
279 0.0 0.0 0.0 1.0 0.0 0.0 1.0 3.0 0.0 1.0 0.0 0.0 6.0 0.0 1.0 1.0 0.0 1.0 0.0 0.0 1.0 1.0 0.0 0.0 1.0 1.0 1.0 0.0 0.0 2.0 1.0 1.0
282 0.0 0.0 0.0 1.0 1.0 0.0 0.0 2.0 1.0 0.0 0.0 2.0 3.0 2.0 2.0 0.0 0.0 2.0 1.0 0.0 0.0 2.0 2.0 0.0 1.0 0.0 1.0 0.0 0.0 0.0 1.0 1.0
285 0.0 0.0 0.0 2.0 0.0 2.0 0.0 1.0 1.0 1.0 1.0 1.0 1.0 1.0 1.0 1.0 1.0 1.0 1.0 1.0 1.0 0.0 0.0 0.0 1.0 1.0 0.0 0.0 0.0 0.0 0.0 1.0
288 1.0 0.0 0.0 1.0 3.0 0.0 1.0 1.0 0.0 0.0 0.0 0.0 0.0 0.0 0.0 1.0 1.0 1.0 1.0 0.0 0.0 1.0 2.0 2.0 0.0 0.0 1.0 1.0 0.0 2.0 0.0 0.0
291 0.0 1.0 1.0 1.0 1.0 1.0 0.0 0.0 1.0 1.0 1.0 1.0 0.0 0.0 0.0 0.0 0.0 1.0 0.0 0.0 0.0 0.0 0.0 0.0 0.0 0.0 0.0 0.0 1.0 0.0 1.0 0.0
294 2.0 2.0 2.0 3.0 2.0 0.0 0.0 0.0 0.0 0.0 0.0 0.0 1.0 0.0 2.0 0.0 0.0 2.0 0.0 0.0 0.0 0.0 0.0 1.0 1.0 0.0 0.0 0.0 1.0 0.0 1.0 0.0
297 0.0 0.0 0.0 0.0 0.0 0.0 0.0 1.0 0.0 0.0 1.0 0.0 0.0 0.0 0.0 0.0 1.0 0.0 0.0 0.0 0.0 1.0 1.0 1.0 1.0 0.0 1.0 0.0 0.0 0.0 0.0 0.0
300 0.0 1.0 0.0 0.0 0.0 2.0 1.0 1.0 5.0 1.0 3.0 0.0 1.0 0.0 1.0 0.0 2.0 0.0 0.0 1.0 1.0 0.0 0.0 2.0 1.0 0.0 1.0 1.0 1.0 1.0 0.0 0.0
303 0.0 0.0 0.0 0.0 0.0 1.0 0.0 0.0 0.0 0.0 0.0 0.0 2.0 0.0 1.0 0.0 2.0 0.0 0.0 1.0 1.0 0.0 0.0 1.0 0.0 0.0 0.0 0.0 2.0 0.0 0.0 0.0
306 0.0 0.0 0.0 0.0 0.0 0.0 0.0 0.0 0.0 0.0 0.0 0.0 1.0 0.0 0.0 0.0 0.0 0.0 0.0 1.0 0.0 0.0 1.0 0.0 0.0 0.0 0.0 0.0 0.0 0.0 0.0 0.0
309 1.0 0.0 0.0 1.0 2.0 2.0 0.0 1.0 1.0 3.0 0.0 1.0 0.0 2.0 0.0 1.0 0.0 0.0 1.0 2.0 0.0 0.0 1.0 0.0 1.0 1.0 0.0 1.0 0.0 1.0 0.0 1.0
312 0.0 0.0 0.0 0.0 0.0 0.0 0.0 0.0 0.0 0.0 0.0 0.0 0.0 2.0 0.0 0.0 0.0 0.0 1.0 0.0 0.0 0.0 0.0 0.0 0.0 0.0 0.0 0.0 0.0 0.0 0.0 0.0
315 0.0 0.0 0.0 0.0 1.0 1.0 0.0 0.0 0.0 0.0 0.0 0.0 1.0 1.0 2.0 2.0 0.0 0.0 0.0 0.0 2.0 1.0 0.0 0.0 1.0 0.0 0.0 0.0 0.0 1.0 0.0 0.0
318 0.0 1.0 0.0 0.0 1.0 0.0 0.0 0.0 0.0 0.0 0.0 0.0 0.0 0.0 2.0 1.0 0.0 0.0 0.0 0.0 0.0 1.0 0.0 0.0 0.0 0.0 0.0 0.0 0.0 0.0 1.0 0.0
321 0.0 1.0 0.0 2.0 0.0 0.0 1.0 0.0 1.0 1.0 0.0 0.0 2.0 1.0 0.0 0.0 0.0 1.0 0.0 0.0 0.0 0.0 0.0 0.0 0.0 1.0 1.0 0.0 0.0 0.0 0.0 0.0
324 0.0 0.0 1.0 1.0 0.0 0.0 1.0 1.0 0.0 1.0 0.0 2.0 0.0 0.0 2.0 1.0 0.0 0.0 1.0 2.0 0.0 0.0 0.0 0.0 0.0 0.0 0.0 0.0 0.0 0.0 1.0 1.0
327 0.0 0.0 0.0 0.0 0.0 0.0 1.0 0.0 0.0 1.0 1.0 0.0 0.0 0.0 0.0 1.0 0.0 0.0 0.0 0.0 0.0 0.0 1.0 0.0 0.0 0.0 0.0 0.0 0.0 0.0 0.0 0.0
330 1.0 1.0 0.0 0.0 2.0 0.0 0.0 0.0 2.0 0.0 0.0 1.0 1.0 0.0 0.0 0.0 0.0 0.0 1.0 1.0 0.0 0.0 0.0 1.0 0.0 0.0 1.0 1.0 1.0 0.0 0.0 0.0
333 0.0 0.0 0.0 0.0 0.0 0.0 1.0 1.0 0.0 0.0 0.0 0.0 0.0 0.0 0.0 0.0 0.0 0.0 0.0 0.0 0.0 0.0 0.0 0.0 0.0 0.0 0.0 0.0 0.0 0.0 0.0 0.0
336 1.0 0.0 0.0 1.0 1.0 1.0 2.0 1.0 2.0 1.0 0.0 0.0 1.0 1.0 1.0 0.0 0.0 2.0 2.0 0.0 0.0 0.0 1.0 0.0 0.0 0.0 0.0 0.0 0.0 1.0 0.0 0.0
339 0.0 0.0 0.0 0.0 0.0 0.0 0.0 0.0 0.0 0.0 1.0 0.0 0.0 0.0 0.0 0.0 0.0 0.0 1.0 0.0 0.0 1.0 0.0 0.0 0.0 0.0 0.0 0.0 0.0 0.0 0.0 0.0
342 0.0 0.0 0.0 0.0 0.0 1.0 1.0 1.0 0.0 1.0 0.0 0.0 0.0 1.0 0.0 1.0 1.0 1.0 0.0 1.0 0.0 0.0 1.0 0.0 1.0 0.0 0.0 0.0 3.0 0.0 1.0 0.0
345 1.0 0.0 0.0 0.0 0.0 1.0 2.0 1.0 1.0 0.0 1.0 0.0 0.0 0.0 0.0 0.0 0.0 1.0 0.0 0.0 1.0 0.0 0.0 0.0 1.0 0.0 0.0 2.0 0.0 0.0 3.0 0.0
348 1.0 1.0 0.0 0.0 1.0 1.0 1.0 0.0 0.0 1.0 1.0 0.0 0.0 0.0 0.0 0.0 0.0 1.0 0.0 0.0 0.0 0.0 0.0 0.0 0.0 0.0 0.0 0.0 1.0 0.0 0.0 0.0
351 2.0 0.0 1.0 0.0 0.0 0.0 0.0 0.0 0.0 0.0 0.0 0.0 0.0 0.0 0.0 0.0 0.0 1.0 1.0 0.0 0.0 1.0 0.0 0.0 0.0 0.0 0.0 0.0 0.0 0.0 0.0 0.0
354 0.0 0.0 0.0 0.0 0.0 0.0 1.0 0.0 2.0 0.0 0.0 0.0 0.0 0.0 0.0 0.0 0.0 0.0 0.0 0.0 0.0 0.0 1.0 0.0 1.0 0.0 0.0 0.0 0.0 0.0 0.0 1.0
357 0.0 2.0 1.0 0.0 1.0 1.0 0.0 1.0 0.0 0.0 1.0 1.0 1.0 0.0 1.0 1.0 2.0 0.0 0.0 0.0 2.0 0.0 0.0 0.0 0.0 0.0 0.0 0.0 0.0 0.0 1.0 1.0
