150 18136411.0 18137335.0 18135917.0 18126915.0 18133057.0 18127025.0 18129978.0 18127205.0 18130143.0 18126875.0 18131465.0 18127420.0 18130344.0 18131500.0 18131089.0 18127284.0 18131580.0 18131153.0 18130421.0 18130129.0 18126891.0 18130399.0 18126596.0 18129378.0 18126873.0 18130948.0 18126362.0 18129057.0 18126626.0 18129945.0 18130835.0 18133545.0
153 18412075.0 18411270.0 18409514.0 18402695.0 18407427.0 18402759.0 18405277.0 18402770.0 18405006.0 18402732.0 18406087.0 18402908.0 18405022.0 18405659.0 18405514.0 18403079.0 18406095.0 18405595.0 18405181.0 18404924.0 18402611.0 18405430.0 18402536.0 18404695.0 18402602.0 18406111.0 18402302.0 18404786.0 18402433.0 18405277.0 18406322.0 18408754.0
156 18645429.0 18640405.0 18639219.0 18630703.0 18636161.0 18630739.0 18633842.0 18630895.0 18633827.0 18630768.0 18635249.0 18630953.0 18633695.0 18634747.0 18634401.0 18631143.0 18634727.0 18634449.0 18633607.0 18633211.0 18630611.0 18633891.0 18630564.0 18632722.0 18630486.0 18633686.0 18630239.0 18632932.0 18630408.0 18633135.0 18633696.0 18635304.0
159 18915428.0 18902887.0 18903034.0 18890633.0 18898861.0 18890676.0 18895754.0 18890677.0 18896485.0 18890871.0 18899067.0 18890879.0 18895861.0 18898238.0 18896871.0 18891426.0 18896758.0 18897813.0 18895617.0 18894558.0 18890031.0 18895511.0 18889916.0 18892891.0 18889701.0 18893759.0 18889396.0 18893237.0 18889558.0 18893092.0 18893362.0 18894534.0
162 19144396.0 19135400.0 19135583.0 19130228.0 19133527.0 19130769.0 19131850.0 19130750.0 19132160.0 19130730.0 19133675.0 19130396.0 19131861.0 19133383.0 19132207.0 19130100.0 19132108.0 19132541.0 19131300.0 19130912.0 19129126.0 19131144.0 19128703.0 19130042.0 19128712.0 19130415.0 19128467.0 19130270.0 19128517.0 19130442.0 19130645.0 19131250.0
165 19119369.0 19098587.0 19099912.0 19094248.0 19096337.0 19094752.0 19094048.0 19094788.0 19094147.0 19094290.0 19095417.0 19093764.0 19093490.0 19095077.0 19093316.0 19093084.0 19093225.0 19094423.0 19092578.0 19092312.0 19091524.0 19092208.0 19090579.0 19091138.0 19090683.0 19091276.0 19090074.0 19091246.0 19090267.0 19091319.0 19091558.0 19091817.0
168 18954622.0 18923384.0 18915132.0 18866637.0 18901220.0 18852356.0 18887514.0 18858063.0 18881513.0 18860939.0 18886849.0 18862568.0 18875764.0 18876112.0 18867351.0 18871935.0 18864451.0 18873049.0 18863400.0 18855467.0 18847958.0 18856424.0 18847921.0 18843389.0 18845138.0 18846732.0 18837730.0 18846787.0 18838245.0 18845166.0 18846933.0 18851744.0
171 16104563.0 16363359.0 16184393.0 15591786.0 16122233.0 15332922.0 16069076.0 15444413.0 16042391.0 15515440.0 16098061.0 15595806.0 16032920.0 15978319.0 15898805.0 15831924.0 15809374.0 16060499.0 15966938.0 15852240.0 15490431.0 15923209.0 15641194.0 15640309.0 15617676.0 15766042.0 15538456.0 15842101.0 15464586.0 15813145.0 15899242.0 16104477.0
174 11396149.0 11383862.0 11294846.0 11282261.0 11335030.0 11023048.0 11391315.0 11178829.0 11433069.0 11309267.0 11527677.0 11397463.0 11463999.0 11421642.0 11347811.0 11700918.0 11191633.0 11561951.0 11427781.0 11291614.0 11208522.0 11379283.0 11463411.0 10974822.0 11442273.0 11115144.0 11290307.0 11228025.0 11110634.0 11156175.0 11246254.0 11461728.0
177 10030019.0 9954217.0 9850806.0 9941562.0 9900014.0 9661846.0 9952415.0 9813364.0 9993003.0 9965541.0 10092470.0 10044697.0 10020866.0 9967901.0 9908963.0 10380761.0 9729004.0 10114054.0 9980149.0 9841652.0 9843897.0 9936357.0 10120686.0 9515094.0 10112501.0 9653935.0 9948328.0 9770485.0 9734476.0 9686842.0 9775589.0 9998439.0
180 9353966.0 9095687.0 8982350.0 9259144.0 9073650.0 8915520.0 9156355.0 9067648.0 9204746.0 9246305.0 9322338.0 9333555.0 9245994.0 9170730.0 9122991.0 9731828.0 8883614.0 9350348.0 9209841.0 9035212.0 9059589.0 9163902.0 9386384.0 8638735.0 9397548.0 8805568.0 9212427.0 8949713.0 8937200.0 8829637.0 8936027.0 9213359.0
183 77892.0 136578.0 121244.0 145892.0 151395.0 99412.0 133115.0 100005.0 159218.0 116547.0 182592.0 128894.0 152337.0 132805.0 140802.0 188186.0 99127.0 171942.0 110963.0 121560.0 104833.0 124617.0 121719.0 104530.0 118211.0 97841.0 104533.0 109077.0 98535.0 104297.0 104489.0 145867.0
186 66069.0 73905.0 72228.0 87276.0 79051.0 74235.0 75119.0 69643.0 68182.0 74843.0 78166.0 71641.0 72089.0 74587.0 74984.0 75323.0 72576.0 72273.0 60211.0 88879.0 74563.0 75456.0 75507.0 94696.0 71537.0 79113.0 66502.0 73217.0 80964.0 74403.0 69659.0 79580.0
189 65730.0 72621.0 70757.0 85654.0 76091.0 74201.0 74849.0 68606.0 64702.0 74044.0 75083.0 69783.0 69413.0 73825.0 72837.0 71686.0 72068.0 68763.0 59477.0 87398.0 73676.0 73859.0 72797.0 94756.0 69508.0 77707.0 64772.0 71678.0 79828.0 74149.0 68061.0 75822.0
192 64821.0 72570.0 70914.0 92657.0 76078.0 73783.0 73601.0 68688.0 64613.0 74085.0 75206.0 69397.0 69413.0 73968.0 72597.0 71581.0 72243.0 68902.0 60020.0 88333.0 73061.0 73755.0 72757.0 95139.0 69502.0 78410.0 65234.0 72030.0 80660.0 73925.0 68507.0 76744.0
195 60822.0 72836.0 70482.0 85143.0 75520.0 73133.0 73957.0 68311.0 64611.0 73815.0 74602.0 69490.0 68898.0 73093.0 71787.0 71297.0 71611.0 68191.0 58765.0 86835.0 73443.0 73105.0 72627.0 94877.0 68832.0 78078.0 63914.0 71993.0 78278.0 73087.0 68359.0 75834.0
198 47832.0 71239.0 69064.0 84648.0 73844.0 71533.0 73609.0 66897.0 63744.0 72765.0 74513.0 67523.0 67048.0 72063.0 67001.0 70675.0 69798.0 67779.0 54508.0 80221.0 72243.0 72601.0 71179.0 91878.0 67708.0 77781.0 61750.0 71058.0 66516.0 70857.0 66660.0 75424.0
201 23564.0 67950.0 62570.0 82097.0 67585.0 64062.0 72203.0 60683.0 60439.0 71366.0 74479.0 61883.0 59250.0 65921.0 53699.0 69709.0 63315.0 63510.0 41227.0 59293.0 68349.0 68870.0 64976.0 81530.0 60889.0 75744.0 51556.0 68001.0 39908.0 59672.0 60479.0 73101.0
204 6592.0 54198.0 43204.0 71150.0 50978.0 44270.0 67109.0 42543.0 46573.0 63103.0 70612.0 44573.0 39246.0 45722.0 28418.0 61802.0 43441.0 48423.0 19579.0 27899.0 52737.0 52857.0 45260.0 56050.0 40468.0 67871.0 30165.0 56272.0 12539.0 34758.0 41067.0 64347.0
207 1987.0 28366.0 17614.0 43580.0 25057.0 18271.0 51792.0 17923.0 21342.0 42006.0 56332.0 21082.0 14379.0 19489.0 8788.0 42056.0 18253.0 23420.0 5372.0 7495.0 25627.0 25607.0 18205.0 24284.0 16152.0 44892.0 10360.0 32593.0 2975.0 11322.0 16208.0 43541.0
210 1400.0 9147.0 4636.0 15670.0 7044.0 4726.0 26716.0 4545.0 5650.0 17104.0 29478.0 6078.0 3473.0 5405.0 2517.0 17165.0 4901.0 6365.0 1756.0 2648.0 7289.0 7035.0 4538.0 6596.0 4118.0 18314.0 2808.0 10870.0 1913.0 3054.0 4182.0 18493.0
213 1166.0 2582.0 1865.0 3940.0 2281.0 1959.0 7665.0 1859.0 1994.0 4283.0 7979.0 1995.0 1697.0 2039.0 1653.0 4266.0 1918.0 2004.0 1299.0 1913.0 2264.0 2221.0 1928.0 2616.0 1756.0 4566.0 1508.0 2851.0 1566.0 1646.0 1778.0 4711.0
216 870.0 1663.0 1491.0 2233.0 1660.0 1594.0 2417.0 1482.0 1423.0 2032.0 2454.0 1415.0 1401.0 1593.0 1343.0 1916.0 1515.0 1502.0 1097.0 1545.0 1727.0 1691.0 1538.0 2095.0 1451.0 2119.0 1299.0 1740.0 1213.0 1448.0 1398.0 2091.0
219 756.0 1423.0 1372.0 1918.0 1496.0 1379.0 1724.0 1301.0 1263.0 1645.0 1778.0 1247.0 1244.0 1315.0 1172.0 1606.0 1260.0 1348.0 864.0 1281.0 1426.0 1475.0 1355.0 1738.0 1235.0 1777.0 1032.0 1476.0 1022.0 1227.0 1181.0 1585.0
222 672.0 1188.0 1064.0 1739.0 1129.0 1139.0 1537.0 1023.0 987.0 1415.0 1553.0 1027.0 997.0 1027.0 907.0 1402.0 1124.0 1086.0 729.0 1017.0 1216.0 1177.0 1124.0 1522.0 1045.0 1511.0 914.0 1259.0 882.0 993.0 967.0 1440.0
225 665.0 980.0 899.0 1281.0 948.0 937.0 1303.0 933.0 839.0 1243.0 1366.0 828.0 871.0 913.0 797.0 1094.0 935.0 880.0 665.0 908.0 967.0 980.0 940.0 1253.0 909.0 1237.0 790.0 948.0 939.0 896.0 869.0 1122.0
228 667.0 876.0 831.0 1119.0 911.0 882.0 1082.0 778.0 699.0 1020.0 1105.0 824.0 838.0 866.0 763.0 986.0 877.0 787.0 563.0 832.0 903.0 950.0 901.0 1177.0 876.0 1087.0 742.0 863.0 802.0 831.0 778.0 1046.0
231 656.0 846.0 901.0 1209.0 787.0 827.0 1008.0 814.0 772.0 970.0 997.0 724.0 783.0 827.0 737.0 985.0 918.0 797.0 580.0 902.0 899.0 852.0 850.0 1188.0 798.0 1041.0 709.0 874.0 840.0 764.0 823.0 940.0
234 488.0 841.0 850.0 1093.0 863.0 882.0 1002.0 811.0 708.0 958.0 987.0 712.0 783.0 820.0 735.0 942.0 879.0 731.0 570.0 829.0 850.0 847.0 830.0 1134.0 772.0 1029.0 654.0 868.0 703.0 745.0 805.0 888.0
237 319.0 801.0 753.0 1053.0 805.0 800.0 919.0 700.0 672.0 977.0 927.0 699.0 672.0 794.0 654.0 903.0 814.0 715.0 488.0 740.0 804.0 880.0 792.0 1155.0 737.0 980.0 649.0 850.0 585.0 731.0 747.0 902.0
240 172.0 724.0 672.0 1046.0 775.0 703.0 918.0 668.0 621.0 897.0 915.0 644.0 629.0 718.0 575.0 851.0 764.0 661.0 393.0 625.0 837.0 768.0 728.0 1050.0 721.0 918.0 560.0 796.0 402.0 678.0 655.0 829.0
243 59.0 743.0 579.0 1010.0 694.0 668.0 897.0 596.0 620.0 881.0 874.0 601.0 569.0 577.0 427.0 784.0 659.0 611.0 229.0 430.0 747.0 724.0 637.0 957.0 597.0 888.0 408.0 663.0 177.0 515.0 554.0 845.0
246 31.0 594.0 426.0 816.0 505.0 485.0 830.0 488.0 484.0 731.0 889.0 410.0 336.0 446.0 229.0 775.0 518.0 498.0 124.0 215.0 627.0 613.0 392.0 703.0 401.0 875.0 244.0 645.0 60.0 285.0 402.0 787.0
249 18.0 374.0 233.0 664.0 323.0 318.0 745.0 264.0 237.0 669.0 765.0 272.0 147.0 242.0 93.0 600.0 300.0 264.0 40.0 65.0 426.0 363.0 223.0 434.0 211.0 736.0 95.0 460.0 25.0 128.0 205.0 597.0
252 15.0 215.0 90.0 399.0 121.0 121.0 617.0 101.0 95.0 435.0 663.0 135.0 54.0 110.0 31.0 434.0 143.0 129.0 18.0 36.0 199.0 146.0 67.0 214.0 74.0 503.0 40.0 256.0 16.0 40.0 72.0 414.0
255 6.0 66.0 36.0 160.0 48.0 48.0 369.0 38.0 37.0 242.0 422.0 61.0 20.0 29.0 29.0 184.0 54.0 47.0 20.0 19.0 75.0 49.0 33.0 69.0 28.0 289.0 16.0 117.0 12.0 21.0 31.0 203.0
258 12.0 31.0 21.0 34.0 37.0 30.0 138.0 24.0 23.0 69.0 134.0 25.0 24.0 18.0 22.0 51.0 17.0 15.0 9.0 21.0 20.0 31.0 27.0 43.0 15.0 76.0 18.0 31.0 12.0 9.0 22.0 74.0
261 9.0 20.0 15.0 38.0 26.0 16.0 50.0 13.0 24.0 33.0 40.0 16.0 18.0 15.0 15.0 33.0 22.0 28.0 5.0 21.0 26.0 22.0 21.0 25.0 21.0 41.0 13.0 22.0 16.0 11.0 21.0 32.0
264 11.0 20.0 16.0 32.0 20.0 13.0 24.0 17.0 17.0 22.0 27.0 19.0 9.0 16.0 16.0 29.0 14.0 14.0 8.0 12.0 25.0 23.0 20.0 19.0 14.0 29.0 13.0 15.0 13.0 12.0 22.0 20.0
267 6.0 11.0 11.0 32.0 15.0 9.0 22.0 13.0 16.0 24.0 25.0 22.0 11.0 11.0 15.0 25.0 17.0 19.0 10.0 18.0 13.0 13.0 15.0 21.0 13.0 30.0 7.0 14.0 21.0 12.0 18.0 24.0
270 6.0 11.0 13.0 17.0 16.0 19.0 23.0 14.0 17.0 20.0 21.0 10.0 18.0 14.0 8.0 15.0 21.0 18.0 11.0 17.0 13.0 18.0 20.0 12.0 11.0 20.0 11.0 26.0 9.0 10.0 14.0 22.0
273 6.0 15.0 18.0 12.0 19.0 17.0 16.0 17.0 9.0 17.0 24.0 13.0 18.0 22.0 14.0 18.0 13.0 11.0 4.0 11.0 10.0 10.0 13.0 17.0 13.0 20.0 12.0 11.0 6.0 12.0 22.0 14.0
276 3.0 21.0 23.0 21.0 13.0 17.0 28.0 14.0 9.0 13.0 10.0 12.0 9.0 12.0 7.0 14.0 11.0 10.0 7.0 12.0 15.0 16.0 16.0 17.0 10.0 23.0 7.0 21.0 4.0 14.0 14.0 19.0
279 2.0 16.0 15.0 22.0 16.0 12.0 14.0 20.0 9.0 10.0 19.0 10.0 8.0 8.0 2.0 22.0 16.0 16.0 5.0 7.0 24.0 16.0 16.0 19.0 6.0 17.0 9.0 15.0 2.0 14.0 21.0 20.0
282 2.0 11.0 13.0 20.0 9.0 11.0 23.0 12.0 11.0 19.0 20.0 12.0 11.0 10.0 2.0 6.0 17.0 8.0 4.0 10.0 15.0 9.0 9.0 16.0 14.0 22.0 6.0 14.0 3.0 9.0 13.0 21.0
285 1.0 18.0 7.0 16.0 6.0 12.0 18.0 7.0 11.0 11.0 15.0 4.0 4.0 8.0 4.0 16.0 7.0 5.0 3.0 3.0 11.0 10.0 7.0 14.0 6.0 19.0 2.0 10.0 0.0 5.0 8.0 11.0
288 0.0 4.0 4.0 10.0 8.0 4.0 17.0 5.0 9.0 12.0 10.0 6.0 3.0 6.0 3.0 21.0 6.0 7.0 1.0 6.0 8.0 11.0 4.0 11.0 6.0 21.0 5.0 13.0 3.0 6.0 5.0 18.0
291 0.0 6.0 1.0 9.0 0.0 3.0 18.0 2.0 5.0 4.0 21.0 4.0 3.0 3.0 1.0 12.0 6.0 4.0 0.0 1.0 6.0 4.0 5.0 8.0 2.0 16.0 0.0 11.0 0.0 4.0 4.0 13.0
294 0.0 4.0 1.0 9.0 5.0 2.0 14.0 1.0 0.0 8.0 14.0 2.0 1.0 1.0 0.0 7.0 5.0 0.0 1.0 2.0 6.0 4.0 1.0 4.0 0.0 11.0 0.0 7.0 2.0 2.0 2.0 11.0
297 0.0 2.0 0.0 5.0 1.0 0.0 9.0 0.0 1.0 5.0 8.0 1.0 0.0 0.0 0.0 4.0 0.0 2.0 1.0 0.0 0.0 2.0 0.0 1.0 0.0 3.0 2.0 2.0 0.0 0.0 2.0 4.0
300 1.0 0.0 1.0 3.0 1.0 1.0 8.0 3.0 2.0 5.0 9.0 3.0 2.0 0.0 1.0 1.0 0.0 1.0 0.0 2.0 0.0 2.0 3.0 0.0 1.0 5.0 0.0 1.0 1.0 0.0 0.0 4.0
303 1.0 1.0 1.0 2.0 2.0 2.0 4.0 0.0 1.0 3.0 5.0 1.0 1.0 2.0 1.0 1.0 0.0 1.0 1.0 1.0 0.0 1.0 1.0 1.0 0.0 1.0 1.0 0.0 1.0 1.0 1.0 0.0
306 0.0 2.0 0.0 0.0 0.0 0.0 0.0 1.0 0.0 2.0 2.0 1.0 0.0 2.0 0.0 1.0 2.0 1.0 2.0 3.0 0.0 3.0 2.0 2.0 3.0 1.0 1.0 1.0 0.0 2.0 1.0 1.0
309 2.0 0.0 0.0 2.0 1.0 1.0 5.0 1.0 1.0 1.0 1.0 1.0 0.0 0.0 0.0 0.0 1.0 0.0 3.0 1.0 1.0 1.0 1.0 1.0 1.0 2.0 0.0 1.0 0.0 0.0 1.0 0.0
312 0.0 0.0 0.0 0.0 1.0 0.0 2.0 0.0 0.0 0.0 0.0 0.0 0.0 0.0 0.0 3.0 0.0 0.0 0.0 0.0 0.0 1.0 0.0 0.0 0.0 3.0 0.0 0.0 1.0 1.0 1.0 2.0
315 0.0 3.0 1.0 3.0 1.0 1.0 3.0 2.0 0.0 0.0 1.0 0.0 2.0 1.0 1.0 0.0 1.0 0.0 1.0 0.0 3.0 1.0 1.0 4.0 1.0 2.0 1.0 1.0 1.0 0.0 1.0 1.0
318 0.0 1.0 1.0 0.0 1.0 0.0 0.0 2.0 1.0 1.0 0.0 0.0 2.0 0.0 0.0 0.0 0.0 0.0 0.0 0.0 0.0 1.0 1.0 2.0 0.0 1.0 0.0 1.0 1.0 1.0 0.0 1.0
321 0.0 0.0 0.0 0.0 0.0 0.0 1.0 1.0 1.0 1.0 1.0 0.0 2.0 0.0 1.0 0.0 1.0 1.0 0.0 0.0 2.0 0.0 0.0 3.0 1.0 0.0 0.0 1.0 1.0 0.0 0.0 0.0
324 1.0 2.0 1.0 0.0 1.0 0.0 0.0 1.0 1.0 1.0 0.0 1.0 1.0 0.0 2.0 0.0 0.0 0.0 0.0 1.0 0.0 2.0 0.0 1.0 1.0 2.0 0.0 1.0 1.0 1.0 1.0 3.0
327 0.0 0.0 0.0 0.0 0.0 0.0 2.0 2.0 0.0 1.0 1.0 0.0 0.0 0.0 1.0 1.0 0.0 0.0 0.0 0.0 0.0 1.0 0.0 0.0 0.0 0.0 0.0 1.0 0.0 0.0 0.0 0.0
330 0.0 1.0 1.0 0.0 0.0 1.0 1.0 3.0 0.0 1.0 1.0 0.0 2.0 1.0 4.0 6.0 2.0 0.0 1.0 1.0 3.0 1.0 0.0 1.0 0.0 2.0 1.0 0.0 1.0 1.0 0.0 0.0
333 0.0 0.0 2.0 1.0 1.0 0.0 0.0 1.0 1.0 0.0 0.0 0.0 0.0 1.0 0.0 0.0 2.0 0.0 0.0 0.0 1.0 1.0 0.0 0.0 1.0 1.0 0.0 1.0 1.0 0.0 0.0 0.0
336 2.0 1.0 0.0 1.0 0.0 1.0 0.0 0.0 1.0 0.0 0.0 0.0 0.0 0.0 0.0 1.0 0.0 0.0 1.0 1.0 0.0 2.0 0.0 0.0 1.0 2.0 1.0 1.0 0.0 0.0 0.0 2.0
339 0.0 0.0 0.0 0.0 0.0 0.0 2.0 1.0 0.0 3.0 1.0 0.0 0.0 1.0 1.0 2.0 0.0 1.0 0.0 1.0 0.0 0.0 1.0 2.0 1.0 2.0 0.0 0.0 1.0 0.0 1.0 0.0
342 0.0 0.0 1.0 1.0 1.0 0.0 0.0 1.0 1.0 0.0 0.0 0.0 1.0 0.0 1.0 0.0 0.0 0.0 0.0 0.0 0.0 0.0 0.0 1.0 0.0 1.0 0.0 0.0 1.0 0.0 0.0 0.0
345 0.0 1.0 0.0 0.0 0.0 0.0 0.0 3.0 2.0 0.0 0.0 2.0 0.0 1.0 0.0 1.0 1.0 0.0 0.0 0.0 0.0 0.0 0.0 0.0 0.0 0.0 1.0 1.0 1.0 0.0 1.0 1.0
348 0.0 1.0 0.0 0.0 0.0 0.0 0.0 0.0 3.0 0.0 1.0 0.0 1.0 0.0 0.0 0.0 0.0 0.0 0.0 2.0 0.0 0.0 1.0 2.0 0.0 0.0 0.0 1.0 2.0 1.0 1.0 0.0
351 0.0 1.0 0.0 0.0 1.0 1.0 2.0 0.0 0.0 1.0 2.0 1.0 0.0 0.0 0.0 0.0 1.0 3.0 1.0 1.0 0.0 2.0 3.0 0.0 0.0 2.0 1.0 2.0 1.0 1.0 0.0 1.0
354 0.0 0.0 0.0 0.0 1.0 1.0 0.0 0.0 0.0 0.0 0.0 0.0 0.0 0.0 0.0 0.0 0.0 0.0 0.0 1.0 0.0 0.0 0.0 1.0 0.0 1.0 0.0 0.0 1.0 0.0 0.0 0.0
357 1.0 0.0 2.0 1.0 0.0 0.0 2.0 1.0 0.0 1.0 3.0 1.0 1.0 1.0 1.0 2.0 0.0 0.0 1.0 2.0 0.0 0.0 1.0 0.0 1.0 0.0 0.0 1.0 0.0 0.0 0.0 2.0
