150 18178529.0 18179466.0 18178095.0 18161026.0 18177502.0 18158051.0 18171842.0 18161391.0 18171817.0 18158819.0 18171765.0 18158430.0 18171331.0 18173015.0 18169514.0 18162392.0 18173409.0 18171836.0 18171717.0 18170398.0 18161599.0 18171232.0 18155771.0 18167964.0 18156454.0 18170770.0 18148062.0 18167836.0 18158287.0 18161271.0 18172726.0 18170393.0
153 18416557.0 18414040.0 18413487.0 18401560.0 18412976.0 18399526.0 18408735.0 18402186.0 18409032.0 18399808.0 18408635.0 18399298.0 18408543.0 18409607.0 18407146.0 18402827.0 18410048.0 18409196.0 18408905.0 18408260.0 18402369.0 18408906.0 18397754.0 18406710.0 18397973.0 18408793.0 18391287.0 18406526.0 18399921.0 18401140.0 18409745.0 18408345.0
156 18734002.0 18730504.0 18731049.0 18719480.0 18730316.0 18717605.0 18726626.0 18720694.0 18726712.0 18717707.0 18725909.0 18717392.0 18725983.0 18726962.0 18724036.0 18721549.0 18728067.0 18727131.0 18726953.0 18726737.0 18721397.0 18727159.0 18715874.0 18724994.0 18716266.0 18726730.0 18708995.0 18724677.0 18719257.0 18718847.0 18727695.0 18726506.0
159 18985143.0 18978332.0 18979598.0 18967376.0 18978819.0 18964819.0 18974752.0 18968719.0 18975374.0 18964689.0 18974059.0 18963784.0 18974263.0 18975104.0 18971451.0 18969421.0 18976645.0 18975551.0 18975302.0 18975282.0 18968688.0 18975381.0 18961265.0 18972852.0 18962340.0 18974782.0 18953047.0 18972119.0 18966370.0 18964521.0 18974719.0 18973444.0
162 19057250.0 19044125.0 19043517.0 19035247.0 19042248.0 19033044.0 19038468.0 19035497.0 19039311.0 19032260.0 19038223.0 19030473.0 19037031.0 19037981.0 19035527.0 19036268.0 19038715.0 19037897.0 19037725.0 19037175.0 19033422.0 19036941.0 19026351.0 19035023.0 19027915.0 19036575.0 19018714.0 19034773.0 19030907.0 19030536.0 19037028.0 19036215.0
165 18757939.0 18690876.0 18674048.0 18569274.0 18662925.0 18565530.0 18617678.0 18550251.0 18623066.0 18565929.0 18631509.0 18555376.0 18609854.0 18615170.0 18597285.0 18576189.0 18598052.0 18607180.0 18597540.0 18596436.0 18564666.0 18591957.0 18568045.0 18577130.0 18563763.0 18585050.0 18546956.0 18582622.0 18563829.0 18579290.0 18589885.0 18602877.0
168 12195498.0 12225185.0 11923187.0 11500386.0 11965747.0 11628941.0 11564349.0 11264646.0 11762774.0 11642239.0 12005071.0 11376145.0 11793461.0 11882343.0 11663823.0 11675027.0 11484113.0 11774954.0 11538558.0 11683944.0 11456939.0 11563720.0 11860400.0 11288523.0 11600253.0 11359485.0 11258748.0 11455814.0 11361879.0 11406505.0 11367134.0 11817504.0
171 11095779.0 10860593.0 10718197.0 10874706.0 10837550.0 11032875.0 10641966.0 10691057.0 10828990.0 11064173.0 11045055.0 10802998.0 10908214.0 10977745.0 10802679.0 11084803.0 10612434.0 10875403.0 10644063.0 10786146.0 10876356.0 10674814.0 11274065.0 10404826.0 11013031.0 10443422.0 10647108.0 10553535.0 10726523.0 10477459.0 10414059.0 10790765.0
174 9217457.0 8767205.0 8615652.0 8917039.0 8752564.0 9076570.0 8562829.0 8704233.0 8716937.0 9071337.0 8939495.0 8803075.0 8813937.0 8873854.0 8700581.0 9060815.0 8506624.0 8744198.0 8524080.0 8669120.0 8865710.0 8554059.0 9296848.0 8288648.0 9001266.0 8304648.0 8629931.0 8426447.0 8683056.0 8355444.0 8264202.0 8632587.0
177 4091135.0 3856975.0 3743394.0 3923477.0 3865719.0 4028760.0 3712352.0 3754509.0 3797952.0 3989235.0 3957267.0 3819063.0 3855237.0 3893915.0 3785524.0 3955003.0 3649623.0 3771406.0 3656573.0 3756065.0 3838665.0 3664213.0 4121277.0 3494512.0 3948734.0 3508520.0 3743551.0 3593330.0 3726992.0 3591828.0 3495852.0 3721741.0
180 156069.0 181658.0 159739.0 203577.0 205686.0 225213.0 172182.0 166975.0 195680.0 200236.0 233935.0 175396.0 198103.0 202355.0 191374.0 189421.0 170188.0 166620.0 162724.0 185781.0 159035.0 175886.0 219397.0 139200.0 230000.0 163358.0 246966.0 176312.0 166221.0 239289.0 157623.0 179400.0
183 129798.0 139759.0 132082.0 145621.0 147646.0 144332.0 146398.0 146514.0 154207.0 142430.0 172214.0 142666.0 164594.0 153468.0 151949.0 147484.0 147075.0 133185.0 136778.0 148032.0 133694.0 152977.0 146437.0 131021.0 182981.0 152999.0 225261.0 158646.0 142930.0 218447.0 141436.0 148553.0
186 130164.0 140752.0 132315.0 146371.0 146622.0 142446.0 145986.0 145819.0 154924.0 141577.0 172625.0 141907.0 164444.0 153032.0 152040.0 146711.0 148127.0 130602.0 136486.0 147244.0 132622.0 152790.0 144037.0 130752.0 184621.0 152528.0 226945.0 159132.0 142843.0 218521.0 142203.0 147731.0
189 130480.0 140441.0 132230.0 145237.0 147399.0 142420.0 149225.0 146277.0 154271.0 142461.0 172406.0 142296.0 164964.0 153892.0 152218.0 147295.0 147201.0 130797.0 136616.0 147513.0 132953.0 153440.0 145009.0 130162.0 185299.0 152631.0 225846.0 159100.0 142012.0 218837.0 140760.0 147864.0
192 130105.0 140322.0 132454.0 145262.0 147240.0 142274.0 149035.0 146732.0 154876.0 141775.0 172010.0 141657.0 164560.0 152916.0 151866.0 146672.0 147495.0 130752.0 136550.0 147310.0 132971.0 152730.0 144940.0 132241.0 187573.0 153324.0 224438.0 158606.0 142011.0 218808.0 141258.0 148363.0
195 129262.0 139798.0 131801.0 144915.0 147416.0 143137.0 149043.0 145733.0 154401.0 141690.0 172265.0 141432.0 163700.0 153353.0 152502.0 145045.0 147188.0 130746.0 135924.0 146590.0 132179.0 152917.0 144496.0 130317.0 187404.0 152133.0 226269.0 158031.0 141275.0 218190.0 140621.0 147715.0
198 128708.0 139527.0 131129.0 146098.0 145855.0 142239.0 148453.0 146717.0 154377.0 142028.0 171663.0 141425.0 163881.0 152905.0 151814.0 145367.0 147236.0 130591.0 136101.0 146431.0 131700.0 152037.0 144209.0 130109.0 183599.0 152871.0 226031.0 158879.0 141172.0 218791.0 140658.0 147646.0
201 126774.0 138596.0 130236.0 145153.0 145947.0 141973.0 148396.0 144782.0 153748.0 140922.0 171781.0 141030.0 162510.0 151812.0 152087.0 144463.0 146325.0 129558.0 134387.0 145377.0 131022.0 150797.0 143563.0 129676.0 182748.0 150459.0 226645.0 157351.0 139865.0 234030.0 139624.0 147065.0
204 121509.0 137666.0 127054.0 143043.0 143701.0 141074.0 146872.0 140655.0 151972.0 140232.0 169284.0 140123.0 160816.0 150247.0 150703.0 141074.0 144252.0 128787.0 133193.0 140180.0 128097.0 144662.0 143092.0 126593.0 182670.0 147377.0 215255.0 154789.0 134005.0 232089.0 137134.0 145637.0
207 98616.0 135992.0 112243.0 141416.0 136671.0 138138.0 143284.0 134478.0 146918.0 136989.0 166240.0 139047.0 156256.0 144676.0 147942.0 126072.0 135182.0 122250.0 125942.0 123291.0 113627.0 126096.0 138991.0 117688.0 174000.0 137089.0 205105.0 147417.0 116772.0 227820.0 129023.0 139396.0
210 56990.0 130146.0 77100.0 132266.0 111406.0 131709.0 131189.0 112810.0 127932.0 128044.0 153237.0 131804.0 135906.0 127628.0 139771.0 92102.0 111691.0 101548.0 106597.0 87354.0 81996.0 92928.0 128022.0 93742.0 146280.0 105753.0 173681.0 122273.0 78682.0 216869.0 104578.0 122803.0
213 18027.0 102914.0 30588.0 103164.0 62414.0 104242.0 91384.0 64497.0 79589.0 95696.0 111524.0 106846.0 86661.0 85918.0 110066.0 42685.0 63881.0 57641.0 65967.0 40339.0 35721.0 48257.0 90268.0 52276.0 84961.0 53953.0 103981.0 69010.0 31753.0 183205.0 60316.0 82290.0
216 5745.0 50754.0 8418.0 52421.0 21952.0 55635.0 38093.0 21728.0 29217.0 44914.0 50272.0 61282.0 33690.0 36444.0 57192.0 12531.0 21905.0 18310.0 25522.0 12323.0 9640.0 14195.0 39562.0 18796.0 30127.0 17459.0 35776.0 21261.0 9231.0 123310.0 20626.0 33541.0
219 3807.0 14626.0 4244.0 17009.0 7239.0 18555.0 10744.0 7040.0 8671.0 13462.0 14991.0 22619.0 10889.0 10938.0 17963.0 5354.0 7156.0 5761.0 8045.0 5092.0 4621.0 5919.0 11491.0 6309.0 9933.0 6656.0 11638.0 7177.0 4654.0 57099.0 6741.0 10148.0
222 3147.0 5692.0 3426.0 6324.0 4581.0 6532.0 5449.0 4638.0 5172.0 5434.0 6619.0 7546.0 5741.0 5468.0 6774.0 4051.0 4476.0 3997.0 4569.0 3851.0 3634.0 4582.0 5264.0 4192.0 6043.0 4799.0 7640.0 5336.0 3844.0 18498.0 4478.0 5228.0
225 2678.0 4315.0 2900.0 4422.0 3762.0 4317.0 4257.0 3875.0 4198.0 4247.0 5291.0 4703.0 4605.0 4203.0 4810.0 3444.0 3818.0 3255.0 3669.0 3352.0 3075.0 3993.0 4255.0 3333.0 4986.0 4018.0 6304.0 4390.0 3252.0 9416.0 3679.0 4278.0
228 2525.0 3737.0 2608.0 3793.0 3276.0 3743.0 3746.0 3325.0 3616.0 3712.0 4784.0 4021.0 4056.0 3777.0 4234.0 3093.0 3319.0 2890.0 3288.0 2983.0 2815.0 3355.0 3463.0 2968.0 4344.0 3499.0 5527.0 3895.0 2876.0 7177.0 3249.0 3744.0
231 2496.0 3212.0 2460.0 3245.0 2877.0 3338.0 3322.0 2876.0 3308.0 3272.0 4172.0 3473.0 3712.0 3444.0 3680.0 2822.0 3024.0 2590.0 2839.0 2720.0 2649.0 3320.0 3104.0 2698.0 3985.0 3331.0 5153.0 3687.0 2667.0 6480.0 2976.0 3370.0
234 2352.0 3000.0 2232.0 3042.0 2750.0 2917.0 3091.0 2853.0 3128.0 3122.0 3946.0 3136.0 3426.0 3175.0 3414.0 2691.0 2855.0 2517.0 2849.0 2694.0 2464.0 3180.0 2974.0 2712.0 3820.0 3327.0 4804.0 3517.0 2606.0 6476.0 2875.0 3229.0
237 2333.0 2945.0 2279.0 2931.0 2762.0 2879.0 3000.0 2846.0 2992.0 2958.0 3729.0 3232.0 3529.0 3107.0 3125.0 2694.0 2817.0 2459.0 2721.0 2636.0 2489.0 3073.0 2854.0 2596.0 3656.0 3221.0 4719.0 3502.0 2442.0 6106.0 2836.0 3120.0
240 2266.0 2944.0 2301.0 2799.0 2552.0 2790.0 2931.0 2648.0 2998.0 2906.0 3684.0 3076.0 3437.0 3053.0 3072.0 2612.0 2747.0 2408.0 2672.0 2529.0 2439.0 3029.0 2786.0 2562.0 3537.0 3128.0 4643.0 3385.0 2513.0 6020.0 2716.0 3143.0
243 2210.0 2932.0 2213.0 2827.0 2665.0 2792.0 2916.0 2674.0 2895.0 2889.0 3687.0 3077.0 3227.0 3069.0 3110.0 2567.0 2710.0 2409.0 2626.0 2459.0 2303.0 2933.0 2807.0 2486.0 3532.0 3075.0 4449.0 3317.0 2525.0 5791.0 2772.0 3013.0
246 2165.0 2706.0 2168.0 2817.0 2457.0 2778.0 2798.0 2641.0 2886.0 2890.0 3672.0 2954.0 3291.0 2924.0 3081.0 2568.0 2650.0 2364.0 2672.0 2462.0 2440.0 2885.0 2670.0 2461.0 3462.0 2971.0 4354.0 3287.0 2397.0 5386.0 2630.0 2909.0
249 1995.0 2697.0 2164.0 2785.0 2466.0 2686.0 2838.0 2656.0 2854.0 2708.0 3535.0 2853.0 3148.0 2843.0 3005.0 2471.0 2600.0 2272.0 2604.0 2403.0 2366.0 2821.0 2710.0 2531.0 3313.0 2943.0 4134.0 3128.0 2345.0 5159.0 2564.0 2965.0
252 1921.0 2708.0 2020.0 2757.0 2397.0 2586.0 2707.0 2471.0 2676.0 2686.0 3390.0 2733.0 3049.0 2736.0 2969.0 2407.0 2602.0 2196.0 2524.0 2285.0 2237.0 2743.0 2721.0 2395.0 3174.0 2884.0 4262.0 3103.0 2189.0 5118.0 2515.0 2881.0
255 1653.0 2624.0 1796.0 2681.0 2286.0 2576.0 2668.0 2393.0 2477.0 2677.0 3396.0 2831.0 2936.0 2743.0 2889.0 2231.0 2503.0 2151.0 2517.0 2069.0 2009.0 2418.0 2507.0 2251.0 2982.0 2625.0 4120.0 3098.0 2109.0 4952.0 2281.0 2853.0
258 1191.0 2559.0 1593.0 2454.0 2183.0 2450.0 2594.0 2443.0 2457.0 2566.0 3331.0 2759.0 2754.0 2596.0 2800.0 1924.0 2253.0 1988.0 2222.0 1709.0 1806.0 2058.0 2434.0 2127.0 2918.0 2449.0 3738.0 2899.0 1715.0 4732.0 2281.0 2658.0
261 620.0 2403.0 1086.0 2508.0 1856.0 2396.0 2464.0 2075.0 2222.0 2406.0 3009.0 2526.0 2563.0 2319.0 2658.0 1408.0 2023.0 1767.0 2037.0 1288.0 1298.0 1641.0 2259.0 1736.0 2547.0 2098.0 3315.0 2436.0 1139.0 4625.0 2012.0 2457.0
264 242.0 2240.0 546.0 2130.0 1285.0 2140.0 2077.0 1499.0 1796.0 2106.0 2652.0 2365.0 2098.0 1939.0 2448.0 856.0 1635.0 1279.0 1607.0 710.0 779.0 957.0 1824.0 1337.0 1882.0 1360.0 2446.0 1862.0 598.0 4196.0 1510.0 1918.0
267 117.0 1752.0 234.0 1768.0 793.0 1785.0 1629.0 927.0 1131.0 1641.0 1902.0 2098.0 1349.0 1435.0 2088.0 480.0 1073.0 712.0 1114.0 306.0 321.0 497.0 1252.0 857.0 1155.0 728.0 1530.0 1146.0 240.0 3758.0 931.0 1416.0
270 84.0 1179.0 98.0 1187.0 399.0 1217.0 984.0 437.0 515.0 1012.0 1127.0 1500.0 730.0 774.0 1391.0 198.0 532.0 269.0 557.0 138.0 136.0 201.0 657.0 425.0 537.0 331.0 715.0 472.0 121.0 3061.0 418.0 769.0
273 64.0 536.0 82.0 576.0 167.0 657.0 459.0 153.0 222.0 493.0 533.0 946.0 311.0 347.0 754.0 97.0 209.0 124.0 261.0 83.0 91.0 105.0 262.0 204.0 236.0 185.0 319.0 192.0 86.0 2107.0 194.0 351.0
276 66.0 232.0 88.0 245.0 112.0 296.0 197.0 108.0 134.0 189.0 212.0 458.0 160.0 162.0 316.0 81.0 129.0 76.0 123.0 81.0 72.0 104.0 131.0 101.0 137.0 132.0 179.0 145.0 79.0 1167.0 110.0 152.0
279 55.0 117.0 67.0 119.0 76.0 128.0 124.0 93.0 97.0 117.0 183.0 210.0 109.0 116.0 147.0 86.0 109.0 78.0 117.0 73.0 68.0 103.0 85.0 103.0 118.0 101.0 134.0 131.0 70.0 652.0 89.0 102.0
282 54.0 93.0 47.0 122.0 83.0 96.0 109.0 73.0 87.0 100.0 140.0 125.0 100.0 99.0 110.0 65.0 90.0 90.0 58.0 71.0 80.0 76.0 94.0 99.0 107.0 99.0 134.0 125.0 63.0 317.0 68.0 109.0
285 67.0 104.0 55.0 85.0 54.0 80.0 89.0 79.0 88.0 89.0 123.0 105.0 96.0 95.0 109.0 82.0 84.0 86.0 61.0 78.0 67.0 86.0 96.0 79.0 87.0 110.0 130.0 117.0 59.0 242.0 84.0 105.0
288 59.0 88.0 50.0 86.0 66.0 88.0 89.0 81.0 81.0 102.0 136.0 110.0 101.0 80.0 95.0 70.0 74.0 70.0 73.0 66.0 59.0 76.0 74.0 73.0 89.0 92.0 119.0 104.0 82.0 220.0 87.0 83.0
291 49.0 97.0 58.0 74.0 57.0 87.0 85.0 80.0 72.0 71.0 119.0 86.0 105.0 68.0 91.0 75.0 89.0 64.0 70.0 61.0 60.0 85.0 75.0 71.0 82.0 108.0 135.0 97.0 70.0 175.0 70.0 100.0
294 63.0 84.0 58.0 89.0 54.0 93.0 84.0 64.0 80.0 85.0 97.0 75.0 90.0 91.0 89.0 62.0 82.0 76.0 79.0 49.0 55.0 55.0 68.0 56.0 85.0 98.0 130.0 93.0 59.0 172.0 76.0 91.0
297 45.0 96.0 40.0 71.0 55.0 85.0 97.0 71.0 68.0 73.0 112.0 77.0 90.0 84.0 95.0 53.0 59.0 52.0 65.0 68.0 61.0 88.0 81.0 70.0 94.0 78.0 107.0 104.0 48.0 228.0 71.0 81.0
300 62.0 100.0 44.0 74.0 58.0 81.0 92.0 49.0 62.0 69.0 116.0 87.0 96.0 87.0 101.0 66.0 69.0 72.0 64.0 64.0 58.0 68.0 68.0 72.0 94.0 79.0 98.0 83.0 49.0 165.0 67.0 85.0
303 26.0 80.0 34.0 56.0 53.0 59.0 81.0 51.0 77.0 81.0 80.0 68.0 81.0 77.0 71.0 59.0 66.0 40.0 62.0 52.0 50.0 69.0 76.0 78.0 91.0 72.0 125.0 91.0 49.0 191.0 69.0 94.0
306 34.0 79.0 35.0 60.0 56.0 74.0 71.0 56.0 68.0 70.0 87.0 68.0 81.0 71.0 84.0 40.0 58.0 58.0 61.0 34.0 40.0 76.0 62.0 71.0 77.0 72.0 99.0 86.0 53.0 153.0 60.0 78.0
309 22.0 71.0 43.0 76.0 49.0 74.0 68.0 44.0 51.0 73.0 89.0 65.0 73.0 78.0 70.0 47.0 56.0 48.0 56.0 28.0 38.0 54.0 60.0 57.0 80.0 62.0 105.0 83.0 39.0 133.0 60.0 66.0
312 6.0 62.0 15.0 66.0 35.0 63.0 58.0 49.0 49.0 68.0 79.0 76.0 70.0 55.0 64.0 34.0 42.0 33.0 38.0 30.0 17.0 37.0 58.0 53.0 58.0 57.0 102.0 51.0 17.0 136.0 42.0 57.0
315 6.0 60.0 11.0 52.0 29.0 47.0 56.0 43.0 43.0 65.0 83.0 67.0 44.0 54.0 54.0 18.0 47.0 39.0 46.0 12.0 11.0 33.0 47.0 40.0 53.0 40.0 66.0 55.0 12.0 125.0 46.0 67.0
318 3.0 55.0 6.0 62.0 30.0 45.0 42.0 24.0 43.0 45.0 59.0 57.0 39.0 33.0 82.0 15.0 21.0 18.0 47.0 12.0 6.0 25.0 31.0 22.0 44.0 25.0 40.0 31.0 2.0 117.0 25.0 48.0
321 2.0 41.0 2.0 43.0 9.0 48.0 43.0 14.0 15.0 44.0 56.0 38.0 32.0 24.0 59.0 7.0 23.0 16.0 27.0 6.0 5.0 9.0 27.0 26.0 19.0 10.0 35.0 22.0 5.0 101.0 16.0 29.0
324 0.0 17.0 1.0 32.0 2.0 18.0 20.0 5.0 17.0 19.0 19.0 22.0 13.0 15.0 37.0 4.0 9.0 2.0 11.0 5.0 5.0 1.0 14.0 14.0 11.0 5.0 14.0 9.0 2.0 93.0 5.0 11.0
327 3.0 20.0 7.0 12.0 3.0 23.0 12.0 1.0 7.0 5.0 15.0 28.0 10.0 10.0 21.0 2.0 8.0 5.0 2.0 6.0 0.0 6.0 15.0 9.0 4.0 3.0 5.0 3.0 4.0 82.0 3.0 8.0
330 2.0 6.0 2.0 9.0 3.0 5.0 9.0 4.0 5.0 8.0 9.0 19.0 5.0 3.0 15.0 4.0 4.0 3.0 2.0 2.0 0.0 1.0 2.0 2.0 2.0 1.0 5.0 6.0 1.0 57.0 1.0 6.0
333 3.0 6.0 1.0 3.0 0.0 5.0 7.0 4.0 0.0 2.0 7.0 12.0 4.0 3.0 6.0 4.0 3.0 4.0 3.0 0.0 1.0 3.0 4.0 4.0 1.0 2.0 3.0 6.0 4.0 35.0 2.0 6.0
336 7.0 6.0 1.0 2.0 6.0 2.0 3.0 3.0 3.0 4.0 5.0 4.0 6.0 6.0 2.0 1.0 1.0 3.0 2.0 2.0 1.0 2.0 2.0 4.0 7.0 3.0 4.0 7.0 0.0 19.0 6.0 7.0
339 1.0 2.0 3.0 2.0 4.0 2.0 2.0 1.0 1.0 6.0 6.0 1.0 3.0 1.0 4.0 2.0 7.0 6.0 2.0 2.0 2.0 2.0 3.0 3.0 4.0 4.0 8.0 3.0 3.0 10.0 1.0 5.0
342 1.0 4.0 4.0 4.0 1.0 3.0 2.0 0.0 4.0 3.0 6.0 4.0 3.0 4.0 3.0 3.0 0.0 1.0 1.0 3.0 2.0 0.0 3.0 3.0 2.0 4.0 4.0 3.0 1.0 3.0 2.0 3.0
345 2.0 2.0 1.0 1.0 4.0 1.0 4.0 0.0 3.0 3.0 3.0 4.0 6.0 1.0 6.0 1.0 3.0 3.0 2.0 2.0 3.0 1.0 0.0 1.0 4.0 4.0 1.0 3.0 1.0 7.0 2.0 3.0
348 1.0 4.0 4.0 5.0 7.0 3.0 2.0 5.0 4.0 2.0 5.0 3.0 2.0 5.0 3.0 2.0 3.0 4.0 1.0 4.0 3.0 2.0 7.0 2.0 3.0 4.0 3.0 5.0 7.0 8.0 2.0 7.0
351 2.0 4.0 2.0 0.0 3.0 2.0 1.0 4.0 2.0 4.0 1.0 4.0 6.0 3.0 2.0 0.0 2.0 1.0 2.0 2.0 1.0 3.0 2.0 3.0 2.0 5.0 4.0 5.0 1.0 11.0 4.0 0.0
354 0.0 1.0 0.0 4.0 1.0 5.0 2.0 2.0 1.0 3.0 8.0 2.0 0.0 2.0 3.0 2.0 2.0 2.0 3.0 1.0 0.0 2.0 0.0 2.0 5.0 3.0 4.0 2.0 0.0 7.0 2.0 4.0
357 1.0 4.0 5.0 6.0 4.0 4.0 4.0 3.0 4.0 2.0 2.0 4.0 2.0 3.0 5.0 0.0 3.0 2.0 3.0 1.0 0.0 3.0 8.0 3.0 7.0 1.0 3.0 1.0 2.0 4.0 4.0 3.0
