150 24596.0 24857.0 27180.0 23872.0 26415.0 27066.0 25659.0 25171.0 24927.0 30885.0 25840.0 28082.0 27433.0 26349.0 26556.0 23953.0 27137.0 25799.0 24242.0 27048.0 29779.0 25069.0 26626.0 27368.0 24753.0 31042.0 29875.0 28572.0 29237.0 28190.0 29941.0 25977.0
153 17646811.0 17644996.0 17643235.0 17636431.0 17641992.0 17636785.0 17640850.0 17636490.0 17640920.0 17635113.0 17641167.0 17631230.0 17641703.0 17638491.0 17641525.0 17633025.0 17641719.0 17639844.0 17638306.0 17639461.0 17636904.0 17637200.0 17629543.0 17638877.0 17632921.0 17640669.0 17634255.0 17641240.0 17635012.0 17643788.0 17646344.0 17642819.0
156 18065821.0 18063109.0 18060188.0 18050197.0 18059766.0 18049196.0 18056915.0 18049936.0 18056628.0 18047694.0 18056720.0 18046461.0 18057570.0 18057054.0 18057348.0 18049667.0 18057563.0 18055582.0 18055445.0 18054924.0 18048653.0 18053304.0 18045522.0 18054380.0 18048401.0 18053978.0 18046823.0 18055198.0 18047332.0 18056362.0 18059276.0 18058685.0
159 18276189.0 18273964.0 18271837.0 18263065.0 18271891.0 18262026.0 18269042.0 18262647.0 18268793.0 18261357.0 18268933.0 18261050.0 18269585.0 18269784.0 18269221.0 18263169.0 18269146.0 18267746.0 18267687.0 18267320.0 18261088.0 18265939.0 18260004.0 18266884.0 18261577.0 18266273.0 18260243.0 18266679.0 18260588.0 18266978.0 18269321.0 18269436.0
162 18540782.0 18540027.0 18539040.0 18536484.0 18538936.0 18536026.0 18537944.0 18536348.0 18537911.0 18535121.0 18537843.0 18534516.0 18537915.0 18538470.0 18538112.0 18535852.0 18538018.0 18537671.0 18537615.0 18537578.0 18535603.0 18537202.0 18534340.0 18537538.0 18535484.0 18537429.0 18534996.0 18537723.0 18535208.0 18538019.0 18538747.0 18538697.0
165 18702056.0 18700599.0 18698793.0 18693551.0 18698727.0 18693312.0 18696789.0 18693647.0 18696775.0 18693369.0 18696592.0 18693103.0 18697505.0 18698108.0 18697524.0 18693302.0 18696957.0 18695951.0 18696096.0 18696184.0 18692125.0 18695114.0 18691799.0 18695824.0 18692300.0 18695342.0 18691703.0 18695419.0 18691803.0 18695195.0 18695924.0 18696398.0
168 18644325.0 18643953.0 18643671.0 18642563.0 18643614.0 18642515.0 18643085.0 18642623.0 18643089.0 18642497.0 18643133.0 18642429.0 18643284.0 18643196.0 18643063.0 18642551.0 18643092.0 18642974.0 18642916.0 18643050.0 18642310.0 18642861.0 18642113.0 18642972.0 18642318.0 18643019.0 18642206.0 18642993.0 18642256.0 18643046.0 18643337.0 18643377.0
171 18697781.0 18697713.0 18697735.0 18696764.0 18697658.0 18696847.0 18697156.0 18697165.0 18697212.0 18697085.0 18697196.0 18697048.0 18697230.0 18697260.0 18697292.0 18697466.0 18697088.0 18696968.0 18696981.0 18697147.0 18696397.0 18696891.0 18696161.0 18696929.0 18696330.0 18697007.0 18696164.0 18697047.0 18696282.0 18697009.0 18697225.0 18697230.0
174 18790791.0 18789545.0 18789128.0 18782281.0 18791164.0 18780761.0 18786318.0 18783342.0 18783984.0 18784070.0 18785689.0 18785997.0 18785487.0 18786377.0 18784179.0 18787036.0 18784096.0 18783537.0 18783438.0 18782478.0 18779467.0 18781980.0 18778954.0 18781088.0 18779505.0 18779562.0 18777498.0 18779338.0 18777506.0 18778413.0 18779387.0 18779684.0
177 18627027.0 18610033.0 18606552.0 18490352.0 18626124.0 18428354.0 18594582.0 18459252.0 18560773.0 18463061.0 18583491.0 18526209.0 18589629.0 18594004.0 18570771.0 18549337.0 18580411.0 18572811.0 18576415.0 18556053.0 18434761.0 18561197.0 18465757.0 18545283.0 18480545.0 18520386.0 18418047.0 18529852.0 18427082.0 18511082.0 18534765.0 18552934.0
180 11519672.0 11476730.0 11513634.0 11312066.0 11675472.0 11121515.0 11561351.0 11284360.0 11392703.0 11296467.0 11556653.0 11628949.0 11608153.0 11693594.0 11539083.0 11747622.0 11598739.0 11602873.0 11675803.0 11487085.0 11186485.0 11638553.0 11444401.0 11522646.0 11550533.0 11279646.0 11132323.0 11393865.0 11205466.0 11204228.0 11372807.0 11643193.0
183 9981109.0 9970503.0 10047310.0 10085858.0 10232026.0 9843727.0 10137424.0 10055160.0 9928597.0 10069783.0 10130356.0 10534779.0 10203937.0 10316128.0 10113540.0 10658535.0 10187639.0 10193342.0 10283218.0 10046568.0 9924612.0 10236656.0 10309964.0 10093133.0 10460332.0 9772064.0 9879376.0 9919503.0 9978801.0 9666701.0 9868197.0 10182154.0
186 6827065.0 6823594.0 6919428.0 7040136.0 7073551.0 6772886.0 6997542.0 6975573.0 6767640.0 7001022.0 6966902.0 7506600.0 7032863.0 7149681.0 6917418.0 7583430.0 6999303.0 7012477.0 7094037.0 6855084.0 6843599.0 7069206.0 7245224.0 6909255.0 7413267.0 6578555.0 6819000.0 6732202.0 6927525.0 6455170.0 6653928.0 6966458.0
189 1510873.0 1506028.0 1567121.0 1480722.0 1650963.0 1384828.0 1587963.0 1454607.0 1457943.0 1509608.0 1577169.0 1755457.0 1618650.0 1695565.0 1536234.0 1737514.0 1593977.0 1607735.0 1639981.0 1541254.0 1437744.0 1652807.0 1572060.0 1575978.0 1644362.0 1439472.0 1427230.0 1509698.0 1473547.0 1370502.0 1474535.0 1616847.0
192 88569.0 87942.0 102711.0 76778.0 102346.0 83479.0 89719.0 78596.0 87377.0 100443.0 96000.0 116230.0 98310.0 114458.0 93295.0 96477.0 94306.0 97263.0 90848.0 98861.0 100393.0 95697.0 96255.0 98225.0 93540.0 106982.0 92631.0 103910.0 94462.0 87783.0 99047.0 109522.0
195 86737.0 85395.0 97760.0 73855.0 93433.0 82557.0 83062.0 76479.0 85278.0 96104.0 90337.0 99800.0 93920.0 105910.0 90848.0 85296.0 90070.0 90664.0 83627.0 94996.0 97602.0 83345.0 91870.0 93755.0 86214.0 104728.0 89912.0 99197.0 88845.0 85781.0 93645.0 99094.0
198 86473.0 85058.0 97478.0 73175.0 93012.0 82400.0 82879.0 76149.0 85220.0 96592.0 89870.0 99543.0 92722.0 105825.0 90082.0 84515.0 89875.0 90408.0 83507.0 94723.0 97576.0 83647.0 91788.0 93523.0 84831.0 104145.0 89331.0 98356.0 88045.0 85057.0 94261.0 98271.0
201 85802.0 83945.0 96876.0 69755.0 93183.0 80884.0 82584.0 75146.0 83115.0 96291.0 89790.0 99953.0 92703.0 105358.0 90109.0 84002.0 88994.0 89596.0 82836.0 94721.0 95716.0 82834.0 91247.0 93248.0 84290.0 103941.0 88901.0 97966.0 88008.0 82211.0 92883.0 96736.0
204 80277.0 79982.0 95916.0 55923.0 93233.0 77585.0 82094.0 70753.0 75751.0 95333.0 88043.0 99087.0 91852.0 103876.0 88370.0 80125.0 87981.0 88194.0 78875.0 92989.0 91237.0 82571.0 90429.0 92102.0 79394.0 103044.0 86858.0 94706.0 85158.0 69352.0 89690.0 93098.0
207 60646.0 63051.0 93619.0 29606.0 90871.0 62137.0 79214.0 51947.0 51093.0 92681.0 79174.0 97365.0 88054.0 97853.0 79803.0 62651.0 81237.0 81044.0 62342.0 85790.0 70915.0 79849.0 87995.0 88422.0 61929.0 98520.0 77954.0 82081.0 74932.0 41100.0 76615.0 75907.0
210 28849.0 33910.0 81620.0 9855.0 83938.0 34162.0 66711.0 24498.0 21145.0 81081.0 55504.0 92057.0 74832.0 75697.0 57607.0 33621.0 62789.0 61554.0 33365.0 66077.0 37748.0 69780.0 76261.0 74039.0 31885.0 85102.0 55750.0 53451.0 51455.0 14804.0 50203.0 47366.0
213 7225.0 9983.0 50759.0 2645.0 58933.0 9948.0 37695.0 6374.0 5025.0 50881.0 22161.0 72098.0 42125.0 36713.0 23213.0 9744.0 29709.0 28740.0 9462.0 33425.0 10801.0 45423.0 48094.0 41630.0 8702.0 53767.0 24162.0 19721.0 21332.0 3716.0 19712.0 17553.0
216 2464.0 2803.0 16264.0 1536.0 22432.0 2758.0 11118.0 2102.0 2167.0 16874.0 5195.0 35168.0 11747.0 9697.0 5213.0 2792.0 7524.0 7422.0 2681.0 9278.0 3142.0 17019.0 16318.0 12006.0 2640.0 19224.0 5937.0 4685.0 5314.0 1998.0 4856.0 4503.0
219 1852.0 1857.0 4081.0 1346.0 5225.0 1931.0 3086.0 1675.0 1745.0 4292.0 2313.0 9392.0 3327.0 3190.0 2440.0 1942.0 2647.0 2590.0 1998.0 2907.0 2194.0 4447.0 4221.0 3309.0 1958.0 5169.0 2420.0 2432.0 2413.0 1646.0 2402.0 2242.0
222 1538.0 1558.0 2458.0 1039.0 2529.0 1589.0 2067.0 1357.0 1481.0 2561.0 1938.0 3269.0 2227.0 2364.0 1968.0 1634.0 2134.0 2074.0 1662.0 2183.0 1940.0 2177.0 2464.0 2387.0 1623.0 2639.0 1966.0 1898.0 1870.0 1338.0 1991.0 1858.0
225 1256.0 1271.0 2069.0 845.0 2214.0 1370.0 1796.0 1110.0 1147.0 2208.0 1652.0 2429.0 1864.0 2005.0 1629.0 1289.0 1825.0 1728.0 1318.0 1914.0 1599.0 1776.0 2041.0 1952.0 1386.0 2184.0 1576.0 1594.0 1631.0 1059.0 1581.0 1579.0
228 1086.0 1041.0 1720.0 710.0 1917.0 1152.0 1444.0 904.0 1048.0 1862.0 1332.0 2056.0 1639.0 1681.0 1375.0 1021.0 1530.0 1453.0 1054.0 1479.0 1325.0 1574.0 1761.0 1619.0 1128.0 1931.0 1419.0 1374.0 1327.0 945.0 1362.0 1353.0
231 979.0 979.0 1381.0 706.0 1476.0 987.0 1252.0 872.0 958.0 1516.0 1143.0 1749.0 1354.0 1436.0 1135.0 934.0 1266.0 1178.0 1000.0 1369.0 1242.0 1226.0 1428.0 1329.0 958.0 1660.0 1182.0 1112.0 1093.0 878.0 1147.0 1157.0
234 1010.0 937.0 1244.0 706.0 1324.0 968.0 1185.0 826.0 937.0 1343.0 1049.0 1367.0 1158.0 1349.0 1132.0 925.0 1144.0 1097.0 1006.0 1150.0 1168.0 1027.0 1364.0 1284.0 973.0 1430.0 1151.0 1027.0 1086.0 873.0 1125.0 1031.0
237 917.0 956.0 1237.0 613.0 1245.0 947.0 1083.0 797.0 923.0 1283.0 1061.0 1384.0 1096.0 1272.0 1125.0 893.0 1126.0 1111.0 939.0 1202.0 1107.0 1060.0 1274.0 1242.0 909.0 1339.0 1126.0 1036.0 1006.0 812.0 1070.0 1035.0
240 914.0 894.0 1177.0 549.0 1145.0 963.0 1000.0 756.0 829.0 1220.0 1004.0 1285.0 1022.0 1209.0 1020.0 851.0 1066.0 1123.0 857.0 1094.0 1074.0 1068.0 1215.0 1190.0 883.0 1353.0 1032.0 969.0 1041.0 725.0 1090.0 1033.0
243 775.0 805.0 1182.0 386.0 1199.0 868.0 1045.0 692.0 689.0 1207.0 997.0 1272.0 1065.0 1213.0 983.0 788.0 1140.0 1014.0 844.0 1043.0 1074.0 1084.0 1161.0 1089.0 848.0 1289.0 1078.0 986.0 973.0 642.0 972.0 924.0
246 678.0 694.0 1048.0 251.0 1168.0 802.0 1031.0 594.0 543.0 1203.0 892.0 1256.0 1020.0 1153.0 1000.0 638.0 1010.0 987.0 726.0 1015.0 890.0 933.0 1165.0 1127.0 636.0 1293.0 951.0 926.0 871.0 413.0 938.0 827.0
249 427.0 472.0 1032.0 105.0 1061.0 589.0 956.0 365.0 317.0 1066.0 775.0 1170.0 1016.0 1012.0 850.0 415.0 930.0 889.0 514.0 926.0 649.0 907.0 1079.0 1008.0 405.0 1290.0 886.0 691.0 754.0 192.0 777.0 598.0
252 195.0 287.0 940.0 36.0 984.0 290.0 787.0 171.0 104.0 1073.0 553.0 1092.0 841.0 863.0 694.0 187.0 779.0 676.0 228.0 757.0 353.0 838.0 966.0 937.0 170.0 1095.0 673.0 525.0 565.0 70.0 544.0 366.0
255 45.0 96.0 749.0 23.0 860.0 141.0 612.0 53.0 49.0 851.0 287.0 998.0 644.0 507.0 375.0 65.0 491.0 397.0 71.0 539.0 116.0 611.0 821.0 691.0 57.0 887.0 372.0 233.0 313.0 22.0 288.0 166.0
258 24.0 26.0 302.0 13.0 434.0 29.0 208.0 17.0 18.0 409.0 50.0 671.0 271.0 121.0 76.0 24.0 148.0 96.0 22.0 148.0 31.0 288.0 307.0 202.0 25.0 438.0 96.0 43.0 84.0 16.0 59.0 49.0
261 20.0 18.0 81.0 15.0 209.0 21.0 79.0 18.0 16.0 167.0 41.0 395.0 78.0 51.0 43.0 23.0 60.0 48.0 17.0 81.0 27.0 127.0 121.0 80.0 30.0 182.0 47.0 20.0 37.0 18.0 31.0 20.0
264 18.0 23.0 57.0 10.0 50.0 24.0 35.0 14.0 19.0 62.0 26.0 156.0 33.0 39.0 38.0 15.0 27.0 15.0 15.0 39.0 21.0 63.0 57.0 40.0 13.0 63.0 36.0 26.0 35.0 19.0 29.0 18.0
267 13.0 13.0 32.0 8.0 26.0 14.0 32.0 11.0 15.0 31.0 27.0 56.0 36.0 27.0 18.0 13.0 33.0 37.0 17.0 30.0 15.0 28.0 36.0 44.0 17.0 43.0 23.0 21.0 17.0 23.0 19.0 20.0
270 11.0 21.0 25.0 13.0 30.0 15.0 26.0 13.0 11.0 33.0 21.0 32.0 21.0 30.0 20.0 13.0 26.0 16.0 20.0 19.0 20.0 27.0 35.0 26.0 15.0 45.0 20.0 21.0 21.0 16.0 22.0 23.0
273 14.0 23.0 23.0 6.0 27.0 15.0 24.0 10.0 17.0 38.0 17.0 26.0 27.0 24.0 16.0 18.0 25.0 25.0 26.0 20.0 15.0 22.0 22.0 34.0 18.0 28.0 18.0 21.0 20.0 15.0 22.0 13.0
276 16.0 10.0 25.0 7.0 32.0 13.0 25.0 12.0 9.0 23.0 30.0 34.0 17.0 32.0 21.0 13.0 22.0 22.0 16.0 14.0 20.0 24.0 30.0 30.0 21.0 41.0 19.0 19.0 23.0 11.0 22.0 9.0
279 13.0 10.0 15.0 3.0 23.0 16.0 28.0 14.0 9.0 28.0 16.0 21.0 22.0 19.0 19.0 5.0 16.0 18.0 21.0 19.0 21.0 18.0 19.0 23.0 15.0 21.0 24.0 15.0 22.0 13.0 20.0 16.0
282 7.0 7.0 19.0 5.0 24.0 18.0 19.0 6.0 11.0 21.0 17.0 24.0 19.0 24.0 24.0 19.0 14.0 28.0 16.0 17.0 17.0 17.0 17.0 14.0 6.0 18.0 12.0 17.0 10.0 12.0 15.0 14.0
285 13.0 14.0 17.0 1.0 21.0 15.0 22.0 12.0 5.0 20.0 11.0 24.0 16.0 15.0 20.0 10.0 20.0 12.0 9.0 13.0 15.0 21.0 18.0 20.0 9.0 22.0 16.0 12.0 15.0 7.0 17.0 12.0
288 5.0 14.0 25.0 1.0 14.0 9.0 14.0 2.0 4.0 17.0 8.0 27.0 21.0 25.0 17.0 8.0 17.0 14.0 3.0 18.0 9.0 12.0 22.0 21.0 3.0 19.0 11.0 14.0 10.0 2.0 7.0 10.0
291 4.0 3.0 18.0 2.0 20.0 7.0 18.0 1.0 4.0 22.0 10.0 19.0 17.0 16.0 9.0 2.0 12.0 9.0 3.0 15.0 9.0 22.0 18.0 22.0 3.0 19.0 14.0 10.0 14.0 2.0 9.0 3.0
294 0.0 2.0 13.0 0.0 21.0 1.0 19.0 0.0 1.0 18.0 8.0 18.0 10.0 12.0 19.0 0.0 19.0 12.0 4.0 8.0 6.0 17.0 23.0 13.0 1.0 17.0 5.0 6.0 11.0 0.0 8.0 2.0
297 0.0 2.0 13.0 0.0 12.0 1.0 5.0 1.0 2.0 12.0 2.0 18.0 14.0 5.0 7.0 1.0 11.0 4.0 2.0 9.0 2.0 16.0 17.0 12.0 1.0 13.0 6.0 3.0 1.0 1.0 9.0 2.0
300 0.0 0.0 4.0 0.0 10.0 0.0 5.0 0.0 0.0 9.0 1.0 13.0 6.0 5.0 0.0 0.0 4.0 3.0 0.0 4.0 0.0 8.0 11.0 10.0 1.0 7.0 5.0 1.0 3.0 0.0 1.0 1.0
303 0.0 1.0 6.0 1.0 14.0 1.0 4.0 2.0 0.0 3.0 2.0 13.0 3.0 4.0 2.0 1.0 7.0 0.0 2.0 5.0 2.0 3.0 9.0 2.0 3.0 5.0 3.0 0.0 3.0 1.0 1.0 1.0
306 0.0 0.0 1.0 0.0 2.0 0.0 1.0 0.0 1.0 6.0 1.0 8.0 4.0 2.0 3.0 1.0 1.0 1.0 1.0 2.0 0.0 2.0 2.0 2.0 0.0 4.0 2.0 0.0 1.0 1.0 0.0 1.0
309 2.0 0.0 0.0 2.0 1.0 1.0 2.0 0.0 0.0 2.0 1.0 3.0 1.0 3.0 0.0 2.0 1.0 2.0 0.0 0.0 0.0 1.0 1.0 2.0 0.0 6.0 0.0 2.0 2.0 0.0 1.0 0.0
312 1.0 1.0 1.0 3.0 5.0 2.0 1.0 1.0 2.0 1.0 3.0 3.0 2.0 1.0 2.0 2.0 1.0 2.0 3.0 4.0 1.0 1.0 3.0 3.0 4.0 1.0 4.0 2.0 4.0 2.0 2.0 2.0
315 2.0 0.0 3.0 0.0 1.0 0.0 1.0 1.0 1.0 3.0 2.0 1.0 0.0 0.0 1.0 1.0 0.0 1.0 4.0 1.0 0.0 5.0 0.0 0.0 0.0 0.0 0.0 0.0 1.0 0.0 1.0 0.0
318 2.0 0.0 0.0 2.0 2.0 2.0 1.0 2.0 0.0 1.0 2.0 1.0 2.0 1.0 2.0 1.0 2.0 3.0 0.0 1.0 2.0 3.0 2.0 3.0 2.0 2.0 1.0 1.0 1.0 1.0 0.0 0.0
321 0.0 1.0 1.0 0.0 2.0 0.0 1.0 0.0 1.0 0.0 1.0 1.0 0.0 0.0 2.0 0.0 1.0 1.0 0.0 0.0 1.0 1.0 0.0 2.0 0.0 1.0 1.0 0.0 0.0 0.0 1.0 1.0
324 2.0 0.0 1.0 0.0 2.0 1.0 2.0 0.0 2.0 0.0 1.0 2.0 0.0 0.0 3.0 2.0 2.0 0.0 1.0 0.0 4.0 1.0 2.0 1.0 1.0 1.0 3.0 3.0 2.0 0.0 1.0 0.0
327 0.0 0.0 1.0 0.0 1.0 0.0 0.0 0.0 0.0 3.0 0.0 2.0 1.0 0.0 0.0 2.0 2.0 0.0 0.0 1.0 0.0 2.0 0.0 1.0 0.0 1.0 0.0 1.0 2.0 1.0 0.0 1.0
330 1.0 1.0 1.0 1.0 0.0 2.0 1.0 1.0 0.0 1.0 0.0 1.0 2.0 1.0 0.0 1.0 0.0 1.0 0.0 3.0 0.0 0.0 2.0 3.0 1.0 0.0 1.0 1.0 2.0 0.0 2.0 0.0
333 0.0 0.0 1.0 3.0 3.0 1.0 2.0 0.0 1.0 1.0 0.0 0.0 1.0 1.0 1.0 1.0 2.0 0.0 0.0 2.0 0.0 0.0 2.0 0.0 1.0 4.0 0.0 1.0 0.0 1.0 2.0 0.0
336 0.0 0.0 0.0 0.0 0.0 0.0 0.0 0.0 0.0 1.0 2.0 1.0 0.0 1.0 0.0 1.0 0.0 1.0 0.0 1.0 0.0 0.0 0.0 0.0 0.0 1.0 1.0 1.0 0.0 0.0 0.0 0.0
339 2.0 1.0 1.0 0.0 3.0 0.0 1.0 0.0 0.0 1.0 0.0 2.0 1.0 2.0 2.0 1.0 2.0 1.0 1.0 2.0 1.0 4.0 2.0 0.0 1.0 3.0 0.0 1.0 0.0 0.0 0.0 0.0
342 0.0 1.0 1.0 1.0 1.0 0.0 0.0 0.0 1.0 0.0 0.0 2.0 2.0 0.0 0.0 0.0 0.0 0.0 0.0 1.0 0.0 0.0 0.0 0.0 0.0 0.0 0.0 0.0 0.0 0.0 1.0 0.0
345 1.0 2.0 1.0 0.0 1.0 0.0 1.0 1.0 0.0 0.0 1.0 1.0 0.0 0.0 1.0 0.0 1.0 0.0 1.0 1.0 1.0 1.0 1.0 2.0 1.0 1.0 1.0 2.0 3.0 0.0 1.0 1.0
348 0.0 0.0 1.0 0.0 0.0 0.0 1.0 0.0 0.0 1.0 0.0 2.0 0.0 2.0 0.0 0.0 0.0 0.0 0.0 1.0 0.0 2.0 0.0 1.0 0.0 3.0 1.0 0.0 1.0 0.0 0.0 1.0
351 0.0 0.0 0.0 0.0 0.0 0.0 0.0 1.0 1.0 0.0 0.0 0.0 1.0 0.0 1.0 1.0 2.0 0.0 0.0 0.0 0.0 0.0 0.0 2.0 0.0 1.0 0.0 1.0 1.0 2.0 0.0 0.0
354 1.0 0.0 0.0 0.0 0.0 2.0 2.0 0.0 0.0 1.0 1.0 1.0 1.0 0.0 3.0 0.0 2.0 1.0 0.0 1.0 0.0 0.0 2.0 1.0 0.0 1.0 1.0 0.0 1.0 0.0 0.0 0.0
357 0.0 0.0 0.0 0.0 0.0 1.0 0.0 0.0 0.0 0.0 1.0 1.0 1.0 0.0 0.0 0.0 0.0 1.0 0.0 0.0 0.0 1.0 0.0 0.0 0.0 0.0 0.0 0.0 0.0 0.0 1.0 1.0
