150 26653.0 17491.0 19885.0 18462.0 20973.0 29471.0 14426.0 19417.0 20188.0 32073.0 18212.0 26005.0 24997.0 19490.0 27186.0 16105.0 25967.0 16345.0 22568.0 19187.0 23314.0 25301.0 34332.0 61930.0 20791.0 43475.0 21284.0 31998.0 32084.0 27568.0 26307.0 30057.0
153 17488856.0 17485884.0 17484909.0 17478721.0 17483266.0 17474619.0 17483770.0 17477919.0 17481897.0 17476635.0 17484287.0 17477601.0 17485231.0 17484375.0 17483586.0 17479133.0 17484983.0 17481369.0 17483134.0 17482695.0 17478702.0 17482837.0 17474063.0 17485607.0 17472702.0 17484755.0 17468014.0 17482284.0 17476616.0 17484627.0 17484131.0 17487843.0
156 17830043.0 17828977.0 17828716.0 17824502.0 17828232.0 17822998.0 17828043.0 17824537.0 17827535.0 17824316.0 17828585.0 17824636.0 17829287.0 17828047.0 17828601.0 17826112.0 17828992.0 17828690.0 17828047.0 17827924.0 17824683.0 17828380.0 17823408.0 17829071.0 17823277.0 17828186.0 17821649.0 17828688.0 17823700.0 17828871.0 17828714.0 17830808.0
159 18043490.0 18042150.0 18041995.0 18039560.0 18041609.0 18038992.0 18041190.0 18039527.0 18040960.0 18039484.0 18041320.0 18039600.0 18041828.0 18041065.0 18041320.0 18039755.0 18041580.0 18041090.0 18041228.0 18041198.0 18039553.0 18041451.0 18038974.0 18042122.0 18039170.0 18041377.0 18038417.0 18041939.0 18039237.0 18041836.0 18042212.0 18043477.0
162 18269719.0 18267861.0 18267781.0 18265511.0 18267257.0 18264961.0 18266922.0 18265440.0 18266757.0 18265263.0 18266882.0 18265310.0 18267178.0 18266649.0 18266921.0 18265289.0 18266980.0 18266558.0 18266745.0 18266526.0 18265261.0 18266865.0 18264696.0 18267378.0 18264987.0 18266530.0 18264273.0 18267142.0 18265059.0 18267053.0 18267236.0 18268030.0
165 18486236.0 18484834.0 18484951.0 18482033.0 18484070.0 18481510.0 18483343.0 18482077.0 18483229.0 18481980.0 18483206.0 18482167.0 18483646.0 18483163.0 18483282.0 18482045.0 18483472.0 18482848.0 18483099.0 18483006.0 18481972.0 18483175.0 18481385.0 18483645.0 18481549.0 18483338.0 18480867.0 18483575.0 18481691.0 18483634.0 18483884.0 18484853.0
168 18639469.0 18638954.0 18639585.0 18636190.0 18639459.0 18635624.0 18638778.0 18636269.0 18638334.0 18636135.0 18638780.0 18636291.0 18639723.0 18638481.0 18639038.0 18636268.0 18639037.0 18637497.0 18638326.0 18637589.0 18635963.0 18637931.0 18635436.0 18638465.0 18635460.0 18637665.0 18635042.0 18637918.0 18635585.0 18637969.0 18638067.0 18638511.0
171 18717843.0 18717876.0 18717480.0 18713099.0 18717363.0 18712037.0 18716622.0 18712967.0 18715942.0 18712679.0 18715859.0 18712866.0 18716774.0 18714669.0 18716044.0 18712524.0 18715906.0 18716099.0 18715164.0 18715537.0 18711692.0 18715497.0 18710834.0 18714359.0 18711065.0 18713274.0 18710166.0 18714439.0 18710943.0 18714526.0 18715573.0 18716436.0
174 18726553.0 18728370.0 18717926.0 18685427.0 18716012.0 18671384.0 18715387.0 18685692.0 18706021.0 18682712.0 18709566.0 18690150.0 18709239.0 18695155.0 18700876.0 18700078.0 18700750.0 18708260.0 18696188.0 18699953.0 18679192.0 18694992.0 18671836.0 18681315.0 18680043.0 18681054.0 18669257.0 18687398.0 18659844.0 18687182.0 18691913.0 18690249.0
177 12583647.0 12801665.0 12447803.0 12092986.0 12485228.0 11914295.0 12655721.0 12151833.0 12474474.0 12022137.0 12625291.0 12172973.0 12551786.0 12305404.0 12419153.0 12484782.0 12369949.0 12739731.0 12380921.0 12556723.0 12110963.0 12411771.0 11988408.0 12126486.0 12294282.0 12102396.0 12169400.0 12295031.0 11850652.0 12309791.0 12473807.0 12349811.0
180 10289726.0 10464324.0 10250495.0 10355555.0 10329054.0 10210664.0 10522145.0 10471331.0 10400387.0 10321931.0 10583569.0 10476864.0 10503062.0 10294643.0 10412477.0 10773846.0 10339873.0 10685922.0 10360498.0 10524310.0 10414509.0 10372610.0 10292387.0 10124926.0 10636087.0 10059785.0 10500581.0 10239406.0 10126546.0 10244825.0 10359214.0 10208235.0
183 9484572.0 9671980.0 9449081.0 9775466.0 9533168.0 9640384.0 9748451.0 9901381.0 9620731.0 9715796.0 9810282.0 9868951.0 9696941.0 9515159.0 9605959.0 10177125.0 9518954.0 9908613.0 9551194.0 9740046.0 9827291.0 9575989.0 9697755.0 9328077.0 10082821.0 9232483.0 9947670.0 9417102.0 9535848.0 9431283.0 9551296.0 9360100.0
186 1677932.0 1752516.0 1631198.0 1674685.0 1658360.0 1617345.0 1746475.0 1730876.0 1686999.0 1644177.0 1781351.0 1725882.0 1706902.0 1613269.0 1692739.0 1884420.0 1619436.0 1808307.0 1621453.0 1728935.0 1688719.0 1668232.0 1674272.0 1660933.0 1824127.0 1505855.0 1776918.0 1596020.0 1599673.0 1600046.0 1656894.0 1558054.0
189 157648.0 170039.0 158992.0 161456.0 163895.0 168046.0 165478.0 164304.0 166116.0 155669.0 180633.0 160565.0 164852.0 143539.0 189396.0 189033.0 162173.0 200508.0 159625.0 189194.0 155060.0 182719.0 184355.0 315113.0 183093.0 148684.0 209939.0 175205.0 164964.0 177986.0 199388.0 165107.0
192 145933.0 145887.0 148811.0 144678.0 150548.0 156949.0 130695.0 137547.0 140862.0 142189.0 140938.0 137139.0 141227.0 128217.0 165420.0 146658.0 151474.0 149244.0 144786.0 151424.0 135293.0 145118.0 166334.0 304857.0 138779.0 139404.0 185884.0 150987.0 147244.0 147671.0 149172.0 143405.0
195 145345.0 144786.0 148703.0 144484.0 151206.0 157343.0 131474.0 138687.0 140863.0 141824.0 141597.0 136183.0 140962.0 127424.0 165753.0 145172.0 150783.0 149556.0 144388.0 150854.0 134612.0 144822.0 167686.0 300942.0 138956.0 139249.0 182784.0 151466.0 147511.0 148149.0 148624.0 143841.0
198 145354.0 145327.0 148051.0 144390.0 151137.0 156735.0 131177.0 138021.0 139811.0 141451.0 141340.0 136487.0 141585.0 126961.0 165671.0 145170.0 150912.0 149004.0 144922.0 149587.0 133795.0 144919.0 166900.0 306192.0 138856.0 136578.0 182065.0 149815.0 146206.0 147861.0 147992.0 142829.0
201 145467.0 143045.0 148061.0 141333.0 149835.0 155927.0 129174.0 137339.0 140385.0 140451.0 140054.0 134813.0 140025.0 122044.0 164410.0 138694.0 148550.0 147862.0 143459.0 148302.0 130550.0 144116.0 164937.0 301400.0 137584.0 125254.0 180262.0 150040.0 144189.0 143072.0 147594.0 140710.0
204 143923.0 139861.0 143177.0 133941.0 148366.0 154537.0 126447.0 132770.0 138842.0 137949.0 135428.0 131826.0 137715.0 105131.0 159463.0 116269.0 140934.0 145148.0 139414.0 143005.0 118044.0 142331.0 161345.0 287413.0 135780.0 101937.0 176032.0 145755.0 134560.0 128878.0 144222.0 133531.0
207 140064.0 123310.0 127650.0 106974.0 142908.0 145470.0 113780.0 116895.0 133323.0 125251.0 116212.0 117949.0 126961.0 62443.0 142913.0 64052.0 112567.0 132310.0 122581.0 121339.0 78630.0 134492.0 143192.0 234589.0 129032.0 60009.0 158746.0 134591.0 104100.0 90998.0 132226.0 110839.0
210 126954.0 76417.0 82157.0 52010.0 117297.0 113182.0 74687.0 71810.0 111109.0 84709.0 67638.0 77638.0 93529.0 18887.0 94843.0 17759.0 53262.0 94055.0 75364.0 71073.0 28251.0 103805.0 89994.0 117388.0 103818.0 19444.0 104007.0 94339.0 51298.0 39065.0 99814.0 64598.0
213 87595.0 28232.0 30590.0 14379.0 66222.0 57894.0 28683.0 25523.0 64777.0 34740.0 23275.0 30458.0 43525.0 5029.0 37661.0 5121.0 13965.0 41889.0 26095.0 24291.0 7063.0 52903.0 34662.0 31810.0 54941.0 5553.0 40932.0 41821.0 15495.0 11534.0 51666.0 24025.0
216 35437.0 7074.0 6914.0 4425.0 18954.0 15724.0 6848.0 6102.0 19429.0 8354.0 5773.0 7365.0 10855.0 3080.0 9069.0 3302.0 4475.0 10331.0 6100.0 6037.0 3445.0 13802.0 8681.0 9887.0 15170.0 3242.0 9388.0 10098.0 4854.0 4076.0 14717.0 6050.0
219 8949.0 3784.0 3919.0 3287.0 5527.0 5852.0 3253.0 3470.0 5323.0 3967.0 3572.0 3635.0 4221.0 2509.0 4502.0 2816.0 3421.0 4197.0 3792.0 3817.0 2959.0 4477.0 4466.0 7573.0 4797.0 2659.0 5093.0 4315.0 3493.0 3049.0 4832.0 3568.0
222 4273.0 3076.0 3220.0 2819.0 3824.0 4002.0 2870.0 2952.0 3631.0 3307.0 2997.0 2958.0 3386.0 2013.0 3746.0 2304.0 3030.0 3524.0 3201.0 3071.0 2299.0 3592.0 3723.0 6416.0 3507.0 2189.0 4115.0 3524.0 2922.0 2508.0 3434.0 2995.0
225 3614.0 2625.0 2658.0 2304.0 3120.0 3506.0 2304.0 2372.0 3134.0 2863.0 2397.0 2451.0 2868.0 1675.0 3122.0 1849.0 2399.0 2877.0 2626.0 2536.0 1904.0 3119.0 3043.0 5074.0 3054.0 1851.0 3461.0 2917.0 2387.0 2047.0 2914.0 2483.0
228 3046.0 2237.0 2272.0 1971.0 2677.0 2765.0 1935.0 2010.0 2488.0 2354.0 2010.0 2012.0 2347.0 1546.0 2608.0 1659.0 2049.0 2386.0 2199.0 2167.0 1621.0 2545.0 2564.0 4657.0 2535.0 1717.0 2949.0 2439.0 2086.0 1777.0 2479.0 2114.0
231 2430.0 1996.0 1980.0 1874.0 2419.0 2486.0 1810.0 1714.0 2113.0 2177.0 1853.0 1862.0 2056.0 1485.0 2398.0 1588.0 1948.0 2162.0 1992.0 1954.0 1576.0 2183.0 2246.0 4222.0 2192.0 1693.0 2696.0 2213.0 1912.0 1714.0 2186.0 2004.0
234 2305.0 1898.0 1986.0 1799.0 2262.0 2355.0 1625.0 1759.0 2088.0 2072.0 1727.0 1682.0 1984.0 1417.0 2212.0 1481.0 1913.0 2001.0 1983.0 1946.0 1536.0 2086.0 2244.0 4120.0 2086.0 1589.0 2574.0 2132.0 1887.0 1682.0 2054.0 1883.0
237 2290.0 1835.0 1948.0 1701.0 2211.0 2175.0 1629.0 1731.0 2057.0 1933.0 1726.0 1739.0 1870.0 1316.0 2047.0 1366.0 1812.0 1962.0 1925.0 1875.0 1526.0 2030.0 2209.0 3944.0 1954.0 1452.0 2484.0 1984.0 1644.0 1559.0 2017.0 1845.0
240 2147.0 1736.0 1928.0 1645.0 2120.0 2244.0 1549.0 1624.0 1975.0 1867.0 1636.0 1606.0 1823.0 1237.0 2105.0 1251.0 1839.0 1963.0 1821.0 1822.0 1332.0 2040.0 1992.0 3769.0 1858.0 1345.0 2402.0 2025.0 1716.0 1419.0 1864.0 1809.0
243 2117.0 1660.0 1732.0 1505.0 2033.0 2186.0 1570.0 1558.0 1870.0 1878.0 1570.0 1568.0 1749.0 969.0 1997.0 912.0 1680.0 1922.0 1710.0 1710.0 1132.0 1886.0 2068.0 3414.0 1836.0 1020.0 2157.0 1869.0 1528.0 1223.0 1838.0 1575.0
246 2082.0 1519.0 1633.0 1331.0 1929.0 2098.0 1458.0 1427.0 1808.0 1578.0 1333.0 1427.0 1667.0 626.0 1802.0 527.0 1487.0 1719.0 1531.0 1457.0 937.0 1791.0 1815.0 2865.0 1867.0 729.0 1992.0 1724.0 1306.0 876.0 1667.0 1534.0
249 1974.0 1247.0 1347.0 877.0 1840.0 1806.0 1175.0 1219.0 1744.0 1491.0 1070.0 1224.0 1471.0 238.0 1544.0 194.0 1029.0 1425.0 1316.0 1183.0 447.0 1647.0 1553.0 2025.0 1649.0 424.0 1649.0 1593.0 873.0 594.0 1578.0 1155.0
252 1761.0 827.0 940.0 464.0 1652.0 1608.0 785.0 735.0 1476.0 1195.0 685.0 922.0 1232.0 112.0 1124.0 62.0 519.0 1108.0 970.0 682.0 167.0 1417.0 1143.0 1143.0 1379.0 149.0 1138.0 1301.0 526.0 278.0 1189.0 763.0
255 1636.0 364.0 529.0 154.0 1164.0 1096.0 337.0 352.0 1237.0 687.0 278.0 498.0 823.0 39.0 663.0 46.0 181.0 721.0 438.0 311.0 63.0 1012.0 626.0 445.0 949.0 60.0 574.0 787.0 177.0 100.0 834.0 348.0
258 1052.0 104.0 116.0 46.0 583.0 415.0 111.0 88.0 524.0 238.0 74.0 137.0 315.0 24.0 187.0 34.0 71.0 188.0 93.0 84.0 34.0 385.0 191.0 128.0 407.0 37.0 146.0 273.0 79.0 46.0 345.0 100.0
261 596.0 61.0 58.0 37.0 236.0 164.0 63.0 55.0 218.0 97.0 45.0 71.0 117.0 33.0 79.0 22.0 62.0 89.0 62.0 52.0 26.0 158.0 82.0 106.0 154.0 27.0 68.0 101.0 38.0 29.0 155.0 65.0
264 249.0 42.0 49.0 43.0 99.0 89.0 48.0 40.0 74.0 57.0 34.0 39.0 59.0 28.0 62.0 29.0 31.0 39.0 55.0 45.0 26.0 81.0 68.0 78.0 67.0 37.0 52.0 61.0 50.0 25.0 64.0 44.0
267 101.0 33.0 48.0 38.0 57.0 50.0 44.0 30.0 70.0 45.0 40.0 27.0 40.0 18.0 43.0 22.0 38.0 44.0 35.0 40.0 22.0 66.0 38.0 66.0 56.0 38.0 42.0 57.0 36.0 33.0 46.0 46.0
270 77.0 41.0 35.0 23.0 49.0 58.0 35.0 37.0 38.0 53.0 24.0 31.0 49.0 23.0 45.0 15.0 38.0 39.0 39.0 33.0 22.0 51.0 52.0 65.0 44.0 25.0 53.0 40.0 39.0 18.0 44.0 33.0
273 39.0 26.0 29.0 36.0 49.0 54.0 27.0 24.0 30.0 28.0 31.0 24.0 55.0 18.0 36.0 19.0 24.0 57.0 38.0 38.0 30.0 30.0 45.0 67.0 42.0 24.0 36.0 36.0 32.0 29.0 37.0 35.0
276 49.0 32.0 26.0 27.0 39.0 38.0 24.0 25.0 36.0 45.0 24.0 25.0 26.0 16.0 32.0 14.0 40.0 42.0 33.0 35.0 19.0 31.0 37.0 50.0 52.0 20.0 38.0 38.0 28.0 25.0 42.0 25.0
279 55.0 30.0 33.0 27.0 40.0 39.0 28.0 27.0 39.0 35.0 27.0 28.0 38.0 7.0 35.0 8.0 37.0 43.0 36.0 22.0 15.0 36.0 38.0 45.0 39.0 21.0 40.0 43.0 22.0 18.0 36.0 24.0
282 49.0 33.0 30.0 22.0 46.0 39.0 25.0 27.0 34.0 38.0 27.0 29.0 28.0 14.0 34.0 7.0 39.0 24.0 26.0 25.0 17.0 30.0 33.0 48.0 38.0 21.0 39.0 41.0 34.0 7.0 26.0 31.0
285 40.0 30.0 28.0 14.0 41.0 30.0 21.0 14.0 33.0 27.0 26.0 28.0 26.0 9.0 36.0 4.0 29.0 30.0 33.0 27.0 11.0 26.0 30.0 54.0 29.0 9.0 42.0 28.0 28.0 7.0 32.0 31.0
288 49.0 18.0 21.0 15.0 29.0 34.0 12.0 20.0 33.0 28.0 14.0 18.0 23.0 3.0 27.0 1.0 14.0 32.0 18.0 21.0 8.0 35.0 24.0 34.0 31.0 3.0 30.0 39.0 17.0 5.0 27.0 24.0
291 26.0 16.0 13.0 8.0 46.0 34.0 13.0 19.0 34.0 23.0 14.0 20.0 32.0 2.0 23.0 2.0 10.0 21.0 22.0 13.0 2.0 42.0 31.0 19.0 18.0 4.0 23.0 24.0 11.0 0.0 28.0 11.0
294 48.0 16.0 12.0 1.0 21.0 20.0 8.0 14.0 16.0 19.0 8.0 17.0 16.0 1.0 15.0 1.0 8.0 8.0 17.0 8.0 0.0 30.0 15.0 17.0 21.0 6.0 12.0 20.0 4.0 1.0 27.0 10.0
297 29.0 5.0 6.0 0.0 17.0 23.0 5.0 1.0 18.0 9.0 3.0 6.0 13.0 1.0 5.0 1.0 2.0 11.0 5.0 1.0 1.0 24.0 10.0 6.0 21.0 0.0 8.0 14.0 3.0 0.0 18.0 2.0
300 21.0 4.0 3.0 2.0 14.0 11.0 1.0 1.0 7.0 3.0 1.0 2.0 7.0 2.0 6.0 2.0 2.0 2.0 1.0 2.0 0.0 11.0 3.0 2.0 10.0 1.0 7.0 6.0 2.0 3.0 9.0 2.0
303 20.0 2.0 2.0 2.0 6.0 5.0 2.0 2.0 9.0 3.0 2.0 5.0 6.0 1.0 4.0 1.0 2.0 0.0 1.0 5.0 0.0 6.0 4.0 1.0 8.0 1.0 4.0 1.0 2.0 0.0 6.0 4.0
306 6.0 1.0 0.0 1.0 5.0 1.0 0.0 1.0 4.0 2.0 0.0 2.0 3.0 1.0 0.0 1.0 0.0 0.0 2.0 1.0 0.0 2.0 1.0 1.0 2.0 1.0 1.0 3.0 4.0 0.0 0.0 0.0
309 3.0 0.0 1.0 1.0 1.0 1.0 1.0 0.0 3.0 1.0 2.0 0.0 4.0 1.0 2.0 0.0 1.0 1.0 2.0 3.0 1.0 1.0 2.0 3.0 5.0 1.0 2.0 2.0 2.0 1.0 0.0 1.0
312 1.0 0.0 2.0 0.0 1.0 0.0 1.0 1.0 1.0 1.0 1.0 0.0 0.0 1.0 0.0 2.0 1.0 1.0 1.0 1.0 0.0 0.0 0.0 2.0 4.0 0.0 1.0 1.0 0.0 1.0 2.0 0.0
315 2.0 2.0 1.0 0.0 7.0 1.0 4.0 2.0 2.0 1.0 1.0 0.0 3.0 1.0 1.0 3.0 0.0 0.0 0.0 1.0 0.0 2.0 0.0 0.0 1.0 0.0 2.0 0.0 1.0 3.0 0.0 2.0
318 2.0 1.0 1.0 1.0 1.0 0.0 1.0 2.0 0.0 1.0 1.0 0.0 2.0 2.0 0.0 0.0 0.0 2.0 1.0 0.0 0.0 0.0 1.0 1.0 1.0 0.0 2.0 0.0 1.0 0.0 2.0 0.0
321 0.0 0.0 0.0 0.0 0.0 3.0 2.0 1.0 2.0 0.0 0.0 0.0 1.0 0.0 2.0 2.0 0.0 0.0 4.0 3.0 0.0 2.0 1.0 0.0 3.0 0.0 2.0 1.0 1.0 1.0 0.0 0.0
324 1.0 1.0 1.0 0.0 1.0 3.0 2.0 1.0 1.0 0.0 2.0 0.0 1.0 0.0 0.0 0.0 0.0 1.0 1.0 1.0 2.0 0.0 1.0 0.0 0.0 1.0 1.0 4.0 0.0 1.0 2.0 1.0
327 0.0 1.0 3.0 0.0 0.0 1.0 1.0 2.0 2.0 0.0 2.0 1.0 1.0 0.0 1.0 0.0 0.0 1.0 3.0 1.0 0.0 0.0 3.0 1.0 1.0 1.0 0.0 0.0 1.0 2.0 2.0 1.0
330 1.0 1.0 1.0 0.0 0.0 3.0 0.0 1.0 0.0 2.0 1.0 1.0 1.0 3.0 0.0 1.0 2.0 1.0 1.0 0.0 0.0 1.0 1.0 1.0 1.0 0.0 2.0 1.0 1.0 1.0 0.0 0.0
333 1.0 1.0 1.0 0.0 0.0 0.0 1.0 0.0 2.0 0.0 0.0 0.0 1.0 0.0 0.0 0.0 0.0 0.0 0.0 0.0 0.0 0.0 0.0 0.0 1.0 1.0 0.0 1.0 1.0 0.0 1.0 1.0
336 0.0 0.0 0.0 1.0 0.0 0.0 0.0 1.0 0.0 4.0 0.0 2.0 2.0 1.0 1.0 2.0 0.0 1.0 1.0 0.0 0.0 0.0 0.0 3.0 0.0 0.0 1.0 0.0 1.0 1.0 1.0 0.0
339 3.0 0.0 0.0 0.0 0.0 1.0 1.0 1.0 0.0 0.0 0.0 0.0 1.0 0.0 1.0 1.0 0.0 1.0 0.0 0.0 0.0 1.0 1.0 0.0 0.0 0.0 2.0 0.0 1.0 1.0 1.0 0.0
342 0.0 0.0 0.0 1.0 2.0 1.0 0.0 0.0 0.0 0.0 0.0 1.0 0.0 0.0 2.0 0.0 0.0 1.0 0.0 0.0 1.0 0.0 0.0 0.0 0.0 1.0 1.0 0.0 0.0 0.0 1.0 0.0
345 2.0 2.0 1.0 1.0 0.0 1.0 0.0 0.0 0.0 1.0 1.0 0.0 0.0 1.0 0.0 0.0 1.0 0.0 2.0 0.0 0.0 0.0 0.0 2.0 0.0 0.0 0.0 0.0 0.0 0.0 0.0 1.0
348 1.0 1.0 1.0 0.0 0.0 0.0 0.0 0.0 0.0 0.0 0.0 0.0 0.0 0.0 0.0 0.0 0.0 0.0 0.0 0.0 0.0 0.0 0.0 0.0 0.0 0.0 2.0 0.0 0.0 0.0 0.0 0.0
351 2.0 0.0 1.0 0.0 0.0 0.0 0.0 1.0 0.0 0.0 0.0 1.0 0.0 1.0 0.0 0.0 0.0 1.0 1.0 1.0 0.0 0.0 0.0 0.0 1.0 0.0 0.0 0.0 0.0 1.0 1.0 1.0
354 2.0 1.0 1.0 0.0 0.0 1.0 1.0 2.0 1.0 1.0 0.0 1.0 0.0 0.0 0.0 0.0 0.0 0.0 0.0 0.0 1.0 0.0 0.0 0.0 0.0 0.0 0.0 0.0 0.0 0.0 0.0 0.0
357 2.0 1.0 1.0 1.0 1.0 2.0 1.0 0.0 0.0 1.0 1.0 1.0 0.0 2.0 1.0 1.0 0.0 1.0 0.0 1.0 1.0 0.0 0.0 0.0 1.0 0.0 0.0 0.0 0.0 1.0 0.0 1.0
