150 9727.0 9005.0 7841.0 9131.0 9691.0 8081.0 8019.0 10469.0 6676.0 10836.0 7215.0 12082.0 7738.0 7640.0 10000.0 6821.0 8353.0 6323.0 6457.0 6678.0 10781.0 10324.0 7772.0 7803.0 7406.0 9162.0 7093.0 8162.0 9640.0 8301.0 10166.0 8810.0
153 18131882.0 18131043.0 18123245.0 18108596.0 18116594.0 18106884.0 18115749.0 18107728.0 18112417.0 18108702.0 18114271.0 18110521.0 18113796.0 18114734.0 18114962.0 18107363.0 18114224.0 18112157.0 18112929.0 18112150.0 18108528.0 18114977.0 18107207.0 18110281.0 18104598.0 18109561.0 18106417.0 18109970.0 18107488.0 18110737.0 18114134.0 18115955.0
156 18668384.0 18666988.0 18658913.0 18644045.0 18652928.0 18643189.0 18651744.0 18643050.0 18648692.0 18643129.0 18648852.0 18643254.0 18649418.0 18649648.0 18648016.0 18643560.0 18648743.0 18647453.0 18647473.0 18646270.0 18642823.0 18648293.0 18642305.0 18645044.0 18642270.0 18645237.0 18642063.0 18645595.0 18642170.0 18646748.0 18648546.0 18650922.0
159 19029091.0 19026553.0 19018940.0 19000832.0 19012575.0 18999708.0 19010725.0 18999030.0 19008124.0 18999648.0 19008027.0 18999836.0 19009610.0 19009829.0 19008444.0 19000297.0 19008653.0 19007133.0 19006917.0 19005641.0 18998836.0 19007083.0 18998222.0 19003400.0 18997932.0 19003492.0 18997664.0 19003756.0 18997690.0 19005443.0 19007607.0 19010039.0
162 19470856.0 19468557.0 19463134.0 19449921.0 19458749.0 19448885.0 19457261.0 19448433.0 19455541.0 19448965.0 19454583.0 19449346.0 19456721.0 19456610.0 19454728.0 19448864.0 19455521.0 19454525.0 19453633.0 19452441.0 19447468.0 19453589.0 19447151.0 19450994.0 19446734.0 19451414.0 19446439.0 19451557.0 19446149.0 19452802.0 19452998.0 19454568.0
165 19726285.0 19724685.0 19721608.0 19714738.0 19719265.0 19714322.0 19718487.0 19713831.0 19718422.0 19714320.0 19717657.0 19714230.0 19719333.0 19719079.0 19718320.0 19714225.0 19718419.0 19718028.0 19717608.0 19716856.0 19713228.0 19717422.0 19713047.0 19715831.0 19712924.0 19716262.0 19712706.0 19716053.0 19712567.0 19717236.0 19717558.0 19718663.0
168 19948121.0 19946905.0 19944076.0 19939825.0 19942597.0 19939376.0 19942246.0 19938934.0 19942278.0 19939284.0 19941643.0 19939295.0 19942800.0 19942856.0 19942543.0 19938855.0 19942431.0 19942330.0 19941959.0 19941315.0 19938298.0 19941778.0 19938199.0 19940717.0 19937925.0 19940975.0 19937950.0 19940899.0 19937782.0 19941972.0 19941969.0 19942771.0
171 19991027.0 19990715.0 19990257.0 19989946.0 19990112.0 19990484.0 19989838.0 19989444.0 19989767.0 19990323.0 19989334.0 19990012.0 19990020.0 19989816.0 19989995.0 19989248.0 19989449.0 19989580.0 19989165.0 19988783.0 19988058.0 19988787.0 19988007.0 19988472.0 19987795.0 19988560.0 19987681.0 19988361.0 19987528.0 19988736.0 19988703.0 19988893.0
174 19909645.0 19908231.0 19905627.0 19899014.0 19903336.0 19896383.0 19901874.0 19895318.0 19899866.0 19897218.0 19898855.0 19895727.0 19900410.0 19898608.0 19898709.0 19897001.0 19896455.0 19896569.0 19895170.0 19894036.0 19893397.0 19893179.0 19891854.0 19892033.0 19891339.0 19891710.0 19889957.0 19891039.0 19890167.0 19891538.0 19891620.0 19891582.0
177 19513554.0 19504920.0 19492665.0 19394951.0 19472012.0 19362433.0 19467161.0 19365107.0 19447454.0 19361986.0 19434532.0 19350680.0 19453600.0 19446124.0 19427851.0 19395035.0 19419681.0 19436613.0 19419782.0 19405369.0 19354416.0 19400444.0 19346504.0 19389851.0 19366760.0 19397379.0 19343592.0 19400046.0 19348973.0 19409844.0 19406368.0 19417556.0
180 11274597.0 11194939.0 11206875.0 10811423.0 11091704.0 10631789.0 11098310.0 10727776.0 11055566.0 10710925.0 10890797.0 10555668.0 11212633.0 11151589.0 10906504.0 11199992.0 10874905.0 11191521.0 10955382.0 10830584.0 10720242.0 10762932.0 10691155.0 10686424.0 11053116.0 10828549.0 10700958.0 10880269.0 10728032.0 11037249.0 10919280.0 11030152.0
183 6832020.0 6816048.0 6910344.0 6817699.0 6883026.0 6632202.0 6888076.0 6748428.0 6877179.0 6725358.0 6719951.0 6562687.0 7054231.0 6984826.0 6730445.0 7212629.0 6697192.0 7017665.0 6772170.0 6644854.0 6710225.0 6579591.0 6684773.0 6488457.0 7084413.0 6631909.0 6692423.0 6688438.0 6715514.0 6837728.0 6719708.0 6804722.0
186 8057869.0 8041212.0 8219261.0 8600408.0 8194203.0 8341329.0 8207839.0 8556632.0 8249683.0 8512508.0 8042404.0 8254689.0 8544181.0 8432286.0 8069735.0 9283308.0 8037405.0 8498722.0 8126254.0 7953338.0 8435880.0 7832407.0 8428114.0 7718685.0 9050358.0 7898934.0 8456412.0 7992435.0 8457514.0 8183160.0 7965006.0 8032203.0
189 167380.0 167762.0 186496.0 187991.0 193895.0 138570.0 193232.0 171122.0 189643.0 177277.0 144554.0 137825.0 252396.0 227870.0 177888.0 271565.0 140312.0 232676.0 156804.0 122226.0 163935.0 132006.0 144492.0 113441.0 239016.0 148456.0 137902.0 152016.0 156543.0 171403.0 169016.0 156707.0
192 98073.0 90836.0 83792.0 103806.0 104718.0 86888.0 96224.0 101706.0 89913.0 99221.0 78839.0 91351.0 97389.0 97834.0 96097.0 96524.0 82373.0 92673.0 82571.0 72864.0 103256.0 87773.0 82663.0 78918.0 124248.0 102770.0 81108.0 91083.0 99165.0 93743.0 107242.0 98123.0
195 94894.0 83882.0 77080.0 96104.0 101505.0 81085.0 91301.0 97293.0 83222.0 95293.0 67909.0 88817.0 89471.0 90277.0 93183.0 79992.0 78315.0 80765.0 65546.0 57938.0 97592.0 74662.0 74065.0 69803.0 109052.0 100038.0 67530.0 84221.0 94268.0 89324.0 102929.0 94623.0
198 85397.0 64053.0 63462.0 82235.0 97990.0 64459.0 81444.0 91254.0 67307.0 90453.0 42885.0 83131.0 83487.0 76382.0 89028.0 62234.0 63705.0 64723.0 36795.0 29186.0 87464.0 44726.0 53837.0 44982.0 87024.0 88886.0 42598.0 63623.0 81358.0 82922.0 91222.0 86911.0
201 53527.0 28828.0 32888.0 46014.0 80495.0 30791.0 53646.0 68071.0 34017.0 69327.0 13566.0 64274.0 61820.0 41367.0 72134.0 28606.0 31104.0 32901.0 10619.0 7013.0 56187.0 13700.0 21937.0 15563.0 42007.0 56782.0 14325.0 27586.0 46860.0 61457.0 58505.0 63437.0
204 18467.0 7470.0 9383.0 14992.0 45294.0 8507.0 20993.0 30647.0 9425.0 33274.0 3179.0 33670.0 27276.0 12355.0 39436.0 7819.0 8265.0 9306.0 2743.0 2072.0 20463.0 3508.0 5605.0 3662.0 11820.0 21167.0 3600.0 7158.0 14995.0 30499.0 22795.0 31047.0
207 4133.0 2380.0 2441.0 3924.0 13856.0 2392.0 4943.0 7562.0 2475.0 8634.0 1767.0 9879.0 6594.0 3121.0 12462.0 2422.0 2351.0 2543.0 1758.0 1436.0 4746.0 1884.0 2025.0 1699.0 3442.0 5124.0 1663.0 2329.0 3735.0 9103.0 5670.0 9073.0
210 2199.0 1725.0 1628.0 2131.0 3772.0 1783.0 2120.0 2775.0 1785.0 2663.0 1468.0 2902.0 2295.0 1973.0 3218.0 1747.0 1631.0 1693.0 1380.0 1211.0 2430.0 1648.0 1527.0 1448.0 2503.0 2380.0 1350.0 1777.0 2157.0 2715.0 2526.0 2928.0
213 1875.0 1493.0 1436.0 1765.0 2410.0 1476.0 1777.0 2090.0 1486.0 2131.0 1126.0 2022.0 1850.0 1619.0 2042.0 1417.0 1410.0 1453.0 1082.0 898.0 2060.0 1219.0 1340.0 1132.0 2024.0 2009.0 1187.0 1567.0 1861.0 1911.0 2005.0 2031.0
216 1402.0 1155.0 1128.0 1550.0 1967.0 1182.0 1545.0 1726.0 1205.0 1772.0 834.0 1636.0 1625.0 1300.0 1780.0 1137.0 1122.0 1173.0 817.0 665.0 1647.0 977.0 973.0 896.0 1645.0 1627.0 889.0 1210.0 1503.0 1564.0 1676.0 1688.0
219 1184.0 888.0 850.0 1150.0 1605.0 907.0 1167.0 1403.0 922.0 1520.0 699.0 1328.0 1196.0 968.0 1484.0 866.0 868.0 897.0 592.0 503.0 1421.0 747.0 727.0 689.0 1318.0 1286.0 657.0 891.0 1146.0 1229.0 1328.0 1365.0
222 931.0 742.0 679.0 939.0 1296.0 734.0 901.0 1196.0 724.0 1187.0 505.0 1134.0 936.0 859.0 1120.0 687.0 745.0 744.0 531.0 436.0 1049.0 614.0 682.0 570.0 987.0 1092.0 558.0 744.0 963.0 992.0 1126.0 1154.0
225 796.0 615.0 537.0 772.0 1046.0 630.0 774.0 893.0 635.0 930.0 394.0 863.0 792.0 683.0 924.0 576.0 648.0 577.0 366.0 328.0 891.0 495.0 509.0 506.0 825.0 919.0 432.0 679.0 882.0 819.0 975.0 941.0
228 741.0 494.0 489.0 770.0 1038.0 523.0 762.0 895.0 513.0 872.0 263.0 797.0 720.0 654.0 860.0 445.0 546.0 452.0 164.0 151.0 856.0 351.0 400.0 314.0 678.0 820.0 257.0 470.0 772.0 747.0 811.0 819.0
231 643.0 327.0 333.0 533.0 894.0 361.0 631.0 855.0 351.0 794.0 124.0 798.0 622.0 453.0 817.0 238.0 380.0 319.0 74.0 53.0 712.0 176.0 217.0 166.0 462.0 725.0 133.0 294.0 579.0 658.0 671.0 783.0
234 435.0 131.0 156.0 311.0 774.0 157.0 390.0 631.0 173.0 675.0 40.0 665.0 481.0 208.0 712.0 110.0 221.0 131.0 20.0 15.0 535.0 65.0 85.0 51.0 190.0 461.0 38.0 125.0 325.0 503.0 440.0 550.0
237 185.0 51.0 59.0 129.0 580.0 57.0 230.0 420.0 62.0 464.0 21.0 479.0 271.0 92.0 480.0 38.0 66.0 33.0 13.0 15.0 268.0 18.0 42.0 14.0 73.0 227.0 20.0 45.0 136.0 325.0 230.0 366.0
240 73.0 31.0 24.0 52.0 311.0 27.0 67.0 177.0 24.0 188.0 16.0 252.0 99.0 40.0 301.0 20.0 29.0 21.0 10.0 10.0 104.0 18.0 17.0 13.0 25.0 87.0 11.0 13.0 55.0 158.0 92.0 170.0
243 29.0 10.0 18.0 29.0 146.0 19.0 27.0 68.0 10.0 71.0 9.0 93.0 43.0 21.0 117.0 13.0 17.0 15.0 5.0 15.0 31.0 15.0 6.0 13.0 18.0 44.0 8.0 11.0 25.0 52.0 31.0 67.0
246 24.0 13.0 14.0 16.0 60.0 17.0 16.0 24.0 16.0 24.0 14.0 47.0 23.0 17.0 39.0 12.0 14.0 10.0 11.0 6.0 21.0 17.0 6.0 14.0 22.0 20.0 10.0 20.0 12.0 27.0 22.0 45.0
249 12.0 12.0 12.0 16.0 22.0 9.0 18.0 22.0 12.0 13.0 8.0 27.0 18.0 12.0 20.0 9.0 18.0 9.0 6.0 5.0 22.0 11.0 12.0 9.0 15.0 19.0 10.0 8.0 17.0 21.0 16.0 26.0
252 15.0 6.0 11.0 15.0 32.0 12.0 11.0 17.0 8.0 20.0 6.0 24.0 9.0 17.0 14.0 7.0 12.0 10.0 6.0 6.0 17.0 2.0 9.0 7.0 15.0 21.0 4.0 7.0 11.0 17.0 16.0 19.0
255 9.0 10.0 10.0 12.0 20.0 9.0 12.0 21.0 9.0 16.0 5.0 18.0 15.0 7.0 17.0 8.0 11.0 8.0 2.0 4.0 25.0 7.0 5.0 7.0 13.0 17.0 3.0 4.0 12.0 13.0 14.0 21.0
258 13.0 6.0 10.0 7.0 17.0 7.0 8.0 8.0 4.0 19.0 2.0 6.0 7.0 10.0 16.0 3.0 2.0 2.0 2.0 3.0 17.0 3.0 3.0 1.0 5.0 9.0 1.0 5.0 13.0 14.0 10.0 14.0
261 12.0 4.0 11.0 15.0 7.0 5.0 11.0 19.0 4.0 8.0 1.0 12.0 11.0 4.0 11.0 7.0 5.0 2.0 3.0 0.0 16.0 1.0 6.0 2.0 6.0 9.0 3.0 5.0 7.0 10.0 8.0 11.0
264 11.0 2.0 3.0 6.0 15.0 2.0 9.0 13.0 5.0 8.0 1.0 11.0 11.0 4.0 13.0 2.0 5.0 5.0 0.0 0.0 15.0 3.0 2.0 2.0 3.0 14.0 1.0 2.0 4.0 10.0 8.0 10.0
267 7.0 0.0 0.0 4.0 11.0 4.0 5.0 7.0 0.0 14.0 0.0 12.0 12.0 3.0 9.0 1.0 3.0 3.0 0.0 1.0 7.0 1.0 0.0 1.0 0.0 11.0 1.0 1.0 5.0 4.0 7.0 11.0
270 7.0 2.0 4.0 4.0 16.0 2.0 5.0 10.0 0.0 12.0 3.0 15.0 5.0 4.0 7.0 3.0 0.0 0.0 0.0 1.0 4.0 0.0 2.0 2.0 1.0 6.0 0.0 1.0 0.0 7.0 4.0 8.0
273 0.0 0.0 2.0 2.0 9.0 0.0 1.0 6.0 0.0 8.0 1.0 3.0 5.0 0.0 8.0 0.0 1.0 0.0 0.0 0.0 3.0 2.0 0.0 0.0 0.0 2.0 0.0 2.0 1.0 5.0 3.0 2.0
276 2.0 1.0 0.0 1.0 6.0 1.0 0.0 2.0 1.0 3.0 0.0 2.0 1.0 0.0 3.0 0.0 3.0 1.0 0.0 1.0 0.0 0.0 2.0 1.0 0.0 0.0 2.0 1.0 1.0 3.0 2.0 4.0
279 0.0 0.0 0.0 2.0 3.0 0.0 0.0 0.0 1.0 3.0 1.0 8.0 1.0 1.0 0.0 0.0 0.0 0.0 0.0 0.0 1.0 2.0 0.0 0.0 1.0 1.0 0.0 0.0 0.0 1.0 1.0 3.0
282 1.0 0.0 0.0 0.0 1.0 0.0 1.0 0.0 0.0 0.0 0.0 1.0 1.0 1.0 1.0 0.0 1.0 0.0 0.0 1.0 0.0 1.0 0.0 1.0 0.0 1.0 0.0 0.0 2.0 0.0 1.0 0.0
285 0.0 1.0 1.0 1.0 3.0 0.0 1.0 1.0 1.0 2.0 1.0 2.0 1.0 1.0 0.0 1.0 0.0 0.0 0.0 1.0 0.0 2.0 2.0 1.0 1.0 0.0 1.0 0.0 1.0 1.0 0.0 0.0
288 0.0 0.0 0.0 1.0 0.0 0.0 0.0 0.0 0.0 0.0 0.0 0.0 0.0 0.0 1.0 1.0 2.0 0.0 0.0 0.0 0.0 0.0 1.0 0.0 0.0 0.0 0.0 0.0 0.0 0.0 1.0 2.0
291 1.0 0.0 1.0 1.0 0.0 0.0 0.0 1.0 1.0 0.0 0.0 0.0 2.0 1.0 0.0 0.0 0.0 0.0 0.0 1.0 0.0 2.0 0.0 1.0 0.0 1.0 2.0 0.0 0.0 0.0 0.0 1.0
294 0.0 1.0 0.0 0.0 0.0 0.0 0.0 1.0 0.0 0.0 0.0 0.0 0.0 1.0 0.0 0.0 0.0 1.0 0.0 1.0 1.0 0.0 0.0 1.0 0.0 0.0 0.0 0.0 0.0 0.0 0.0 1.0
297 0.0 1.0 0.0 1.0 1.0 0.0 0.0 3.0 0.0 1.0 1.0 2.0 0.0 1.0 2.0 1.0 0.0 1.0 0.0 1.0 0.0 0.0 2.0 3.0 3.0 1.0 2.0 1.0 0.0 0.0 0.0 0.0
300 0.0 0.0 0.0 1.0 1.0 0.0 0.0 0.0 0.0 0.0 0.0 0.0 1.0 2.0 0.0 1.0 0.0 0.0 0.0 0.0 0.0 1.0 0.0 1.0 0.0 1.0 0.0 0.0 0.0 0.0 0.0 0.0
303 2.0 0.0 2.0 2.0 2.0 1.0 1.0 0.0 0.0 2.0 2.0 0.0 0.0 0.0 1.0 1.0 1.0 1.0 4.0 0.0 0.0 2.0 0.0 0.0 1.0 0.0 1.0 0.0 1.0 4.0 0.0 2.0
306 0.0 0.0 0.0 0.0 1.0 0.0 3.0 0.0 0.0 1.0 1.0 1.0 2.0 1.0 1.0 0.0 1.0 1.0 2.0 0.0 1.0 0.0 0.0 3.0 1.0 0.0 0.0 1.0 1.0 1.0 2.0 3.0
309 0.0 0.0 0.0 0.0 0.0 0.0 0.0 0.0 0.0 0.0 0.0 0.0 0.0 0.0 1.0 0.0 0.0 0.0 0.0 0.0 1.0 0.0 0.0 0.0 0.0 0.0 0.0 0.0 0.0 0.0 1.0 0.0
312 1.0 0.0 1.0 0.0 1.0 0.0 0.0 0.0 0.0 0.0 0.0 0.0 2.0 4.0 1.0 1.0 2.0 1.0 1.0 1.0 0.0 1.0 1.0 0.0 0.0 0.0 1.0 0.0 0.0 0.0 1.0 1.0
315 0.0 0.0 0.0 0.0 0.0 0.0 0.0 0.0 1.0 0.0 0.0 1.0 0.0 0.0 0.0 1.0 0.0 0.0 0.0 0.0 0.0 0.0 0.0 0.0 0.0 0.0 0.0 0.0 0.0 0.0 0.0 0.0
318 1.0 1.0 0.0 1.0 0.0 1.0 2.0 0.0 1.0 0.0 0.0 0.0 0.0 1.0 1.0 0.0 1.0 0.0 1.0 0.0 0.0 0.0 0.0 1.0 0.0 0.0 0.0 0.0 1.0 1.0 1.0 0.0
321 1.0 0.0 0.0 0.0 1.0 0.0 0.0 0.0 0.0 0.0 0.0 1.0 0.0 0.0 1.0 1.0 0.0 0.0 1.0 0.0 0.0 0.0 0.0 1.0 1.0 0.0 0.0 2.0 0.0 1.0 0.0 0.0
324 0.0 0.0 0.0 0.0 1.0 1.0 1.0 2.0 0.0 0.0 0.0 0.0 0.0 1.0 0.0 0.0 0.0 1.0 0.0 0.0 0.0 0.0 0.0 0.0 0.0 0.0 0.0 2.0 1.0 1.0 2.0 0.0
327 0.0 0.0 0.0 2.0 2.0 0.0 1.0 0.0 1.0 0.0 0.0 1.0 2.0 1.0 0.0 0.0 0.0 0.0 0.0 1.0 1.0 0.0 0.0 0.0 0.0 0.0 1.0 1.0 1.0 1.0 0.0 1.0
330 1.0 0.0 2.0 0.0 0.0 1.0 1.0 0.0 0.0 0.0 0.0 0.0 1.0 1.0 0.0 0.0 0.0 0.0 0.0 0.0 1.0 0.0 0.0 0.0 0.0 0.0 0.0 0.0 0.0 0.0 0.0 1.0
333 1.0 0.0 0.0 2.0 0.0 0.0 1.0 0.0 2.0 0.0 1.0 1.0 1.0 1.0 0.0 0.0 0.0 2.0 0.0 0.0 1.0 1.0 1.0 0.0 1.0 0.0 0.0 1.0 1.0 1.0 2.0 0.0
336 1.0 0.0 0.0 0.0 0.0 0.0 0.0 1.0 1.0 0.0 0.0 1.0 1.0 1.0 0.0 0.0 0.0 0.0 0.0 0.0 0.0 0.0 0.0 0.0 0.0 0.0 0.0 0.0 0.0 0.0 0.0 0.0
339 1.0 1.0 1.0 1.0 0.0 0.0 1.0 0.0 0.0 2.0 0.0 2.0 0.0 0.0 0.0 0.0 0.0 0.0 0.0 0.0 0.0 0.0 0.0 0.0 0.0 0.0 0.0 1.0 0.0 1.0 0.0 0.0
342 0.0 0.0 0.0 0.0 0.0 0.0 0.0 0.0 0.0 0.0 0.0 0.0 1.0 0.0 0.0 0.0 0.0 0.0 0.0 1.0 0.0 0.0 0.0 0.0 2.0 0.0 0.0 1.0 1.0 0.0 2.0 0.0
345 2.0 1.0 0.0 0.0 0.0 0.0 0.0 1.0 0.0 0.0 0.0 3.0 0.0 2.0 0.0 0.0 1.0 0.0 0.0 0.0 1.0 0.0 0.0 0.0 0.0 3.0 0.0 0.0 0.0 0.0 0.0 0.0
348 0.0 0.0 0.0 0.0 1.0 1.0 0.0 1.0 0.0 0.0 1.0 1.0 0.0 0.0 1.0 0.0 0.0 2.0 0.0 0.0 1.0 0.0 2.0 0.0 2.0 1.0 0.0 0.0 0.0 0.0 2.0 1.0
351 0.0 0.0 0.0 0.0 0.0 0.0 0.0 0.0 0.0 2.0 0.0 0.0 0.0 0.0 0.0 0.0 0.0 0.0 0.0 0.0 0.0 1.0 0.0 0.0 0.0 1.0 1.0 0.0 0.0 0.0 0.0 0.0
354 0.0 0.0 1.0 1.0 1.0 0.0 1.0 1.0 3.0 1.0 0.0 1.0 0.0 0.0 0.0 1.0 0.0 1.0 1.0 3.0 0.0 1.0 0.0 0.0 1.0 1.0 0.0 1.0 1.0 1.0 1.0 1.0
357 0.0 0.0 0.0 0.0 0.0 1.0 0.0 0.0 1.0 0.0 0.0 0.0 0.0 1.0 0.0 0.0 0.0 0.0 0.0 0.0 0.0 0.0 0.0 0.0 1.0 0.0 0.0 0.0 2.0 0.0 0.0 0.0
