150 25281.0 17694.0 19151.0 24378.0 28190.0 18325.0 19200.0 28752.0 17755.0 33035.0 16303.0 20053.0 27160.0 22328.0 36703.0 21028.0 24472.0 12593.0 32057.0 33538.0 15701.0 23324.0 21719.0 26740.0 20060.0 24251.0 16806.0 16218.0 17344.0 23408.0 29821.0 17990.0
153 16138291.0 16126790.0 16140271.0 16103653.0 16121979.0 16092302.0 16110728.0 16100709.0 16109193.0 16100187.0 16110910.0 16097797.0 16114441.0 16115383.0 16110450.0 16087670.0 16113270.0 16114572.0 16112064.0 16111029.0 16102450.0 16117520.0 16075420.0 16107233.0 16084756.0 16110430.0 16096075.0 16093820.0 16089578.0 16103837.0 16116140.0 16105170.0
156 17633160.0 17629495.0 17633923.0 17604249.0 17617995.0 17600209.0 17615233.0 17598090.0 17614715.0 17594104.0 17617024.0 17601763.0 17611894.0 17612903.0 17603126.0 17595833.0 17615445.0 17621536.0 17607316.0 17606874.0 17607786.0 17616814.0 17586635.0 17606853.0 17592188.0 17611155.0 17600960.0 17605331.0 17597806.0 17606285.0 17612196.0 17610643.0
159 17852793.0 17847637.0 17850551.0 17824042.0 17836432.0 17819401.0 17832547.0 17816913.0 17832151.0 17812940.0 17833715.0 17819779.0 17831186.0 17831620.0 17822883.0 17811401.0 17834013.0 17835437.0 17826076.0 17826714.0 17825438.0 17833453.0 17806987.0 17826973.0 17811438.0 17830071.0 17819392.0 17825725.0 17816527.0 17824389.0 17830842.0 17829472.0
162 18189563.0 18189963.0 18193605.0 18161159.0 18176983.0 18157955.0 18172966.0 18154984.0 18173263.0 18151828.0 18176288.0 18160123.0 18173523.0 18175225.0 18162223.0 18156125.0 18176736.0 18180355.0 18166203.0 18163783.0 18164271.0 18175044.0 18144517.0 18165447.0 18150101.0 18170293.0 18157510.0 18166418.0 18154925.0 18166145.0 18172092.0 18171015.0
165 18565343.0 18564190.0 18565968.0 18540710.0 18554738.0 18536714.0 18549521.0 18534524.0 18549006.0 18531181.0 18550853.0 18537845.0 18549416.0 18550205.0 18542153.0 18530993.0 18551133.0 18552839.0 18544792.0 18543505.0 18541192.0 18550593.0 18526848.0 18544787.0 18530638.0 18548008.0 18536839.0 18545067.0 18534877.0 18544821.0 18549347.0 18547978.0
168 18758572.0 18758383.0 18758208.0 18750565.0 18755793.0 18743109.0 18756872.0 18742118.0 18757344.0 18738052.0 18759244.0 18743438.0 18759922.0 18761951.0 18755804.0 18734917.0 18762640.0 18761951.0 18758499.0 18755208.0 18746167.0 18760732.0 18734504.0 18755571.0 18737451.0 18757721.0 18742200.0 18755607.0 18741147.0 18756882.0 18759531.0 18758183.0
171 18834502.0 18834085.0 18833962.0 18829413.0 18831852.0 18826039.0 18831710.0 18823813.0 18831915.0 18820812.0 18832957.0 18827207.0 18832568.0 18833740.0 18829868.0 18819446.0 18834871.0 18834905.0 18831773.0 18830741.0 18828943.0 18833944.0 18817117.0 18831802.0 18819781.0 18832221.0 18823646.0 18832945.0 18822632.0 18831585.0 18832784.0 18832747.0
174 18721006.0 18717322.0 18708845.0 18679102.0 18701067.0 18676199.0 18697841.0 18668827.0 18695688.0 18667676.0 18697201.0 18684449.0 18695676.0 18696025.0 18691902.0 18684919.0 18698296.0 18695555.0 18692596.0 18684903.0 18683268.0 18687753.0 18666814.0 18683756.0 18672155.0 18685348.0 18671410.0 18684582.0 18671792.0 18682018.0 18683881.0 18685316.0
177 18365735.0 18339991.0 18201680.0 17787505.0 18157764.0 17775813.0 18162004.0 17692850.0 18101647.0 17692802.0 18120275.0 17790717.0 18096866.0 18095767.0 18100121.0 17931416.0 18144554.0 18107619.0 18107829.0 18027763.0 17756467.0 18025391.0 17821735.0 18016659.0 17821677.0 18038007.0 17701363.0 18083956.0 17808328.0 18048614.0 18052765.0 18135741.0
180 11817252.0 11803307.0 11657621.0 11529358.0 11653360.0 11577082.0 11710606.0 11510004.0 11665439.0 11528765.0 11691249.0 11613350.0 11679863.0 11697037.0 11731694.0 11762034.0 11774115.0 11748595.0 11738774.0 11651685.0 11573347.0 11632694.0 11692548.0 11643321.0 11685171.0 11645887.0 11496456.0 11749452.0 11644000.0 11672361.0 11671295.0 11809031.0
183 10290700.0 10287200.0 10159813.0 10132630.0 10165520.0 10222365.0 10246337.0 10138792.0 10190688.0 10168101.0 10220879.0 10259037.0 10212341.0 10234983.0 10278874.0 10416807.0 10318183.0 10290490.0 10279294.0 10178849.0 10198563.0 10148012.0 10374488.0 10164625.0 10350952.0 10155875.0 10120454.0 10281217.0 10313427.0 10188405.0 10186126.0 10346866.0
186 9547318.0 9546274.0 9444073.0 9495530.0 9462487.0 9610015.0 9560842.0 9506113.0 9500911.0 9539982.0 9531483.0 9644172.0 9529107.0 9554925.0 9604620.0 9821220.0 9634936.0 9604121.0 9594136.0 9497325.0 9555982.0 9456034.0 9770896.0 9478510.0 9732087.0 9456583.0 9472479.0 9586261.0 9700302.0 9494248.0 9489430.0 9628105.0
189 1496277.0 1484130.0 1421553.0 1458689.0 1446849.0 1484392.0 1491163.0 1446570.0 1461266.0 1466374.0 1465662.0 1497797.0 1479600.0 1492577.0 1544493.0 1585397.0 1562865.0 1506810.0 1520507.0 1495289.0 1444924.0 1454129.0 1576223.0 1481695.0 1536978.0 1461008.0 1418193.0 1524014.0 1512266.0 1485525.0 1502159.0 1535371.0
192 179575.0 164877.0 137396.0 185842.0 163904.0 162122.0 164463.0 167200.0 161878.0 173778.0 154314.0 158229.0 173714.0 166276.0 195660.0 152084.0 219220.0 147976.0 181251.0 199447.0 142002.0 164274.0 194252.0 184588.0 171707.0 165580.0 143840.0 168066.0 152610.0 163029.0 176105.0 156502.0
195 180086.0 164115.0 137021.0 186273.0 164379.0 161800.0 164224.0 167072.0 161093.0 174053.0 153647.0 158012.0 173889.0 167745.0 196010.0 151525.0 220027.0 147838.0 181681.0 196908.0 141476.0 164577.0 194780.0 183904.0 172636.0 165700.0 143746.0 168825.0 153193.0 162659.0 175501.0 156222.0
198 179173.0 161030.0 138042.0 186025.0 163261.0 162314.0 164489.0 167235.0 160996.0 174737.0 154862.0 158174.0 174041.0 166488.0 196459.0 152574.0 220430.0 149309.0 181290.0 196618.0 142004.0 164423.0 195670.0 183968.0 172450.0 165806.0 143925.0 168657.0 152913.0 162979.0 176713.0 157161.0
201 179805.0 159829.0 136249.0 185679.0 163520.0 162347.0 166984.0 166779.0 161302.0 174620.0 154113.0 158389.0 173503.0 167129.0 195906.0 151329.0 218948.0 148922.0 181450.0 196676.0 141334.0 164232.0 193218.0 183720.0 172358.0 164791.0 143201.0 168677.0 152641.0 163020.0 176019.0 156724.0
204 179931.0 159502.0 137514.0 185441.0 164207.0 161917.0 165383.0 166602.0 161158.0 174281.0 154487.0 157775.0 174126.0 166064.0 197177.0 151980.0 204652.0 148922.0 180844.0 196900.0 140274.0 163986.0 194962.0 184507.0 172826.0 165667.0 143365.0 168297.0 152870.0 162619.0 176886.0 156998.0
207 179333.0 158461.0 137531.0 185221.0 163522.0 162062.0 164063.0 166305.0 160744.0 174008.0 153518.0 157720.0 174026.0 165453.0 196330.0 151182.0 204474.0 148107.0 180968.0 192527.0 139779.0 164299.0 193691.0 184473.0 172169.0 165452.0 142713.0 168703.0 152389.0 162754.0 176428.0 157031.0
210 179575.0 158022.0 135239.0 183819.0 163778.0 161049.0 162777.0 165895.0 159829.0 173782.0 152256.0 156230.0 173290.0 165203.0 195702.0 151118.0 202940.0 146235.0 181368.0 195803.0 139628.0 163001.0 192488.0 183489.0 171929.0 165304.0 142808.0 167491.0 151748.0 161549.0 175365.0 156239.0
213 176662.0 156406.0 133635.0 181877.0 161873.0 158737.0 162204.0 165276.0 158431.0 172716.0 151746.0 155767.0 171945.0 164753.0 194507.0 149923.0 201438.0 144385.0 180019.0 194218.0 137723.0 161686.0 191670.0 182283.0 170418.0 163888.0 139685.0 166201.0 151218.0 161582.0 175214.0 155778.0
216 174920.0 154563.0 125735.0 171891.0 160682.0 153777.0 159885.0 162771.0 154503.0 172361.0 147519.0 152198.0 170858.0 162849.0 193892.0 149809.0 195159.0 131760.0 180041.0 192053.0 128767.0 157833.0 190000.0 178993.0 168708.0 161639.0 130681.0 162702.0 148293.0 159901.0 173320.0 155267.0
219 165214.0 127014.0 94452.0 135401.0 154861.0 135290.0 150292.0 157133.0 138095.0 167768.0 130325.0 136216.0 164258.0 152024.0 190756.0 148448.0 165002.0 95505.0 178109.0 186431.0 95783.0 139111.0 181599.0 169047.0 161547.0 150509.0 101718.0 146878.0 134818.0 155770.0 165916.0 149456.0
222 130729.0 66488.0 45289.0 75056.0 133651.0 91037.0 114256.0 134219.0 93335.0 152119.0 85286.0 91750.0 139758.0 119547.0 184639.0 140944.0 99747.0 44606.0 171812.0 159750.0 45974.0 94135.0 147883.0 134470.0 135584.0 117740.0 56108.0 106961.0 97379.0 139301.0 141085.0 132898.0
225 52760.0 13330.0 9302.0 17800.0 69619.0 27847.0 43500.0 67410.0 27819.0 91399.0 22724.0 26741.0 69331.0 50398.0 143323.0 99346.0 26214.0 9776.0 138974.0 89791.0 9529.0 27287.0 63980.0 55595.0 62077.0 46051.0 14303.0 37209.0 31075.0 83675.0 70910.0 76876.0
228 15429.0 5534.0 4445.0 7390.0 24862.0 8372.0 12886.0 23206.0 8545.0 35114.0 7040.0 8007.0 22269.0 15310.0 78718.0 45247.0 8876.0 4677.0 79982.0 33855.0 4713.0 8248.0 18988.0 16257.0 19608.0 13321.0 5720.0 10809.0 8893.0 33164.0 24422.0 28955.0
231 6922.0 4511.0 3547.0 5693.0 8166.0 5162.0 6072.0 7949.0 5258.0 10583.0 4845.0 4965.0 7744.0 6305.0 24802.0 12949.0 6117.0 3790.0 27914.0 10872.0 3613.0 5231.0 7744.0 7152.0 7447.0 6215.0 4285.0 5657.0 5045.0 10268.0 8275.0 9019.0
234 5560.0 3810.0 3134.0 4894.0 5720.0 4399.0 4828.0 5705.0 4436.0 6749.0 4125.0 4182.0 5829.0 4776.0 9632.0 6332.0 5280.0 3251.0 10425.0 7357.0 3243.0 4609.0 6290.0 5733.0 5537.0 5039.0 3739.0 4746.0 4422.0 5780.0 5910.0 5442.0
237 4920.0 3423.0 2690.0 4424.0 4864.0 3992.0 4265.0 4742.0 3964.0 5626.0 3868.0 3650.0 4920.0 4117.0 6796.0 4751.0 4615.0 2882.0 6904.0 6345.0 2826.0 4098.0 5400.0 4962.0 4797.0 4470.0 3292.0 4239.0 3804.0 4768.0 4898.0 4591.0
240 4350.0 3052.0 2609.0 4213.0 4425.0 3602.0 3793.0 4329.0 3688.0 4983.0 3571.0 3319.0 4455.0 3744.0 5629.0 4129.0 4411.0 2783.0 5839.0 5615.0 2688.0 3752.0 4799.0 4722.0 4306.0 4066.0 3221.0 3866.0 3517.0 4082.0 4364.0 4026.0
243 4241.0 3187.0 2574.0 4031.0 3955.0 3529.0 3632.0 4174.0 3470.0 4372.0 3224.0 3114.0 4193.0 3505.0 4960.0 3840.0 4372.0 2665.0 5256.0 5132.0 2669.0 3713.0 4585.0 4341.0 4044.0 3751.0 3086.0 3756.0 3355.0 3669.0 3977.0 3952.0
246 3988.0 3044.0 2504.0 4110.0 3864.0 3415.0 3641.0 4032.0 3470.0 4370.0 3275.0 3121.0 4067.0 3379.0 4680.0 3456.0 4222.0 2569.0 4941.0 4977.0 2632.0 3488.0 4454.0 4315.0 3944.0 3759.0 3081.0 3568.0 3382.0 3572.0 3866.0 3719.0
249 4097.0 2792.0 2427.0 3946.0 3767.0 3390.0 3560.0 3921.0 3338.0 4446.0 3193.0 3130.0 4086.0 3265.0 4335.0 3468.0 4231.0 2646.0 4666.0 4816.0 2623.0 3495.0 4355.0 4068.0 3921.0 3696.0 2897.0 3581.0 3261.0 3496.0 3729.0 3611.0
252 3952.0 2634.0 2544.0 3844.0 3754.0 3194.0 3497.0 3829.0 3355.0 4331.0 3063.0 2961.0 3944.0 3139.0 4426.0 3395.0 3982.0 2467.0 4587.0 4861.0 2527.0 3527.0 4403.0 4057.0 3758.0 3601.0 2832.0 3480.0 3236.0 3466.0 3776.0 3422.0
255 3873.0 2742.0 2367.0 3665.0 3697.0 3162.0 3378.0 3768.0 3323.0 4069.0 3086.0 2882.0 3865.0 3177.0 4400.0 3317.0 4001.0 2421.0 4595.0 4722.0 2404.0 3356.0 4223.0 3913.0 3629.0 3592.0 2847.0 3394.0 3071.0 3461.0 3632.0 3368.0
258 3736.0 2685.0 2345.0 3584.0 3668.0 3065.0 3420.0 3595.0 3172.0 4165.0 2990.0 2848.0 3833.0 3190.0 4374.0 3322.0 3878.0 2337.0 4504.0 4559.0 2324.0 3234.0 4156.0 3912.0 3621.0 3527.0 2729.0 3336.0 3055.0 3237.0 3558.0 3332.0
261 3688.0 2495.0 2161.0 3331.0 3538.0 3045.0 3150.0 3589.0 3067.0 3951.0 2946.0 2620.0 3708.0 3045.0 4161.0 3265.0 3789.0 2206.0 4497.0 4404.0 2279.0 3136.0 3974.0 3822.0 3346.0 3440.0 2579.0 3173.0 2982.0 3235.0 3541.0 3312.0
264 3578.0 2414.0 2071.0 3384.0 3655.0 2925.0 3110.0 3615.0 2875.0 4008.0 2870.0 2651.0 3587.0 3035.0 4170.0 3226.0 3514.0 1978.0 4319.0 4437.0 2130.0 2994.0 3886.0 3672.0 3377.0 3310.0 2624.0 3166.0 2853.0 3260.0 3487.0 3257.0
267 3434.0 2187.0 1817.0 3023.0 3417.0 2609.0 3024.0 3478.0 2733.0 3844.0 2665.0 2553.0 3503.0 2866.0 4006.0 3048.0 3293.0 1571.0 4142.0 4306.0 1765.0 2903.0 3758.0 3554.0 3303.0 3139.0 2247.0 2860.0 2802.0 3173.0 3261.0 3116.0
270 3153.0 1604.0 1327.0 2353.0 3378.0 2321.0 2782.0 3297.0 2369.0 3711.0 2230.0 2252.0 3402.0 2719.0 3860.0 3013.0 2804.0 1002.0 4147.0 4201.0 1279.0 2607.0 3561.0 3432.0 3153.0 2925.0 1762.0 2541.0 2434.0 2974.0 3055.0 3036.0
273 2855.0 847.0 775.0 1523.0 3016.0 1637.0 2312.0 2971.0 1841.0 3556.0 1597.0 1722.0 3050.0 2448.0 3679.0 2863.0 1954.0 489.0 4085.0 3947.0 722.0 2101.0 3080.0 2902.0 2801.0 2640.0 1170.0 2050.0 2014.0 2874.0 2917.0 2739.0
276 2105.0 353.0 341.0 737.0 2660.0 957.0 1616.0 2519.0 1055.0 3106.0 877.0 1024.0 2672.0 1884.0 3566.0 2745.0 1111.0 204.0 3886.0 3291.0 298.0 1309.0 2336.0 2298.0 2261.0 2034.0 577.0 1269.0 1204.0 2520.0 2419.0 2437.0
279 1300.0 144.0 145.0 310.0 1947.0 435.0 847.0 1818.0 470.0 2616.0 352.0 509.0 1891.0 1227.0 3350.0 2241.0 422.0 86.0 3576.0 2635.0 114.0 576.0 1404.0 1276.0 1371.0 1057.0 278.0 595.0 578.0 2011.0 1778.0 1768.0
282 592.0 104.0 87.0 185.0 1167.0 177.0 386.0 1075.0 218.0 1801.0 192.0 233.0 1115.0 621.0 2683.0 1730.0 210.0 65.0 3099.0 1704.0 88.0 243.0 663.0 608.0 678.0 537.0 153.0 234.0 228.0 1284.0 1014.0 1046.0
285 232.0 87.0 72.0 164.0 556.0 123.0 192.0 533.0 143.0 967.0 106.0 117.0 491.0 252.0 1964.0 1027.0 152.0 81.0 2291.0 838.0 93.0 136.0 288.0 279.0 301.0 226.0 98.0 147.0 140.0 708.0 499.0 474.0
288 148.0 75.0 70.0 119.0 247.0 116.0 135.0 199.0 110.0 337.0 123.0 108.0 215.0 154.0 779.0 284.0 134.0 68.0 1181.0 327.0 66.0 110.0 147.0 168.0 173.0 150.0 105.0 115.0 114.0 259.0 163.0 176.0
291 130.0 59.0 62.0 127.0 162.0 106.0 136.0 157.0 106.0 210.0 98.0 97.0 159.0 97.0 379.0 172.0 102.0 66.0 509.0 214.0 67.0 112.0 158.0 143.0 133.0 146.0 115.0 106.0 102.0 140.0 125.0 155.0
294 135.0 72.0 58.0 120.0 132.0 78.0 111.0 144.0 100.0 161.0 95.0 71.0 137.0 81.0 199.0 123.0 118.0 52.0 256.0 164.0 59.0 94.0 141.0 128.0 154.0 107.0 83.0 94.0 104.0 121.0 137.0 116.0
297 129.0 69.0 78.0 117.0 143.0 94.0 105.0 153.0 102.0 142.0 95.0 74.0 124.0 89.0 179.0 130.0 110.0 65.0 189.0 153.0 67.0 103.0 120.0 113.0 117.0 118.0 99.0 109.0 95.0 113.0 114.0 123.0
300 126.0 65.0 59.0 109.0 108.0 88.0 84.0 119.0 92.0 151.0 94.0 78.0 114.0 85.0 163.0 96.0 124.0 61.0 179.0 152.0 68.0 90.0 152.0 134.0 94.0 103.0 87.0 116.0 94.0 97.0 114.0 105.0
303 103.0 63.0 67.0 112.0 107.0 85.0 97.0 114.0 83.0 147.0 99.0 72.0 125.0 91.0 143.0 102.0 102.0 50.0 164.0 146.0 55.0 97.0 126.0 131.0 111.0 121.0 75.0 85.0 83.0 85.0 111.0 95.0
306 117.0 60.0 72.0 100.0 126.0 82.0 95.0 134.0 82.0 145.0 71.0 71.0 105.0 61.0 129.0 101.0 102.0 54.0 171.0 164.0 68.0 85.0 144.0 124.0 123.0 103.0 77.0 93.0 70.0 97.0 101.0 122.0
309 114.0 63.0 40.0 94.0 103.0 87.0 105.0 94.0 87.0 130.0 70.0 76.0 115.0 81.0 155.0 102.0 94.0 43.0 163.0 152.0 57.0 89.0 129.0 111.0 96.0 96.0 82.0 95.0 65.0 87.0 108.0 92.0
312 115.0 64.0 63.0 107.0 120.0 83.0 83.0 99.0 91.0 147.0 62.0 65.0 109.0 90.0 137.0 83.0 91.0 49.0 156.0 150.0 48.0 80.0 126.0 102.0 120.0 98.0 64.0 89.0 85.0 85.0 85.0 101.0
315 109.0 54.0 46.0 74.0 113.0 73.0 81.0 98.0 91.0 128.0 92.0 73.0 116.0 77.0 115.0 103.0 83.0 26.0 152.0 138.0 50.0 92.0 123.0 123.0 96.0 116.0 66.0 67.0 84.0 88.0 92.0 86.0
318 109.0 49.0 31.0 76.0 116.0 78.0 65.0 102.0 76.0 144.0 55.0 76.0 105.0 87.0 126.0 92.0 85.0 14.0 151.0 139.0 38.0 83.0 119.0 94.0 106.0 96.0 64.0 68.0 85.0 87.0 93.0 75.0
321 71.0 26.0 23.0 41.0 116.0 53.0 78.0 107.0 62.0 133.0 57.0 47.0 99.0 71.0 121.0 84.0 70.0 16.0 146.0 121.0 15.0 81.0 99.0 92.0 83.0 89.0 46.0 62.0 73.0 85.0 95.0 87.0
324 82.0 15.0 13.0 39.0 87.0 40.0 47.0 81.0 44.0 105.0 32.0 41.0 93.0 56.0 115.0 80.0 56.0 9.0 130.0 135.0 18.0 56.0 112.0 85.0 85.0 70.0 27.0 51.0 61.0 93.0 81.0 88.0
327 66.0 6.0 10.0 13.0 93.0 22.0 43.0 70.0 43.0 82.0 13.0 26.0 93.0 57.0 121.0 63.0 38.0 1.0 137.0 125.0 8.0 35.0 72.0 69.0 64.0 63.0 23.0 33.0 27.0 63.0 78.0 75.0
330 52.0 6.0 2.0 13.0 79.0 13.0 28.0 79.0 10.0 107.0 13.0 16.0 62.0 42.0 111.0 77.0 19.0 6.0 115.0 81.0 4.0 25.0 45.0 36.0 43.0 55.0 10.0 21.0 15.0 67.0 67.0 47.0
333 25.0 0.0 3.0 7.0 43.0 5.0 22.0 50.0 9.0 93.0 3.0 12.0 49.0 17.0 91.0 64.0 10.0 0.0 114.0 75.0 7.0 15.0 27.0 29.0 19.0 25.0 2.0 8.0 16.0 60.0 39.0 37.0
336 14.0 3.0 2.0 5.0 54.0 8.0 8.0 37.0 7.0 53.0 6.0 6.0 35.0 11.0 79.0 49.0 10.0 2.0 97.0 40.0 4.0 6.0 15.0 10.0 9.0 18.0 5.0 3.0 5.0 25.0 24.0 32.0
339 6.0 0.0 4.0 5.0 17.0 1.0 5.0 19.0 5.0 32.0 6.0 3.0 11.0 9.0 61.0 29.0 4.0 3.0 74.0 28.0 3.0 2.0 9.0 7.0 7.0 8.0 3.0 3.0 5.0 17.0 11.0 8.0
342 3.0 4.0 4.0 3.0 5.0 2.0 6.0 16.0 6.0 16.0 2.0 4.0 8.0 3.0 23.0 17.0 4.0 2.0 65.0 14.0 3.0 4.0 10.0 7.0 4.0 4.0 1.0 1.0 6.0 11.0 10.0 9.0
345 2.0 2.0 1.0 6.0 5.0 3.0 8.0 3.0 3.0 9.0 3.0 4.0 5.0 3.0 30.0 12.0 5.0 7.0 42.0 11.0 2.0 5.0 5.0 2.0 4.0 4.0 2.0 4.0 3.0 11.0 5.0 7.0
348 5.0 1.0 3.0 7.0 13.0 1.0 2.0 7.0 2.0 8.0 6.0 1.0 6.0 5.0 10.0 6.0 1.0 4.0 24.0 3.0 5.0 5.0 4.0 1.0 8.0 10.0 6.0 5.0 4.0 0.0 5.0 15.0
351 4.0 3.0 1.0 4.0 5.0 4.0 5.0 4.0 6.0 5.0 3.0 1.0 2.0 1.0 9.0 7.0 4.0 1.0 9.0 5.0 2.0 2.0 4.0 5.0 4.0 1.0 3.0 2.0 1.0 3.0 1.0 4.0
354 4.0 2.0 4.0 4.0 3.0 6.0 4.0 6.0 3.0 10.0 2.0 4.0 4.0 3.0 5.0 1.0 3.0 3.0 15.0 6.0 3.0 1.0 6.0 5.0 2.0 6.0 5.0 4.0 7.0 5.0 2.0 6.0
357 6.0 3.0 0.0 5.0 6.0 2.0 2.0 4.0 4.0 2.0 7.0 2.0 4.0 2.0 4.0 2.0 2.0 1.0 7.0 4.0 1.0 3.0 3.0 7.0 2.0 3.0 4.0 2.0 3.0 2.0 5.0 3.0
