150 18195209.0 18175886.0 18171588.0 18137901.0 18162440.0 18132394.0 18150043.0 18134345.0 18148514.0 18134345.0 18150025.0 18136494.0 18153669.0 18152989.0 18151051.0 18135872.0 18151800.0 18147303.0 18148001.0 18142613.0 18129992.0 18142155.0 18126106.0 18134016.0 18128611.0 18137195.0 18125445.0 18134080.0 18126285.0 18139033.0 18139826.0 18140030.0
153 18454651.0 18447320.0 18444894.0 18415644.0 18441546.0 18408716.0 18436595.0 18411106.0 18434477.0 18412381.0 18437210.0 18416664.0 18444116.0 18444345.0 18441143.0 18426033.0 18443804.0 18432861.0 18430937.0 18425705.0 18411189.0 18427493.0 18407512.0 18413297.0 18409682.0 18420024.0 18405805.0 18414886.0 18405985.0 18422804.0 18424852.0 18424255.0
156 18674124.0 18666023.0 18661823.0 18645473.0 18656499.0 18638621.0 18653705.0 18639922.0 18650084.0 18637474.0 18653812.0 18640109.0 18658365.0 18660624.0 18662586.0 18640862.0 18669863.0 18655253.0 18657605.0 18651926.0 18633885.0 18651831.0 18629315.0 18642706.0 18633153.0 18645925.0 18629536.0 18643262.0 18631037.0 18650418.0 18647591.0 18645597.0
159 18939185.0 18930674.0 18925849.0 18912417.0 18920158.0 18905349.0 18916183.0 18909650.0 18913314.0 18910396.0 18914129.0 18914480.0 18920534.0 18919329.0 18922577.0 18909204.0 18931140.0 18914507.0 18916795.0 18909646.0 18897345.0 18907236.0 18891725.0 18900450.0 18895455.0 18900902.0 18891220.0 18899188.0 18893457.0 18904892.0 18900396.0 18899178.0
162 19141982.0 19139062.0 19137509.0 19134943.0 19136003.0 19133296.0 19135024.0 19134159.0 19134078.0 19134217.0 19134270.0 19136646.0 19135698.0 19135288.0 19135699.0 19136077.0 19137651.0 19133713.0 19135074.0 19132496.0 19132105.0 19132037.0 19130171.0 19130123.0 19131266.0 19130755.0 19129300.0 19130060.0 19130521.0 19131259.0 19131120.0 19130569.0
165 19198538.0 19183904.0 19178092.0 19125231.0 19169371.0 19083906.0 19146054.0 19080546.0 19143313.0 19080086.0 19142321.0 19091983.0 19158621.0 19145567.0 19145089.0 19104342.0 19143911.0 19120626.0 19126224.0 19101697.0 19074545.0 19090626.0 19070365.0 19075734.0 19076335.0 19077921.0 19068392.0 19070083.0 19068905.0 19075494.0 19078668.0 19074955.0
168 17866961.0 17726190.0 17790385.0 16792242.0 17657790.0 16373845.0 17595244.0 16343555.0 17229441.0 16372248.0 17302464.0 16494991.0 17292950.0 17294970.0 17340091.0 16923831.0 17484460.0 17122489.0 17439761.0 17155375.0 16561476.0 16977790.0 16503892.0 16995950.0 16661048.0 16965920.0 16551947.0 16926410.0 16558459.0 17031745.0 17149401.0 17099296.0
171 11647931.0 11598709.0 11650092.0 11472187.0 11614174.0 11339911.0 11652614.0 11323291.0 11500628.0 11368889.0 11548873.0 11431391.0 11559093.0 11574462.0 11638681.0 11697358.0 11719108.0 11523542.0 11767048.0 11551128.0 11491135.0 11444869.0 11468815.0 11470141.0 11586228.0 11424921.0 11485093.0 11412372.0 11476945.0 11474481.0 11533361.0 11477077.0
174 9795959.0 9776370.0 9821709.0 9723950.0 9812931.0 9616367.0 9856797.0 9599780.0 9701841.0 9645156.0 9752054.0 9689778.0 9750455.0 9770388.0 9826636.0 9941476.0 9908300.0 9708448.0 9962099.0 9737657.0 9764659.0 9617924.0 9757383.0 9655902.0 9853304.0 9594528.0 9772632.0 9582206.0 9749225.0 9645619.0 9720911.0 9651335.0
177 9975572.0 9963283.0 10023223.0 10135086.0 10031365.0 10006689.0 10108669.0 9997603.0 9991887.0 10050400.0 10045997.0 10094036.0 10034803.0 10068452.0 10140906.0 10385031.0 10210163.0 10017938.0 10258098.0 10056304.0 10185088.0 9935059.0 10168266.0 9994438.0 10282405.0 9906203.0 10189688.0 9893323.0 10160640.0 9943125.0 9995859.0 9918358.0
180 7143711.0 7143984.0 7220102.0 7434846.0 7244392.0 7269173.0 7358516.0 7246804.0 7205617.0 7308550.0 7271988.0 7347492.0 7238066.0 7292882.0 7383293.0 7757725.0 7478507.0 7232933.0 7539335.0 7290165.0 7456058.0 7132894.0 7445101.0 7230394.0 7573885.0 7111580.0 7478302.0 7104802.0 7426562.0 7164043.0 7238451.0 7137725.0
183 68192.0 75359.0 65689.0 75045.0 71257.0 119547.0 73013.0 71913.0 88046.0 78463.0 77055.0 73504.0 86619.0 72430.0 82696.0 92997.0 87929.0 68370.0 202219.0 62761.0 60973.0 74921.0 119411.0 64194.0 68095.0 73933.0 86485.0 78045.0 74078.0 79078.0 70437.0 68461.0
186 68413.0 74915.0 64742.0 73037.0 69840.0 117301.0 71354.0 71524.0 87965.0 77352.0 76566.0 73380.0 85780.0 71811.0 81254.0 85837.0 87900.0 67158.0 196997.0 60931.0 58876.0 74563.0 116413.0 63592.0 62608.0 73602.0 82966.0 77067.0 70883.0 78598.0 67459.0 68369.0
189 67964.0 74871.0 64499.0 73350.0 69659.0 117950.0 71394.0 71561.0 87705.0 77851.0 76593.0 73466.0 84812.0 71842.0 81765.0 86521.0 86347.0 66431.0 195731.0 60527.0 59116.0 73689.0 115868.0 62968.0 62777.0 73237.0 83258.0 76432.0 70775.0 78629.0 67710.0 67876.0
192 66626.0 74922.0 64403.0 72913.0 69478.0 114889.0 71391.0 71111.0 87229.0 77776.0 76362.0 72673.0 83106.0 71017.0 81178.0 86023.0 85225.0 66597.0 194456.0 60066.0 59169.0 73159.0 116271.0 63244.0 62363.0 74284.0 82838.0 76644.0 70965.0 78006.0 67595.0 67549.0
195 60189.0 73384.0 62497.0 72105.0 68242.0 110057.0 69881.0 69941.0 86937.0 77004.0 74918.0 72816.0 79648.0 69112.0 81202.0 85931.0 83057.0 65072.0 188210.0 57625.0 57876.0 70294.0 115880.0 60998.0 59545.0 72902.0 81916.0 74165.0 68543.0 76015.0 66629.0 66502.0
198 40442.0 66897.0 55171.0 68251.0 63067.0 85231.0 66879.0 64760.0 85030.0 73791.0 70623.0 71162.0 66387.0 60353.0 79405.0 84632.0 67923.0 57599.0 157664.0 47113.0 52153.0 57612.0 109273.0 54058.0 50411.0 70934.0 74809.0 66308.0 60350.0 71188.0 61815.0 59719.0
201 13284.0 44009.0 33848.0 50686.0 44189.0 34937.0 53787.0 45289.0 78479.0 63371.0 51709.0 63669.0 36659.0 38929.0 72244.0 78461.0 35529.0 36730.0 80946.0 24247.0 33697.0 29320.0 83494.0 33794.0 28062.0 58918.0 52739.0 46573.0 39037.0 51240.0 45808.0 41123.0
204 3039.0 16651.0 11865.0 22200.0 19039.0 8757.0 27771.0 18825.0 55402.0 38903.0 23271.0 42677.0 12218.0 15524.0 51486.0 56028.0 9418.0 14346.0 22173.0 6721.0 12204.0 8162.0 38616.0 12334.0 8561.0 32394.0 22296.0 21524.0 14642.0 22281.0 21099.0 17954.0
207 1539.0 4029.0 2869.0 5376.0 4853.0 3168.0 7662.0 4485.0 22089.0 13767.0 5764.0 15922.0 3255.0 3781.0 21122.0 24178.0 2632.0 3532.0 6419.0 1840.0 2779.0 2207.0 9893.0 3125.0 2112.0 9667.0 5680.0 6056.0 3469.0 5318.0 5339.0 4763.0
210 1282.0 1947.0 1497.0 2095.0 1879.0 2358.0 2444.0 1934.0 6016.0 3810.0 2179.0 4080.0 1803.0 1827.0 5672.0 6911.0 1927.0 1597.0 4502.0 1245.0 1468.0 1645.0 3706.0 1508.0 1326.0 2942.0 2252.0 2200.0 1745.0 2179.0 2022.0 1912.0
213 1070.0 1542.0 1258.0 1489.0 1486.0 1951.0 1599.0 1410.0 2512.0 1885.0 1563.0 1811.0 1483.0 1355.0 2286.0 2530.0 1575.0 1281.0 3702.0 1052.0 1171.0 1388.0 2751.0 1336.0 1085.0 1834.0 1746.0 1669.0 1437.0 1705.0 1339.0 1434.0
216 808.0 1221.0 961.0 1330.0 1135.0 1487.0 1308.0 1137.0 1913.0 1448.0 1354.0 1506.0 1213.0 1130.0 1878.0 1913.0 1332.0 1038.0 3011.0 832.0 973.0 1093.0 2322.0 989.0 884.0 1548.0 1463.0 1345.0 1138.0 1422.0 1182.0 1174.0
219 730.0 1006.0 749.0 1023.0 948.0 1238.0 1105.0 986.0 1599.0 1231.0 1103.0 1300.0 1034.0 966.0 1594.0 1577.0 1005.0 829.0 2423.0 668.0 784.0 866.0 2019.0 719.0 660.0 1286.0 1154.0 1138.0 920.0 1138.0 923.0 1014.0
222 716.0 913.0 727.0 950.0 854.0 1103.0 960.0 835.0 1322.0 1049.0 932.0 1039.0 894.0 760.0 1305.0 1271.0 1022.0 694.0 2167.0 718.0 690.0 875.0 1688.0 726.0 612.0 1097.0 983.0 1007.0 803.0 1001.0 837.0 854.0
225 637.0 941.0 676.0 853.0 759.0 1074.0 913.0 720.0 1195.0 899.0 937.0 895.0 828.0 868.0 1122.0 1095.0 939.0 712.0 2279.0 561.0 650.0 832.0 1587.0 642.0 574.0 931.0 936.0 938.0 756.0 1021.0 763.0 858.0
228 650.0 909.0 660.0 861.0 717.0 1041.0 855.0 757.0 1168.0 951.0 864.0 874.0 789.0 765.0 1092.0 1133.0 853.0 673.0 2198.0 568.0 667.0 776.0 1492.0 638.0 517.0 916.0 952.0 914.0 734.0 939.0 740.0 816.0
231 618.0 848.0 615.0 773.0 737.0 1002.0 820.0 685.0 1125.0 862.0 805.0 873.0 826.0 764.0 1076.0 1080.0 883.0 654.0 2023.0 542.0 586.0 754.0 1427.0 621.0 538.0 941.0 829.0 842.0 683.0 979.0 733.0 846.0
234 410.0 770.0 587.0 739.0 734.0 819.0 808.0 705.0 1101.0 844.0 870.0 828.0 742.0 680.0 1031.0 1058.0 770.0 644.0 1816.0 475.0 554.0 657.0 1442.0 618.0 444.0 893.0 810.0 842.0 712.0 885.0 723.0 660.0
237 245.0 749.0 481.0 771.0 635.0 586.0 695.0 695.0 1182.0 833.0 808.0 857.0 556.0 572.0 1003.0 999.0 588.0 504.0 1320.0 375.0 512.0 511.0 1334.0 523.0 382.0 891.0 745.0 737.0 588.0 847.0 608.0 671.0
240 121.0 519.0 331.0 580.0 485.0 319.0 646.0 540.0 978.0 757.0 672.0 772.0 394.0 486.0 914.0 945.0 294.0 385.0 733.0 217.0 400.0 314.0 1172.0 395.0 174.0 831.0 598.0 588.0 414.0 622.0 569.0 523.0
243 26.0 330.0 190.0 357.0 334.0 119.0 440.0 351.0 905.0 613.0 468.0 721.0 192.0 322.0 896.0 845.0 124.0 219.0 264.0 92.0 215.0 163.0 839.0 198.0 94.0 623.0 331.0 424.0 217.0 422.0 381.0 367.0
246 20.0 134.0 72.0 167.0 163.0 52.0 282.0 176.0 728.0 466.0 227.0 527.0 92.0 139.0 743.0 689.0 39.0 114.0 94.0 38.0 92.0 58.0 442.0 84.0 35.0 430.0 152.0 222.0 114.0 224.0 191.0 190.0
249 13.0 49.0 25.0 62.0 49.0 24.0 81.0 51.0 429.0 225.0 89.0 299.0 27.0 61.0 396.0 366.0 25.0 36.0 48.0 4.0 28.0 16.0 151.0 35.0 17.0 188.0 53.0 84.0 36.0 69.0 56.0 75.0
252 9.0 22.0 17.0 27.0 23.0 33.0 36.0 29.0 162.0 109.0 35.0 115.0 22.0 16.0 217.0 163.0 26.0 18.0 53.0 12.0 17.0 17.0 57.0 17.0 14.0 71.0 34.0 43.0 21.0 31.0 19.0 41.0
255 11.0 17.0 18.0 17.0 17.0 23.0 17.0 19.0 64.0 34.0 28.0 46.0 25.0 18.0 72.0 61.0 15.0 19.0 35.0 7.0 10.0 18.0 32.0 21.0 13.0 36.0 19.0 20.0 21.0 28.0 23.0 19.0
258 11.0 25.0 12.0 19.0 25.0 20.0 18.0 16.0 54.0 23.0 20.0 39.0 18.0 22.0 63.0 39.0 14.0 18.0 42.0 14.0 16.0 12.0 50.0 14.0 8.0 26.0 27.0 25.0 13.0 29.0 20.0 24.0
261 10.0 19.0 13.0 14.0 15.0 15.0 17.0 10.0 23.0 19.0 29.0 19.0 13.0 17.0 26.0 22.0 12.0 9.0 42.0 11.0 13.0 17.0 29.0 11.0 10.0 28.0 17.0 24.0 11.0 24.0 14.0 21.0
264 13.0 22.0 10.0 15.0 11.0 14.0 19.0 8.0 29.0 27.0 25.0 15.0 17.0 17.0 20.0 24.0 16.0 6.0 39.0 10.0 14.0 19.0 37.0 14.0 10.0 18.0 16.0 21.0 17.0 18.0 13.0 11.0
267 14.0 17.0 11.0 21.0 15.0 6.0 17.0 17.0 21.0 13.0 5.0 16.0 15.0 15.0 27.0 17.0 14.0 11.0 29.0 16.0 10.0 9.0 33.0 6.0 7.0 18.0 14.0 20.0 12.0 13.0 13.0 12.0
270 6.0 16.0 16.0 8.0 11.0 11.0 18.0 9.0 17.0 21.0 14.0 13.0 9.0 15.0 23.0 19.0 10.0 8.0 32.0 9.0 12.0 5.0 32.0 6.0 8.0 27.0 15.0 11.0 14.0 21.0 9.0 12.0
273 9.0 13.0 12.0 12.0 11.0 15.0 17.0 7.0 16.0 19.0 19.0 17.0 13.0 12.0 18.0 21.0 11.0 4.0 20.0 9.0 10.0 5.0 31.0 6.0 7.0 18.0 15.0 16.0 16.0 15.0 11.0 16.0
276 4.0 14.0 8.0 10.0 8.0 8.0 15.0 8.0 29.0 13.0 16.0 18.0 8.0 7.0 17.0 23.0 14.0 9.0 22.0 5.0 11.0 9.0 22.0 5.0 4.0 19.0 8.0 11.0 14.0 19.0 10.0 13.0
279 1.0 11.0 8.0 7.0 12.0 4.0 8.0 4.0 28.0 14.0 11.0 13.0 11.0 15.0 17.0 16.0 10.0 3.0 8.0 1.0 7.0 5.0 27.0 8.0 2.0 20.0 17.0 17.0 10.0 12.0 12.0 9.0
282 1.0 6.0 6.0 8.0 8.0 7.0 9.0 7.0 19.0 9.0 9.0 20.0 9.0 4.0 17.0 13.0 6.0 4.0 11.0 3.0 7.0 4.0 16.0 5.0 3.0 15.0 8.0 9.0 8.0 10.0 14.0 8.0
285 1.0 6.0 3.0 9.0 3.0 2.0 12.0 12.0 10.0 11.0 12.0 12.0 4.0 6.0 14.0 16.0 1.0 1.0 2.0 2.0 0.0 1.0 21.0 4.0 1.0 11.0 2.0 10.0 2.0 9.0 1.0 6.0
288 1.0 3.0 2.0 7.0 5.0 3.0 4.0 4.0 7.0 6.0 8.0 12.0 3.0 1.0 14.0 21.0 1.0 4.0 3.0 1.0 1.0 4.0 14.0 0.0 2.0 15.0 2.0 6.0 2.0 3.0 6.0 3.0
291 1.0 1.0 0.0 0.0 0.0 1.0 3.0 2.0 7.0 4.0 3.0 8.0 0.0 0.0 13.0 7.0 1.0 2.0 2.0 1.0 0.0 2.0 2.0 1.0 0.0 7.0 1.0 1.0 1.0 0.0 4.0 2.0
294 2.0 0.0 0.0 1.0 1.0 2.0 4.0 0.0 6.0 3.0 2.0 3.0 0.0 3.0 10.0 4.0 1.0 0.0 1.0 2.0 0.0 0.0 3.0 0.0 1.0 1.0 0.0 4.0 0.0 3.0 2.0 0.0
297 1.0 0.0 1.0 1.0 2.0 0.0 1.0 0.0 5.0 2.0 2.0 2.0 0.0 0.0 7.0 1.0 0.0 0.0 2.0 0.0 0.0 1.0 1.0 1.0 2.0 2.0 0.0 0.0 2.0 1.0 1.0 0.0
300 0.0 1.0 2.0 3.0 4.0 0.0 0.0 0.0 1.0 0.0 0.0 0.0 4.0 1.0 2.0 0.0 0.0 0.0 4.0 0.0 1.0 1.0 0.0 4.0 0.0 0.0 1.0 0.0 0.0 0.0 1.0 2.0
303 0.0 0.0 2.0 2.0 0.0 0.0 1.0 0.0 2.0 0.0 2.0 1.0 1.0 2.0 1.0 2.0 0.0 1.0 0.0 0.0 2.0 2.0 0.0 0.0 0.0 1.0 0.0 1.0 2.0 0.0 1.0 3.0
306 0.0 1.0 1.0 0.0 3.0 0.0 0.0 1.0 0.0 4.0 0.0 1.0 0.0 0.0 1.0 2.0 1.0 1.0 2.0 1.0 0.0 1.0 1.0 1.0 1.0 0.0 2.0 0.0 0.0 0.0 0.0 0.0
309 2.0 2.0 2.0 1.0 1.0 0.0 2.0 0.0 1.0 1.0 0.0 1.0 2.0 0.0 2.0 0.0 1.0 0.0 1.0 1.0 0.0 2.0 2.0 1.0 0.0 1.0 2.0 2.0 0.0 2.0 2.0 1.0
312 0.0 0.0 0.0 1.0 1.0 0.0 1.0 0.0 0.0 0.0 1.0 1.0 0.0 1.0 0.0 0.0 0.0 2.0 1.0 0.0 1.0 0.0 0.0 1.0 1.0 0.0 1.0 0.0 0.0 2.0 0.0 0.0
315 2.0 2.0 0.0 0.0 1.0 1.0 1.0 3.0 0.0 2.0 1.0 1.0 1.0 1.0 1.0 0.0 0.0 0.0 0.0 2.0 0.0 1.0 2.0 1.0 1.0 2.0 0.0 1.0 3.0 0.0 1.0 3.0
318 0.0 0.0 1.0 1.0 0.0 0.0 1.0 1.0 1.0 0.0 1.0 0.0 0.0 0.0 0.0 0.0 0.0 0.0 0.0 0.0 2.0 0.0 0.0 0.0 0.0 1.0 1.0 0.0 0.0 1.0 1.0 0.0
321 0.0 0.0 0.0 1.0 0.0 0.0 0.0 0.0 2.0 1.0 1.0 0.0 0.0 0.0 2.0 1.0 0.0 0.0 1.0 0.0 0.0 0.0 1.0 0.0 0.0 0.0 0.0 0.0 1.0 0.0 0.0 0.0
324 0.0 1.0 1.0 1.0 1.0 0.0 0.0 2.0 1.0 2.0 2.0 2.0 0.0 0.0 1.0 2.0 0.0 0.0 0.0 1.0 0.0 2.0 1.0 0.0 1.0 2.0 1.0 1.0 1.0 0.0 0.0 1.0
327 1.0 0.0 0.0 1.0 0.0 0.0 2.0 0.0 0.0 0.0 0.0 0.0 0.0 0.0 0.0 0.0 1.0 0.0 0.0 0.0 0.0 0.0 2.0 0.0 0.0 0.0 1.0 0.0 0.0 0.0 0.0 0.0
330 0.0 1.0 2.0 0.0 0.0 1.0 1.0 1.0 1.0 2.0 0.0 0.0 1.0 1.0 1.0 1.0 0.0 2.0 0.0 1.0 0.0 4.0 3.0 1.0 0.0 1.0 3.0 0.0 0.0 1.0 3.0 0.0
333 1.0 0.0 0.0 1.0 2.0 0.0 1.0 1.0 1.0 2.0 0.0 0.0 0.0 0.0 0.0 0.0 0.0 0.0 1.0 1.0 0.0 0.0 0.0 1.0 0.0 1.0 0.0 0.0 0.0 0.0 0.0 0.0
336 1.0 0.0 1.0 2.0 0.0 0.0 1.0 1.0 0.0 0.0 0.0 1.0 1.0 1.0 1.0 0.0 0.0 1.0 0.0 0.0 0.0 1.0 2.0 2.0 0.0 1.0 0.0 2.0 0.0 1.0 1.0 2.0
339 1.0 1.0 1.0 0.0 2.0 2.0 3.0 2.0 2.0 0.0 0.0 0.0 2.0 0.0 0.0 0.0 0.0 0.0 2.0 1.0 0.0 0.0 1.0 1.0 2.0 0.0 1.0 3.0 0.0 1.0 1.0 0.0
342 0.0 0.0 0.0 0.0 0.0 0.0 0.0 0.0 0.0 1.0 0.0 0.0 0.0 0.0 0.0 0.0 1.0 1.0 2.0 0.0 0.0 0.0 0.0 0.0 0.0 0.0 1.0 0.0 0.0 0.0 0.0 0.0
345 0.0 0.0 0.0 1.0 0.0 1.0 0.0 1.0 0.0 1.0 1.0 1.0 0.0 1.0 1.0 0.0 1.0 0.0 0.0 1.0 1.0 0.0 0.0 1.0 2.0 0.0 1.0 1.0 0.0 1.0 0.0 0.0
348 1.0 1.0 1.0 0.0 0.0 0.0 1.0 0.0 0.0 2.0 0.0 0.0 0.0 0.0 0.0 0.0 0.0 1.0 0.0 1.0 2.0 1.0 0.0 0.0 0.0 0.0 0.0 0.0 0.0 2.0 0.0 0.0
351 1.0 0.0 0.0 0.0 0.0 3.0 0.0 2.0 0.0 1.0 1.0 1.0 0.0 0.0 0.0 0.0 1.0 0.0 0.0 0.0 1.0 2.0 0.0 2.0 0.0 3.0 4.0 2.0 1.0 1.0 0.0 1.0
354 1.0 0.0 0.0 1.0 0.0 0.0 1.0 0.0 1.0 0.0 0.0 0.0 1.0 0.0 0.0 1.0 0.0 0.0 1.0 1.0 0.0 1.0 1.0 1.0 0.0 0.0 0.0 0.0 0.0 0.0 0.0 1.0
357 2.0 2.0 0.0 0.0 0.0 1.0 1.0 0.0 0.0 1.0 1.0 1.0 0.0 2.0 1.0 1.0 1.0 1.0 0.0 2.0 1.0 1.0 0.0 1.0 0.0 0.0 1.0 0.0 1.0 0.0 3.0 0.0
