150 17460894.0 17457151.0 17455023.0 17445208.0 17455293.0 17444604.0 17453279.0 17444855.0 17450433.0 17443781.0 17456525.0 17445018.0 17460128.0 17456792.0 17456287.0 17444009.0 17456211.0 17455813.0 17453632.0 17451725.0 17439410.0 17453137.0 17441968.0 17450314.0 17441558.0 17450061.0 17438904.0 17454463.0 17439150.0 17450889.0 17455034.0 17457442.0
153 17857674.0 17855028.0 17851623.0 17846800.0 17851819.0 17846497.0 17850248.0 17846632.0 17849016.0 17846281.0 17850471.0 17846612.0 17851948.0 17849553.0 17850457.0 17846765.0 17850677.0 17849342.0 17850055.0 17848938.0 17845649.0 17849123.0 17845990.0 17848351.0 17845925.0 17848908.0 17845656.0 17849746.0 17845520.0 17849118.0 17850219.0 17851145.0
156 18117155.0 18111606.0 18101719.0 18090538.0 18100976.0 18090135.0 18097991.0 18090867.0 18094666.0 18090234.0 18098500.0 18092062.0 18101739.0 18096037.0 18097514.0 18093302.0 18097905.0 18095077.0 18095477.0 18094337.0 18090409.0 18094260.0 18090073.0 18092764.0 18090116.0 18093163.0 18089528.0 18094676.0 18089299.0 18093100.0 18095112.0 18096543.0
159 18423290.0 18423148.0 18417664.0 18408039.0 18417063.0 18407552.0 18414845.0 18408270.0 18411853.0 18407654.0 18415421.0 18409099.0 18418304.0 18412722.0 18414405.0 18410125.0 18414243.0 18411533.0 18412347.0 18410984.0 18407410.0 18410807.0 18407327.0 18409419.0 18406969.0 18409913.0 18406839.0 18410909.0 18406633.0 18410004.0 18411318.0 18412457.0
162 18999231.0 18999593.0 18998161.0 18996375.0 18998235.0 18996124.0 18998066.0 18996030.0 18997265.0 18995525.0 18999196.0 18995664.0 18999903.0 18998650.0 18998827.0 18995420.0 18998424.0 18999255.0 18997493.0 18998118.0 18994596.0 18998383.0 18994770.0 18998183.0 18994323.0 18997241.0 18994565.0 18999566.0 18994427.0 18998110.0 18999219.0 18999132.0
165 19143514.0 19144083.0 19141010.0 19138150.0 19140691.0 19137876.0 19140207.0 19138113.0 19138351.0 19137563.0 19140184.0 19138141.0 19141432.0 19138196.0 19139263.0 19137596.0 19139154.0 19137923.0 19137997.0 19137578.0 19135401.0 19137375.0 19135837.0 19136644.0 19135324.0 19136468.0 19135127.0 19137172.0 19135030.0 19136678.0 19137256.0 19137650.0
168 19118469.0 19121437.0 19112312.0 19093778.0 19106868.0 19085844.0 19103522.0 19088374.0 19092373.0 19084334.0 19099616.0 19090334.0 19099433.0 19086359.0 19087312.0 19086092.0 19088340.0 19083646.0 19081199.0 19077740.0 19072871.0 19076291.0 19071842.0 19071767.0 19071409.0 19069800.0 19068343.0 19072268.0 19067603.0 19069115.0 19071654.0 19073512.0
171 18540005.0 18547099.0 18550106.0 18393267.0 18519172.0 18345695.0 18526881.0 18392410.0 18479015.0 18348993.0 18527785.0 18416581.0 18525077.0 18460731.0 18465095.0 18484391.0 18488593.0 18486327.0 18446025.0 18443186.0 18398708.0 18440024.0 18352429.0 18426601.0 18379335.0 18408427.0 18356184.0 18441842.0 18338923.0 18406825.0 18442624.0 18457381.0
174 10954040.0 11052640.0 11195426.0 10874314.0 11099503.0 10826926.0 11322356.0 11159638.0 11096991.0 10973083.0 11493307.0 11401828.0 11421903.0 11099662.0 11176736.0 11888879.0 11306708.0 11458903.0 11022489.0 11136247.0 11439591.0 11143318.0 11135541.0 11112895.0 11362028.0 10853883.0 11191906.0 11193537.0 10916873.0 10857680.0 11146767.0 11151392.0
177 9964027.0 10054443.0 10175724.0 10006851.0 10105667.0 9980872.0 10317312.0 10311514.0 10090329.0 10107026.0 10461392.0 10524323.0 10373165.0 10065028.0 10150924.0 10978188.0 10284430.0 10416007.0 9994728.0 10106700.0 10585241.0 10111092.0 10277600.0 10091536.0 10510564.0 9822808.0 10369238.0 10156172.0 10059243.0 9816800.0 10092049.0 10058544.0
180 8338794.0 8424410.0 8529884.0 8484930.0 8490753.0 8456565.0 8687610.0 8772033.0 8490721.0 8567573.0 8821936.0 8965405.0 8741484.0 8463608.0 8564125.0 9379394.0 8678737.0 8790593.0 8406704.0 8514033.0 9020375.0 8520692.0 8711139.0 8510415.0 8944926.0 8245513.0 8819729.0 8553626.0 8516742.0 8234183.0 8483212.0 8415533.0
183 167989.0 212119.0 244213.0 194944.0 198866.0 191004.0 247975.0 206611.0 185641.0 214633.0 260872.0 273392.0 209749.0 183160.0 226803.0 379224.0 217058.0 247171.0 191250.0 180151.0 256679.0 223475.0 198617.0 191226.0 362346.0 178606.0 215404.0 248898.0 197636.0 191428.0 221471.0 210255.0
186 114181.0 136311.0 140516.0 132298.0 127987.0 130540.0 118277.0 118505.0 107473.0 141746.0 115358.0 141281.0 124163.0 110867.0 147613.0 146843.0 119252.0 123374.0 122814.0 99374.0 136359.0 119725.0 105843.0 113570.0 248376.0 120882.0 109832.0 157263.0 122262.0 132249.0 136594.0 126306.0
189 113510.0 134954.0 137542.0 131868.0 125284.0 129961.0 113972.0 116793.0 106275.0 141287.0 111087.0 136990.0 123338.0 110195.0 147500.0 132405.0 116956.0 119730.0 122273.0 97760.0 132268.0 116702.0 103375.0 110823.0 241968.0 119630.0 106154.0 153590.0 121073.0 131745.0 133595.0 123097.0
192 106547.0 134342.0 136756.0 130699.0 123031.0 128245.0 113748.0 114883.0 104684.0 139355.0 109189.0 136617.0 123719.0 107670.0 144717.0 131013.0 115284.0 117202.0 120869.0 93157.0 130547.0 116441.0 99464.0 108667.0 237059.0 117926.0 102767.0 145395.0 119245.0 129645.0 132524.0 121661.0
195 84091.0 133984.0 133537.0 129275.0 113369.0 124479.0 112307.0 107435.0 98413.0 138088.0 106893.0 136493.0 121584.0 103882.0 143750.0 130331.0 110805.0 107502.0 116842.0 78624.0 126875.0 115568.0 89959.0 98862.0 220726.0 113111.0 94372.0 117743.0 114509.0 125056.0 126852.0 120359.0
198 40037.0 132301.0 120949.0 121296.0 80121.0 106075.0 108921.0 82527.0 73589.0 129535.0 92775.0 134084.0 119557.0 83995.0 135215.0 121696.0 95178.0 79022.0 98916.0 46676.0 111362.0 109718.0 61254.0 66790.0 159054.0 94389.0 66985.0 60312.0 97340.0 106035.0 106943.0 112730.0
201 8353.0 125213.0 80397.0 92142.0 32474.0 56418.0 89802.0 34627.0 29015.0 94974.0 59178.0 124020.0 104421.0 39932.0 100084.0 87150.0 58632.0 32030.0 55797.0 14264.0 67046.0 88482.0 21383.0 22868.0 64056.0 49180.0 26599.0 13966.0 58009.0 59259.0 58753.0 83448.0
204 2767.0 99999.0 31086.0 48562.0 8342.0 16903.0 49813.0 8695.0 6669.0 46046.0 24612.0 92400.0 67948.0 10423.0 46725.0 40532.0 23666.0 8550.0 17775.0 3768.0 22850.0 48020.0 5025.0 5335.0 17608.0 14630.0 6546.0 4152.0 22203.0 18915.0 18252.0 40429.0
207 2075.0 53527.0 7555.0 14781.0 3140.0 4390.0 15555.0 2908.0 2591.0 13599.0 6398.0 42657.0 25738.0 3118.0 12183.0 10607.0 6217.0 2915.0 4536.0 1915.0 5389.0 14256.0 2237.0 2470.0 6530.0 3990.0 2495.0 2982.0 5996.0 4886.0 4613.0 11100.0
210 1589.0 13979.0 3273.0 4171.0 2345.0 2765.0 3763.0 2256.0 1889.0 3963.0 2538.0 9908.0 5728.0 2225.0 4130.0 3375.0 2646.0 2200.0 2591.0 1503.0 2914.0 3535.0 1804.0 1973.0 4799.0 2504.0 1929.0 2447.0 2647.0 2860.0 2713.0 3372.0
213 1253.0 4367.0 2539.0 2844.0 1819.0 2335.0 2397.0 1876.0 1549.0 2886.0 1942.0 3777.0 2964.0 1875.0 3192.0 2637.0 2086.0 1769.0 2103.0 1182.0 2524.0 2385.0 1379.0 1632.0 3236.0 2164.0 1480.0 1808.0 2141.0 2345.0 2323.0 2592.0
216 1030.0 3024.0 2057.0 2308.0 1446.0 1783.0 2023.0 1466.0 1266.0 2343.0 1511.0 2890.0 2503.0 1397.0 2661.0 2116.0 1687.0 1304.0 1746.0 932.0 1891.0 2052.0 1086.0 1303.0 2863.0 1747.0 1167.0 1442.0 1656.0 1943.0 1882.0 1970.0
219 931.0 2576.0 1665.0 1967.0 1207.0 1559.0 1655.0 1187.0 1032.0 1981.0 1210.0 2399.0 1947.0 1197.0 2093.0 1713.0 1315.0 1122.0 1392.0 849.0 1577.0 1644.0 948.0 1122.0 2426.0 1434.0 1011.0 1336.0 1430.0 1624.0 1550.0 1744.0
222 839.0 2019.0 1500.0 1646.0 1149.0 1380.0 1303.0 1161.0 1051.0 1691.0 1118.0 1979.0 1623.0 1096.0 1775.0 1411.0 1111.0 1102.0 1297.0 768.0 1456.0 1344.0 823.0 1039.0 2283.0 1257.0 937.0 1304.0 1242.0 1568.0 1459.0 1518.0
225 786.0 1788.0 1445.0 1517.0 1090.0 1321.0 1199.0 1078.0 968.0 1585.0 970.0 1626.0 1496.0 999.0 1672.0 1252.0 1126.0 1057.0 1206.0 727.0 1341.0 1253.0 855.0 990.0 2173.0 1237.0 880.0 1167.0 1189.0 1477.0 1368.0 1425.0
228 614.0 1668.0 1324.0 1443.0 966.0 1222.0 1207.0 1049.0 861.0 1515.0 989.0 1666.0 1475.0 960.0 1670.0 1219.0 1006.0 930.0 1158.0 580.0 1310.0 1168.0 755.0 899.0 1945.0 1143.0 817.0 872.0 1110.0 1353.0 1295.0 1383.0
231 385.0 1676.0 1277.0 1435.0 848.0 1197.0 1110.0 930.0 761.0 1421.0 901.0 1567.0 1389.0 912.0 1548.0 1200.0 958.0 789.0 1111.0 431.0 1232.0 1200.0 615.0 709.0 1729.0 1086.0 669.0 583.0 1022.0 1275.0 1175.0 1351.0
234 136.0 1612.0 1143.0 1303.0 578.0 957.0 1121.0 628.0 547.0 1362.0 755.0 1522.0 1337.0 724.0 1411.0 1080.0 833.0 541.0 954.0 224.0 1046.0 1051.0 348.0 445.0 1166.0 982.0 427.0 213.0 892.0 1103.0 1073.0 1258.0
237 36.0 1469.0 812.0 1133.0 298.0 647.0 996.0 342.0 298.0 1250.0 587.0 1440.0 1274.0 445.0 1299.0 870.0 637.0 261.0 725.0 92.0 776.0 1005.0 150.0 178.0 660.0 659.0 190.0 66.0 655.0 788.0 688.0 1028.0
240 23.0 1421.0 457.0 893.0 136.0 353.0 746.0 139.0 89.0 845.0 354.0 1369.0 1155.0 164.0 1022.0 575.0 444.0 71.0 395.0 31.0 363.0 756.0 42.0 50.0 225.0 298.0 72.0 24.0 404.0 431.0 331.0 699.0
243 16.0 1199.0 234.0 588.0 52.0 137.0 471.0 50.0 35.0 511.0 154.0 1149.0 927.0 36.0 610.0 281.0 218.0 33.0 166.0 9.0 161.0 521.0 24.0 30.0 80.0 120.0 27.0 32.0 208.0 151.0 112.0 370.0
246 15.0 977.0 71.0 308.0 29.0 50.0 236.0 32.0 28.0 218.0 68.0 804.0 568.0 28.0 249.0 82.0 69.0 23.0 43.0 10.0 36.0 242.0 24.0 22.0 47.0 49.0 20.0 18.0 73.0 48.0 40.0 192.0
249 10.0 570.0 30.0 112.0 21.0 33.0 63.0 14.0 15.0 71.0 19.0 400.0 216.0 36.0 71.0 51.0 26.0 16.0 34.0 11.0 21.0 76.0 6.0 21.0 36.0 27.0 26.0 18.0 38.0 29.0 32.0 55.0
252 9.0 253.0 20.0 46.0 20.0 22.0 31.0 17.0 11.0 28.0 18.0 169.0 83.0 15.0 45.0 30.0 22.0 22.0 32.0 9.0 27.0 25.0 13.0 13.0 30.0 24.0 12.0 19.0 30.0 30.0 31.0 36.0
255 17.0 96.0 26.0 42.0 16.0 18.0 25.0 10.0 10.0 34.0 14.0 65.0 38.0 20.0 46.0 16.0 17.0 13.0 19.0 13.0 22.0 27.0 8.0 15.0 37.0 29.0 14.0 14.0 21.0 29.0 30.0 21.0
258 9.0 66.0 22.0 33.0 8.0 20.0 25.0 19.0 15.0 33.0 16.0 34.0 31.0 17.0 21.0 20.0 17.0 14.0 19.0 9.0 23.0 18.0 6.0 9.0 23.0 18.0 17.0 13.0 20.0 17.0 28.0 22.0
261 7.0 36.0 20.0 22.0 10.0 22.0 20.0 7.0 11.0 20.0 8.0 28.0 34.0 13.0 28.0 25.0 10.0 14.0 20.0 5.0 17.0 19.0 3.0 9.0 21.0 13.0 9.0 8.0 12.0 22.0 10.0 28.0
264 5.0 31.0 26.0 27.0 9.0 12.0 12.0 12.0 7.0 21.0 14.0 25.0 23.0 10.0 26.0 21.0 14.0 9.0 17.0 4.0 21.0 20.0 7.0 13.0 20.0 9.0 8.0 7.0 16.0 21.0 15.0 18.0
267 2.0 35.0 16.0 30.0 7.0 17.0 19.0 7.0 9.0 20.0 8.0 22.0 23.0 9.0 23.0 15.0 8.0 8.0 11.0 3.0 15.0 16.0 6.0 3.0 13.0 12.0 10.0 4.0 11.0 13.0 12.0 21.0
270 2.0 27.0 19.0 24.0 5.0 19.0 15.0 6.0 5.0 15.0 9.0 35.0 27.0 7.0 23.0 22.0 8.0 5.0 15.0 3.0 18.0 21.0 4.0 5.0 11.0 11.0 6.0 0.0 11.0 22.0 18.0 19.0
273 1.0 34.0 13.0 21.0 7.0 10.0 19.0 4.0 3.0 20.0 7.0 29.0 25.0 6.0 16.0 15.0 7.0 5.0 10.0 1.0 8.0 25.0 3.0 2.0 6.0 7.0 4.0 2.0 9.0 14.0 13.0 22.0
276 1.0 23.0 3.0 17.0 3.0 4.0 15.0 2.0 1.0 18.0 4.0 21.0 16.0 4.0 27.0 12.0 9.0 1.0 3.0 0.0 7.0 11.0 0.0 1.0 5.0 11.0 2.0 0.0 4.0 4.0 9.0 13.0
279 0.0 23.0 0.0 13.0 3.0 7.0 6.0 1.0 2.0 18.0 4.0 25.0 20.0 1.0 20.0 9.0 6.0 0.0 2.0 0.0 5.0 14.0 0.0 0.0 0.0 5.0 0.0 1.0 7.0 3.0 1.0 9.0
282 0.0 17.0 2.0 12.0 0.0 3.0 5.0 0.0 3.0 3.0 2.0 23.0 16.0 0.0 7.0 2.0 6.0 1.0 1.0 0.0 1.0 8.0 1.0 0.0 0.0 0.0 0.0 0.0 4.0 2.0 0.0 5.0
285 0.0 8.0 1.0 2.0 0.0 2.0 3.0 1.0 0.0 6.0 1.0 15.0 12.0 2.0 1.0 3.0 1.0 1.0 2.0 1.0 0.0 6.0 0.0 1.0 1.0 2.0 1.0 0.0 5.0 0.0 1.0 2.0
288 0.0 13.0 0.0 1.0 0.0 0.0 3.0 0.0 0.0 2.0 0.0 8.0 4.0 1.0 2.0 0.0 2.0 0.0 1.0 0.0 1.0 1.0 0.0 1.0 1.0 0.0 1.0 0.0 0.0 0.0 2.0 2.0
291 0.0 14.0 0.0 0.0 1.0 0.0 2.0 1.0 1.0 0.0 1.0 9.0 1.0 0.0 2.0 2.0 1.0 0.0 1.0 0.0 0.0 1.0 1.0 0.0 0.0 0.0 2.0 0.0 0.0 1.0 1.0 0.0
294 0.0 5.0 1.0 1.0 0.0 0.0 1.0 1.0 1.0 0.0 0.0 4.0 1.0 2.0 0.0 1.0 0.0 0.0 1.0 0.0 0.0 1.0 0.0 2.0 2.0 0.0 1.0 2.0 1.0 1.0 1.0 0.0
297 0.0 4.0 0.0 0.0 0.0 1.0 3.0 0.0 0.0 0.0 1.0 1.0 0.0 0.0 1.0 1.0 0.0 0.0 0.0 1.0 0.0 1.0 0.0 0.0 0.0 0.0 0.0 0.0 1.0 0.0 1.0 0.0
300 0.0 1.0 1.0 0.0 0.0 1.0 0.0 2.0 1.0 0.0 0.0 2.0 0.0 2.0 1.0 0.0 0.0 0.0 0.0 2.0 0.0 1.0 0.0 0.0 0.0 0.0 0.0 1.0 0.0 1.0 0.0 1.0
303 0.0 0.0 1.0 2.0 0.0 1.0 0.0 0.0 0.0 0.0 0.0 0.0 1.0 1.0 0.0 0.0 0.0 0.0 0.0 0.0 0.0 2.0 0.0 0.0 1.0 0.0 1.0 0.0 0.0 0.0 0.0 0.0
306 2.0 1.0 0.0 4.0 0.0 0.0 0.0 0.0 0.0 1.0 1.0 1.0 1.0 0.0 1.0 0.0 1.0 0.0 1.0 0.0 2.0 0.0 1.0 2.0 1.0 0.0 0.0 0.0 0.0 0.0 0.0 1.0
309 0.0 0.0 1.0 1.0 1.0 1.0 0.0 0.0 1.0 0.0 1.0 1.0 0.0 0.0 1.0 1.0 0.0 0.0 0.0 0.0 0.0 0.0 0.0 0.0 0.0 0.0 0.0 1.0 0.0 1.0 0.0 0.0
312 0.0 1.0 0.0 0.0 0.0 2.0 0.0 0.0 0.0 1.0 0.0 1.0 0.0 0.0 0.0 0.0 0.0 0.0 0.0 0.0 0.0 0.0 0.0 0.0 0.0 0.0 0.0 0.0 0.0 0.0 1.0 0.0
315 0.0 0.0 0.0 1.0 0.0 0.0 1.0 0.0 0.0 0.0 0.0 2.0 1.0 0.0 1.0 0.0 2.0 0.0 2.0 0.0 2.0 1.0 1.0 0.0 1.0 1.0 1.0 0.0 0.0 0.0 1.0 2.0
318 0.0 1.0 2.0 0.0 0.0 0.0 1.0 0.0 0.0 0.0 0.0 0.0 2.0 1.0 1.0 0.0 0.0 0.0 0.0 0.0 0.0 1.0 0.0 0.0 0.0 0.0 0.0 0.0 0.0 0.0 1.0 0.0
321 1.0 1.0 1.0 0.0 0.0 0.0 0.0 0.0 0.0 1.0 1.0 4.0 1.0 1.0 2.0 0.0 0.0 0.0 0.0 0.0 0.0 0.0 0.0 0.0 0.0 0.0 0.0 0.0 0.0 0.0 0.0 0.0
324 0.0 0.0 0.0 0.0 0.0 0.0 0.0 0.0 0.0 0.0 0.0 1.0 0.0 0.0 0.0 0.0 0.0 1.0 0.0 0.0 0.0 1.0 1.0 0.0 0.0 0.0 0.0 0.0 0.0 0.0 0.0 0.0
327 0.0 0.0 0.0 0.0 0.0 0.0 0.0 0.0 0.0 0.0 0.0 0.0 1.0 0.0 0.0 0.0 1.0 1.0 0.0 0.0 1.0 0.0 1.0 0.0 0.0 0.0 0.0 1.0 0.0 1.0 0.0 0.0
330 0.0 0.0 0.0 0.0 0.0 0.0 0.0 0.0 0.0 0.0 0.0 1.0 1.0 0.0 0.0 0.0 0.0 0.0 0.0 0.0 0.0 0.0 0.0 0.0 0.0 0.0 0.0 0.0 0.0 0.0 0.0 0.0
333 1.0 2.0 2.0 0.0 0.0 0.0 0.0 0.0 0.0 0.0 0.0 0.0 0.0 1.0 1.0 1.0 1.0 1.0 0.0 1.0 0.0 0.0 1.0 0.0 0.0 0.0 0.0 1.0 0.0 0.0 0.0 1.0
336 0.0 0.0 0.0 0.0 1.0 0.0 0.0 1.0 0.0 1.0 0.0 0.0 0.0 0.0 0.0 0.0 0.0 0.0 0.0 0.0 0.0 0.0 0.0 2.0 0.0 0.0 0.0 0.0 1.0 0.0 0.0 0.0
339 0.0 0.0 0.0 0.0 0.0 0.0 0.0 0.0 0.0 0.0 1.0 0.0 0.0 0.0 1.0 0.0 0.0 0.0 0.0 0.0 0.0 0.0 0.0 0.0 0.0 0.0 0.0 0.0 0.0 0.0 0.0 0.0
342 0.0 0.0 0.0 0.0 0.0 1.0 1.0 0.0 1.0 0.0 0.0 0.0 0.0 0.0 0.0 0.0 0.0 0.0 0.0 1.0 0.0 1.0 0.0 1.0 0.0 0.0 2.0 1.0 0.0 1.0 1.0 1.0
345 0.0 0.0 0.0 0.0 0.0 0.0 0.0 0.0 0.0 0.0 0.0 0.0 0.0 0.0 0.0 0.0 0.0 0.0 0.0 0.0 0.0 0.0 0.0 0.0 0.0 0.0 0.0 0.0 0.0 0.0 0.0 0.0
348 0.0 0.0 0.0 1.0 2.0 1.0 0.0 0.0 0.0 0.0 0.0 2.0 0.0 0.0 0.0 0.0 0.0 0.0 0.0 0.0 0.0 0.0 0.0 0.0 0.0 3.0 0.0 0.0 2.0 0.0 1.0 1.0
351 0.0 2.0 0.0 0.0 0.0 0.0 0.0 0.0 0.0 0.0 0.0 0.0 0.0 0.0 0.0 0.0 0.0 0.0 0.0 0.0 0.0 0.0 0.0 1.0 0.0 0.0 0.0 0.0 0.0 0.0 0.0 0.0
354 1.0 0.0 0.0 0.0 0.0 0.0 0.0 0.0 0.0 0.0 0.0 0.0 0.0 1.0 0.0 0.0 0.0 0.0 0.0 0.0 0.0 0.0 0.0 0.0 0.0 0.0 0.0 0.0 0.0 0.0 0.0 0.0
357 1.0 0.0 0.0 0.0 0.0 0.0 0.0 0.0 1.0 0.0 0.0 0.0 0.0 0.0 0.0 0.0 0.0 0.0 1.0 0.0 0.0 1.0 0.0 0.0 1.0 1.0 1.0 0.0 0.0 0.0 0.0 0.0
