150 18409203.0 18406464.0 18399075.0 18385198.0 18397161.0 18383726.0 18395074.0 18384707.0 18392688.0 18381079.0 18395053.0 18384904.0 18396417.0 18394034.0 18393471.0 18384464.0 18393865.0 18393336.0 18392523.0 18388756.0 18381332.0 18391641.0 18380751.0 18387874.0 18381091.0 18388944.0 18380067.0 18389793.0 18379992.0 18388438.0 18391670.0 18393720.0
153 18657832.0 18655581.0 18649081.0 18638308.0 18647126.0 18637618.0 18644733.0 18637892.0 18642893.0 18635576.0 18644170.0 18638046.0 18645415.0 18643495.0 18643033.0 18637827.0 18643468.0 18642656.0 18642196.0 18639972.0 18636066.0 18641620.0 18635766.0 18639643.0 18636127.0 18640751.0 18635540.0 18640471.0 18635515.0 18640192.0 18642143.0 18644286.0
156 18911538.0 18910692.0 18908880.0 18906951.0 18908041.0 18907083.0 18907761.0 18907800.0 18907578.0 18904812.0 18908135.0 18907492.0 18909422.0 18908574.0 18908900.0 18905777.0 18908080.0 18909918.0 18907408.0 18907010.0 18904197.0 18909035.0 18903436.0 18906239.0 18904208.0 18905966.0 18903356.0 18907128.0 18903534.0 18906473.0 18907683.0 18906976.0
159 18925982.0 18924610.0 18919335.0 18910839.0 18919279.0 18908594.0 18918502.0 18910992.0 18914646.0 18904602.0 18918091.0 18912864.0 18921724.0 18914081.0 18917044.0 18913164.0 18916051.0 18915450.0 18913637.0 18909917.0 18903948.0 18910804.0 18902330.0 18905970.0 18902735.0 18905679.0 18900913.0 18906820.0 18901095.0 18904533.0 18907288.0 18906977.0
162 18752406.0 18752506.0 18746885.0 18738243.0 18747180.0 18735407.0 18744598.0 18735949.0 18740435.0 18732598.0 18742297.0 18735856.0 18742335.0 18738493.0 18738091.0 18734755.0 18738284.0 18736813.0 18736961.0 18734163.0 18730931.0 18734220.0 18729978.0 18732253.0 18730097.0 18732006.0 18729353.0 18732442.0 18729387.0 18731427.0 18732545.0 18732794.0
165 18758096.0 18759468.0 18753728.0 18747174.0 18753128.0 18746007.0 18751724.0 18746390.0 18749572.0 18743784.0 18749564.0 18745996.0 18749303.0 18748155.0 18747558.0 18746348.0 18747991.0 18748110.0 18748105.0 18746999.0 18745174.0 18746726.0 18745119.0 18746128.0 18745208.0 18746215.0 18744900.0 18746037.0 18744990.0 18746086.0 18746679.0 18747463.0
168 15848269.0 15827092.0 15682923.0 14817132.0 15691978.0 14499716.0 15762098.0 14726914.0 15548621.0 14283423.0 15547909.0 14821889.0 15602329.0 15224530.0 15347279.0 15144723.0 15268216.0 15643592.0 15440344.0 15291542.0 14540996.0 15408305.0 14534046.0 14941680.0 14605875.0 14989374.0 14431211.0 15074445.0 14470853.0 15040702.0 15359259.0 15412726.0
171 10778834.0 10745559.0 10790855.0 10875195.0 10916738.0 10668441.0 11105063.0 11017738.0 11016892.0 10443180.0 11093910.0 11202101.0 11223063.0 10768521.0 11043105.0 11564767.0 10858372.0 11256060.0 10986204.0 10875324.0 10723915.0 10999132.0 10710267.0 10406166.0 10790682.0 10380561.0 10487254.0 10496261.0 10480027.0 10368974.0 10691029.0 10610607.0
174 9953215.0 9918276.0 9977945.0 10252671.0 10099565.0 10056275.0 10286070.0 10379188.0 10195539.0 9799059.0 10252163.0 10505777.0 10349968.0 9941379.0 10202652.0 10837800.0 10011792.0 10427061.0 10151637.0 10054834.0 10053891.0 10191058.0 10054583.0 9600935.0 10148649.0 9565702.0 9853548.0 9679978.0 9842339.0 9573039.0 9860242.0 9783706.0
177 7505780.0 7465048.0 7537240.0 7886687.0 7651559.0 7679779.0 7825388.0 7984463.0 7735733.0 7422089.0 7783393.0 8077336.0 7856898.0 7477421.0 7739776.0 8394002.0 7537156.0 7942365.0 7685080.0 7589620.0 7628598.0 7731778.0 7629213.0 7161345.0 7742970.0 7131182.0 7472987.0 7231823.0 7454635.0 7139683.0 7393458.0 7321844.0
180 350055.0 339461.0 340078.0 367740.0 363310.0 329669.0 424200.0 393336.0 402846.0 405375.0 401360.0 402640.0 396609.0 346810.0 392763.0 474470.0 347227.0 432275.0 401717.0 371553.0 317119.0 412411.0 318067.0 309531.0 340550.0 324289.0 320555.0 342487.0 309943.0 318311.0 353645.0 351887.0
183 86847.0 81699.0 78099.0 85424.0 83848.0 81372.0 100082.0 97209.0 107642.0 196341.0 97390.0 95886.0 85414.0 91696.0 97915.0 105620.0 84939.0 95274.0 92850.0 91195.0 77603.0 100130.0 81753.0 81944.0 86118.0 93413.0 89641.0 101443.0 83137.0 86679.0 84464.0 93701.0
186 82389.0 76592.0 73087.0 73313.0 76150.0 75652.0 82518.0 83327.0 94933.0 194740.0 83765.0 82038.0 74414.0 84835.0 87874.0 81505.0 79971.0 74766.0 76281.0 79413.0 72102.0 83264.0 76939.0 77339.0 77827.0 88096.0 84611.0 95466.0 78228.0 79762.0 71860.0 81915.0
189 82487.0 76548.0 72808.0 73534.0 75915.0 74601.0 82871.0 82322.0 94847.0 193441.0 83774.0 82187.0 74108.0 85012.0 88580.0 81219.0 79370.0 74617.0 76204.0 79061.0 72597.0 82213.0 76887.0 77366.0 77600.0 88057.0 84047.0 94142.0 78080.0 79414.0 71524.0 81582.0
192 81840.0 75912.0 72154.0 72180.0 75601.0 74499.0 82526.0 82575.0 94510.0 192970.0 83785.0 81752.0 74076.0 83730.0 88156.0 80176.0 78493.0 74163.0 76095.0 78357.0 72064.0 82345.0 76172.0 76132.0 76595.0 86810.0 82208.0 94158.0 76625.0 77870.0 69011.0 80841.0
195 81251.0 72614.0 71092.0 71792.0 75739.0 72974.0 82608.0 80774.0 93379.0 186997.0 83758.0 81053.0 72943.0 79894.0 87978.0 78569.0 76429.0 73339.0 75109.0 73531.0 70046.0 81249.0 73648.0 73962.0 73286.0 85901.0 75834.0 93189.0 70254.0 72990.0 61504.0 79648.0
198 75726.0 60227.0 65068.0 68257.0 74130.0 64876.0 81467.0 74369.0 88764.0 164703.0 80609.0 78375.0 67882.0 66238.0 86104.0 70228.0 67386.0 69771.0 70664.0 61228.0 64445.0 75998.0 63629.0 65413.0 59284.0 79044.0 54933.0 91395.0 50425.0 57148.0 42140.0 73997.0
201 57228.0 35111.0 48731.0 54770.0 66715.0 42617.0 76909.0 53932.0 70631.0 104201.0 69674.0 66697.0 50744.0 38653.0 80403.0 45299.0 43961.0 54175.0 53715.0 35919.0 44156.0 59113.0 39365.0 42117.0 32331.0 61906.0 23946.0 84147.0 22727.0 29319.0 17786.0 58715.0
204 27134.0 11523.0 23155.0 28655.0 45227.0 15807.0 59734.0 23789.0 35267.0 33987.0 42601.0 40028.0 23313.0 14094.0 62635.0 17274.0 17382.0 27247.0 25149.0 13180.0 17996.0 29420.0 14135.0 15899.0 10281.0 36584.0 6353.0 60034.0 6143.0 8833.0 4554.0 33840.0
207 7154.0 2974.0 6130.0 8638.0 17652.0 3859.0 28463.0 5958.0 9404.0 8262.0 13926.0 12750.0 5736.0 4207.0 32539.0 4314.0 4425.0 7789.0 6530.0 3583.0 4331.0 7941.0 3542.0 3928.0 2869.0 13849.0 2327.0 26486.0 2110.0 2578.0 1795.0 11611.0
210 2288.0 1741.0 2022.0 2261.0 3770.0 1862.0 6262.0 2136.0 2834.0 5124.0 3169.0 2911.0 2079.0 2093.0 7936.0 2061.0 1997.0 2278.0 2122.0 1923.0 1848.0 2352.0 1861.0 1910.0 1761.0 3602.0 1805.0 6035.0 1634.0 1675.0 1285.0 2959.0
213 1815.0 1447.0 1560.0 1642.0 2016.0 1592.0 2469.0 1801.0 2205.0 4479.0 2042.0 1976.0 1655.0 1734.0 2903.0 1671.0 1601.0 1673.0 1616.0 1468.0 1496.0 1947.0 1598.0 1585.0 1481.0 2105.0 1543.0 2753.0 1257.0 1412.0 1137.0 1836.0
216 1569.0 1119.0 1325.0 1524.0 1683.0 1307.0 1921.0 1494.0 1894.0 3840.0 1752.0 1759.0 1397.0 1374.0 2233.0 1427.0 1302.0 1404.0 1397.0 1257.0 1323.0 1579.0 1346.0 1357.0 1305.0 1749.0 1251.0 2198.0 1115.0 1174.0 953.0 1639.0
219 1243.0 946.0 1113.0 1244.0 1351.0 1065.0 1731.0 1236.0 1517.0 3353.0 1552.0 1510.0 1124.0 1185.0 1933.0 1132.0 1054.0 1137.0 1167.0 1056.0 1082.0 1359.0 1053.0 1177.0 1040.0 1553.0 1078.0 2053.0 933.0 964.0 794.0 1348.0
222 1062.0 857.0 978.0 979.0 1158.0 964.0 1408.0 1068.0 1325.0 2970.0 1256.0 1194.0 951.0 1099.0 1614.0 1040.0 1034.0 1011.0 953.0 988.0 988.0 1139.0 947.0 1009.0 925.0 1260.0 1029.0 1694.0 873.0 924.0 741.0 1182.0
225 1018.0 873.0 911.0 878.0 978.0 926.0 1170.0 1020.0 1249.0 2844.0 1157.0 1081.0 948.0 1034.0 1313.0 989.0 963.0 929.0 860.0 929.0 898.0 1055.0 933.0 916.0 903.0 1192.0 943.0 1432.0 875.0 848.0 695.0 1154.0
228 965.0 847.0 931.0 829.0 1100.0 914.0 1181.0 984.0 1229.0 2749.0 1096.0 1080.0 893.0 951.0 1275.0 920.0 953.0 850.0 906.0 864.0 898.0 1062.0 898.0 932.0 825.0 1101.0 919.0 1410.0 855.0 874.0 745.0 1058.0
231 971.0 748.0 840.0 829.0 998.0 857.0 1109.0 862.0 1144.0 2605.0 1061.0 1001.0 842.0 956.0 1264.0 910.0 899.0 900.0 827.0 774.0 827.0 961.0 880.0 905.0 869.0 1073.0 884.0 1356.0 787.0 772.0 598.0 1054.0
234 919.0 729.0 825.0 884.0 958.0 863.0 1121.0 945.0 1116.0 2659.0 1055.0 949.0 879.0 839.0 1327.0 878.0 952.0 864.0 856.0 783.0 791.0 967.0 789.0 890.0 749.0 1099.0 783.0 1320.0 696.0 748.0 569.0 972.0
237 932.0 666.0 766.0 773.0 978.0 760.0 1095.0 845.0 1067.0 2369.0 990.0 967.0 765.0 739.0 1219.0 803.0 804.0 790.0 816.0 686.0 788.0 889.0 794.0 796.0 681.0 977.0 646.0 1357.0 519.0 576.0 358.0 916.0
240 735.0 467.0 624.0 722.0 881.0 616.0 1023.0 720.0 956.0 1972.0 896.0 855.0 705.0 599.0 1137.0 685.0 687.0 702.0 699.0 478.0 692.0 856.0 557.0 695.0 492.0 904.0 375.0 1230.0 296.0 382.0 188.0 910.0
243 605.0 255.0 557.0 581.0 805.0 420.0 977.0 552.0 689.0 1199.0 783.0 748.0 562.0 341.0 1066.0 391.0 465.0 532.0 552.0 291.0 479.0 624.0 353.0 483.0 247.0 796.0 140.0 1145.0 98.0 184.0 68.0 705.0
246 442.0 94.0 282.0 369.0 674.0 203.0 815.0 271.0 456.0 487.0 633.0 572.0 290.0 167.0 1025.0 174.0 256.0 299.0 334.0 111.0 257.0 345.0 154.0 233.0 87.0 602.0 52.0 973.0 51.0 73.0 35.0 487.0
249 176.0 31.0 127.0 199.0 430.0 71.0 638.0 97.0 219.0 169.0 357.0 326.0 109.0 60.0 728.0 83.0 100.0 147.0 140.0 42.0 97.0 169.0 69.0 77.0 44.0 395.0 29.0 821.0 23.0 33.0 20.0 241.0
252 70.0 17.0 53.0 71.0 172.0 30.0 376.0 44.0 65.0 85.0 146.0 149.0 40.0 30.0 525.0 33.0 38.0 46.0 48.0 27.0 38.0 57.0 40.0 30.0 27.0 193.0 24.0 468.0 28.0 18.0 18.0 114.0
255 41.0 18.0 26.0 29.0 74.0 16.0 143.0 25.0 37.0 86.0 56.0 62.0 20.0 16.0 242.0 28.0 23.0 28.0 26.0 20.0 22.0 32.0 24.0 20.0 26.0 83.0 20.0 185.0 18.0 22.0 19.0 49.0
258 28.0 24.0 25.0 20.0 42.0 20.0 76.0 16.0 42.0 70.0 42.0 37.0 27.0 20.0 123.0 23.0 22.0 29.0 26.0 16.0 27.0 17.0 21.0 20.0 32.0 42.0 22.0 109.0 15.0 21.0 14.0 27.0
261 18.0 12.0 13.0 19.0 24.0 14.0 33.0 18.0 29.0 71.0 35.0 22.0 20.0 13.0 52.0 21.0 19.0 28.0 23.0 20.0 21.0 20.0 17.0 18.0 13.0 32.0 21.0 47.0 15.0 14.0 9.0 28.0
264 13.0 18.0 18.0 23.0 23.0 24.0 34.0 16.0 30.0 63.0 30.0 25.0 13.0 23.0 30.0 14.0 15.0 24.0 17.0 21.0 23.0 12.0 29.0 15.0 20.0 23.0 22.0 39.0 14.0 16.0 12.0 24.0
267 17.0 18.0 21.0 14.0 16.0 18.0 33.0 16.0 17.0 62.0 17.0 18.0 10.0 15.0 31.0 14.0 13.0 15.0 24.0 13.0 12.0 19.0 16.0 19.0 15.0 24.0 18.0 35.0 10.0 9.0 18.0 23.0
270 10.0 8.0 14.0 16.0 18.0 17.0 35.0 11.0 28.0 61.0 21.0 18.0 11.0 19.0 31.0 12.0 13.0 22.0 15.0 11.0 22.0 14.0 15.0 14.0 18.0 26.0 17.0 38.0 10.0 11.0 6.0 20.0
273 19.0 10.0 18.0 17.0 22.0 11.0 11.0 13.0 18.0 49.0 23.0 16.0 12.0 23.0 33.0 20.0 20.0 26.0 15.0 20.0 17.0 11.0 10.0 14.0 12.0 25.0 13.0 35.0 11.0 18.0 17.0 23.0
276 16.0 8.0 18.0 21.0 21.0 16.0 15.0 13.0 18.0 61.0 13.0 20.0 15.0 13.0 27.0 14.0 16.0 16.0 11.0 8.0 16.0 13.0 16.0 26.0 11.0 16.0 7.0 32.0 10.0 13.0 6.0 15.0
279 12.0 10.0 12.0 12.0 22.0 12.0 22.0 13.0 20.0 50.0 20.0 15.0 21.0 15.0 22.0 20.0 14.0 13.0 13.0 9.0 10.0 16.0 12.0 13.0 7.0 14.0 12.0 22.0 11.0 6.0 7.0 22.0
282 12.0 4.0 9.0 10.0 19.0 10.0 25.0 12.0 16.0 38.0 20.0 14.0 20.0 11.0 35.0 11.0 17.0 12.0 15.0 8.0 8.0 12.0 2.0 15.0 7.0 27.0 6.0 30.0 6.0 4.0 3.0 14.0
285 13.0 5.0 12.0 8.0 13.0 9.0 27.0 14.0 12.0 26.0 14.0 16.0 9.0 7.0 25.0 6.0 7.0 11.0 8.0 10.0 10.0 16.0 6.0 11.0 1.0 11.0 1.0 25.0 3.0 1.0 1.0 20.0
288 6.0 4.0 11.0 6.0 19.0 2.0 20.0 6.0 11.0 18.0 10.0 10.0 9.0 5.0 23.0 3.0 11.0 10.0 10.0 3.0 5.0 10.0 6.0 4.0 3.0 23.0 1.0 21.0 1.0 5.0 1.0 7.0
291 3.0 1.0 5.0 5.0 13.0 0.0 14.0 2.0 5.0 7.0 10.0 11.0 1.0 2.0 17.0 1.0 4.0 2.0 5.0 3.0 1.0 3.0 2.0 3.0 2.0 6.0 0.0 25.0 1.0 0.0 0.0 7.0
294 3.0 0.0 0.0 2.0 9.0 1.0 8.0 1.0 0.0 1.0 5.0 3.0 2.0 3.0 29.0 3.0 1.0 2.0 1.0 2.0 0.0 4.0 0.0 0.0 1.0 11.0 0.0 14.0 1.0 0.0 1.0 4.0
297 0.0 2.0 4.0 1.0 4.0 0.0 3.0 0.0 2.0 1.0 2.0 3.0 3.0 1.0 11.0 1.0 1.0 0.0 2.0 0.0 0.0 3.0 0.0 0.0 2.0 3.0 0.0 10.0 1.0 1.0 0.0 3.0
300 2.0 2.0 2.0 0.0 1.0 0.0 3.0 1.0 0.0 1.0 2.0 1.0 0.0 3.0 5.0 2.0 0.0 4.0 0.0 2.0 1.0 0.0 2.0 2.0 1.0 1.0 1.0 5.0 1.0 1.0 1.0 3.0
303 1.0 1.0 2.0 0.0 3.0 1.0 4.0 1.0 0.0 1.0 0.0 0.0 1.0 0.0 2.0 0.0 1.0 1.0 0.0 1.0 1.0 1.0 3.0 0.0 0.0 4.0 1.0 4.0 1.0 0.0 1.0 1.0
306 1.0 0.0 0.0 0.0 1.0 0.0 2.0 1.0 1.0 2.0 3.0 0.0 3.0 1.0 0.0 0.0 0.0 2.0 0.0 2.0 0.0 0.0 0.0 1.0 1.0 1.0 0.0 3.0 0.0 0.0 2.0 0.0
309 3.0 0.0 1.0 0.0 0.0 0.0 1.0 1.0 1.0 1.0 1.0 2.0 4.0 3.0 0.0 0.0 1.0 1.0 3.0 1.0 0.0 0.0 0.0 2.0 0.0 1.0 1.0 3.0 2.0 0.0 1.0 1.0
312 1.0 2.0 1.0 1.0 2.0 1.0 1.0 0.0 0.0 0.0 1.0 0.0 1.0 0.0 1.0 1.0 3.0 1.0 2.0 0.0 1.0 2.0 0.0 0.0 0.0 1.0 0.0 0.0 1.0 0.0 0.0 1.0
315 3.0 1.0 1.0 1.0 0.0 2.0 1.0 1.0 2.0 3.0 1.0 0.0 1.0 0.0 2.0 0.0 0.0 0.0 0.0 1.0 1.0 0.0 0.0 0.0 1.0 0.0 0.0 2.0 1.0 0.0 0.0 2.0
318 2.0 2.0 0.0 1.0 0.0 1.0 0.0 2.0 2.0 1.0 1.0 1.0 1.0 1.0 2.0 1.0 0.0 0.0 1.0 0.0 1.0 1.0 1.0 3.0 0.0 2.0 0.0 1.0 0.0 0.0 1.0 1.0
321 0.0 1.0 3.0 3.0 1.0 1.0 1.0 0.0 1.0 1.0 2.0 1.0 2.0 1.0 2.0 2.0 0.0 2.0 2.0 1.0 0.0 0.0 2.0 1.0 1.0 2.0 1.0 1.0 1.0 0.0 1.0 0.0
324 0.0 2.0 3.0 0.0 2.0 2.0 1.0 1.0 3.0 1.0 1.0 1.0 1.0 1.0 0.0 0.0 1.0 0.0 1.0 0.0 1.0 0.0 1.0 0.0 1.0 0.0 0.0 1.0 0.0 0.0 0.0 3.0
327 0.0 1.0 0.0 0.0 0.0 0.0 0.0 1.0 1.0 1.0 4.0 1.0 1.0 0.0 3.0 1.0 1.0 0.0 1.0 0.0 1.0 2.0 2.0 0.0 2.0 1.0 1.0 2.0 0.0 1.0 0.0 0.0
330 1.0 2.0 0.0 0.0 0.0 0.0 0.0 1.0 2.0 1.0 0.0 1.0 1.0 1.0 3.0 0.0 1.0 1.0 1.0 1.0 1.0 0.0 1.0 1.0 1.0 2.0 0.0 0.0 1.0 1.0 0.0 2.0
333 1.0 1.0 0.0 0.0 0.0 0.0 0.0 0.0 0.0 0.0 0.0 0.0 1.0 0.0 1.0 0.0 0.0 0.0 0.0 0.0 0.0 0.0 1.0 0.0 0.0 1.0 0.0 0.0 0.0 0.0 1.0 0.0
336 0.0 1.0 1.0 2.0 0.0 0.0 1.0 2.0 2.0 0.0 0.0 1.0 1.0 0.0 0.0 0.0 0.0 1.0 2.0 0.0 0.0 1.0 0.0 1.0 0.0 1.0 2.0 0.0 0.0 0.0 2.0 3.0
339 0.0 1.0 0.0 0.0 0.0 0.0 0.0 1.0 0.0 1.0 2.0 0.0 0.0 1.0 3.0 0.0 1.0 1.0 0.0 0.0 1.0 0.0 1.0 0.0 0.0 0.0 0.0 1.0 0.0 1.0 1.0 0.0
342 0.0 0.0 0.0 2.0 0.0 1.0 0.0 0.0 1.0 0.0 1.0 0.0 1.0 1.0 0.0 0.0 1.0 1.0 0.0 0.0 1.0 1.0 1.0 0.0 0.0 0.0 0.0 0.0 2.0 0.0 0.0 0.0
345 0.0 0.0 0.0 1.0 1.0 1.0 2.0 0.0 2.0 3.0 1.0 1.0 0.0 0.0 2.0 1.0 1.0 1.0 1.0 1.0 0.0 1.0 1.0 0.0 0.0 1.0 0.0 1.0 2.0 0.0 0.0 0.0
348 0.0 0.0 0.0 0.0 0.0 0.0 0.0 0.0 0.0 0.0 2.0 0.0 1.0 1.0 1.0 1.0 0.0 0.0 0.0 0.0 0.0 0.0 0.0 0.0 0.0 0.0 0.0 0.0 0.0 0.0 0.0 2.0
351 0.0 0.0 0.0 0.0 0.0 1.0 0.0 1.0 0.0 1.0 1.0 0.0 0.0 0.0 3.0 2.0 0.0 0.0 0.0 1.0 0.0 1.0 1.0 0.0 0.0 0.0 1.0 0.0 0.0 0.0 0.0 1.0
354 0.0 1.0 0.0 0.0 0.0 0.0 0.0 0.0 0.0 1.0 1.0 0.0 0.0 1.0 0.0 0.0 0.0 0.0 0.0 0.0 0.0 1.0 0.0 1.0 0.0 0.0 1.0 0.0 0.0 0.0 1.0 0.0
357 2.0 2.0 0.0 3.0 2.0 1.0 2.0 1.0 0.0 0.0 2.0 0.0 1.0 0.0 0.0 0.0 1.0 2.0 2.0 1.0 1.0 0.0 0.0 1.0 1.0 0.0 2.0 0.0 0.0 2.0 1.0 0.0
