150 17704994.0 17689228.0 17683806.0 17666127.0 17680452.0 17664822.0 17675022.0 17665573.0 17672031.0 17665083.0 17675281.0 17667367.0 17675367.0 17676523.0 17675126.0 17666632.0 17673583.0 17673603.0 17671926.0 17670734.0 17663490.0 17671552.0 17662899.0 17669448.0 17662524.0 17668708.0 17662418.0 17669374.0 17662893.0 17672026.0 17671747.0 17672787.0
153 17887142.0 17876053.0 17871906.0 17858977.0 17869566.0 17858102.0 17864936.0 17858948.0 17863301.0 17858303.0 17865777.0 17859653.0 17864710.0 17866035.0 17863777.0 17858862.0 17864606.0 17864499.0 17862444.0 17861409.0 17857829.0 17863458.0 17857474.0 17861382.0 17857411.0 17860885.0 17857298.0 17862405.0 17857408.0 17863936.0 17863875.0 17865082.0
156 18111788.0 18102267.0 18098482.0 18088961.0 18096602.0 18088478.0 18093676.0 18089134.0 18092522.0 18088652.0 18094220.0 18089443.0 18093130.0 18094557.0 18092987.0 18088865.0 18093537.0 18093354.0 18092380.0 18091399.0 18088568.0 18093628.0 18088238.0 18091710.0 18088164.0 18091381.0 18088155.0 18092801.0 18088111.0 18094577.0 18094250.0 18095356.0
159 18415203.0 18411820.0 18410653.0 18406447.0 18409533.0 18406264.0 18408885.0 18406519.0 18408148.0 18406490.0 18408876.0 18406840.0 18408493.0 18409235.0 18408583.0 18406673.0 18408636.0 18408588.0 18408180.0 18407912.0 18406177.0 18408796.0 18406147.0 18407965.0 18406002.0 18407982.0 18406009.0 18408563.0 18406087.0 18409431.0 18409158.0 18409590.0
162 19002797.0 19000247.0 18999669.0 18996052.0 18998307.0 18995922.0 18997967.0 18996199.0 18997568.0 18996081.0 18998136.0 18996463.0 18997760.0 18998945.0 18998289.0 18996149.0 18997864.0 18998384.0 18997618.0 18997423.0 18995189.0 18998265.0 18995223.0 18997463.0 18994844.0 18997224.0 18994889.0 18997449.0 18995136.0 18998120.0 18997758.0 18997838.0
165 19102147.0 19100645.0 19100007.0 19098050.0 19098835.0 19099713.0 19098022.0 19099866.0 19097278.0 19100220.0 19098245.0 19101555.0 19097747.0 19098518.0 19097883.0 19100459.0 19097724.0 19097846.0 19097052.0 19097037.0 19096675.0 19097387.0 19096642.0 19096863.0 19095763.0 19096461.0 19095917.0 19096508.0 19095907.0 19096873.0 19096577.0 19096803.0
168 18891613.0 18889121.0 18884557.0 18876309.0 18882961.0 18871184.0 18879375.0 18874350.0 18873818.0 18870843.0 18877517.0 18876992.0 18877023.0 18876449.0 18873805.0 18873356.0 18873978.0 18871707.0 18870058.0 18868411.0 18866693.0 18868449.0 18865058.0 18865895.0 18864670.0 18864334.0 18863287.0 18864650.0 18863875.0 18864548.0 18865179.0 18864554.0
171 18187288.0 18208889.0 18143830.0 18034272.0 18148990.0 17944826.0 18141087.0 17986900.0 18116873.0 17952827.0 18115342.0 17998263.0 18121313.0 18116589.0 18050918.0 17967139.0 18112576.0 18079921.0 18061781.0 18036377.0 17955451.0 18042335.0 17922178.0 18019892.0 17955354.0 17988509.0 17910885.0 18029039.0 17922753.0 18005946.0 18028101.0 18036426.0
174 10232785.0 10559273.0 10296483.0 10530017.0 10375538.0 10230388.0 10540297.0 10572640.0 10640716.0 10477880.0 10605581.0 10702599.0 10682464.0 10803729.0 10359308.0 10603291.0 10799288.0 10653624.0 10502260.0 10396356.0 10611452.0 10439880.0 10331191.0 10333150.0 10669082.0 10028151.0 10170376.0 10401286.0 10221152.0 10139547.0 10309540.0 10348872.0
177 9545012.0 9874521.0 9617473.0 9986789.0 9707927.0 9686870.0 9852678.0 10045012.0 9971328.0 9949279.0 9918415.0 10146120.0 9982637.0 10110855.0 9638975.0 10049072.0 10123121.0 9953869.0 9786720.0 9662770.0 10060292.0 9700543.0 9761897.0 9606916.0 10124445.0 9249752.0 9574597.0 9678665.0 9635979.0 9366160.0 9553395.0 9587525.0
180 7930076.0 8270976.0 8026284.0 8586198.0 8124619.0 8268591.0 8264217.0 8668184.0 8437601.0 8557273.0 8368629.0 8731565.0 8418535.0 8576222.0 8080388.0 8634169.0 8606987.0 8425002.0 8235222.0 8089940.0 8654492.0 8125037.0 8325710.0 8043613.0 8729716.0 7634167.0 8128472.0 8126397.0 8204387.0 7758443.0 7953195.0 7977553.0
183 190226.0 302760.0 209573.0 246852.0 229180.0 222035.0 236165.0 277494.0 247272.0 240749.0 252669.0 241847.0 250547.0 278525.0 174944.0 239724.0 308579.0 240450.0 209301.0 190787.0 239925.0 207878.0 196274.0 200035.0 285229.0 162236.0 169975.0 258631.0 187891.0 173149.0 200589.0 208674.0
186 124271.0 186166.0 144373.0 135858.0 131509.0 152532.0 128878.0 165280.0 126210.0 140189.0 135036.0 125946.0 126438.0 154465.0 114626.0 143761.0 138328.0 138392.0 119757.0 124416.0 140260.0 125972.0 120953.0 126565.0 176131.0 123586.0 118456.0 153740.0 122130.0 124686.0 125098.0 140712.0
189 121540.0 173154.0 141097.0 117289.0 120496.0 143416.0 115942.0 147162.0 111123.0 124887.0 123770.0 112096.0 115265.0 143640.0 111653.0 135877.0 115328.0 130078.0 111591.0 119704.0 127713.0 118930.0 110291.0 121264.0 155434.0 122184.0 113194.0 136786.0 112613.0 120513.0 115699.0 132677.0
192 120966.0 171353.0 141902.0 117172.0 118999.0 142744.0 114618.0 145057.0 110074.0 123173.0 123058.0 109232.0 113670.0 143793.0 110051.0 134191.0 114441.0 128814.0 110316.0 118258.0 126748.0 119045.0 108285.0 120095.0 153279.0 120144.0 110326.0 135540.0 111668.0 117370.0 113873.0 131467.0
195 119808.0 167242.0 139561.0 115815.0 118562.0 140292.0 113295.0 141594.0 106356.0 118038.0 122240.0 100417.0 109537.0 142805.0 106017.0 132649.0 113473.0 126022.0 105704.0 113405.0 124602.0 117663.0 102266.0 116190.0 146563.0 114734.0 103544.0 133103.0 107618.0 103502.0 107115.0 128284.0
198 118846.0 156256.0 136555.0 110277.0 112693.0 131197.0 105407.0 126224.0 86063.0 96477.0 118996.0 72420.0 90797.0 140373.0 85178.0 122335.0 111748.0 108752.0 87456.0 91890.0 118238.0 111225.0 77339.0 101362.0 124726.0 92864.0 75181.0 124640.0 91636.0 66390.0 80822.0 117715.0
201 111414.0 121313.0 126270.0 89844.0 98579.0 99291.0 85622.0 87341.0 49119.0 57436.0 105449.0 34184.0 55260.0 131915.0 48074.0 94072.0 104169.0 71613.0 52961.0 54323.0 95759.0 92574.0 40646.0 67175.0 78648.0 55063.0 36653.0 102295.0 59924.0 26973.0 41899.0 91595.0
204 87716.0 52470.0 89887.0 48994.0 61251.0 43711.0 45083.0 32906.0 13849.0 18326.0 66948.0 8483.0 17835.0 102293.0 13687.0 43573.0 77991.0 26240.0 16951.0 16369.0 49974.0 54956.0 11017.0 24545.0 28883.0 17050.0 9169.0 56052.0 21148.0 6345.0 11399.0 45104.0
207 48848.0 12473.0 36957.0 15200.0 22414.0 11437.0 13698.0 7981.0 3793.0 4930.0 24410.0 3035.0 4595.0 52619.0 3851.0 12092.0 36184.0 6599.0 4386.0 4354.0 14528.0 20240.0 3384.0 6031.0 7859.0 4673.0 3065.0 18579.0 5381.0 2956.0 3464.0 13444.0
210 15928.0 4753.0 8733.0 4140.0 5698.0 4052.0 3878.0 3562.0 2440.0 2921.0 5873.0 2203.0 2570.0 14524.0 2519.0 4062.0 9123.0 3279.0 2520.0 2761.0 4258.0 5496.0 2352.0 2960.0 3942.0 2829.0 2336.0 5249.0 2590.0 2358.0 2354.0 4287.0
213 4741.0 3800.0 3847.0 2791.0 2917.0 3157.0 2456.0 2818.0 2026.0 2438.0 3091.0 1880.0 2172.0 4619.0 2164.0 3078.0 3214.0 2638.0 2112.0 2203.0 2917.0 2830.0 2032.0 2443.0 3178.0 2295.0 2010.0 3105.0 2221.0 1995.0 2172.0 2963.0
216 2902.0 3342.0 3188.0 2336.0 2486.0 2897.0 2192.0 2389.0 1760.0 2037.0 2639.0 1542.0 1917.0 3489.0 1720.0 2693.0 2566.0 2234.0 1819.0 1966.0 2511.0 2364.0 1574.0 2017.0 2663.0 1936.0 1628.0 2683.0 1883.0 1574.0 1722.0 2606.0
219 2614.0 2659.0 2866.0 1964.0 2140.0 2389.0 1810.0 1917.0 1293.0 1665.0 2157.0 1144.0 1424.0 2973.0 1396.0 2244.0 2210.0 1926.0 1458.0 1548.0 2213.0 1992.0 1299.0 1695.0 2165.0 1542.0 1270.0 2213.0 1479.0 1221.0 1320.0 2143.0
222 2073.0 2123.0 2168.0 1492.0 1726.0 1868.0 1394.0 1473.0 1101.0 1400.0 1785.0 1021.0 1230.0 2515.0 1164.0 1859.0 1829.0 1479.0 1177.0 1281.0 1723.0 1639.0 1062.0 1328.0 1818.0 1380.0 1132.0 1764.0 1220.0 1128.0 1083.0 1754.0
225 1747.0 1802.0 1858.0 1294.0 1378.0 1671.0 1256.0 1320.0 1010.0 1207.0 1481.0 937.0 1120.0 1944.0 1104.0 1593.0 1459.0 1390.0 1118.0 1184.0 1431.0 1446.0 1010.0 1320.0 1646.0 1286.0 1011.0 1486.0 1093.0 1084.0 1075.0 1552.0
228 1555.0 1691.0 1706.0 1250.0 1325.0 1612.0 1136.0 1193.0 942.0 1169.0 1429.0 838.0 1058.0 1902.0 1082.0 1475.0 1297.0 1277.0 1088.0 1132.0 1439.0 1262.0 947.0 1221.0 1520.0 1155.0 1034.0 1376.0 1036.0 959.0 975.0 1506.0
231 1428.0 1638.0 1631.0 1227.0 1273.0 1545.0 1119.0 1176.0 891.0 1050.0 1339.0 789.0 963.0 1777.0 999.0 1429.0 1284.0 1270.0 966.0 1108.0 1414.0 1252.0 887.0 1117.0 1435.0 1135.0 931.0 1365.0 942.0 832.0 907.0 1416.0
234 1433.0 1441.0 1597.0 1143.0 1223.0 1362.0 1032.0 1133.0 708.0 924.0 1271.0 599.0 826.0 1761.0 887.0 1358.0 1238.0 1114.0 878.0 956.0 1285.0 1226.0 679.0 1064.0 1245.0 987.0 667.0 1244.0 927.0 625.0 746.0 1354.0
237 1314.0 1316.0 1621.0 1031.0 1142.0 1260.0 936.0 871.0 476.0 621.0 1299.0 325.0 611.0 1688.0 600.0 1279.0 1154.0 894.0 584.0 715.0 1115.0 1159.0 417.0 892.0 914.0 714.0 389.0 1069.0 703.0 283.0 393.0 1211.0
240 1289.0 977.0 1364.0 870.0 1007.0 999.0 713.0 550.0 222.0 364.0 1063.0 142.0 341.0 1609.0 357.0 935.0 1171.0 589.0 362.0 333.0 974.0 901.0 203.0 527.0 472.0 423.0 156.0 832.0 444.0 102.0 189.0 1017.0
243 1189.0 484.0 1196.0 532.0 767.0 589.0 468.0 243.0 78.0 152.0 891.0 29.0 111.0 1354.0 142.0 654.0 927.0 290.0 154.0 152.0 586.0 727.0 59.0 282.0 243.0 178.0 61.0 641.0 181.0 27.0 73.0 590.0
246 1006.0 172.0 879.0 275.0 467.0 177.0 200.0 103.0 26.0 60.0 497.0 23.0 37.0 1084.0 44.0 285.0 736.0 96.0 52.0 52.0 263.0 401.0 24.0 105.0 72.0 51.0 31.0 298.0 67.0 27.0 35.0 277.0
249 727.0 68.0 449.0 99.0 219.0 66.0 70.0 37.0 19.0 24.0 226.0 23.0 30.0 697.0 26.0 107.0 362.0 38.0 25.0 22.0 113.0 201.0 29.0 43.0 57.0 37.0 20.0 136.0 34.0 29.0 29.0 110.0
252 425.0 31.0 137.0 44.0 74.0 50.0 28.0 20.0 19.0 24.0 65.0 18.0 17.0 320.0 28.0 47.0 141.0 32.0 30.0 24.0 48.0 86.0 22.0 29.0 31.0 32.0 27.0 61.0 24.0 14.0 20.0 53.0
255 186.0 33.0 65.0 31.0 31.0 29.0 28.0 23.0 14.0 27.0 49.0 14.0 15.0 100.0 20.0 32.0 55.0 33.0 31.0 21.0 32.0 43.0 21.0 17.0 28.0 28.0 16.0 24.0 28.0 13.0 12.0 46.0
258 77.0 34.0 31.0 23.0 28.0 35.0 29.0 19.0 13.0 16.0 30.0 6.0 14.0 51.0 13.0 30.0 41.0 19.0 21.0 24.0 27.0 28.0 17.0 28.0 24.0 25.0 17.0 29.0 15.0 14.0 16.0 27.0
261 57.0 23.0 44.0 29.0 13.0 28.0 24.0 18.0 13.0 16.0 24.0 8.0 12.0 47.0 18.0 21.0 36.0 15.0 12.0 14.0 24.0 23.0 13.0 16.0 15.0 17.0 12.0 30.0 19.0 14.0 16.0 20.0
264 30.0 11.0 40.0 25.0 21.0 21.0 17.0 19.0 13.0 19.0 26.0 13.0 14.0 46.0 11.0 23.0 29.0 15.0 19.0 16.0 27.0 22.0 6.0 18.0 24.0 21.0 10.0 26.0 15.0 10.0 11.0 22.0
267 22.0 32.0 36.0 19.0 17.0 21.0 15.0 23.0 7.0 11.0 23.0 9.0 14.0 38.0 13.0 16.0 19.0 22.0 17.0 21.0 26.0 20.0 10.0 17.0 17.0 20.0 14.0 25.0 12.0 4.0 12.0 29.0
270 30.0 20.0 18.0 21.0 17.0 20.0 17.0 14.0 9.0 7.0 17.0 10.0 13.0 32.0 13.0 27.0 14.0 13.0 14.0 10.0 19.0 19.0 8.0 23.0 11.0 18.0 7.0 20.0 15.0 4.0 11.0 27.0
273 30.0 24.0 31.0 14.0 19.0 23.0 14.0 13.0 4.0 6.0 20.0 5.0 8.0 34.0 11.0 18.0 20.0 21.0 10.0 10.0 16.0 14.0 5.0 14.0 16.0 15.0 7.0 18.0 10.0 2.0 2.0 12.0
276 24.0 11.0 24.0 14.0 10.0 15.0 14.0 8.0 4.0 10.0 27.0 3.0 3.0 21.0 5.0 21.0 14.0 13.0 6.0 7.0 25.0 17.0 1.0 9.0 10.0 4.0 3.0 10.0 9.0 3.0 4.0 18.0
279 15.0 12.0 26.0 10.0 14.0 14.0 6.0 5.0 4.0 1.0 19.0 0.0 3.0 33.0 2.0 17.0 14.0 9.0 0.0 2.0 15.0 18.0 2.0 7.0 9.0 8.0 0.0 13.0 5.0 1.0 1.0 9.0
282 16.0 9.0 19.0 5.0 8.0 12.0 4.0 4.0 1.0 3.0 14.0 2.0 2.0 16.0 3.0 6.0 26.0 1.0 2.0 1.0 13.0 13.0 1.0 5.0 3.0 3.0 0.0 10.0 2.0 3.0 0.0 11.0
285 15.0 0.0 22.0 2.0 8.0 5.0 4.0 2.0 1.0 0.0 10.0 0.0 0.0 21.0 3.0 4.0 10.0 1.0 2.0 1.0 7.0 3.0 0.0 0.0 2.0 1.0 2.0 4.0 1.0 1.0 3.0 7.0
288 26.0 3.0 10.0 2.0 5.0 2.0 1.0 0.0 0.0 2.0 6.0 0.0 0.0 22.0 1.0 1.0 13.0 1.0 0.0 0.0 1.0 4.0 0.0 1.0 4.0 1.0 0.0 3.0 0.0 0.0 1.0 4.0
291 12.0 1.0 7.0 2.0 3.0 0.0 0.0 0.0 1.0 0.0 2.0 2.0 0.0 11.0 1.0 1.0 6.0 0.0 0.0 0.0 2.0 2.0 0.0 2.0 0.0 1.0 0.0 4.0 1.0 0.0 1.0 1.0
294 8.0 2.0 2.0 0.0 1.0 0.0 0.0 1.0 1.0 1.0 1.0 0.0 0.0 7.0 0.0 1.0 4.0 2.0 1.0 1.0 2.0 0.0 1.0 0.0 1.0 1.0 1.0 1.0 2.0 1.0 0.0 2.0
297 4.0 1.0 1.0 0.0 0.0 1.0 0.0 0.0 0.0 3.0 2.0 1.0 1.0 3.0 0.0 2.0 0.0 0.0 0.0 0.0 1.0 1.0 1.0 1.0 1.0 0.0 2.0 1.0 1.0 0.0 0.0 1.0
300 5.0 0.0 0.0 0.0 1.0 1.0 0.0 1.0 0.0 0.0 1.0 0.0 1.0 0.0 0.0 0.0 1.0 1.0 0.0 0.0 0.0 1.0 0.0 0.0 0.0 2.0 0.0 1.0 2.0 0.0 0.0 1.0
303 1.0 1.0 0.0 0.0 1.0 1.0 0.0 0.0 1.0 0.0 3.0 0.0 0.0 0.0 0.0 3.0 3.0 0.0 1.0 0.0 0.0 0.0 0.0 0.0 0.0 0.0 0.0 0.0 0.0 0.0 0.0 0.0
306 0.0 1.0 0.0 1.0 1.0 1.0 0.0 0.0 1.0 0.0 1.0 1.0 1.0 2.0 1.0 0.0 0.0 1.0 1.0 0.0 0.0 1.0 0.0 1.0 0.0 1.0 1.0 2.0 0.0 0.0 0.0 1.0
309 0.0 0.0 0.0 1.0 0.0 1.0 0.0 0.0 0.0 1.0 0.0 0.0 0.0 0.0 0.0 1.0 1.0 0.0 0.0 0.0 0.0 1.0 0.0 0.0 1.0 0.0 0.0 0.0 1.0 1.0 0.0 1.0
312 0.0 0.0 2.0 0.0 0.0 0.0 1.0 1.0 2.0 0.0 1.0 0.0 0.0 0.0 0.0 0.0 0.0 0.0 1.0 0.0 1.0 1.0 0.0 0.0 0.0 0.0 0.0 1.0 1.0 0.0 0.0 2.0
315 0.0 1.0 1.0 1.0 0.0 0.0 0.0 0.0 0.0 0.0 1.0 1.0 1.0 0.0 1.0 0.0 0.0 0.0 0.0 0.0 2.0 2.0 0.0 1.0 0.0 0.0 0.0 0.0 0.0 1.0 0.0 0.0
318 0.0 0.0 1.0 2.0 0.0 1.0 0.0 1.0 0.0 0.0 0.0 0.0 0.0 0.0 0.0 0.0 0.0 0.0 1.0 1.0 0.0 2.0 0.0 2.0 1.0 1.0 1.0 0.0 1.0 0.0 0.0 0.0
321 0.0 0.0 0.0 1.0 0.0 0.0 0.0 0.0 1.0 0.0 0.0 0.0 1.0 0.0 0.0 0.0 1.0 1.0 0.0 0.0 2.0 1.0 0.0 1.0 1.0 0.0 0.0 3.0 1.0 1.0 0.0 1.0
324 2.0 0.0 0.0 1.0 0.0 1.0 0.0 0.0 0.0 0.0 0.0 0.0 0.0 1.0 0.0 0.0 2.0 1.0 0.0 0.0 0.0 0.0 0.0 0.0 0.0 0.0 1.0 0.0 0.0 0.0 0.0 0.0
327 1.0 0.0 1.0 0.0 1.0 0.0 0.0 0.0 0.0 1.0 1.0 1.0 0.0 1.0 1.0 0.0 0.0 0.0 1.0 0.0 0.0 0.0 1.0 0.0 0.0 0.0 0.0 0.0 1.0 0.0 0.0 0.0
330 0.0 0.0 0.0 0.0 0.0 0.0 0.0 0.0 1.0 0.0 0.0 0.0 0.0 1.0 0.0 0.0 1.0 0.0 0.0 0.0 0.0 0.0 0.0 0.0 0.0 0.0 0.0 0.0 0.0 0.0 0.0 0.0
333 2.0 2.0 1.0 0.0 0.0 0.0 0.0 1.0 0.0 1.0 0.0 0.0 0.0 0.0 0.0 0.0 2.0 0.0 0.0 0.0 0.0 0.0 0.0 0.0 0.0 1.0 0.0 1.0 0.0 0.0 0.0 0.0
336 0.0 0.0 0.0 0.0 1.0 0.0 0.0 0.0 1.0 1.0 1.0 1.0 0.0 0.0 0.0 1.0 0.0 0.0 0.0 0.0 0.0 0.0 0.0 0.0 0.0 1.0 1.0 0.0 0.0 1.0 0.0 1.0
339 1.0 1.0 0.0 0.0 0.0 0.0 0.0 0.0 0.0 0.0 0.0 0.0 0.0 0.0 0.0 0.0 1.0 0.0 0.0 1.0 0.0 1.0 0.0 0.0 0.0 0.0 1.0 0.0 0.0 0.0 0.0 1.0
342 1.0 1.0 0.0 1.0 0.0 0.0 1.0 0.0 1.0 2.0 0.0 0.0 1.0 0.0 0.0 0.0 0.0 0.0 1.0 0.0 0.0 0.0 0.0 1.0 1.0 0.0 0.0 1.0 0.0 1.0 0.0 0.0
345 0.0 0.0 0.0 1.0 0.0 2.0 0.0 0.0 0.0 0.0 1.0 0.0 0.0 0.0 0.0 0.0 0.0 0.0 0.0 0.0 0.0 0.0 0.0 0.0 0.0 0.0 0.0 0.0 0.0 0.0 0.0 0.0
348 1.0 0.0 1.0 0.0 1.0 1.0 1.0 0.0 0.0 0.0 1.0 0.0 1.0 0.0 1.0 0.0 0.0 0.0 0.0 1.0 1.0 0.0 2.0 0.0 0.0 0.0 0.0 0.0 0.0 0.0 0.0 0.0
351 0.0 0.0 0.0 1.0 0.0 0.0 1.0 1.0 0.0 0.0 0.0 0.0 0.0 0.0 0.0 0.0 0.0 0.0 0.0 0.0 0.0 0.0 0.0 0.0 0.0 0.0 0.0 0.0 1.0 0.0 0.0 0.0
354 1.0 1.0 0.0 0.0 1.0 1.0 1.0 0.0 0.0 0.0 0.0 0.0 0.0 0.0 0.0 0.0 0.0 0.0 0.0 0.0 0.0 0.0 0.0 0.0 0.0 0.0 1.0 1.0 0.0 0.0 0.0 0.0
357 1.0 1.0 1.0 2.0 1.0 1.0 1.0 1.0 1.0 1.0 1.0 1.0 1.0 1.0 2.0 1.0 0.0 0.0 0.0 0.0 0.0 1.0 0.0 1.0 0.0 0.0 1.0 0.0 0.0 0.0 0.0 0.0
