150 379.0 467.0 585.0 584.0 600.0 1446.0 570.0 833.0 482.0 2552.0 532.0 1138.0 797.0 433.0 768.0 272.0 1132.0 597.0 381.0 869.0 2580.0 432.0 768.0 890.0 634.0 2367.0 2994.0 1587.0 2752.0 2674.0 2635.0 686.0
153 17776279.0 17776061.0 17776022.0 17774973.0 17776089.0 17775172.0 17775653.0 17775104.0 17775692.0 17775319.0 17775689.0 17774976.0 17775799.0 17775961.0 17776030.0 17774809.0 17775928.0 17775666.0 17775553.0 17775592.0 17775222.0 17775398.0 17774783.0 17775575.0 17774779.0 17775840.0 17775177.0 17775755.0 17775177.0 17775897.0 17776139.0 17775807.0
156 18080395.0 18078715.0 18077724.0 18072645.0 18077900.0 18072600.0 18075947.0 18072858.0 18075714.0 18072935.0 18075533.0 18072930.0 18076406.0 18077138.0 18076633.0 18072805.0 18076489.0 18075811.0 18075572.0 18075427.0 18072336.0 18074926.0 18072293.0 18075562.0 18072333.0 18075215.0 18072150.0 18075318.0 18072096.0 18075261.0 18076692.0 18077035.0
159 18240856.0 18239758.0 18238952.0 18234986.0 18238931.0 18234853.0 18237558.0 18235022.0 18237152.0 18235039.0 18237156.0 18235183.0 18237586.0 18238502.0 18237686.0 18235087.0 18237639.0 18236982.0 18237021.0 18236814.0 18234462.0 18236433.0 18234696.0 18236854.0 18234707.0 18236435.0 18234411.0 18236460.0 18234402.0 18236449.0 18237126.0 18237450.0
162 18444124.0 18443947.0 18443918.0 18443190.0 18443928.0 18443199.0 18443647.0 18443212.0 18443662.0 18443195.0 18443650.0 18443159.0 18443711.0 18443960.0 18443850.0 18443127.0 18443765.0 18443667.0 18443621.0 18443630.0 18443068.0 18443534.0 18443069.0 18443714.0 18443071.0 18443575.0 18443046.0 18443584.0 18443040.0 18443565.0 18443614.0 18443747.0
165 18569573.0 18569279.0 18569137.0 18568600.0 18569290.0 18568549.0 18568981.0 18568665.0 18569087.0 18568709.0 18569009.0 18568503.0 18569191.0 18569804.0 18569598.0 18568280.0 18569178.0 18569192.0 18569183.0 18569179.0 18568212.0 18569075.0 18568133.0 18569367.0 18568127.0 18568982.0 18568045.0 18569054.0 18568059.0 18568882.0 18568874.0 18569114.0
168 18587899.0 18587897.0 18587898.0 18587863.0 18587908.0 18587863.0 18587878.0 18587866.0 18587883.0 18587866.0 18587878.0 18587867.0 18587883.0 18587883.0 18587873.0 18587866.0 18587887.0 18587877.0 18587872.0 18587880.0 18587864.0 18587876.0 18587862.0 18587877.0 18587863.0 18587879.0 18587863.0 18587880.0 18587863.0 18587868.0 18587878.0 18587878.0
171 18704395.0 18704431.0 18704532.0 18704224.0 18704579.0 18704246.0 18704435.0 18704283.0 18704455.0 18704280.0 18704436.0 18704288.0 18704466.0 18704497.0 18704513.0 18704332.0 18704427.0 18704395.0 18704403.0 18704473.0 18704193.0 18704382.0 18704190.0 18704384.0 18704194.0 18704420.0 18704187.0 18704390.0 18704188.0 18704340.0 18704362.0 18704402.0
174 18773063.0 18772538.0 18772264.0 18772180.0 18772514.0 18772117.0 18771248.0 18773928.0 18771362.0 18774260.0 18771442.0 18774447.0 18771639.0 18771477.0 18771660.0 18775169.0 18770690.0 18770456.0 18770172.0 18770204.0 18769951.0 18769834.0 18769173.0 18769698.0 18769221.0 18769085.0 18768733.0 18768881.0 18768785.0 18768668.0 18768634.0 18768645.0
177 18566313.0 18557230.0 18555425.0 18494597.0 18570757.0 18458147.0 18551447.0 18483461.0 18533052.0 18491402.0 18547829.0 18533778.0 18553385.0 18553911.0 18542932.0 18555821.0 18546716.0 18539087.0 18541589.0 18528344.0 18462078.0 18530114.0 18485617.0 18522144.0 18497010.0 18504439.0 18453434.0 18509975.0 18457431.0 18497226.0 18512171.0 18525863.0
180 11711001.0 11676110.0 11714704.0 11556473.0 11878704.0 11379963.0 11779198.0 11548469.0 11621410.0 11569989.0 11786887.0 11893409.0 11847692.0 11923370.0 11788274.0 12016214.0 11837989.0 11835630.0 11904826.0 11721041.0 11449098.0 11860574.0 11707110.0 11753421.0 11813452.0 11505112.0 11391120.0 11616495.0 11464485.0 11425366.0 11589349.0 11850505.0
183 10208803.0 10202166.0 10283704.0 10359940.0 10472177.0 10122421.0 10390158.0 10347698.0 10187522.0 10367322.0 10392657.0 10835087.0 10473324.0 10579806.0 10389456.0 10968334.0 10454029.0 10455891.0 10544189.0 10304418.0 10207994.0 10490496.0 10609266.0 10353238.0 10759591.0 10015934.0 10159374.0 10166247.0 10256739.0 9903744.0 10101817.0 10414383.0
186 4405630.0 4399980.0 4481967.0 4547632.0 4617077.0 4373523.0 4545564.0 4516639.0 4353029.0 4546063.0 4515918.0 4930399.0 4568573.0 4671503.0 4478097.0 4964211.0 4542315.0 4551980.0 4610369.0 4432894.0 4420202.0 4601316.0 4710699.0 4483066.0 4829451.0 4243968.0 4410112.0 4345164.0 4482799.0 4150691.0 4291197.0 4508933.0
189 114108.0 112573.0 145219.0 108814.0 187938.0 99241.0 157264.0 109301.0 103226.0 135795.0 139861.0 223006.0 148128.0 183372.0 130391.0 180794.0 152480.0 156154.0 152203.0 136849.0 108831.0 175769.0 147926.0 150978.0 153154.0 131369.0 113846.0 126640.0 125316.0 91397.0 121807.0 150168.0
192 3750.0 2563.0 11115.0 757.0 25906.0 1866.0 11390.0 1358.0 1210.0 6673.0 2226.0 20836.0 3688.0 10067.0 5781.0 2671.0 13147.0 6767.0 2738.0 7182.0 2786.0 5801.0 10605.0 9281.0 2661.0 16889.0 3276.0 2701.0 4092.0 1118.0 3733.0 3493.0
195 954.0 718.0 2391.0 423.0 8012.0 719.0 2618.0 538.0 578.0 1508.0 730.0 5939.0 951.0 2178.0 1266.0 708.0 3050.0 1425.0 809.0 1618.0 830.0 1223.0 2392.0 1906.0 789.0 4331.0 929.0 824.0 1018.0 583.0 1036.0 854.0
198 593.0 524.0 875.0 272.0 1741.0 479.0 840.0 410.0 398.0 732.0 495.0 1479.0 616.0 889.0 722.0 512.0 931.0 707.0 539.0 703.0 569.0 616.0 819.0 839.0 524.0 1192.0 614.0 567.0 613.0 385.0 657.0 535.0
201 418.0 286.0 635.0 150.0 847.0 311.0 575.0 260.0 199.0 546.0 334.0 790.0 465.0 699.0 522.0 305.0 645.0 491.0 393.0 536.0 371.0 407.0 568.0 610.0 360.0 822.0 427.0 343.0 412.0 221.0 400.0 343.0
204 237.0 163.0 395.0 35.0 662.0 151.0 433.0 128.0 80.0 366.0 150.0 600.0 266.0 465.0 290.0 160.0 467.0 326.0 195.0 335.0 198.0 245.0 417.0 421.0 155.0 546.0 231.0 189.0 233.0 85.0 231.0 200.0
207 75.0 58.0 228.0 9.0 445.0 53.0 230.0 32.0 27.0 197.0 44.0 396.0 122.0 232.0 146.0 59.0 296.0 171.0 75.0 160.0 79.0 120.0 246.0 198.0 41.0 309.0 91.0 56.0 110.0 25.0 92.0 58.0
210 31.0 11.0 100.0 5.0 261.0 21.0 125.0 9.0 3.0 72.0 11.0 215.0 34.0 92.0 68.0 12.0 131.0 62.0 22.0 82.0 32.0 41.0 109.0 89.0 13.0 199.0 35.0 27.0 35.0 7.0 31.0 16.0
213 4.0 1.0 46.0 0.0 148.0 6.0 51.0 2.0 1.0 37.0 6.0 119.0 8.0 43.0 29.0 5.0 75.0 22.0 4.0 32.0 15.0 16.0 44.0 44.0 2.0 99.0 13.0 3.0 9.0 0.0 11.0 7.0
216 4.0 1.0 12.0 1.0 72.0 3.0 22.0 0.0 1.0 9.0 0.0 38.0 5.0 10.0 17.0 0.0 28.0 13.0 3.0 9.0 0.0 4.0 22.0 14.0 3.0 22.0 3.0 2.0 2.0 2.0 6.0 6.0
219 2.0 2.0 4.0 1.0 36.0 1.0 5.0 1.0 1.0 2.0 2.0 18.0 2.0 3.0 1.0 0.0 11.0 2.0 1.0 2.0 2.0 2.0 7.0 4.0 1.0 12.0 0.0 0.0 2.0 0.0 3.0 5.0
222 2.0 0.0 2.0 0.0 5.0 2.0 1.0 0.0 0.0 2.0 3.0 8.0 1.0 2.0 5.0 0.0 0.0 1.0 2.0 4.0 3.0 2.0 4.0 4.0 2.0 5.0 2.0 0.0 4.0 0.0 1.0 0.0
225 0.0 0.0 1.0 1.0 6.0 0.0 1.0 1.0 0.0 2.0 2.0 4.0 0.0 2.0 0.0 0.0 1.0 0.0 0.0 1.0 2.0 0.0 3.0 2.0 0.0 3.0 0.0 1.0 1.0 0.0 2.0 2.0
228 2.0 0.0 1.0 0.0 3.0 0.0 0.0 0.0 0.0 0.0 1.0 2.0 1.0 0.0 2.0 0.0 2.0 0.0 1.0 2.0 0.0 3.0 1.0 1.0 2.0 1.0 2.0 0.0 0.0 0.0 0.0 0.0
231 0.0 1.0 1.0 0.0 1.0 0.0 0.0 0.0 0.0 0.0 0.0 0.0 0.0 0.0 1.0 0.0 1.0 0.0 0.0 1.0 0.0 0.0 0.0 0.0 0.0 1.0 0.0 0.0 1.0 0.0 0.0 0.0
234 1.0 0.0 0.0 1.0 7.0 0.0 0.0 1.0 1.0 1.0 1.0 1.0 0.0 0.0 3.0 0.0 0.0 0.0 0.0 1.0 0.0 0.0 1.0 0.0 1.0 2.0 1.0 0.0 0.0 0.0 0.0 0.0
237 0.0 0.0 0.0 0.0 2.0 1.0 0.0 1.0 0.0 1.0 1.0 0.0 0.0 0.0 0.0 0.0 1.0 0.0 0.0 1.0 1.0 0.0 0.0 0.0 0.0 2.0 0.0 0.0 0.0 0.0 0.0 0.0
240 0.0 0.0 0.0 0.0 0.0 0.0 0.0 0.0 0.0 1.0 0.0 0.0 0.0 2.0 0.0 1.0 0.0 0.0 0.0 0.0 0.0 0.0 0.0 1.0 0.0 0.0 1.0 0.0 0.0 0.0 0.0 0.0
243 0.0 1.0 1.0 1.0 0.0 0.0 0.0 0.0 1.0 0.0 0.0 1.0 1.0 1.0 0.0 1.0 2.0 0.0 0.0 2.0 0.0 0.0 1.0 0.0 1.0 0.0 0.0 0.0 1.0 1.0 0.0 0.0
246 0.0 1.0 0.0 0.0 0.0 0.0 0.0 0.0 0.0 0.0 0.0 0.0 0.0 0.0 0.0 0.0 1.0 0.0 0.0 1.0 0.0 0.0 0.0 0.0 0.0 1.0 0.0 0.0 1.0 0.0 0.0 0.0
249 0.0 1.0 0.0 1.0 0.0 0.0 1.0 0.0 1.0 0.0 0.0 1.0 1.0 2.0 1.0 0.0 1.0 1.0 0.0 0.0 0.0 0.0 0.0 1.0 1.0 0.0 0.0 0.0 0.0 0.0 0.0 0.0
252 0.0 0.0 0.0 0.0 0.0 0.0 0.0 0.0 1.0 0.0 0.0 0.0 0.0 0.0 0.0 0.0 2.0 0.0 0.0 1.0 1.0 0.0 0.0 1.0 1.0 1.0 0.0 0.0 1.0 0.0 1.0 0.0
255 0.0 0.0 0.0 1.0 0.0 0.0 1.0 0.0 0.0 1.0 1.0 0.0 0.0 0.0 1.0 1.0 2.0 0.0 0.0 0.0 1.0 0.0 0.0 0.0 2.0 1.0 0.0 0.0 0.0 0.0 0.0 0.0
258 0.0 0.0 0.0 0.0 0.0 1.0 0.0 0.0 0.0 0.0 0.0 0.0 0.0 0.0 0.0 0.0 0.0 1.0 0.0 0.0 1.0 0.0 0.0 0.0 0.0 0.0 0.0 0.0 0.0 0.0 0.0 0.0
261 0.0 0.0 2.0 0.0 1.0 0.0 0.0 0.0 0.0 0.0 0.0 0.0 0.0 3.0 0.0 0.0 0.0 0.0 0.0 0.0 0.0 1.0 0.0 0.0 0.0 1.0 0.0 0.0 0.0 0.0 0.0 0.0
264 0.0 0.0 1.0 0.0 2.0 1.0 0.0 0.0 0.0 0.0 0.0 0.0 1.0 0.0 0.0 0.0 0.0 0.0 0.0 0.0 0.0 0.0 0.0 0.0 1.0 1.0 0.0 0.0 0.0 0.0 1.0 0.0
267 0.0 0.0 0.0 0.0 0.0 0.0 0.0 0.0 0.0 1.0 0.0 0.0 1.0 0.0 0.0 0.0 0.0 0.0 0.0 1.0 0.0 0.0 0.0 0.0 0.0 0.0 0.0 0.0 0.0 0.0 0.0 0.0
270 0.0 0.0 0.0 0.0 1.0 1.0 1.0 0.0 0.0 1.0 0.0 0.0 0.0 1.0 0.0 0.0 0.0 0.0 0.0 0.0 0.0 0.0 0.0 0.0 0.0 3.0 0.0 1.0 0.0 0.0 0.0 0.0
273 0.0 0.0 0.0 0.0 0.0 0.0 0.0 0.0 0.0 0.0 0.0 0.0 0.0 0.0 1.0 0.0 0.0 0.0 0.0 0.0 0.0 0.0 0.0 0.0 0.0 0.0 0.0 0.0 0.0 0.0 0.0 0.0
276 0.0 0.0 1.0 1.0 2.0 1.0 0.0 2.0 1.0 1.0 0.0 2.0 2.0 1.0 1.0 0.0 0.0 0.0 1.0 0.0 0.0 0.0 2.0 0.0 0.0 0.0 0.0 0.0 1.0 1.0 0.0 0.0
279 0.0 0.0 0.0 0.0 0.0 0.0 0.0 0.0 0.0 0.0 0.0 0.0 0.0 0.0 0.0 0.0 0.0 0.0 0.0 0.0 0.0 0.0 0.0 0.0 0.0 0.0 0.0 0.0 0.0 0.0 0.0 0.0
282 0.0 0.0 0.0 0.0 0.0 0.0 0.0 0.0 0.0 0.0 0.0 0.0 0.0 0.0 0.0 0.0 0.0 0.0 0.0 0.0 0.0 0.0 0.0 0.0 0.0 0.0 0.0 0.0 0.0 0.0 0.0 0.0
285 1.0 0.0 1.0 0.0 0.0 0.0 0.0 0.0 0.0 1.0 0.0 1.0 0.0 0.0 0.0 0.0 0.0 0.0 0.0 0.0 0.0 0.0 2.0 0.0 0.0 0.0 1.0 0.0 1.0 0.0 0.0 1.0
288 0.0 0.0 0.0 0.0 0.0 0.0 0.0 0.0 0.0 0.0 0.0 1.0 0.0 0.0 0.0 0.0 0.0 0.0 0.0 0.0 0.0 0.0 0.0 0.0 0.0 0.0 0.0 0.0 0.0 0.0 0.0 0.0
291 0.0 0.0 0.0 0.0 0.0 0.0 0.0 1.0 0.0 0.0 0.0 0.0 0.0 0.0 0.0 1.0 0.0 0.0 0.0 0.0 0.0 0.0 0.0 0.0 0.0 0.0 1.0 0.0 0.0 0.0 0.0 0.0
294 0.0 0.0 0.0 0.0 0.0 0.0 0.0 0.0 0.0 0.0 0.0 0.0 0.0 0.0 0.0 0.0 0.0 0.0 0.0 0.0 0.0 0.0 0.0 0.0 0.0 0.0 0.0 0.0 1.0 0.0 0.0 0.0
297 0.0 0.0 1.0 0.0 2.0 2.0 0.0 0.0 0.0 0.0 0.0 0.0 0.0 0.0 0.0 0.0 0.0 1.0 0.0 0.0 1.0 1.0 0.0 0.0 0.0 0.0 0.0 0.0 0.0 0.0 1.0 0.0
300 0.0 0.0 0.0 0.0 1.0 1.0 0.0 0.0 0.0 0.0 0.0 0.0 0.0 0.0 0.0 0.0 0.0 0.0 0.0 0.0 0.0 0.0 0.0 0.0 1.0 0.0 0.0 0.0 0.0 1.0 0.0 0.0
303 0.0 0.0 0.0 0.0 1.0 0.0 0.0 0.0 0.0 0.0 0.0 0.0 0.0 0.0 0.0 0.0 0.0 0.0 1.0 0.0 1.0 0.0 0.0 0.0 0.0 0.0 0.0 0.0 0.0 0.0 0.0 0.0
306 0.0 0.0 0.0 0.0 0.0 0.0 0.0 0.0 0.0 1.0 0.0 0.0 0.0 1.0 0.0 0.0 0.0 0.0 0.0 0.0 0.0 0.0 2.0 0.0 0.0 0.0 0.0 0.0 1.0 0.0 0.0 0.0
309 0.0 0.0 0.0 0.0 0.0 0.0 0.0 0.0 0.0 0.0 0.0 0.0 0.0 0.0 0.0 0.0 0.0 0.0 0.0 0.0 0.0 0.0 0.0 0.0 0.0 0.0 0.0 0.0 0.0 0.0 0.0 0.0
312 0.0 0.0 0.0 0.0 0.0 1.0 0.0 0.0 0.0 2.0 0.0 0.0 0.0 0.0 0.0 0.0 0.0 0.0 1.0 0.0 0.0 0.0 0.0 0.0 0.0 0.0 0.0 1.0 1.0 0.0 0.0 0.0
315 0.0 0.0 0.0 0.0 0.0 0.0 0.0 0.0 0.0 0.0 0.0 0.0 0.0 0.0 0.0 0.0 0.0 0.0 0.0 0.0 1.0 0.0 0.0 0.0 0.0 0.0 0.0 0.0 0.0 0.0 0.0 0.0
318 1.0 0.0 0.0 0.0 0.0 0.0 0.0 0.0 0.0 1.0 1.0 0.0 0.0 0.0 0.0 0.0 0.0 2.0 0.0 0.0 0.0 0.0 1.0 2.0 0.0 0.0 0.0 0.0 0.0 0.0 0.0 0.0
321 0.0 0.0 0.0 0.0 0.0 0.0 0.0 0.0 0.0 1.0 0.0 0.0 0.0 0.0 0.0 0.0 0.0 0.0 0.0 0.0 0.0 0.0 0.0 0.0 0.0 0.0 0.0 0.0 0.0 0.0 1.0 1.0
324 0.0 0.0 0.0 0.0 0.0 0.0 0.0 0.0 0.0 0.0 0.0 0.0 0.0 0.0 0.0 0.0 0.0 0.0 0.0 0.0 0.0 0.0 0.0 0.0 1.0 0.0 0.0 0.0 0.0 0.0 0.0 0.0
327 0.0 0.0 2.0 0.0 0.0 0.0 0.0 1.0 0.0 0.0 0.0 1.0 0.0 1.0 0.0 0.0 0.0 0.0 0.0 0.0 0.0 0.0 0.0 0.0 0.0 0.0 0.0 0.0 0.0 0.0 0.0 0.0
330 0.0 0.0 0.0 0.0 0.0 0.0 0.0 0.0 0.0 0.0 0.0 0.0 0.0 0.0 0.0 0.0 0.0 0.0 0.0 0.0 0.0 0.0 0.0 0.0 0.0 0.0 0.0 0.0 0.0 0.0 0.0 0.0
333 0.0 0.0 0.0 0.0 0.0 0.0 2.0 0.0 0.0 1.0 0.0 0.0 0.0 0.0 0.0 0.0 0.0 0.0 0.0 0.0 0.0 1.0 1.0 0.0 0.0 0.0 0.0 0.0 0.0 0.0 0.0 0.0
336 0.0 0.0 0.0 0.0 0.0 0.0 0.0 0.0 0.0 0.0 0.0 0.0 0.0 0.0 0.0 0.0 1.0 0.0 0.0 0.0 1.0 0.0 0.0 0.0 0.0 0.0 0.0 0.0 0.0 0.0 0.0 0.0
339 0.0 0.0 0.0 1.0 1.0 0.0 0.0 0.0 0.0 0.0 0.0 0.0 0.0 0.0 0.0 0.0 1.0 0.0 0.0 0.0 1.0 0.0 0.0 0.0 0.0 0.0 0.0 0.0 0.0 0.0 0.0 0.0
342 0.0 0.0 0.0 0.0 0.0 0.0 0.0 0.0 0.0 0.0 0.0 0.0 0.0 1.0 0.0 0.0 0.0 0.0 0.0 0.0 0.0 0.0 0.0 1.0 1.0 0.0 1.0 1.0 0.0 0.0 0.0 0.0
345 2.0 0.0 0.0 0.0 0.0 0.0 1.0 0.0 0.0 0.0 0.0 0.0 0.0 0.0 0.0 0.0 0.0 0.0 0.0 0.0 0.0 0.0 1.0 0.0 0.0 0.0 0.0 0.0 0.0 0.0 0.0 0.0
348 0.0 0.0 0.0 0.0 0.0 0.0 0.0 0.0 0.0 0.0 0.0 0.0 1.0 0.0 0.0 0.0 0.0 0.0 0.0 0.0 0.0 0.0 1.0 0.0 0.0 0.0 0.0 0.0 0.0 0.0 0.0 0.0
351 0.0 0.0 0.0 0.0 0.0 0.0 0.0 0.0 0.0 1.0 0.0 0.0 0.0 0.0 0.0 0.0 0.0 0.0 0.0 0.0 0.0 0.0 0.0 0.0 0.0 0.0 0.0 0.0 0.0 0.0 0.0 0.0
354 0.0 0.0 0.0 0.0 0.0 0.0 0.0 0.0 0.0 0.0 0.0 0.0 0.0 0.0 0.0 0.0 0.0 0.0 0.0 0.0 0.0 0.0 0.0 0.0 0.0 0.0 0.0 0.0 0.0 0.0 0.0 0.0
357 0.0 0.0 0.0 0.0 0.0 0.0 0.0 0.0 0.0 0.0 1.0 0.0 0.0 0.0 0.0 0.0 0.0 0.0 0.0 0.0 0.0 0.0 0.0 0.0 0.0 0.0 0.0 0.0 0.0 0.0 0.0 0.0
