150 17645899.0 17638054.0 17635428.0 17626699.0 17633322.0 17625952.0 17631747.0 17626560.0 17630422.0 17625893.0 17632372.0 17627087.0 17631791.0 17633786.0 17631116.0 17626589.0 17631490.0 17632091.0 17629870.0 17629215.0 17625585.0 17630713.0 17625079.0 17628993.0 17625100.0 17628276.0 17624775.0 17628846.0 17625085.0 17630211.0 17629981.0 17630621.0
153 17854689.0 17849675.0 17847580.0 17842488.0 17846343.0 17842117.0 17845222.0 17842549.0 17844342.0 17842218.0 17845225.0 17842654.0 17844854.0 17845655.0 17844365.0 17842362.0 17844736.0 17844723.0 17843849.0 17843487.0 17842117.0 17844452.0 17841927.0 17843610.0 17841988.0 17843331.0 17841839.0 17843952.0 17841903.0 17844676.0 17844676.0 17845297.0
156 18090349.0 18084275.0 18082844.0 18079589.0 18082023.0 18079496.0 18080986.0 18079554.0 18080291.0 18079522.0 18080854.0 18079539.0 18080593.0 18080856.0 18080735.0 18079513.0 18080641.0 18080753.0 18080448.0 18080251.0 18079466.0 18080961.0 18079467.0 18080479.0 18079494.0 18080526.0 18079453.0 18080959.0 18079451.0 18081780.0 18081814.0 18082335.0
159 18389022.0 18385963.0 18385400.0 18383213.0 18384676.0 18383186.0 18384157.0 18383195.0 18383690.0 18383205.0 18384117.0 18383237.0 18383949.0 18384122.0 18384052.0 18383283.0 18383903.0 18383886.0 18383803.0 18383730.0 18383168.0 18384199.0 18383180.0 18383848.0 18383158.0 18383981.0 18383170.0 18384192.0 18383188.0 18384730.0 18384688.0 18384975.0
162 19004067.0 19003895.0 19003856.0 19002549.0 19003090.0 19002503.0 19003373.0 19002489.0 19003359.0 19002504.0 19003592.0 19002682.0 19003393.0 19004704.0 19003698.0 19002630.0 19003506.0 19004302.0 19003402.0 19003429.0 19001789.0 19004115.0 19001932.0 19003577.0 19001747.0 19003288.0 19001699.0 19003377.0 19001884.0 19003690.0 19003255.0 19003279.0
165 19127429.0 19127365.0 19127437.0 19127361.0 19126896.0 19128524.0 19127062.0 19128466.0 19126966.0 19128846.0 19127158.0 19129596.0 19127114.0 19127907.0 19127283.0 19129445.0 19127293.0 19127508.0 19127101.0 19127335.0 19127028.0 19127537.0 19126849.0 19127333.0 19126634.0 19127046.0 19126516.0 19127204.0 19126577.0 19127125.0 19126928.0 19127071.0
168 18856179.0 18855083.0 18853314.0 18851484.0 18852035.0 18850629.0 18850587.0 18851592.0 18848125.0 18850472.0 18849968.0 18853242.0 18849917.0 18849858.0 18849729.0 18852444.0 18848521.0 18847982.0 18847472.0 18847098.0 18847159.0 18846934.0 18846403.0 18846111.0 18846058.0 18845652.0 18845307.0 18845591.0 18845628.0 18845565.0 18845781.0 18845566.0
171 18224781.0 18236411.0 18194096.0 18132960.0 18196969.0 18087504.0 18191001.0 18111348.0 18174356.0 18094337.0 18176556.0 18119954.0 18180288.0 18177799.0 18140862.0 18105326.0 18173290.0 18155632.0 18144748.0 18131527.0 18097924.0 18134981.0 18081663.0 18123028.0 18098554.0 18106746.0 18077549.0 18125983.0 18083071.0 18115095.0 18126086.0 18130149.0
174 10662555.0 10987047.0 10743534.0 11007575.0 10821688.0 10725261.0 10990521.0 11072756.0 11099656.0 10989450.0 11070408.0 11222131.0 11148556.0 11275798.0 10831744.0 11134375.0 11261908.0 11121876.0 10962326.0 10856841.0 11125447.0 10897620.0 10840178.0 10789233.0 11180016.0 10466540.0 10674021.0 10842991.0 10720005.0 10579007.0 10746644.0 10781368.0
177 9452725.0 9772590.0 9533066.0 9944284.0 9621423.0 9662341.0 9769927.0 10023665.0 9904114.0 9933242.0 9861527.0 10131032.0 9923792.0 10061037.0 9603216.0 10048955.0 10066733.0 9910419.0 9739278.0 9621719.0 10049982.0 9653792.0 9748644.0 9561073.0 10108716.0 9190855.0 9565434.0 9622537.0 9618480.0 9311298.0 9489061.0 9518410.0
180 6749741.0 7056516.0 6838826.0 7358614.0 6930023.0 7083498.0 7060119.0 7448399.0 7231167.0 7345136.0 7163636.0 7496896.0 7198757.0 7354593.0 6875658.0 7412002.0 7393890.0 7209964.0 7018325.0 6884120.0 7432816.0 6919940.0 7141852.0 6848281.0 7512143.0 6479332.0 6969903.0 6925978.0 7032236.0 6584461.0 6759268.0 6775399.0
183 112922.0 167736.0 134413.0 153724.0 136161.0 144358.0 146194.0 195905.0 144799.0 149609.0 150562.0 139274.0 145991.0 168939.0 102644.0 144940.0 179067.0 139221.0 120343.0 115253.0 151918.0 123807.0 123537.0 121902.0 182155.0 103556.0 108452.0 162228.0 119050.0 104332.0 119036.0 133432.0
186 92923.0 110647.0 111101.0 90115.0 90717.0 109881.0 90958.0 116204.0 84370.0 92606.0 96873.0 78492.0 88378.0 115309.0 82776.0 104889.0 93323.0 99162.0 80721.0 89396.0 100970.0 91043.0 82143.0 91138.0 114151.0 90307.0 83594.0 108090.0 85496.0 81987.0 81100.0 103999.0
189 90556.0 100859.0 108737.0 79087.0 82891.0 100926.0 83398.0 97742.0 67048.0 73043.0 91019.0 54644.0 74563.0 111542.0 70681.0 98010.0 85146.0 87207.0 65759.0 75922.0 93496.0 83503.0 64689.0 80577.0 94238.0 77588.0 67217.0 98198.0 73467.0 56534.0 59301.0 95150.0
192 80776.0 74816.0 98802.0 54427.0 63780.0 70764.0 64097.0 60121.0 33002.0 37444.0 76851.0 20506.0 43181.0 103168.0 37281.0 70111.0 75163.0 53844.0 33479.0 40934.0 72717.0 62859.0 30790.0 49774.0 53574.0 43485.0 31456.0 75511.0 43746.0 18813.0 23255.0 70860.0
195 57071.0 32847.0 69153.0 23332.0 31909.0 28863.0 32934.0 17634.0 8720.0 11296.0 44971.0 4966.0 14469.0 79159.0 10757.0 30844.0 49081.0 19606.0 9654.0 12541.0 37365.0 32779.0 8186.0 17326.0 18522.0 13873.0 8393.0 41347.0 15093.0 4397.0 5771.0 35311.0
198 25172.0 7270.0 25809.0 5565.0 8450.0 6617.0 9002.0 4022.0 2203.0 2820.0 13164.0 1714.0 3243.0 37354.0 2616.0 7611.0 16998.0 4429.0 2459.0 2882.0 10038.0 9611.0 2170.0 4096.0 4623.0 3343.0 2199.0 12116.0 3531.0 1815.0 1842.0 9615.0
201 7858.0 2659.0 6594.0 2117.0 2622.0 2594.0 2617.0 2223.0 1496.0 1844.0 3519.0 1378.0 1742.0 11346.0 1611.0 2822.0 4475.0 2088.0 1498.0 1701.0 3045.0 2983.0 1511.0 1930.0 2378.0 1866.0 1587.0 3543.0 1683.0 1461.0 1507.0 3021.0
204 2390.0 2375.0 2586.0 1541.0 1615.0 2041.0 1624.0 1791.0 1175.0 1499.0 1873.0 1024.0 1360.0 3234.0 1323.0 1905.0 1886.0 1752.0 1274.0 1337.0 1879.0 1725.0 1214.0 1515.0 1772.0 1408.0 1223.0 1985.0 1373.0 1093.0 1088.0 2012.0
207 1747.0 2117.0 2090.0 1192.0 1388.0 1617.0 1283.0 1322.0 865.0 1078.0 1583.0 828.0 1092.0 2195.0 1024.0 1659.0 1466.0 1305.0 893.0 1110.0 1598.0 1359.0 883.0 1182.0 1431.0 1129.0 931.0 1594.0 1051.0 793.0 810.0 1560.0
210 1450.0 1522.0 1694.0 889.0 1008.0 1205.0 953.0 956.0 598.0 838.0 1309.0 511.0 761.0 1917.0 706.0 1282.0 1207.0 986.0 642.0 770.0 1188.0 1050.0 642.0 859.0 957.0 751.0 602.0 1211.0 809.0 553.0 560.0 1221.0
213 1050.0 1082.0 1245.0 584.0 741.0 903.0 752.0 572.0 409.0 528.0 914.0 347.0 514.0 1427.0 526.0 897.0 941.0 699.0 482.0 552.0 851.0 701.0 441.0 641.0 690.0 622.0 481.0 872.0 561.0 412.0 442.0 906.0
216 869.0 846.0 936.0 493.0 536.0 680.0 573.0 442.0 341.0 437.0 682.0 264.0 436.0 1129.0 498.0 756.0 671.0 581.0 384.0 463.0 730.0 580.0 378.0 485.0 577.0 500.0 387.0 737.0 456.0 351.0 289.0 715.0
219 650.0 692.0 855.0 412.0 458.0 632.0 468.0 331.0 221.0 321.0 603.0 140.0 353.0 963.0 372.0 610.0 562.0 494.0 256.0 379.0 570.0 454.0 246.0 427.0 432.0 483.0 273.0 570.0 358.0 157.0 163.0 624.0
222 638.0 519.0 765.0 281.0 374.0 453.0 370.0 206.0 117.0 167.0 523.0 57.0 172.0 816.0 215.0 461.0 509.0 307.0 145.0 213.0 511.0 408.0 137.0 310.0 246.0 282.0 122.0 485.0 209.0 56.0 62.0 559.0
225 574.0 304.0 621.0 138.0 235.0 264.0 245.0 86.0 34.0 56.0 388.0 19.0 64.0 707.0 75.0 321.0 414.0 145.0 52.0 88.0 324.0 273.0 37.0 139.0 100.0 108.0 46.0 302.0 86.0 21.0 18.0 320.0
228 386.0 87.0 465.0 47.0 104.0 100.0 107.0 18.0 4.0 26.0 208.0 9.0 31.0 587.0 23.0 141.0 237.0 47.0 9.0 20.0 144.0 130.0 17.0 42.0 23.0 27.0 18.0 125.0 25.0 10.0 11.0 153.0
231 254.0 32.0 233.0 26.0 30.0 30.0 37.0 12.0 10.0 4.0 71.0 5.0 7.0 378.0 11.0 35.0 91.0 23.0 8.0 6.0 36.0 56.0 7.0 26.0 14.0 17.0 10.0 52.0 16.0 5.0 6.0 48.0
234 132.0 18.0 78.0 2.0 25.0 20.0 14.0 12.0 9.0 9.0 21.0 1.0 8.0 144.0 11.0 19.0 32.0 10.0 8.0 10.0 18.0 29.0 5.0 10.0 14.0 15.0 12.0 28.0 7.0 3.0 6.0 20.0
237 59.0 13.0 24.0 19.0 13.0 10.0 8.0 7.0 8.0 5.0 11.0 5.0 5.0 50.0 4.0 14.0 21.0 8.0 4.0 7.0 13.0 13.0 3.0 13.0 7.0 7.0 4.0 18.0 10.0 5.0 4.0 14.0
240 16.0 11.0 17.0 4.0 6.0 9.0 5.0 9.0 7.0 6.0 7.0 1.0 4.0 17.0 6.0 7.0 13.0 4.0 5.0 4.0 7.0 7.0 5.0 10.0 13.0 5.0 6.0 10.0 5.0 11.0 2.0 18.0
243 10.0 6.0 8.0 5.0 6.0 6.0 7.0 3.0 5.0 5.0 11.0 1.0 2.0 21.0 6.0 4.0 7.0 7.0 3.0 4.0 10.0 8.0 0.0 4.0 6.0 7.0 4.0 2.0 4.0 4.0 1.0 10.0
246 11.0 5.0 7.0 2.0 7.0 5.0 5.0 2.0 0.0 5.0 13.0 3.0 7.0 13.0 6.0 6.0 10.0 7.0 5.0 4.0 3.0 3.0 0.0 8.0 4.0 7.0 6.0 4.0 5.0 1.0 0.0 7.0
249 7.0 4.0 8.0 5.0 4.0 4.0 4.0 0.0 0.0 1.0 5.0 0.0 2.0 12.0 1.0 8.0 4.0 5.0 0.0 1.0 12.0 7.0 3.0 3.0 2.0 2.0 0.0 8.0 2.0 0.0 0.0 13.0
252 5.0 4.0 3.0 0.0 4.0 1.0 4.0 2.0 0.0 1.0 7.0 2.0 1.0 10.0 2.0 3.0 4.0 5.0 3.0 4.0 3.0 2.0 1.0 2.0 0.0 2.0 3.0 2.0 2.0 0.0 0.0 3.0
255 4.0 2.0 11.0 0.0 4.0 1.0 4.0 0.0 1.0 1.0 5.0 1.0 2.0 13.0 1.0 9.0 6.0 2.0 1.0 0.0 4.0 4.0 0.0 0.0 2.0 2.0 0.0 7.0 2.0 1.0 0.0 1.0
258 4.0 1.0 13.0 1.0 3.0 1.0 2.0 0.0 1.0 1.0 2.0 0.0 0.0 5.0 0.0 5.0 5.0 0.0 0.0 2.0 5.0 4.0 0.0 1.0 0.0 0.0 0.0 3.0 0.0 0.0 0.0 2.0
261 1.0 1.0 3.0 0.0 2.0 1.0 2.0 0.0 0.0 0.0 1.0 0.0 0.0 3.0 0.0 3.0 1.0 1.0 0.0 0.0 0.0 1.0 0.0 0.0 1.0 1.0 0.0 1.0 0.0 0.0 0.0 0.0
264 2.0 1.0 2.0 0.0 1.0 0.0 0.0 0.0 1.0 0.0 1.0 0.0 0.0 5.0 1.0 0.0 1.0 0.0 0.0 0.0 0.0 1.0 0.0 0.0 1.0 0.0 1.0 1.0 1.0 0.0 0.0 0.0
267 4.0 1.0 1.0 0.0 0.0 0.0 1.0 0.0 0.0 1.0 0.0 0.0 1.0 3.0 1.0 1.0 1.0 0.0 0.0 3.0 1.0 0.0 1.0 1.0 0.0 2.0 0.0 0.0 0.0 0.0 0.0 1.0
270 2.0 0.0 0.0 0.0 1.0 0.0 0.0 0.0 0.0 2.0 0.0 0.0 0.0 0.0 0.0 1.0 0.0 0.0 0.0 1.0 0.0 1.0 0.0 0.0 0.0 0.0 0.0 0.0 0.0 0.0 0.0 0.0
273 0.0 0.0 0.0 0.0 0.0 0.0 0.0 1.0 0.0 1.0 0.0 0.0 1.0 0.0 1.0 2.0 1.0 1.0 0.0 0.0 0.0 0.0 0.0 0.0 0.0 0.0 1.0 0.0 0.0 0.0 0.0 0.0
276 2.0 0.0 2.0 1.0 0.0 1.0 1.0 0.0 0.0 0.0 0.0 0.0 0.0 1.0 0.0 0.0 0.0 1.0 0.0 0.0 0.0 0.0 0.0 0.0 0.0 0.0 0.0 0.0 0.0 1.0 0.0 0.0
279 0.0 0.0 0.0 0.0 0.0 0.0 0.0 0.0 0.0 0.0 0.0 0.0 0.0 1.0 0.0 0.0 0.0 0.0 0.0 0.0 0.0 1.0 0.0 1.0 0.0 0.0 0.0 0.0 0.0 0.0 0.0 1.0
282 0.0 0.0 1.0 0.0 0.0 1.0 1.0 0.0 0.0 0.0 1.0 0.0 1.0 0.0 0.0 0.0 0.0 1.0 0.0 0.0 0.0 0.0 0.0 0.0 0.0 0.0 0.0 0.0 0.0 1.0 2.0 0.0
285 0.0 0.0 1.0 0.0 1.0 0.0 0.0 0.0 0.0 0.0 0.0 0.0 0.0 0.0 0.0 0.0 0.0 0.0 0.0 0.0 0.0 0.0 0.0 0.0 0.0 0.0 0.0 0.0 0.0 0.0 0.0 0.0
288 0.0 0.0 0.0 0.0 0.0 0.0 0.0 0.0 0.0 0.0 1.0 0.0 0.0 1.0 0.0 1.0 0.0 0.0 1.0 0.0 0.0 0.0 0.0 0.0 0.0 0.0 1.0 1.0 0.0 0.0 0.0 0.0
291 0.0 0.0 0.0 0.0 0.0 0.0 0.0 0.0 0.0 0.0 0.0 0.0 0.0 1.0 0.0 0.0 0.0 0.0 0.0 0.0 0.0 0.0 0.0 0.0 0.0 0.0 0.0 0.0 0.0 0.0 0.0 0.0
294 1.0 0.0 0.0 0.0 0.0 0.0 0.0 0.0 0.0 0.0 0.0 0.0 0.0 0.0 0.0 0.0 0.0 0.0 1.0 0.0 0.0 0.0 0.0 0.0 0.0 0.0 0.0 0.0 0.0 0.0 1.0 0.0
297 1.0 0.0 0.0 0.0 0.0 1.0 1.0 0.0 0.0 1.0 1.0 0.0 0.0 0.0 0.0 2.0 0.0 0.0 0.0 0.0 0.0 0.0 0.0 0.0 0.0 0.0 0.0 0.0 0.0 1.0 0.0 0.0
300 1.0 1.0 0.0 1.0 0.0 1.0 1.0 0.0 0.0 0.0 0.0 0.0 0.0 1.0 0.0 1.0 0.0 0.0 0.0 0.0 0.0 0.0 1.0 0.0 1.0 0.0 1.0 0.0 0.0 0.0 0.0 1.0
303 0.0 0.0 0.0 0.0 0.0 0.0 0.0 0.0 0.0 0.0 0.0 0.0 0.0 0.0 0.0 0.0 2.0 1.0 1.0 0.0 1.0 0.0 0.0 0.0 0.0 0.0 0.0 0.0 0.0 0.0 1.0 1.0
306 0.0 0.0 0.0 0.0 0.0 0.0 0.0 0.0 0.0 0.0 0.0 0.0 0.0 0.0 0.0 0.0 0.0 1.0 0.0 0.0 0.0 0.0 1.0 0.0 1.0 0.0 0.0 0.0 0.0 0.0 0.0 0.0
309 0.0 1.0 0.0 0.0 0.0 0.0 0.0 0.0 0.0 1.0 0.0 0.0 0.0 0.0 0.0 1.0 0.0 1.0 0.0 1.0 0.0 0.0 0.0 0.0 0.0 0.0 0.0 0.0 0.0 0.0 1.0 0.0
312 0.0 1.0 0.0 0.0 0.0 0.0 0.0 0.0 0.0 1.0 0.0 0.0 0.0 0.0 0.0 1.0 0.0 1.0 0.0 0.0 0.0 0.0 0.0 0.0 0.0 0.0 0.0 0.0 0.0 1.0 0.0 0.0
315 0.0 0.0 0.0 0.0 0.0 0.0 0.0 0.0 0.0 0.0 0.0 0.0 0.0 0.0 0.0 0.0 0.0 0.0 0.0 0.0 0.0 0.0 0.0 0.0 2.0 1.0 0.0 0.0 0.0 0.0 0.0 0.0
318 1.0 0.0 0.0 0.0 0.0 0.0 0.0 0.0 0.0 0.0 1.0 0.0 0.0 0.0 0.0 0.0 0.0 0.0 0.0 0.0 0.0 0.0 0.0 0.0 0.0 0.0 0.0 1.0 0.0 0.0 0.0 0.0
321 0.0 0.0 0.0 0.0 0.0 0.0 1.0 0.0 0.0 0.0 0.0 0.0 0.0 0.0 0.0 0.0 0.0 0.0 0.0 0.0 0.0 0.0 0.0 0.0 1.0 0.0 0.0 0.0 0.0 0.0 0.0 0.0
324 0.0 0.0 0.0 0.0 1.0 0.0 0.0 0.0 1.0 0.0 0.0 0.0 0.0 0.0 0.0 0.0 1.0 0.0 1.0 0.0 1.0 0.0 0.0 0.0 0.0 0.0 0.0 0.0 0.0 1.0 0.0 1.0
327 0.0 0.0 0.0 0.0 0.0 0.0 0.0 0.0 0.0 0.0 0.0 0.0 0.0 0.0 0.0 0.0 0.0 0.0 1.0 0.0 0.0 0.0 0.0 0.0 0.0 0.0 0.0 2.0 0.0 1.0 0.0 0.0
330 1.0 0.0 0.0 0.0 1.0 0.0 0.0 0.0 0.0 0.0 0.0 0.0 0.0 0.0 0.0 0.0 0.0 0.0 0.0 0.0 0.0 0.0 0.0 0.0 0.0 0.0 0.0 0.0 0.0 0.0 1.0 0.0
333 0.0 0.0 0.0 0.0 0.0 0.0 0.0 0.0 0.0 0.0 1.0 0.0 0.0 0.0 0.0 0.0 0.0 0.0 0.0 0.0 0.0 0.0 0.0 1.0 0.0 0.0 0.0 0.0 0.0 0.0 0.0 0.0
336 0.0 0.0 0.0 0.0 0.0 0.0 0.0 0.0 0.0 0.0 0.0 0.0 0.0 0.0 1.0 0.0 0.0 0.0 0.0 0.0 0.0 1.0 0.0 0.0 0.0 0.0 0.0 1.0 0.0 0.0 0.0 2.0
339 0.0 0.0 0.0 0.0 0.0 0.0 0.0 1.0 0.0 1.0 0.0 0.0 0.0 1.0 0.0 0.0 0.0 0.0 0.0 0.0 1.0 0.0 0.0 0.0 0.0 0.0 0.0 0.0 0.0 0.0 0.0 0.0
342 0.0 0.0 0.0 0.0 0.0 0.0 0.0 0.0 0.0 0.0 2.0 0.0 0.0 0.0 0.0 0.0 0.0 0.0 0.0 0.0 0.0 0.0 1.0 0.0 0.0 0.0 0.0 0.0 0.0 0.0 0.0 0.0
345 0.0 0.0 0.0 0.0 0.0 0.0 0.0 0.0 0.0 0.0 0.0 0.0 0.0 0.0 0.0 0.0 0.0 0.0 1.0 0.0 0.0 0.0 0.0 0.0 0.0 0.0 0.0 0.0 0.0 1.0 0.0 0.0
348 0.0 0.0 0.0 0.0 0.0 0.0 0.0 0.0 0.0 0.0 0.0 0.0 0.0 0.0 0.0 0.0 0.0 0.0 0.0 0.0 0.0 0.0 0.0 0.0 0.0 0.0 0.0 0.0 0.0 0.0 0.0 0.0
351 0.0 0.0 0.0 0.0 0.0 2.0 0.0 1.0 0.0 0.0 1.0 0.0 0.0 0.0 0.0 1.0 0.0 1.0 0.0 0.0 0.0 0.0 0.0 0.0 0.0 0.0 0.0 0.0 0.0 0.0 1.0 0.0
354 1.0 0.0 0.0 0.0 0.0 0.0 0.0 0.0 0.0 1.0 0.0 0.0 0.0 0.0 0.0 1.0 0.0 0.0 0.0 0.0 0.0 0.0 0.0 0.0 0.0 0.0 0.0 0.0 0.0 0.0 1.0 0.0
357 0.0 1.0 0.0 0.0 0.0 0.0 0.0 0.0 0.0 0.0 0.0 1.0 0.0 0.0 0.0 0.0 1.0 0.0 0.0 1.0 0.0 0.0 0.0 0.0 0.0 2.0 0.0 0.0 0.0 0.0 0.0 0.0
