150 73188.0 69468.0 63707.0 70012.0 63225.0 86045.0 59949.0 72184.0 65007.0 66966.0 71985.0 65778.0 71784.0 66249.0 78670.0 61311.0 77292.0 63754.0 69831.0 69678.0 69664.0 78620.0 83034.0 91845.0 55152.0 77308.0 75376.0 87502.0 77224.0 63688.0 97910.0 71944.0
153 17703342.0 17702723.0 17701326.0 17697318.0 17701906.0 17697889.0 17700541.0 17698553.0 17699782.0 17696688.0 17701310.0 17697984.0 17700961.0 17701125.0 17701044.0 17691861.0 17700674.0 17701540.0 17701163.0 17701069.0 17698392.0 17701709.0 17688653.0 17702256.0 17697341.0 17700283.0 17695967.0 17702026.0 17685805.0 17701793.0 17704147.0 17703457.0
156 17927323.0 17926385.0 17925569.0 17923260.0 17925990.0 17923566.0 17925264.0 17923714.0 17924775.0 17923309.0 17925541.0 17923647.0 17925491.0 17925434.0 17925253.0 17922000.0 17925560.0 17925376.0 17925391.0 17925521.0 17923650.0 17925781.0 17920910.0 17926066.0 17923541.0 17925573.0 17923098.0 17926376.0 17920299.0 17926131.0 17927588.0 17927320.0
159 18165219.0 18164520.0 18163882.0 18162200.0 18164248.0 18162445.0 18163748.0 18162520.0 18163291.0 18162178.0 18163686.0 18162366.0 18163664.0 18163511.0 18163593.0 18161778.0 18163762.0 18163492.0 18163716.0 18163813.0 18162447.0 18163872.0 18161316.0 18164026.0 18162311.0 18163883.0 18162154.0 18164470.0 18160998.0 18164267.0 18165569.0 18165210.0
162 18377156.0 18376442.0 18375877.0 18374394.0 18376159.0 18374652.0 18375684.0 18374710.0 18375374.0 18374354.0 18375644.0 18374576.0 18375742.0 18375586.0 18375580.0 18374089.0 18375674.0 18375602.0 18375746.0 18375928.0 18374565.0 18375827.0 18373688.0 18375947.0 18374534.0 18375793.0 18374286.0 18376217.0 18373384.0 18376120.0 18377141.0 18376945.0
165 18706570.0 18705725.0 18705054.0 18702586.0 18705923.0 18702671.0 18705422.0 18702707.0 18704933.0 18702403.0 18705224.0 18702491.0 18705390.0 18705741.0 18705204.0 18702084.0 18704965.0 18705269.0 18705077.0 18705019.0 18702602.0 18705006.0 18701630.0 18704868.0 18702494.0 18704460.0 18702276.0 18705074.0 18701498.0 18705142.0 18705686.0 18705422.0
168 18918616.0 18917658.0 18917539.0 18915637.0 18918519.0 18916059.0 18918826.0 18915488.0 18919013.0 18914678.0 18918960.0 18914984.0 18919579.0 18921532.0 18919925.0 18914106.0 18918949.0 18920095.0 18919458.0 18919154.0 18914623.0 18919355.0 18913720.0 18918650.0 18914509.0 18917999.0 18914407.0 18918484.0 18913449.0 18919073.0 18918278.0 18917941.0
171 18890908.0 18889832.0 18889420.0 18890314.0 18890893.0 18890665.0 18890714.0 18890444.0 18890799.0 18889304.0 18891197.0 18889616.0 18891689.0 18893509.0 18891748.0 18888763.0 18891213.0 18891902.0 18891384.0 18891305.0 18887024.0 18891654.0 18885647.0 18891060.0 18886640.0 18890775.0 18886279.0 18890956.0 18885416.0 18891650.0 18889840.0 18889874.0
174 18565985.0 18558045.0 18549107.0 18525113.0 18556621.0 18506899.0 18551185.0 18521270.0 18542600.0 18536210.0 18547203.0 18532910.0 18548933.0 18546570.0 18539974.0 18546123.0 18544475.0 18540019.0 18535681.0 18535467.0 18522607.0 18532780.0 18514742.0 18528255.0 18527501.0 18530673.0 18515718.0 18528785.0 18511307.0 18531923.0 18530121.0 18532855.0
177 13766691.0 13666845.0 13584212.0 13447476.0 13749710.0 13238231.0 13761446.0 13378252.0 13612220.0 13566547.0 13686049.0 13519181.0 13711936.0 13711183.0 13601302.0 13724935.0 13725687.0 13629376.0 13569166.0 13596938.0 13451060.0 13541728.0 13462848.0 13525218.0 13657573.0 13598626.0 13404300.0 13553897.0 13433986.0 13658415.0 13575717.0 13712910.0
180 10969943.0 10920544.0 10900787.0 11051399.0 11072118.0 10769098.0 11136183.0 10971209.0 11020555.0 11253992.0 11107665.0 11161358.0 11138532.0 11159566.0 11014855.0 11441889.0 11149898.0 11034588.0 10949411.0 10984049.0 11071263.0 10919281.0 11143271.0 10901787.0 11389514.0 10985275.0 11035628.0 10922429.0 11071881.0 11048118.0 10915691.0 11077992.0
183 7410939.0 7360918.0 7353967.0 7595942.0 7507430.0 7302763.0 7577642.0 7490804.0 7467707.0 7803955.0 7548454.0 7672670.0 7567840.0 7607976.0 7449124.0 7991578.0 7586493.0 7454344.0 7369989.0 7405856.0 7594270.0 7352501.0 7715737.0 7362811.0 7963351.0 7419127.0 7599095.0 7360841.0 7644411.0 7466012.0 7336360.0 7486366.0
186 395412.0 366598.0 373609.0 429309.0 420928.0 366324.0 434159.0 379322.0 415432.0 473723.0 431470.0 419619.0 433961.0 469110.0 403941.0 533511.0 467568.0 395393.0 390690.0 409292.0 398666.0 398020.0 466641.0 484563.0 484657.0 421086.0 413147.0 427776.0 495856.0 449090.0 415396.0 473172.0
189 174311.0 151593.0 163153.0 193570.0 176219.0 167928.0 170184.0 160529.0 184976.0 189716.0 178135.0 176391.0 191928.0 198017.0 173649.0 196449.0 209062.0 157036.0 174209.0 184476.0 164637.0 176049.0 212571.0 259247.0 170281.0 181531.0 173087.0 190810.0 257319.0 186107.0 176863.0 214080.0
192 173908.0 150877.0 162235.0 192712.0 175796.0 167869.0 167911.0 160267.0 185247.0 184453.0 175971.0 174774.0 190706.0 194473.0 173448.0 185572.0 207121.0 155655.0 174993.0 182373.0 163275.0 175429.0 208834.0 259869.0 161537.0 180294.0 171431.0 189698.0 258981.0 182412.0 173213.0 211763.0
195 173657.0 150838.0 161932.0 193536.0 175407.0 168254.0 167924.0 159864.0 185007.0 183920.0 175654.0 175329.0 190225.0 194095.0 172313.0 186271.0 207264.0 155128.0 173707.0 182659.0 162683.0 175504.0 209699.0 257940.0 159925.0 180118.0 170881.0 188823.0 255265.0 183072.0 174191.0 210819.0
198 173660.0 150267.0 163085.0 193000.0 175750.0 167167.0 167662.0 159392.0 184160.0 183887.0 176471.0 174664.0 189941.0 193334.0 171915.0 186169.0 207797.0 153514.0 173327.0 181898.0 161349.0 172788.0 209344.0 255945.0 159476.0 180248.0 169516.0 187571.0 261587.0 181337.0 172537.0 209154.0
201 172280.0 149571.0 161369.0 190944.0 175246.0 165739.0 167193.0 156297.0 183202.0 182087.0 173746.0 171235.0 188130.0 191019.0 169740.0 184496.0 205315.0 150269.0 171152.0 180521.0 156827.0 170340.0 208953.0 249838.0 156728.0 178151.0 167679.0 184533.0 256437.0 178255.0 172020.0 202521.0
204 170448.0 144537.0 153713.0 187552.0 170619.0 158554.0 163580.0 144508.0 178869.0 176427.0 170193.0 161512.0 183160.0 182833.0 161210.0 182379.0 201612.0 138100.0 161686.0 171856.0 137425.0 147713.0 206342.0 219313.0 144140.0 173158.0 157783.0 173188.0 261524.0 164336.0 165006.0 177248.0
207 163122.0 126830.0 124747.0 175532.0 155764.0 132019.0 149106.0 106127.0 162794.0 157967.0 154150.0 126022.0 165665.0 151046.0 130258.0 176807.0 190500.0 98009.0 129573.0 144419.0 89155.0 92757.0 200837.0 150665.0 106597.0 152448.0 126936.0 137323.0 241882.0 125175.0 141740.0 120293.0
210 132722.0 78613.0 66292.0 130365.0 105427.0 72990.0 107771.0 44083.0 112907.0 102466.0 104481.0 60337.0 108389.0 80037.0 65979.0 150303.0 149012.0 38098.0 65104.0 79105.0 30087.0 29564.0 177986.0 60444.0 47764.0 98016.0 62755.0 70434.0 188985.0 57106.0 86952.0 47375.0
213 76541.0 30662.0 22611.0 64667.0 45890.0 23864.0 55188.0 12256.0 50547.0 41195.0 44773.0 18066.0 45283.0 26692.0 20079.0 96496.0 81517.0 10322.0 21292.0 25988.0 8408.0 8021.0 124620.0 17778.0 15468.0 40306.0 19745.0 23632.0 105198.0 17055.0 34709.0 14055.0
216 22576.0 7452.0 6250.0 16600.0 11100.0 6657.0 14840.0 4519.0 11982.0 9951.0 10720.0 5767.0 10878.0 7324.0 5853.0 33453.0 22870.0 4096.0 6243.0 6904.0 4115.0 4456.0 49778.0 7363.0 5162.0 9879.0 5880.0 6741.0 28845.0 5574.0 8901.0 5981.0
219 6808.0 4073.0 4140.0 6345.0 5187.0 4410.0 5468.0 3611.0 5336.0 4932.0 5090.0 4294.0 5406.0 4837.0 4210.0 9415.0 7560.0 3387.0 4333.0 4862.0 3575.0 3816.0 14140.0 5953.0 3799.0 5132.0 4216.0 4601.0 9533.0 4169.0 4687.0 4461.0
222 4650.0 3416.0 3538.0 4921.0 4122.0 3663.0 4163.0 2914.0 4313.0 4196.0 4162.0 3611.0 4494.0 4163.0 3676.0 5351.0 5435.0 2823.0 3674.0 3962.0 2813.0 3070.0 6533.0 4854.0 3043.0 4015.0 3613.0 3906.0 6856.0 3470.0 3752.0 3732.0
225 3989.0 2872.0 2856.0 4282.0 3552.0 3117.0 3572.0 2550.0 3753.0 3651.0 3587.0 3038.0 3789.0 3475.0 2978.0 4574.0 4799.0 2340.0 2964.0 3372.0 2427.0 2688.0 5474.0 4407.0 2588.0 3477.0 3005.0 3310.0 6083.0 2988.0 3167.0 3284.0
228 3320.0 2392.0 2556.0 3611.0 2971.0 2674.0 3065.0 2081.0 3094.0 2885.0 3039.0 2543.0 3162.0 2840.0 2650.0 3949.0 4018.0 2024.0 2740.0 2847.0 2172.0 2404.0 4690.0 3859.0 2202.0 3009.0 2618.0 2862.0 4969.0 2637.0 2707.0 2908.0
231 2864.0 2211.0 2339.0 3206.0 2664.0 2398.0 2655.0 2033.0 2771.0 2648.0 2538.0 2448.0 2834.0 2705.0 2363.0 3289.0 3466.0 1929.0 2540.0 2741.0 2061.0 2222.0 4161.0 3526.0 2039.0 2722.0 2358.0 2715.0 4461.0 2463.0 2516.0 2754.0
234 2689.0 2013.0 2352.0 2994.0 2615.0 2372.0 2448.0 2006.0 2674.0 2499.0 2471.0 2329.0 2719.0 2585.0 2231.0 2930.0 3267.0 1848.0 2484.0 2536.0 1935.0 2173.0 3586.0 3507.0 1906.0 2574.0 2291.0 2534.0 4164.0 2338.0 2389.0 2601.0
237 2587.0 2050.0 2198.0 2807.0 2502.0 2259.0 2415.0 1970.0 2562.0 2399.0 2361.0 2166.0 2580.0 2483.0 2220.0 2871.0 3035.0 1833.0 2333.0 2544.0 1867.0 2038.0 3601.0 3261.0 1908.0 2540.0 2239.0 2527.0 4100.0 2402.0 2250.0 2491.0
240 2537.0 1984.0 2157.0 2922.0 2373.0 2215.0 2373.0 1765.0 2520.0 2317.0 2330.0 2170.0 2595.0 2361.0 2118.0 2807.0 3010.0 1620.0 2244.0 2520.0 1675.0 1997.0 3273.0 3043.0 1738.0 2429.0 2083.0 2390.0 3729.0 2137.0 2261.0 2355.0
243 2551.0 1844.0 1960.0 2646.0 2387.0 2297.0 2293.0 1688.0 2358.0 2158.0 2161.0 2004.0 2420.0 2251.0 1999.0 2634.0 2992.0 1564.0 2099.0 2233.0 1535.0 1610.0 3296.0 2766.0 1608.0 2343.0 2032.0 2194.0 3826.0 2021.0 2212.0 2045.0
246 2365.0 1688.0 1813.0 2531.0 2168.0 2025.0 2105.0 1397.0 2253.0 1992.0 2039.0 1765.0 2286.0 2027.0 1723.0 2551.0 2800.0 1236.0 1805.0 2123.0 1126.0 1253.0 3133.0 2341.0 1134.0 2258.0 1791.0 1954.0 3413.0 1641.0 2000.0 1618.0
249 2164.0 1566.0 1478.0 2358.0 1973.0 1682.0 1991.0 1027.0 1974.0 1742.0 1917.0 1364.0 2083.0 1575.0 1347.0 2417.0 2625.0 834.0 1464.0 1802.0 651.0 683.0 3205.0 1588.0 748.0 1978.0 1411.0 1535.0 3232.0 1146.0 1736.0 1022.0
252 1985.0 1169.0 977.0 2023.0 1533.0 1126.0 1593.0 528.0 1610.0 1343.0 1546.0 760.0 1707.0 1004.0 876.0 2082.0 2195.0 362.0 908.0 1132.0 257.0 271.0 2827.0 776.0 349.0 1515.0 798.0 941.0 2744.0 552.0 1295.0 433.0
255 1702.0 748.0 486.0 1472.0 913.0 626.0 1067.0 170.0 1082.0 793.0 960.0 300.0 1012.0 379.0 404.0 1758.0 1766.0 115.0 417.0 546.0 80.0 101.0 2488.0 318.0 150.0 935.0 357.0 449.0 1911.0 233.0 817.0 160.0
258 925.0 226.0 148.0 636.0 334.0 202.0 500.0 58.0 396.0 276.0 377.0 112.0 377.0 130.0 114.0 1095.0 924.0 37.0 138.0 166.0 63.0 63.0 1899.0 113.0 83.0 296.0 120.0 118.0 946.0 82.0 281.0 83.0
261 382.0 113.0 72.0 263.0 130.0 89.0 194.0 49.0 136.0 91.0 141.0 76.0 156.0 75.0 60.0 500.0 399.0 48.0 76.0 87.0 40.0 53.0 1168.0 101.0 31.0 127.0 69.0 67.0 374.0 56.0 113.0 52.0
264 147.0 66.0 61.0 116.0 60.0 66.0 96.0 47.0 82.0 74.0 76.0 51.0 87.0 72.0 45.0 185.0 132.0 36.0 57.0 82.0 51.0 43.0 486.0 78.0 32.0 77.0 49.0 60.0 145.0 49.0 71.0 51.0
267 86.0 58.0 48.0 93.0 78.0 63.0 56.0 32.0 63.0 59.0 55.0 43.0 64.0 48.0 40.0 106.0 85.0 38.0 60.0 62.0 30.0 46.0 188.0 63.0 52.0 62.0 53.0 66.0 116.0 36.0 46.0 66.0
270 72.0 38.0 53.0 58.0 56.0 53.0 52.0 33.0 62.0 41.0 60.0 50.0 62.0 43.0 37.0 83.0 100.0 37.0 58.0 62.0 25.0 36.0 129.0 72.0 41.0 48.0 40.0 51.0 101.0 50.0 61.0 38.0
273 68.0 35.0 63.0 69.0 43.0 48.0 52.0 35.0 55.0 38.0 44.0 50.0 57.0 37.0 47.0 58.0 72.0 33.0 55.0 44.0 33.0 30.0 90.0 62.0 25.0 47.0 38.0 44.0 89.0 38.0 42.0 46.0
276 60.0 34.0 42.0 67.0 49.0 49.0 47.0 38.0 44.0 42.0 39.0 40.0 43.0 39.0 41.0 62.0 75.0 30.0 48.0 60.0 32.0 28.0 75.0 61.0 25.0 53.0 48.0 57.0 89.0 38.0 45.0 39.0
279 51.0 34.0 35.0 52.0 45.0 42.0 50.0 24.0 39.0 33.0 47.0 29.0 51.0 37.0 42.0 57.0 62.0 30.0 46.0 53.0 27.0 32.0 82.0 51.0 22.0 48.0 45.0 44.0 77.0 41.0 51.0 32.0
282 58.0 25.0 33.0 59.0 48.0 40.0 43.0 27.0 49.0 34.0 42.0 32.0 51.0 30.0 36.0 56.0 62.0 27.0 32.0 51.0 16.0 25.0 63.0 46.0 20.0 36.0 32.0 35.0 55.0 20.0 54.0 22.0
285 60.0 28.0 37.0 48.0 42.0 35.0 36.0 26.0 34.0 49.0 40.0 27.0 44.0 34.0 33.0 63.0 64.0 19.0 43.0 38.0 12.0 9.0 66.0 47.0 25.0 40.0 21.0 35.0 54.0 26.0 35.0 24.0
288 53.0 25.0 34.0 57.0 53.0 28.0 38.0 17.0 41.0 40.0 35.0 23.0 38.0 29.0 21.0 50.0 46.0 16.0 33.0 34.0 10.0 13.0 57.0 28.0 10.0 54.0 35.0 33.0 65.0 22.0 37.0 18.0
291 45.0 26.0 22.0 45.0 35.0 21.0 32.0 11.0 31.0 28.0 33.0 20.0 25.0 28.0 22.0 41.0 57.0 11.0 24.0 36.0 8.0 5.0 76.0 19.0 6.0 26.0 16.0 11.0 63.0 17.0 29.0 7.0
294 49.0 17.0 16.0 37.0 17.0 18.0 30.0 7.0 27.0 17.0 27.0 8.0 33.0 14.0 7.0 33.0 37.0 3.0 17.0 31.0 3.0 0.0 62.0 6.0 1.0 22.0 9.0 13.0 31.0 5.0 17.0 6.0
297 34.0 7.0 5.0 35.0 24.0 10.0 16.0 3.0 22.0 7.0 18.0 7.0 15.0 10.0 12.0 27.0 34.0 5.0 8.0 9.0 1.0 1.0 46.0 4.0 2.0 16.0 9.0 6.0 45.0 0.0 21.0 5.0
300 29.0 9.0 4.0 13.0 7.0 7.0 19.0 2.0 13.0 8.0 11.0 0.0 7.0 4.0 1.0 31.0 21.0 1.0 4.0 5.0 1.0 0.0 53.0 3.0 2.0 4.0 3.0 4.0 26.0 0.0 14.0 1.0
303 15.0 3.0 2.0 5.0 4.0 4.0 7.0 3.0 6.0 4.0 9.0 0.0 5.0 2.0 2.0 13.0 11.0 0.0 3.0 1.0 0.0 3.0 31.0 1.0 2.0 6.0 4.0 0.0 7.0 2.0 5.0 0.0
306 5.0 2.0 0.0 4.0 1.0 2.0 2.0 0.0 3.0 2.0 4.0 2.0 2.0 2.0 1.0 10.0 10.0 0.0 1.0 5.0 1.0 1.0 23.0 3.0 4.0 2.0 1.0 3.0 7.0 3.0 2.0 2.0
309 0.0 2.0 1.0 4.0 2.0 2.0 1.0 1.0 3.0 3.0 0.0 3.0 1.0 2.0 0.0 2.0 1.0 0.0 2.0 1.0 0.0 2.0 10.0 2.0 1.0 2.0 2.0 0.0 4.0 1.0 1.0 1.0
312 2.0 1.0 1.0 1.0 0.0 4.0 1.0 3.0 2.0 2.0 2.0 1.0 1.0 2.0 1.0 2.0 2.0 1.0 0.0 1.0 3.0 0.0 11.0 2.0 0.0 1.0 0.0 0.0 3.0 1.0 0.0 3.0
315 1.0 1.0 0.0 6.0 0.0 1.0 0.0 0.0 0.0 0.0 1.0 4.0 1.0 1.0 0.0 1.0 0.0 0.0 0.0 0.0 1.0 0.0 1.0 3.0 0.0 3.0 2.0 0.0 1.0 1.0 1.0 0.0
318 0.0 2.0 3.0 2.0 1.0 2.0 0.0 0.0 2.0 1.0 2.0 1.0 1.0 1.0 1.0 3.0 0.0 2.0 0.0 0.0 2.0 2.0 2.0 0.0 0.0 2.0 0.0 0.0 1.0 0.0 2.0 1.0
321 6.0 1.0 1.0 1.0 0.0 0.0 1.0 1.0 0.0 0.0 1.0 1.0 3.0 3.0 0.0 4.0 2.0 0.0 1.0 0.0 0.0 2.0 3.0 5.0 0.0 2.0 1.0 0.0 4.0 3.0 1.0 2.0
324 3.0 0.0 1.0 2.0 1.0 2.0 0.0 0.0 0.0 0.0 1.0 0.0 1.0 1.0 3.0 2.0 1.0 1.0 2.0 0.0 1.0 1.0 1.0 2.0 0.0 1.0 0.0 0.0 2.0 0.0 0.0 0.0
327 2.0 0.0 0.0 0.0 0.0 4.0 2.0 3.0 0.0 0.0 0.0 1.0 0.0 0.0 1.0 2.0 1.0 0.0 0.0 0.0 0.0 0.0 0.0 0.0 1.0 2.0 0.0 0.0 1.0 4.0 0.0 1.0
330 0.0 1.0 1.0 3.0 1.0 1.0 0.0 0.0 1.0 3.0 2.0 0.0 1.0 0.0 2.0 1.0 3.0 0.0 0.0 0.0 0.0 0.0 0.0 1.0 0.0 3.0 1.0 0.0 2.0 1.0 1.0 0.0
333 1.0 1.0 0.0 4.0 2.0 3.0 1.0 1.0 2.0 0.0 1.0 0.0 0.0 0.0 0.0 3.0 1.0 1.0 1.0 1.0 0.0 1.0 0.0 2.0 1.0 2.0 1.0 0.0 1.0 3.0 2.0 0.0
336 0.0 2.0 1.0 0.0 1.0 1.0 1.0 1.0 1.0 0.0 0.0 1.0 0.0 0.0 0.0 3.0 3.0 0.0 0.0 3.0 0.0 0.0 1.0 0.0 1.0 1.0 0.0 0.0 3.0 0.0 0.0 0.0
339 3.0 0.0 0.0 0.0 1.0 0.0 0.0 1.0 0.0 0.0 2.0 0.0 1.0 0.0 0.0 1.0 1.0 0.0 0.0 0.0 0.0 3.0 1.0 0.0 0.0 0.0 0.0 1.0 0.0 0.0 1.0 0.0
342 2.0 1.0 0.0 3.0 0.0 0.0 1.0 1.0 2.0 0.0 0.0 0.0 1.0 2.0 1.0 1.0 2.0 0.0 1.0 1.0 1.0 0.0 0.0 0.0 1.0 0.0 0.0 1.0 0.0 1.0 0.0 0.0
345 1.0 0.0 0.0 2.0 0.0 0.0 0.0 0.0 0.0 0.0 0.0 0.0 0.0 0.0 0.0 0.0 0.0 0.0 1.0 0.0 1.0 0.0 0.0 0.0 1.0 0.0 0.0 0.0 0.0 1.0 0.0 0.0
348 0.0 0.0 0.0 0.0 0.0 1.0 0.0 2.0 0.0 1.0 0.0 0.0 0.0 1.0 1.0 1.0 0.0 1.0 0.0 0.0 0.0 0.0 0.0 0.0 0.0 0.0 0.0 1.0 0.0 0.0 0.0 1.0
351 0.0 2.0 0.0 2.0 0.0 0.0 0.0 1.0 0.0 0.0 0.0 1.0 0.0 0.0 0.0 0.0 0.0 0.0 0.0 1.0 0.0 0.0 2.0 0.0 0.0 0.0 0.0 0.0 0.0 0.0 0.0 0.0
354 0.0 1.0 1.0 0.0 0.0 0.0 0.0 0.0 0.0 0.0 0.0 0.0 0.0 0.0 0.0 1.0 0.0 1.0 1.0 0.0 1.0 0.0 2.0 0.0 0.0 1.0 0.0 0.0 0.0 0.0 1.0 1.0
357 0.0 0.0 0.0 0.0 0.0 0.0 0.0 4.0 1.0 1.0 0.0 1.0 1.0 0.0 1.0 0.0 0.0 0.0 0.0 0.0 0.0 0.0 1.0 1.0 0.0 0.0 0.0 0.0 0.0 0.0 0.0 0.0
