150 5207.0 5252.0 5149.0 5186.0 4972.0 5125.0 4969.0 5287.0 4896.0 5519.0 5128.0 6088.0 4941.0 4955.0 5131.0 4978.0 5138.0 4900.0 4992.0 5088.0 5503.0 5880.0 5362.0 5157.0 4958.0 5002.0 5203.0 5170.0 5328.0 4967.0 5171.0 4978.0
153 17929506.0 17929560.0 17927856.0 17925503.0 17926210.0 17925209.0 17925997.0 17925580.0 17925278.0 17926142.0 17926513.0 17927325.0 17925724.0 17925977.0 17926640.0 17924690.0 17926478.0 17925266.0 17925839.0 17925825.0 17925944.0 17927709.0 17925415.0 17925646.0 17923939.0 17924921.0 17924877.0 17925409.0 17925340.0 17924906.0 17925896.0 17925728.0
156 18629412.0 18628436.0 18623684.0 18618542.0 18621106.0 18618511.0 18620831.0 18618475.0 18620188.0 18618481.0 18619990.0 18618398.0 18620394.0 18620496.0 18619737.0 18618562.0 18619968.0 18619852.0 18619765.0 18619271.0 18618295.0 18619750.0 18618145.0 18618942.0 18618182.0 18619035.0 18618093.0 18619070.0 18618093.0 18619518.0 18619830.0 18620975.0
159 19031231.0 19030117.0 19026793.0 19020234.0 19024318.0 19019938.0 19023961.0 19019792.0 19023290.0 19019919.0 19022778.0 19019867.0 19023705.0 19023855.0 19022994.0 19019993.0 19023045.0 19022956.0 19022686.0 19021977.0 19019520.0 19022889.0 19019207.0 19021347.0 19019277.0 19021574.0 19019041.0 19021757.0 19019056.0 19022769.0 19023199.0 19024491.0
162 19420833.0 19418816.0 19415528.0 19411348.0 19413484.0 19411213.0 19413659.0 19410666.0 19414197.0 19411143.0 19412974.0 19411181.0 19415267.0 19415217.0 19414035.0 19410434.0 19414476.0 19414559.0 19414031.0 19413085.0 19409612.0 19413629.0 19409143.0 19411844.0 19408927.0 19412308.0 19408578.0 19412177.0 19408530.0 19413482.0 19413266.0 19414286.0
165 19705213.0 19704562.0 19703678.0 19702497.0 19703253.0 19702479.0 19703315.0 19702166.0 19703583.0 19702389.0 19703160.0 19702515.0 19704010.0 19703893.0 19703671.0 19701931.0 19703688.0 19703858.0 19703552.0 19703201.0 19701735.0 19703393.0 19701614.0 19702851.0 19701527.0 19703049.0 19701435.0 19702949.0 19701429.0 19703459.0 19703462.0 19703901.0
168 19929493.0 19929270.0 19929006.0 19928677.0 19928762.0 19928546.0 19928976.0 19928281.0 19929358.0 19928438.0 19928965.0 19928550.0 19929688.0 19929772.0 19929597.0 19928124.0 19929526.0 19929814.0 19929566.0 19929149.0 19927961.0 19929136.0 19927849.0 19928900.0 19927768.0 19929061.0 19927735.0 19928946.0 19927678.0 19929323.0 19929139.0 19929204.0
171 19989276.0 19989305.0 19989389.0 19989798.0 19989392.0 19990132.0 19989409.0 19989781.0 19989538.0 19990265.0 19989388.0 19990210.0 19989684.0 19989617.0 19989677.0 19989862.0 19989489.0 19989708.0 19989501.0 19989378.0 19989427.0 19989264.0 19989305.0 19989256.0 19989121.0 19989305.0 19989099.0 19989260.0 19989023.0 19989364.0 19989279.0 19989236.0
174 19882574.0 19882457.0 19881658.0 19883293.0 19881337.0 19883524.0 19881190.0 19882495.0 19881151.0 19883853.0 19881164.0 19883980.0 19881418.0 19881112.0 19881937.0 19883302.0 19881177.0 19881020.0 19880789.0 19880575.0 19881482.0 19880399.0 19880908.0 19880260.0 19880646.0 19880198.0 19880155.0 19880061.0 19880163.0 19880110.0 19880086.0 19880012.0
177 19506392.0 19501145.0 19494978.0 19441336.0 19485168.0 19424107.0 19482671.0 19426816.0 19473961.0 19426400.0 19466160.0 19418685.0 19479247.0 19475214.0 19465176.0 19450164.0 19462357.0 19472286.0 19463139.0 19455751.0 19427788.0 19453408.0 19423096.0 19446822.0 19437329.0 19452746.0 19423911.0 19454244.0 19428858.0 19460625.0 19458008.0 19464529.0
180 11466067.0 11385530.0 11410474.0 11083881.0 11296281.0 10915870.0 11309092.0 11019448.0 11284245.0 11014448.0 11124868.0 10854486.0 11462788.0 11400517.0 11152519.0 11532367.0 11123515.0 11440619.0 11196609.0 11076094.0 11027253.0 11004192.0 10999052.0 10915589.0 11370652.0 11055936.0 11003278.0 11110885.0 11035672.0 11269946.0 11135473.0 11242033.0
183 9483101.0 9470974.0 9623534.0 9743111.0 9584409.0 9545774.0 9609334.0 9707978.0 9640356.0 9693366.0 9448952.0 9468784.0 9907059.0 9816650.0 9489019.0 10376938.0 9454254.0 9874048.0 9537102.0 9382733.0 9651258.0 9274500.0 9620212.0 9150504.0 10159083.0 9321200.0 9624419.0 9406837.0 9645646.0 9599838.0 9395430.0 9490153.0
186 7373266.0 7353272.0 7542660.0 7939659.0 7503271.0 7710947.0 7519851.0 7909416.0 7562575.0 7873793.0 7351953.0 7626772.0 7863836.0 7745462.0 7371037.0 8606424.0 7343106.0 7800592.0 7419926.0 7254817.0 7795309.0 7144752.0 7786539.0 7033503.0 8380113.0 7189448.0 7811189.0 7284799.0 7810520.0 7463169.0 7239164.0 7294012.0
189 21575.0 29323.0 47570.0 54238.0 41905.0 29122.0 49453.0 39549.0 50329.0 47732.0 27717.0 23781.0 93872.0 73126.0 41804.0 122230.0 20127.0 85974.0 31519.0 15485.0 32297.0 11255.0 35108.0 7752.0 79669.0 14414.0 31958.0 21649.0 30775.0 35208.0 22859.0 18893.0
192 244.0 431.0 1027.0 1290.0 726.0 456.0 1064.0 879.0 973.0 1156.0 348.0 352.0 2041.0 1260.0 595.0 3553.0 137.0 2159.0 447.0 136.0 578.0 92.0 920.0 81.0 3144.0 196.0 947.0 361.0 718.0 970.0 427.0 427.0
195 1.0 1.0 8.0 21.0 15.0 6.0 4.0 14.0 13.0 23.0 4.0 23.0 31.0 16.0 20.0 53.0 0.0 23.0 3.0 1.0 9.0 0.0 14.0 1.0 48.0 3.0 17.0 6.0 11.0 27.0 5.0 17.0
198 0.0 0.0 0.0 1.0 2.0 0.0 0.0 4.0 0.0 3.0 0.0 5.0 0.0 1.0 5.0 1.0 1.0 0.0 0.0 0.0 0.0 0.0 0.0 0.0 0.0 0.0 0.0 0.0 0.0 7.0 3.0 3.0
201 0.0 0.0 0.0 0.0 0.0 0.0 0.0 0.0 0.0 0.0 0.0 1.0 0.0 0.0 1.0 0.0 0.0 0.0 0.0 0.0 0.0 0.0 0.0 0.0 0.0 0.0 0.0 0.0 0.0 0.0 0.0 0.0
204 0.0 0.0 0.0 0.0 0.0 0.0 0.0 0.0 0.0 0.0 0.0 0.0 0.0 0.0 0.0 0.0 0.0 0.0 0.0 0.0 0.0 0.0 0.0 0.0 0.0 0.0 0.0 0.0 0.0 0.0 0.0 0.0
207 0.0 0.0 0.0 0.0 0.0 0.0 0.0 0.0 0.0 0.0 0.0 0.0 0.0 0.0 0.0 0.0 0.0 0.0 0.0 0.0 0.0 0.0 0.0 0.0 0.0 0.0 0.0 0.0 0.0 0.0 0.0 0.0
210 0.0 0.0 0.0 0.0 1.0 0.0 0.0 0.0 0.0 0.0 0.0 0.0 0.0 0.0 0.0 0.0 0.0 0.0 0.0 0.0 0.0 0.0 0.0 0.0 0.0 0.0 0.0 0.0 0.0 0.0 0.0 0.0
213 0.0 0.0 0.0 0.0 0.0 0.0 0.0 0.0 0.0 0.0 0.0 0.0 0.0 0.0 0.0 0.0 0.0 0.0 0.0 0.0 0.0 0.0 0.0 0.0 0.0 0.0 0.0 0.0 0.0 0.0 0.0 0.0
216 0.0 0.0 0.0 0.0 0.0 0.0 0.0 0.0 0.0 0.0 0.0 0.0 0.0 0.0 0.0 0.0 0.0 0.0 0.0 0.0 0.0 0.0 0.0 0.0 0.0 0.0 0.0 0.0 0.0 0.0 0.0 0.0
219 0.0 0.0 0.0 0.0 0.0 0.0 0.0 0.0 0.0 0.0 0.0 0.0 0.0 0.0 0.0 0.0 0.0 0.0 0.0 0.0 0.0 0.0 0.0 0.0 0.0 0.0 0.0 0.0 0.0 0.0 0.0 0.0
222 0.0 0.0 0.0 0.0 0.0 0.0 0.0 0.0 0.0 0.0 0.0 0.0 0.0 0.0 0.0 0.0 0.0 0.0 0.0 0.0 0.0 0.0 0.0 0.0 0.0 0.0 0.0 0.0 0.0 0.0 0.0 0.0
225 0.0 0.0 0.0 0.0 0.0 0.0 0.0 0.0 0.0 0.0 0.0 0.0 0.0 0.0 0.0 0.0 0.0 0.0 0.0 0.0 0.0 0.0 0.0 0.0 0.0 0.0 0.0 0.0 0.0 0.0 0.0 0.0
228 0.0 0.0 0.0 0.0 0.0 0.0 0.0 1.0 0.0 0.0 0.0 0.0 0.0 0.0 0.0 0.0 0.0 0.0 0.0 0.0 0.0 0.0 0.0 0.0 0.0 0.0 0.0 0.0 0.0 0.0 0.0 0.0
231 0.0 0.0 0.0 0.0 0.0 0.0 0.0 0.0 0.0 0.0 0.0 0.0 0.0 0.0 0.0 0.0 0.0 0.0 0.0 0.0 0.0 0.0 0.0 0.0 0.0 0.0 0.0 0.0 0.0 0.0 0.0 0.0
234 0.0 0.0 0.0 0.0 0.0 0.0 0.0 0.0 0.0 0.0 0.0 0.0 0.0 0.0 0.0 0.0 0.0 0.0 0.0 0.0 0.0 0.0 0.0 0.0 0.0 0.0 0.0 0.0 0.0 0.0 0.0 0.0
237 0.0 0.0 0.0 0.0 0.0 0.0 0.0 0.0 0.0 0.0 0.0 0.0 0.0 0.0 0.0 0.0 0.0 0.0 0.0 0.0 0.0 0.0 0.0 0.0 0.0 0.0 0.0 0.0 0.0 0.0 0.0 0.0
240 0.0 0.0 0.0 0.0 0.0 0.0 0.0 0.0 0.0 0.0 0.0 0.0 0.0 0.0 0.0 0.0 0.0 0.0 0.0 0.0 0.0 0.0 0.0 0.0 0.0 0.0 0.0 0.0 0.0 0.0 0.0 0.0
243 0.0 0.0 0.0 0.0 0.0 0.0 0.0 0.0 0.0 0.0 0.0 0.0 0.0 0.0 0.0 0.0 0.0 0.0 0.0 0.0 0.0 0.0 0.0 0.0 0.0 0.0 0.0 0.0 0.0 0.0 0.0 0.0
246 0.0 0.0 0.0 0.0 0.0 0.0 0.0 0.0 0.0 0.0 0.0 0.0 0.0 0.0 0.0 0.0 0.0 0.0 0.0 0.0 0.0 0.0 0.0 0.0 0.0 0.0 0.0 0.0 0.0 0.0 0.0 0.0
249 0.0 0.0 0.0 0.0 0.0 0.0 0.0 0.0 0.0 0.0 0.0 0.0 0.0 0.0 0.0 0.0 0.0 0.0 0.0 0.0 0.0 0.0 0.0 0.0 0.0 0.0 0.0 0.0 0.0 0.0 0.0 0.0
252 0.0 0.0 0.0 0.0 0.0 0.0 0.0 0.0 0.0 0.0 0.0 0.0 0.0 0.0 0.0 0.0 0.0 0.0 0.0 0.0 0.0 0.0 0.0 0.0 0.0 0.0 0.0 0.0 0.0 0.0 0.0 0.0
255 0.0 0.0 0.0 0.0 0.0 0.0 0.0 0.0 0.0 0.0 0.0 0.0 0.0 0.0 0.0 0.0 0.0 0.0 0.0 0.0 0.0 0.0 0.0 0.0 0.0 0.0 0.0 0.0 0.0 0.0 0.0 0.0
258 0.0 0.0 0.0 0.0 0.0 0.0 0.0 0.0 0.0 0.0 0.0 0.0 0.0 0.0 0.0 0.0 0.0 0.0 0.0 0.0 0.0 0.0 0.0 0.0 0.0 0.0 0.0 0.0 0.0 0.0 0.0 0.0
261 0.0 0.0 0.0 0.0 0.0 0.0 0.0 0.0 0.0 0.0 0.0 0.0 0.0 0.0 0.0 0.0 0.0 0.0 0.0 0.0 0.0 0.0 0.0 0.0 0.0 0.0 0.0 0.0 0.0 0.0 0.0 0.0
264 0.0 0.0 0.0 0.0 0.0 0.0 0.0 0.0 0.0 0.0 0.0 0.0 0.0 0.0 0.0 0.0 0.0 0.0 0.0 0.0 0.0 0.0 0.0 0.0 0.0 0.0 0.0 0.0 0.0 0.0 0.0 0.0
267 0.0 0.0 0.0 0.0 0.0 0.0 0.0 0.0 0.0 0.0 0.0 0.0 0.0 0.0 0.0 0.0 0.0 0.0 0.0 0.0 0.0 0.0 0.0 0.0 0.0 0.0 0.0 0.0 0.0 0.0 0.0 0.0
270 0.0 0.0 0.0 0.0 0.0 0.0 0.0 0.0 0.0 0.0 0.0 0.0 0.0 0.0 0.0 0.0 0.0 0.0 0.0 0.0 0.0 0.0 0.0 0.0 0.0 0.0 0.0 0.0 0.0 0.0 0.0 0.0
273 0.0 0.0 0.0 0.0 0.0 0.0 0.0 0.0 0.0 0.0 0.0 0.0 0.0 0.0 0.0 0.0 0.0 0.0 0.0 0.0 0.0 0.0 0.0 0.0 0.0 0.0 0.0 0.0 0.0 0.0 0.0 0.0
276 0.0 0.0 0.0 0.0 0.0 0.0 0.0 0.0 0.0 0.0 0.0 0.0 0.0 0.0 0.0 0.0 0.0 0.0 0.0 0.0 0.0 0.0 0.0 0.0 0.0 0.0 0.0 0.0 0.0 0.0 0.0 0.0
279 0.0 0.0 0.0 0.0 0.0 0.0 0.0 0.0 0.0 0.0 0.0 0.0 0.0 0.0 0.0 0.0 0.0 0.0 0.0 0.0 0.0 0.0 0.0 0.0 0.0 0.0 0.0 0.0 0.0 0.0 0.0 0.0
282 0.0 0.0 0.0 0.0 0.0 0.0 0.0 0.0 0.0 0.0 0.0 0.0 0.0 0.0 0.0 0.0 0.0 0.0 0.0 0.0 0.0 0.0 0.0 0.0 0.0 0.0 0.0 0.0 0.0 0.0 0.0 0.0
285 0.0 0.0 0.0 0.0 0.0 0.0 0.0 0.0 0.0 0.0 0.0 0.0 0.0 0.0 0.0 0.0 0.0 0.0 0.0 0.0 0.0 0.0 0.0 0.0 0.0 0.0 0.0 0.0 0.0 0.0 0.0 0.0
288 0.0 0.0 0.0 0.0 0.0 0.0 0.0 0.0 0.0 0.0 0.0 0.0 0.0 0.0 0.0 0.0 0.0 0.0 0.0 0.0 0.0 0.0 0.0 0.0 0.0 0.0 0.0 0.0 0.0 0.0 0.0 0.0
291 0.0 0.0 0.0 0.0 0.0 0.0 0.0 0.0 0.0 0.0 0.0 0.0 0.0 0.0 0.0 0.0 0.0 0.0 0.0 0.0 0.0 0.0 0.0 0.0 0.0 0.0 0.0 0.0 0.0 0.0 0.0 0.0
294 0.0 0.0 0.0 0.0 0.0 0.0 0.0 0.0 0.0 0.0 0.0 0.0 0.0 0.0 0.0 0.0 0.0 0.0 0.0 0.0 0.0 0.0 0.0 0.0 0.0 0.0 0.0 0.0 0.0 0.0 0.0 0.0
297 0.0 0.0 0.0 0.0 0.0 0.0 0.0 0.0 0.0 0.0 0.0 0.0 0.0 0.0 0.0 0.0 0.0 0.0 0.0 0.0 0.0 0.0 0.0 0.0 0.0 0.0 0.0 0.0 0.0 0.0 0.0 0.0
300 0.0 0.0 0.0 0.0 0.0 0.0 0.0 0.0 0.0 0.0 0.0 0.0 0.0 0.0 0.0 0.0 0.0 0.0 0.0 0.0 0.0 0.0 0.0 0.0 0.0 0.0 0.0 0.0 0.0 0.0 0.0 0.0
303 0.0 0.0 0.0 0.0 0.0 0.0 0.0 0.0 0.0 0.0 0.0 0.0 0.0 0.0 0.0 0.0 0.0 0.0 0.0 0.0 0.0 0.0 0.0 0.0 0.0 0.0 0.0 0.0 0.0 0.0 0.0 0.0
306 0.0 0.0 0.0 0.0 0.0 0.0 0.0 0.0 0.0 0.0 0.0 0.0 0.0 0.0 0.0 0.0 0.0 0.0 0.0 0.0 0.0 0.0 0.0 0.0 0.0 0.0 0.0 0.0 0.0 0.0 0.0 0.0
309 0.0 0.0 0.0 0.0 0.0 0.0 0.0 0.0 0.0 0.0 0.0 0.0 0.0 0.0 0.0 0.0 0.0 0.0 0.0 0.0 0.0 0.0 0.0 0.0 0.0 0.0 0.0 0.0 0.0 0.0 0.0 0.0
312 0.0 0.0 0.0 0.0 0.0 0.0 0.0 0.0 0.0 0.0 0.0 0.0 0.0 0.0 0.0 0.0 0.0 0.0 0.0 0.0 0.0 0.0 0.0 0.0 0.0 0.0 0.0 0.0 0.0 0.0 0.0 0.0
315 0.0 0.0 0.0 0.0 0.0 0.0 0.0 0.0 0.0 0.0 0.0 0.0 0.0 0.0 0.0 0.0 0.0 0.0 0.0 0.0 0.0 0.0 0.0 0.0 0.0 0.0 0.0 0.0 0.0 0.0 0.0 0.0
318 0.0 0.0 0.0 0.0 0.0 0.0 0.0 0.0 0.0 0.0 0.0 0.0 0.0 0.0 0.0 0.0 0.0 0.0 0.0 0.0 0.0 0.0 0.0 0.0 0.0 0.0 0.0 0.0 0.0 0.0 0.0 0.0
321 0.0 0.0 0.0 0.0 0.0 0.0 0.0 0.0 0.0 0.0 0.0 0.0 0.0 0.0 0.0 0.0 0.0 0.0 0.0 0.0 0.0 0.0 0.0 0.0 0.0 0.0 0.0 0.0 0.0 0.0 0.0 0.0
324 0.0 0.0 0.0 0.0 0.0 0.0 0.0 0.0 0.0 0.0 0.0 0.0 0.0 0.0 0.0 0.0 0.0 0.0 0.0 0.0 0.0 0.0 0.0 0.0 0.0 0.0 0.0 0.0 0.0 0.0 0.0 0.0
327 0.0 0.0 0.0 0.0 0.0 0.0 0.0 0.0 0.0 0.0 0.0 0.0 0.0 0.0 0.0 0.0 0.0 0.0 0.0 0.0 0.0 0.0 0.0 0.0 0.0 0.0 0.0 0.0 0.0 0.0 0.0 0.0
330 0.0 0.0 0.0 0.0 0.0 0.0 0.0 0.0 0.0 0.0 0.0 0.0 0.0 0.0 0.0 0.0 0.0 0.0 0.0 0.0 0.0 0.0 0.0 0.0 0.0 0.0 0.0 0.0 0.0 0.0 0.0 0.0
333 0.0 0.0 0.0 0.0 0.0 0.0 0.0 0.0 0.0 0.0 0.0 0.0 0.0 0.0 0.0 0.0 0.0 0.0 0.0 0.0 0.0 0.0 0.0 0.0 0.0 0.0 0.0 0.0 0.0 0.0 0.0 0.0
336 0.0 0.0 0.0 0.0 0.0 0.0 0.0 0.0 0.0 0.0 0.0 0.0 0.0 0.0 0.0 0.0 0.0 0.0 0.0 0.0 0.0 0.0 0.0 0.0 0.0 0.0 0.0 0.0 0.0 0.0 0.0 0.0
339 0.0 0.0 0.0 0.0 0.0 0.0 0.0 0.0 0.0 0.0 0.0 0.0 0.0 0.0 0.0 0.0 0.0 0.0 0.0 0.0 0.0 0.0 0.0 0.0 0.0 0.0 0.0 0.0 0.0 0.0 0.0 0.0
342 0.0 0.0 0.0 0.0 0.0 0.0 0.0 0.0 0.0 0.0 0.0 0.0 0.0 0.0 0.0 0.0 0.0 0.0 0.0 0.0 0.0 0.0 0.0 0.0 0.0 0.0 0.0 0.0 0.0 0.0 0.0 0.0
345 0.0 0.0 0.0 0.0 0.0 0.0 0.0 0.0 0.0 0.0 0.0 0.0 0.0 0.0 0.0 0.0 0.0 0.0 0.0 0.0 0.0 0.0 0.0 0.0 0.0 0.0 0.0 0.0 0.0 0.0 0.0 0.0
348 0.0 0.0 0.0 0.0 0.0 0.0 0.0 0.0 0.0 0.0 0.0 0.0 0.0 0.0 0.0 0.0 0.0 0.0 0.0 0.0 0.0 0.0 0.0 0.0 0.0 0.0 0.0 0.0 0.0 0.0 0.0 0.0
351 0.0 0.0 0.0 0.0 0.0 0.0 0.0 0.0 0.0 0.0 0.0 0.0 0.0 0.0 0.0 0.0 0.0 0.0 0.0 0.0 0.0 0.0 0.0 0.0 0.0 0.0 0.0 0.0 0.0 0.0 0.0 0.0
354 0.0 0.0 0.0 0.0 0.0 0.0 0.0 0.0 0.0 0.0 0.0 0.0 0.0 0.0 0.0 0.0 0.0 0.0 0.0 0.0 0.0 0.0 0.0 0.0 0.0 0.0 0.0 0.0 0.0 0.0 0.0 0.0
357 0.0 0.0 0.0 0.0 0.0 0.0 0.0 0.0 0.0 0.0 0.0 0.0 0.0 0.0 0.0 0.0 0.0 0.0 0.0 0.0 0.0 0.0 0.0 0.0 0.0 0.0 0.0 0.0 0.0 0.0 0.0 0.0
