100 0.0 3.0 3.0 3.0 1.0 0.0 0.0 0.0 0.0 2.0 0.0 0.0 0.0 0.0 0.0 0.0 0.0 2.0 0.0 0.0 0.0 1.0 3.0 0.0 1.0 2.0 2.0 0.0 0.0 0.0 0.0 1.0
103 0.0 2.0 4.0 2.0 0.0 2.0 0.0 1.0 1.0 4.0 1.0 1.0 1.0 0.0 0.0 0.0 2.0 1.0 0.0 2.0 0.0 0.0 0.0 0.0 1.0 0.0 1.0 2.0 0.0 1.0 0.0 1.0
106 0.0 3.0 15.0 0.0 1.0 2.0 0.0 0.0 2.0 7.0 0.0 0.0 5.0 4.0 1.0 1.0 0.0 6.0 2.0 1.0 5.0 1.0 2.0 3.0 1.0 1.0 1.0 1.0 2.0 0.0 0.0 2.0
109 2.0 5.0 19.0 5.0 5.0 4.0 2.0 2.0 2.0 15.0 2.0 4.0 8.0 3.0 3.0 2.0 2.0 7.0 1.0 1.0 5.0 1.0 5.0 9.0 2.0 3.0 2.0 3.0 3.0 1.0 1.0 4.0
112 1.0 8.0 26.0 13.0 8.0 10.0 3.0 10.0 5.0 16.0 3.0 6.0 15.0 8.0 2.0 12.0 2.0 8.0 6.0 3.0 9.0 0.0 14.0 5.0 4.0 2.0 5.0 4.0 3.0 0.0 7.0 19.0
115 0.0 14.0 35.0 12.0 12.0 4.0 4.0 16.0 9.0 23.0 11.0 10.0 28.0 10.0 6.0 7.0 7.0 21.0 6.0 4.0 19.0 1.0 14.0 14.0 8.0 1.0 5.0 11.0 2.0 2.0 4.0 14.0
118 1.0 34.0 46.0 27.0 11.0 13.0 7.0 23.0 16.0 45.0 7.0 6.0 38.0 24.0 4.0 18.0 8.0 31.0 13.0 13.0 34.0 16.0 16.0 29.0 15.0 9.0 12.0 14.0 6.0 2.0 6.0 29.0
121 7.0 62.0 115.0 44.0 32.0 33.0 12.0 42.0 28.0 87.0 28.0 24.0 69.0 25.0 15.0 33.0 20.0 66.0 17.0 23.0 55.0 12.0 31.0 44.0 23.0 19.0 23.0 15.0 20.0 10.0 15.0 55.0
124 12.0 145.0 221.0 98.0 46.0 48.0 19.0 86.0 50.0 195.0 28.0 34.0 159.0 54.0 31.0 56.0 14.0 140.0 20.0 33.0 123.0 21.0 65.0 105.0 37.0 38.0 34.0 47.0 25.0 10.0 17.0 83.0
127 9.0 221.0 355.0 192.0 138.0 136.0 28.0 144.0 165.0 311.0 73.0 102.0 309.0 147.0 83.0 126.0 76.0 253.0 61.0 77.0 217.0 48.0 158.0 230.0 83.0 71.0 85.0 113.0 60.0 26.0 23.0 260.0
130 30.0 328.0 579.0 418.0 289.0 304.0 105.0 304.0 273.0 504.0 190.0 191.0 442.0 275.0 179.0 259.0 151.0 384.0 161.0 156.0 367.0 168.0 258.0 352.0 192.0 173.0 220.0 215.0 142.0 73.0 146.0 468.0
133 62.0 492.0 854.0 583.0 352.0 425.0 179.0 429.0 380.0 799.0 335.0 265.0 711.0 386.0 262.0 371.0 248.0 617.0 239.0 257.0 522.0 298.0 388.0 546.0 313.0 268.0 336.0 324.0 254.0 179.0 233.0 708.0
136 162.0 957.0 1970.0 946.0 648.0 753.0 329.0 766.0 684.0 1399.0 564.0 484.0 1294.0 674.0 444.0 656.0 417.0 1224.0 407.0 437.0 975.0 472.0 652.0 1026.0 472.0 446.0 554.0 521.0 404.0 234.0 347.0 1192.0
139 281.0 2891.0 4992.0 2314.0 1503.0 1579.0 527.0 1927.0 1361.0 4017.0 991.0 1060.0 3556.0 1669.0 953.0 1258.0 878.0 3289.0 774.0 807.0 2708.0 772.0 1521.0 2683.0 1058.0 1080.0 1046.0 1158.0 745.0 486.0 698.0 2206.0
142 615.0 5726.0 8245.0 5920.0 4346.0 4497.0 1479.0 5088.0 4022.0 7862.0 3055.0 3252.0 7500.0 4685.0 2851.0 3923.0 2809.0 6469.0 2281.0 2649.0 6097.0 2218.0 4357.0 6431.0 3070.0 3183.0 3199.0 3345.0 2257.0 1403.0 2093.0 6409.0
145 1885.0 8974.0 12875.0 9743.0 7593.0 8465.0 4108.0 8622.0 7642.0 11994.0 6952.0 6302.0 11352.0 8313.0 5867.0 7418.0 5830.0 10417.0 5662.0 5996.0 9850.0 5655.0 7648.0 10344.0 6501.0 6726.0 7208.0 6740.0 5522.0 4070.0 5122.0 12319.0
148 5788.0 14397.0 19717.0 15646.0 12686.0 13696.0 8219.0 13665.0 12153.0 18155.0 12091.0 10296.0 17956.0 13474.0 9690.0 12079.0 9837.0 16629.0 9886.0 10109.0 15301.0 10406.0 12126.0 16350.0 11737.0 11462.0 11923.0 11024.0 10085.0 8419.0 9381.0 19452.0
151 11606.0 24781.0 34473.0 25085.0 20967.0 22688.0 13430.0 23165.0 19432.0 31240.0 19103.0 16940.0 30526.0 22903.0 16252.0 19156.0 16158.0 28257.0 16333.0 16614.0 26247.0 16717.0 19668.0 28303.0 18686.0 19189.0 19108.0 17754.0 16272.0 14277.0 15434.0 30987.0
154 13648246.0 13649663.0 13651277.0 13618986.0 13642534.0 13627606.0 13623135.0 13645524.0 13622203.0 13645227.0 13638131.0 13629542.0 13657264.0 13654283.0 13642756.0 13619752.0 13636391.0 13653167.0 13631420.0 13628695.0 13644536.0 13626631.0 13619558.0 13652429.0 13619764.0 13641172.0 13611211.0 13615872.0 13619148.0 13627726.0 13627093.0 13616659.0
157 17510573.0 17498803.0 17488756.0 17476587.0 17498866.0 17481965.0 17501980.0 17487395.0 17491091.0 17479270.0 17499903.0 17490486.0 17493237.0 17499814.0 17503177.0 17483264.0 17503550.0 17494223.0 17502417.0 17500285.0 17484529.0 17499918.0 17482111.0 17494607.0 17483148.0 17500963.0 17479890.0 17492697.0 17488320.0 17504495.0 17502622.0 17477981.0
160 18016000.0 18005576.0 17994239.0 17980994.0 18005403.0 17986213.0 18009979.0 17991065.0 17997493.0 17981074.0 18007540.0 17994354.0 17997071.0 18005060.0 18008486.0 17988821.0 18009715.0 17998328.0 18011022.0 18008430.0 17987689.0 18007848.0 17986595.0 17999931.0 17988501.0 18008477.0 17985781.0 17999680.0 17994042.0 18013146.0 18010589.0 17988968.0
163 18292141.0 18280604.0 18269043.0 18255549.0 18280554.0 18261236.0 18285116.0 18265822.0 18272504.0 18254494.0 18283228.0 18268182.0 18272569.0 18279977.0 18282755.0 18262685.0 18284749.0 18273177.0 18286174.0 18283504.0 18262034.0 18283403.0 18260846.0 18275141.0 18264346.0 18284263.0 18260824.0 18274349.0 18269168.0 18288273.0 18285449.0 18264909.0
166 18633219.0 18618967.0 18607950.0 18595023.0 18619825.0 18601603.0 18624981.0 18605689.0 18612772.0 18594787.0 18622663.0 18608686.0 18611617.0 18619490.0 18622647.0 18602603.0 18624266.0 18612148.0 18625477.0 18623223.0 18602172.0 18623142.0 18600955.0 18615013.0 18604539.0 18624081.0 18601740.0 18614861.0 18609537.0 18628051.0 18625568.0 18605528.0
169 18794472.0 18781627.0 18771001.0 18758039.0 18783510.0 18764811.0 18787856.0 18768364.0 18776040.0 18756430.0 18785774.0 18771123.0 18774717.0 18782894.0 18785319.0 18765473.0 18787012.0 18775664.0 18788285.0 18786275.0 18765452.0 18786054.0 18763846.0 18779179.0 18768601.0 18787894.0 18765042.0 18778495.0 18773482.0 18790779.0 18788695.0 18772552.0
172 18834131.0 18823376.0 18814196.0 18799600.0 18826332.0 18806894.0 18829296.0 18810447.0 18818623.0 18797353.0 18827474.0 18812551.0 18818481.0 18825144.0 18827307.0 18807904.0 18828688.0 18818748.0 18829258.0 18827274.0 18806508.0 18827973.0 18804819.0 18821717.0 18810969.0 18828927.0 18807245.0 18821799.0 18815248.0 18830630.0 18829411.0 18819269.0
175 18654786.0 18649879.0 18643008.0 18626713.0 18650821.0 18632641.0 18651783.0 18635448.0 18646460.0 18621465.0 18650651.0 18637888.0 18645017.0 18649258.0 18650524.0 18633441.0 18650979.0 18645437.0 18650059.0 18649470.0 18631253.0 18649759.0 18629090.0 18645974.0 18635952.0 18649297.0 18632839.0 18646370.0 18639702.0 18650135.0 18649875.0 18646073.0
178 18311408.0 18317415.0 18306462.0 18264000.0 18307854.0 18267122.0 18308043.0 18270846.0 18295245.0 18252902.0 18301632.0 18276069.0 18290604.0 18293948.0 18295948.0 18273254.0 18299254.0 18289196.0 18293471.0 18291430.0 18263346.0 18292430.0 18260104.0 18280207.0 18266820.0 18287013.0 18261741.0 18285010.0 18270354.0 18288927.0 18289557.0 18288290.0
181 13535693.0 14005372.0 13866162.0 13335128.0 13712527.0 13222413.0 13787704.0 13218886.0 13745940.0 13162463.0 13705220.0 13294302.0 13552980.0 13489107.0 13598130.0 13454632.0 13735631.0 13550345.0 13648335.0 13578676.0 13213062.0 13680032.0 13244476.0 13289704.0 13336472.0 13464327.0 13258397.0 13702992.0 13299038.0 13621662.0 13704687.0 13996102.0
184 11071106.0 11081766.0 11057050.0 11017267.0 11008709.0 10958651.0 11077967.0 10962611.0 11110436.0 10922892.0 11088851.0 11016655.0 11001718.0 10946035.0 11039443.0 11151552.0 11111274.0 10994232.0 11055762.0 10998063.0 10940636.0 11066413.0 10970361.0 10765551.0 11059170.0 10886069.0 10980149.0 11067154.0 11005739.0 10974211.0 11012055.0 11187273.0
187 10461173.0 10388852.0 10376141.0 10415321.0 10334412.0 10378513.0 10388603.0 10386222.0 10430610.0 10346173.0 10410321.0 10417958.0 10347779.0 10296254.0 10375442.0 10521984.0 10427655.0 10338462.0 10389636.0 10341394.0 10358470.0 10394459.0 10377903.0 10141535.0 10461034.0 10242174.0 10388424.0 10395415.0 10421925.0 10311354.0 10334158.0 10468678.0
190 641647.0 707844.0 734298.0 719485.0 673983.0 690837.0 682599.0 671525.0 728441.0 674030.0 703233.0 654589.0 687429.0 654567.0 655683.0 706882.0 686312.0 679808.0 666881.0 651017.0 666593.0 675728.0 646073.0 630040.0 683821.0 630661.0 675246.0 682238.0 665970.0 644062.0 648773.0 792620.0
193 152106.0 169532.0 203655.0 204295.0 176291.0 189667.0 156607.0 170402.0 187689.0 188049.0 179184.0 148455.0 191557.0 173185.0 148119.0 175404.0 154576.0 182618.0 163297.0 161811.0 177163.0 167295.0 164622.0 181846.0 182753.0 167323.0 184921.0 164120.0 164681.0 155494.0 150794.0 270649.0
196 150974.0 165518.0 199317.0 200265.0 175332.0 188695.0 153506.0 169623.0 183446.0 186993.0 177304.0 146339.0 190356.0 172087.0 146511.0 169592.0 150798.0 180940.0 161582.0 161661.0 176098.0 166323.0 163838.0 182839.0 180402.0 166390.0 183574.0 161001.0 162309.0 154242.0 148882.0 267643.0
199 151394.0 165656.0 200535.0 201642.0 174797.0 187771.0 153801.0 169605.0 184489.0 187712.0 177842.0 146695.0 191242.0 172600.0 146005.0 169300.0 150364.0 181496.0 161499.0 161263.0 176400.0 166542.0 163795.0 182940.0 181765.0 166701.0 183168.0 160978.0 161763.0 153808.0 149588.0 268417.0
202 151523.0 165470.0 200350.0 201178.0 175214.0 188753.0 153715.0 169963.0 184283.0 187354.0 176816.0 145820.0 191151.0 173028.0 146707.0 169633.0 150232.0 181617.0 162169.0 161728.0 176719.0 166145.0 163583.0 182623.0 182189.0 166660.0 183444.0 161669.0 162262.0 154859.0 149984.0 270109.0
205 151061.0 165405.0 200748.0 201914.0 175600.0 186970.0 153282.0 169596.0 184272.0 189056.0 175983.0 147174.0 190885.0 173250.0 146838.0 169574.0 150599.0 181627.0 162360.0 160931.0 176374.0 165843.0 164712.0 183403.0 180031.0 167073.0 183889.0 162284.0 162099.0 154850.0 149197.0 268879.0
208 150717.0 165787.0 200841.0 201463.0 174729.0 186514.0 154189.0 168134.0 184215.0 188310.0 175478.0 147173.0 190746.0 172252.0 145912.0 169677.0 150674.0 181277.0 162094.0 160992.0 175899.0 165813.0 164375.0 182649.0 177452.0 167427.0 183855.0 161920.0 161841.0 154534.0 149585.0 268429.0
211 149395.0 167006.0 199967.0 201611.0 175105.0 187488.0 152597.0 169124.0 183732.0 188605.0 176560.0 146432.0 190393.0 173426.0 146642.0 169132.0 150289.0 181157.0 162027.0 161161.0 176155.0 165596.0 163530.0 182893.0 175491.0 166718.0 183013.0 161119.0 161232.0 154151.0 149387.0 269013.0
214 149253.0 166122.0 200295.0 201701.0 174215.0 186188.0 152458.0 168824.0 182658.0 188005.0 175059.0 146008.0 191420.0 172032.0 145224.0 168996.0 149657.0 181263.0 161033.0 161043.0 176538.0 164067.0 163347.0 182088.0 177070.0 166168.0 181921.0 160243.0 160956.0 152888.0 149202.0 267517.0
217 147987.0 164933.0 199767.0 200239.0 173904.0 186180.0 152280.0 167374.0 182269.0 187776.0 174903.0 145670.0 190389.0 170690.0 144953.0 168979.0 149474.0 180904.0 160890.0 159574.0 174876.0 164757.0 163012.0 181817.0 175263.0 164567.0 182420.0 160333.0 160561.0 151265.0 147621.0 266290.0
220 136516.0 165013.0 199515.0 199057.0 173083.0 184368.0 150144.0 167083.0 182102.0 186264.0 174081.0 144278.0 188759.0 171162.0 144789.0 168678.0 148953.0 179476.0 158704.0 158230.0 174418.0 162644.0 161916.0 180627.0 173343.0 160844.0 179416.0 160117.0 158612.0 145690.0 146429.0 265523.0
223 103408.0 163660.0 198529.0 198129.0 171709.0 181968.0 146419.0 165219.0 179474.0 185424.0 170889.0 143622.0 188031.0 168752.0 141169.0 165179.0 146163.0 178378.0 151970.0 153206.0 174276.0 158326.0 159972.0 177165.0 174804.0 147808.0 175263.0 157951.0 151410.0 128381.0 140954.0 263766.0
226 40856.0 162376.0 197257.0 195568.0 162693.0 168662.0 118723.0 156676.0 172384.0 182605.0 151321.0 132838.0 184618.0 157014.0 125035.0 159106.0 131164.0 174128.0 118614.0 126060.0 165889.0 131332.0 152002.0 159369.0 148741.0 102127.0 145777.0 148919.0 118702.0 74418.0 111341.0 254742.0
229 13492.0 155330.0 195705.0 185598.0 137375.0 130298.0 70346.0 130897.0 150813.0 175335.0 107390.0 106814.0 173803.0 126734.0 88967.0 139865.0 97403.0 162459.0 69532.0 79090.0 144886.0 84286.0 125916.0 119852.0 105342.0 51394.0 96728.0 122004.0 72641.0 30742.0 67028.0 231005.0
232 5738.0 130465.0 186439.0 148092.0 81315.0 66820.0 23344.0 80348.0 95884.0 143343.0 48027.0 59051.0 137140.0 68548.0 38614.0 86857.0 47172.0 128925.0 23568.0 28856.0 95592.0 31908.0 72514.0 60814.0 45699.0 16194.0 38655.0 69017.0 27511.0 9258.0 23317.0 159456.0
235 4544.0 81111.0 156231.0 82091.0 30958.0 22453.0 7703.0 33222.0 40264.0 83582.0 15296.0 21593.0 77933.0 24258.0 11673.0 35413.0 15609.0 74668.0 8016.0 9246.0 44458.0 10099.0 26798.0 21415.0 14019.0 6951.0 12101.0 24079.0 9330.0 5119.0 7672.0 66936.0
238 3859.0 33040.0 95081.0 28319.0 10286.0 8790.0 5126.0 11678.0 13261.0 30509.0 7305.0 7688.0 29047.0 8759.0 5661.0 11149.0 6435.0 27241.0 5355.0 5690.0 15449.0 6157.0 9296.0 8919.0 7022.0 5279.0 6903.0 8217.0 5610.0 4209.0 5041.0 20319.0
241 3375.0 11923.0 39770.0 11184.0 6400.0 6652.0 4494.0 6615.0 7614.0 11640.0 5902.0 5094.0 11607.0 6058.0 4533.0 6767.0 4986.0 10521.0 4873.0 5012.0 7680.0 5300.0 6317.0 6841.0 5739.0 4667.0 5822.0 5948.0 4807.0 3682.0 4343.0 11542.0
244 3352.0 6586.0 13869.0 7848.0 5447.0 5904.0 4098.0 5517.0 6266.0 7634.0 5246.0 4346.0 7714.0 5258.0 4014.0 5715.0 4477.0 6772.0 4381.0 4421.0 6072.0 4775.0 5534.0 5891.0 5145.0 4235.0 5284.0 5153.0 4383.0 3382.0 3789.0 9763.0
247 3288.0 5392.0 8375.0 6969.0 5125.0 5348.0 3584.0 4927.0 5492.0 6968.0 4760.0 3836.0 6762.0 4817.0 3630.0 5244.0 3926.0 5703.0 4046.0 4034.0 5241.0 4393.0 4858.0 5577.0 4620.0 3970.0 4892.0 4528.0 4089.0 3077.0 3400.0 8776.0
250 3134.0 4696.0 7015.0 5965.0 4536.0 4892.0 3421.0 4343.0 5152.0 5997.0 4371.0 3550.0 6068.0 4495.0 3430.0 4790.0 3638.0 5085.0 3747.0 3994.0 4873.0 4153.0 4439.0 5122.0 4342.0 3936.0 4664.0 4340.0 3823.0 3055.0 3381.0 7771.0
253 3051.0 4204.0 6145.0 5703.0 4479.0 4835.0 3352.0 4299.0 4929.0 5728.0 4324.0 3473.0 5699.0 4118.0 3240.0 4559.0 3496.0 4737.0 3810.0 3896.0 4534.0 4054.0 4335.0 5001.0 4235.0 3855.0 4441.0 3998.0 3763.0 2947.0 3263.0 7680.0
256 3069.0 4249.0 5964.0 5660.0 4435.0 4578.0 3429.0 4164.0 4898.0 5678.0 4316.0 3347.0 5518.0 4260.0 3160.0 4484.0 3454.0 4478.0 3671.0 3926.0 4467.0 4084.0 4490.0 4996.0 4253.0 3700.0 4453.0 4034.0 3848.0 3047.0 3281.0 7426.0
259 3122.0 4066.0 5645.0 5597.0 4331.0 4545.0 3374.0 4114.0 4931.0 5401.0 4155.0 3339.0 5332.0 4094.0 3243.0 4396.0 3336.0 4471.0 3703.0 3708.0 4318.0 3977.0 4130.0 4973.0 4126.0 3808.0 4443.0 4017.0 3751.0 2870.0 3130.0 7443.0
262 2869.0 3970.0 5343.0 5375.0 4208.0 4582.0 3399.0 4015.0 4747.0 5303.0 4080.0 3286.0 5259.0 4115.0 3095.0 4243.0 3341.0 4408.0 3621.0 3602.0 4257.0 3863.0 4220.0 4856.0 4126.0 3713.0 4392.0 3898.0 3593.0 2955.0 3191.0 7268.0
265 2841.0 3983.0 5191.0 5295.0 4209.0 4442.0 3198.0 3942.0 4559.0 5181.0 4199.0 3296.0 5232.0 3994.0 3142.0 4322.0 3400.0 4297.0 3653.0 3570.0 4207.0 3942.0 4016.0 4772.0 3886.0 3447.0 4246.0 3957.0 3572.0 2818.0 3064.0 7182.0
268 2777.0 3753.0 5136.0 5267.0 4066.0 4328.0 3129.0 3965.0 4536.0 5203.0 3939.0 3216.0 5222.0 3982.0 3111.0 4231.0 3289.0 4198.0 3588.0 3471.0 4102.0 3768.0 4056.0 4645.0 3921.0 3401.0 4089.0 3929.0 3622.0 2726.0 3074.0 7000.0
271 2707.0 3830.0 5024.0 5199.0 4058.0 4281.0 3118.0 3953.0 4334.0 5209.0 3887.0 3069.0 5039.0 3987.0 2978.0 4120.0 3226.0 4095.0 3327.0 3471.0 4060.0 3793.0 3896.0 4622.0 3698.0 3369.0 4145.0 3757.0 3472.0 2669.0 2878.0 6885.0
274 2297.0 3630.0 4889.0 5193.0 3905.0 4235.0 3092.0 3812.0 4331.0 4855.0 3812.0 2954.0 4922.0 3716.0 2976.0 3951.0 3153.0 3996.0 3244.0 3441.0 3957.0 3668.0 3910.0 4407.0 3811.0 3284.0 3958.0 3655.0 3344.0 2537.0 2886.0 6649.0
277 1726.0 3718.0 4926.0 4948.0 3936.0 4065.0 2898.0 3578.0 4222.0 4930.0 3631.0 2898.0 4876.0 3743.0 2878.0 3928.0 3103.0 3943.0 3207.0 3326.0 3917.0 3642.0 3666.0 4366.0 3593.0 3082.0 3783.0 3565.0 3227.0 2198.0 2704.0 6627.0
280 1042.0 3620.0 4697.0 4816.0 3811.0 3979.0 2610.0 3627.0 4137.0 4727.0 3452.0 2847.0 4684.0 3482.0 2713.0 3781.0 3033.0 3992.0 2855.0 3061.0 3756.0 3285.0 3719.0 4209.0 3330.0 2804.0 3628.0 3362.0 2888.0 1764.0 2498.0 6357.0
283 412.0 3501.0 4738.0 4757.0 3595.0 3755.0 2162.0 3483.0 4053.0 4695.0 3238.0 2755.0 4678.0 3338.0 2537.0 3625.0 2730.0 3707.0 2428.0 2597.0 3739.0 2955.0 3498.0 4033.0 3068.0 2201.0 3044.0 3350.0 2465.0 1097.0 2128.0 6101.0
286 224.0 3503.0 4603.0 4665.0 3374.0 3395.0 1523.0 3301.0 3793.0 4560.0 2623.0 2504.0 4489.0 3084.0 2120.0 3363.0 2394.0 3646.0 1608.0 2012.0 3499.0 2122.0 3180.0 3658.0 2501.0 1350.0 2512.0 2985.0 1775.0 551.0 1508.0 5743.0
289 114.0 3180.0 4470.0 4200.0 2742.0 2587.0 666.0 2703.0 3161.0 4305.0 1636.0 1930.0 4275.0 2456.0 1327.0 2837.0 1579.0 3446.0 804.0 1031.0 2991.0 1091.0 2530.0 2617.0 1623.0 577.0 1390.0 2317.0 941.0 223.0 830.0 4933.0
292 128.0 3007.0 4290.0 3693.0 2074.0 1663.0 274.0 2032.0 2272.0 3998.0 902.0 1306.0 3822.0 1697.0 817.0 2031.0 881.0 3093.0 324.0 460.0 2551.0 515.0 1729.0 1786.0 785.0 273.0 685.0 1521.0 407.0 145.0 377.0 3692.0
295 110.0 2446.0 4012.0 2864.0 1166.0 880.0 162.0 1203.0 1508.0 3358.0 390.0 707.0 3150.0 844.0 327.0 1178.0 424.0 2488.0 179.0 216.0 1822.0 227.0 952.0 903.0 334.0 144.0 338.0 777.0 235.0 96.0 165.0 2202.0
298 100.0 1765.0 3711.0 1790.0 476.0 355.0 117.0 675.0 664.0 2305.0 227.0 310.0 2048.0 380.0 142.0 507.0 186.0 1797.0 156.0 128.0 991.0 159.0 414.0 408.0 209.0 130.0 182.0 338.0 140.0 90.0 109.0 1070.0
301 80.0 1117.0 3010.0 905.0 256.0 216.0 129.0 307.0 341.0 1364.0 170.0 158.0 1225.0 215.0 113.0 274.0 122.0 1005.0 132.0 158.0 497.0 147.0 252.0 268.0 162.0 112.0 165.0 198.0 135.0 82.0 132.0 433.0
304 79.0 516.0 2154.0 451.0 172.0 179.0 98.0 182.0 224.0 628.0 132.0 119.0 605.0 161.0 101.0 167.0 120.0 470.0 128.0 139.0 267.0 138.0 182.0 213.0 157.0 131.0 153.0 155.0 117.0 76.0 110.0 335.0
307 90.0 276.0 1206.0 292.0 164.0 180.0 106.0 163.0 172.0 314.0 143.0 109.0 311.0 133.0 88.0 178.0 108.0 264.0 122.0 117.0 175.0 151.0 157.0 194.0 111.0 118.0 134.0 163.0 132.0 71.0 116.0 280.0
