150 11759846.0 11768943.0 11771641.0 11768512.0 11767409.0 11769699.0 11765149.0 11773549.0 11769273.0 11765467.0 11774218.0 11788020.0 11767599.0 11774812.0 11771054.0 11754505.0 11774486.0 11757597.0 11764938.0 11773807.0 11760612.0 11790891.0 11760156.0 11777176.0 11755145.0 11784134.0 11766534.0 11761702.0 11773226.0 11765439.0 11786529.0 11760314.0
153 17746527.0 17746392.0 17746389.0 17746005.0 17746606.0 17745908.0 17746390.0 17745858.0 17746142.0 17745858.0 17746457.0 17745916.0 17746266.0 17746421.0 17746442.0 17745840.0 17746286.0 17746406.0 17746126.0 17746385.0 17745778.0 17746480.0 17745778.0 17746090.0 17745775.0 17746244.0 17745808.0 17746186.0 17745769.0 17746122.0 17746266.0 17746619.0
156 17899131.0 17900534.0 17899477.0 17896579.0 17898978.0 17896531.0 17897902.0 17896428.0 17897549.0 17896536.0 17897876.0 17896612.0 17897492.0 17897746.0 17897709.0 17896530.0 17897194.0 17897761.0 17897041.0 17897346.0 17896255.0 17897600.0 17896322.0 17896869.0 17896316.0 17897013.0 17896196.0 17896853.0 17896116.0 17896979.0 17897703.0 17897958.0
159 18128516.0 18130106.0 18129111.0 18126353.0 18128340.0 18126296.0 18127406.0 18126267.0 18127055.0 18126363.0 18127303.0 18126305.0 18126964.0 18127175.0 18126996.0 18126312.0 18126840.0 18126999.0 18126698.0 18126930.0 18126145.0 18127184.0 18126164.0 18126643.0 18126149.0 18126794.0 18126133.0 18126615.0 18126097.0 18126739.0 18127501.0 18127554.0
162 18343846.0 18343677.0 18343631.0 18343115.0 18343602.0 18343097.0 18343383.0 18343078.0 18343238.0 18343088.0 18343379.0 18343090.0 18343281.0 18343352.0 18343320.0 18343076.0 18343354.0 18343260.0 18343214.0 18343345.0 18343071.0 18343367.0 18343069.0 18343219.0 18343064.0 18343318.0 18343060.0 18343269.0 18343066.0 18343239.0 18343343.0 18343452.0
165 18490949.0 18489638.0 18489107.0 18486683.0 18488741.0 18486690.0 18487828.0 18486645.0 18487803.0 18486775.0 18488012.0 18486658.0 18487576.0 18487826.0 18487436.0 18486669.0 18487396.0 18487428.0 18487349.0 18487506.0 18486580.0 18487804.0 18486566.0 18487290.0 18486569.0 18487427.0 18486564.0 18487152.0 18486568.0 18487361.0 18487753.0 18487425.0
168 18614656.0 18609959.0 18610146.0 18609027.0 18610136.0 18608931.0 18609345.0 18608057.0 18609725.0 18608414.0 18610923.0 18608217.0 18609794.0 18610090.0 18610236.0 18606833.0 18608424.0 18611550.0 18608822.0 18609205.0 18605969.0 18609178.0 18605558.0 18608268.0 18605584.0 18607831.0 18605531.0 18607811.0 18605538.0 18608190.0 18607765.0 18607231.0
171 18507834.0 18504394.0 18502551.0 18486729.0 18499636.0 18486787.0 18494433.0 18485369.0 18491806.0 18487071.0 18494911.0 18485508.0 18489607.0 18491110.0 18488780.0 18485404.0 18487084.0 18490711.0 18487148.0 18487066.0 18482080.0 18485261.0 18481334.0 18483509.0 18481532.0 18483239.0 18481118.0 18483363.0 18481038.0 18483673.0 18483707.0 18485179.0
174 17975669.0 17987649.0 17975219.0 17880568.0 17977156.0 17863466.0 17960409.0 17864677.0 17940186.0 17882109.0 17958158.0 17855804.0 17942985.0 17945673.0 17953453.0 17915896.0 17927866.0 17959283.0 17935881.0 17931024.0 17870864.0 17921032.0 17868917.0 17912604.0 17878351.0 17917633.0 17855894.0 17934090.0 17855516.0 17932495.0 17930881.0 17964071.0
177 11312536.0 11169623.0 11142423.0 11144361.0 11198431.0 11146825.0 11237763.0 11181819.0 11135909.0 11327215.0 11233514.0 11120923.0 11223961.0 11205938.0 11334699.0 11534138.0 11090530.0 11381584.0 11162143.0 11138662.0 11245197.0 11040784.0 11284407.0 10981439.0 11379299.0 10996714.0 11178043.0 11198373.0 11099480.0 11157660.0 11092830.0 11343698.0
180 10062016.0 9787769.0 9769671.0 9837534.0 9830313.0 9827811.0 9886804.0 9878354.0 9767442.0 10033609.0 9877448.0 9796278.0 9872727.0 9854144.0 10010214.0 10280388.0 9719657.0 10031909.0 9797210.0 9774726.0 9928005.0 9661901.0 9983477.0 9591610.0 10075648.0 9609200.0 9853165.0 9844881.0 9754945.0 9788884.0 9718777.0 9977073.0
183 4050649.0 3851650.0 3849508.0 3890786.0 3881199.0 3858595.0 3949743.0 3885146.0 3809786.0 3998804.0 3897942.0 3826664.0 3900105.0 3904456.0 4044105.0 4185216.0 3778685.0 3993103.0 3831181.0 3832469.0 3875042.0 3750959.0 3927191.0 3689467.0 3972892.0 3706939.0 3857199.0 3889632.0 3778798.0 3836911.0 3784052.0 3974621.0
186 63198.0 69570.0 87905.0 114149.0 88171.0 101179.0 115155.0 76723.0 41545.0 106591.0 89231.0 90624.0 88789.0 105927.0 114314.0 110491.0 84786.0 91343.0 60142.0 100781.0 44747.0 93771.0 85728.0 58576.0 84596.0 68834.0 98327.0 95202.0 56082.0 68921.0 58729.0 101766.0
189 29952.0 36880.0 60610.0 89644.0 64664.0 79469.0 83797.0 44302.0 12160.0 79014.0 63151.0 67714.0 55852.0 76034.0 89078.0 60145.0 63970.0 63912.0 29363.0 83185.0 16277.0 66308.0 61652.0 26918.0 52070.0 40459.0 69754.0 73741.0 24796.0 32904.0 27334.0 78880.0
192 8182.0 11429.0 28204.0 54566.0 34906.0 42249.0 47064.0 15382.0 2681.0 47061.0 29454.0 34233.0 21741.0 41156.0 69253.0 26459.0 31293.0 31404.0 8446.0 52446.0 3937.0 30321.0 31586.0 6883.0 19722.0 13127.0 34370.0 44879.0 6490.0 9501.0 7267.0 51430.0
195 1933.0 2503.0 6502.0 16800.0 9408.0 10396.0 13193.0 3183.0 1401.0 14569.0 6890.0 8603.0 4559.0 11897.0 33254.0 6149.0 7783.0 7381.0 2019.0 17434.0 1331.0 7383.0 8399.0 1793.0 4099.0 2844.0 8668.0 14369.0 1724.0 2126.0 1839.0 17513.0
198 1174.0 1372.0 1826.0 3709.0 2218.0 2513.0 3066.0 1469.0 941.0 3159.0 1983.0 2313.0 1790.0 2898.0 8316.0 1794.0 2058.0 1811.0 1123.0 3673.0 905.0 2264.0 2043.0 1140.0 1571.0 1352.0 2283.0 3037.0 1153.0 1293.0 1166.0 3716.0
201 909.0 946.0 1265.0 2060.0 1393.0 1667.0 1781.0 1103.0 590.0 1747.0 1390.0 1485.0 1270.0 1719.0 2427.0 1303.0 1378.0 1330.0 874.0 1753.0 571.0 1617.0 1296.0 853.0 1176.0 1036.0 1449.0 1533.0 804.0 872.0 829.0 1708.0
204 555.0 612.0 963.0 1527.0 1049.0 1287.0 1386.0 791.0 285.0 1309.0 1055.0 1153.0 925.0 1273.0 1581.0 987.0 1068.0 1024.0 528.0 1325.0 316.0 1197.0 915.0 484.0 871.0 693.0 1029.0 1203.0 449.0 522.0 514.0 1413.0
207 330.0 352.0 604.0 1097.0 710.0 872.0 903.0 430.0 132.0 950.0 699.0 777.0 577.0 853.0 1241.0 664.0 717.0 602.0 304.0 991.0 163.0 810.0 626.0 312.0 544.0 413.0 760.0 812.0 253.0 343.0 307.0 938.0
210 185.0 218.0 382.0 757.0 467.0 590.0 605.0 307.0 46.0 661.0 466.0 519.0 403.0 557.0 867.0 380.0 499.0 467.0 194.0 734.0 78.0 558.0 442.0 198.0 331.0 300.0 488.0 544.0 128.0 174.0 216.0 622.0
213 97.0 95.0 295.0 561.0 314.0 446.0 424.0 224.0 26.0 457.0 330.0 341.0 258.0 417.0 596.0 277.0 369.0 305.0 69.0 508.0 42.0 389.0 310.0 84.0 204.0 199.0 340.0 407.0 61.0 87.0 101.0 489.0
216 27.0 54.0 184.0 450.0 223.0 301.0 295.0 72.0 11.0 345.0 198.0 272.0 133.0 285.0 478.0 124.0 258.0 197.0 30.0 436.0 11.0 286.0 206.0 26.0 122.0 89.0 238.0 312.0 23.0 34.0 29.0 360.0
219 9.0 16.0 89.0 251.0 133.0 167.0 182.0 28.0 4.0 185.0 95.0 125.0 49.0 144.0 382.0 44.0 123.0 83.0 9.0 270.0 4.0 135.0 105.0 9.0 37.0 40.0 85.0 149.0 8.0 12.0 16.0 234.0
222 4.0 6.0 18.0 133.0 40.0 68.0 56.0 12.0 3.0 68.0 29.0 58.0 18.0 54.0 243.0 10.0 43.0 16.0 4.0 123.0 2.0 45.0 28.0 6.0 8.0 10.0 28.0 78.0 1.0 4.0 4.0 108.0
225 1.0 3.0 8.0 28.0 6.0 11.0 13.0 2.0 1.0 17.0 10.0 10.0 12.0 19.0 90.0 4.0 12.0 1.0 2.0 39.0 1.0 11.0 13.0 1.0 12.0 4.0 11.0 14.0 2.0 2.0 4.0 30.0
228 1.0 10.0 3.0 10.0 4.0 10.0 16.0 3.0 1.0 6.0 7.0 6.0 4.0 11.0 28.0 4.0 8.0 4.0 1.0 10.0 3.0 10.0 7.0 2.0 5.0 5.0 9.0 11.0 0.0 3.0 3.0 10.0
231 1.0 1.0 3.0 9.0 3.0 6.0 5.0 2.0 0.0 6.0 5.0 6.0 2.0 4.0 11.0 3.0 5.0 4.0 2.0 4.0 1.0 3.0 6.0 0.0 4.0 5.0 2.0 5.0 0.0 2.0 4.0 8.0
234 0.0 2.0 4.0 9.0 4.0 4.0 3.0 3.0 0.0 7.0 3.0 4.0 3.0 3.0 4.0 1.0 2.0 3.0 0.0 11.0 1.0 3.0 3.0 0.0 1.0 4.0 3.0 3.0 0.0 1.0 1.0 4.0
237 1.0 0.0 3.0 3.0 4.0 4.0 4.0 0.0 0.0 3.0 6.0 3.0 0.0 2.0 4.0 2.0 3.0 1.0 0.0 2.0 1.0 4.0 2.0 0.0 3.0 1.0 0.0 2.0 0.0 0.0 1.0 7.0
240 3.0 2.0 3.0 6.0 3.0 6.0 1.0 0.0 0.0 2.0 1.0 3.0 1.0 1.0 6.0 1.0 3.0 0.0 0.0 2.0 0.0 2.0 1.0 1.0 2.0 3.0 1.0 3.0 0.0 0.0 2.0 5.0
243 1.0 0.0 2.0 5.0 3.0 2.0 1.0 0.0 0.0 3.0 1.0 4.0 0.0 1.0 2.0 1.0 3.0 0.0 0.0 5.0 0.0 0.0 0.0 0.0 0.0 0.0 1.0 0.0 0.0 0.0 1.0 2.0
246 0.0 0.0 0.0 1.0 2.0 1.0 0.0 1.0 0.0 1.0 2.0 1.0 1.0 2.0 5.0 2.0 1.0 1.0 0.0 3.0 0.0 1.0 1.0 1.0 0.0 0.0 1.0 1.0 1.0 0.0 0.0 2.0
249 0.0 0.0 0.0 0.0 0.0 1.0 0.0 0.0 0.0 1.0 0.0 2.0 1.0 0.0 1.0 0.0 0.0 0.0 0.0 1.0 0.0 0.0 0.0 0.0 0.0 0.0 0.0 0.0 0.0 0.0 0.0 2.0
252 0.0 0.0 1.0 1.0 0.0 0.0 0.0 1.0 0.0 0.0 1.0 1.0 0.0 0.0 2.0 1.0 0.0 0.0 0.0 1.0 0.0 0.0 0.0 0.0 0.0 0.0 0.0 0.0 1.0 0.0 0.0 0.0
255 0.0 0.0 0.0 1.0 0.0 0.0 1.0 0.0 1.0 0.0 0.0 0.0 0.0 1.0 0.0 0.0 0.0 0.0 0.0 0.0 0.0 1.0 0.0 0.0 1.0 0.0 1.0 0.0 0.0 1.0 1.0 0.0
258 0.0 0.0 0.0 0.0 0.0 0.0 0.0 0.0 0.0 0.0 0.0 0.0 0.0 0.0 0.0 0.0 0.0 0.0 0.0 0.0 0.0 0.0 0.0 0.0 0.0 0.0 0.0 0.0 0.0 0.0 0.0 0.0
261 0.0 0.0 0.0 0.0 0.0 0.0 0.0 0.0 0.0 0.0 0.0 1.0 0.0 0.0 0.0 0.0 0.0 0.0 0.0 1.0 0.0 0.0 0.0 0.0 0.0 0.0 0.0 0.0 0.0 0.0 0.0 0.0
264 0.0 0.0 0.0 1.0 0.0 0.0 0.0 0.0 0.0 0.0 0.0 0.0 0.0 0.0 0.0 0.0 0.0 0.0 0.0 0.0 0.0 0.0 0.0 0.0 0.0 0.0 0.0 1.0 0.0 0.0 0.0 0.0
267 1.0 0.0 1.0 0.0 0.0 0.0 0.0 0.0 1.0 0.0 0.0 0.0 0.0 0.0 0.0 0.0 1.0 0.0 0.0 1.0 1.0 0.0 0.0 0.0 0.0 0.0 0.0 0.0 0.0 0.0 0.0 0.0
270 0.0 0.0 0.0 0.0 0.0 0.0 0.0 1.0 0.0 0.0 0.0 0.0 0.0 1.0 1.0 0.0 1.0 0.0 0.0 0.0 0.0 0.0 0.0 0.0 0.0 0.0 0.0 0.0 0.0 0.0 0.0 1.0
273 0.0 0.0 1.0 0.0 0.0 0.0 0.0 1.0 0.0 0.0 0.0 0.0 0.0 0.0 0.0 1.0 0.0 0.0 0.0 0.0 0.0 0.0 0.0 0.0 0.0 0.0 0.0 0.0 0.0 0.0 0.0 0.0
276 1.0 1.0 0.0 0.0 1.0 0.0 0.0 0.0 0.0 0.0 0.0 0.0 0.0 0.0 0.0 0.0 0.0 0.0 0.0 1.0 1.0 0.0 0.0 0.0 0.0 0.0 0.0 1.0 0.0 0.0 1.0 0.0
279 0.0 0.0 0.0 0.0 0.0 0.0 2.0 0.0 0.0 0.0 0.0 0.0 0.0 0.0 0.0 0.0 1.0 1.0 0.0 0.0 0.0 0.0 0.0 0.0 0.0 0.0 1.0 0.0 0.0 0.0 0.0 0.0
282 0.0 1.0 0.0 0.0 0.0 0.0 0.0 2.0 1.0 0.0 0.0 0.0 1.0 0.0 0.0 0.0 0.0 1.0 0.0 0.0 0.0 1.0 0.0 0.0 0.0 0.0 0.0 0.0 0.0 0.0 0.0 0.0
285 0.0 0.0 1.0 0.0 0.0 0.0 0.0 0.0 0.0 0.0 0.0 0.0 0.0 0.0 0.0 0.0 0.0 0.0 0.0 1.0 0.0 1.0 0.0 0.0 0.0 0.0 0.0 0.0 0.0 1.0 0.0 0.0
288 0.0 0.0 1.0 0.0 0.0 0.0 0.0 0.0 0.0 0.0 0.0 0.0 0.0 0.0 0.0 0.0 0.0 0.0 0.0 0.0 0.0 0.0 0.0 0.0 0.0 0.0 0.0 0.0 0.0 1.0 0.0 0.0
291 0.0 0.0 0.0 0.0 0.0 0.0 0.0 0.0 0.0 1.0 0.0 0.0 0.0 0.0 0.0 0.0 0.0 0.0 0.0 0.0 1.0 0.0 0.0 0.0 0.0 1.0 0.0 0.0 0.0 0.0 0.0 0.0
294 0.0 0.0 0.0 0.0 0.0 0.0 0.0 0.0 0.0 0.0 0.0 0.0 0.0 0.0 0.0 1.0 0.0 0.0 0.0 0.0 0.0 0.0 0.0 0.0 0.0 0.0 0.0 0.0 0.0 0.0 0.0 0.0
297 0.0 0.0 0.0 0.0 0.0 0.0 0.0 0.0 0.0 1.0 1.0 0.0 0.0 0.0 0.0 0.0 0.0 0.0 0.0 1.0 0.0 0.0 0.0 0.0 0.0 1.0 0.0 1.0 0.0 0.0 0.0 0.0
300 0.0 1.0 0.0 0.0 0.0 0.0 0.0 0.0 0.0 0.0 0.0 0.0 0.0 0.0 0.0 0.0 0.0 1.0 0.0 0.0 0.0 0.0 0.0 0.0 0.0 0.0 0.0 0.0 0.0 1.0 0.0 0.0
303 0.0 0.0 0.0 1.0 1.0 0.0 0.0 1.0 1.0 0.0 0.0 0.0 0.0 1.0 1.0 0.0 1.0 0.0 2.0 0.0 0.0 0.0 1.0 0.0 0.0 0.0 1.0 0.0 0.0 0.0 0.0 0.0
306 0.0 0.0 0.0 0.0 0.0 0.0 0.0 0.0 0.0 1.0 0.0 0.0 0.0 0.0 0.0 0.0 0.0 0.0 0.0 0.0 0.0 0.0 0.0 0.0 0.0 0.0 0.0 1.0 0.0 0.0 0.0 0.0
309 0.0 0.0 0.0 0.0 1.0 0.0 0.0 0.0 0.0 0.0 0.0 0.0 0.0 0.0 0.0 0.0 0.0 0.0 0.0 1.0 0.0 0.0 0.0 0.0 0.0 0.0 0.0 0.0 0.0 0.0 0.0 0.0
312 0.0 0.0 0.0 0.0 0.0 0.0 0.0 0.0 0.0 0.0 1.0 0.0 0.0 0.0 0.0 0.0 0.0 0.0 0.0 0.0 0.0 0.0 1.0 0.0 0.0 0.0 0.0 1.0 0.0 0.0 0.0 0.0
315 0.0 0.0 0.0 0.0 0.0 0.0 0.0 0.0 0.0 1.0 0.0 0.0 0.0 1.0 0.0 0.0 0.0 0.0 0.0 0.0 0.0 0.0 0.0 0.0 0.0 1.0 0.0 0.0 0.0 0.0 0.0 0.0
318 0.0 1.0 1.0 0.0 0.0 0.0 0.0 0.0 0.0 0.0 0.0 0.0 0.0 0.0 1.0 0.0 0.0 0.0 0.0 0.0 0.0 0.0 0.0 0.0 0.0 0.0 0.0 1.0 0.0 0.0 0.0 0.0
321 0.0 0.0 0.0 0.0 1.0 1.0 0.0 0.0 0.0 0.0 0.0 0.0 0.0 0.0 1.0 0.0 0.0 0.0 0.0 0.0 0.0 0.0 0.0 0.0 0.0 0.0 0.0 0.0 0.0 0.0 0.0 0.0
324 0.0 0.0 0.0 0.0 1.0 0.0 0.0 0.0 0.0 0.0 0.0 0.0 0.0 0.0 2.0 0.0 0.0 1.0 0.0 1.0 0.0 0.0 0.0 0.0 0.0 2.0 1.0 0.0 0.0 0.0 1.0 0.0
327 0.0 0.0 0.0 0.0 0.0 0.0 0.0 0.0 0.0 0.0 0.0 0.0 0.0 0.0 0.0 0.0 0.0 0.0 0.0 1.0 0.0 0.0 0.0 0.0 0.0 0.0 0.0 0.0 0.0 0.0 0.0 0.0
330 0.0 0.0 0.0 0.0 1.0 0.0 0.0 0.0 0.0 0.0 0.0 0.0 0.0 0.0 0.0 0.0 0.0 0.0 0.0 0.0 0.0 0.0 0.0 0.0 0.0 1.0 0.0 0.0 1.0 0.0 0.0 1.0
333 0.0 0.0 0.0 0.0 0.0 1.0 0.0 0.0 0.0 0.0 0.0 0.0 0.0 0.0 0.0 0.0 0.0 0.0 0.0 0.0 0.0 0.0 0.0 0.0 2.0 1.0 0.0 0.0 0.0 0.0 0.0 0.0
336 0.0 0.0 0.0 0.0 0.0 0.0 0.0 0.0 0.0 0.0 0.0 0.0 0.0 0.0 0.0 0.0 0.0 0.0 0.0 0.0 0.0 0.0 0.0 0.0 0.0 0.0 0.0 0.0 0.0 0.0 0.0 0.0
339 0.0 0.0 0.0 0.0 0.0 0.0 0.0 1.0 0.0 0.0 0.0 0.0 0.0 0.0 0.0 0.0 0.0 0.0 1.0 0.0 0.0 0.0 1.0 0.0 0.0 0.0 0.0 0.0 0.0 0.0 0.0 1.0
342 0.0 0.0 0.0 0.0 0.0 0.0 0.0 0.0 0.0 0.0 0.0 0.0 0.0 0.0 0.0 0.0 0.0 0.0 0.0 0.0 0.0 0.0 0.0 0.0 0.0 0.0 0.0 0.0 0.0 0.0 0.0 0.0
345 1.0 1.0 0.0 0.0 0.0 0.0 0.0 0.0 0.0 0.0 1.0 0.0 0.0 0.0 0.0 0.0 0.0 0.0 1.0 1.0 0.0 0.0 1.0 0.0 1.0 0.0 0.0 0.0 1.0 0.0 0.0 0.0
348 0.0 0.0 1.0 0.0 0.0 0.0 0.0 0.0 0.0 1.0 0.0 0.0 0.0 0.0 0.0 0.0 0.0 0.0 0.0 0.0 0.0 0.0 0.0 0.0 0.0 0.0 0.0 0.0 0.0 0.0 0.0 0.0
351 0.0 0.0 0.0 0.0 0.0 0.0 0.0 0.0 0.0 0.0 0.0 0.0 1.0 1.0 0.0 0.0 0.0 0.0 0.0 0.0 0.0 0.0 0.0 0.0 0.0 0.0 0.0 0.0 0.0 0.0 0.0 0.0
354 0.0 0.0 0.0 2.0 0.0 0.0 0.0 0.0 1.0 0.0 0.0 1.0 0.0 0.0 1.0 1.0 0.0 0.0 0.0 0.0 0.0 0.0 0.0 0.0 0.0 0.0 0.0 0.0 0.0 0.0 0.0 0.0
357 0.0 0.0 0.0 0.0 0.0 0.0 0.0 0.0 0.0 0.0 0.0 0.0 0.0 1.0 0.0 0.0 0.0 0.0 0.0 0.0 0.0 0.0 0.0 0.0 0.0 0.0 0.0 0.0 0.0 0.0 0.0 0.0
