150 17140456.0 17131213.0 17125632.0 17104047.0 17124676.0 17101626.0 17114001.0 17103570.0 17113725.0 17104120.0 17115853.0 17105860.0 17115630.0 17119259.0 17118476.0 17105106.0 17118080.0 17114456.0 17119610.0 17116850.0 17103654.0 17115835.0 17100403.0 17109833.0 17102196.0 17116870.0 17100620.0 17113923.0 17101058.0 17114373.0 17120890.0 17124039.0
153 17814335.0 17807103.0 17803111.0 17783912.0 17800294.0 17782155.0 17793585.0 17782454.0 17793335.0 17783584.0 17796019.0 17784920.0 17793194.0 17796177.0 17793939.0 17783896.0 17794014.0 17792073.0 17796478.0 17793015.0 17781840.0 17792719.0 17781588.0 17790232.0 17781545.0 17792643.0 17781694.0 17791275.0 17781179.0 17791974.0 17795187.0 17800248.0
156 18100850.0 18094392.0 18091024.0 18081815.0 18089683.0 18080953.0 18085772.0 18081107.0 18086154.0 18081973.0 18087860.0 18082559.0 18085532.0 18086643.0 18086373.0 18081927.0 18086202.0 18085200.0 18087313.0 18085817.0 18080834.0 18085865.0 18080627.0 18084588.0 18080488.0 18084675.0 18080644.0 18083716.0 18080189.0 18084368.0 18084512.0 18085704.0
159 18399523.0 18395404.0 18394447.0 18387203.0 18393299.0 18385903.0 18390051.0 18386369.0 18391615.0 18389245.0 18394003.0 18390677.0 18391002.0 18393900.0 18393900.0 18388982.0 18392635.0 18391364.0 18393540.0 18391960.0 18386120.0 18391117.0 18385287.0 18389838.0 18385304.0 18389065.0 18384750.0 18388197.0 18384336.0 18388422.0 18388882.0 18389259.0
162 19012381.0 19008869.0 19008306.0 19012589.0 19008493.0 19006565.0 19008741.0 19008154.0 19014205.0 19005851.0 19014978.0 19006818.0 19011543.0 19014714.0 19017801.0 19005139.0 19015513.0 19015477.0 19019228.0 19017337.0 19003893.0 19017066.0 19002764.0 19015945.0 19003359.0 19012590.0 19002801.0 19012603.0 19002774.0 19014696.0 19011959.0 19015159.0
165 19131890.0 19130713.0 19130911.0 19135294.0 19131146.0 19134614.0 19130377.0 19135989.0 19131730.0 19135317.0 19131958.0 19136783.0 19131609.0 19132260.0 19133287.0 19133030.0 19132650.0 19132727.0 19134088.0 19133178.0 19131216.0 19133558.0 19129236.0 19134370.0 19130120.0 19131951.0 19129345.0 19131848.0 19129495.0 19133115.0 19131119.0 19132680.0
168 18933911.0 18930217.0 18927557.0 18921751.0 18924967.0 18919188.0 18921367.0 18919876.0 18920522.0 18922093.0 18922830.0 18924034.0 18920811.0 18922625.0 18923248.0 18923664.0 18921620.0 18919396.0 18923199.0 18921262.0 18917873.0 18917495.0 18915455.0 18916249.0 18917336.0 18916788.0 18915360.0 18915178.0 18915324.0 18915025.0 18915954.0 18916668.0
171 18170310.0 18135793.0 18029349.0 17518661.0 17912505.0 17461911.0 17955049.0 17458398.0 17840559.0 17550590.0 17904787.0 17603920.0 17843432.0 17814003.0 17872389.0 17691049.0 17845525.0 17785878.0 17960055.0 17809004.0 17521654.0 17748712.0 17563125.0 17749395.0 17565817.0 17732990.0 17551428.0 17673507.0 17572552.0 17711325.0 17685381.0 17821815.0
174 11263114.0 11247149.0 11239171.0 11056057.0 11179298.0 11073405.0 11370692.0 11083005.0 11298956.0 11271653.0 11402568.0 11309502.0 11333102.0 11286663.0 11429106.0 11472819.0 11360653.0 11304009.0 11600663.0 11376627.0 11186478.0 11256367.0 11295760.0 11274144.0 11280158.0 11213227.0 11216629.0 11081147.0 11265621.0 11152776.0 11049667.0 11380420.0
177 10504357.0 10492662.0 10507985.0 10498013.0 10475074.0 10551115.0 10639485.0 10568895.0 10588561.0 10737181.0 10682757.0 10757904.0 10629613.0 10589117.0 10725792.0 10920130.0 10655568.0 10611445.0 10854834.0 10673137.0 10667051.0 10571422.0 10778015.0 10591332.0 10765220.0 10527856.0 10701105.0 10417414.0 10757336.0 10472532.0 10374199.0 10637215.0
180 6241135.0 6230540.0 6253889.0 6254041.0 6243819.0 6309524.0 6376414.0 6329148.0 6332680.0 6450216.0 6419794.0 6454100.0 6393043.0 6315404.0 6435458.0 6601178.0 6382600.0 6365851.0 6557094.0 6419013.0 6390330.0 6338460.0 6487769.0 6356411.0 6461745.0 6307112.0 6416762.0 6232224.0 6465429.0 6259684.0 6183604.0 6387482.0
183 96260.0 88831.0 100697.0 91749.0 112458.0 88850.0 97072.0 87818.0 111128.0 95399.0 100823.0 92025.0 151994.0 90882.0 98760.0 97999.0 102369.0 96230.0 102456.0 104977.0 99079.0 113840.0 103337.0 87655.0 97965.0 107654.0 105731.0 140604.0 100629.0 86008.0 98637.0 80120.0
186 91467.0 80183.0 93597.0 86700.0 110701.0 79383.0 88688.0 76733.0 97818.0 85996.0 87808.0 85301.0 144881.0 82099.0 93243.0 86105.0 97761.0 87506.0 80709.0 92139.0 84418.0 100715.0 93738.0 75371.0 88190.0 85034.0 91038.0 122208.0 90753.0 73659.0 86989.0 58571.0
189 74736.0 55273.0 67023.0 64745.0 105152.0 52530.0 73886.0 52052.0 55827.0 62001.0 60833.0 69300.0 130275.0 55031.0 80577.0 70042.0 86137.0 69129.0 47862.0 76047.0 49545.0 75844.0 81548.0 48860.0 71154.0 45926.0 57064.0 80548.0 70821.0 43858.0 52209.0 26862.0
192 39464.0 21713.0 28116.0 27822.0 81792.0 19639.0 39276.0 21148.0 16629.0 25873.0 24909.0 36429.0 83837.0 21311.0 49661.0 36859.0 53950.0 35650.0 14782.0 42421.0 16141.0 36168.0 49468.0 18275.0 38441.0 14476.0 18678.0 27703.0 33350.0 14207.0 16818.0 6157.0
195 10788.0 4817.0 6302.0 6019.0 41015.0 4235.0 10332.0 4983.0 3696.0 5763.0 5903.0 10464.0 24433.0 4629.0 16436.0 9942.0 17602.0 9472.0 3141.0 12759.0 3491.0 9259.0 15461.0 4069.0 11358.0 3358.0 3988.0 5642.0 7901.0 3045.0 3757.0 1730.0
198 2546.0 1618.0 1984.0 1830.0 9843.0 1611.0 2382.0 1740.0 1845.0 1794.0 1909.0 2432.0 4779.0 1665.0 3427.0 2481.0 3686.0 2269.0 1631.0 2790.0 1674.0 2531.0 3224.0 1538.0 2581.0 1678.0 1812.0 2481.0 2138.0 1435.0 1707.0 1080.0
201 1509.0 1187.0 1505.0 1331.0 2750.0 1176.0 1495.0 1183.0 1392.0 1338.0 1365.0 1415.0 2682.0 1269.0 1726.0 1512.0 1807.0 1479.0 1139.0 1529.0 1255.0 1590.0 1674.0 1061.0 1508.0 1193.0 1235.0 1842.0 1458.0 1038.0 1273.0 718.0
204 1157.0 756.0 986.0 963.0 1879.0 873.0 1080.0 816.0 870.0 880.0 954.0 1064.0 2106.0 885.0 1321.0 1110.0 1427.0 1061.0 812.0 1160.0 861.0 1245.0 1287.0 793.0 1148.0 822.0 870.0 1218.0 1092.0 681.0 814.0 449.0
207 827.0 554.0 729.0 672.0 1420.0 549.0 747.0 643.0 650.0 632.0 630.0 756.0 1392.0 596.0 950.0 745.0 988.0 765.0 518.0 843.0 627.0 843.0 880.0 494.0 749.0 561.0 626.0 908.0 696.0 494.0 591.0 299.0
210 629.0 470.0 572.0 539.0 1130.0 422.0 550.0 440.0 480.0 519.0 540.0 548.0 1064.0 524.0 678.0 522.0 731.0 577.0 371.0 567.0 512.0 622.0 642.0 407.0 588.0 377.0 470.0 690.0 505.0 374.0 480.0 231.0
213 551.0 394.0 493.0 434.0 836.0 373.0 481.0 328.0 368.0 382.0 353.0 487.0 792.0 422.0 608.0 516.0 678.0 455.0 247.0 498.0 361.0 538.0 535.0 305.0 459.0 265.0 340.0 524.0 503.0 287.0 385.0 114.0
216 456.0 259.0 332.0 318.0 713.0 252.0 356.0 248.0 180.0 286.0 228.0 393.0 786.0 300.0 550.0 348.0 606.0 372.0 141.0 369.0 197.0 425.0 467.0 205.0 416.0 164.0 207.0 278.0 365.0 181.0 227.0 24.0
219 345.0 122.0 170.0 198.0 646.0 101.0 213.0 149.0 68.0 137.0 115.0 260.0 653.0 152.0 368.0 229.0 489.0 237.0 38.0 283.0 76.0 257.0 332.0 65.0 273.0 70.0 67.0 112.0 209.0 80.0 108.0 6.0
222 124.0 43.0 73.0 69.0 544.0 33.0 79.0 39.0 23.0 44.0 40.0 117.0 341.0 54.0 224.0 113.0 283.0 110.0 22.0 109.0 26.0 98.0 175.0 32.0 123.0 16.0 25.0 23.0 75.0 21.0 30.0 4.0
225 24.0 8.0 19.0 12.0 274.0 10.0 17.0 7.0 6.0 9.0 8.0 16.0 96.0 16.0 60.0 29.0 60.0 18.0 3.0 27.0 8.0 23.0 50.0 8.0 31.0 9.0 9.0 14.0 20.0 9.0 8.0 2.0
228 10.0 4.0 10.0 7.0 103.0 7.0 11.0 8.0 5.0 8.0 2.0 11.0 26.0 4.0 32.0 10.0 17.0 9.0 5.0 12.0 10.0 14.0 14.0 3.0 8.0 3.0 8.0 5.0 10.0 5.0 11.0 4.0
231 11.0 6.0 4.0 4.0 36.0 5.0 4.0 3.0 7.0 5.0 5.0 4.0 17.0 9.0 12.0 6.0 14.0 7.0 3.0 6.0 4.0 6.0 5.0 2.0 12.0 4.0 5.0 7.0 7.0 7.0 7.0 2.0
234 5.0 2.0 2.0 7.0 20.0 5.0 6.0 4.0 3.0 8.0 4.0 6.0 13.0 4.0 9.0 5.0 6.0 5.0 0.0 6.0 2.0 9.0 9.0 4.0 6.0 1.0 3.0 0.0 7.0 3.0 2.0 1.0
237 8.0 2.0 3.0 3.0 17.0 3.0 5.0 3.0 2.0 3.0 1.0 10.0 9.0 12.0 4.0 2.0 7.0 4.0 4.0 8.0 4.0 5.0 3.0 6.0 1.0 3.0 4.0 3.0 7.0 1.0 3.0 2.0
240 3.0 3.0 5.0 4.0 9.0 2.0 4.0 2.0 0.0 3.0 4.0 3.0 3.0 1.0 6.0 4.0 8.0 3.0 1.0 4.0 1.0 2.0 1.0 3.0 1.0 0.0 4.0 2.0 5.0 2.0 2.0 0.0
243 4.0 1.0 1.0 3.0 13.0 2.0 6.0 3.0 2.0 2.0 0.0 4.0 5.0 1.0 7.0 2.0 7.0 3.0 2.0 4.0 1.0 4.0 9.0 1.0 4.0 0.0 1.0 2.0 2.0 2.0 2.0 0.0
246 4.0 0.0 0.0 2.0 4.0 0.0 2.0 0.0 1.0 0.0 0.0 1.0 4.0 2.0 4.0 1.0 4.0 1.0 0.0 1.0 1.0 2.0 5.0 0.0 3.0 0.0 1.0 0.0 1.0 0.0 0.0 0.0
249 5.0 1.0 0.0 0.0 2.0 2.0 2.0 2.0 0.0 1.0 1.0 2.0 4.0 4.0 1.0 3.0 1.0 1.0 1.0 0.0 1.0 1.0 3.0 2.0 0.0 1.0 1.0 1.0 1.0 0.0 1.0 0.0
252 0.0 0.0 0.0 1.0 7.0 1.0 0.0 0.0 0.0 1.0 0.0 0.0 2.0 0.0 1.0 0.0 0.0 2.0 0.0 1.0 0.0 0.0 3.0 0.0 1.0 0.0 0.0 0.0 0.0 0.0 0.0 0.0
255 1.0 0.0 0.0 1.0 4.0 0.0 2.0 0.0 0.0 0.0 0.0 1.0 0.0 0.0 0.0 1.0 0.0 0.0 0.0 0.0 0.0 0.0 1.0 0.0 0.0 0.0 0.0 0.0 0.0 0.0 0.0 0.0
258 0.0 0.0 0.0 1.0 0.0 0.0 2.0 0.0 0.0 0.0 0.0 0.0 2.0 0.0 0.0 0.0 1.0 0.0 0.0 0.0 0.0 0.0 0.0 2.0 1.0 1.0 0.0 0.0 1.0 0.0 0.0 0.0
261 0.0 0.0 0.0 0.0 0.0 1.0 0.0 0.0 1.0 0.0 0.0 0.0 1.0 0.0 0.0 0.0 1.0 0.0 0.0 0.0 0.0 0.0 0.0 0.0 0.0 0.0 1.0 0.0 0.0 0.0 0.0 0.0
264 0.0 0.0 0.0 0.0 0.0 0.0 0.0 0.0 0.0 0.0 0.0 0.0 1.0 0.0 0.0 0.0 0.0 0.0 0.0 0.0 0.0 0.0 0.0 0.0 0.0 0.0 0.0 0.0 0.0 0.0 0.0 0.0
267 0.0 0.0 0.0 1.0 0.0 0.0 0.0 0.0 1.0 1.0 0.0 0.0 1.0 0.0 0.0 0.0 0.0 0.0 0.0 0.0 1.0 0.0 0.0 1.0 0.0 0.0 1.0 0.0 0.0 0.0 0.0 0.0
270 0.0 0.0 0.0 0.0 2.0 0.0 0.0 0.0 0.0 0.0 0.0 0.0 0.0 1.0 0.0 0.0 0.0 0.0 0.0 0.0 0.0 0.0 0.0 0.0 0.0 0.0 0.0 0.0 0.0 0.0 0.0 0.0
273 1.0 1.0 0.0 0.0 0.0 0.0 0.0 0.0 0.0 0.0 0.0 0.0 0.0 0.0 0.0 0.0 1.0 0.0 0.0 0.0 0.0 0.0 0.0 2.0 1.0 0.0 0.0 1.0 0.0 0.0 0.0 0.0
276 0.0 0.0 1.0 0.0 2.0 0.0 1.0 0.0 0.0 0.0 0.0 0.0 1.0 1.0 0.0 0.0 0.0 0.0 0.0 0.0 0.0 0.0 0.0 0.0 1.0 0.0 1.0 0.0 0.0 0.0 0.0 0.0
279 0.0 0.0 0.0 0.0 0.0 0.0 0.0 0.0 0.0 0.0 0.0 0.0 0.0 1.0 0.0 0.0 0.0 0.0 0.0 0.0 0.0 0.0 0.0 0.0 0.0 0.0 0.0 0.0 0.0 0.0 0.0 0.0
282 0.0 0.0 0.0 0.0 0.0 0.0 0.0 0.0 0.0 1.0 0.0 0.0 1.0 0.0 0.0 0.0 0.0 1.0 0.0 0.0 0.0 0.0 1.0 0.0 0.0 0.0 0.0 0.0 0.0 0.0 0.0 0.0
285 0.0 0.0 0.0 0.0 0.0 0.0 0.0 0.0 0.0 0.0 0.0 0.0 0.0 0.0 0.0 0.0 0.0 0.0 0.0 0.0 0.0 1.0 0.0 0.0 0.0 0.0 0.0 0.0 1.0 0.0 0.0 1.0
288 0.0 0.0 0.0 0.0 0.0 0.0 0.0 1.0 0.0 1.0 0.0 1.0 0.0 0.0 2.0 0.0 0.0 0.0 0.0 0.0 0.0 0.0 0.0 0.0 0.0 0.0 0.0 0.0 0.0 0.0 0.0 0.0
291 0.0 0.0 0.0 0.0 0.0 0.0 0.0 1.0 0.0 0.0 0.0 0.0 1.0 0.0 0.0 0.0 0.0 0.0 0.0 0.0 0.0 0.0 0.0 1.0 0.0 0.0 0.0 0.0 0.0 0.0 0.0 0.0
294 0.0 0.0 0.0 0.0 0.0 0.0 0.0 0.0 0.0 1.0 0.0 0.0 0.0 1.0 0.0 0.0 0.0 0.0 1.0 1.0 0.0 0.0 0.0 0.0 1.0 0.0 0.0 0.0 0.0 0.0 0.0 0.0
297 0.0 0.0 0.0 0.0 0.0 0.0 0.0 0.0 0.0 0.0 0.0 0.0 0.0 0.0 0.0 0.0 2.0 0.0 0.0 0.0 0.0 0.0 0.0 0.0 0.0 0.0 0.0 0.0 0.0 0.0 1.0 0.0
300 1.0 0.0 0.0 0.0 1.0 1.0 0.0 0.0 0.0 0.0 1.0 0.0 0.0 0.0 0.0 0.0 0.0 1.0 0.0 0.0 0.0 0.0 0.0 0.0 1.0 0.0 0.0 1.0 0.0 0.0 1.0 0.0
303 1.0 0.0 0.0 1.0 0.0 0.0 0.0 0.0 0.0 0.0 0.0 0.0 0.0 0.0 0.0 0.0 0.0 1.0 0.0 0.0 0.0 0.0 1.0 1.0 1.0 0.0 0.0 0.0 0.0 0.0 3.0 0.0
306 0.0 0.0 0.0 0.0 0.0 0.0 0.0 1.0 0.0 0.0 0.0 0.0 0.0 0.0 0.0 0.0 0.0 0.0 0.0 0.0 0.0 0.0 0.0 0.0 0.0 0.0 0.0 0.0 0.0 0.0 0.0 0.0
309 0.0 0.0 0.0 0.0 0.0 1.0 0.0 0.0 0.0 0.0 0.0 0.0 0.0 0.0 0.0 0.0 1.0 0.0 0.0 0.0 0.0 0.0 0.0 0.0 0.0 0.0 0.0 0.0 0.0 0.0 0.0 0.0
312 0.0 0.0 0.0 0.0 0.0 0.0 0.0 0.0 0.0 1.0 0.0 0.0 0.0 1.0 0.0 0.0 0.0 0.0 0.0 0.0 0.0 0.0 0.0 0.0 0.0 0.0 0.0 0.0 0.0 0.0 0.0 0.0
315 0.0 0.0 0.0 0.0 0.0 0.0 0.0 0.0 0.0 0.0 0.0 0.0 0.0 0.0 0.0 0.0 0.0 0.0 0.0 0.0 0.0 0.0 0.0 0.0 0.0 0.0 0.0 0.0 1.0 0.0 0.0 0.0
318 0.0 1.0 0.0 0.0 0.0 0.0 0.0 1.0 0.0 0.0 0.0 0.0 0.0 0.0 0.0 0.0 0.0 0.0 0.0 0.0 0.0 0.0 0.0 0.0 0.0 0.0 0.0 0.0 0.0 0.0 0.0 0.0
321 0.0 0.0 0.0 0.0 0.0 0.0 0.0 0.0 0.0 0.0 0.0 0.0 0.0 0.0 1.0 0.0 0.0 0.0 0.0 1.0 0.0 0.0 0.0 0.0 0.0 0.0 0.0 0.0 0.0 0.0 0.0 0.0
324 0.0 0.0 0.0 0.0 0.0 0.0 1.0 0.0 0.0 0.0 1.0 0.0 0.0 0.0 0.0 0.0 0.0 0.0 0.0 0.0 0.0 0.0 0.0 0.0 0.0 0.0 0.0 0.0 0.0 1.0 0.0 0.0
327 0.0 0.0 0.0 0.0 0.0 0.0 0.0 0.0 0.0 0.0 0.0 0.0 0.0 0.0 0.0 1.0 0.0 0.0 0.0 0.0 0.0 0.0 0.0 0.0 0.0 0.0 0.0 0.0 0.0 0.0 0.0 0.0
330 0.0 0.0 0.0 0.0 0.0 1.0 0.0 0.0 0.0 0.0 0.0 0.0 0.0 0.0 0.0 0.0 0.0 0.0 0.0 0.0 0.0 0.0 0.0 0.0 1.0 0.0 0.0 0.0 0.0 0.0 0.0 0.0
333 0.0 0.0 0.0 0.0 0.0 0.0 0.0 0.0 0.0 0.0 0.0 0.0 1.0 0.0 0.0 0.0 0.0 0.0 0.0 0.0 0.0 1.0 0.0 0.0 0.0 1.0 0.0 0.0 0.0 0.0 0.0 0.0
336 0.0 0.0 0.0 0.0 0.0 0.0 0.0 1.0 0.0 0.0 1.0 1.0 0.0 0.0 0.0 0.0 0.0 0.0 0.0 0.0 0.0 0.0 0.0 0.0 0.0 0.0 0.0 0.0 0.0 1.0 0.0 0.0
339 0.0 0.0 0.0 0.0 0.0 0.0 0.0 0.0 0.0 0.0 0.0 0.0 0.0 0.0 0.0 0.0 0.0 0.0 0.0 0.0 0.0 0.0 0.0 0.0 0.0 0.0 1.0 0.0 0.0 0.0 0.0 0.0
342 0.0 0.0 0.0 0.0 0.0 0.0 0.0 0.0 0.0 0.0 0.0 0.0 0.0 0.0 0.0 0.0 0.0 0.0 0.0 0.0 0.0 0.0 1.0 0.0 1.0 0.0 0.0 0.0 0.0 0.0 0.0 0.0
345 0.0 0.0 0.0 0.0 0.0 0.0 1.0 0.0 0.0 0.0 0.0 0.0 0.0 0.0 0.0 0.0 0.0 0.0 1.0 0.0 1.0 0.0 0.0 1.0 0.0 0.0 0.0 0.0 0.0 0.0 0.0 0.0
348 0.0 0.0 0.0 0.0 0.0 0.0 0.0 0.0 0.0 0.0 0.0 0.0 0.0 0.0 0.0 0.0 0.0 1.0 0.0 0.0 0.0 0.0 0.0 0.0 0.0 0.0 0.0 1.0 0.0 0.0 0.0 0.0
351 0.0 0.0 0.0 0.0 0.0 0.0 0.0 0.0 1.0 0.0 0.0 0.0 0.0 0.0 0.0 0.0 0.0 0.0 0.0 0.0 0.0 0.0 0.0 0.0 0.0 0.0 0.0 1.0 1.0 0.0 1.0 0.0
354 0.0 0.0 0.0 0.0 0.0 0.0 2.0 1.0 0.0 1.0 0.0 0.0 0.0 0.0 0.0 0.0 0.0 0.0 0.0 0.0 0.0 0.0 0.0 0.0 0.0 0.0 0.0 0.0 1.0 0.0 0.0 0.0
357 0.0 0.0 0.0 1.0 0.0 0.0 0.0 0.0 0.0 0.0 1.0 1.0 0.0 1.0 0.0 0.0 0.0 0.0 0.0 0.0 0.0 0.0 0.0 0.0 0.0 1.0 0.0 0.0 1.0 0.0 0.0 0.0
