150 314.0 232.0 421.0 199.0 178.0 561.0 32.0 423.0 182.0 425.0 210.0 105.0 41.0 65.0 114.0 202.0 236.0 98.0 80.0 160.0 284.0 73.0 62.0 90.0 36.0 214.0 252.0 91.0 128.0 63.0 152.0 106.0
153 3544543.0 3540083.0 3546857.0 3534899.0 3536963.0 3550003.0 3526983.0 3543614.0 3536079.0 3543615.0 3537618.0 3529161.0 3529121.0 3529639.0 3533633.0 3533815.0 3539735.0 3529564.0 3529674.0 3533123.0 3536388.0 3529568.0 3526515.0 3530081.0 3525113.0 3535396.0 3534404.0 3529846.0 3529240.0 3527113.0 3532937.0 3530227.0
156 17852499.0 17849780.0 17848170.0 17844583.0 17846942.0 17844399.0 17846487.0 17844322.0 17845778.0 17844330.0 17846304.0 17845187.0 17846916.0 17846492.0 17846726.0 17845305.0 17846260.0 17846597.0 17845922.0 17845694.0 17844422.0 17845640.0 17844411.0 17845032.0 17844302.0 17845177.0 17844024.0 17844979.0 17844164.0 17845565.0 17845471.0 17845824.0
159 18070184.0 18062040.0 18057279.0 18048957.0 18054106.0 18048821.0 18052317.0 18048633.0 18051248.0 18048681.0 18052183.0 18050103.0 18052636.0 18051843.0 18052284.0 18050156.0 18051933.0 18052682.0 18050802.0 18050674.0 18048738.0 18050594.0 18048707.0 18049670.0 18048599.0 18050229.0 18048260.0 18049896.0 18048311.0 18050755.0 18051395.0 18051869.0
162 18323648.0 18319577.0 18317853.0 18314714.0 18316507.0 18314715.0 18315642.0 18314620.0 18315412.0 18314664.0 18315598.0 18314917.0 18315718.0 18315540.0 18315611.0 18314914.0 18315716.0 18315486.0 18315221.0 18315254.0 18314647.0 18315253.0 18314603.0 18315023.0 18314588.0 18315219.0 18314512.0 18315073.0 18314523.0 18315406.0 18315705.0 18315981.0
165 18521066.0 18518832.0 18518030.0 18516026.0 18517205.0 18515988.0 18516626.0 18515991.0 18516551.0 18515985.0 18516567.0 18516074.0 18516667.0 18516639.0 18516631.0 18516033.0 18516669.0 18516443.0 18516407.0 18516348.0 18515950.0 18516415.0 18515959.0 18516250.0 18515953.0 18516428.0 18515923.0 18516259.0 18515921.0 18516596.0 18516770.0 18516983.0
168 18692220.0 18690902.0 18690373.0 18687721.0 18689573.0 18687692.0 18688533.0 18687733.0 18688420.0 18687731.0 18688448.0 18687797.0 18688434.0 18688372.0 18688488.0 18687866.0 18688681.0 18688057.0 18688121.0 18688068.0 18687651.0 18688107.0 18687652.0 18688020.0 18687650.0 18688211.0 18687644.0 18687978.0 18687644.0 18688317.0 18688695.0 18688724.0
171 18777994.0 18777679.0 18777763.0 18776637.0 18777652.0 18776590.0 18777236.0 18776624.0 18777176.0 18776566.0 18777227.0 18776789.0 18777493.0 18777356.0 18777780.0 18776745.0 18777704.0 18776977.0 18777076.0 18776934.0 18776412.0 18776822.0 18776398.0 18776735.0 18776399.0 18776857.0 18776385.0 18776586.0 18776387.0 18776850.0 18777045.0 18777004.0
174 18927223.0 18926109.0 18925900.0 18925675.0 18925810.0 18925554.0 18925593.0 18925688.0 18925348.0 18925656.0 18925412.0 18926185.0 18925946.0 18925940.0 18926232.0 18926172.0 18925783.0 18925631.0 18925321.0 18925170.0 18924664.0 18925050.0 18924517.0 18924937.0 18924425.0 18924856.0 18924254.0 18924678.0 18924304.0 18925001.0 18924767.0 18924734.0
177 18530644.0 18521264.0 18512966.0 18494836.0 18512666.0 18490000.0 18512984.0 18490566.0 18503710.0 18490081.0 18506093.0 18502270.0 18510674.0 18508629.0 18508128.0 18503973.0 18504178.0 18509591.0 18503236.0 18502436.0 18493141.0 18500370.0 18494335.0 18497138.0 18493277.0 18496758.0 18489807.0 18497457.0 18492312.0 18499094.0 18497248.0 18498432.0
180 13786295.0 13707301.0 13579498.0 13478431.0 13622766.0 13398782.0 13777988.0 13451229.0 13566413.0 13413602.0 13652775.0 13841493.0 13799061.0 13747129.0 13746848.0 13859426.0 13580370.0 13879772.0 13702785.0 13699421.0 13605815.0 13661496.0 13814319.0 13582288.0 13756914.0 13587908.0 13511984.0 13691141.0 13654104.0 13696073.0 13624343.0 13656170.0
183 10718647.0 10705388.0 10570426.0 10599554.0 10636902.0 10511604.0 10867626.0 10585544.0 10582486.0 10506043.0 10721698.0 11175998.0 10922380.0 10838657.0 10845076.0 11203111.0 10578854.0 11062462.0 10776538.0 10781014.0 10808889.0 10711995.0 11149139.0 10583663.0 11044167.0 10590521.0 10652874.0 10763355.0 10865248.0 10726742.0 10627441.0 10654989.0
186 9556987.0 9558088.0 9427380.0 9639518.0 9500449.0 9549254.0 9776731.0 9640505.0 9462381.0 9508310.0 9627987.0 10306066.0 9834601.0 9728930.0 9735099.0 10303337.0 9422224.0 10025072.0 9670763.0 9685520.0 9860868.0 9595749.0 10278746.0 9443747.0 10145741.0 9453070.0 9699277.0 9677298.0 9922560.0 9587243.0 9477219.0 9494463.0
189 48868.0 48775.0 26182.0 36122.0 44274.0 27920.0 93884.0 37399.0 32195.0 27555.0 49802.0 136666.0 75547.0 61074.0 47494.0 110200.0 23056.0 117363.0 42762.0 37465.0 53228.0 39271.0 115881.0 27758.0 72941.0 26404.0 30691.0 36769.0 50345.0 45931.0 24140.0 22271.0
192 1792.0 1631.0 670.0 1004.0 1557.0 735.0 5842.0 1541.0 915.0 599.0 1202.0 7627.0 1886.0 1798.0 805.0 4362.0 269.0 5269.0 1185.0 651.0 2013.0 969.0 7814.0 646.0 3797.0 782.0 1177.0 1078.0 2057.0 2482.0 578.0 758.0
195 14.0 11.0 12.0 6.0 15.0 17.0 62.0 21.0 26.0 2.0 5.0 95.0 10.0 43.0 3.0 73.0 1.0 39.0 40.0 5.0 18.0 8.0 113.0 22.0 53.0 13.0 19.0 8.0 22.0 34.0 20.0 10.0
198 2.0 3.0 1.0 1.0 2.0 2.0 1.0 0.0 5.0 0.0 0.0 2.0 0.0 11.0 0.0 6.0 0.0 0.0 9.0 0.0 2.0 0.0 19.0 2.0 3.0 3.0 1.0 0.0 0.0 0.0 1.0 0.0
201 0.0 0.0 0.0 0.0 0.0 0.0 0.0 0.0 0.0 0.0 0.0 0.0 0.0 1.0 0.0 0.0 0.0 0.0 0.0 0.0 0.0 0.0 4.0 0.0 0.0 0.0 0.0 0.0 0.0 0.0 0.0 0.0
204 0.0 0.0 0.0 0.0 0.0 0.0 0.0 0.0 0.0 0.0 0.0 0.0 0.0 0.0 0.0 0.0 0.0 0.0 0.0 0.0 0.0 0.0 2.0 0.0 0.0 0.0 0.0 0.0 0.0 0.0 0.0 0.0
207 0.0 0.0 0.0 0.0 0.0 0.0 0.0 0.0 0.0 0.0 0.0 0.0 0.0 0.0 0.0 0.0 0.0 0.0 0.0 0.0 0.0 0.0 0.0 0.0 0.0 0.0 0.0 0.0 0.0 0.0 0.0 0.0
210 0.0 0.0 0.0 0.0 0.0 0.0 0.0 0.0 0.0 0.0 0.0 0.0 0.0 0.0 0.0 0.0 0.0 0.0 0.0 0.0 0.0 0.0 0.0 0.0 0.0 0.0 0.0 0.0 0.0 0.0 0.0 0.0
213 0.0 0.0 0.0 0.0 0.0 0.0 0.0 0.0 0.0 0.0 0.0 0.0 0.0 0.0 0.0 0.0 0.0 0.0 0.0 0.0 0.0 0.0 0.0 0.0 0.0 0.0 0.0 0.0 0.0 0.0 0.0 0.0
216 0.0 0.0 0.0 0.0 0.0 0.0 0.0 0.0 0.0 0.0 0.0 0.0 0.0 0.0 0.0 0.0 0.0 0.0 0.0 0.0 0.0 0.0 0.0 0.0 0.0 0.0 0.0 0.0 0.0 0.0 0.0 0.0
219 0.0 0.0 0.0 0.0 0.0 0.0 0.0 0.0 0.0 0.0 0.0 0.0 0.0 1.0 0.0 0.0 0.0 0.0 0.0 0.0 0.0 0.0 0.0 0.0 0.0 0.0 1.0 0.0 0.0 0.0 0.0 0.0
222 0.0 0.0 0.0 0.0 0.0 0.0 0.0 0.0 0.0 0.0 0.0 0.0 0.0 0.0 0.0 0.0 0.0 0.0 0.0 0.0 0.0 0.0 0.0 0.0 0.0 0.0 0.0 0.0 0.0 0.0 0.0 0.0
225 0.0 0.0 0.0 0.0 0.0 0.0 1.0 0.0 0.0 0.0 0.0 0.0 0.0 0.0 0.0 0.0 0.0 0.0 0.0 0.0 0.0 0.0 1.0 0.0 0.0 0.0 0.0 0.0 0.0 0.0 0.0 0.0
228 0.0 0.0 0.0 0.0 0.0 0.0 0.0 0.0 0.0 0.0 0.0 0.0 0.0 0.0 0.0 0.0 0.0 0.0 0.0 0.0 0.0 0.0 0.0 0.0 0.0 0.0 0.0 0.0 0.0 0.0 0.0 0.0
231 0.0 0.0 0.0 0.0 0.0 0.0 0.0 0.0 0.0 0.0 0.0 0.0 0.0 0.0 0.0 0.0 0.0 0.0 0.0 0.0 0.0 0.0 0.0 0.0 0.0 0.0 0.0 0.0 0.0 0.0 0.0 0.0
234 0.0 0.0 0.0 0.0 0.0 0.0 0.0 0.0 0.0 0.0 0.0 0.0 0.0 0.0 0.0 0.0 0.0 0.0 0.0 0.0 0.0 0.0 0.0 0.0 0.0 0.0 0.0 0.0 0.0 0.0 0.0 0.0
237 0.0 0.0 0.0 0.0 0.0 0.0 0.0 0.0 0.0 0.0 0.0 0.0 0.0 0.0 0.0 0.0 0.0 0.0 0.0 0.0 0.0 0.0 0.0 0.0 0.0 0.0 0.0 0.0 0.0 0.0 0.0 0.0
240 0.0 0.0 0.0 0.0 0.0 0.0 0.0 0.0 0.0 0.0 0.0 0.0 0.0 0.0 0.0 0.0 0.0 0.0 0.0 0.0 0.0 0.0 0.0 0.0 0.0 0.0 0.0 0.0 0.0 0.0 0.0 0.0
243 0.0 0.0 0.0 0.0 0.0 0.0 0.0 0.0 0.0 0.0 0.0 0.0 0.0 0.0 0.0 0.0 0.0 0.0 0.0 0.0 0.0 0.0 0.0 0.0 0.0 0.0 0.0 0.0 0.0 0.0 0.0 0.0
246 0.0 0.0 0.0 0.0 0.0 0.0 0.0 0.0 0.0 0.0 0.0 0.0 0.0 0.0 0.0 0.0 0.0 0.0 0.0 0.0 0.0 0.0 0.0 0.0 0.0 0.0 0.0 0.0 0.0 0.0 0.0 0.0
249 0.0 0.0 0.0 0.0 0.0 0.0 0.0 0.0 0.0 0.0 0.0 0.0 0.0 0.0 0.0 0.0 0.0 0.0 0.0 0.0 0.0 0.0 0.0 0.0 0.0 0.0 0.0 0.0 0.0 0.0 0.0 0.0
252 0.0 1.0 0.0 0.0 0.0 0.0 0.0 0.0 0.0 0.0 0.0 0.0 0.0 0.0 0.0 0.0 0.0 0.0 0.0 0.0 0.0 0.0 0.0 0.0 0.0 0.0 0.0 0.0 0.0 0.0 0.0 0.0
255 0.0 0.0 0.0 0.0 0.0 0.0 0.0 0.0 0.0 0.0 0.0 0.0 0.0 0.0 0.0 0.0 0.0 0.0 0.0 0.0 0.0 0.0 0.0 0.0 0.0 0.0 0.0 0.0 0.0 0.0 0.0 0.0
258 0.0 0.0 0.0 0.0 0.0 0.0 0.0 0.0 0.0 0.0 0.0 0.0 0.0 0.0 0.0 0.0 0.0 0.0 0.0 0.0 0.0 0.0 0.0 0.0 0.0 0.0 0.0 0.0 0.0 0.0 0.0 0.0
261 0.0 0.0 0.0 0.0 0.0 0.0 0.0 1.0 0.0 0.0 0.0 0.0 0.0 0.0 0.0 1.0 0.0 0.0 0.0 0.0 0.0 0.0 0.0 0.0 0.0 0.0 0.0 0.0 0.0 0.0 0.0 0.0
264 0.0 0.0 0.0 0.0 0.0 0.0 0.0 0.0 0.0 0.0 0.0 0.0 0.0 0.0 0.0 0.0 0.0 0.0 0.0 0.0 0.0 0.0 0.0 0.0 0.0 0.0 0.0 0.0 0.0 0.0 0.0 0.0
267 0.0 0.0 0.0 0.0 0.0 0.0 0.0 0.0 0.0 0.0 0.0 0.0 0.0 0.0 0.0 0.0 0.0 0.0 0.0 0.0 0.0 0.0 0.0 0.0 0.0 0.0 0.0 0.0 0.0 0.0 0.0 0.0
270 0.0 0.0 0.0 0.0 0.0 0.0 0.0 0.0 0.0 0.0 0.0 0.0 0.0 0.0 0.0 0.0 0.0 0.0 0.0 0.0 0.0 0.0 0.0 0.0 0.0 0.0 0.0 0.0 0.0 0.0 0.0 0.0
273 0.0 0.0 0.0 0.0 0.0 0.0 0.0 0.0 0.0 0.0 0.0 0.0 0.0 0.0 0.0 0.0 0.0 0.0 0.0 0.0 0.0 0.0 0.0 0.0 0.0 0.0 0.0 0.0 0.0 0.0 0.0 0.0
276 0.0 0.0 0.0 0.0 0.0 0.0 0.0 0.0 0.0 0.0 0.0 0.0 0.0 0.0 0.0 0.0 0.0 0.0 0.0 0.0 0.0 0.0 0.0 0.0 0.0 0.0 0.0 0.0 0.0 0.0 0.0 0.0
279 0.0 0.0 0.0 0.0 0.0 0.0 0.0 0.0 0.0 0.0 0.0 0.0 0.0 0.0 0.0 0.0 0.0 0.0 0.0 0.0 0.0 0.0 0.0 0.0 0.0 0.0 0.0 0.0 0.0 0.0 0.0 0.0
282 0.0 0.0 0.0 0.0 0.0 0.0 0.0 0.0 0.0 0.0 0.0 0.0 0.0 0.0 0.0 0.0 0.0 0.0 0.0 0.0 0.0 0.0 0.0 0.0 0.0 0.0 0.0 0.0 0.0 0.0 0.0 0.0
285 0.0 0.0 0.0 0.0 0.0 0.0 0.0 0.0 0.0 0.0 0.0 0.0 0.0 0.0 0.0 0.0 0.0 0.0 0.0 0.0 0.0 0.0 0.0 0.0 0.0 0.0 0.0 0.0 0.0 0.0 0.0 0.0
288 0.0 0.0 0.0 0.0 0.0 0.0 0.0 0.0 0.0 0.0 0.0 0.0 0.0 0.0 0.0 0.0 0.0 0.0 0.0 0.0 0.0 0.0 0.0 0.0 0.0 0.0 0.0 0.0 0.0 0.0 0.0 0.0
291 0.0 0.0 0.0 0.0 0.0 0.0 0.0 0.0 0.0 0.0 0.0 0.0 0.0 0.0 0.0 0.0 0.0 0.0 0.0 0.0 0.0 0.0 0.0 0.0 0.0 0.0 0.0 0.0 0.0 0.0 0.0 0.0
294 0.0 0.0 0.0 0.0 0.0 0.0 0.0 0.0 0.0 0.0 0.0 0.0 0.0 0.0 0.0 0.0 0.0 0.0 0.0 0.0 0.0 0.0 0.0 0.0 0.0 0.0 0.0 0.0 0.0 0.0 0.0 0.0
297 0.0 0.0 0.0 0.0 0.0 0.0 0.0 0.0 0.0 0.0 0.0 0.0 0.0 0.0 0.0 0.0 0.0 0.0 0.0 0.0 0.0 0.0 0.0 0.0 0.0 0.0 0.0 0.0 0.0 0.0 0.0 0.0
300 0.0 0.0 0.0 0.0 0.0 0.0 0.0 0.0 0.0 0.0 0.0 0.0 0.0 0.0 0.0 0.0 0.0 0.0 0.0 0.0 0.0 0.0 0.0 0.0 0.0 0.0 0.0 0.0 0.0 0.0 0.0 0.0
303 0.0 0.0 0.0 0.0 0.0 0.0 0.0 0.0 0.0 0.0 0.0 0.0 0.0 0.0 0.0 0.0 0.0 0.0 0.0 0.0 0.0 0.0 0.0 0.0 0.0 0.0 0.0 0.0 0.0 0.0 0.0 0.0
306 0.0 0.0 0.0 0.0 0.0 0.0 0.0 0.0 0.0 0.0 0.0 0.0 0.0 0.0 0.0 0.0 0.0 0.0 0.0 0.0 0.0 0.0 0.0 0.0 0.0 0.0 0.0 0.0 0.0 0.0 0.0 0.0
309 0.0 0.0 0.0 0.0 0.0 0.0 0.0 0.0 0.0 0.0 0.0 0.0 0.0 0.0 0.0 0.0 0.0 0.0 0.0 0.0 0.0 0.0 0.0 0.0 0.0 0.0 0.0 0.0 0.0 0.0 0.0 0.0
312 0.0 0.0 0.0 0.0 0.0 0.0 0.0 0.0 0.0 0.0 0.0 0.0 0.0 0.0 0.0 0.0 0.0 0.0 0.0 0.0 0.0 0.0 0.0 0.0 0.0 0.0 0.0 0.0 0.0 0.0 0.0 0.0
315 0.0 0.0 0.0 0.0 0.0 0.0 0.0 0.0 0.0 0.0 0.0 0.0 0.0 0.0 0.0 0.0 0.0 0.0 0.0 0.0 0.0 0.0 0.0 0.0 0.0 0.0 0.0 0.0 0.0 0.0 0.0 0.0
318 0.0 0.0 0.0 0.0 0.0 0.0 0.0 0.0 0.0 0.0 0.0 0.0 0.0 0.0 0.0 0.0 0.0 0.0 0.0 0.0 0.0 0.0 0.0 0.0 0.0 0.0 0.0 0.0 0.0 0.0 0.0 0.0
321 0.0 0.0 0.0 0.0 0.0 0.0 0.0 0.0 0.0 0.0 0.0 0.0 0.0 0.0 0.0 0.0 0.0 0.0 0.0 0.0 0.0 0.0 0.0 0.0 0.0 0.0 0.0 0.0 0.0 0.0 0.0 0.0
324 0.0 0.0 0.0 0.0 0.0 0.0 0.0 0.0 0.0 0.0 0.0 0.0 0.0 0.0 0.0 0.0 0.0 0.0 0.0 0.0 0.0 0.0 0.0 0.0 0.0 0.0 0.0 0.0 0.0 0.0 0.0 0.0
327 0.0 0.0 0.0 0.0 0.0 0.0 0.0 0.0 0.0 0.0 0.0 0.0 0.0 0.0 0.0 0.0 0.0 0.0 0.0 0.0 0.0 0.0 0.0 0.0 0.0 0.0 0.0 0.0 0.0 0.0 0.0 0.0
330 0.0 0.0 0.0 0.0 0.0 0.0 0.0 0.0 0.0 0.0 0.0 0.0 0.0 0.0 0.0 0.0 0.0 0.0 0.0 0.0 0.0 0.0 0.0 0.0 0.0 0.0 0.0 0.0 0.0 0.0 0.0 0.0
333 0.0 0.0 0.0 0.0 0.0 0.0 0.0 0.0 0.0 0.0 0.0 0.0 0.0 0.0 0.0 0.0 0.0 0.0 0.0 0.0 0.0 0.0 0.0 0.0 0.0 0.0 0.0 0.0 0.0 0.0 0.0 0.0
336 0.0 0.0 0.0 0.0 0.0 0.0 0.0 0.0 0.0 0.0 0.0 0.0 0.0 0.0 0.0 0.0 0.0 0.0 0.0 0.0 0.0 0.0 0.0 0.0 0.0 0.0 0.0 0.0 0.0 0.0 0.0 0.0
339 0.0 0.0 0.0 0.0 0.0 0.0 0.0 0.0 0.0 0.0 0.0 0.0 0.0 0.0 0.0 0.0 0.0 0.0 0.0 0.0 0.0 0.0 0.0 0.0 0.0 0.0 0.0 0.0 0.0 0.0 0.0 0.0
342 0.0 0.0 0.0 0.0 0.0 0.0 0.0 0.0 0.0 0.0 0.0 0.0 0.0 0.0 0.0 0.0 0.0 0.0 0.0 0.0 0.0 0.0 0.0 0.0 0.0 0.0 0.0 0.0 0.0 0.0 0.0 0.0
345 0.0 0.0 0.0 0.0 0.0 0.0 0.0 0.0 0.0 0.0 0.0 0.0 0.0 0.0 0.0 0.0 0.0 0.0 0.0 0.0 0.0 0.0 0.0 0.0 0.0 0.0 0.0 0.0 0.0 0.0 0.0 0.0
348 0.0 0.0 0.0 0.0 0.0 0.0 0.0 0.0 0.0 0.0 0.0 0.0 0.0 0.0 0.0 0.0 0.0 0.0 0.0 0.0 0.0 0.0 0.0 0.0 0.0 0.0 0.0 0.0 0.0 0.0 0.0 0.0
351 0.0 0.0 0.0 0.0 0.0 0.0 0.0 0.0 0.0 0.0 0.0 0.0 0.0 0.0 0.0 0.0 0.0 0.0 0.0 0.0 0.0 0.0 0.0 0.0 0.0 0.0 0.0 0.0 0.0 0.0 0.0 0.0
354 0.0 0.0 0.0 0.0 0.0 0.0 0.0 0.0 0.0 0.0 0.0 0.0 0.0 0.0 0.0 0.0 0.0 0.0 0.0 0.0 0.0 0.0 0.0 0.0 0.0 0.0 0.0 0.0 0.0 0.0 0.0 0.0
357 0.0 0.0 0.0 0.0 0.0 0.0 0.0 0.0 0.0 0.0 0.0 0.0 0.0 0.0 0.0 0.0 0.0 0.0 0.0 0.0 0.0 0.0 0.0 0.0 0.0 0.0 0.0 0.0 0.0 0.0 0.0 0.0
