150 308.0 244.0 944.0 681.0 124.0 229.0 185.0 669.0 186.0 1240.0 659.0 541.0 454.0 919.0 575.0 175.0 217.0 369.0 255.0 236.0 308.0 444.0 110.0 911.0 111.0 458.0 494.0 837.0 504.0 686.0 330.0 201.0
153 2036016.0 2027797.0 2052144.0 2052993.0 2032404.0 2034348.0 2033270.0 2044953.0 2030314.0 2056290.0 2051740.0 2045380.0 2038312.0 2059020.0 2046334.0 2029632.0 2037098.0 2039193.0 2035982.0 2034302.0 2037671.0 2045757.0 2027502.0 2056280.0 2025286.0 2037799.0 2037577.0 2052546.0 2044151.0 2049675.0 2040579.0 2031833.0
156 17845214.0 17846776.0 17846660.0 17843444.0 17845829.0 17843309.0 17845096.0 17843333.0 17845333.0 17843464.0 17845266.0 17843602.0 17845183.0 17845671.0 17845150.0 17843744.0 17845320.0 17845307.0 17844917.0 17844699.0 17843371.0 17845159.0 17843488.0 17844675.0 17843440.0 17844966.0 17843206.0 17844539.0 17843187.0 17844774.0 17845851.0 17846085.0
159 18047487.0 18048163.0 18048103.0 18047259.0 18047614.0 18047261.0 18047486.0 18047276.0 18047521.0 18047307.0 18047483.0 18047276.0 18047504.0 18047494.0 18047468.0 18047297.0 18047427.0 18047461.0 18047441.0 18047445.0 18047265.0 18047471.0 18047260.0 18047466.0 18047259.0 18047559.0 18047254.0 18047474.0 18047249.0 18047482.0 18047620.0 18047770.0
162 18316137.0 18317588.0 18318052.0 18314394.0 18316145.0 18314373.0 18315594.0 18314378.0 18315587.0 18314390.0 18315672.0 18314381.0 18315471.0 18315867.0 18315477.0 18314390.0 18315598.0 18315548.0 18315371.0 18315291.0 18314369.0 18315597.0 18314374.0 18315418.0 18314370.0 18315525.0 18314367.0 18315305.0 18314366.0 18315512.0 18316038.0 18316086.0
165 18519445.0 18520068.0 18520757.0 18515936.0 18518601.0 18515892.0 18517559.0 18515900.0 18517474.0 18515901.0 18517531.0 18515892.0 18517039.0 18517706.0 18517127.0 18515895.0 18517220.0 18516991.0 18516922.0 18516698.0 18515896.0 18517077.0 18515890.0 18516880.0 18515891.0 18516936.0 18515890.0 18516771.0 18515891.0 18516873.0 18517245.0 18517195.0
168 18688740.0 18688507.0 18688578.0 18687718.0 18688288.0 18687644.0 18688153.0 18687648.0 18688294.0 18687666.0 18688289.0 18687645.0 18688142.0 18688372.0 18688206.0 18687645.0 18688206.0 18688197.0 18688015.0 18688040.0 18687641.0 18688169.0 18687636.0 18688060.0 18687636.0 18688066.0 18687634.0 18687941.0 18687637.0 18688004.0 18688023.0 18688008.0
171 18777397.0 18776981.0 18777297.0 18776889.0 18776998.0 18776293.0 18776774.0 18776449.0 18777423.0 18776577.0 18777426.0 18776437.0 18776985.0 18777355.0 18777208.0 18776421.0 18777145.0 18777101.0 18776765.0 18776702.0 18776046.0 18776917.0 18775951.0 18776678.0 18775910.0 18776622.0 18775909.0 18776362.0 18775915.0 18776448.0 18776335.0 18776284.0
174 18774819.0 18776221.0 18775435.0 18774552.0 18774244.0 18773888.0 18773340.0 18774055.0 18774821.0 18774164.0 18774048.0 18774351.0 18773154.0 18773217.0 18773258.0 18774545.0 18773274.0 18773048.0 18772512.0 18772254.0 18772421.0 18772217.0 18771968.0 18771691.0 18771663.0 18771814.0 18771543.0 18771584.0 18771536.0 18771569.0 18771878.0 18771777.0
177 18500786.0 18527948.0 18513130.0 18482485.0 18507811.0 18483336.0 18501526.0 18483419.0 18503033.0 18481757.0 18498282.0 18485074.0 18495059.0 18494033.0 18493081.0 18488259.0 18495159.0 18493262.0 18490318.0 18487281.0 18480483.0 18486841.0 18478820.0 18482133.0 18478529.0 18484365.0 18476243.0 18481803.0 18475950.0 18481670.0 18486455.0 18486893.0
180 11412993.0 11626340.0 11323254.0 11082312.0 11427735.0 11375489.0 11445256.0 11328874.0 11453401.0 11226739.0 11362860.0 11406083.0 11421448.0 11327546.0 11310080.0 11707376.0 11468316.0 11480222.0 11356434.0 11357064.0 11466301.0 11336539.0 11515547.0 11140405.0 11601559.0 11326702.0 11282693.0 11132198.0 11133561.0 11278694.0 11459610.0 11569786.0
183 10469601.0 10436445.0 10217512.0 10142064.0 10321092.0 10461147.0 10353022.0 10412437.0 10358856.0 10298102.0 10280973.0 10479991.0 10342547.0 10247402.0 10224326.0 10777140.0 10376547.0 10391034.0 10259931.0 10267930.0 10559652.0 10247925.0 10598033.0 10046393.0 10691644.0 10225704.0 10378317.0 10029425.0 10207724.0 10179356.0 10340976.0 10435497.0
186 5866318.0 5799106.0 5603359.0 5553336.0 5681991.0 5826782.0 5717735.0 5777639.0 5712785.0 5669542.0 5629720.0 5817228.0 5696900.0 5609595.0 5583169.0 6064473.0 5711631.0 5717617.0 5604947.0 5613279.0 5860058.0 5599229.0 5868410.0 5436986.0 5959531.0 5584702.0 5706698.0 5422783.0 5558487.0 5545233.0 5681699.0 5751371.0
189 4104.0 61010.0 20165.0 3516.0 13731.0 16664.0 16073.0 19284.0 26395.0 21590.0 6167.0 14728.0 21026.0 4893.0 7853.0 38290.0 8691.0 10869.0 6125.0 7672.0 18422.0 3502.0 14650.0 3907.0 20965.0 18491.0 24040.0 8583.0 6312.0 4520.0 9011.0 18213.0
192 276.0 11595.0 2717.0 373.0 506.0 766.0 651.0 2010.0 1767.0 3718.0 570.0 1105.0 3075.0 382.0 817.0 1921.0 383.0 695.0 619.0 873.0 997.0 305.0 831.0 658.0 1631.0 2862.0 4262.0 1301.0 766.0 493.0 249.0 1104.0
195 140.0 2479.0 805.0 187.0 261.0 465.0 377.0 721.0 625.0 942.0 335.0 536.0 812.0 263.0 460.0 620.0 246.0 384.0 377.0 483.0 477.0 182.0 439.0 439.0 617.0 791.0 1061.0 549.0 394.0 288.0 120.0 486.0
198 59.0 907.0 543.0 71.0 156.0 241.0 228.0 459.0 405.0 614.0 197.0 370.0 472.0 103.0 299.0 383.0 127.0 252.0 169.0 289.0 335.0 65.0 287.0 238.0 420.0 521.0 621.0 360.0 226.0 138.0 39.0 307.0
201 8.0 568.0 303.0 17.0 74.0 116.0 86.0 283.0 262.0 437.0 78.0 206.0 296.0 33.0 144.0 249.0 36.0 109.0 66.0 126.0 138.0 6.0 107.0 103.0 260.0 329.0 432.0 215.0 108.0 44.0 13.0 158.0
204 1.0 395.0 156.0 3.0 16.0 23.0 21.0 127.0 105.0 205.0 16.0 60.0 175.0 11.0 38.0 91.0 12.0 26.0 11.0 32.0 43.0 0.0 38.0 27.0 81.0 159.0 208.0 73.0 28.0 13.0 0.0 50.0
207 0.0 175.0 64.0 0.0 2.0 2.0 1.0 37.0 26.0 90.0 4.0 19.0 47.0 0.0 10.0 25.0 0.0 5.0 0.0 9.0 8.0 0.0 2.0 6.0 22.0 52.0 70.0 25.0 3.0 1.0 0.0 12.0
210 0.0 81.0 17.0 0.0 0.0 0.0 1.0 16.0 3.0 27.0 0.0 1.0 21.0 1.0 1.0 6.0 0.0 1.0 1.0 5.0 0.0 0.0 1.0 0.0 6.0 25.0 25.0 8.0 2.0 0.0 1.0 2.0
213 0.0 43.0 3.0 0.0 0.0 1.0 1.0 3.0 2.0 15.0 3.0 1.0 6.0 0.0 2.0 4.0 1.0 0.0 0.0 1.0 1.0 1.0 1.0 3.0 2.0 8.0 7.0 2.0 1.0 0.0 0.0 4.0
216 1.0 13.0 3.0 0.0 0.0 0.0 0.0 3.0 4.0 3.0 0.0 1.0 3.0 1.0 1.0 1.0 0.0 0.0 0.0 1.0 1.0 0.0 0.0 0.0 0.0 10.0 4.0 2.0 0.0 0.0 0.0 0.0
219 0.0 5.0 5.0 0.0 1.0 0.0 0.0 0.0 1.0 2.0 0.0 2.0 2.0 0.0 0.0 1.0 0.0 0.0 1.0 0.0 1.0 1.0 0.0 3.0 0.0 1.0 1.0 1.0 0.0 0.0 0.0 1.0
222 0.0 1.0 0.0 0.0 0.0 0.0 1.0 1.0 0.0 1.0 0.0 0.0 3.0 1.0 0.0 0.0 0.0 0.0 0.0 0.0 0.0 0.0 0.0 0.0 0.0 1.0 1.0 3.0 0.0 0.0 0.0 0.0
225 0.0 3.0 1.0 0.0 0.0 1.0 2.0 0.0 0.0 2.0 0.0 0.0 0.0 0.0 1.0 0.0 0.0 2.0 0.0 0.0 0.0 0.0 0.0 1.0 0.0 0.0 1.0 0.0 1.0 2.0 0.0 1.0
228 0.0 1.0 1.0 0.0 0.0 0.0 0.0 0.0 1.0 1.0 0.0 0.0 2.0 0.0 0.0 0.0 0.0 0.0 0.0 0.0 0.0 0.0 0.0 0.0 0.0 0.0 0.0 0.0 0.0 0.0 0.0 1.0
231 0.0 0.0 0.0 1.0 0.0 1.0 0.0 0.0 0.0 0.0 0.0 0.0 1.0 0.0 0.0 0.0 0.0 0.0 0.0 0.0 0.0 0.0 0.0 0.0 0.0 0.0 1.0 0.0 0.0 0.0 0.0 0.0
234 1.0 2.0 1.0 2.0 1.0 1.0 1.0 1.0 1.0 0.0 0.0 1.0 1.0 1.0 0.0 1.0 0.0 1.0 0.0 1.0 1.0 0.0 1.0 1.0 1.0 1.0 1.0 1.0 1.0 1.0 1.0 1.0
237 0.0 0.0 0.0 0.0 0.0 0.0 0.0 0.0 0.0 0.0 0.0 0.0 0.0 0.0 0.0 0.0 0.0 0.0 0.0 1.0 0.0 0.0 0.0 0.0 1.0 0.0 0.0 0.0 0.0 0.0 0.0 0.0
240 0.0 1.0 0.0 0.0 0.0 0.0 0.0 1.0 0.0 0.0 0.0 0.0 0.0 0.0 0.0 2.0 0.0 0.0 0.0 0.0 0.0 0.0 0.0 1.0 0.0 0.0 0.0 0.0 0.0 0.0 0.0 0.0
243 0.0 0.0 0.0 0.0 0.0 0.0 0.0 0.0 0.0 0.0 0.0 0.0 0.0 1.0 0.0 0.0 0.0 1.0 0.0 0.0 0.0 0.0 0.0 0.0 0.0 0.0 0.0 0.0 0.0 0.0 0.0 0.0
246 0.0 0.0 0.0 0.0 0.0 1.0 0.0 0.0 0.0 0.0 0.0 1.0 0.0 0.0 0.0 0.0 0.0 1.0 0.0 0.0 0.0 1.0 0.0 1.0 1.0 0.0 0.0 0.0 1.0 0.0 0.0 0.0
249 0.0 0.0 0.0 0.0 0.0 0.0 0.0 0.0 0.0 0.0 0.0 0.0 1.0 0.0 0.0 0.0 0.0 0.0 0.0 0.0 0.0 0.0 1.0 0.0 0.0 0.0 1.0 0.0 0.0 0.0 0.0 0.0
252 0.0 0.0 0.0 0.0 0.0 0.0 0.0 0.0 1.0 0.0 0.0 0.0 1.0 0.0 0.0 0.0 0.0 0.0 0.0 0.0 1.0 0.0 0.0 0.0 0.0 0.0 0.0 0.0 0.0 0.0 0.0 0.0
255 0.0 0.0 0.0 0.0 0.0 1.0 0.0 0.0 0.0 0.0 0.0 0.0 0.0 0.0 0.0 0.0 0.0 1.0 0.0 1.0 0.0 0.0 0.0 0.0 0.0 0.0 0.0 0.0 0.0 0.0 0.0 0.0
258 0.0 0.0 0.0 0.0 0.0 1.0 0.0 0.0 0.0 0.0 0.0 0.0 0.0 0.0 0.0 0.0 0.0 0.0 0.0 0.0 0.0 0.0 0.0 0.0 0.0 0.0 0.0 1.0 0.0 0.0 0.0 0.0
261 0.0 0.0 0.0 0.0 0.0 0.0 0.0 0.0 0.0 0.0 0.0 0.0 0.0 0.0 0.0 0.0 1.0 0.0 1.0 0.0 0.0 0.0 0.0 0.0 0.0 1.0 0.0 0.0 0.0 0.0 0.0 0.0
264 0.0 1.0 0.0 0.0 0.0 0.0 0.0 1.0 0.0 0.0 0.0 0.0 0.0 0.0 0.0 0.0 0.0 0.0 0.0 0.0 0.0 0.0 0.0 0.0 0.0 0.0 0.0 0.0 0.0 0.0 0.0 0.0
267 0.0 0.0 1.0 0.0 0.0 0.0 0.0 0.0 0.0 0.0 1.0 0.0 0.0 0.0 0.0 0.0 0.0 1.0 0.0 0.0 0.0 0.0 0.0 0.0 0.0 0.0 0.0 1.0 0.0 0.0 0.0 0.0
270 0.0 0.0 1.0 0.0 0.0 0.0 0.0 0.0 0.0 0.0 0.0 0.0 0.0 0.0 1.0 0.0 1.0 0.0 1.0 0.0 1.0 1.0 0.0 0.0 0.0 1.0 1.0 0.0 0.0 0.0 0.0 1.0
273 0.0 0.0 0.0 0.0 0.0 0.0 0.0 0.0 0.0 0.0 0.0 0.0 0.0 0.0 0.0 0.0 0.0 0.0 0.0 0.0 0.0 0.0 0.0 0.0 0.0 0.0 0.0 0.0 0.0 0.0 0.0 0.0
276 0.0 0.0 0.0 0.0 0.0 0.0 0.0 0.0 0.0 0.0 0.0 0.0 0.0 1.0 0.0 0.0 0.0 0.0 0.0 0.0 0.0 0.0 0.0 0.0 0.0 0.0 0.0 0.0 0.0 0.0 0.0 0.0
279 0.0 0.0 0.0 0.0 0.0 0.0 0.0 0.0 0.0 0.0 0.0 0.0 0.0 0.0 0.0 0.0 0.0 0.0 0.0 0.0 0.0 0.0 0.0 0.0 0.0 0.0 0.0 0.0 0.0 0.0 0.0 0.0
282 0.0 0.0 0.0 0.0 0.0 0.0 0.0 0.0 1.0 0.0 0.0 0.0 1.0 0.0 0.0 1.0 0.0 0.0 0.0 0.0 1.0 0.0 0.0 1.0 0.0 0.0 0.0 0.0 0.0 0.0 0.0 0.0
285 0.0 0.0 0.0 0.0 0.0 0.0 0.0 0.0 0.0 0.0 0.0 0.0 0.0 0.0 0.0 0.0 0.0 0.0 0.0 0.0 0.0 0.0 0.0 0.0 0.0 0.0 0.0 0.0 0.0 0.0 0.0 0.0
288 0.0 1.0 0.0 0.0 0.0 0.0 0.0 0.0 0.0 1.0 0.0 0.0 0.0 0.0 0.0 0.0 0.0 0.0 1.0 0.0 0.0 0.0 1.0 0.0 0.0 1.0 1.0 0.0 0.0 0.0 0.0 0.0
291 0.0 0.0 0.0 0.0 0.0 0.0 0.0 0.0 0.0 0.0 0.0 0.0 0.0 0.0 0.0 0.0 0.0 0.0 0.0 0.0 0.0 0.0 1.0 0.0 1.0 0.0 0.0 0.0 0.0 0.0 0.0 0.0
294 0.0 0.0 0.0 0.0 0.0 0.0 0.0 0.0 0.0 0.0 0.0 0.0 0.0 0.0 0.0 0.0 0.0 0.0 0.0 0.0 0.0 0.0 0.0 0.0 0.0 0.0 0.0 0.0 0.0 0.0 0.0 0.0
297 0.0 0.0 0.0 0.0 0.0 1.0 0.0 1.0 0.0 0.0 0.0 0.0 0.0 0.0 0.0 0.0 0.0 1.0 0.0 0.0 0.0 0.0 1.0 0.0 0.0 1.0 0.0 0.0 0.0 0.0 1.0 2.0
300 0.0 0.0 0.0 0.0 0.0 0.0 0.0 0.0 0.0 0.0 0.0 0.0 0.0 0.0 0.0 0.0 0.0 0.0 0.0 0.0 0.0 0.0 0.0 0.0 0.0 0.0 1.0 0.0 0.0 0.0 0.0 0.0
303 0.0 0.0 0.0 0.0 0.0 0.0 0.0 0.0 0.0 0.0 0.0 0.0 0.0 0.0 0.0 0.0 0.0 0.0 0.0 1.0 0.0 0.0 0.0 0.0 0.0 0.0 0.0 0.0 0.0 0.0 0.0 0.0
306 0.0 0.0 0.0 0.0 0.0 0.0 0.0 0.0 0.0 0.0 0.0 0.0 0.0 0.0 0.0 0.0 0.0 0.0 0.0 0.0 0.0 0.0 0.0 0.0 0.0 0.0 0.0 0.0 0.0 0.0 0.0 0.0
309 0.0 0.0 0.0 0.0 0.0 0.0 0.0 0.0 1.0 0.0 0.0 0.0 0.0 0.0 0.0 0.0 0.0 0.0 0.0 0.0 0.0 1.0 0.0 0.0 0.0 2.0 0.0 0.0 0.0 0.0 0.0 0.0
312 0.0 0.0 0.0 0.0 0.0 0.0 0.0 0.0 0.0 0.0 0.0 0.0 0.0 0.0 0.0 0.0 0.0 0.0 0.0 0.0 0.0 0.0 0.0 0.0 0.0 0.0 0.0 0.0 0.0 0.0 0.0 0.0
315 0.0 0.0 0.0 0.0 0.0 0.0 0.0 0.0 0.0 0.0 0.0 0.0 0.0 0.0 0.0 0.0 0.0 0.0 0.0 0.0 0.0 0.0 0.0 0.0 0.0 0.0 0.0 1.0 0.0 0.0 0.0 0.0
318 1.0 1.0 0.0 1.0 0.0 0.0 1.0 0.0 0.0 0.0 0.0 1.0 0.0 0.0 0.0 0.0 0.0 0.0 0.0 0.0 1.0 0.0 0.0 0.0 0.0 0.0 0.0 0.0 0.0 0.0 0.0 0.0
321 0.0 0.0 0.0 0.0 0.0 0.0 0.0 0.0 0.0 0.0 0.0 0.0 0.0 0.0 0.0 0.0 0.0 0.0 0.0 0.0 0.0 0.0 0.0 0.0 0.0 0.0 0.0 0.0 0.0 0.0 0.0 0.0
324 0.0 0.0 0.0 0.0 0.0 1.0 0.0 0.0 0.0 0.0 1.0 0.0 0.0 0.0 0.0 0.0 0.0 0.0 0.0 0.0 0.0 0.0 0.0 0.0 0.0 0.0 0.0 0.0 0.0 0.0 0.0 0.0
327 0.0 0.0 0.0 0.0 0.0 0.0 0.0 0.0 0.0 0.0 0.0 0.0 1.0 0.0 0.0 0.0 0.0 0.0 0.0 0.0 0.0 0.0 0.0 0.0 0.0 0.0 0.0 0.0 0.0 0.0 0.0 0.0
330 1.0 0.0 1.0 0.0 0.0 0.0 0.0 0.0 0.0 0.0 0.0 0.0 0.0 0.0 0.0 0.0 0.0 0.0 0.0 0.0 0.0 0.0 0.0 0.0 1.0 0.0 0.0 0.0 0.0 0.0 0.0 0.0
333 0.0 0.0 0.0 0.0 0.0 0.0 0.0 0.0 0.0 0.0 0.0 0.0 0.0 0.0 0.0 0.0 0.0 0.0 0.0 0.0 0.0 0.0 0.0 0.0 0.0 0.0 0.0 0.0 0.0 0.0 0.0 0.0
336 0.0 0.0 0.0 0.0 0.0 0.0 0.0 0.0 0.0 0.0 0.0 0.0 0.0 0.0 0.0 0.0 0.0 0.0 0.0 0.0 0.0 0.0 0.0 0.0 0.0 0.0 1.0 0.0 0.0 0.0 0.0 0.0
339 0.0 0.0 0.0 0.0 0.0 1.0 0.0 0.0 0.0 0.0 0.0 0.0 0.0 0.0 0.0 0.0 0.0 0.0 0.0 0.0 0.0 0.0 0.0 0.0 0.0 0.0 0.0 0.0 0.0 1.0 0.0 0.0
342 0.0 0.0 0.0 0.0 0.0 0.0 0.0 0.0 0.0 0.0 0.0 0.0 0.0 0.0 0.0 0.0 0.0 0.0 0.0 0.0 0.0 0.0 0.0 0.0 0.0 0.0 0.0 0.0 0.0 0.0 0.0 0.0
345 1.0 2.0 0.0 0.0 0.0 0.0 1.0 0.0 0.0 0.0 0.0 0.0 0.0 0.0 0.0 0.0 0.0 0.0 0.0 0.0 0.0 0.0 0.0 1.0 0.0 0.0 0.0 0.0 0.0 1.0 0.0 0.0
348 0.0 0.0 0.0 0.0 0.0 0.0 0.0 0.0 0.0 0.0 0.0 0.0 0.0 0.0 0.0 0.0 0.0 0.0 0.0 0.0 0.0 0.0 0.0 0.0 0.0 0.0 0.0 0.0 0.0 0.0 0.0 0.0
351 0.0 0.0 0.0 0.0 0.0 0.0 0.0 0.0 0.0 0.0 0.0 0.0 0.0 0.0 1.0 0.0 0.0 0.0 0.0 0.0 0.0 0.0 0.0 0.0 0.0 0.0 0.0 0.0 0.0 0.0 0.0 0.0
354 0.0 0.0 0.0 0.0 0.0 0.0 0.0 0.0 0.0 0.0 0.0 0.0 0.0 0.0 0.0 0.0 0.0 0.0 0.0 0.0 0.0 0.0 0.0 0.0 0.0 0.0 0.0 0.0 0.0 0.0 0.0 0.0
357 0.0 0.0 1.0 0.0 0.0 0.0 0.0 0.0 0.0 0.0 0.0 0.0 0.0 0.0 0.0 0.0 0.0 0.0 0.0 0.0 0.0 0.0 0.0 0.0 0.0 0.0 0.0 0.0 0.0 0.0 0.0 0.0
