150 16070649.0 16058515.0 16056774.0 16038879.0 16056763.0 16040857.0 16050201.0 16040429.0 16047807.0 16042991.0 16055136.0 16038171.0 16054422.0 16062508.0 16054445.0 16038168.0 16053993.0 16057038.0 16050977.0 16047213.0 16039447.0 16046240.0 16029986.0 16041378.0 16032802.0 16045177.0 16025151.0 16039984.0 16029584.0 16041711.0 16044767.0 16044351.0
153 17885358.0 17884872.0 17881150.0 17870667.0 17880506.0 17870334.0 17878396.0 17870710.0 17876594.0 17871426.0 17878390.0 17871319.0 17877075.0 17883310.0 17877679.0 17872076.0 17878459.0 17882303.0 17877620.0 17876204.0 17870025.0 17875777.0 17869913.0 17874622.0 17870099.0 17876292.0 17869179.0 17872883.0 17869262.0 17874304.0 17875666.0 17878678.0
156 18147608.0 18151377.0 18148991.0 18139641.0 18146865.0 18139377.0 18144578.0 18139652.0 18143009.0 18139703.0 18145142.0 18139973.0 18143742.0 18145783.0 18143393.0 18140262.0 18144238.0 18145704.0 18143218.0 18142309.0 18139208.0 18142652.0 18139442.0 18142420.0 18139409.0 18143867.0 18139270.0 18141609.0 18139080.0 18142721.0 18143735.0 18146216.0
159 18630211.0 18628447.0 18624838.0 18609191.0 18620782.0 18608756.0 18616738.0 18609021.0 18614627.0 18609030.0 18618051.0 18609342.0 18615840.0 18618766.0 18614666.0 18609543.0 18615571.0 18618786.0 18614341.0 18613462.0 18608251.0 18613798.0 18608402.0 18612908.0 18608366.0 18614312.0 18608169.0 18611542.0 18607865.0 18612944.0 18613593.0 18615573.0
162 18917142.0 18910168.0 18908840.0 18898570.0 18906231.0 18898321.0 18903709.0 18898387.0 18901899.0 18898442.0 18904674.0 18898475.0 18903204.0 18904950.0 18901987.0 18898547.0 18902570.0 18904597.0 18901629.0 18901013.0 18897725.0 18901185.0 18897731.0 18900613.0 18897635.0 18901190.0 18897499.0 18899556.0 18897336.0 18900560.0 18900666.0 18901988.0
165 19153058.0 19148116.0 19147221.0 19140131.0 19146093.0 19139575.0 19144985.0 19139403.0 19143660.0 19139900.0 19146092.0 19139412.0 19144526.0 19147536.0 19144200.0 19139362.0 19144270.0 19147922.0 19143587.0 19142919.0 19137961.0 19143094.0 19137623.0 19142553.0 19137615.0 19142865.0 19137243.0 19140897.0 19137147.0 19141930.0 19141215.0 19142412.0
168 19173258.0 19170274.0 19169932.0 19169101.0 19169242.0 19169111.0 19168941.0 19169140.0 19168522.0 19170190.0 19169220.0 19168728.0 19168531.0 19170353.0 19168758.0 19167813.0 19168646.0 19170622.0 19168036.0 19168018.0 19166702.0 19167766.0 19165832.0 19167791.0 19165913.0 19167595.0 19165619.0 19166753.0 19165738.0 19167223.0 19166686.0 19167138.0
171 19054295.0 19039590.0 19034886.0 19031827.0 19031632.0 19029739.0 19027179.0 19031264.0 19023612.0 19032279.0 19026701.0 19028562.0 19023367.0 19024353.0 19020465.0 19023322.0 19020510.0 19022006.0 19017662.0 19016510.0 19017551.0 19015609.0 19013765.0 19014570.0 19013734.0 19014278.0 19012492.0 19012839.0 19012678.0 19013401.0 19013413.0 19014125.0
174 18210797.0 18356105.0 18098430.0 17701991.0 18110591.0 17511709.0 18081839.0 17609907.0 18017876.0 17560954.0 17974322.0 17664678.0 17868511.0 17975051.0 17848167.0 17706732.0 17887539.0 17981909.0 17841549.0 17798558.0 17582231.0 17830149.0 17649203.0 17813060.0 17674211.0 17844172.0 17664930.0 17761546.0 17641199.0 17813317.0 17815676.0 17910247.0
177 11549893.0 11640942.0 11319525.0 11299797.0 11440058.0 11005738.0 11547890.0 11299718.0 11577284.0 11237632.0 11449425.0 11445557.0 11260045.0 11588158.0 11334312.0 11585974.0 11372099.0 11681397.0 11306029.0 11222445.0 11163977.0 11309892.0 11436944.0 11292914.0 11470964.0 11332846.0 11444223.0 11073727.0 11274160.0 11218362.0 11170733.0 11407534.0
180 10161709.0 10087901.0 9812240.0 9914592.0 9919124.0 9618725.0 10012293.0 9908653.0 10047641.0 9818940.0 9915421.0 10021810.0 9743153.0 10033502.0 9809076.0 10155497.0 9837612.0 10111174.0 9763108.0 9676885.0 9742951.0 9768600.0 10019637.0 9767014.0 10068627.0 9791160.0 10019839.0 9537523.0 9848715.0 9672513.0 9619378.0 9839754.0
183 8813809.0 8730616.0 8529215.0 8680337.0 8610410.0 8442590.0 8704910.0 8678839.0 8758971.0 8603756.0 8639338.0 8760910.0 8485179.0 8733280.0 8537023.0 8871755.0 8562383.0 8787516.0 8479512.0 8388018.0 8533220.0 8482723.0 8778378.0 8496975.0 8840459.0 8510406.0 8777103.0 8262854.0 8638368.0 8383461.0 8332069.0 8531673.0
186 26599.0 127262.0 47238.0 88180.0 43344.0 12806.0 84047.0 26885.0 97904.0 38062.0 44172.0 33471.0 21543.0 63197.0 44689.0 63030.0 47940.0 45472.0 13822.0 7226.0 12742.0 12285.0 76802.0 52567.0 70904.0 54945.0 36497.0 7100.0 50930.0 18252.0 16136.0 18775.0
189 2799.0 17555.0 5844.0 20082.0 3644.0 1316.0 13400.0 2215.0 8871.0 5046.0 3459.0 1865.0 1633.0 9778.0 8141.0 11272.0 6199.0 3759.0 1169.0 1170.0 1128.0 895.0 20643.0 10578.0 17217.0 10644.0 4021.0 1142.0 8134.0 2059.0 2143.0 1485.0
192 905.0 2098.0 1435.0 2779.0 1100.0 654.0 1938.0 961.0 1365.0 1270.0 1035.0 898.0 752.0 1570.0 1460.0 1750.0 1232.0 1012.0 650.0 535.0 560.0 410.0 2883.0 1950.0 2478.0 2041.0 957.0 657.0 2484.0 966.0 896.0 682.0
195 592.0 1174.0 1029.0 1346.0 829.0 451.0 1196.0 658.0 850.0 846.0 691.0 535.0 435.0 1051.0 963.0 1030.0 892.0 702.0 345.0 251.0 355.0 207.0 1282.0 1300.0 1202.0 1370.0 733.0 318.0 1728.0 605.0 626.0 417.0
198 294.0 824.0 607.0 971.0 415.0 189.0 740.0 279.0 557.0 532.0 416.0 252.0 187.0 712.0 703.0 704.0 598.0 405.0 116.0 48.0 140.0 54.0 1009.0 850.0 891.0 852.0 389.0 92.0 978.0 268.0 322.0 173.0
201 77.0 494.0 271.0 655.0 125.0 38.0 442.0 79.0 266.0 241.0 158.0 47.0 55.0 387.0 347.0 389.0 268.0 144.0 22.0 6.0 25.0 5.0 604.0 425.0 616.0 441.0 176.0 10.0 372.0 80.0 83.0 36.0
204 12.0 183.0 90.0 284.0 34.0 7.0 146.0 15.0 100.0 61.0 31.0 4.0 7.0 128.0 144.0 169.0 90.0 38.0 1.0 0.0 0.0 2.0 299.0 173.0 275.0 167.0 34.0 2.0 89.0 11.0 21.0 8.0
207 2.0 84.0 14.0 128.0 8.0 2.0 51.0 7.0 13.0 13.0 8.0 1.0 1.0 51.0 50.0 53.0 21.0 6.0 1.0 0.0 1.0 0.0 123.0 57.0 115.0 51.0 15.0 2.0 15.0 0.0 3.0 0.0
210 1.0 12.0 8.0 47.0 3.0 0.0 11.0 1.0 7.0 4.0 2.0 1.0 0.0 10.0 9.0 18.0 5.0 2.0 1.0 1.0 0.0 0.0 52.0 13.0 31.0 13.0 3.0 1.0 10.0 3.0 2.0 3.0
213 0.0 3.0 1.0 11.0 0.0 0.0 3.0 1.0 4.0 1.0 1.0 1.0 2.0 2.0 6.0 5.0 4.0 4.0 1.0 0.0 0.0 0.0 10.0 4.0 17.0 7.0 3.0 0.0 2.0 1.0 2.0 0.0
216 1.0 0.0 1.0 1.0 2.0 0.0 3.0 0.0 0.0 0.0 0.0 0.0 0.0 4.0 3.0 6.0 2.0 1.0 1.0 0.0 0.0 0.0 3.0 2.0 5.0 8.0 0.0 0.0 1.0 0.0 2.0 0.0
219 0.0 3.0 0.0 3.0 1.0 0.0 1.0 0.0 2.0 1.0 1.0 2.0 0.0 3.0 1.0 1.0 2.0 0.0 0.0 0.0 1.0 0.0 1.0 2.0 2.0 5.0 0.0 0.0 1.0 1.0 0.0 0.0
222 1.0 1.0 0.0 1.0 0.0 0.0 1.0 0.0 0.0 0.0 0.0 1.0 0.0 2.0 1.0 2.0 1.0 1.0 0.0 0.0 0.0 0.0 2.0 2.0 4.0 0.0 1.0 0.0 1.0 0.0 1.0 0.0
225 1.0 0.0 0.0 1.0 0.0 0.0 0.0 0.0 0.0 0.0 0.0 0.0 1.0 0.0 1.0 1.0 0.0 0.0 0.0 0.0 0.0 0.0 1.0 0.0 0.0 0.0 0.0 0.0 0.0 0.0 0.0 0.0
228 0.0 0.0 0.0 0.0 0.0 0.0 1.0 0.0 0.0 1.0 0.0 0.0 0.0 1.0 0.0 1.0 0.0 0.0 0.0 0.0 0.0 0.0 2.0 0.0 1.0 0.0 0.0 0.0 1.0 0.0 0.0 0.0
231 1.0 0.0 0.0 0.0 0.0 0.0 1.0 0.0 0.0 0.0 0.0 0.0 0.0 1.0 0.0 0.0 1.0 0.0 0.0 0.0 0.0 0.0 0.0 0.0 0.0 0.0 0.0 0.0 0.0 0.0 0.0 0.0
234 0.0 0.0 0.0 1.0 0.0 0.0 0.0 0.0 0.0 1.0 0.0 0.0 0.0 0.0 0.0 0.0 0.0 0.0 0.0 0.0 0.0 0.0 0.0 1.0 0.0 0.0 1.0 0.0 0.0 1.0 0.0 0.0
237 0.0 0.0 0.0 1.0 1.0 0.0 0.0 0.0 0.0 0.0 0.0 0.0 1.0 0.0 0.0 0.0 0.0 0.0 0.0 0.0 0.0 0.0 0.0 0.0 0.0 0.0 0.0 0.0 0.0 0.0 0.0 0.0
240 0.0 0.0 0.0 0.0 0.0 0.0 0.0 0.0 0.0 0.0 0.0 0.0 1.0 1.0 1.0 1.0 0.0 0.0 0.0 0.0 0.0 0.0 1.0 0.0 0.0 0.0 0.0 0.0 0.0 0.0 0.0 0.0
243 0.0 1.0 1.0 0.0 0.0 0.0 0.0 0.0 0.0 1.0 1.0 1.0 0.0 1.0 2.0 1.0 0.0 0.0 0.0 0.0 0.0 0.0 0.0 0.0 0.0 0.0 0.0 0.0 0.0 0.0 0.0 0.0
246 0.0 1.0 1.0 0.0 0.0 0.0 0.0 0.0 0.0 0.0 0.0 0.0 0.0 0.0 0.0 0.0 0.0 1.0 0.0 0.0 1.0 0.0 0.0 0.0 0.0 0.0 0.0 0.0 0.0 0.0 0.0 1.0
249 2.0 0.0 0.0 0.0 0.0 0.0 2.0 1.0 1.0 0.0 0.0 0.0 0.0 0.0 0.0 0.0 0.0 0.0 0.0 0.0 0.0 0.0 1.0 0.0 0.0 0.0 0.0 0.0 0.0 0.0 0.0 0.0
252 0.0 0.0 0.0 1.0 0.0 0.0 0.0 0.0 0.0 0.0 0.0 0.0 0.0 0.0 0.0 0.0 0.0 0.0 0.0 0.0 0.0 0.0 0.0 0.0 0.0 0.0 0.0 1.0 0.0 0.0 0.0 0.0
255 0.0 0.0 0.0 1.0 0.0 0.0 0.0 0.0 0.0 0.0 0.0 0.0 0.0 0.0 0.0 0.0 0.0 0.0 1.0 0.0 1.0 0.0 0.0 0.0 0.0 0.0 0.0 0.0 0.0 0.0 0.0 0.0
258 0.0 0.0 0.0 0.0 0.0 0.0 0.0 0.0 0.0 0.0 0.0 0.0 0.0 0.0 0.0 0.0 0.0 0.0 0.0 0.0 0.0 0.0 0.0 0.0 0.0 0.0 0.0 0.0 0.0 0.0 0.0 0.0
261 0.0 0.0 0.0 0.0 0.0 0.0 0.0 0.0 0.0 0.0 0.0 0.0 0.0 1.0 0.0 0.0 0.0 0.0 0.0 1.0 0.0 0.0 0.0 0.0 1.0 0.0 0.0 0.0 0.0 0.0 1.0 0.0
264 0.0 0.0 0.0 0.0 0.0 0.0 0.0 0.0 1.0 1.0 1.0 0.0 0.0 0.0 0.0 0.0 0.0 0.0 0.0 0.0 0.0 0.0 0.0 0.0 0.0 0.0 0.0 0.0 0.0 0.0 0.0 0.0
267 0.0 0.0 0.0 0.0 0.0 0.0 0.0 0.0 0.0 0.0 0.0 0.0 0.0 0.0 0.0 0.0 0.0 0.0 0.0 0.0 0.0 0.0 0.0 0.0 0.0 0.0 0.0 0.0 0.0 0.0 0.0 0.0
270 0.0 0.0 0.0 0.0 0.0 0.0 0.0 0.0 0.0 0.0 1.0 0.0 0.0 0.0 0.0 1.0 0.0 0.0 0.0 0.0 0.0 0.0 0.0 1.0 0.0 0.0 0.0 0.0 0.0 0.0 0.0 0.0
273 0.0 0.0 0.0 0.0 0.0 0.0 0.0 0.0 1.0 0.0 0.0 0.0 0.0 0.0 0.0 0.0 0.0 0.0 0.0 0.0 0.0 0.0 0.0 0.0 0.0 0.0 0.0 0.0 0.0 0.0 0.0 0.0
276 0.0 0.0 0.0 0.0 0.0 0.0 1.0 1.0 1.0 0.0 0.0 0.0 0.0 0.0 0.0 0.0 1.0 0.0 0.0 0.0 0.0 0.0 0.0 0.0 1.0 0.0 0.0 0.0 0.0 0.0 0.0 0.0
279 0.0 0.0 0.0 0.0 1.0 0.0 0.0 0.0 0.0 0.0 0.0 0.0 0.0 0.0 0.0 0.0 0.0 0.0 0.0 0.0 0.0 0.0 0.0 0.0 0.0 0.0 0.0 0.0 0.0 0.0 0.0 0.0
282 0.0 0.0 0.0 0.0 0.0 0.0 0.0 0.0 1.0 0.0 0.0 0.0 0.0 0.0 0.0 0.0 0.0 0.0 0.0 0.0 0.0 0.0 0.0 0.0 0.0 1.0 1.0 0.0 0.0 0.0 0.0 0.0
285 0.0 0.0 0.0 0.0 0.0 0.0 0.0 0.0 0.0 0.0 0.0 0.0 0.0 0.0 0.0 0.0 0.0 0.0 0.0 0.0 1.0 0.0 0.0 0.0 1.0 0.0 0.0 0.0 0.0 0.0 0.0 0.0
288 0.0 0.0 0.0 0.0 0.0 0.0 0.0 0.0 0.0 0.0 0.0 0.0 0.0 0.0 0.0 0.0 0.0 0.0 0.0 0.0 0.0 0.0 0.0 0.0 0.0 0.0 0.0 0.0 0.0 0.0 0.0 0.0
291 0.0 0.0 0.0 0.0 0.0 0.0 0.0 1.0 0.0 0.0 0.0 0.0 0.0 0.0 0.0 0.0 1.0 0.0 0.0 0.0 1.0 0.0 0.0 0.0 0.0 0.0 0.0 0.0 1.0 0.0 0.0 0.0
294 0.0 0.0 0.0 0.0 0.0 0.0 0.0 0.0 0.0 0.0 0.0 0.0 0.0 0.0 0.0 0.0 0.0 0.0 0.0 0.0 0.0 0.0 0.0 0.0 0.0 0.0 0.0 0.0 0.0 0.0 0.0 0.0
297 0.0 0.0 0.0 1.0 0.0 0.0 0.0 0.0 0.0 0.0 0.0 0.0 0.0 0.0 0.0 0.0 0.0 0.0 0.0 0.0 0.0 0.0 0.0 1.0 0.0 0.0 0.0 0.0 0.0 0.0 0.0 0.0
300 0.0 0.0 0.0 0.0 0.0 1.0 0.0 0.0 0.0 0.0 0.0 0.0 0.0 0.0 0.0 0.0 0.0 0.0 0.0 0.0 0.0 0.0 0.0 0.0 0.0 0.0 0.0 0.0 0.0 0.0 0.0 0.0
303 0.0 0.0 0.0 0.0 0.0 0.0 0.0 0.0 0.0 0.0 0.0 0.0 0.0 1.0 0.0 0.0 1.0 0.0 0.0 0.0 0.0 0.0 0.0 1.0 0.0 0.0 0.0 0.0 0.0 0.0 0.0 0.0
306 0.0 0.0 0.0 0.0 0.0 0.0 0.0 0.0 0.0 0.0 0.0 0.0 0.0 0.0 0.0 0.0 0.0 0.0 0.0 0.0 0.0 0.0 0.0 0.0 0.0 0.0 0.0 0.0 0.0 1.0 0.0 0.0
309 0.0 0.0 0.0 0.0 0.0 0.0 0.0 0.0 0.0 0.0 0.0 0.0 0.0 0.0 0.0 0.0 0.0 0.0 0.0 0.0 0.0 0.0 0.0 0.0 0.0 0.0 0.0 0.0 0.0 0.0 0.0 0.0
312 0.0 0.0 0.0 0.0 0.0 0.0 0.0 0.0 0.0 0.0 0.0 0.0 0.0 0.0 0.0 0.0 0.0 0.0 0.0 0.0 0.0 0.0 0.0 0.0 0.0 0.0 0.0 0.0 0.0 0.0 0.0 0.0
315 0.0 0.0 0.0 0.0 0.0 0.0 0.0 0.0 0.0 0.0 0.0 0.0 0.0 0.0 0.0 0.0 0.0 0.0 0.0 0.0 0.0 0.0 0.0 0.0 0.0 0.0 0.0 0.0 0.0 0.0 0.0 0.0
318 0.0 0.0 0.0 0.0 0.0 0.0 0.0 0.0 0.0 0.0 0.0 0.0 0.0 0.0 1.0 0.0 0.0 1.0 0.0 0.0 0.0 0.0 1.0 0.0 1.0 0.0 0.0 0.0 0.0 0.0 0.0 0.0
321 0.0 0.0 0.0 0.0 0.0 0.0 0.0 0.0 0.0 0.0 0.0 0.0 0.0 0.0 0.0 0.0 0.0 0.0 0.0 0.0 0.0 0.0 0.0 0.0 0.0 0.0 0.0 0.0 0.0 0.0 0.0 0.0
324 0.0 0.0 0.0 0.0 0.0 0.0 0.0 0.0 0.0 1.0 0.0 0.0 0.0 0.0 0.0 0.0 0.0 0.0 0.0 0.0 0.0 0.0 0.0 0.0 0.0 0.0 1.0 0.0 0.0 0.0 0.0 0.0
327 0.0 0.0 0.0 0.0 0.0 0.0 0.0 0.0 0.0 0.0 0.0 0.0 0.0 0.0 0.0 0.0 0.0 0.0 0.0 0.0 0.0 0.0 0.0 0.0 0.0 0.0 0.0 0.0 0.0 0.0 0.0 0.0
330 0.0 0.0 0.0 0.0 0.0 0.0 0.0 0.0 0.0 0.0 0.0 0.0 0.0 0.0 0.0 0.0 0.0 0.0 0.0 0.0 0.0 0.0 0.0 0.0 0.0 0.0 0.0 0.0 0.0 0.0 0.0 0.0
333 0.0 0.0 0.0 0.0 0.0 0.0 0.0 0.0 0.0 0.0 0.0 0.0 0.0 0.0 0.0 0.0 0.0 1.0 0.0 0.0 0.0 0.0 0.0 0.0 1.0 0.0 0.0 0.0 0.0 0.0 0.0 0.0
336 0.0 0.0 0.0 0.0 0.0 0.0 0.0 0.0 0.0 0.0 0.0 0.0 0.0 0.0 0.0 0.0 0.0 0.0 0.0 0.0 0.0 0.0 0.0 0.0 1.0 0.0 0.0 0.0 0.0 0.0 0.0 0.0
339 1.0 0.0 0.0 0.0 0.0 0.0 0.0 0.0 0.0 0.0 0.0 1.0 0.0 0.0 0.0 0.0 0.0 0.0 0.0 0.0 0.0 0.0 0.0 1.0 0.0 0.0 0.0 0.0 0.0 0.0 0.0 0.0
342 0.0 0.0 0.0 0.0 0.0 0.0 0.0 0.0 0.0 0.0 0.0 0.0 0.0 0.0 0.0 0.0 0.0 0.0 0.0 0.0 0.0 0.0 0.0 0.0 0.0 0.0 0.0 0.0 0.0 0.0 0.0 0.0
345 0.0 0.0 0.0 0.0 0.0 0.0 0.0 1.0 0.0 0.0 0.0 0.0 0.0 0.0 0.0 0.0 0.0 0.0 0.0 0.0 0.0 0.0 0.0 0.0 0.0 0.0 0.0 0.0 0.0 0.0 0.0 0.0
348 0.0 0.0 0.0 0.0 0.0 0.0 0.0 1.0 0.0 0.0 0.0 0.0 0.0 0.0 0.0 0.0 0.0 0.0 0.0 0.0 0.0 1.0 0.0 1.0 0.0 0.0 0.0 0.0 0.0 0.0 0.0 0.0
351 0.0 1.0 0.0 0.0 0.0 0.0 0.0 0.0 0.0 1.0 1.0 0.0 0.0 0.0 0.0 1.0 0.0 1.0 0.0 0.0 0.0 0.0 0.0 0.0 1.0 0.0 0.0 0.0 0.0 0.0 0.0 1.0
354 0.0 0.0 0.0 0.0 0.0 0.0 0.0 0.0 0.0 0.0 0.0 0.0 0.0 0.0 0.0 0.0 0.0 0.0 0.0 0.0 0.0 1.0 0.0 0.0 0.0 0.0 0.0 0.0 0.0 0.0 0.0 0.0
357 0.0 0.0 0.0 0.0 0.0 0.0 0.0 0.0 0.0 0.0 0.0 0.0 0.0 0.0 0.0 0.0 0.0 0.0 0.0 0.0 0.0 0.0 0.0 0.0 0.0 0.0 0.0 0.0 0.0 0.0 0.0 0.0
