150 62401.0 56744.0 55344.0 49097.0 50803.0 63373.0 47659.0 59955.0 52196.0 56270.0 50510.0 57011.0 55100.0 55116.0 55470.0 58554.0 58686.0 51076.0 48542.0 53170.0 58029.0 51617.0 55888.0 52761.0 48398.0 55033.0 50153.0 51477.0 55189.0 51571.0 55990.0 48767.0
153 223996.0 216776.0 215632.0 209392.0 210052.0 223863.0 207608.0 222141.0 211923.0 217338.0 209309.0 218313.0 212944.0 216360.0 216139.0 218875.0 217475.0 209440.0 207888.0 214289.0 218840.0 211912.0 215984.0 213447.0 208741.0 217366.0 208684.0 210617.0 214835.0 213409.0 219506.0 209395.0
156 17847660.0 17843267.0 17839410.0 17833207.0 17836040.0 17833425.0 17835641.0 17833749.0 17835092.0 17833491.0 17835606.0 17833891.0 17835757.0 17836584.0 17835748.0 17833880.0 17835843.0 17835539.0 17835151.0 17835484.0 17833401.0 17834982.0 17832949.0 17834181.0 17832762.0 17834699.0 17832756.0 17834433.0 17833174.0 17835421.0 17835855.0 17835745.0
159 18138027.0 18134224.0 18130903.0 18126779.0 18128424.0 18126704.0 18128080.0 18126630.0 18127656.0 18126546.0 18127631.0 18126657.0 18127627.0 18127805.0 18127333.0 18126566.0 18127669.0 18127497.0 18127202.0 18127324.0 18126469.0 18127146.0 18126409.0 18126667.0 18126350.0 18127005.0 18126426.0 18127080.0 18126364.0 18127422.0 18127876.0 18128137.0
162 18369868.0 18360548.0 18353469.0 18343973.0 18347590.0 18343661.0 18347306.0 18343492.0 18345951.0 18343521.0 18345590.0 18343636.0 18345576.0 18346080.0 18345043.0 18343602.0 18346200.0 18345356.0 18344729.0 18345105.0 18343338.0 18345206.0 18343264.0 18344149.0 18343288.0 18344934.0 18343429.0 18345037.0 18343185.0 18346021.0 18347760.0 18348354.0
165 18493246.0 18490962.0 18489734.0 18486669.0 18488294.0 18486604.0 18488762.0 18486592.0 18487959.0 18486554.0 18488105.0 18486626.0 18488055.0 18488460.0 18487966.0 18486578.0 18488048.0 18487939.0 18487843.0 18487732.0 18486534.0 18487741.0 18486497.0 18487200.0 18486505.0 18487405.0 18486513.0 18487681.0 18486497.0 18487988.0 18488396.0 18488663.0
168 18616813.0 18613041.0 18611556.0 18608069.0 18609718.0 18607850.0 18609980.0 18607883.0 18609233.0 18607765.0 18609598.0 18607937.0 18609390.0 18609728.0 18609162.0 18607876.0 18609413.0 18609347.0 18608964.0 18609083.0 18607661.0 18609062.0 18607560.0 18608464.0 18607525.0 18608671.0 18607562.0 18608755.0 18607417.0 18609221.0 18609481.0 18609445.0
171 18856551.0 18855158.0 18855428.0 18852800.0 18854338.0 18852462.0 18856255.0 18852216.0 18854852.0 18851960.0 18856432.0 18852230.0 18855802.0 18857000.0 18855769.0 18852189.0 18855312.0 18855880.0 18854982.0 18855389.0 18851328.0 18855155.0 18851101.0 18853944.0 18850999.0 18853934.0 18851011.0 18854020.0 18850871.0 18855008.0 18854867.0 18854656.0
174 18924463.0 18923987.0 18924049.0 18923677.0 18923598.0 18923372.0 18923929.0 18923418.0 18923794.0 18923215.0 18924191.0 18923456.0 18924087.0 18924357.0 18924248.0 18923310.0 18924086.0 18924135.0 18923929.0 18923962.0 18922941.0 18923759.0 18922837.0 18923481.0 18922822.0 18923436.0 18922817.0 18923607.0 18922822.0 18923655.0 18923676.0 18923599.0
177 18910946.0 18910786.0 18910756.0 18911241.0 18910487.0 18911312.0 18910471.0 18911367.0 18910425.0 18911064.0 18910532.0 18911475.0 18910544.0 18910631.0 18910654.0 18911411.0 18910590.0 18910504.0 18910439.0 18910490.0 18910511.0 18910322.0 18910232.0 18910199.0 18910128.0 18910158.0 18910133.0 18910213.0 18910172.0 18910288.0 18910151.0 18910214.0
180 18532225.0 18535556.0 18524904.0 18468274.0 18506679.0 18433458.0 18512809.0 18424144.0 18483447.0 18434117.0 18491297.0 18438255.0 18483422.0 18481231.0 18474250.0 18448515.0 18468777.0 18478365.0 18478363.0 18471038.0 18432935.0 18465850.0 18441684.0 18453764.0 18443023.0 18457206.0 18440286.0 18459234.0 18426194.0 18462062.0 18459088.0 18468583.0
183 11614414.0 11720523.0 11714524.0 11762659.0 11659725.0 11509942.0 11799449.0 11492288.0 11610870.0 11673919.0 11735631.0 11699265.0 11668422.0 11678761.0 11661579.0 11789057.0 11516205.0 11718193.0 11766195.0 11645853.0 11595423.0 11604078.0 11798749.0 11482495.0 11834752.0 11520667.0 11776801.0 11586652.0 11513951.0 11612920.0 11534253.0 11657874.0
186 9772859.0 9922293.0 9949448.0 10140204.0 9893426.0 9797482.0 10081839.0 9744290.0 9835921.0 10008670.0 9992649.0 10000887.0 9889467.0 9891836.0 9859726.0 10096633.0 9622213.0 9952725.0 10021793.0 9818064.0 9810700.0 9748544.0 10157879.0 9565787.0 10163230.0 9622613.0 10061841.0 9735644.0 9624941.0 9763304.0 9630849.0 9818243.0
189 8413712.0 8596272.0 8646826.0 9035570.0 8584868.0 8646561.0 8827510.0 8583960.0 8526670.0 8878340.0 8718244.0 8847844.0 8588138.0 8585311.0 8542058.0 8945535.0 8255513.0 8665838.0 8738421.0 8478827.0 8622996.0 8390491.0 9050856.0 8200912.0 9021681.0 8263460.0 8913128.0 8391141.0 8428672.0 8414258.0 8259860.0 8436360.0
192 64422.0 88077.0 109122.0 128808.0 89193.0 100443.0 104150.0 74964.0 100822.0 86139.0 68633.0 91687.0 68001.0 81703.0 84473.0 85106.0 56641.0 81211.0 80210.0 93125.0 75580.0 62561.0 120965.0 36428.0 92538.0 57537.0 101152.0 82767.0 68188.0 82686.0 60146.0 80757.0
195 25375.0 33352.0 62606.0 49328.0 45832.0 59784.0 32498.0 39009.0 66953.0 30716.0 15401.0 49934.0 22137.0 38300.0 48141.0 22136.0 22531.0 29369.0 25848.0 54415.0 28588.0 19166.0 41099.0 9140.0 27933.0 21083.0 32210.0 43977.0 25561.0 40243.0 24655.0 43916.0
198 6038.0 9789.0 32086.0 18602.0 16409.0 25826.0 9342.0 12014.0 35413.0 8428.0 3282.0 20541.0 5382.0 11430.0 18697.0 5368.0 5261.0 7689.0 5950.0 21587.0 7977.0 4155.0 13281.0 1930.0 6918.0 4689.0 8607.0 16127.0 6601.0 12725.0 6056.0 16712.0
201 2016.0 2718.0 10648.0 4872.0 4343.0 7727.0 2506.0 3273.0 11846.0 2291.0 1273.0 5430.0 1675.0 2970.0 4865.0 1682.0 1697.0 2114.0 1809.0 5612.0 2359.0 1554.0 3510.0 1076.0 2006.0 1535.0 2419.0 4366.0 1967.0 3242.0 1940.0 4565.0
204 1321.0 1356.0 2773.0 1653.0 1621.0 2226.0 1242.0 1479.0 2882.0 1257.0 1007.0 1753.0 1090.0 1485.0 1673.0 1107.0 1179.0 1306.0 1168.0 1819.0 1304.0 1119.0 1426.0 803.0 1122.0 1103.0 1257.0 1556.0 1227.0 1490.0 1201.0 1565.0
207 1037.0 1071.0 1433.0 1216.0 1178.0 1410.0 990.0 1177.0 1493.0 962.0 741.0 1197.0 828.0 1152.0 1196.0 838.0 810.0 941.0 827.0 1325.0 931.0 785.0 1076.0 525.0 872.0 821.0 975.0 1088.0 941.0 1154.0 835.0 1118.0
210 596.0 747.0 1121.0 887.0 900.0 1171.0 649.0 860.0 1161.0 662.0 433.0 955.0 550.0 829.0 928.0 552.0 584.0 659.0 557.0 1059.0 669.0 454.0 784.0 309.0 579.0 551.0 698.0 820.0 599.0 842.0 595.0 851.0
213 336.0 413.0 844.0 566.0 561.0 821.0 396.0 583.0 851.0 459.0 187.0 695.0 329.0 585.0 650.0 328.0 324.0 343.0 301.0 712.0 392.0 273.0 498.0 133.0 319.0 325.0 388.0 529.0 343.0 528.0 361.0 531.0
216 156.0 250.0 575.0 374.0 330.0 548.0 213.0 325.0 581.0 224.0 85.0 438.0 151.0 293.0 408.0 159.0 183.0 196.0 181.0 477.0 225.0 120.0 336.0 49.0 179.0 182.0 176.0 340.0 189.0 345.0 226.0 331.0
219 79.0 98.0 366.0 195.0 191.0 314.0 99.0 207.0 401.0 121.0 22.0 262.0 49.0 177.0 257.0 58.0 78.0 107.0 66.0 293.0 102.0 40.0 160.0 16.0 84.0 67.0 89.0 201.0 77.0 199.0 86.0 181.0
222 23.0 38.0 195.0 111.0 105.0 213.0 33.0 85.0 255.0 47.0 5.0 165.0 15.0 68.0 163.0 15.0 30.0 19.0 17.0 155.0 42.0 12.0 58.0 3.0 21.0 17.0 30.0 89.0 20.0 77.0 29.0 122.0
225 1.0 13.0 110.0 28.0 28.0 95.0 10.0 30.0 160.0 8.0 4.0 67.0 5.0 23.0 44.0 4.0 8.0 11.0 4.0 53.0 10.0 4.0 16.0 4.0 7.0 9.0 11.0 33.0 11.0 13.0 6.0 49.0
228 3.0 7.0 37.0 21.0 11.0 30.0 6.0 7.0 43.0 6.0 2.0 21.0 4.0 10.0 8.0 4.0 5.0 2.0 3.0 24.0 4.0 2.0 7.0 5.0 1.0 7.0 3.0 16.0 6.0 8.0 6.0 15.0
231 4.0 2.0 11.0 2.0 5.0 8.0 3.0 5.0 21.0 4.0 5.0 6.0 2.0 3.0 7.0 2.0 4.0 2.0 3.0 5.0 1.0 3.0 1.0 4.0 3.0 2.0 2.0 5.0 3.0 5.0 2.0 6.0
234 1.0 0.0 6.0 5.0 3.0 4.0 0.0 7.0 5.0 9.0 3.0 8.0 1.0 11.0 7.0 1.0 2.0 2.0 1.0 9.0 0.0 1.0 2.0 3.0 0.0 3.0 3.0 7.0 3.0 7.0 1.0 2.0
237 3.0 0.0 6.0 6.0 1.0 6.0 1.0 5.0 7.0 2.0 1.0 4.0 1.0 2.0 9.0 0.0 2.0 2.0 1.0 3.0 2.0 0.0 0.0 1.0 1.0 3.0 1.0 2.0 4.0 1.0 1.0 3.0
240 2.0 1.0 3.0 1.0 4.0 4.0 1.0 6.0 7.0 3.0 0.0 3.0 0.0 3.0 3.0 1.0 2.0 1.0 0.0 4.0 3.0 0.0 5.0 0.0 0.0 1.0 0.0 0.0 0.0 0.0 2.0 3.0
243 1.0 0.0 3.0 1.0 0.0 5.0 2.0 1.0 3.0 0.0 0.0 0.0 0.0 3.0 3.0 0.0 0.0 0.0 0.0 2.0 0.0 0.0 1.0 0.0 0.0 0.0 1.0 3.0 0.0 2.0 0.0 2.0
246 0.0 0.0 0.0 0.0 2.0 3.0 1.0 1.0 1.0 1.0 0.0 0.0 0.0 0.0 0.0 0.0 0.0 0.0 0.0 2.0 1.0 0.0 0.0 0.0 0.0 0.0 2.0 1.0 0.0 0.0 0.0 1.0
249 0.0 0.0 1.0 0.0 1.0 2.0 0.0 0.0 0.0 1.0 0.0 0.0 0.0 0.0 0.0 0.0 0.0 0.0 0.0 0.0 0.0 0.0 0.0 0.0 0.0 0.0 1.0 0.0 1.0 0.0 0.0 0.0
252 0.0 0.0 1.0 0.0 2.0 0.0 0.0 1.0 1.0 0.0 0.0 0.0 0.0 1.0 0.0 0.0 0.0 0.0 0.0 0.0 0.0 0.0 0.0 0.0 0.0 0.0 0.0 0.0 0.0 0.0 0.0 0.0
255 0.0 1.0 2.0 0.0 1.0 1.0 0.0 0.0 2.0 0.0 1.0 0.0 1.0 2.0 1.0 0.0 0.0 1.0 0.0 1.0 0.0 2.0 0.0 1.0 0.0 1.0 1.0 1.0 0.0 0.0 1.0 2.0
258 1.0 1.0 0.0 0.0 0.0 1.0 1.0 0.0 1.0 0.0 1.0 0.0 0.0 0.0 0.0 0.0 0.0 1.0 0.0 0.0 0.0 0.0 1.0 1.0 0.0 0.0 0.0 0.0 0.0 0.0 0.0 0.0
261 0.0 0.0 0.0 2.0 0.0 0.0 0.0 1.0 0.0 0.0 0.0 1.0 0.0 1.0 0.0 0.0 1.0 0.0 0.0 0.0 0.0 0.0 0.0 0.0 0.0 0.0 0.0 0.0 0.0 0.0 0.0 0.0
264 0.0 1.0 0.0 1.0 0.0 0.0 0.0 0.0 1.0 0.0 0.0 0.0 0.0 0.0 1.0 0.0 0.0 0.0 0.0 0.0 1.0 1.0 0.0 0.0 0.0 0.0 0.0 0.0 0.0 0.0 0.0 0.0
267 1.0 0.0 0.0 0.0 1.0 1.0 0.0 0.0 0.0 0.0 0.0 0.0 0.0 0.0 0.0 0.0 1.0 0.0 0.0 2.0 0.0 0.0 0.0 0.0 0.0 0.0 0.0 2.0 1.0 0.0 0.0 0.0
270 0.0 0.0 1.0 0.0 1.0 0.0 0.0 0.0 0.0 0.0 0.0 0.0 0.0 0.0 0.0 0.0 0.0 1.0 0.0 0.0 0.0 0.0 1.0 0.0 1.0 0.0 0.0 0.0 0.0 0.0 1.0 0.0
273 1.0 0.0 0.0 0.0 0.0 0.0 0.0 0.0 0.0 0.0 0.0 0.0 0.0 0.0 0.0 0.0 0.0 0.0 1.0 0.0 0.0 0.0 0.0 0.0 0.0 0.0 0.0 0.0 0.0 0.0 0.0 0.0
276 0.0 0.0 0.0 0.0 0.0 0.0 0.0 0.0 0.0 0.0 0.0 0.0 0.0 0.0 1.0 0.0 1.0 0.0 0.0 0.0 1.0 0.0 0.0 0.0 0.0 1.0 0.0 0.0 0.0 0.0 0.0 0.0
279 0.0 0.0 0.0 0.0 0.0 0.0 0.0 0.0 0.0 0.0 0.0 0.0 0.0 0.0 0.0 0.0 0.0 0.0 0.0 0.0 0.0 0.0 0.0 0.0 0.0 0.0 0.0 0.0 0.0 0.0 0.0 0.0
282 0.0 0.0 0.0 1.0 0.0 0.0 0.0 0.0 0.0 0.0 0.0 0.0 0.0 0.0 0.0 0.0 1.0 0.0 1.0 0.0 0.0 0.0 0.0 0.0 0.0 0.0 0.0 0.0 0.0 0.0 0.0 1.0
285 0.0 0.0 0.0 0.0 0.0 0.0 0.0 0.0 0.0 0.0 0.0 0.0 0.0 0.0 0.0 0.0 0.0 0.0 1.0 0.0 1.0 0.0 0.0 0.0 0.0 0.0 0.0 0.0 0.0 0.0 0.0 0.0
288 0.0 0.0 0.0 0.0 0.0 0.0 0.0 0.0 0.0 0.0 0.0 0.0 0.0 0.0 0.0 0.0 0.0 0.0 0.0 0.0 0.0 0.0 0.0 0.0 0.0 0.0 0.0 0.0 0.0 0.0 0.0 0.0
291 1.0 0.0 0.0 0.0 0.0 0.0 0.0 0.0 0.0 0.0 0.0 0.0 0.0 0.0 0.0 0.0 0.0 0.0 0.0 0.0 0.0 0.0 0.0 1.0 1.0 0.0 0.0 0.0 0.0 0.0 0.0 0.0
294 0.0 0.0 0.0 0.0 0.0 0.0 0.0 1.0 0.0 0.0 0.0 0.0 0.0 0.0 0.0 0.0 0.0 0.0 0.0 0.0 0.0 0.0 0.0 0.0 0.0 0.0 0.0 0.0 0.0 0.0 0.0 0.0
297 0.0 0.0 0.0 0.0 0.0 0.0 0.0 0.0 0.0 0.0 1.0 0.0 0.0 0.0 0.0 0.0 0.0 0.0 0.0 0.0 0.0 1.0 0.0 0.0 0.0 0.0 0.0 0.0 0.0 0.0 0.0 0.0
300 0.0 0.0 0.0 0.0 0.0 0.0 0.0 0.0 0.0 0.0 0.0 0.0 1.0 0.0 0.0 0.0 0.0 0.0 0.0 0.0 0.0 0.0 0.0 1.0 0.0 0.0 0.0 1.0 0.0 0.0 0.0 1.0
303 0.0 1.0 1.0 0.0 1.0 1.0 0.0 0.0 1.0 0.0 0.0 0.0 0.0 0.0 0.0 0.0 1.0 0.0 0.0 0.0 0.0 1.0 0.0 0.0 0.0 0.0 0.0 0.0 0.0 1.0 0.0 0.0
306 0.0 1.0 0.0 0.0 0.0 0.0 0.0 0.0 0.0 0.0 0.0 0.0 0.0 0.0 0.0 0.0 1.0 0.0 0.0 0.0 0.0 0.0 1.0 0.0 0.0 0.0 0.0 0.0 0.0 0.0 0.0 0.0
309 0.0 1.0 0.0 1.0 0.0 0.0 0.0 0.0 0.0 0.0 0.0 0.0 0.0 1.0 0.0 0.0 0.0 0.0 0.0 0.0 0.0 0.0 0.0 0.0 0.0 0.0 0.0 0.0 0.0 0.0 0.0 0.0
312 0.0 0.0 0.0 0.0 0.0 0.0 0.0 0.0 0.0 0.0 0.0 0.0 0.0 0.0 0.0 0.0 0.0 2.0 0.0 0.0 0.0 0.0 0.0 0.0 1.0 0.0 0.0 0.0 0.0 0.0 0.0 0.0
315 0.0 0.0 0.0 0.0 0.0 0.0 0.0 0.0 0.0 0.0 0.0 0.0 0.0 0.0 0.0 0.0 0.0 0.0 0.0 0.0 0.0 0.0 0.0 0.0 0.0 1.0 0.0 0.0 0.0 0.0 0.0 0.0
318 0.0 0.0 0.0 1.0 0.0 0.0 0.0 0.0 0.0 0.0 0.0 0.0 0.0 0.0 1.0 0.0 0.0 0.0 0.0 0.0 0.0 0.0 0.0 0.0 0.0 0.0 1.0 0.0 0.0 0.0 0.0 0.0
321 0.0 0.0 0.0 0.0 0.0 0.0 0.0 0.0 0.0 0.0 0.0 0.0 0.0 0.0 0.0 0.0 0.0 0.0 0.0 0.0 0.0 0.0 0.0 0.0 0.0 0.0 0.0 0.0 0.0 0.0 0.0 0.0
324 0.0 0.0 0.0 0.0 0.0 0.0 0.0 0.0 0.0 0.0 0.0 0.0 0.0 0.0 0.0 0.0 0.0 0.0 0.0 0.0 0.0 0.0 0.0 0.0 0.0 1.0 0.0 0.0 0.0 0.0 1.0 1.0
327 0.0 0.0 0.0 0.0 0.0 0.0 0.0 0.0 0.0 0.0 0.0 0.0 0.0 0.0 0.0 0.0 0.0 0.0 0.0 0.0 0.0 0.0 0.0 0.0 0.0 0.0 0.0 0.0 0.0 0.0 0.0 0.0
330 0.0 0.0 0.0 0.0 0.0 0.0 0.0 0.0 0.0 0.0 0.0 0.0 0.0 0.0 1.0 0.0 0.0 0.0 0.0 0.0 1.0 0.0 0.0 0.0 0.0 0.0 0.0 0.0 0.0 0.0 1.0 0.0
333 0.0 0.0 0.0 0.0 0.0 0.0 0.0 0.0 0.0 0.0 0.0 0.0 0.0 0.0 0.0 0.0 0.0 0.0 0.0 1.0 0.0 0.0 0.0 1.0 1.0 0.0 1.0 2.0 0.0 1.0 0.0 0.0
336 0.0 0.0 0.0 0.0 0.0 0.0 0.0 0.0 0.0 0.0 0.0 0.0 0.0 0.0 0.0 0.0 0.0 0.0 0.0 0.0 1.0 0.0 0.0 0.0 0.0 0.0 0.0 1.0 0.0 0.0 0.0 0.0
339 0.0 1.0 0.0 0.0 0.0 0.0 0.0 1.0 0.0 0.0 0.0 0.0 0.0 0.0 0.0 0.0 1.0 0.0 1.0 1.0 0.0 0.0 0.0 0.0 0.0 0.0 1.0 0.0 0.0 0.0 0.0 0.0
342 0.0 0.0 0.0 0.0 0.0 0.0 0.0 0.0 0.0 0.0 0.0 0.0 0.0 0.0 0.0 0.0 0.0 0.0 0.0 0.0 0.0 0.0 0.0 0.0 0.0 0.0 0.0 0.0 0.0 0.0 0.0 1.0
345 0.0 0.0 1.0 0.0 0.0 0.0 0.0 0.0 0.0 0.0 0.0 0.0 1.0 0.0 1.0 1.0 0.0 0.0 0.0 0.0 0.0 0.0 0.0 0.0 0.0 0.0 0.0 0.0 0.0 0.0 0.0 1.0
348 0.0 0.0 0.0 0.0 0.0 0.0 0.0 0.0 0.0 0.0 0.0 0.0 0.0 0.0 0.0 0.0 0.0 0.0 0.0 0.0 0.0 0.0 0.0 0.0 0.0 0.0 0.0 0.0 0.0 0.0 0.0 0.0
351 0.0 1.0 1.0 0.0 1.0 0.0 0.0 0.0 0.0 0.0 0.0 0.0 0.0 1.0 0.0 0.0 0.0 0.0 0.0 0.0 0.0 0.0 0.0 0.0 0.0 0.0 0.0 0.0 0.0 0.0 0.0 0.0
354 0.0 0.0 0.0 0.0 0.0 0.0 0.0 0.0 0.0 1.0 0.0 0.0 0.0 0.0 0.0 0.0 0.0 1.0 0.0 0.0 0.0 0.0 0.0 1.0 0.0 1.0 0.0 0.0 0.0 0.0 0.0 0.0
357 0.0 0.0 0.0 0.0 0.0 0.0 0.0 0.0 1.0 0.0 0.0 0.0 0.0 0.0 0.0 0.0 0.0 0.0 0.0 0.0 0.0 0.0 0.0 0.0 0.0 0.0 0.0 0.0 0.0 0.0 0.0 0.0
