150 17225160.0 17227864.0 17223426.0 17215748.0 17219546.0 17215150.0 17218917.0 17214372.0 17218276.0 17216145.0 17220338.0 17215291.0 17221413.0 17220895.0 17222525.0 17215294.0 17220464.0 17218515.0 17218555.0 17218244.0 17214688.0 17217279.0 17212318.0 17215709.0 17210820.0 17215323.0 17212628.0 17214596.0 17212435.0 17217261.0 17220351.0 17220020.0
153 17889886.0 17890620.0 17887879.0 17882680.0 17885755.0 17882571.0 17885313.0 17882845.0 17884663.0 17882815.0 17885495.0 17883159.0 17885469.0 17884975.0 17886537.0 17883127.0 17885043.0 17885291.0 17884488.0 17884279.0 17882676.0 17884269.0 17882883.0 17884278.0 17883177.0 17884338.0 17882318.0 17883905.0 17882870.0 17887189.0 17886437.0 17887385.0
156 18145982.0 18146610.0 18143404.0 18138450.0 18141037.0 18138469.0 18140519.0 18138652.0 18139862.0 18138592.0 18140363.0 18138827.0 18140222.0 18139918.0 18140759.0 18138736.0 18139934.0 18140086.0 18139611.0 18139451.0 18138511.0 18139662.0 18138630.0 18139512.0 18138838.0 18139870.0 18138289.0 18139576.0 18138525.0 18141810.0 18141997.0 18142911.0
159 18422333.0 18422614.0 18419792.0 18412776.0 18416614.0 18412346.0 18416222.0 18412378.0 18415465.0 18412423.0 18416367.0 18412670.0 18416263.0 18415628.0 18417521.0 18412431.0 18415672.0 18416351.0 18415103.0 18415295.0 18412090.0 18414884.0 18412023.0 18414911.0 18412172.0 18414926.0 18411721.0 18414596.0 18411914.0 18418062.0 18416959.0 18417608.0
162 18622716.0 18622986.0 18621720.0 18619155.0 18620299.0 18618740.0 18620431.0 18618758.0 18620348.0 18618813.0 18620798.0 18618891.0 18620946.0 18620570.0 18621861.0 18618577.0 18620647.0 18621199.0 18620233.0 18620508.0 18618430.0 18620220.0 18618228.0 18620317.0 18618259.0 18620005.0 18618112.0 18619922.0 18618125.0 18622182.0 18620950.0 18620948.0
165 18696019.0 18696648.0 18694210.0 18689330.0 18691444.0 18689073.0 18690899.0 18689070.0 18690456.0 18689117.0 18690907.0 18689285.0 18690790.0 18690433.0 18691121.0 18688990.0 18690389.0 18690401.0 18690008.0 18690138.0 18688666.0 18690071.0 18688617.0 18690073.0 18688667.0 18690070.0 18688495.0 18689750.0 18688542.0 18691457.0 18691541.0 18691596.0
168 18701727.0 18702040.0 18701464.0 18701410.0 18700661.0 18701255.0 18700611.0 18701325.0 18700732.0 18701312.0 18701047.0 18701437.0 18701164.0 18700813.0 18701719.0 18700577.0 18700991.0 18701247.0 18700629.0 18700829.0 18700019.0 18700560.0 18699732.0 18700558.0 18699616.0 18700198.0 18699490.0 18700246.0 18699394.0 18701380.0 18700433.0 18700362.0
171 18655308.0 18654074.0 18652526.0 18650940.0 18650590.0 18650188.0 18649509.0 18650017.0 18648813.0 18650095.0 18649244.0 18650587.0 18649269.0 18648663.0 18649201.0 18649348.0 18648824.0 18648455.0 18648154.0 18648233.0 18647989.0 18647728.0 18647696.0 18647487.0 18647625.0 18647409.0 18647274.0 18647418.0 18647282.0 18647571.0 18647378.0 18647470.0
174 18279957.0 18258841.0 18241467.0 18174532.0 18237353.0 18157448.0 18219357.0 18155192.0 18202691.0 18157951.0 18212419.0 18177430.0 18206954.0 18196966.0 18204755.0 18173830.0 18191352.0 18192617.0 18184727.0 18180598.0 18147439.0 18172713.0 18154921.0 18170617.0 18165631.0 18170172.0 18147182.0 18167180.0 18161556.0 18171873.0 18164702.0 18173200.0
177 11405873.0 11166684.0 11126844.0 10952082.0 11249250.0 10968452.0 11222173.0 10988836.0 11208823.0 11078451.0 11410394.0 11487830.0 11359718.0 11244534.0 11496075.0 11560382.0 11250551.0 11419753.0 11245216.0 11236960.0 10876320.0 11097929.0 11185636.0 11125763.0 11577323.0 11071571.0 10864500.0 11059980.0 11385559.0 11190256.0 10896224.0 11111624.0
180 10396253.0 10186008.0 10160361.0 10191682.0 10316589.0 10253888.0 10310962.0 10254457.0 10307251.0 10366367.0 10548617.0 10805728.0 10479226.0 10356552.0 10661512.0 10910336.0 10349337.0 10561554.0 10349748.0 10341009.0 10055880.0 10177632.0 10440050.0 10220979.0 10903202.0 10129590.0 10044126.0 10112249.0 10687041.0 10277451.0 9894725.0 10145403.0
183 8979178.0 8733162.0 8709331.0 8959921.0 8911267.0 9064353.0 8912664.0 9029404.0 8896534.0 9141921.0 9183150.0 9623540.0 9061273.0 8923384.0 9297239.0 9755863.0 8900550.0 9183398.0 8922373.0 8887688.0 8720834.0 8719519.0 9187602.0 8782889.0 9765010.0 8665951.0 8772994.0 8650761.0 9530747.0 8832171.0 8369538.0 8657719.0
186 134088.0 95518.0 64151.0 90975.0 102834.0 79574.0 76442.0 72123.0 85294.0 105058.0 160126.0 148744.0 126181.0 85989.0 161815.0 173749.0 62999.0 80629.0 60402.0 71834.0 44379.0 86054.0 76378.0 53534.0 155877.0 59198.0 36092.0 60687.0 146458.0 56153.0 38072.0 36912.0
189 34436.0 26923.0 9090.0 18366.0 13828.0 10404.0 7813.0 11914.0 12561.0 18812.0 30442.0 19655.0 38658.0 15601.0 42294.0 29122.0 5607.0 5894.0 5251.0 8693.0 5287.0 20385.0 9579.0 5724.0 25528.0 8128.0 4031.0 8775.0 30712.0 8291.0 6930.0 3814.0
192 4785.0 4141.0 1508.0 2515.0 1451.0 1328.0 956.0 1839.0 1616.0 2595.0 3527.0 1537.0 7638.0 2161.0 6680.0 2453.0 1064.0 745.0 900.0 1376.0 1196.0 2906.0 1303.0 1118.0 1432.0 1145.0 913.0 1221.0 3121.0 1425.0 1403.0 818.0
195 1825.0 1515.0 983.0 1247.0 906.0 964.0 656.0 1244.0 1038.0 1526.0 1546.0 1066.0 2117.0 1155.0 2025.0 1205.0 804.0 557.0 645.0 952.0 839.0 1386.0 868.0 772.0 836.0 853.0 655.0 814.0 1484.0 957.0 1023.0 545.0
198 1278.0 1106.0 668.0 963.0 685.0 713.0 434.0 825.0 676.0 1130.0 1067.0 758.0 1259.0 885.0 1382.0 979.0 504.0 279.0 330.0 677.0 533.0 984.0 684.0 525.0 637.0 586.0 345.0 596.0 1067.0 676.0 703.0 316.0
201 949.0 846.0 439.0 736.0 371.0 377.0 180.0 502.0 450.0 797.0 820.0 455.0 1009.0 623.0 1099.0 686.0 269.0 89.0 143.0 353.0 281.0 728.0 335.0 274.0 401.0 318.0 133.0 331.0 767.0 419.0 382.0 119.0
204 513.0 528.0 152.0 361.0 125.0 134.0 43.0 210.0 187.0 422.0 447.0 139.0 681.0 309.0 731.0 371.0 50.0 18.0 26.0 151.0 80.0 397.0 132.0 97.0 154.0 125.0 31.0 113.0 451.0 153.0 175.0 27.0
207 237.0 260.0 43.0 143.0 30.0 27.0 7.0 59.0 42.0 151.0 210.0 35.0 392.0 126.0 429.0 120.0 11.0 2.0 3.0 30.0 13.0 201.0 29.0 15.0 40.0 34.0 10.0 28.0 191.0 62.0 69.0 4.0
210 84.0 84.0 9.0 33.0 9.0 9.0 2.0 18.0 14.0 37.0 61.0 4.0 164.0 30.0 178.0 48.0 3.0 0.0 3.0 14.0 1.0 44.0 6.0 4.0 8.0 5.0 0.0 3.0 52.0 12.0 17.0 0.0
213 30.0 36.0 3.0 19.0 2.0 2.0 0.0 4.0 2.0 7.0 16.0 2.0 77.0 8.0 52.0 14.0 2.0 0.0 0.0 3.0 0.0 13.0 1.0 7.0 3.0 1.0 0.0 2.0 10.0 6.0 4.0 0.0
216 8.0 10.0 6.0 5.0 1.0 0.0 0.0 1.0 4.0 3.0 7.0 3.0 18.0 5.0 15.0 8.0 0.0 0.0 2.0 2.0 1.0 2.0 2.0 4.0 0.0 2.0 0.0 2.0 9.0 0.0 3.0 0.0
219 3.0 2.0 2.0 2.0 0.0 2.0 0.0 4.0 1.0 1.0 3.0 2.0 12.0 1.0 3.0 1.0 0.0 0.0 1.0 1.0 2.0 1.0 0.0 1.0 1.0 1.0 1.0 0.0 4.0 1.0 3.0 1.0
222 1.0 1.0 0.0 2.0 0.0 2.0 1.0 1.0 0.0 0.0 1.0 2.0 7.0 2.0 3.0 1.0 0.0 0.0 0.0 1.0 0.0 3.0 0.0 0.0 1.0 0.0 0.0 1.0 1.0 0.0 1.0 0.0
225 0.0 1.0 0.0 0.0 0.0 0.0 0.0 0.0 1.0 0.0 2.0 0.0 3.0 3.0 4.0 0.0 0.0 0.0 0.0 0.0 0.0 1.0 1.0 2.0 0.0 1.0 0.0 0.0 1.0 1.0 0.0 0.0
228 1.0 0.0 1.0 0.0 0.0 0.0 0.0 2.0 1.0 1.0 0.0 0.0 0.0 2.0 0.0 0.0 1.0 0.0 0.0 0.0 0.0 0.0 1.0 1.0 0.0 0.0 0.0 0.0 0.0 0.0 0.0 1.0
231 0.0 1.0 0.0 0.0 0.0 0.0 0.0 1.0 0.0 1.0 0.0 0.0 0.0 0.0 0.0 0.0 0.0 1.0 0.0 0.0 0.0 0.0 0.0 0.0 0.0 0.0 0.0 0.0 0.0 0.0 1.0 0.0
234 2.0 0.0 0.0 1.0 1.0 0.0 1.0 1.0 0.0 0.0 1.0 1.0 1.0 0.0 0.0 1.0 0.0 0.0 0.0 0.0 0.0 0.0 0.0 0.0 0.0 2.0 0.0 0.0 2.0 0.0 0.0 1.0
237 0.0 1.0 0.0 0.0 0.0 0.0 0.0 0.0 0.0 0.0 1.0 0.0 0.0 0.0 0.0 0.0 0.0 0.0 0.0 0.0 0.0 0.0 0.0 0.0 0.0 0.0 0.0 0.0 0.0 0.0 0.0 0.0
240 0.0 1.0 0.0 0.0 0.0 0.0 0.0 1.0 1.0 0.0 0.0 0.0 0.0 1.0 0.0 1.0 0.0 0.0 0.0 0.0 0.0 0.0 1.0 0.0 1.0 1.0 0.0 1.0 0.0 0.0 0.0 1.0
243 0.0 0.0 0.0 0.0 0.0 0.0 0.0 0.0 0.0 0.0 0.0 0.0 0.0 0.0 0.0 0.0 0.0 0.0 0.0 0.0 1.0 0.0 0.0 0.0 0.0 0.0 0.0 1.0 0.0 0.0 0.0 0.0
246 1.0 0.0 0.0 1.0 0.0 0.0 0.0 0.0 0.0 0.0 0.0 0.0 0.0 0.0 0.0 0.0 0.0 0.0 0.0 0.0 0.0 0.0 0.0 0.0 0.0 0.0 0.0 0.0 0.0 0.0 0.0 0.0
249 0.0 0.0 0.0 0.0 0.0 0.0 0.0 0.0 0.0 0.0 0.0 0.0 0.0 0.0 0.0 0.0 0.0 1.0 1.0 0.0 1.0 0.0 0.0 0.0 0.0 1.0 0.0 0.0 0.0 0.0 0.0 0.0
252 0.0 0.0 0.0 0.0 0.0 0.0 0.0 0.0 0.0 0.0 0.0 0.0 0.0 0.0 0.0 0.0 0.0 0.0 0.0 0.0 0.0 0.0 1.0 0.0 0.0 0.0 0.0 0.0 0.0 0.0 0.0 0.0
255 0.0 0.0 0.0 0.0 0.0 0.0 0.0 0.0 0.0 0.0 0.0 0.0 1.0 0.0 1.0 0.0 0.0 0.0 0.0 1.0 0.0 0.0 1.0 1.0 0.0 0.0 0.0 0.0 1.0 0.0 1.0 0.0
258 0.0 0.0 0.0 0.0 0.0 0.0 0.0 0.0 0.0 0.0 0.0 0.0 0.0 0.0 0.0 0.0 0.0 0.0 0.0 0.0 0.0 0.0 0.0 0.0 0.0 0.0 0.0 0.0 0.0 0.0 0.0 0.0
261 0.0 0.0 1.0 0.0 0.0 0.0 0.0 0.0 0.0 0.0 0.0 0.0 0.0 0.0 0.0 0.0 0.0 0.0 0.0 0.0 0.0 0.0 1.0 0.0 0.0 0.0 0.0 1.0 0.0 0.0 1.0 0.0
264 0.0 0.0 1.0 0.0 0.0 0.0 0.0 0.0 0.0 0.0 0.0 0.0 0.0 0.0 0.0 0.0 0.0 0.0 0.0 0.0 0.0 0.0 0.0 0.0 0.0 0.0 0.0 0.0 0.0 0.0 0.0 0.0
267 0.0 1.0 1.0 1.0 0.0 0.0 0.0 0.0 0.0 0.0 0.0 0.0 0.0 0.0 0.0 0.0 0.0 0.0 0.0 0.0 0.0 0.0 0.0 0.0 0.0 0.0 0.0 0.0 0.0 0.0 0.0 0.0
270 1.0 0.0 1.0 1.0 0.0 0.0 0.0 1.0 1.0 1.0 0.0 1.0 0.0 1.0 0.0 0.0 0.0 0.0 0.0 0.0 0.0 0.0 1.0 0.0 0.0 0.0 0.0 0.0 0.0 0.0 0.0 0.0
273 0.0 0.0 0.0 0.0 0.0 0.0 0.0 0.0 0.0 0.0 0.0 0.0 0.0 0.0 0.0 0.0 0.0 0.0 0.0 0.0 0.0 1.0 0.0 0.0 0.0 0.0 0.0 0.0 0.0 0.0 0.0 0.0
276 0.0 0.0 0.0 0.0 1.0 0.0 0.0 0.0 0.0 0.0 0.0 0.0 1.0 0.0 0.0 0.0 0.0 0.0 0.0 0.0 0.0 0.0 1.0 0.0 0.0 0.0 0.0 0.0 0.0 0.0 0.0 0.0
279 0.0 1.0 0.0 0.0 0.0 0.0 0.0 0.0 0.0 0.0 0.0 0.0 0.0 0.0 0.0 1.0 1.0 0.0 1.0 0.0 0.0 0.0 0.0 0.0 0.0 0.0 0.0 0.0 0.0 0.0 0.0 0.0
282 0.0 1.0 1.0 1.0 0.0 0.0 0.0 0.0 1.0 0.0 0.0 0.0 0.0 0.0 1.0 0.0 0.0 0.0 0.0 0.0 0.0 0.0 0.0 1.0 0.0 0.0 0.0 0.0 3.0 0.0 0.0 0.0
285 0.0 0.0 0.0 1.0 0.0 0.0 0.0 0.0 0.0 0.0 0.0 0.0 0.0 0.0 0.0 0.0 0.0 0.0 0.0 0.0 0.0 0.0 0.0 0.0 0.0 0.0 0.0 0.0 0.0 0.0 0.0 0.0
288 0.0 0.0 0.0 0.0 0.0 0.0 0.0 0.0 0.0 0.0 0.0 0.0 0.0 0.0 0.0 0.0 0.0 0.0 0.0 0.0 0.0 0.0 0.0 0.0 0.0 0.0 0.0 0.0 0.0 0.0 0.0 0.0
291 1.0 1.0 1.0 0.0 0.0 0.0 0.0 0.0 1.0 0.0 0.0 1.0 0.0 0.0 1.0 0.0 0.0 0.0 0.0 0.0 0.0 0.0 0.0 0.0 0.0 0.0 0.0 0.0 1.0 0.0 1.0 0.0
294 0.0 0.0 0.0 0.0 0.0 0.0 0.0 1.0 0.0 0.0 0.0 0.0 0.0 0.0 0.0 0.0 0.0 0.0 0.0 0.0 0.0 0.0 0.0 0.0 0.0 0.0 0.0 0.0 0.0 0.0 0.0 0.0
297 0.0 0.0 0.0 0.0 0.0 0.0 0.0 0.0 0.0 0.0 0.0 0.0 1.0 0.0 0.0 0.0 0.0 0.0 0.0 0.0 0.0 0.0 1.0 0.0 0.0 0.0 0.0 0.0 1.0 0.0 0.0 0.0
300 0.0 0.0 0.0 0.0 0.0 0.0 0.0 0.0 0.0 0.0 0.0 0.0 0.0 0.0 0.0 0.0 0.0 0.0 0.0 0.0 0.0 0.0 0.0 0.0 0.0 0.0 0.0 0.0 0.0 0.0 0.0 0.0
303 0.0 1.0 0.0 0.0 0.0 0.0 0.0 1.0 0.0 0.0 0.0 1.0 0.0 1.0 0.0 0.0 0.0 0.0 0.0 1.0 0.0 0.0 0.0 0.0 0.0 0.0 0.0 0.0 0.0 0.0 0.0 0.0
306 0.0 0.0 0.0 0.0 1.0 0.0 0.0 0.0 0.0 0.0 0.0 0.0 0.0 0.0 1.0 0.0 0.0 1.0 0.0 0.0 1.0 0.0 1.0 0.0 0.0 0.0 0.0 0.0 1.0 0.0 0.0 0.0
309 0.0 0.0 0.0 0.0 0.0 0.0 0.0 0.0 0.0 0.0 1.0 0.0 0.0 0.0 0.0 0.0 0.0 0.0 0.0 0.0 0.0 0.0 0.0 0.0 0.0 0.0 0.0 0.0 0.0 0.0 0.0 0.0
312 0.0 0.0 0.0 0.0 0.0 0.0 0.0 0.0 0.0 0.0 0.0 0.0 0.0 0.0 0.0 0.0 0.0 0.0 0.0 0.0 0.0 0.0 0.0 0.0 1.0 0.0 0.0 0.0 0.0 0.0 0.0 0.0
315 0.0 0.0 0.0 0.0 0.0 0.0 0.0 1.0 0.0 0.0 0.0 0.0 0.0 0.0 0.0 0.0 0.0 0.0 0.0 0.0 0.0 0.0 0.0 0.0 0.0 0.0 0.0 0.0 0.0 0.0 0.0 0.0
318 0.0 0.0 0.0 0.0 0.0 0.0 0.0 0.0 0.0 0.0 0.0 0.0 0.0 0.0 0.0 0.0 0.0 0.0 0.0 0.0 0.0 0.0 0.0 0.0 0.0 0.0 0.0 0.0 0.0 0.0 0.0 1.0
321 0.0 0.0 0.0 0.0 0.0 0.0 0.0 0.0 0.0 0.0 0.0 1.0 0.0 0.0 0.0 0.0 0.0 0.0 0.0 0.0 0.0 0.0 0.0 0.0 0.0 0.0 0.0 0.0 0.0 0.0 0.0 0.0
324 0.0 0.0 0.0 0.0 0.0 0.0 0.0 0.0 0.0 0.0 0.0 0.0 0.0 0.0 0.0 0.0 0.0 1.0 0.0 0.0 0.0 0.0 1.0 1.0 1.0 0.0 0.0 0.0 0.0 0.0 0.0 0.0
327 0.0 0.0 0.0 0.0 0.0 0.0 0.0 1.0 0.0 0.0 0.0 0.0 0.0 0.0 0.0 0.0 0.0 0.0 0.0 0.0 0.0 0.0 0.0 0.0 0.0 0.0 0.0 1.0 0.0 0.0 0.0 0.0
330 1.0 0.0 0.0 0.0 0.0 0.0 0.0 0.0 0.0 0.0 0.0 0.0 0.0 0.0 0.0 0.0 0.0 0.0 0.0 0.0 0.0 0.0 0.0 0.0 0.0 0.0 0.0 0.0 0.0 0.0 0.0 0.0
333 0.0 0.0 1.0 0.0 0.0 0.0 1.0 0.0 0.0 0.0 0.0 0.0 0.0 0.0 0.0 0.0 0.0 0.0 0.0 0.0 0.0 0.0 0.0 0.0 0.0 0.0 0.0 0.0 0.0 0.0 0.0 0.0
336 0.0 0.0 0.0 0.0 0.0 0.0 0.0 0.0 0.0 0.0 0.0 0.0 0.0 0.0 0.0 0.0 0.0 0.0 0.0 0.0 0.0 0.0 0.0 0.0 0.0 0.0 0.0 0.0 0.0 0.0 0.0 0.0
339 0.0 0.0 0.0 0.0 0.0 0.0 0.0 0.0 0.0 0.0 0.0 0.0 0.0 0.0 0.0 0.0 0.0 0.0 0.0 0.0 1.0 0.0 1.0 0.0 0.0 0.0 0.0 0.0 0.0 0.0 0.0 0.0
342 0.0 0.0 0.0 0.0 0.0 0.0 0.0 0.0 1.0 0.0 0.0 0.0 0.0 0.0 0.0 0.0 0.0 0.0 0.0 0.0 0.0 0.0 0.0 0.0 0.0 0.0 0.0 0.0 0.0 0.0 0.0 0.0
345 0.0 0.0 0.0 0.0 0.0 0.0 0.0 0.0 0.0 0.0 0.0 0.0 0.0 0.0 0.0 1.0 0.0 0.0 0.0 0.0 0.0 0.0 0.0 0.0 0.0 0.0 0.0 0.0 0.0 0.0 0.0 0.0
348 0.0 0.0 0.0 0.0 0.0 0.0 0.0 0.0 0.0 0.0 0.0 0.0 0.0 0.0 0.0 0.0 0.0 0.0 0.0 0.0 0.0 0.0 0.0 0.0 0.0 0.0 0.0 0.0 0.0 0.0 1.0 1.0
351 0.0 0.0 0.0 0.0 0.0 0.0 0.0 0.0 1.0 0.0 0.0 0.0 1.0 0.0 1.0 0.0 0.0 0.0 0.0 0.0 0.0 0.0 0.0 0.0 0.0 0.0 0.0 0.0 0.0 0.0 0.0 0.0
354 0.0 0.0 0.0 0.0 0.0 1.0 0.0 0.0 0.0 0.0 0.0 0.0 0.0 0.0 0.0 0.0 0.0 0.0 0.0 0.0 0.0 0.0 0.0 0.0 0.0 0.0 0.0 0.0 0.0 0.0 0.0 0.0
357 0.0 0.0 1.0 0.0 0.0 0.0 0.0 0.0 0.0 0.0 0.0 0.0 0.0 0.0 0.0 0.0 0.0 0.0 0.0 0.0 0.0 0.0 0.0 0.0 0.0 0.0 0.0 0.0 0.0 0.0 0.0 0.0
