150 5925.0 3661.0 3943.0 5089.0 7772.0 7590.0 2977.0 5165.0 4052.0 5117.0 2987.0 12123.0 5529.0 3945.0 3475.0 3615.0 4571.0 3488.0 2865.0 3163.0 6432.0 4747.0 3653.0 5672.0 2243.0 3935.0 4041.0 4466.0 3854.0 3661.0 2842.0 4551.0
153 17111391.0 17108101.0 17107361.0 17101012.0 17107346.0 17103320.0 17106967.0 17103649.0 17107112.0 17101877.0 17104720.0 17103350.0 17108631.0 17108019.0 17108703.0 17101069.0 17107498.0 17106610.0 17104636.0 17104269.0 17103730.0 17103668.0 17098179.0 17103501.0 17097326.0 17101952.0 17096564.0 17101669.0 17097264.0 17103410.0 17101850.0 17103330.0
156 17802658.0 17796709.0 17795528.0 17790174.0 17794791.0 17789729.0 17793095.0 17789742.0 17792296.0 17789965.0 17791827.0 17790263.0 17793473.0 17792760.0 17792418.0 17790531.0 17792711.0 17791981.0 17791364.0 17791280.0 17789461.0 17791537.0 17789286.0 17791195.0 17789374.0 17790953.0 17788890.0 17790750.0 17789156.0 17792034.0 17791187.0 17792868.0
159 18049450.0 18043694.0 18042779.0 18039236.0 18041935.0 18039131.0 18040960.0 18039027.0 18040688.0 18039124.0 18040135.0 18039298.0 18041134.0 18040580.0 18040539.0 18039183.0 18040656.0 18040118.0 18039906.0 18039950.0 18038874.0 18039941.0 18038758.0 18039842.0 18038841.0 18039808.0 18038619.0 18039830.0 18038737.0 18040415.0 18040114.0 18041309.0
162 18290154.0 18277207.0 18275303.0 18268542.0 18272988.0 18268310.0 18271730.0 18268381.0 18270706.0 18268434.0 18270016.0 18268329.0 18271247.0 18270584.0 18270427.0 18268388.0 18270504.0 18269856.0 18269671.0 18269409.0 18268245.0 18269590.0 18268167.0 18269456.0 18268204.0 18269494.0 18267992.0 18269305.0 18268090.0 18270496.0 18270345.0 18271835.0
165 18479010.0 18476779.0 18476262.0 18474580.0 18475986.0 18474547.0 18475582.0 18474650.0 18475402.0 18474516.0 18475164.0 18474336.0 18475429.0 18475472.0 18475426.0 18474483.0 18475357.0 18475184.0 18475144.0 18475073.0 18474559.0 18475120.0 18474496.0 18475088.0 18474592.0 18475070.0 18474418.0 18475061.0 18474443.0 18475389.0 18475337.0 18475810.0
168 18639574.0 18638453.0 18638230.0 18636989.0 18638060.0 18636975.0 18637708.0 18637089.0 18637594.0 18636957.0 18637447.0 18636741.0 18637677.0 18637593.0 18637607.0 18636956.0 18637603.0 18637512.0 18637433.0 18637460.0 18636997.0 18637465.0 18636964.0 18637374.0 18637043.0 18637371.0 18636878.0 18637419.0 18636917.0 18637698.0 18637559.0 18638040.0
171 18666691.0 18666450.0 18666309.0 18665517.0 18666320.0 18665441.0 18666083.0 18665526.0 18666104.0 18665479.0 18665900.0 18665213.0 18666432.0 18666272.0 18666494.0 18665619.0 18666281.0 18666011.0 18665901.0 18665768.0 18665229.0 18665816.0 18665125.0 18665680.0 18665248.0 18665654.0 18665061.0 18665649.0 18665068.0 18665880.0 18665813.0 18666015.0
174 18844578.0 18844732.0 18844725.0 18843142.0 18844524.0 18842892.0 18844341.0 18842991.0 18844374.0 18843011.0 18843783.0 18842695.0 18844903.0 18844577.0 18844903.0 18842956.0 18844583.0 18844210.0 18843771.0 18843605.0 18842170.0 18843475.0 18841892.0 18843258.0 18841956.0 18843225.0 18841673.0 18843318.0 18841718.0 18844078.0 18843495.0 18843629.0
177 18699079.0 18694747.0 18690361.0 18677111.0 18685436.0 18671087.0 18685172.0 18669835.0 18680686.0 18673928.0 18680002.0 18673322.0 18681629.0 18679804.0 18679847.0 18676793.0 18677898.0 18676654.0 18673886.0 18673674.0 18668352.0 18671198.0 18668488.0 18669768.0 18668591.0 18669663.0 18666363.0 18669003.0 18666756.0 18669805.0 18669209.0 18670529.0
180 17935759.0 17931717.0 17908501.0 17850790.0 17892004.0 17818356.0 17899477.0 17809065.0 17890218.0 17837376.0 17885494.0 17839046.0 17888807.0 17886605.0 17890413.0 17876722.0 17880916.0 17890744.0 17871100.0 17883070.0 17824097.0 17867245.0 17850082.0 17854991.0 17853426.0 17869112.0 17839391.0 17867558.0 17849290.0 17873283.0 17873879.0 17894180.0
183 10582018.0 10712068.0 10640511.0 10720573.0 10607040.0 10450397.0 10688814.0 10307100.0 10728818.0 10690581.0 10705765.0 10733216.0 10745458.0 10745538.0 10819095.0 11132478.0 10704478.0 10839819.0 10619080.0 10782447.0 10443338.0 10595059.0 10849201.0 10454573.0 10871559.0 10598738.0 10653010.0 10591280.0 10796328.0 10649775.0 10626527.0 10810134.0
186 9619968.0 9763726.0 9686226.0 9935006.0 9656923.0 9655386.0 9737345.0 9470967.0 9786040.0 9910474.0 9762796.0 9937363.0 9778257.0 9783719.0 9855614.0 10346210.0 9731389.0 9896252.0 9641925.0 9833266.0 9613152.0 9620406.0 10090749.0 9451875.0 10098325.0 9614101.0 9861242.0 9601839.0 10019010.0 9652445.0 9632465.0 9837541.0
189 1303101.0 1365553.0 1322766.0 1398226.0 1333152.0 1282675.0 1348151.0 1208612.0 1360383.0 1344961.0 1331328.0 1423080.0 1346769.0 1336390.0 1354163.0 1527930.0 1321284.0 1387289.0 1273337.0 1351330.0 1254745.0 1298439.0 1407945.0 1219257.0 1401825.0 1278498.0 1325757.0 1283775.0 1376204.0 1276771.0 1277293.0 1358961.0
192 128720.0 141912.0 139215.0 157115.0 165797.0 139882.0 147668.0 120746.0 152877.0 138741.0 130413.0 218350.0 147921.0 137421.0 133398.0 171068.0 146891.0 151046.0 122910.0 146743.0 132615.0 164769.0 151252.0 124984.0 144296.0 131847.0 137990.0 150789.0 145674.0 129051.0 128967.0 156829.0
195 118544.0 125004.0 126954.0 125017.0 153156.0 130181.0 126428.0 115476.0 129548.0 119026.0 108064.0 198946.0 132331.0 120266.0 117076.0 128784.0 135642.0 125430.0 110603.0 125705.0 122005.0 152020.0 114889.0 119150.0 111275.0 117880.0 121119.0 139825.0 119181.0 117272.0 113023.0 132356.0
198 116999.0 123443.0 124131.0 123534.0 152048.0 128502.0 124454.0 106397.0 128297.0 116262.0 105519.0 200455.0 132115.0 118873.0 114767.0 127024.0 132431.0 123311.0 106033.0 123413.0 119247.0 147137.0 112709.0 116857.0 104531.0 116421.0 118230.0 138702.0 116396.0 114760.0 107843.0 130835.0
201 112622.0 116564.0 111829.0 120966.0 148091.0 125304.0 116582.0 76233.0 126295.0 112857.0 93337.0 194128.0 128649.0 112741.0 106023.0 124355.0 120000.0 118084.0 85609.0 115305.0 106310.0 126993.0 107878.0 109493.0 83600.0 107598.0 112831.0 133124.0 114255.0 105566.0 89449.0 126704.0
204 95985.0 94962.0 81120.0 113284.0 136212.0 110673.0 91032.0 35139.0 120845.0 96879.0 63178.0 191915.0 117093.0 90683.0 81019.0 112460.0 88504.0 100238.0 48259.0 92924.0 73704.0 80089.0 92663.0 86082.0 48296.0 83824.0 92556.0 114738.0 102147.0 78973.0 53432.0 116288.0
207 56727.0 50028.0 36464.0 86092.0 103084.0 72747.0 44702.0 9572.0 95816.0 59910.0 24471.0 175568.0 82621.0 47192.0 38860.0 77217.0 43021.0 57925.0 14911.0 51248.0 30683.0 26910.0 57356.0 42505.0 16005.0 43231.0 52642.0 69845.0 69142.0 34954.0 17778.0 86196.0
210 21174.0 15661.0 10869.0 43023.0 54219.0 31278.0 13144.0 3158.0 52615.0 23163.0 6499.0 138141.0 36894.0 14930.0 10877.0 31713.0 14357.0 20436.0 3874.0 18289.0 8386.0 6928.0 22594.0 12577.0 4676.0 13650.0 18842.0 26215.0 28553.0 9563.0 4817.0 42999.0
213 5754.0 4343.0 3623.0 12711.0 17702.0 8724.0 3886.0 2274.0 16692.0 6306.0 2638.0 66317.0 9903.0 4212.0 3394.0 8101.0 4556.0 5357.0 2412.0 5033.0 3152.0 3431.0 6443.0 3851.0 2384.0 4077.0 5186.0 6822.0 7811.0 3184.0 2486.0 13050.0
216 2707.0 2657.0 2396.0 3639.0 4925.0 3370.0 2726.0 1840.0 4267.0 2858.0 2071.0 16019.0 3504.0 2512.0 2418.0 3188.0 2899.0 2791.0 1897.0 2737.0 2409.0 2741.0 2659.0 2516.0 1872.0 2443.0 2640.0 3355.0 2964.0 2308.0 1986.0 3814.0
219 2344.0 2184.0 1981.0 2657.0 3420.0 2695.0 2189.0 1385.0 2824.0 2274.0 1652.0 6110.0 2867.0 2024.0 2030.0 2566.0 2388.0 2211.0 1468.0 2244.0 1973.0 2235.0 2155.0 2040.0 1456.0 1990.0 2289.0 2798.0 2349.0 1941.0 1531.0 2815.0
222 1798.0 1823.0 1651.0 2239.0 2845.0 2173.0 1712.0 1127.0 2411.0 1972.0 1278.0 4826.0 2360.0 1738.0 1491.0 2171.0 1828.0 1855.0 1113.0 1816.0 1524.0 1675.0 1701.0 1679.0 1187.0 1625.0 1888.0 2302.0 2026.0 1572.0 1242.0 2416.0
225 1457.0 1383.0 1232.0 1686.0 2246.0 1805.0 1350.0 899.0 1816.0 1469.0 951.0 4027.0 1725.0 1231.0 1136.0 1673.0 1481.0 1409.0 948.0 1336.0 1122.0 1362.0 1347.0 1285.0 862.0 1265.0 1406.0 1687.0 1550.0 1177.0 888.0 1857.0
228 1171.0 1134.0 1079.0 1431.0 1820.0 1354.0 1108.0 778.0 1488.0 1204.0 762.0 3452.0 1448.0 1100.0 1039.0 1341.0 1262.0 1109.0 841.0 1201.0 1006.0 1142.0 1083.0 1057.0 742.0 1134.0 1176.0 1449.0 1203.0 1029.0 865.0 1472.0
231 1048.0 1054.0 972.0 1155.0 1558.0 1294.0 984.0 587.0 1262.0 977.0 754.0 2944.0 1340.0 1047.0 931.0 1179.0 1155.0 1106.0 674.0 1085.0 920.0 1023.0 997.0 1067.0 618.0 962.0 1076.0 1429.0 1184.0 921.0 695.0 1400.0
234 988.0 923.0 870.0 1088.0 1503.0 1182.0 886.0 452.0 1174.0 984.0 639.0 2604.0 1151.0 923.0 816.0 1116.0 1024.0 970.0 565.0 881.0 838.0 846.0 843.0 938.0 480.0 893.0 980.0 1229.0 1011.0 806.0 545.0 1260.0
237 865.0 827.0 691.0 1063.0 1300.0 1101.0 781.0 247.0 1123.0 887.0 441.0 2487.0 1143.0 778.0 711.0 1032.0 839.0 901.0 307.0 878.0 647.0 578.0 840.0 831.0 260.0 809.0 890.0 1146.0 904.0 608.0 347.0 1226.0
240 759.0 539.0 408.0 965.0 1302.0 977.0 537.0 98.0 1053.0 844.0 225.0 2296.0 977.0 619.0 494.0 906.0 566.0 683.0 111.0 686.0 430.0 266.0 667.0 652.0 126.0 558.0 649.0 975.0 804.0 403.0 162.0 1041.0
243 522.0 297.0 193.0 826.0 1018.0 772.0 209.0 35.0 826.0 546.0 88.0 2239.0 853.0 341.0 234.0 617.0 318.0 417.0 33.0 393.0 173.0 111.0 382.0 359.0 49.0 304.0 418.0 633.0 550.0 211.0 49.0 860.0
246 254.0 128.0 75.0 572.0 730.0 483.0 98.0 21.0 587.0 296.0 41.0 2084.0 504.0 120.0 77.0 337.0 161.0 198.0 19.0 184.0 65.0 34.0 197.0 173.0 27.0 146.0 187.0 329.0 264.0 71.0 24.0 542.0
249 107.0 36.0 26.0 259.0 390.0 187.0 34.0 14.0 272.0 119.0 20.0 1576.0 221.0 40.0 42.0 124.0 74.0 56.0 12.0 58.0 27.0 21.0 84.0 54.0 22.0 51.0 61.0 83.0 111.0 38.0 17.0 261.0
252 31.0 22.0 26.0 97.0 170.0 65.0 15.0 13.0 97.0 36.0 10.0 1013.0 72.0 18.0 17.0 36.0 29.0 28.0 11.0 34.0 18.0 15.0 33.0 29.0 13.0 28.0 41.0 55.0 40.0 17.0 13.0 99.0
255 33.0 15.0 15.0 32.0 65.0 28.0 13.0 9.0 41.0 27.0 6.0 445.0 31.0 23.0 22.0 26.0 25.0 18.0 13.0 16.0 17.0 21.0 26.0 16.0 15.0 16.0 18.0 43.0 29.0 17.0 14.0 43.0
258 13.0 21.0 5.0 26.0 26.0 30.0 10.0 11.0 20.0 26.0 8.0 121.0 25.0 19.0 13.0 20.0 25.0 15.0 10.0 19.0 12.0 16.0 18.0 16.0 14.0 18.0 18.0 28.0 25.0 22.0 12.0 30.0
261 16.0 13.0 7.0 22.0 20.0 17.0 11.0 8.0 31.0 22.0 10.0 81.0 25.0 12.0 8.0 26.0 15.0 18.0 8.0 13.0 10.0 9.0 14.0 16.0 5.0 20.0 20.0 23.0 20.0 18.0 9.0 28.0
264 14.0 10.0 8.0 21.0 23.0 17.0 15.0 6.0 22.0 14.0 3.0 51.0 21.0 12.0 11.0 20.0 18.0 9.0 7.0 15.0 11.0 4.0 19.0 14.0 4.0 9.0 22.0 20.0 16.0 7.0 12.0 14.0
267 15.0 13.0 8.0 12.0 32.0 21.0 10.0 3.0 21.0 13.0 4.0 49.0 8.0 10.0 8.0 16.0 13.0 11.0 4.0 16.0 7.0 4.0 15.0 14.0 2.0 17.0 15.0 19.0 10.0 13.0 1.0 13.0
270 10.0 12.0 8.0 18.0 12.0 9.0 12.0 2.0 18.0 9.0 3.0 36.0 22.0 11.0 14.0 20.0 9.0 7.0 4.0 6.0 8.0 8.0 12.0 9.0 2.0 8.0 10.0 10.0 11.0 4.0 1.0 12.0
273 10.0 11.0 2.0 16.0 17.0 12.0 0.0 2.0 16.0 10.0 0.0 33.0 19.0 5.0 7.0 4.0 7.0 8.0 1.0 7.0 5.0 4.0 9.0 14.0 2.0 6.0 12.0 16.0 11.0 4.0 1.0 21.0
276 6.0 7.0 4.0 11.0 28.0 14.0 5.0 0.0 9.0 9.0 3.0 41.0 12.0 5.0 4.0 13.0 3.0 10.0 1.0 3.0 3.0 0.0 4.0 5.0 1.0 9.0 5.0 6.0 5.0 4.0 1.0 10.0
279 3.0 3.0 3.0 8.0 15.0 14.0 2.0 0.0 12.0 4.0 0.0 27.0 12.0 6.0 1.0 8.0 4.0 0.0 0.0 3.0 0.0 0.0 2.0 1.0 1.0 5.0 4.0 13.0 5.0 2.0 0.0 9.0
282 0.0 2.0 0.0 8.0 9.0 4.0 0.0 0.0 3.0 5.0 0.0 27.0 3.0 1.0 2.0 3.0 1.0 5.0 0.0 2.0 0.0 2.0 2.0 2.0 1.0 1.0 0.0 2.0 4.0 0.0 0.0 5.0
285 1.0 0.0 0.0 5.0 5.0 2.0 0.0 1.0 2.0 2.0 0.0 28.0 4.0 0.0 0.0 1.0 0.0 0.0 1.0 0.0 0.0 1.0 2.0 1.0 0.0 0.0 2.0 1.0 2.0 0.0 0.0 4.0
288 0.0 0.0 0.0 2.0 4.0 0.0 0.0 1.0 2.0 1.0 0.0 22.0 1.0 1.0 0.0 1.0 0.0 0.0 1.0 2.0 0.0 1.0 0.0 0.0 0.0 0.0 1.0 2.0 2.0 0.0 0.0 4.0
291 0.0 0.0 0.0 2.0 0.0 0.0 1.0 0.0 1.0 2.0 1.0 9.0 0.0 0.0 0.0 0.0 0.0 0.0 0.0 1.0 0.0 0.0 1.0 2.0 0.0 1.0 0.0 0.0 1.0 0.0 0.0 1.0
294 0.0 0.0 0.0 0.0 0.0 2.0 0.0 1.0 1.0 0.0 0.0 6.0 3.0 1.0 1.0 1.0 0.0 0.0 0.0 3.0 1.0 0.0 1.0 3.0 0.0 0.0 0.0 0.0 2.0 1.0 0.0 0.0
297 0.0 0.0 0.0 1.0 0.0 0.0 1.0 1.0 0.0 0.0 0.0 3.0 0.0 0.0 0.0 0.0 0.0 1.0 2.0 0.0 0.0 0.0 0.0 1.0 1.0 0.0 0.0 1.0 1.0 0.0 0.0 0.0
300 0.0 1.0 0.0 0.0 0.0 1.0 0.0 0.0 0.0 0.0 1.0 1.0 0.0 0.0 1.0 0.0 1.0 2.0 0.0 0.0 0.0 0.0 0.0 1.0 0.0 1.0 0.0 0.0 1.0 0.0 0.0 0.0
303 0.0 0.0 2.0 0.0 0.0 0.0 0.0 0.0 1.0 0.0 0.0 3.0 0.0 0.0 2.0 2.0 0.0 0.0 0.0 1.0 0.0 0.0 1.0 0.0 0.0 0.0 0.0 1.0 0.0 0.0 0.0 4.0
306 0.0 0.0 0.0 0.0 1.0 1.0 0.0 1.0 0.0 1.0 0.0 0.0 0.0 0.0 0.0 0.0 0.0 0.0 1.0 0.0 0.0 0.0 1.0 0.0 0.0 1.0 1.0 0.0 2.0 0.0 0.0 1.0
309 0.0 0.0 0.0 0.0 0.0 0.0 0.0 0.0 0.0 0.0 0.0 0.0 0.0 0.0 0.0 0.0 0.0 0.0 0.0 0.0 0.0 0.0 1.0 0.0 1.0 0.0 0.0 1.0 0.0 0.0 1.0 0.0
312 0.0 0.0 0.0 0.0 0.0 0.0 1.0 0.0 0.0 0.0 0.0 0.0 0.0 0.0 0.0 1.0 0.0 0.0 0.0 0.0 0.0 0.0 0.0 0.0 0.0 1.0 0.0 0.0 0.0 0.0 0.0 0.0
315 0.0 0.0 0.0 0.0 1.0 0.0 0.0 0.0 0.0 0.0 1.0 1.0 0.0 1.0 0.0 1.0 0.0 1.0 0.0 0.0 0.0 0.0 0.0 0.0 1.0 0.0 2.0 0.0 0.0 2.0 1.0 1.0
318 0.0 0.0 0.0 0.0 0.0 0.0 0.0 0.0 0.0 0.0 0.0 0.0 0.0 1.0 0.0 0.0 0.0 0.0 0.0 0.0 0.0 0.0 0.0 0.0 0.0 0.0 0.0 0.0 0.0 0.0 1.0 0.0
321 0.0 2.0 0.0 0.0 0.0 0.0 0.0 0.0 1.0 0.0 1.0 0.0 0.0 0.0 0.0 0.0 0.0 1.0 0.0 0.0 0.0 0.0 0.0 0.0 0.0 0.0 0.0 1.0 1.0 0.0 0.0 0.0
324 0.0 0.0 0.0 0.0 0.0 0.0 0.0 0.0 0.0 0.0 0.0 0.0 1.0 1.0 0.0 0.0 0.0 0.0 0.0 1.0 0.0 0.0 0.0 1.0 0.0 0.0 0.0 1.0 0.0 1.0 0.0 1.0
327 0.0 0.0 1.0 0.0 0.0 0.0 0.0 2.0 0.0 0.0 0.0 1.0 0.0 0.0 1.0 0.0 0.0 0.0 0.0 0.0 0.0 0.0 0.0 0.0 0.0 0.0 0.0 1.0 0.0 0.0 0.0 0.0
330 0.0 0.0 0.0 1.0 0.0 0.0 0.0 0.0 0.0 0.0 0.0 1.0 0.0 1.0 1.0 0.0 1.0 2.0 1.0 0.0 1.0 0.0 0.0 1.0 1.0 0.0 0.0 1.0 0.0 0.0 1.0 0.0
333 0.0 0.0 0.0 0.0 0.0 0.0 0.0 0.0 0.0 0.0 0.0 0.0 0.0 0.0 0.0 0.0 0.0 0.0 0.0 0.0 0.0 0.0 0.0 0.0 0.0 0.0 0.0 0.0 0.0 0.0 0.0 0.0
336 0.0 0.0 1.0 0.0 1.0 1.0 0.0 0.0 0.0 0.0 0.0 0.0 1.0 0.0 1.0 0.0 0.0 1.0 2.0 0.0 0.0 0.0 1.0 1.0 0.0 1.0 0.0 2.0 0.0 0.0 0.0 1.0
339 0.0 0.0 0.0 1.0 0.0 1.0 0.0 0.0 0.0 0.0 1.0 1.0 0.0 1.0 0.0 0.0 0.0 0.0 0.0 0.0 0.0 1.0 0.0 1.0 0.0 1.0 0.0 0.0 0.0 0.0 0.0 1.0
342 0.0 1.0 0.0 1.0 0.0 1.0 0.0 0.0 0.0 1.0 0.0 1.0 1.0 0.0 1.0 2.0 0.0 1.0 0.0 0.0 0.0 0.0 0.0 1.0 0.0 1.0 0.0 1.0 1.0 0.0 0.0 0.0
345 0.0 1.0 0.0 0.0 0.0 0.0 0.0 0.0 0.0 0.0 0.0 0.0 2.0 0.0 0.0 0.0 0.0 0.0 0.0 0.0 0.0 0.0 0.0 0.0 0.0 0.0 0.0 0.0 0.0 0.0 0.0 0.0
348 0.0 1.0 0.0 1.0 0.0 0.0 0.0 1.0 1.0 0.0 0.0 0.0 0.0 0.0 0.0 0.0 0.0 0.0 0.0 0.0 0.0 0.0 1.0 0.0 0.0 0.0 0.0 0.0 0.0 0.0 0.0 0.0
351 1.0 0.0 0.0 0.0 0.0 1.0 0.0 0.0 2.0 2.0 0.0 0.0 0.0 0.0 0.0 0.0 1.0 0.0 1.0 1.0 0.0 2.0 0.0 0.0 0.0 1.0 1.0 0.0 0.0 0.0 0.0 2.0
354 0.0 0.0 0.0 0.0 0.0 0.0 0.0 0.0 0.0 0.0 0.0 0.0 0.0 0.0 1.0 0.0 0.0 0.0 0.0 1.0 0.0 0.0 0.0 0.0 0.0 0.0 0.0 1.0 0.0 0.0 0.0 0.0
357 0.0 0.0 0.0 0.0 0.0 0.0 0.0 1.0 0.0 1.0 0.0 1.0 0.0 0.0 0.0 0.0 0.0 0.0 0.0 0.0 0.0 0.0 0.0 0.0 0.0 0.0 0.0 0.0 0.0 1.0 0.0 1.0
