150 17984986.0 17978185.0 17977032.0 17955479.0 17967782.0 17946834.0 17968139.0 17954335.0 17959890.0 17941295.0 17970292.0 17946439.0 17967807.0 17964650.0 17966533.0 17949708.0 17965555.0 17966197.0 17964173.0 17957006.0 17953716.0 17958349.0 17952760.0 17966384.0 17950790.0 17965427.0 17940541.0 17963321.0 17947491.0 17963071.0 17962613.0 17963762.0
153 18311219.0 18303256.0 18300132.0 18276944.0 18292466.0 18268023.0 18290327.0 18276037.0 18283516.0 18266536.0 18291539.0 18269157.0 18290033.0 18287826.0 18289803.0 18272342.0 18288885.0 18287085.0 18286632.0 18279385.0 18276450.0 18280855.0 18274630.0 18287441.0 18272730.0 18287856.0 18261674.0 18285596.0 18270561.0 18286179.0 18285332.0 18286832.0
156 18688877.0 18682776.0 18680645.0 18662412.0 18674936.0 18653730.0 18673714.0 18662525.0 18668317.0 18655151.0 18675020.0 18654971.0 18673827.0 18672903.0 18673259.0 18659449.0 18672554.0 18672294.0 18672264.0 18666257.0 18664191.0 18667823.0 18662234.0 18673578.0 18660321.0 18674007.0 18648477.0 18672527.0 18659304.0 18673041.0 18672652.0 18674035.0
159 18979987.0 18977095.0 18976034.0 18965680.0 18974255.0 18957520.0 18972992.0 18965495.0 18970276.0 18962973.0 18972788.0 18959695.0 18972700.0 18973258.0 18972389.0 18963891.0 18972074.0 18971471.0 18972005.0 18969368.0 18966788.0 18970701.0 18965600.0 18972300.0 18964706.0 18973753.0 18953635.0 18972833.0 18964724.0 18974168.0 18974465.0 18975824.0
162 19024820.0 19023492.0 19023169.0 19017327.0 19022220.0 19012717.0 19021199.0 19017182.0 19020603.0 19015613.0 19021022.0 19014530.0 19021131.0 19022014.0 19021240.0 19016404.0 19021115.0 19020457.0 19020903.0 19020411.0 19017363.0 19020845.0 19017046.0 19020551.0 19016494.0 19021262.0 19009462.0 19021388.0 19016541.0 19022819.0 19022703.0 19023587.0
165 19118366.0 19117293.0 19117265.0 19108950.0 19116056.0 19102381.0 19114462.0 19109111.0 19113340.0 19106695.0 19114988.0 19105665.0 19114776.0 19115113.0 19115711.0 19107098.0 19115030.0 19114303.0 19114327.0 19112757.0 19109521.0 19112880.0 19108379.0 19113840.0 19107462.0 19114119.0 19098408.0 19114280.0 19107663.0 19115178.0 19114872.0 19115056.0
168 19168452.0 19167951.0 19167340.0 19159652.0 19165520.0 19153805.0 19163843.0 19159292.0 19162903.0 19157448.0 19163873.0 19158198.0 19163647.0 19164020.0 19163639.0 19158642.0 19163374.0 19162926.0 19162924.0 19162442.0 19159843.0 19162107.0 19158527.0 19162435.0 19157994.0 19162379.0 19149189.0 19162421.0 19157802.0 19162917.0 19162875.0 19163326.0
171 18772211.0 18773018.0 18763278.0 18698300.0 18750705.0 18691287.0 18742845.0 18685168.0 18737195.0 18687462.0 18742113.0 18720210.0 18741354.0 18736374.0 18740867.0 18703119.0 18739720.0 18733066.0 18724478.0 18726241.0 18699477.0 18718173.0 18691558.0 18715903.0 18698116.0 18712180.0 18685862.0 18716242.0 18694913.0 18718878.0 18720576.0 18721007.0
174 10904322.0 11041419.0 11029751.0 10714193.0 10951809.0 10990011.0 10982305.0 10760874.0 11082492.0 11041379.0 11186429.0 11564907.0 11181794.0 11176940.0 11344463.0 11248014.0 11273304.0 11255924.0 10920157.0 11139658.0 11094312.0 10856883.0 10851361.0 10798374.0 11127936.0 10617814.0 10901544.0 10825240.0 10858319.0 10912275.0 10983192.0 10881772.0
177 10152007.0 10296386.0 10325683.0 10212863.0 10254935.0 10571121.0 10327295.0 10302082.0 10425322.0 10590241.0 10532415.0 11135340.0 10515830.0 10531515.0 10691922.0 10808910.0 10613962.0 10608703.0 10231643.0 10486953.0 10643576.0 10166346.0 10380431.0 10116934.0 10714205.0 9911523.0 10456440.0 10134971.0 10376084.0 10226345.0 10304066.0 10172799.0
180 6227700.0 6327075.0 6370830.0 6300845.0 6305311.0 6629170.0 6378069.0 6375269.0 6448211.0 6643847.0 6527768.0 7109635.0 6512001.0 6569399.0 6672453.0 6819870.0 6599747.0 6573861.0 6263643.0 6487481.0 6667578.0 6216852.0 6460795.0 6172644.0 6743629.0 6021802.0 6539803.0 6194841.0 6467776.0 6268499.0 6335674.0 6210483.0
183 176538.0 182524.0 226563.0 184171.0 200767.0 223339.0 205129.0 186392.0 211672.0 316999.0 209437.0 307074.0 197782.0 342545.0 203996.0 240048.0 197374.0 210275.0 189339.0 228510.0 222110.0 198699.0 186997.0 160670.0 215366.0 162994.0 211307.0 182449.0 219954.0 198005.0 199462.0 185442.0
186 143464.0 135199.0 176508.0 151977.0 160255.0 162107.0 153081.0 153888.0 161345.0 280757.0 148266.0 186247.0 140346.0 261628.0 138487.0 172053.0 135808.0 148187.0 152210.0 170064.0 167662.0 160794.0 140986.0 128787.0 149775.0 136998.0 164932.0 140264.0 178745.0 154017.0 148533.0 146098.0
189 141533.0 132799.0 174740.0 150940.0 159835.0 156347.0 149895.0 152999.0 160818.0 272893.0 145898.0 173259.0 138118.0 260543.0 136059.0 168066.0 132974.0 145394.0 151218.0 167005.0 163805.0 158738.0 138540.0 128298.0 142593.0 136870.0 160629.0 138392.0 175425.0 150645.0 144948.0 142857.0
192 142210.0 132974.0 174112.0 151232.0 160078.0 156409.0 150019.0 152045.0 159537.0 278558.0 144904.0 173267.0 138223.0 260266.0 135265.0 167058.0 132919.0 144330.0 151172.0 167034.0 164005.0 158820.0 137767.0 129051.0 141656.0 137258.0 160951.0 138276.0 175033.0 152161.0 145467.0 142639.0
195 141990.0 133037.0 174733.0 151213.0 159897.0 156839.0 149253.0 152109.0 160787.0 278719.0 145812.0 173078.0 139094.0 259320.0 135827.0 167798.0 133479.0 145532.0 151268.0 167455.0 163953.0 159205.0 138703.0 128661.0 142386.0 136884.0 161002.0 138161.0 175539.0 152056.0 145609.0 142797.0
198 142464.0 134169.0 176199.0 151900.0 159670.0 156487.0 149829.0 152969.0 160013.0 281610.0 145584.0 173755.0 138663.0 258743.0 135997.0 168828.0 133673.0 145384.0 151078.0 168679.0 164154.0 160152.0 141633.0 128334.0 142667.0 136842.0 161058.0 137841.0 175341.0 152354.0 145403.0 142923.0
201 141941.0 132412.0 175533.0 151403.0 158832.0 156436.0 150652.0 152156.0 158338.0 272028.0 145187.0 173096.0 138751.0 251141.0 136538.0 168704.0 132694.0 144316.0 151550.0 167367.0 163775.0 158766.0 138105.0 128283.0 142785.0 136683.0 160620.0 137896.0 174839.0 151028.0 144316.0 143299.0
204 141354.0 132630.0 173447.0 151390.0 158759.0 156781.0 149339.0 151968.0 159327.0 276395.0 144697.0 172969.0 137629.0 259515.0 135190.0 167332.0 132666.0 144161.0 150905.0 166815.0 164178.0 159145.0 138063.0 127791.0 142436.0 136061.0 160791.0 137925.0 174348.0 151503.0 145012.0 142592.0
207 140884.0 131799.0 172867.0 150498.0 158431.0 156022.0 148374.0 151977.0 159304.0 273465.0 143782.0 173032.0 138107.0 258286.0 135016.0 166717.0 133135.0 143413.0 150563.0 166894.0 162575.0 158724.0 134618.0 126901.0 142505.0 136043.0 160950.0 137561.0 173815.0 149849.0 144096.0 141590.0
210 140013.0 131062.0 172320.0 149147.0 154992.0 155278.0 147717.0 151099.0 156773.0 266206.0 143329.0 171601.0 136509.0 256323.0 133877.0 164975.0 131830.0 141849.0 149669.0 165523.0 159574.0 156878.0 136382.0 124675.0 140167.0 133121.0 159198.0 133828.0 170627.0 148064.0 142897.0 140002.0
213 135940.0 128521.0 165053.0 147834.0 155223.0 154410.0 145294.0 147547.0 157397.0 260806.0 139813.0 170485.0 135339.0 250646.0 132683.0 162640.0 130100.0 138709.0 146675.0 164300.0 152548.0 155678.0 132264.0 116852.0 137159.0 128689.0 157844.0 125746.0 163177.0 142306.0 138023.0 137517.0
216 119675.0 119521.0 138699.0 141792.0 148840.0 152535.0 139433.0 137461.0 151701.0 211624.0 127619.0 166083.0 130039.0 240699.0 127468.0 155066.0 124080.0 124481.0 136590.0 161228.0 127158.0 149609.0 118283.0 90902.0 127523.0 113178.0 154490.0 100713.0 140389.0 123868.0 124278.0 128489.0
219 79221.0 86157.0 77273.0 120312.0 121903.0 146311.0 113285.0 104370.0 132564.0 126694.0 90458.0 151220.0 109825.0 193968.0 105379.0 129107.0 105094.0 87858.0 106247.0 148976.0 74397.0 129202.0 83025.0 46856.0 96372.0 72968.0 140009.0 55709.0 86683.0 79352.0 85809.0 101492.0
222 32644.0 36342.0 22774.0 70481.0 68096.0 120245.0 62974.0 52633.0 86172.0 42601.0 38143.0 106842.0 64311.0 112896.0 59267.0 75675.0 64739.0 40118.0 54595.0 111474.0 24991.0 81769.0 35908.0 14846.0 47949.0 28163.0 99829.0 18238.0 31009.0 29302.0 35529.0 56095.0
225 10279.0 10302.0 7751.0 25870.0 23348.0 68602.0 21182.0 17736.0 33861.0 14223.0 11088.0 49392.0 22724.0 38824.0 19969.0 27828.0 26214.0 13374.0 17501.0 55061.0 8241.0 31814.0 10861.0 5547.0 15044.0 8523.0 47004.0 6369.0 9746.0 8990.0 10466.0 19605.0
228 5182.0 4874.0 5754.0 8205.0 7687.0 21914.0 7517.0 6765.0 10348.0 9845.0 5536.0 14632.0 7134.0 12244.0 6626.0 8937.0 8226.0 5872.0 6784.0 17011.0 5317.0 9611.0 5323.0 4096.0 6080.0 4915.0 14341.0 4494.0 6120.0 5447.0 5395.0 6832.0
231 4474.0 4253.0 4881.0 5578.0 5554.0 8108.0 5218.0 5193.0 6054.0 8990.0 4616.0 7137.0 4927.0 8593.0 4746.0 6063.0 4893.0 4866.0 5257.0 7680.0 4733.0 6177.0 4510.0 3561.0 4700.0 4290.0 6892.0 3836.0 5390.0 4572.0 4482.0 4834.0
234 3934.0 3771.0 4381.0 4952.0 4924.0 5924.0 4671.0 4603.0 5100.0 7752.0 4139.0 5858.0 4475.0 7554.0 4059.0 5212.0 4160.0 4230.0 4619.0 6045.0 4293.0 5387.0 4068.0 3219.0 4089.0 3864.0 5803.0 3554.0 5000.0 4150.0 3970.0 4255.0
237 3506.0 3307.0 3821.0 4394.0 4397.0 5143.0 3979.0 4132.0 4606.0 6872.0 3751.0 5194.0 4051.0 6788.0 3574.0 4696.0 3799.0 3790.0 4200.0 5210.0 3817.0 4941.0 3657.0 3040.0 3810.0 3543.0 5055.0 3191.0 4426.0 3781.0 3607.0 3901.0
240 3354.0 3081.0 3584.0 3882.0 4079.0 4686.0 3815.0 3891.0 4208.0 6281.0 3453.0 4688.0 3580.0 6084.0 3229.0 4150.0 3465.0 3533.0 3832.0 4615.0 3756.0 4372.0 3338.0 2926.0 3360.0 3331.0 4742.0 3053.0 4060.0 3371.0 3319.0 3481.0
243 3118.0 2997.0 3463.0 3726.0 3647.0 4389.0 3505.0 3575.0 3909.0 6149.0 3307.0 4237.0 3365.0 5517.0 3055.0 3974.0 3208.0 3357.0 3686.0 4523.0 3461.0 4123.0 3228.0 2862.0 3232.0 3213.0 4158.0 2852.0 4066.0 3324.0 3161.0 3364.0
246 3022.0 2943.0 3383.0 3552.0 3631.0 4030.0 3440.0 3459.0 3726.0 5922.0 3121.0 3970.0 3300.0 5508.0 2937.0 3901.0 3080.0 3287.0 3588.0 4164.0 3370.0 4029.0 3083.0 2817.0 3182.0 3059.0 3915.0 2844.0 3855.0 3344.0 2993.0 3268.0
249 2994.0 2923.0 3510.0 3548.0 3661.0 3868.0 3435.0 3483.0 3726.0 6035.0 3213.0 3929.0 3228.0 4998.0 2967.0 3819.0 3137.0 3353.0 3464.0 4040.0 3283.0 4086.0 3015.0 2732.0 3099.0 3045.0 3906.0 2789.0 3817.0 3223.0 3172.0 3307.0
252 2961.0 2862.0 3336.0 3383.0 3486.0 3822.0 3285.0 3285.0 3702.0 6018.0 3175.0 3831.0 3246.0 4910.0 2905.0 3814.0 3055.0 3195.0 3447.0 4021.0 3112.0 4136.0 2901.0 2639.0 3121.0 3103.0 3859.0 2778.0 3628.0 3112.0 3050.0 3201.0
255 2918.0 2795.0 3296.0 3363.0 3478.0 3739.0 3285.0 3278.0 3540.0 5636.0 3047.0 3737.0 3215.0 4986.0 2824.0 3641.0 2988.0 3117.0 3429.0 3948.0 3205.0 3886.0 2998.0 2557.0 2967.0 2963.0 3744.0 2658.0 3821.0 3171.0 2903.0 3281.0
258 2826.0 2717.0 3085.0 3516.0 3457.0 3738.0 3205.0 3203.0 3498.0 5544.0 3038.0 3833.0 3091.0 4805.0 2775.0 3668.0 2938.0 2926.0 3234.0 3780.0 3108.0 3644.0 2859.0 2452.0 3014.0 2948.0 3642.0 2548.0 3508.0 2979.0 2915.0 3162.0
261 2859.0 2622.0 3046.0 3320.0 3383.0 3668.0 3131.0 3032.0 3375.0 5348.0 2928.0 3595.0 3001.0 4746.0 2721.0 3439.0 2799.0 2869.0 3306.0 3829.0 2890.0 3799.0 2762.0 2453.0 2930.0 2780.0 3738.0 2571.0 3445.0 2913.0 2828.0 3060.0
264 2719.0 2689.0 2884.0 3292.0 3285.0 3664.0 2968.0 3060.0 3421.0 5020.0 2825.0 3520.0 2918.0 4552.0 2639.0 3433.0 2727.0 2832.0 3226.0 3783.0 2897.0 3712.0 2748.0 2192.0 2848.0 2626.0 3664.0 2411.0 3265.0 2821.0 2643.0 3060.0
267 2550.0 2432.0 2547.0 2993.0 3128.0 3556.0 2883.0 2979.0 3297.0 4724.0 2700.0 3469.0 2753.0 4388.0 2607.0 3262.0 2686.0 2548.0 2995.0 3579.0 2533.0 3411.0 2546.0 1953.0 2664.0 2602.0 3425.0 2158.0 2858.0 2567.0 2561.0 2825.0
270 2360.0 2165.0 1988.0 3002.0 2908.0 3445.0 2836.0 2762.0 3089.0 3995.0 2408.0 3318.0 2663.0 4132.0 2441.0 3006.0 2612.0 2327.0 2813.0 3395.0 2049.0 3251.0 2356.0 1484.0 2342.0 2325.0 3215.0 1658.0 2372.0 2230.0 2154.0 2617.0
273 1796.0 1885.0 1315.0 2742.0 2658.0 3383.0 2467.0 2421.0 2981.0 2991.0 1866.0 3159.0 2468.0 3633.0 2232.0 2796.0 2364.0 1854.0 2464.0 3352.0 1375.0 3069.0 1934.0 963.0 2002.0 1897.0 3223.0 1120.0 1735.0 1810.0 1816.0 2384.0
276 1098.0 1256.0 541.0 2344.0 2118.0 3139.0 1882.0 1694.0 2548.0 1675.0 1204.0 2812.0 1976.0 2752.0 1759.0 2257.0 1920.0 1161.0 1883.0 3019.0 761.0 2629.0 1232.0 427.0 1375.0 1279.0 2826.0 549.0 1041.0 1011.0 1064.0 1731.0
279 557.0 621.0 209.0 1670.0 1373.0 2867.0 1209.0 1048.0 1904.0 643.0 607.0 2299.0 1526.0 1790.0 1219.0 1558.0 1449.0 584.0 1067.0 2595.0 318.0 1932.0 605.0 194.0 759.0 567.0 2344.0 205.0 415.0 402.0 532.0 1107.0
282 277.0 242.0 142.0 920.0 730.0 2304.0 606.0 534.0 1183.0 316.0 254.0 1550.0 784.0 928.0 655.0 892.0 916.0 295.0 558.0 1902.0 165.0 1190.0 256.0 123.0 343.0 248.0 1637.0 109.0 196.0 200.0 259.0 615.0
285 159.0 116.0 109.0 410.0 331.0 1537.0 309.0 260.0 562.0 277.0 142.0 735.0 363.0 383.0 275.0 441.0 430.0 167.0 264.0 1152.0 140.0 545.0 144.0 103.0 193.0 137.0 869.0 100.0 148.0 144.0 135.0 261.0
288 122.0 135.0 109.0 214.0 188.0 791.0 165.0 166.0 246.0 213.0 116.0 308.0 165.0 229.0 156.0 213.0 208.0 128.0 146.0 490.0 115.0 272.0 125.0 99.0 125.0 125.0 385.0 94.0 157.0 113.0 113.0 149.0
291 101.0 114.0 125.0 128.0 135.0 370.0 125.0 136.0 161.0 204.0 140.0 175.0 138.0 203.0 113.0 157.0 152.0 129.0 145.0 242.0 108.0 155.0 105.0 96.0 105.0 90.0 192.0 90.0 132.0 117.0 128.0 148.0
294 90.0 101.0 98.0 127.0 122.0 215.0 146.0 132.0 129.0 196.0 102.0 151.0 133.0 195.0 100.0 155.0 118.0 97.0 107.0 177.0 98.0 159.0 97.0 88.0 93.0 100.0 173.0 68.0 113.0 112.0 94.0 130.0
297 94.0 99.0 84.0 134.0 127.0 167.0 122.0 110.0 118.0 191.0 108.0 126.0 107.0 138.0 101.0 127.0 101.0 78.0 121.0 158.0 107.0 153.0 92.0 93.0 105.0 94.0 151.0 86.0 115.0 105.0 104.0 118.0
300 96.0 82.0 111.0 129.0 111.0 150.0 115.0 106.0 145.0 180.0 92.0 136.0 122.0 145.0 84.0 102.0 115.0 100.0 113.0 146.0 91.0 151.0 92.0 66.0 104.0 100.0 125.0 81.0 131.0 91.0 91.0 112.0
303 89.0 93.0 76.0 118.0 102.0 166.0 116.0 107.0 130.0 167.0 97.0 143.0 97.0 141.0 94.0 112.0 102.0 96.0 102.0 140.0 85.0 149.0 108.0 83.0 87.0 97.0 139.0 58.0 102.0 97.0 90.0 86.0
306 80.0 69.0 86.0 112.0 110.0 147.0 107.0 102.0 119.0 159.0 94.0 106.0 109.0 146.0 78.0 127.0 121.0 100.0 121.0 142.0 79.0 140.0 88.0 73.0 90.0 85.0 140.0 92.0 98.0 71.0 85.0 124.0
309 68.0 97.0 72.0 107.0 93.0 142.0 106.0 100.0 132.0 163.0 93.0 128.0 93.0 128.0 77.0 118.0 83.0 87.0 104.0 130.0 86.0 153.0 75.0 78.0 83.0 97.0 131.0 91.0 118.0 92.0 83.0 99.0
312 90.0 93.0 93.0 94.0 95.0 155.0 108.0 92.0 110.0 173.0 85.0 121.0 96.0 139.0 85.0 97.0 114.0 102.0 119.0 127.0 74.0 146.0 91.0 71.0 92.0 91.0 108.0 71.0 84.0 79.0 93.0 92.0
315 79.0 91.0 76.0 111.0 114.0 129.0 111.0 81.0 106.0 135.0 69.0 105.0 101.0 111.0 85.0 102.0 97.0 98.0 97.0 129.0 95.0 118.0 92.0 69.0 99.0 84.0 110.0 64.0 97.0 77.0 78.0 105.0
318 74.0 73.0 64.0 100.0 100.0 138.0 81.0 81.0 108.0 144.0 87.0 112.0 107.0 124.0 69.0 120.0 83.0 78.0 97.0 98.0 76.0 117.0 80.0 60.0 83.0 72.0 99.0 55.0 100.0 61.0 71.0 113.0
321 59.0 63.0 61.0 88.0 101.0 98.0 95.0 80.0 96.0 122.0 75.0 115.0 80.0 114.0 65.0 89.0 79.0 76.0 88.0 100.0 49.0 106.0 70.0 31.0 61.0 77.0 109.0 45.0 73.0 77.0 74.0 83.0
324 62.0 52.0 38.0 83.0 85.0 112.0 80.0 59.0 91.0 96.0 66.0 102.0 80.0 137.0 70.0 95.0 84.0 56.0 80.0 125.0 34.0 119.0 63.0 37.0 64.0 64.0 93.0 37.0 41.0 65.0 57.0 98.0
327 49.0 50.0 19.0 76.0 82.0 103.0 67.0 66.0 111.0 52.0 45.0 91.0 86.0 90.0 57.0 72.0 65.0 36.0 81.0 123.0 30.0 126.0 46.0 25.0 37.0 44.0 116.0 32.0 39.0 31.0 42.0 69.0
330 28.0 37.0 7.0 72.0 61.0 98.0 47.0 61.0 91.0 50.0 30.0 78.0 73.0 83.0 46.0 57.0 71.0 38.0 45.0 109.0 20.0 89.0 29.0 6.0 35.0 35.0 77.0 10.0 26.0 20.0 27.0 41.0
333 19.0 22.0 4.0 59.0 61.0 110.0 35.0 34.0 66.0 17.0 11.0 93.0 47.0 47.0 37.0 43.0 46.0 13.0 35.0 77.0 15.0 69.0 22.0 7.0 21.0 21.0 96.0 8.0 14.0 12.0 12.0 52.0
336 8.0 5.0 4.0 38.0 21.0 85.0 21.0 22.0 53.0 15.0 9.0 48.0 30.0 31.0 23.0 27.0 40.0 12.0 38.0 69.0 4.0 58.0 11.0 6.0 8.0 16.0 57.0 3.0 10.0 5.0 10.0 31.0
339 10.0 10.0 4.0 16.0 11.0 57.0 9.0 9.0 24.0 6.0 3.0 42.0 18.0 13.0 12.0 21.0 18.0 6.0 7.0 68.0 3.0 34.0 7.0 3.0 9.0 7.0 51.0 5.0 10.0 5.0 6.0 12.0
342 7.0 1.0 5.0 8.0 7.0 56.0 9.0 5.0 10.0 12.0 6.0 21.0 5.0 11.0 4.0 11.0 10.0 3.0 8.0 21.0 4.0 16.0 3.0 3.0 8.0 3.0 31.0 2.0 5.0 2.0 3.0 4.0
345 4.0 3.0 0.0 7.0 5.0 33.0 3.0 7.0 7.0 6.0 7.0 15.0 7.0 9.0 3.0 8.0 8.0 4.0 13.0 23.0 5.0 11.0 1.0 7.0 2.0 4.0 14.0 3.0 2.0 7.0 5.0 7.0
348 3.0 4.0 3.0 4.0 2.0 17.0 4.0 3.0 7.0 4.0 5.0 4.0 4.0 12.0 3.0 2.0 2.0 4.0 4.0 11.0 3.0 6.0 1.0 2.0 5.0 5.0 10.0 3.0 5.0 5.0 3.0 3.0
351 6.0 2.0 2.0 4.0 4.0 7.0 6.0 5.0 11.0 6.0 2.0 7.0 2.0 4.0 5.0 7.0 7.0 4.0 6.0 14.0 2.0 9.0 2.0 9.0 4.0 0.0 12.0 2.0 2.0 3.0 1.0 6.0
354 5.0 6.0 2.0 11.0 5.0 13.0 7.0 6.0 5.0 6.0 4.0 6.0 1.0 10.0 3.0 5.0 8.0 5.0 4.0 2.0 3.0 7.0 6.0 3.0 2.0 3.0 2.0 4.0 0.0 5.0 4.0 2.0
357 0.0 3.0 2.0 6.0 4.0 6.0 5.0 2.0 3.0 4.0 4.0 2.0 2.0 7.0 3.0 4.0 3.0 5.0 4.0 5.0 1.0 5.0 7.0 2.0 3.0 2.0 3.0 3.0 1.0 4.0 5.0 3.0
