100 0.0 0.0 0.0 1.0 0.0 1.0 1.0 0.0 0.0 0.0 0.0 0.0 0.0 2.0 1.0 0.0 0.0 0.0 1.0 0.0 0.0 1.0 1.0 0.0 0.0 1.0 1.0 0.0 0.0 0.0 0.0 0.0
103 0.0 0.0 1.0 0.0 0.0 0.0 1.0 0.0 0.0 0.0 0.0 1.0 0.0 0.0 0.0 0.0 1.0 0.0 0.0 0.0 0.0 0.0 0.0 0.0 0.0 0.0 0.0 1.0 0.0 0.0 0.0 1.0
106 0.0 0.0 1.0 1.0 0.0 2.0 2.0 0.0 0.0 0.0 1.0 3.0 0.0 2.0 0.0 0.0 0.0 0.0 0.0 1.0 0.0 0.0 0.0 0.0 1.0 0.0 0.0 1.0 1.0 0.0 1.0 1.0
109 0.0 3.0 2.0 0.0 0.0 0.0 0.0 0.0 0.0 3.0 1.0 1.0 1.0 2.0 0.0 0.0 1.0 1.0 0.0 1.0 0.0 1.0 1.0 0.0 3.0 1.0 0.0 3.0 0.0 0.0 3.0 0.0
112 1.0 1.0 0.0 0.0 0.0 0.0 2.0 2.0 1.0 1.0 1.0 3.0 0.0 3.0 8.0 0.0 3.0 1.0 1.0 0.0 0.0 1.0 0.0 0.0 0.0 0.0 2.0 2.0 1.0 1.0 2.0 0.0
115 7.0 9.0 4.0 1.0 0.0 2.0 4.0 2.0 1.0 4.0 9.0 4.0 1.0 4.0 8.0 1.0 2.0 2.0 3.0 2.0 9.0 8.0 1.0 3.0 3.0 0.0 4.0 7.0 2.0 5.0 5.0 0.0
118 7.0 9.0 9.0 3.0 3.0 10.0 4.0 4.0 4.0 4.0 11.0 6.0 4.0 8.0 11.0 5.0 6.0 5.0 5.0 12.0 9.0 13.0 2.0 1.0 2.0 6.0 14.0 5.0 5.0 3.0 6.0 5.0
121 12.0 19.0 13.0 9.0 5.0 9.0 11.0 11.0 5.0 15.0 14.0 11.0 11.0 14.0 38.0 13.0 8.0 13.0 13.0 14.0 16.0 24.0 10.0 11.0 15.0 6.0 15.0 18.0 8.0 14.0 16.0 7.0
124 17.0 23.0 13.0 19.0 4.0 19.0 17.0 18.0 8.0 32.0 26.0 27.0 15.0 39.0 45.0 29.0 20.0 25.0 5.0 15.0 25.0 35.0 8.0 6.0 20.0 8.0 27.0 28.0 9.0 16.0 29.0 10.0
127 44.0 52.0 44.0 17.0 11.0 53.0 52.0 71.0 12.0 67.0 81.0 54.0 30.0 85.0 136.0 35.0 44.0 55.0 19.0 46.0 84.0 64.0 12.0 19.0 27.0 24.0 86.0 79.0 24.0 28.0 88.0 29.0
130 102.0 138.0 117.0 67.0 26.0 106.0 129.0 129.0 38.0 176.0 183.0 145.0 74.0 219.0 262.0 103.0 110.0 123.0 45.0 102.0 165.0 152.0 25.0 44.0 105.0 47.0 178.0 164.0 50.0 74.0 180.0 58.0
133 260.0 227.0 227.0 156.0 99.0 233.0 248.0 228.0 79.0 286.0 294.0 255.0 157.0 326.0 425.0 168.0 290.0 258.0 153.0 221.0 287.0 250.0 100.0 102.0 242.0 138.0 370.0 320.0 152.0 153.0 288.0 173.0
136 371.0 365.0 383.0 261.0 236.0 482.0 404.0 406.0 193.0 485.0 464.0 433.0 300.0 542.0 751.0 344.0 464.0 414.0 273.0 343.0 462.0 473.0 212.0 206.0 399.0 250.0 503.0 521.0 238.0 286.0 598.0 312.0
139 728.0 883.0 693.0 470.0 409.0 878.0 760.0 897.0 367.0 1037.0 1030.0 809.0 635.0 998.0 1638.0 670.0 922.0 790.0 556.0 700.0 1107.0 906.0 405.0 455.0 679.0 450.0 1228.0 1157.0 415.0 545.0 1215.0 550.0
142 2471.0 2779.0 2509.0 1418.0 992.0 3079.0 2583.0 3420.0 827.0 3825.0 3679.0 2858.0 1721.0 3465.0 5605.0 1778.0 3094.0 2231.0 1473.0 2362.0 3857.0 2901.0 932.0 1323.0 2207.0 1206.0 4316.0 3641.0 1228.0 1604.0 4040.0 1545.0
145 5996.0 5811.0 5491.0 4192.0 2832.0 7592.0 6024.0 6957.0 2448.0 7635.0 7129.0 6139.0 4438.0 7413.0 10665.0 4603.0 7616.0 5780.0 4353.0 5511.0 7397.0 6187.0 2715.0 3896.0 5542.0 3564.0 8484.0 7718.0 3536.0 4210.0 8189.0 4438.0
148 11812.0 10416.0 10108.0 8912.0 7783.0 15120.0 12099.0 12345.0 7642.0 13416.0 12805.0 11393.0 9322.0 13739.0 18143.0 10055.0 14539.0 11603.0 9577.0 10225.0 13101.0 11499.0 7720.0 8839.0 11142.0 8439.0 15017.0 14974.0 8164.0 9093.0 14983.0 10006.0
151 22064.0 19032.0 18550.0 16253.0 14651.0 29311.0 21671.0 23463.0 14816.0 25118.0 23703.0 20226.0 16836.0 23365.0 32207.0 17992.0 26794.0 20749.0 17924.0 18287.0 23561.0 20250.0 14453.0 16842.0 20332.0 16249.0 28363.0 26557.0 15504.0 16380.0 26767.0 18669.0
154 16186664.0 16175846.0 16181777.0 16169173.0 16176796.0 16176480.0 16172772.0 16176522.0 16175423.0 16171087.0 16181112.0 16160777.0 16173841.0 16172801.0 16185344.0 16154517.0 16183424.0 16170265.0 16179058.0 16170614.0 16161457.0 16159421.0 16152052.0 16178591.0 16149640.0 16168081.0 16165587.0 16161502.0 16155788.0 16163813.0 16169132.0 16170876.0
157 17664299.0 17654845.0 17658108.0 17648678.0 17656916.0 17646269.0 17651966.0 17645632.0 17655412.0 17642464.0 17653318.0 17639605.0 17651962.0 17648410.0 17651932.0 17638871.0 17654698.0 17649386.0 17654988.0 17649815.0 17638581.0 17643001.0 17642987.0 17654023.0 17635774.0 17651460.0 17637519.0 17642346.0 17642939.0 17647292.0 17646215.0 17653528.0
160 18031459.0 18025630.0 18025667.0 18019604.0 18023575.0 18018589.0 18022757.0 18018373.0 18022434.0 18017334.0 18022591.0 18015649.0 18021603.0 18021257.0 18022722.0 18015962.0 18023043.0 18021474.0 18022184.0 18021037.0 18015262.0 18018520.0 18017520.0 18021427.0 18014244.0 18021498.0 18014621.0 18019512.0 18017564.0 18020649.0 18021443.0 18023873.0
163 18261585.0 18258227.0 18258971.0 18255161.0 18258526.0 18254267.0 18257432.0 18254081.0 18257981.0 18252628.0 18257479.0 18251398.0 18256618.0 18255745.0 18257278.0 18251353.0 18258182.0 18256193.0 18257572.0 18256342.0 18251350.0 18254017.0 18253504.0 18257463.0 18250820.0 18257088.0 18251167.0 18255053.0 18253624.0 18256269.0 18257015.0 18258608.0
166 18504972.0 18499685.0 18500955.0 18490903.0 18500852.0 18488671.0 18498206.0 18488641.0 18500611.0 18485139.0 18498765.0 18482576.0 18498344.0 18496045.0 18499102.0 18482651.0 18500108.0 18496872.0 18500227.0 18496968.0 18482683.0 18490727.0 18488085.0 18498034.0 18481860.0 18497787.0 18482403.0 18492539.0 18488108.0 18495896.0 18496927.0 18500224.0
169 18710508.0 18706407.0 18706775.0 18700148.0 18706471.0 18698030.0 18705289.0 18698237.0 18706899.0 18694481.0 18705664.0 18691871.0 18705755.0 18704210.0 18705979.0 18692148.0 18706825.0 18705592.0 18706865.0 18705258.0 18691845.0 18700535.0 18696583.0 18705495.0 18690827.0 18705436.0 18691466.0 18701984.0 18696627.0 18704905.0 18704627.0 18706625.0
172 18651261.0 18649036.0 18648879.0 18645371.0 18648574.0 18644061.0 18648011.0 18644563.0 18649130.0 18641418.0 18648264.0 18639519.0 18648548.0 18647904.0 18648910.0 18640174.0 18648914.0 18648837.0 18648668.0 18647946.0 18638028.0 18644866.0 18641237.0 18647676.0 18636860.0 18647426.0 18637240.0 18645911.0 18641210.0 18647381.0 18646914.0 18647745.0
175 18445758.0 18443473.0 18442126.0 18437876.0 18440713.0 18434989.0 18440363.0 18435722.0 18440071.0 18433913.0 18439675.0 18433541.0 18440016.0 18439737.0 18440829.0 18435217.0 18439981.0 18440505.0 18438580.0 18438107.0 18431668.0 18436344.0 18434052.0 18437145.0 18431099.0 18437106.0 18430275.0 18436774.0 18433625.0 18436953.0 18437273.0 18437679.0
178 18251469.0 18249426.0 18246640.0 18237511.0 18245173.0 18230836.0 18244006.0 18232356.0 18243748.0 18232474.0 18242319.0 18234652.0 18244020.0 18242707.0 18241996.0 18240229.0 18241856.0 18243675.0 18241061.0 18241360.0 18233083.0 18239554.0 18236289.0 18238651.0 18231661.0 18239602.0 18228387.0 18238418.0 18234315.0 18239332.0 18239172.0 18240302.0
181 16430847.0 16433743.0 16379782.0 16275187.0 16377020.0 16174982.0 16369947.0 16186389.0 16372574.0 16221291.0 16331351.0 16288051.0 16391863.0 16359357.0 16324536.0 16372595.0 16321581.0 16391880.0 16324485.0 16351617.0 16274426.0 16366053.0 16332442.0 16287150.0 16286288.0 16341125.0 16189559.0 16330084.0 16287804.0 16340314.0 16333011.0 16367653.0
184 11282039.0 11335203.0 11250283.0 11202020.0 11269265.0 11016469.0 11282691.0 11034175.0 11297182.0 11133520.0 11217318.0 11297495.0 11364330.0 11292046.0 11207016.0 11496601.0 11182393.0 11370247.0 11185778.0 11264309.0 11251112.0 11308581.0 11397552.0 11074985.0 11283885.0 11219617.0 10991131.0 11195701.0 11252534.0 11205150.0 11186616.0 11264684.0
187 10584796.0 10635751.0 10565912.0 10625465.0 10582375.0 10471938.0 10600790.0 10490951.0 10615145.0 10587966.0 10557230.0 10719615.0 10673715.0 10618287.0 10546879.0 10869646.0 10523631.0 10681340.0 10530210.0 10601804.0 10693031.0 10641496.0 10812535.0 10434343.0 10722587.0 10558148.0 10445304.0 10533380.0 10694912.0 10540043.0 10521028.0 10580285.0
190 4310276.0 4388943.0 4307102.0 4402230.0 4327729.0 4256923.0 4371063.0 4243286.0 4368733.0 4349061.0 4295408.0 4480286.0 4417292.0 4355040.0 4279967.0 4651409.0 4256266.0 4429485.0 4246560.0 4318382.0 4439234.0 4384123.0 4549195.0 4152239.0 4450116.0 4288643.0 4189771.0 4286324.0 4390101.0 4266171.0 4267748.0 4315533.0
193 173260.0 158476.0 143723.0 145859.0 147194.0 191476.0 181074.0 144037.0 164507.0 159373.0 164894.0 163688.0 158639.0 181109.0 198709.0 196478.0 188999.0 200557.0 148667.0 144386.0 165298.0 170463.0 166610.0 132705.0 171774.0 146004.0 164868.0 193400.0 145128.0 144268.0 178436.0 169772.0
196 170098.0 148525.0 137997.0 133457.0 140734.0 191900.0 169874.0 143010.0 154682.0 154499.0 160201.0 149205.0 147097.0 175172.0 195604.0 159735.0 188063.0 185421.0 147624.0 141662.0 154335.0 159919.0 143484.0 131580.0 161537.0 138567.0 163312.0 186233.0 137389.0 139887.0 173098.0 162579.0
199 170772.0 148455.0 137585.0 133272.0 141382.0 191163.0 168961.0 142206.0 153769.0 154744.0 160687.0 148989.0 146465.0 174278.0 196617.0 159356.0 187233.0 184748.0 148062.0 141883.0 153735.0 159322.0 142796.0 132515.0 161711.0 138813.0 163157.0 186571.0 136959.0 140569.0 172807.0 162731.0
202 170776.0 147892.0 137623.0 132538.0 140999.0 191233.0 169894.0 141899.0 154129.0 154330.0 160888.0 148211.0 146847.0 174469.0 196150.0 159306.0 187667.0 185177.0 146841.0 141525.0 154397.0 159934.0 142737.0 132166.0 161597.0 138825.0 163073.0 187484.0 136981.0 139446.0 173184.0 161357.0
205 170375.0 147752.0 137544.0 133545.0 140045.0 196749.0 169768.0 141062.0 154080.0 153982.0 159630.0 148901.0 146129.0 174611.0 195620.0 159604.0 187529.0 184992.0 146908.0 141349.0 152837.0 159347.0 143350.0 131317.0 161579.0 138519.0 167584.0 185999.0 137073.0 140080.0 172948.0 161974.0
208 170579.0 147564.0 137227.0 132254.0 140028.0 194083.0 169225.0 141308.0 153429.0 154271.0 160609.0 148253.0 146298.0 174791.0 194480.0 158625.0 187752.0 185149.0 146618.0 141284.0 153563.0 159830.0 142278.0 130940.0 162027.0 138785.0 162123.0 186385.0 135807.0 139398.0 173235.0 161018.0
211 170290.0 147569.0 137100.0 132251.0 139667.0 194902.0 169350.0 140957.0 153286.0 153459.0 160252.0 148396.0 146680.0 173729.0 193573.0 159256.0 185209.0 184656.0 146171.0 140445.0 153321.0 159929.0 141919.0 130174.0 161123.0 138659.0 162093.0 185060.0 136386.0 139189.0 172237.0 161535.0
214 169673.0 146292.0 136172.0 131843.0 138556.0 187613.0 168347.0 139322.0 150507.0 152648.0 158596.0 147218.0 145419.0 173695.0 192736.0 157396.0 185032.0 183367.0 144342.0 139306.0 152398.0 158373.0 140476.0 126848.0 159276.0 137173.0 161234.0 184778.0 134463.0 138493.0 172690.0 158954.0
217 167052.0 146188.0 135165.0 129268.0 135620.0 163228.0 165719.0 136656.0 145345.0 150530.0 157277.0 146063.0 144299.0 172272.0 190436.0 157204.0 179948.0 181155.0 138360.0 138553.0 150703.0 157946.0 136452.0 116692.0 157701.0 132273.0 157784.0 183113.0 129554.0 135770.0 170047.0 154309.0
220 161472.0 144676.0 132199.0 119718.0 117890.0 118809.0 162212.0 124008.0 124067.0 143018.0 152372.0 143862.0 138900.0 168693.0 184758.0 152866.0 168391.0 174896.0 115101.0 133060.0 147994.0 155543.0 120167.0 82946.0 154082.0 116453.0 147482.0 176864.0 112731.0 125866.0 164239.0 136654.0
223 139099.0 138088.0 118007.0 90727.0 74642.0 65932.0 144552.0 88845.0 74432.0 116504.0 132863.0 131443.0 122140.0 157780.0 164794.0 138530.0 119423.0 151547.0 66862.0 113919.0 135741.0 146003.0 80727.0 36486.0 130378.0 78077.0 114184.0 158099.0 75551.0 98618.0 144070.0 94878.0
226 76702.0 105040.0 69628.0 37845.0 20422.0 18599.0 88469.0 33070.0 19701.0 56126.0 72107.0 86292.0 69484.0 107282.0 95636.0 85539.0 44849.0 85923.0 17860.0 61192.0 89692.0 106377.0 26887.0 8318.0 71181.0 25771.0 51206.0 96817.0 25593.0 43239.0 86915.0 34891.0
229 26983.0 55080.0 27206.0 11792.0 6582.0 7606.0 35421.0 10194.0 6504.0 19080.0 25853.0 37921.0 25547.0 48281.0 35523.0 35271.0 13180.0 33567.0 6323.0 22791.0 39721.0 54259.0 8509.0 4314.0 26711.0 8046.0 17365.0 41021.0 8119.0 13798.0 35565.0 10949.0
232 8307.0 18314.0 8231.0 4910.0 4316.0 5721.0 10787.0 5247.0 4618.0 7062.0 8262.0 11740.0 8061.0 13679.0 11321.0 10473.0 6844.0 10877.0 4490.0 7677.0 12073.0 17819.0 4736.0 3616.0 8786.0 4573.0 7217.0 13190.0 4532.0 5507.0 10928.0 5581.0
235 5621.0 6604.0 4660.0 3880.0 3897.0 4993.0 6114.0 4196.0 4089.0 5018.0 5369.0 5606.0 4998.0 7134.0 7226.0 5594.0 5929.0 6279.0 3906.0 4938.0 5960.0 7227.0 4032.0 3291.0 5526.0 3940.0 5424.0 6821.0 3867.0 4256.0 6253.0 4737.0
238 4886.0 4717.0 4003.0 3472.0 3323.0 4315.0 5129.0 3836.0 3577.0 4385.0 4735.0 4608.0 4249.0 5953.0 6406.0 4784.0 5234.0 5492.0 3438.0 4150.0 4796.0 5491.0 3558.0 2741.0 4777.0 3302.0 4729.0 5786.0 3311.0 3833.0 5378.0 4117.0
241 4447.0 4272.0 3590.0 3124.0 2959.0 4137.0 4792.0 3421.0 3278.0 4173.0 4333.0 4206.0 3990.0 5653.0 5799.0 4350.0 4617.0 4990.0 3172.0 3902.0 4380.0 4893.0 3168.0 2464.0 4391.0 3126.0 4423.0 5243.0 3105.0 3445.0 4881.0 3707.0
244 4014.0 3835.0 3133.0 2719.0 2725.0 3813.0 4333.0 3106.0 3007.0 3657.0 3825.0 3783.0 3569.0 4916.0 5271.0 3814.0 4239.0 4424.0 3064.0 3465.0 3879.0 4293.0 2856.0 2338.0 3903.0 2949.0 4008.0 4669.0 2730.0 2974.0 4284.0 3472.0
247 3694.0 3392.0 2822.0 2501.0 2701.0 3604.0 3672.0 2865.0 2870.0 3333.0 3522.0 3279.0 3204.0 4388.0 4996.0 3460.0 4046.0 3983.0 2822.0 3119.0 3451.0 4018.0 2624.0 2359.0 3640.0 2700.0 3771.0 4311.0 2663.0 2888.0 4049.0 3241.0
250 3601.0 3059.0 2667.0 2460.0 2595.0 3522.0 3680.0 2729.0 2780.0 3173.0 3317.0 3135.0 3013.0 4357.0 4649.0 3198.0 4203.0 3896.0 2873.0 2953.0 3301.0 3699.0 2612.0 2436.0 3427.0 2667.0 3583.0 4122.0 2554.0 2751.0 3891.0 3167.0
253 3555.0 3118.0 2626.0 2539.0 2634.0 3520.0 3517.0 2790.0 2756.0 3258.0 3193.0 3123.0 3011.0 4066.0 4836.0 3154.0 3884.0 3735.0 2747.0 2998.0 3177.0 3522.0 2575.0 2303.0 3352.0 2597.0 3547.0 3951.0 2546.0 2688.0 3853.0 3118.0
256 3330.0 2893.0 2589.0 2368.0 2529.0 3455.0 3444.0 2723.0 2713.0 3117.0 3171.0 3031.0 2845.0 3999.0 4579.0 3134.0 3743.0 3581.0 2605.0 2927.0 3168.0 3497.0 2439.0 2200.0 3334.0 2472.0 3481.0 4025.0 2580.0 2666.0 3629.0 3048.0
259 3350.0 2923.0 2640.0 2219.0 2411.0 3258.0 3401.0 2561.0 2556.0 3111.0 3055.0 3016.0 2865.0 4038.0 4477.0 3112.0 3738.0 3658.0 2695.0 2970.0 3055.0 3387.0 2402.0 2104.0 3231.0 2484.0 3311.0 3872.0 2536.0 2582.0 3599.0 2961.0
262 3213.0 2915.0 2486.0 2311.0 2272.0 3142.0 3304.0 2683.0 2519.0 2960.0 3075.0 2980.0 2766.0 3899.0 4287.0 2965.0 3522.0 3609.0 2450.0 2858.0 2999.0 3443.0 2381.0 1986.0 3097.0 2407.0 3303.0 3881.0 2342.0 2594.0 3527.0 2960.0
265 3266.0 2763.0 2411.0 2123.0 2211.0 2895.0 3361.0 2455.0 2299.0 2908.0 2962.0 2881.0 2725.0 3828.0 4121.0 2917.0 3413.0 3569.0 2313.0 2815.0 2958.0 3337.0 2257.0 1801.0 3046.0 2295.0 3223.0 3725.0 2192.0 2451.0 3333.0 2826.0
268 3043.0 2806.0 2363.0 2011.0 1923.0 2393.0 3058.0 2459.0 2009.0 2819.0 2903.0 2773.0 2526.0 3753.0 3987.0 2809.0 3335.0 3291.0 2049.0 2622.0 2847.0 3323.0 1976.0 1290.0 2990.0 2055.0 3072.0 3487.0 2082.0 2276.0 3457.0 2466.0
271 2959.0 2671.0 2279.0 1822.0 1504.0 1701.0 3039.0 2150.0 1446.0 2632.0 2734.0 2661.0 2514.0 3537.0 3962.0 2669.0 2907.0 3043.0 1554.0 2459.0 2672.0 3052.0 1474.0 778.0 2655.0 1717.0 2849.0 3288.0 1596.0 2046.0 3200.0 2114.0
274 2570.0 2588.0 2130.0 1492.0 979.0 1270.0 2692.0 1781.0 909.0 2405.0 2547.0 2538.0 2300.0 3525.0 3701.0 2390.0 2253.0 2810.0 950.0 2386.0 2582.0 3049.0 1075.0 392.0 2482.0 1316.0 2534.0 3077.0 1168.0 1707.0 2996.0 1536.0
277 2014.0 2404.0 1832.0 961.0 459.0 613.0 2289.0 1130.0 380.0 1794.0 2157.0 2178.0 1822.0 2961.0 3122.0 1999.0 1318.0 2253.0 444.0 1808.0 2289.0 2639.0 508.0 173.0 1830.0 639.0 1823.0 2635.0 663.0 1159.0 2499.0 909.0
280 1224.0 2015.0 1271.0 545.0 185.0 281.0 1576.0 600.0 153.0 1164.0 1377.0 1710.0 1150.0 2344.0 2325.0 1420.0 608.0 1408.0 194.0 1208.0 1749.0 2101.0 222.0 87.0 1116.0 268.0 1048.0 1979.0 279.0 624.0 1832.0 411.0
283 520.0 1423.0 687.0 189.0 99.0 153.0 868.0 243.0 97.0 538.0 718.0 995.0 575.0 1462.0 1283.0 767.0 268.0 724.0 121.0 618.0 1113.0 1553.0 128.0 84.0 471.0 169.0 483.0 1123.0 141.0 255.0 1008.0 177.0
286 222.0 793.0 283.0 105.0 107.0 123.0 369.0 154.0 77.0 244.0 297.0 508.0 222.0 665.0 535.0 305.0 141.0 300.0 95.0 270.0 525.0 793.0 95.0 66.0 257.0 84.0 228.0 507.0 102.0 129.0 518.0 106.0
289 115.0 253.0 141.0 73.0 74.0 105.0 177.0 102.0 68.0 145.0 143.0 198.0 121.0 236.0 278.0 131.0 133.0 152.0 103.0 141.0 224.0 308.0 76.0 69.0 140.0 80.0 161.0 187.0 77.0 97.0 201.0 119.0
292 111.0 149.0 102.0 72.0 66.0 112.0 132.0 70.0 82.0 102.0 124.0 122.0 112.0 169.0 170.0 116.0 137.0 138.0 82.0 124.0 107.0 171.0 80.0 57.0 108.0 76.0 135.0 137.0 59.0 79.0 161.0 102.0
295 108.0 115.0 77.0 63.0 56.0 78.0 133.0 109.0 61.0 115.0 108.0 104.0 102.0 146.0 175.0 113.0 132.0 126.0 79.0 96.0 126.0 129.0 69.0 47.0 115.0 75.0 122.0 128.0 77.0 67.0 134.0 89.0
298 80.0 108.0 71.0 73.0 62.0 89.0 129.0 74.0 60.0 108.0 92.0 90.0 107.0 142.0 152.0 100.0 106.0 118.0 82.0 107.0 98.0 135.0 71.0 55.0 80.0 63.0 108.0 124.0 66.0 74.0 144.0 83.0
301 107.0 94.0 72.0 79.0 62.0 87.0 101.0 89.0 41.0 98.0 92.0 111.0 83.0 140.0 171.0 91.0 92.0 100.0 67.0 88.0 92.0 109.0 77.0 58.0 92.0 82.0 113.0 114.0 63.0 65.0 125.0 79.0
304 85.0 98.0 78.0 57.0 67.0 102.0 100.0 81.0 75.0 89.0 87.0 92.0 86.0 126.0 128.0 82.0 107.0 85.0 73.0 90.0 79.0 106.0 73.0 47.0 106.0 53.0 107.0 128.0 58.0 82.0 121.0 93.0
307 103.0 93.0 95.0 70.0 62.0 87.0 107.0 70.0 74.0 85.0 90.0 91.0 95.0 144.0 146.0 80.0 110.0 105.0 65.0 83.0 88.0 114.0 55.0 49.0 106.0 60.0 109.0 99.0 64.0 74.0 124.0 87.0
