150 14984961.0 14965855.0 14959139.0 14946842.0 14955555.0 14951719.0 14949544.0 14956721.0 14941198.0 14947052.0 14940458.0 14952900.0 14959905.0 14949701.0 14965115.0 14950166.0 14966350.0 14937115.0 14952850.0 14952146.0 14938877.0 14957275.0 14937778.0 14942823.0 14920523.0 14948651.0 14938898.0 14940093.0 14929785.0 14941646.0 14968599.0 14954073.0
153 17817840.0 17810696.0 17807956.0 17794589.0 17802945.0 17793636.0 17802490.0 17793893.0 17801314.0 17795171.0 17802732.0 17794426.0 17803283.0 17804932.0 17803659.0 17795403.0 17805155.0 17801245.0 17805290.0 17800560.0 17794231.0 17799743.0 17793728.0 17797123.0 17794738.0 17799712.0 17792679.0 17797742.0 17792749.0 17800005.0 17807192.0 17805849.0
156 18207121.0 18199728.0 18196439.0 18185226.0 18190629.0 18184132.0 18191102.0 18184184.0 18191389.0 18185554.0 18196942.0 18184420.0 18192689.0 18195620.0 18193534.0 18185383.0 18195015.0 18191771.0 18196173.0 18190065.0 18184406.0 18189464.0 18183882.0 18187062.0 18185173.0 18189166.0 18182933.0 18187589.0 18183119.0 18189888.0 18195704.0 18193162.0
159 18553367.0 18552263.0 18552076.0 18550775.0 18550279.0 18550298.0 18551158.0 18550393.0 18552183.0 18549244.0 18553889.0 18549838.0 18551797.0 18554288.0 18552875.0 18549692.0 18553385.0 18553195.0 18554197.0 18551621.0 18548393.0 18551389.0 18547721.0 18550391.0 18547874.0 18551013.0 18547547.0 18550967.0 18547586.0 18552112.0 18553229.0 18552189.0
162 18659423.0 18658756.0 18658445.0 18656649.0 18657024.0 18656380.0 18657978.0 18656508.0 18658856.0 18656859.0 18660151.0 18656484.0 18659021.0 18661000.0 18661233.0 18656991.0 18661338.0 18659181.0 18660719.0 18658209.0 18655386.0 18657958.0 18654931.0 18656532.0 18655060.0 18657133.0 18654606.0 18656902.0 18654446.0 18657969.0 18659899.0 18658204.0
165 18681520.0 18681041.0 18680685.0 18680357.0 18680363.0 18680320.0 18680347.0 18680178.0 18680679.0 18679989.0 18680769.0 18680069.0 18680643.0 18681205.0 18680969.0 18680178.0 18680910.0 18681139.0 18680904.0 18680497.0 18679787.0 18680424.0 18679704.0 18680137.0 18679724.0 18680303.0 18679695.0 18680247.0 18679719.0 18680357.0 18680873.0 18680429.0
168 18707982.0 18707367.0 18706660.0 18707929.0 18705633.0 18709175.0 18705357.0 18709555.0 18705243.0 18709731.0 18705488.0 18709828.0 18705397.0 18706268.0 18706793.0 18709327.0 18706522.0 18705896.0 18706408.0 18704987.0 18706104.0 18704616.0 18705127.0 18704386.0 18705072.0 18704498.0 18704770.0 18704503.0 18704764.0 18704797.0 18704755.0 18704480.0
171 18406291.0 18399250.0 18389154.0 18374149.0 18379404.0 18368400.0 18375002.0 18368628.0 18370286.0 18370124.0 18367981.0 18369713.0 18370425.0 18371499.0 18373124.0 18373703.0 18371049.0 18365000.0 18367652.0 18362410.0 18363596.0 18360862.0 18360191.0 18358629.0 18363462.0 18358937.0 18358776.0 18358102.0 18359836.0 18358049.0 18359364.0 18359443.0
174 13133589.0 13092127.0 13021215.0 12524209.0 12800730.0 12406977.0 12902111.0 12436524.0 12762983.0 12535114.0 12918753.0 12509872.0 12772488.0 13002133.0 12793439.0 12765417.0 12782346.0 12879573.0 12977942.0 12714806.0 12659730.0 12681751.0 12537316.0 12709043.0 12834815.0 12759332.0 12525033.0 12753747.0 12768180.0 12774201.0 12620399.0 12903523.0
177 11021951.0 11052243.0 11092204.0 10967117.0 10997408.0 10915544.0 11107612.0 10954034.0 11020852.0 11039057.0 11160384.0 11016602.0 11047200.0 11242280.0 11070472.0 11236439.0 11052931.0 11145105.0 11226444.0 10998631.0 11152591.0 10965770.0 11041199.0 10994629.0 11299370.0 11025874.0 11029000.0 11023100.0 11258504.0 11031775.0 10870292.0 11126648.0
180 9632644.0 9661817.0 9710073.0 9702544.0 9630740.0 9663674.0 9743982.0 9710972.0 9678231.0 9786410.0 9818879.0 9760151.0 9717334.0 9886807.0 9746519.0 9982878.0 9724627.0 9806472.0 9882272.0 9681506.0 9904160.0 9650849.0 9780807.0 9684210.0 10044276.0 9706270.0 9778896.0 9695169.0 10016092.0 9699580.0 9547363.0 9754123.0
183 82967.0 89289.0 96517.0 79410.0 82469.0 87159.0 104324.0 98492.0 87433.0 115393.0 127951.0 96342.0 106998.0 152056.0 97448.0 153503.0 77317.0 133976.0 130005.0 89891.0 119163.0 91260.0 106655.0 105782.0 133844.0 114680.0 102502.0 128021.0 141286.0 121838.0 83414.0 125621.0
186 6548.0 11153.0 7100.0 3642.0 7196.0 12609.0 3901.0 15306.0 6997.0 22438.0 23680.0 15695.0 20553.0 30365.0 13958.0 20902.0 4865.0 21936.0 16217.0 10091.0 10153.0 10153.0 22212.0 13689.0 23202.0 25432.0 18683.0 23694.0 19995.0 16815.0 12354.0 18544.0
189 1512.0 2482.0 1280.0 778.0 1404.0 3067.0 664.0 4085.0 1432.0 7791.0 9092.0 4017.0 6642.0 14103.0 3438.0 6294.0 1071.0 6653.0 4170.0 2237.0 2062.0 2091.0 6543.0 3526.0 8084.0 9864.0 5509.0 8192.0 5340.0 4377.0 3130.0 5391.0
192 617.0 598.0 484.0 410.0 564.0 729.0 392.0 829.0 479.0 1539.0 1818.0 883.0 1306.0 3082.0 812.0 1203.0 487.0 1144.0 926.0 659.0 623.0 707.0 1292.0 840.0 1534.0 1831.0 1076.0 1451.0 1030.0 934.0 828.0 991.0
195 418.0 366.0 301.0 234.0 362.0 503.0 192.0 531.0 329.0 681.0 636.0 550.0 549.0 847.0 530.0 581.0 320.0 601.0 532.0 485.0 453.0 430.0 726.0 502.0 636.0 705.0 560.0 660.0 570.0 627.0 498.0 509.0
198 187.0 223.0 164.0 114.0 198.0 310.0 88.0 315.0 171.0 403.0 475.0 337.0 392.0 540.0 343.0 423.0 145.0 395.0 374.0 255.0 253.0 252.0 453.0 342.0 417.0 455.0 391.0 445.0 386.0 349.0 320.0 332.0
201 85.0 113.0 62.0 31.0 73.0 158.0 22.0 227.0 62.0 280.0 265.0 201.0 238.0 349.0 197.0 259.0 65.0 240.0 187.0 123.0 123.0 131.0 277.0 145.0 272.0 329.0 206.0 257.0 222.0 205.0 178.0 210.0
204 20.0 47.0 14.0 10.0 29.0 70.0 5.0 90.0 16.0 128.0 145.0 85.0 159.0 234.0 64.0 129.0 22.0 114.0 85.0 39.0 46.0 48.0 141.0 75.0 132.0 169.0 117.0 136.0 103.0 78.0 81.0 98.0
207 2.0 20.0 2.0 5.0 5.0 27.0 1.0 38.0 5.0 94.0 91.0 30.0 44.0 113.0 30.0 50.0 8.0 52.0 39.0 25.0 14.0 20.0 71.0 35.0 60.0 87.0 52.0 56.0 47.0 30.0 32.0 36.0
210 2.0 4.0 2.0 1.0 0.0 18.0 0.0 15.0 1.0 39.0 48.0 17.0 25.0 61.0 12.0 13.0 1.0 12.0 10.0 7.0 5.0 4.0 31.0 10.0 41.0 49.0 19.0 25.0 14.0 10.0 10.0 18.0
213 2.0 1.0 0.0 0.0 0.0 2.0 0.0 2.0 0.0 15.0 12.0 4.0 11.0 28.0 7.0 10.0 2.0 8.0 6.0 4.0 3.0 2.0 8.0 4.0 14.0 17.0 4.0 11.0 7.0 4.0 4.0 5.0
216 0.0 0.0 0.0 1.0 1.0 2.0 0.0 1.0 1.0 2.0 7.0 1.0 2.0 12.0 0.0 1.0 3.0 4.0 1.0 0.0 0.0 5.0 6.0 1.0 2.0 8.0 7.0 4.0 2.0 1.0 0.0 1.0
219 0.0 2.0 0.0 0.0 1.0 1.0 0.0 1.0 0.0 4.0 2.0 1.0 2.0 3.0 4.0 0.0 0.0 3.0 0.0 3.0 1.0 1.0 0.0 1.0 2.0 3.0 2.0 5.0 2.0 0.0 0.0 0.0
222 0.0 1.0 0.0 0.0 0.0 1.0 0.0 2.0 0.0 2.0 1.0 1.0 1.0 0.0 1.0 2.0 0.0 1.0 1.0 0.0 1.0 0.0 3.0 0.0 0.0 2.0 1.0 0.0 3.0 1.0 3.0 0.0
225 1.0 1.0 1.0 0.0 1.0 0.0 0.0 0.0 0.0 0.0 2.0 0.0 2.0 0.0 1.0 0.0 0.0 0.0 0.0 0.0 0.0 0.0 2.0 1.0 1.0 0.0 1.0 2.0 1.0 2.0 2.0 3.0
228 1.0 0.0 2.0 1.0 1.0 1.0 0.0 1.0 0.0 0.0 1.0 0.0 1.0 2.0 0.0 0.0 0.0 1.0 0.0 0.0 1.0 1.0 1.0 1.0 0.0 1.0 1.0 0.0 0.0 0.0 0.0 1.0
231 0.0 0.0 0.0 0.0 1.0 1.0 0.0 0.0 1.0 0.0 2.0 0.0 1.0 0.0 0.0 1.0 2.0 0.0 0.0 0.0 0.0 1.0 0.0 0.0 1.0 1.0 2.0 0.0 0.0 0.0 0.0 0.0
234 2.0 1.0 0.0 0.0 0.0 0.0 0.0 0.0 0.0 1.0 0.0 0.0 4.0 0.0 0.0 0.0 0.0 2.0 0.0 0.0 0.0 1.0 1.0 2.0 0.0 1.0 0.0 0.0 1.0 3.0 3.0 2.0
237 0.0 0.0 1.0 0.0 0.0 0.0 0.0 0.0 0.0 0.0 0.0 1.0 0.0 0.0 0.0 0.0 0.0 0.0 0.0 0.0 0.0 0.0 1.0 0.0 2.0 0.0 0.0 0.0 2.0 0.0 0.0 1.0
240 0.0 0.0 0.0 0.0 1.0 1.0 0.0 0.0 0.0 0.0 0.0 0.0 0.0 0.0 0.0 1.0 0.0 0.0 0.0 0.0 0.0 0.0 0.0 0.0 0.0 0.0 1.0 0.0 0.0 1.0 0.0 0.0
243 2.0 1.0 2.0 0.0 1.0 0.0 0.0 0.0 0.0 0.0 1.0 2.0 2.0 1.0 0.0 0.0 0.0 2.0 0.0 1.0 0.0 3.0 0.0 0.0 1.0 0.0 0.0 0.0 0.0 0.0 1.0 1.0
246 1.0 1.0 0.0 0.0 0.0 0.0 0.0 0.0 0.0 0.0 0.0 0.0 0.0 0.0 0.0 0.0 0.0 0.0 0.0 0.0 0.0 1.0 0.0 0.0 1.0 0.0 1.0 2.0 0.0 0.0 0.0 0.0
249 0.0 1.0 1.0 0.0 0.0 0.0 1.0 1.0 0.0 0.0 1.0 0.0 0.0 0.0 1.0 0.0 0.0 0.0 1.0 0.0 1.0 0.0 1.0 1.0 0.0 0.0 1.0 4.0 0.0 2.0 1.0 1.0
252 0.0 0.0 0.0 0.0 0.0 1.0 0.0 0.0 0.0 0.0 0.0 0.0 0.0 0.0 0.0 0.0 0.0 0.0 0.0 0.0 0.0 0.0 0.0 1.0 0.0 0.0 0.0 0.0 0.0 1.0 0.0 0.0
255 0.0 1.0 0.0 1.0 0.0 0.0 0.0 0.0 0.0 0.0 0.0 1.0 1.0 1.0 0.0 0.0 0.0 0.0 0.0 1.0 0.0 0.0 0.0 0.0 1.0 0.0 0.0 0.0 0.0 0.0 1.0 0.0
258 0.0 0.0 0.0 0.0 0.0 1.0 0.0 0.0 0.0 0.0 0.0 0.0 0.0 0.0 0.0 0.0 1.0 0.0 0.0 0.0 0.0 0.0 0.0 0.0 0.0 0.0 1.0 0.0 0.0 0.0 0.0 0.0
261 0.0 0.0 1.0 0.0 0.0 1.0 0.0 0.0 0.0 0.0 0.0 1.0 0.0 1.0 0.0 0.0 0.0 1.0 0.0 0.0 0.0 0.0 0.0 0.0 1.0 0.0 2.0 0.0 0.0 0.0 2.0 0.0
264 0.0 0.0 0.0 0.0 0.0 0.0 0.0 0.0 0.0 0.0 0.0 0.0 0.0 0.0 0.0 0.0 1.0 0.0 0.0 0.0 0.0 0.0 0.0 0.0 0.0 0.0 2.0 2.0 0.0 0.0 0.0 0.0
267 0.0 0.0 0.0 0.0 1.0 0.0 0.0 0.0 1.0 0.0 0.0 0.0 0.0 0.0 0.0 0.0 0.0 0.0 0.0 0.0 0.0 0.0 0.0 0.0 0.0 0.0 0.0 0.0 0.0 0.0 0.0 0.0
270 0.0 0.0 1.0 0.0 0.0 0.0 0.0 0.0 1.0 0.0 0.0 0.0 0.0 1.0 0.0 0.0 0.0 0.0 1.0 0.0 0.0 0.0 0.0 0.0 0.0 0.0 0.0 0.0 0.0 1.0 0.0 0.0
273 0.0 0.0 0.0 0.0 0.0 0.0 0.0 0.0 0.0 0.0 1.0 0.0 0.0 0.0 0.0 0.0 0.0 0.0 0.0 0.0 0.0 0.0 0.0 0.0 0.0 0.0 0.0 0.0 0.0 0.0 0.0 0.0
276 0.0 0.0 0.0 0.0 0.0 0.0 0.0 0.0 0.0 0.0 1.0 0.0 0.0 0.0 1.0 2.0 1.0 0.0 1.0 0.0 0.0 1.0 0.0 0.0 0.0 0.0 0.0 1.0 0.0 1.0 0.0 0.0
279 0.0 0.0 0.0 0.0 1.0 0.0 0.0 0.0 0.0 0.0 1.0 0.0 2.0 0.0 0.0 0.0 0.0 1.0 1.0 0.0 0.0 0.0 1.0 0.0 0.0 0.0 1.0 0.0 0.0 0.0 0.0 0.0
282 0.0 0.0 0.0 0.0 0.0 0.0 1.0 1.0 0.0 0.0 1.0 0.0 0.0 0.0 0.0 0.0 0.0 0.0 0.0 0.0 0.0 0.0 0.0 0.0 0.0 0.0 0.0 0.0 0.0 0.0 0.0 0.0
285 0.0 0.0 0.0 0.0 2.0 0.0 1.0 0.0 0.0 1.0 0.0 1.0 0.0 0.0 1.0 0.0 0.0 0.0 0.0 0.0 0.0 0.0 0.0 0.0 1.0 0.0 0.0 1.0 0.0 0.0 0.0 0.0
288 0.0 0.0 0.0 0.0 0.0 0.0 0.0 0.0 0.0 0.0 0.0 0.0 0.0 1.0 0.0 0.0 0.0 1.0 0.0 0.0 0.0 0.0 0.0 0.0 0.0 0.0 0.0 0.0 0.0 0.0 0.0 0.0
291 0.0 0.0 0.0 0.0 0.0 0.0 0.0 0.0 0.0 1.0 1.0 0.0 0.0 0.0 0.0 0.0 0.0 0.0 0.0 0.0 0.0 0.0 0.0 1.0 0.0 0.0 1.0 1.0 0.0 0.0 0.0 0.0
294 0.0 0.0 0.0 0.0 0.0 0.0 0.0 1.0 0.0 1.0 0.0 0.0 0.0 0.0 0.0 0.0 0.0 0.0 0.0 0.0 0.0 0.0 0.0 0.0 0.0 0.0 0.0 0.0 0.0 0.0 0.0 0.0
297 0.0 0.0 0.0 0.0 0.0 0.0 0.0 0.0 0.0 1.0 0.0 0.0 1.0 0.0 1.0 1.0 0.0 0.0 0.0 0.0 0.0 0.0 0.0 0.0 0.0 0.0 0.0 0.0 0.0 0.0 1.0 0.0
300 0.0 0.0 0.0 0.0 0.0 0.0 0.0 0.0 1.0 0.0 0.0 0.0 0.0 0.0 0.0 0.0 0.0 0.0 0.0 0.0 0.0 0.0 0.0 0.0 0.0 1.0 0.0 0.0 0.0 0.0 0.0 0.0
303 0.0 0.0 0.0 0.0 0.0 0.0 1.0 0.0 0.0 0.0 0.0 0.0 0.0 0.0 0.0 1.0 0.0 0.0 0.0 0.0 0.0 0.0 0.0 0.0 0.0 0.0 1.0 0.0 0.0 0.0 0.0 0.0
306 0.0 0.0 0.0 1.0 1.0 0.0 0.0 0.0 1.0 0.0 0.0 0.0 0.0 0.0 0.0 0.0 0.0 0.0 1.0 0.0 0.0 0.0 0.0 1.0 0.0 0.0 1.0 2.0 0.0 2.0 0.0 0.0
309 0.0 0.0 0.0 0.0 0.0 0.0 0.0 0.0 0.0 0.0 0.0 0.0 0.0 0.0 0.0 0.0 0.0 0.0 0.0 0.0 1.0 0.0 0.0 0.0 0.0 0.0 0.0 0.0 0.0 0.0 0.0 0.0
312 0.0 0.0 0.0 0.0 1.0 0.0 0.0 0.0 0.0 0.0 0.0 0.0 0.0 0.0 1.0 0.0 0.0 0.0 0.0 0.0 0.0 0.0 0.0 0.0 0.0 0.0 0.0 0.0 0.0 0.0 0.0 0.0
315 0.0 0.0 0.0 0.0 0.0 0.0 0.0 0.0 0.0 0.0 0.0 0.0 0.0 0.0 0.0 0.0 0.0 0.0 0.0 0.0 0.0 0.0 0.0 0.0 0.0 0.0 1.0 0.0 0.0 0.0 1.0 0.0
318 0.0 0.0 0.0 0.0 0.0 0.0 0.0 1.0 1.0 0.0 0.0 0.0 0.0 0.0 0.0 0.0 0.0 0.0 0.0 0.0 0.0 0.0 0.0 0.0 0.0 0.0 0.0 0.0 0.0 0.0 0.0 0.0
321 0.0 0.0 0.0 0.0 0.0 0.0 0.0 0.0 0.0 0.0 0.0 0.0 0.0 0.0 0.0 0.0 0.0 0.0 0.0 0.0 0.0 0.0 1.0 0.0 0.0 0.0 0.0 0.0 0.0 0.0 0.0 0.0
324 0.0 0.0 0.0 0.0 0.0 0.0 0.0 0.0 0.0 0.0 0.0 0.0 0.0 0.0 0.0 0.0 0.0 0.0 0.0 0.0 1.0 0.0 0.0 0.0 0.0 0.0 0.0 0.0 0.0 0.0 0.0 0.0
327 1.0 0.0 0.0 0.0 0.0 0.0 0.0 0.0 0.0 0.0 0.0 0.0 0.0 0.0 2.0 1.0 0.0 0.0 0.0 1.0 1.0 0.0 0.0 0.0 0.0 0.0 0.0 0.0 0.0 0.0 0.0 0.0
330 0.0 0.0 0.0 0.0 0.0 0.0 0.0 0.0 0.0 0.0 0.0 0.0 0.0 0.0 0.0 0.0 0.0 0.0 0.0 0.0 0.0 0.0 0.0 0.0 0.0 0.0 0.0 0.0 0.0 0.0 0.0 0.0
333 0.0 0.0 0.0 0.0 0.0 0.0 0.0 0.0 0.0 0.0 0.0 0.0 0.0 0.0 0.0 0.0 2.0 0.0 0.0 0.0 0.0 0.0 0.0 0.0 1.0 1.0 0.0 0.0 0.0 0.0 0.0 1.0
336 0.0 0.0 0.0 0.0 0.0 0.0 0.0 1.0 0.0 0.0 0.0 0.0 0.0 0.0 0.0 0.0 0.0 0.0 0.0 0.0 0.0 0.0 0.0 0.0 0.0 0.0 1.0 0.0 0.0 0.0 0.0 0.0
339 0.0 0.0 0.0 0.0 0.0 0.0 0.0 0.0 0.0 0.0 0.0 0.0 1.0 1.0 0.0 0.0 0.0 0.0 0.0 0.0 0.0 0.0 0.0 0.0 0.0 0.0 0.0 0.0 0.0 0.0 0.0 0.0
342 0.0 0.0 0.0 0.0 0.0 0.0 0.0 0.0 0.0 0.0 0.0 0.0 0.0 0.0 0.0 0.0 0.0 0.0 0.0 0.0 0.0 0.0 0.0 0.0 0.0 0.0 0.0 0.0 0.0 0.0 0.0 0.0
345 0.0 0.0 1.0 0.0 0.0 0.0 0.0 0.0 0.0 0.0 0.0 0.0 0.0 0.0 0.0 0.0 0.0 0.0 0.0 0.0 0.0 0.0 0.0 0.0 0.0 0.0 0.0 0.0 0.0 0.0 0.0 0.0
348 0.0 0.0 0.0 0.0 0.0 0.0 0.0 0.0 0.0 0.0 0.0 0.0 0.0 1.0 0.0 0.0 0.0 0.0 1.0 1.0 0.0 0.0 0.0 2.0 0.0 0.0 1.0 0.0 1.0 0.0 0.0 1.0
351 0.0 0.0 0.0 0.0 0.0 0.0 0.0 0.0 0.0 0.0 0.0 0.0 0.0 0.0 0.0 0.0 0.0 0.0 0.0 0.0 0.0 0.0 0.0 0.0 0.0 0.0 0.0 0.0 0.0 0.0 0.0 0.0
354 0.0 0.0 0.0 0.0 0.0 0.0 1.0 0.0 0.0 0.0 0.0 0.0 0.0 0.0 1.0 0.0 0.0 0.0 0.0 0.0 0.0 0.0 0.0 0.0 0.0 0.0 0.0 0.0 0.0 0.0 1.0 0.0
357 0.0 0.0 0.0 0.0 0.0 0.0 0.0 0.0 0.0 0.0 0.0 0.0 0.0 0.0 0.0 0.0 0.0 0.0 0.0 0.0 0.0 0.0 0.0 0.0 0.0 0.0 0.0 0.0 0.0 0.0 0.0 0.0
