150 19227.0 16776.0 20491.0 21945.0 15807.0 24530.0 20408.0 19462.0 22989.0 19888.0 20259.0 24932.0 0.0 25830.0 21043.0 21586.0 17872.0 16842.0 21654.0 16444.0 23780.0 28058.0 17306.0 19256.0 17771.0 20694.0 15405.0 18618.0 23463.0 28493.0 29120.0 26540.0
153 14280440.0 14232378.0 14222541.0 14137758.0 14195022.0 14099276.0 14165898.0 14107396.0 14155915.0 14135089.0 14152287.0 14138794.0 0.0 14220051.0 14222662.0 14126216.0 14197451.0 14149678.0 14205690.0 14121229.0 14128320.0 14160726.0 14076572.0 14129985.0 14085208.0 14162082.0 14049695.0 14123424.0 14092438.0 14174312.0 14159178.0 14180616.0
156 17916641.0 17882159.0 17866075.0 17794610.0 17866061.0 17766226.0 17841616.0 17778198.0 17838927.0 17790939.0 17824371.0 17793218.0 0.0 17874629.0 17875302.0 17795556.0 17867884.0 17833669.0 17885001.0 17819250.0 17785904.0 17828067.0 17764806.0 17808450.0 17768706.0 17825460.0 17748788.0 17801319.0 17760004.0 17824447.0 17815418.0 17841355.0
159 19366053.0 19358215.0 19348275.0 19310535.0 19346843.0 19292849.0 19333733.0 19297300.0 19327280.0 19300158.0 19325379.0 19293808.0 0.0 19339957.0 19341648.0 19294382.0 19342569.0 19330984.0 19349984.0 19326874.0 19293619.0 19326606.0 19291721.0 19324426.0 19292881.0 19332417.0 19290172.0 19323340.0 19287075.0 19331381.0 19329691.0 19342605.0
162 19744165.0 19738295.0 19731607.0 19706042.0 19730351.0 19697007.0 19722185.0 19702255.0 19718686.0 19704412.0 19718495.0 19700639.0 0.0 19727357.0 19729185.0 19702467.0 19727502.0 19720443.0 19730120.0 19717690.0 19697433.0 19714091.0 19697561.0 19715534.0 19697472.0 19718411.0 19696578.0 19715976.0 19691963.0 19717722.0 19716214.0 19721387.0
165 19988811.0 19984046.0 19978868.0 19960602.0 19978418.0 19952000.0 19970874.0 19957562.0 19968311.0 19959458.0 19969837.0 19954884.0 0.0 19974993.0 19977323.0 19956882.0 19976650.0 19971303.0 19976798.0 19968517.0 19954593.0 19963875.0 19955699.0 19966210.0 19955677.0 19968546.0 19954915.0 19965627.0 19950230.0 19967005.0 19965888.0 19969047.0
168 20112648.0 20110008.0 20108510.0 20099805.0 20108460.0 20093138.0 20105671.0 20098043.0 20104465.0 20099739.0 20104021.0 20096159.0 0.0 20106772.0 20107397.0 20096803.0 20106323.0 20103814.0 20107347.0 20101805.0 20093767.0 20098482.0 20094478.0 20100164.0 20094310.0 20100714.0 20093617.0 20099291.0 20090481.0 20099658.0 20098665.0 20099491.0
171 20120793.0 20118577.0 20115031.0 20105874.0 20113506.0 20102666.0 20110000.0 20106073.0 20107391.0 20107923.0 20104903.0 20109997.0 0.0 20107824.0 20107812.0 20107337.0 20105185.0 20101178.0 20106311.0 20099493.0 20101101.0 20097430.0 20096470.0 20096173.0 20097751.0 20096096.0 20093572.0 20094722.0 20091199.0 20094655.0 20095007.0 20095719.0
174 20285631.0 20281523.0 20262247.0 20169189.0 20261713.0 20131560.0 20244305.0 20133020.0 20228428.0 20099410.0 20215744.0 20114402.0 0.0 20228679.0 20223474.0 20137362.0 20218565.0 20203686.0 20233837.0 20206378.0 20067931.0 20197831.0 20060176.0 20187162.0 20068230.0 20189674.0 20062598.0 20188386.0 20025253.0 20182740.0 20191617.0 20203881.0
177 18954767.0 19057006.0 18530337.0 16123730.0 18715601.0 15660642.0 18211640.0 15739449.0 17674647.0 15458519.0 17397935.0 15679106.0 0.0 17727189.0 17511818.0 16240335.0 17436714.0 17243793.0 17839088.0 17510397.0 15710565.0 17371945.0 15867525.0 17146132.0 15877573.0 17230394.0 15957204.0 17330265.0 15577760.0 17115872.0 17457941.0 17858687.0
180 8348575.0 8429128.0 8200913.0 7651434.0 8292821.0 7525143.0 8117215.0 7552418.0 7968973.0 7439634.0 7881349.0 7513022.0 0.0 7983442.0 7903691.0 7675512.0 7880502.0 7847170.0 8025464.0 7956857.0 7467922.0 7905576.0 7529250.0 7826044.0 7501756.0 7839957.0 7557073.0 7898721.0 7398490.0 7820607.0 7951606.0 8069859.0
183 3092343.0 3099508.0 3076347.0 2524041.0 3099497.0 2425502.0 3064534.0 2439201.0 3022081.0 2381316.0 2971624.0 2434685.0 0.0 3031080.0 2976096.0 2512679.0 2987224.0 2936069.0 3062154.0 3003622.0 2404378.0 2996858.0 2429117.0 2928852.0 2401629.0 2975283.0 2424872.0 3002584.0 2349195.0 2983881.0 3051662.0 3075015.0
186 816065.0 892798.0 873462.0 678807.0 954310.0 664711.0 936359.0 673176.0 899198.0 644165.0 846869.0 691542.0 0.0 933390.0 871613.0 824913.0 806698.0 837076.0 933764.0 921115.0 690259.0 890845.0 779489.0 804076.0 725117.0 796855.0 842764.0 891394.0 704639.0 853973.0 921002.0 949685.0
189 130420.0 118951.0 131765.0 129058.0 136488.0 131101.0 138592.0 138815.0 166963.0 145360.0 152265.0 157669.0 0.0 144228.0 123945.0 133429.0 134940.0 126570.0 143802.0 140358.0 140088.0 149341.0 149876.0 126482.0 133609.0 125930.0 145183.0 134445.0 158202.0 147535.0 152959.0 133366.0
192 129422.0 115254.0 129916.0 127752.0 130210.0 129404.0 131665.0 135761.0 163648.0 143521.0 148935.0 155710.0 0.0 136934.0 120377.0 127843.0 133496.0 123125.0 139031.0 135074.0 137635.0 144746.0 144097.0 124452.0 129647.0 124269.0 134795.0 128771.0 155224.0 145212.0 147788.0 128961.0
195 129695.0 115926.0 129748.0 127328.0 129809.0 129259.0 130604.0 136400.0 163256.0 143835.0 149624.0 155879.0 0.0 137793.0 119617.0 127537.0 134142.0 123127.0 138873.0 135774.0 137112.0 144397.0 144700.0 123787.0 129589.0 123722.0 134601.0 128530.0 155945.0 144460.0 148426.0 129283.0
198 129705.0 114988.0 130279.0 127055.0 130052.0 128730.0 130907.0 136018.0 163288.0 143243.0 148642.0 155757.0 0.0 136491.0 120608.0 128317.0 133829.0 122751.0 138772.0 135075.0 137744.0 144642.0 143746.0 123956.0 129950.0 124028.0 134834.0 128315.0 154898.0 144324.0 148869.0 129530.0
201 128603.0 115207.0 129331.0 127681.0 129181.0 129285.0 130328.0 137006.0 162489.0 142397.0 148599.0 155727.0 0.0 136252.0 119268.0 127512.0 132901.0 123200.0 139262.0 135366.0 137084.0 144480.0 143873.0 123966.0 129407.0 123425.0 134174.0 127846.0 155118.0 144552.0 148171.0 129068.0
204 127049.0 113593.0 128925.0 126601.0 127504.0 128285.0 130182.0 134492.0 163058.0 138870.0 146315.0 154608.0 0.0 136030.0 118247.0 126939.0 128598.0 121135.0 137542.0 133475.0 135602.0 143530.0 141102.0 122515.0 127948.0 122028.0 132966.0 126542.0 153902.0 143507.0 147303.0 128899.0
207 111461.0 108000.0 126100.0 121685.0 118248.0 126738.0 129183.0 128606.0 159403.0 118802.0 137273.0 150861.0 0.0 135103.0 114200.0 124017.0 107454.0 114605.0 137291.0 127980.0 133713.0 143724.0 128754.0 116745.0 121423.0 116215.0 123044.0 122429.0 149867.0 142457.0 146962.0 127747.0
210 75457.0 88108.0 115897.0 108554.0 91914.0 124818.0 126722.0 107009.0 153468.0 76398.0 109964.0 136513.0 0.0 130594.0 98547.0 115315.0 64169.0 92132.0 131737.0 106829.0 125224.0 142741.0 95185.0 99784.0 99905.0 98877.0 95637.0 107530.0 137177.0 137989.0 143435.0 126058.0
213 28046.0 45895.0 80263.0 73551.0 44991.0 110913.0 113914.0 60352.0 126885.0 27727.0 57599.0 93963.0 0.0 111651.0 58905.0 83687.0 19603.0 45477.0 108270.0 57590.0 90879.0 134899.0 40974.0 61336.0 51845.0 57549.0 45473.0 68341.0 95910.0 118012.0 129767.0 119171.0
216 5509.0 9412.0 23428.0 22468.0 9394.0 58866.0 64521.0 14216.0 62167.0 5860.0 13848.0 29032.0 0.0 55429.0 14191.0 29329.0 4556.0 8926.0 44465.0 12447.0 29786.0 99815.0 8035.0 16546.0 10648.0 14246.0 8976.0 18925.0 30373.0 57930.0 78865.0 82783.0
219 3462.0 3561.0 5896.0 5987.0 3889.0 17178.0 20025.0 4839.0 18109.0 3710.0 5124.0 7671.0 0.0 15592.0 4208.0 7152.0 3471.0 3638.0 10486.0 4445.0 7238.0 45929.0 4290.0 4809.0 4152.0 4594.0 3976.0 5343.0 7981.0 16050.0 27990.0 33988.0
222 3006.0 2852.0 3782.0 3627.0 3213.0 5396.0 5921.0 3613.0 6158.0 3359.0 3981.0 4469.0 0.0 5179.0 3245.0 3754.0 3031.0 2974.0 4607.0 3476.0 4148.0 13135.0 3703.0 3343.0 3384.0 3344.0 3355.0 3516.0 4661.0 5585.0 8297.0 9486.0
225 2479.0 2436.0 3090.0 2882.0 2686.0 3624.0 3807.0 3107.0 4506.0 2663.0 3234.0 3835.0 0.0 3815.0 2741.0 3103.0 2517.0 2535.0 3717.0 2994.0 3494.0 5049.0 2985.0 2783.0 2836.0 2795.0 2743.0 2869.0 3957.0 3956.0 4472.0 4014.0
228 2235.0 1992.0 2726.0 2576.0 2348.0 3312.0 3291.0 2608.0 3846.0 2436.0 2893.0 3315.0 0.0 3316.0 2266.0 2730.0 2247.0 2223.0 3148.0 2463.0 3016.0 4256.0 2671.0 2359.0 2425.0 2416.0 2414.0 2499.0 3537.0 3599.0 3835.0 3402.0
231 2096.0 1780.0 2389.0 2323.0 2148.0 2665.0 2892.0 2465.0 3413.0 2359.0 2649.0 2977.0 0.0 2877.0 1974.0 2347.0 2039.0 1999.0 2833.0 2349.0 2666.0 3687.0 2418.0 2258.0 2281.0 2216.0 2117.0 2219.0 2956.0 3070.0 3364.0 3012.0
234 2025.0 1839.0 2203.0 2110.0 2134.0 2543.0 2584.0 2334.0 3080.0 2183.0 2579.0 2695.0 0.0 2456.0 1920.0 2096.0 2097.0 1981.0 2696.0 2185.0 2510.0 3230.0 2403.0 2115.0 2130.0 2078.0 2094.0 2077.0 2856.0 2777.0 2977.0 2570.0
237 1959.0 1813.0 2229.0 2207.0 2076.0 2433.0 2484.0 2302.0 2969.0 2197.0 2537.0 2718.0 0.0 2494.0 1855.0 2043.0 2025.0 1918.0 2614.0 2144.0 2413.0 2986.0 2366.0 1988.0 2099.0 2070.0 2072.0 2096.0 2815.0 2700.0 2817.0 2459.0
240 1990.0 1697.0 2154.0 2157.0 2043.0 2405.0 2461.0 2234.0 2966.0 2131.0 2486.0 2740.0 0.0 2439.0 1845.0 2051.0 1975.0 1876.0 2563.0 2137.0 2293.0 3064.0 2289.0 2004.0 2022.0 2018.0 1986.0 2011.0 2867.0 2635.0 2832.0 2383.0
243 1917.0 1689.0 2146.0 2017.0 1881.0 2404.0 2557.0 2156.0 2916.0 1962.0 2370.0 2637.0 0.0 2319.0 1762.0 2072.0 1929.0 1799.0 2446.0 2077.0 2277.0 3056.0 2273.0 1992.0 1924.0 1992.0 1997.0 2035.0 2710.0 2676.0 2695.0 2333.0
246 1814.0 1670.0 2038.0 1958.0 1770.0 2281.0 2284.0 2165.0 2791.0 1821.0 2264.0 2413.0 0.0 2333.0 1837.0 1978.0 1763.0 1753.0 2349.0 2123.0 2249.0 2905.0 2072.0 1902.0 1986.0 1928.0 1853.0 1841.0 2525.0 2551.0 2600.0 2293.0
249 1555.0 1453.0 1981.0 1997.0 1575.0 2229.0 2216.0 1987.0 2769.0 1501.0 2084.0 2339.0 0.0 2261.0 1639.0 1942.0 1315.0 1607.0 2375.0 1804.0 2129.0 2838.0 1783.0 1776.0 1773.0 1746.0 1703.0 1749.0 2544.0 2443.0 2593.0 2309.0
252 1024.0 1214.0 1877.0 1800.0 1250.0 2165.0 2246.0 1729.0 2541.0 1042.0 1630.0 2220.0 0.0 2164.0 1542.0 1793.0 809.0 1283.0 2216.0 1527.0 1992.0 2816.0 1367.0 1639.0 1539.0 1592.0 1249.0 1590.0 2307.0 2381.0 2490.0 2221.0
255 520.0 769.0 1518.0 1509.0 751.0 2102.0 2154.0 1269.0 2439.0 448.0 1124.0 1918.0 0.0 1991.0 1195.0 1575.0 336.0 867.0 2050.0 1028.0 1779.0 2743.0 728.0 1338.0 1044.0 1220.0 706.0 1225.0 2117.0 2234.0 2482.0 2084.0
258 192.0 364.0 1034.0 1007.0 293.0 1922.0 1922.0 691.0 1992.0 210.0 570.0 1274.0 0.0 1826.0 731.0 1143.0 113.0 319.0 1701.0 509.0 1399.0 2653.0 283.0 807.0 518.0 716.0 342.0 728.0 1410.0 1919.0 2220.0 2023.0
261 85.0 124.0 534.0 566.0 132.0 1486.0 1502.0 290.0 1416.0 86.0 277.0 720.0 0.0 1373.0 320.0 668.0 64.0 127.0 1062.0 189.0 819.0 2362.0 126.0 395.0 203.0 321.0 120.0 356.0 748.0 1518.0 1937.0 1823.0
264 58.0 69.0 173.0 195.0 58.0 827.0 797.0 89.0 700.0 67.0 94.0 250.0 0.0 651.0 107.0 257.0 53.0 57.0 394.0 71.0 253.0 1790.0 68.0 122.0 89.0 94.0 67.0 98.0 227.0 686.0 1215.0 1297.0
267 62.0 70.0 86.0 87.0 61.0 340.0 341.0 84.0 290.0 71.0 73.0 126.0 0.0 303.0 66.0 98.0 60.0 69.0 170.0 67.0 134.0 1136.0 70.0 72.0 66.0 75.0 46.0 65.0 135.0 301.0 684.0 733.0
270 39.0 46.0 67.0 65.0 46.0 152.0 158.0 66.0 147.0 55.0 74.0 78.0 0.0 110.0 57.0 74.0 45.0 46.0 95.0 56.0 68.0 573.0 63.0 73.0 65.0 60.0 43.0 78.0 100.0 125.0 256.0 330.0
273 38.0 39.0 77.0 61.0 46.0 89.0 101.0 59.0 97.0 54.0 83.0 80.0 0.0 87.0 47.0 65.0 52.0 67.0 73.0 56.0 65.0 264.0 46.0 53.0 61.0 60.0 54.0 57.0 76.0 74.0 140.0 154.0
276 56.0 34.0 54.0 67.0 46.0 68.0 91.0 51.0 96.0 49.0 66.0 80.0 0.0 75.0 50.0 52.0 46.0 51.0 77.0 58.0 61.0 126.0 51.0 55.0 51.0 38.0 44.0 54.0 85.0 80.0 104.0 101.0
279 38.0 38.0 60.0 51.0 37.0 68.0 78.0 39.0 75.0 50.0 60.0 54.0 0.0 68.0 38.0 49.0 44.0 49.0 72.0 54.0 66.0 99.0 61.0 43.0 57.0 56.0 38.0 42.0 78.0 66.0 99.0 86.0
282 37.0 29.0 55.0 64.0 47.0 67.0 41.0 64.0 88.0 56.0 52.0 59.0 0.0 68.0 45.0 48.0 44.0 38.0 67.0 49.0 60.0 97.0 51.0 45.0 49.0 44.0 36.0 52.0 75.0 63.0 66.0 73.0
285 36.0 32.0 50.0 64.0 39.0 51.0 59.0 62.0 82.0 37.0 51.0 80.0 0.0 49.0 45.0 36.0 42.0 40.0 60.0 41.0 51.0 77.0 51.0 41.0 39.0 41.0 40.0 44.0 75.0 68.0 66.0 62.0
288 29.0 29.0 35.0 56.0 29.0 75.0 72.0 50.0 77.0 36.0 54.0 67.0 0.0 76.0 41.0 50.0 30.0 35.0 72.0 43.0 66.0 106.0 44.0 52.0 40.0 40.0 30.0 46.0 55.0 67.0 69.0 72.0
291 27.0 39.0 43.0 45.0 28.0 69.0 78.0 46.0 71.0 33.0 57.0 63.0 0.0 57.0 35.0 36.0 25.0 35.0 53.0 44.0 61.0 88.0 40.0 41.0 33.0 35.0 32.0 34.0 56.0 61.0 63.0 54.0
294 25.0 32.0 39.0 44.0 21.0 55.0 57.0 29.0 69.0 12.0 40.0 50.0 0.0 71.0 35.0 42.0 16.0 28.0 57.0 40.0 46.0 79.0 26.0 41.0 27.0 31.0 30.0 29.0 51.0 52.0 55.0 62.0
297 9.0 17.0 40.0 41.0 9.0 49.0 60.0 31.0 71.0 9.0 32.0 43.0 0.0 43.0 25.0 39.0 7.0 10.0 39.0 25.0 47.0 79.0 14.0 23.0 20.0 29.0 16.0 22.0 42.0 57.0 59.0 53.0
300 7.0 10.0 21.0 31.0 9.0 66.0 63.0 11.0 54.0 0.0 20.0 40.0 0.0 51.0 20.0 37.0 6.0 6.0 46.0 14.0 37.0 83.0 9.0 31.0 15.0 24.0 10.0 14.0 47.0 47.0 71.0 63.0
303 3.0 9.0 22.0 19.0 5.0 46.0 47.0 11.0 52.0 3.0 6.0 32.0 0.0 39.0 7.0 30.0 2.0 5.0 40.0 4.0 28.0 79.0 4.0 14.0 5.0 15.0 4.0 7.0 31.0 47.0 64.0 54.0
306 2.0 3.0 9.0 15.0 0.0 32.0 46.0 6.0 35.0 1.0 1.0 18.0 0.0 38.0 7.0 11.0 1.0 5.0 21.0 6.0 31.0 68.0 5.0 6.0 6.0 10.0 1.0 6.0 25.0 44.0 42.0 44.0
309 3.0 1.0 7.0 8.0 1.0 29.0 34.0 7.0 17.0 3.0 2.0 10.0 0.0 27.0 7.0 8.0 3.0 3.0 10.0 2.0 8.0 65.0 5.0 2.0 4.0 9.0 4.0 2.0 9.0 24.0 48.0 52.0
312 0.0 0.0 2.0 6.0 4.0 18.0 17.0 1.0 8.0 0.0 2.0 3.0 0.0 12.0 0.0 4.0 2.0 3.0 3.0 2.0 6.0 39.0 3.0 4.0 3.0 1.0 1.0 4.0 3.0 11.0 25.0 23.0
315 1.0 4.0 0.0 1.0 1.0 6.0 11.0 1.0 7.0 0.0 0.0 3.0 0.0 8.0 2.0 2.0 2.0 1.0 0.0 2.0 2.0 49.0 1.0 3.0 1.0 2.0 1.0 2.0 4.0 3.0 15.0 19.0
318 1.0 0.0 2.0 4.0 0.0 2.0 5.0 1.0 5.0 0.0 4.0 3.0 0.0 2.0 1.0 2.0 2.0 0.0 2.0 0.0 3.0 29.0 5.0 1.0 1.0 3.0 4.0 4.0 4.0 8.0 13.0 11.0
321 2.0 1.0 4.0 1.0 2.0 4.0 6.0 1.0 9.0 2.0 4.0 0.0 0.0 6.0 3.0 7.0 0.0 1.0 5.0 2.0 4.0 6.0 2.0 3.0 2.0 4.0 4.0 2.0 3.0 6.0 2.0 8.0
324 0.0 1.0 1.0 1.0 1.0 2.0 2.0 4.0 3.0 1.0 2.0 3.0 0.0 4.0 1.0 1.0 2.0 0.0 3.0 3.0 1.0 7.0 0.0 2.0 3.0 1.0 1.0 1.0 2.0 0.0 1.0 0.0
327 1.0 2.0 1.0 1.0 1.0 3.0 3.0 4.0 2.0 1.0 3.0 0.0 0.0 5.0 0.0 0.0 1.0 1.0 1.0 1.0 3.0 3.0 3.0 1.0 1.0 1.0 2.0 2.0 3.0 2.0 3.0 3.0
330 3.0 4.0 2.0 1.0 1.0 3.0 3.0 2.0 2.0 2.0 3.0 0.0 0.0 1.0 0.0 1.0 1.0 0.0 2.0 0.0 3.0 5.0 0.0 2.0 2.0 0.0 1.0 0.0 4.0 5.0 2.0 2.0
333 2.0 1.0 1.0 2.0 3.0 2.0 4.0 2.0 6.0 0.0 0.0 3.0 0.0 4.0 3.0 0.0 0.0 2.0 5.0 0.0 1.0 6.0 2.0 4.0 1.0 2.0 0.0 1.0 2.0 1.0 4.0 4.0
336 1.0 1.0 1.0 6.0 2.0 3.0 3.0 4.0 5.0 5.0 2.0 3.0 0.0 4.0 2.0 4.0 2.0 2.0 3.0 1.0 2.0 8.0 2.0 3.0 3.0 1.0 3.0 4.0 3.0 3.0 10.0 4.0
339 3.0 1.0 0.0 0.0 0.0 1.0 4.0 1.0 2.0 0.0 1.0 0.0 0.0 2.0 3.0 4.0 0.0 2.0 6.0 1.0 1.0 2.0 1.0 3.0 2.0 2.0 0.0 3.0 3.0 3.0 3.0 1.0
342 2.0 1.0 3.0 1.0 3.0 2.0 2.0 2.0 2.0 0.0 1.0 3.0 0.0 3.0 1.0 4.0 1.0 1.0 3.0 3.0 1.0 3.0 1.0 1.0 1.0 0.0 0.0 1.0 2.0 2.0 3.0 4.0
345 0.0 1.0 0.0 0.0 0.0 3.0 1.0 2.0 2.0 2.0 3.0 2.0 0.0 1.0 1.0 0.0 0.0 0.0 2.0 0.0 1.0 4.0 0.0 1.0 0.0 0.0 2.0 0.0 1.0 3.0 2.0 0.0
348 0.0 0.0 4.0 1.0 0.0 4.0 1.0 1.0 3.0 2.0 1.0 1.0 0.0 4.0 0.0 1.0 0.0 0.0 2.0 1.0 0.0 4.0 0.0 2.0 0.0 3.0 0.0 1.0 1.0 1.0 1.0 1.0
351 1.0 1.0 0.0 1.0 0.0 3.0 1.0 1.0 3.0 0.0 1.0 0.0 0.0 2.0 1.0 1.0 0.0 1.0 2.0 1.0 4.0 5.0 1.0 0.0 2.0 0.0 0.0 1.0 0.0 3.0 2.0 4.0
354 0.0 1.0 0.0 1.0 0.0 1.0 2.0 1.0 1.0 2.0 2.0 0.0 0.0 0.0 0.0 1.0 2.0 1.0 2.0 1.0 1.0 3.0 1.0 2.0 1.0 0.0 1.0 0.0 1.0 3.0 0.0 2.0
357 0.0 0.0 2.0 0.0 0.0 0.0 3.0 0.0 0.0 0.0 0.0 2.0 0.0 0.0 1.0 0.0 0.0 0.0 0.0 0.0 1.0 2.0 0.0 0.0 0.0 0.0 0.0 1.0 0.0 0.0 0.0 1.0
