100 4.0 0.0 1.0 5.0 5.0 0.0 2.0 0.0 0.0 1.0 0.0 1.0 3.0 0.0 0.0 0.0 2.0 2.0 0.0 2.0 2.0 1.0 1.0 1.0 0.0 0.0 4.0 0.0 1.0 3.0 2.0 0.0 0.0 1.0 0.0 1.0 0.0 3.0 2.0 0.0 1.0 0.0 0.0 1.0 1.0 1.0 4.0 3.0 1.0 0.0 0.0 0.0 0.0 0.0 0.0 1.0 0.0 0.0 0.0 0.0 0.0 2.0 0.0 3.0 2.0 1.0 0.0 0.0 0.0 2.0 3.0 2.0 1.0 0.0 0.0 0.0 0.0 0.0 1.0 0.0 1.0 0.0 1.0 0.0 0.0 1.0 0.0 0.0 0.0 0.0 0.0 0.0 1.0 0.0 0.0 0.0 0.0 0.0 0.0 2.0 1.0 0.0 0.0 1.0 0.0 1.0 1.0 0.0 1.0 0.0 0.0 0.0 0.0 1.0 0.0 2.0 0.0 0.0 2.0 0.0 0.0 0.0 0.0 1.0 0.0 1.0 0.0 0.0
105 7.0 0.0 3.0 16.0 7.0 2.0 6.0 1.0 5.0 2.0 3.0 1.0 3.0 0.0 3.0 2.0 1.0 1.0 5.0 6.0 8.0 3.0 5.0 4.0 2.0 1.0 2.0 4.0 4.0 5.0 6.0 1.0 0.0 7.0 0.0 3.0 3.0 2.0 8.0 3.0 2.0 4.0 4.0 6.0 6.0 5.0 7.0 1.0 2.0 1.0 5.0 3.0 1.0 1.0 5.0 6.0 1.0 4.0 5.0 5.0 1.0 9.0 4.0 3.0 0.0 1.0 0.0 1.0 0.0 1.0 1.0 2.0 2.0 0.0 0.0 2.0 0.0 1.0 0.0 0.0 0.0 0.0 2.0 2.0 0.0 0.0 0.0 0.0 1.0 1.0 0.0 1.0 0.0 1.0 0.0 0.0 0.0 1.0 0.0 1.0 1.0 2.0 0.0 0.0 1.0 1.0 1.0 1.0 1.0 0.0 0.0 1.0 0.0 0.0 1.0 2.0 1.0 0.0 1.0 0.0 1.0 0.0 1.0 0.0 0.0 0.0 0.0 0.0
110 25.0 5.0 6.0 38.0 13.0 4.0 10.0 6.0 8.0 7.0 16.0 10.0 5.0 3.0 7.0 3.0 10.0 4.0 13.0 6.0 13.0 12.0 7.0 3.0 12.0 9.0 3.0 5.0 11.0 11.0 17.0 5.0 0.0 5.0 2.0 8.0 6.0 4.0 17.0 4.0 4.0 13.0 7.0 15.0 5.0 4.0 10.0 2.0 3.0 2.0 10.0 5.0 5.0 4.0 6.0 8.0 8.0 7.0 15.0 11.0 2.0 11.0 12.0 8.0 6.0 2.0 1.0 0.0 8.0 6.0 1.0 6.0 0.0 5.0 4.0 0.0 1.0 5.0 5.0 0.0 3.0 2.0 1.0 1.0 0.0 5.0 1.0 2.0 3.0 1.0 0.0 0.0 3.0 3.0 1.0 0.0 0.0 1.0 3.0 5.0 6.0 3.0 0.0 5.0 1.0 1.0 1.0 2.0 4.0 1.0 2.0 1.0 4.0 0.0 1.0 5.0 0.0 3.0 0.0 0.0 3.0 4.0 3.0 2.0 0.0 2.0 2.0 5.0
115 100.0 20.0 20.0 153.0 81.0 26.0 38.0 17.0 51.0 17.0 21.0 21.0 18.0 10.0 19.0 17.0 26.0 28.0 28.0 26.0 56.0 36.0 37.0 29.0 13.0 18.0 17.0 23.0 59.0 45.0 42.0 14.0 6.0 22.0 6.0 33.0 15.0 26.0 56.0 17.0 22.0 23.0 20.0 50.0 32.0 24.0 53.0 15.0 26.0 14.0 16.0 16.0 21.0 13.0 25.0 27.0 13.0 21.0 26.0 40.0 8.0 65.0 26.0 26.0 6.0 3.0 2.0 7.0 8.0 8.0 6.0 11.0 2.0 4.0 14.0 7.0 2.0 2.0 4.0 3.0 6.0 6.0 6.0 11.0 1.0 7.0 5.0 4.0 8.0 12.0 1.0 2.0 9.0 7.0 2.0 0.0 4.0 0.0 7.0 5.0 10.0 12.0 4.0 9.0 3.0 13.0 0.0 6.0 7.0 10.0 7.0 3.0 7.0 3.0 9.0 14.0 4.0 10.0 8.0 2.0 3.0 4.0 11.0 2.0 10.0 4.0 3.0 9.0
120 220.0 116.0 92.0 511.0 215.0 133.0 138.0 102.0 131.0 94.0 124.0 115.0 106.0 70.0 91.0 78.0 124.0 101.0 142.0 141.0 189.0 122.0 118.0 133.0 121.0 126.0 104.0 98.0 173.0 162.0 186.0 70.0 14.0 115.0 42.0 158.0 73.0 116.0 193.0 108.0 118.0 122.0 154.0 187.0 168.0 133.0 194.0 62.0 125.0 76.0 122.0 63.0 68.0 103.0 89.0 110.0 84.0 123.0 136.0 143.0 72.0 215.0 134.0 133.0 9.0 12.0 15.0 31.0 12.0 27.0 18.0 36.0 6.0 18.0 26.0 13.0 19.0 11.0 23.0 4.0 18.0 17.0 10.0 18.0 5.0 27.0 9.0 12.0 9.0 38.0 12.0 4.0 22.0 19.0 9.0 12.0 11.0 10.0 12.0 18.0 26.0 43.0 15.0 24.0 20.0 20.0 13.0 15.0 20.0 17.0 17.0 19.0 15.0 8.0 16.0 33.0 8.0 20.0 8.0 4.0 7.0 15.0 37.0 5.0 6.0 15.0 14.0 19.0
125 652.0 246.0 209.0 1336.0 522.0 330.0 345.0 246.0 379.0 243.0 279.0 286.0 220.0 164.0 285.0 228.0 315.0 250.0 331.0 317.0 434.0 337.0 290.0 366.0 244.0 260.0 291.0 242.0 435.0 367.0 447.0 191.0 92.0 290.0 136.0 328.0 239.0 280.0 558.0 276.0 278.0 271.0 343.0 510.0 381.0 237.0 449.0 228.0 319.0 189.0 291.0 201.0 191.0 271.0 241.0 276.0 235.0 323.0 363.0 407.0 181.0 580.0 320.0 273.0 76.0 54.0 101.0 151.0 108.0 158.0 73.0 138.0 24.0 106.0 147.0 85.0 62.0 92.0 60.0 42.0 109.0 116.0 75.0 88.0 23.0 149.0 30.0 63.0 49.0 139.0 35.0 27.0 156.0 133.0 72.0 27.0 93.0 44.0 39.0 130.0 100.0 171.0 93.0 101.0 110.0 112.0 47.0 109.0 106.0 155.0 92.0 111.0 107.0 39.0 107.0 181.0 46.0 138.0 67.0 29.0 58.0 99.0 159.0 43.0 64.0 65.0 66.0 102.0
130 3730.0 1527.0 1720.0 8654.0 3428.0 2115.0 2308.0 1798.0 2437.0 1489.0 2019.0 1846.0 1782.0 1033.0 1711.0 1242.0 2492.0 1882.0 2384.0 2463.0 2930.0 2638.0 2006.0 2607.0 1861.0 2206.0 2206.0 1661.0 3222.0 2447.0 3405.0 1084.0 344.0 1969.0 730.0 2577.0 1465.0 1966.0 4277.0 1880.0 1746.0 1833.0 1976.0 3450.0 2278.0 1763.0 3524.0 1207.0 2468.0 1177.0 2099.0 1056.0 963.0 1590.0 1214.0 1936.0 1318.0 2225.0 2678.0 2985.0 1007.0 4266.0 2433.0 1752.0 235.0 198.0 263.0 360.0 278.0 409.0 185.0 366.0 158.0 279.0 388.0 273.0 233.0 233.0 193.0 164.0 235.0 284.0 232.0 275.0 128.0 380.0 143.0 195.0 181.0 315.0 171.0 125.0 365.0 323.0 195.0 124.0 319.0 219.0 273.0 414.0 369.0 552.0 347.0 354.0 392.0 514.0 249.0 397.0 253.0 584.0 286.0 394.0 285.0 224.0 340.0 497.0 296.0 438.0 267.0 201.0 250.0 293.0 537.0 249.0 321.0 301.0 269.0 337.0
135 9497.0 6233.0 6163.0 24520.0 8965.0 8121.0 7857.0 6741.0 7539.0 6482.0 7500.0 7041.0 6389.0 5639.0 6995.0 6138.0 7955.0 6462.0 7735.0 7952.0 9339.0 7990.0 6939.0 9083.0 6864.0 7525.0 7965.0 6816.0 9369.0 8164.0 11528.0 5488.0 2778.0 7389.0 5157.0 8006.0 7318.0 7745.0 12321.0 7629.0 7534.0 7442.0 9038.0 9297.0 9005.0 7702.0 9932.0 7032.0 7870.0 6202.0 7638.0 6474.0 6117.0 8074.0 6533.0 7141.0 6891.0 8706.0 9764.0 10315.0 6502.0 11688.0 8710.0 7478.0 857.0 671.0 1257.0 1614.0 1060.0 1795.0 607.0 1735.0 441.0 974.0 1771.0 890.0 715.0 795.0 616.0 463.0 1094.0 1352.0 710.0 985.0 307.0 1711.0 384.0 734.0 492.0 1657.0 502.0 384.0 1604.0 1327.0 735.0 380.0 2138.0 1214.0 1013.0 2721.0 2309.0 3750.0 1878.0 2084.0 2199.0 2469.0 1139.0 2049.0 1813.0 3348.0 2067.0 2555.0 2017.0 907.0 1971.0 3291.0 1271.0 2337.0 1563.0 903.0 1236.0 2168.0 3182.0 911.0 1481.0 1599.0 1305.0 1885.0
140 45598.0 27674.0 29421.0 90495.0 43954.0 35343.0 35068.0 32072.0 32393.0 28580.0 31556.0 29769.0 28528.0 26008.0 32856.0 25413.0 38454.0 29797.0 38584.0 39718.0 35323.0 42744.0 29565.0 45328.0 30189.0 44566.0 33547.0 31281.0 38822.0 36673.0 49204.0 24948.0 17383.0 26144.0 20813.0 28721.0 26749.0 25491.0 47597.0 28248.0 25990.0 25059.0 29051.0 36952.0 31206.0 26740.0 37201.0 24271.0 34466.0 23291.0 29364.0 23774.0 22472.0 29446.0 22118.0 29552.0 23588.0 34785.0 33436.0 39116.0 23590.0 44719.0 37365.0 26878.0 4958.0 5451.0 6112.0 7117.0 5580.0 9001.0 4567.0 7608.0 4001.0 6189.0 7965.0 7247.0 5368.0 4973.0 5214.0 4475.0 6094.0 6557.0 5309.0 6980.0 3024.0 8009.0 3619.0 5873.0 4388.0 7385.0 4746.0 3676.0 7710.0 7370.0 5844.0 3515.0 9141.0 7018.0 8328.0 10045.0 9513.0 11252.0 8619.0 9330.0 8855.0 15043.0 7379.0 9585.0 8096.0 16264.0 8493.0 10292.0 8168.0 6466.0 8930.0 11270.0 9329.0 10076.0 8219.0 6420.0 7298.0 9068.0 10576.0 6665.0 9887.0 8436.0 7645.0 8741.0
145 17601906.0 17581989.0 17580396.0 17528688.0 17575775.0 17541981.0 17563212.0 17545270.0 17559924.0 17544964.0 17557569.0 17542969.0 17562433.0 17566470.0 17565661.0 17545148.0 17564673.0 17556857.0 17563523.0 17558144.0 17528712.0 17556759.0 17533250.0 17550869.0 17535837.0 17556493.0 17530450.0 17548673.0 17526767.0 17547614.0 17550398.0 17555763.0 17569493.0 17564043.0 17568774.0 17548990.0 17567447.0 17545205.0 17555714.0 17550225.0 17560370.0 17546110.0 17558974.0 17546262.0 17559853.0 17562592.0 17556430.0 17550404.0 17564263.0 17563589.0 17562503.0 17562301.0 17550393.0 17561451.0 17542667.0 17557622.0 17545776.0 17559267.0 17537560.0 17552693.0 17545617.0 17549292.0 17560147.0 17556651.0 1076666.0 1088957.0 1093605.0 1136284.0 1077733.0 1138399.0 1049889.0 1135918.0 1042609.0 1058574.0 1139294.0 1095573.0 1053834.0 1029871.0 1085841.0 1062938.0 1110550.0 1073653.0 1049182.0 1077517.0 993995.0 1073946.0 1003439.0 1065833.0 1018907.0 1105115.0 1040161.0 1032412.0 1089221.0 1088552.0 1069562.0 1010982.0 8586362.0 8532054.0 8525222.0 8532640.0 8521421.0 8520008.0 8516460.0 8520382.0 8499499.0 8504233.0 8510409.0 8478447.0 8522965.0 8542055.0 8536742.0 8519573.0 8510536.0 8480201.0 8511528.0 8508505.0 8486086.0 8495623.0 8508749.0 8490468.0 8455605.0 8541238.0 8472293.0 8473677.0 8478446.0 8496834.0 8480074.0 8493456.0
150 18008664.0 18000040.0 18000316.0 17947559.0 17996435.0 17966098.0 17988834.0 17969102.0 17990158.0 17969091.0 17989346.0 17968509.0 17990754.0 17996652.0 17995167.0 17971520.0 17993162.0 17985216.0 17991489.0 17986229.0 17955270.0 17983906.0 17959819.0 17977666.0 17960899.0 17982883.0 17956628.0 17976113.0 17953267.0 17976668.0 17980525.0 17984133.0 17990295.0 17986050.0 17985813.0 17967786.0 17984964.0 17964400.0 17977013.0 17967978.0 17980496.0 17965145.0 17980137.0 17965544.0 17980261.0 17983964.0 17978445.0 17969297.0 17981859.0 17981223.0 17979442.0 17978183.0 17967938.0 17979414.0 17961745.0 17975300.0 17964625.0 17977811.0 17958310.0 17974269.0 17964009.0 17971443.0 17977909.0 17976878.0 17118270.0 17118401.0 17109690.0 17092023.0 17107043.0 17083706.0 17102281.0 17087745.0 17099736.0 17077259.0 17104779.0 17082352.0 17102325.0 17101534.0 17104742.0 17086410.0 17107401.0 17098533.0 17099914.0 17094855.0 17074033.0 17091215.0 17073430.0 17097943.0 17076369.0 17097971.0 17075848.0 17099328.0 17075251.0 17095562.0 17108876.0 17102212.0 17716497.0 17705043.0 17699198.0 17677284.0 17692734.0 17669088.0 17689798.0 17675295.0 17687373.0 17670017.0 17692643.0 17672917.0 17691902.0 17690234.0 17693221.0 17674245.0 17690967.0 17690273.0 17688488.0 17683237.0 17673953.0 17682523.0 17672779.0 17685111.0 17669766.0 17685502.0 17659602.0 17683256.0 17667230.0 17685896.0 17684917.0 17686972.0
155 18575257.0 18574620.0 18575441.0 18541873.0 18572607.0 18565505.0 18571271.0 18567913.0 18572720.0 18565914.0 18574273.0 18562678.0 18574454.0 18580955.0 18579464.0 18563008.0 18576420.0 18575425.0 18577076.0 18577501.0 18553347.0 18575887.0 18559200.0 18574328.0 18561825.0 18577260.0 18557758.0 18576331.0 18554427.0 18576986.0 18576306.0 18580484.0 18592037.0 18582944.0 18583884.0 18566980.0 18582324.0 18564289.0 18573846.0 18567811.0 18577671.0 18564241.0 18576876.0 18564698.0 18576661.0 18579124.0 18574561.0 18568738.0 18579291.0 18578534.0 18577486.0 18577122.0 18568258.0 18577602.0 18561826.0 18574466.0 18565018.0 18576419.0 18558660.0 18573321.0 18565551.0 18570599.0 18577089.0 18576034.0 18219620.0 18220298.0 18209536.0 18188671.0 18206627.0 18181509.0 18202744.0 18184952.0 18202130.0 18183857.0 18201108.0 18182896.0 18202587.0 18203085.0 18201720.0 18190408.0 18203127.0 18195853.0 18198803.0 18195024.0 18187655.0 18191219.0 18184590.0 18196918.0 18183447.0 18197239.0 18183239.0 18199900.0 18178418.0 18195312.0 18206174.0 18202708.0 18283582.0 18277643.0 18274569.0 18255680.0 18270108.0 18249474.0 18266215.0 18253806.0 18263463.0 18251303.0 18266124.0 18252329.0 18266573.0 18265059.0 18266768.0 18252552.0 18265431.0 18262376.0 18262622.0 18259194.0 18253525.0 18259006.0 18252733.0 18260246.0 18251215.0 18261382.0 18242518.0 18259924.0 18250151.0 18262289.0 18261899.0 18263326.0
160 18928950.0 18926980.0 18925656.0 18875084.0 18920604.0 18899166.0 18917275.0 18902162.0 18913993.0 18901329.0 18914467.0 18899250.0 18913875.0 18916026.0 18914168.0 18901358.0 18913808.0 18908192.0 18911909.0 18907212.0 18886144.0 18905839.0 18891143.0 18903551.0 18894219.0 18905755.0 18889304.0 18902534.0 18885554.0 18901113.0 18903549.0 18906870.0 18916128.0 18908622.0 18909600.0 18897342.0 18908703.0 18895269.0 18903487.0 18898378.0 18905096.0 18894538.0 18903858.0 18893676.0 18903631.0 18904316.0 18900672.0 18898900.0 18906016.0 18905084.0 18904713.0 18904890.0 18898519.0 18904641.0 18891409.0 18902308.0 18894844.0 18904002.0 18888364.0 18901444.0 18896627.0 18898046.0 18904488.0 18903280.0 18917794.0 18918366.0 18911912.0 18898108.0 18909374.0 18893791.0 18908393.0 18894946.0 18908923.0 18892822.0 18907489.0 18897354.0 18908479.0 18908154.0 18908640.0 18899465.0 18908714.0 18903588.0 18905944.0 18904646.0 18897803.0 18899884.0 18894939.0 18905643.0 18893465.0 18904742.0 18894750.0 18906673.0 18887555.0 18902916.0 18911238.0 18909708.0 18926697.0 18921444.0 18917607.0 18904409.0 18914488.0 18900615.0 18911360.0 18903794.0 18911524.0 18901942.0 18912092.0 18903266.0 18912440.0 18912169.0 18914740.0 18903313.0 18913735.0 18911007.0 18911531.0 18910054.0 18903717.0 18910225.0 18903283.0 18910318.0 18902711.0 18911557.0 18897162.0 18911468.0 18902041.0 18914485.0 18914102.0 18915681.0
165 18454202.0 18436614.0 18305558.0 17669912.0 18207300.0 17644810.0 18163979.0 17644524.0 18134779.0 17651223.0 18123217.0 17763947.0 18112957.0 18102533.0 18070272.0 17850697.0 18047050.0 18000316.0 18033212.0 17954811.0 17744640.0 17954528.0 17736206.0 17907941.0 17753731.0 17929693.0 17703495.0 17934403.0 17774508.0 17944941.0 17971729.0 18016401.0 18563950.0 18510612.0 18459188.0 18195317.0 18439499.0 18173269.0 18333630.0 18103677.0 18347421.0 18157690.0 18376145.0 18118934.0 18325524.0 18336885.0 18288975.0 18180853.0 18279542.0 18310603.0 18277765.0 18283959.0 18149406.0 18269453.0 18185916.0 18221580.0 18168052.0 18246452.0 18127971.0 18247669.0 18157326.0 18242803.0 18257295.0 18315556.0 18895839.0 18895193.0 18886373.0 18867050.0 18885827.0 18860785.0 18883082.0 18865462.0 18881230.0 18869990.0 18878638.0 18870466.0 18886754.0 18884976.0 18879437.0 18873448.0 18878918.0 18872962.0 18873711.0 18869809.0 18863671.0 18864726.0 18857761.0 18867951.0 18858195.0 18864078.0 18856855.0 18868004.0 18851442.0 18862053.0 18869272.0 18868094.0 18941360.0 18938897.0 18936441.0 18925958.0 18933883.0 18921314.0 18929424.0 18923356.0 18929891.0 18921536.0 18930768.0 18923025.0 18930738.0 18930062.0 18932293.0 18921467.0 18931434.0 18928856.0 18928488.0 18927686.0 18921606.0 18926302.0 18920988.0 18925962.0 18920162.0 18925969.0 18915156.0 18926360.0 18919770.0 18927899.0 18927275.0 18927727.0
170 10748722.0 10804719.0 10724362.0 10500333.0 10613997.0 10550301.0 10699948.0 10584672.0 10756600.0 10633719.0 10790534.0 10838178.0 10779052.0 10827178.0 10804951.0 11002951.0 10710314.0 10665727.0 10732017.0 10585218.0 10801906.0 10587540.0 10781223.0 10482015.0 10811811.0 10477673.0 10640315.0 10533263.0 10819708.0 10521135.0 10566663.0 10660530.0 10876742.0 10634825.0 10478822.0 10600106.0 10596777.0 10763649.0 10397723.0 10404142.0 10600737.0 10797859.0 10822079.0 10527997.0 10675363.0 10750728.0 10568221.0 10830826.0 10367361.0 10645813.0 10399783.0 10550303.0 10604881.0 10436736.0 11028454.0 10155055.0 10754310.0 10203180.0 10391844.0 10314749.0 10471611.0 10230372.0 10170749.0 10562018.0 18834709.0 18831697.0 18814880.0 18776468.0 18818762.0 18760706.0 18807982.0 18770374.0 18798245.0 18777107.0 18791375.0 18780828.0 18802533.0 18797741.0 18787453.0 18781502.0 18785193.0 18781312.0 18780203.0 18771726.0 18767730.0 18768218.0 18757396.0 18767686.0 18757566.0 18760724.0 18752304.0 18766804.0 18743918.0 18761298.0 18767280.0 18766244.0 18799133.0 18799045.0 18786236.0 18713577.0 18772959.0 18702126.0 18759089.0 18687434.0 18751937.0 18690415.0 18755082.0 18729467.0 18754566.0 18745107.0 18752336.0 18700525.0 18750980.0 18737030.0 18724445.0 18726216.0 18689505.0 18712901.0 18680077.0 18706697.0 18686933.0 18700942.0 18677516.0 18707047.0 18683007.0 18711045.0 18713550.0 18713734.0
175 8363242.0 8428059.0 8364643.0 8287909.0 8234469.0 8356465.0 8363989.0 8401878.0 8409186.0 8425426.0 8462293.0 8684580.0 8437858.0 8498063.0 8467929.0 8855649.0 8365546.0 8327933.0 8393949.0 8249921.0 8610947.0 8264623.0 8593827.0 8156902.0 8614492.0 8141822.0 8386344.0 8209843.0 8640218.0 8181796.0 8218432.0 8281635.0 7928048.0 7435434.0 7279032.0 7621586.0 7425813.0 7786703.0 7239435.0 7364760.0 7373010.0 7755056.0 7604431.0 7467128.0 7476070.0 7532030.0 7357545.0 7724441.0 7152924.0 7386616.0 7171003.0 7325388.0 7535259.0 7196835.0 7999998.0 6930780.0 7672487.0 6940991.0 7297938.0 7073820.0 7342733.0 6999145.0 6908662.0 7284959.0 11256686.0 11248374.0 11123219.0 11094859.0 11480350.0 11107784.0 11421908.0 11294353.0 11432301.0 11576128.0 11224308.0 11662228.0 11721322.0 11733482.0 11449232.0 11702969.0 11291485.0 11437177.0 11397240.0 11306880.0 11693801.0 11310291.0 11497745.0 11192426.0 11461099.0 10878949.0 11199936.0 11283918.0 11032453.0 11103590.0 11155373.0 11208862.0 10203395.0 10350932.0 10373518.0 10149146.0 10312718.0 10470620.0 10362853.0 10212707.0 10482126.0 10520928.0 10594882.0 11083228.0 10583893.0 10591187.0 10770447.0 10742737.0 10693018.0 10673029.0 10302210.0 10552367.0 10576347.0 10237295.0 10321740.0 10177527.0 10632016.0 9984593.0 10397061.0 10201918.0 10343972.0 10296547.0 10372105.0 10255448.0
180 139952.0 140070.0 115978.0 343197.0 128336.0 141324.0 137296.0 127035.0 143727.0 127321.0 145749.0 143994.0 123194.0 122008.0 127703.0 144801.0 130567.0 124832.0 130589.0 130242.0 168348.0 133517.0 139436.0 145304.0 133473.0 118759.0 142396.0 125646.0 159258.0 130876.0 184406.0 126137.0 142524.0 172674.0 150881.0 195609.0 202019.0 221383.0 202886.0 151361.0 186366.0 195271.0 226752.0 166041.0 188812.0 190299.0 184368.0 180704.0 144257.0 159018.0 154485.0 178340.0 149397.0 164175.0 212400.0 126117.0 178441.0 147453.0 177868.0 164627.0 155123.0 181660.0 144431.0 168005.0 8816659.0 8831634.0 8738908.0 8907014.0 9049522.0 8955978.0 8981053.0 9119645.0 9001552.0 9325171.0 8832727.0 9417906.0 9224793.0 9250252.0 9012633.0 9429342.0 8862158.0 9003776.0 8947069.0 8900209.0 9452919.0 8906379.0 9276443.0 8773054.0 9226847.0 8455481.0 8973899.0 8851142.0 8792031.0 8693938.0 8700924.0 8718449.0 7139602.0 7259293.0 7300946.0 7229500.0 7226763.0 7632297.0 7315039.0 7316566.0 7389486.0 7621120.0 7491370.0 8209799.0 7470590.0 7524679.0 7652757.0 7863627.0 7569983.0 7550960.0 7176970.0 7442902.0 7674050.0 7108995.0 7422505.0 7061415.0 7777103.0 6876223.0 7521333.0 7080030.0 7432905.0 7169799.0 7250641.0 7103049.0
185 134749.0 127167.0 107435.0 335675.0 124348.0 137117.0 130612.0 119958.0 127273.0 122321.0 134174.0 127884.0 111241.0 112544.0 120010.0 120865.0 124224.0 111847.0 120691.0 124224.0 152840.0 122267.0 124220.0 140374.0 117794.0 116022.0 134003.0 116829.0 138238.0 124717.0 174813.0 111139.0 114351.0 125840.0 118864.0 131624.0 134156.0 128484.0 173438.0 128309.0 140547.0 129627.0 155994.0 127895.0 151757.0 133880.0 139334.0 133794.0 118715.0 118367.0 124958.0 135056.0 119843.0 139171.0 132706.0 116036.0 127790.0 135580.0 155641.0 144841.0 128827.0 157831.0 126744.0 132733.0 134060.0 161445.0 133403.0 136476.0 156387.0 170728.0 143181.0 161796.0 157639.0 168385.0 155859.0 243377.0 159889.0 174542.0 151566.0 160637.0 134742.0 163271.0 138250.0 158406.0 187035.0 174239.0 160743.0 145155.0 154876.0 135652.0 151426.0 141227.0 146641.0 158604.0 151654.0 138518.0 136808.0 134558.0 179759.0 143881.0 155935.0 166704.0 157713.0 145250.0 155283.0 259664.0 154012.0 227234.0 144861.0 280973.0 147020.0 176751.0 142059.0 149555.0 146003.0 174798.0 188601.0 154051.0 143016.0 121901.0 163670.0 127503.0 164769.0 139733.0 181409.0 151998.0 148527.0 141420.0
190 134459.0 126886.0 107415.0 335390.0 124696.0 136882.0 130334.0 121163.0 127221.0 121962.0 133950.0 128216.0 111723.0 112578.0 121434.0 121039.0 124036.0 112236.0 120946.0 125113.0 153015.0 121895.0 124793.0 139884.0 117806.0 116138.0 134096.0 116732.0 139123.0 125314.0 175790.0 111589.0 114789.0 126035.0 119056.0 132175.0 134971.0 128536.0 173978.0 129259.0 139977.0 130490.0 156699.0 128684.0 151740.0 134303.0 140663.0 134161.0 117678.0 119480.0 125018.0 135802.0 120344.0 138873.0 132577.0 116564.0 128294.0 136337.0 156795.0 145570.0 128818.0 158112.0 127845.0 132490.0 117605.0 136258.0 121111.0 125599.0 114597.0 157336.0 116877.0 133793.0 129939.0 129579.0 142320.0 183203.0 125499.0 110538.0 122768.0 107571.0 118707.0 130366.0 117905.0 140794.0 117192.0 142817.0 125103.0 129539.0 122420.0 129411.0 134061.0 106049.0 132488.0 133564.0 128304.0 120878.0 126673.0 116319.0 158529.0 131498.0 142864.0 134254.0 133283.0 133750.0 136389.0 240238.0 127986.0 151996.0 121831.0 245006.0 119514.0 143975.0 117738.0 122154.0 134045.0 150775.0 164266.0 140300.0 125469.0 111633.0 126481.0 120562.0 140465.0 123715.0 163425.0 134780.0 127082.0 125787.0
195 134724.0 126235.0 107015.0 332505.0 123846.0 137477.0 130150.0 120240.0 127095.0 121937.0 134170.0 127642.0 111278.0 112569.0 120277.0 120542.0 124025.0 112615.0 120727.0 124299.0 152244.0 122224.0 124665.0 139804.0 118182.0 115353.0 133830.0 116488.0 138383.0 124500.0 178335.0 111088.0 113958.0 126179.0 118614.0 130727.0 134911.0 128771.0 175622.0 128837.0 140111.0 130796.0 156661.0 128931.0 151909.0 134000.0 139808.0 134070.0 118180.0 119259.0 124757.0 135823.0 120610.0 138816.0 132722.0 116442.0 128165.0 135778.0 156680.0 144826.0 129059.0 158566.0 126789.0 132246.0 117594.0 137575.0 121728.0 125123.0 114521.0 157066.0 117611.0 134391.0 129612.0 129826.0 142102.0 183593.0 125909.0 111050.0 122502.0 107342.0 118467.0 130844.0 118638.0 141125.0 118153.0 143592.0 126075.0 128993.0 123063.0 128954.0 133356.0 107012.0 132985.0 134001.0 128456.0 122086.0 126965.0 116675.0 158580.0 132041.0 141704.0 134457.0 133571.0 133602.0 136878.0 240118.0 127400.0 152260.0 122797.0 245277.0 119538.0 145126.0 118567.0 123195.0 133895.0 150858.0 164940.0 140780.0 123013.0 112849.0 124730.0 120951.0 141222.0 123814.0 163097.0 134946.0 126207.0 125547.0
200 133781.0 125198.0 105597.0 325303.0 123342.0 134500.0 129310.0 117753.0 126196.0 119872.0 132465.0 126241.0 111028.0 110192.0 118568.0 119170.0 122765.0 111864.0 119334.0 122687.0 151293.0 120712.0 124164.0 137509.0 116651.0 113501.0 132507.0 115861.0 137503.0 123198.0 176436.0 110358.0 112018.0 125377.0 117896.0 130455.0 134067.0 127925.0 174311.0 126921.0 139003.0 129808.0 154695.0 128057.0 151400.0 133473.0 139228.0 133056.0 117440.0 117977.0 124404.0 133053.0 119192.0 138319.0 132073.0 115351.0 126728.0 135446.0 155845.0 144699.0 127170.0 158016.0 126305.0 131409.0 117060.0 136907.0 121659.0 124482.0 114403.0 156314.0 116629.0 134155.0 129732.0 129245.0 141703.0 183332.0 125568.0 110331.0 121626.0 107143.0 118580.0 130572.0 118694.0 140200.0 117060.0 144059.0 124872.0 129620.0 122990.0 128752.0 133314.0 105537.0 132948.0 134000.0 128208.0 121508.0 125950.0 116177.0 158513.0 131051.0 142029.0 133812.0 134012.0 132980.0 136646.0 238706.0 127160.0 152032.0 122167.0 244777.0 119785.0 144186.0 117577.0 122455.0 132628.0 149649.0 163867.0 140332.0 123413.0 111872.0 125013.0 120354.0 140911.0 122971.0 162239.0 134364.0 125962.0 125808.0
205 131689.0 121394.0 102686.0 317310.0 121558.0 124091.0 125132.0 105250.0 123277.0 103328.0 125057.0 120839.0 107698.0 93695.0 111182.0 111380.0 115252.0 106037.0 114274.0 113759.0 146380.0 113431.0 116825.0 122999.0 110357.0 96977.0 121361.0 106697.0 135374.0 119648.0 168130.0 102298.0 100463.0 123582.0 110134.0 129000.0 129317.0 126220.0 169625.0 124381.0 136378.0 127000.0 153369.0 126534.0 147969.0 130437.0 137837.0 124740.0 114242.0 115126.0 120143.0 122994.0 111864.0 130909.0 129668.0 110336.0 123401.0 129224.0 151032.0 140697.0 116219.0 155688.0 121895.0 128745.0 116413.0 135632.0 120856.0 125097.0 114512.0 156037.0 116162.0 133558.0 128045.0 129268.0 141466.0 181872.0 124994.0 109867.0 121307.0 106821.0 118723.0 129941.0 118516.0 139807.0 116798.0 143015.0 124729.0 128371.0 121924.0 127980.0 132081.0 105701.0 132431.0 132456.0 127770.0 119483.0 124837.0 115078.0 155727.0 130435.0 140758.0 133018.0 131303.0 132428.0 135110.0 234956.0 125548.0 150767.0 121851.0 243937.0 118088.0 142664.0 117501.0 121141.0 132086.0 149415.0 160825.0 139034.0 122011.0 109485.0 124231.0 118440.0 139698.0 120387.0 156841.0 132526.0 124349.0 124652.0
210 118853.0 83409.0 66196.0 208742.0 101681.0 59463.0 84471.0 49314.0 97873.0 42346.0 80199.0 81081.0 77926.0 32433.0 56807.0 63659.0 70176.0 67866.0 79271.0 63660.0 114521.0 69858.0 73369.0 54277.0 70110.0 38676.0 61542.0 56444.0 112129.0 85382.0 123004.0 58590.0 43443.0 115556.0 62395.0 118065.0 95244.0 116668.0 153608.0 95182.0 110434.0 114921.0 135153.0 116467.0 120519.0 109505.0 125967.0 77112.0 86403.0 86794.0 92367.0 72899.0 68212.0 84787.0 112258.0 78602.0 97644.0 86564.0 118415.0 106348.0 63911.0 142220.0 89266.0 106062.0 115932.0 133183.0 119349.0 123211.0 113230.0 153837.0 114944.0 133747.0 124150.0 127923.0 139861.0 178863.0 124287.0 109322.0 119887.0 104643.0 116894.0 128881.0 117166.0 138454.0 113277.0 142589.0 120508.0 125565.0 120874.0 126433.0 124857.0 102829.0 130742.0 131373.0 124445.0 112670.0 111164.0 107866.0 135494.0 125977.0 135712.0 131577.0 125821.0 123663.0 131716.0 202521.0 117367.0 147700.0 117524.0 232139.0 114085.0 136303.0 112864.0 112596.0 124212.0 146427.0 138716.0 134514.0 111666.0 88542.0 116539.0 104314.0 137248.0 100073.0 140893.0 117790.0 113815.0 117043.0
215 56230.0 18867.0 11964.0 42568.0 38609.0 8024.0 16979.0 6697.0 31813.0 6055.0 15874.0 18243.0 17399.0 4341.0 7640.0 10561.0 11941.0 13279.0 16315.0 10096.0 36743.0 11970.0 13991.0 7248.0 13125.0 5335.0 8746.0 8317.0 36796.0 18223.0 26114.0 9035.0 5859.0 55150.0 9198.0 55627.0 24643.0 58977.0 62490.0 24653.0 32864.0 50452.0 55034.0 63454.0 39012.0 40471.0 61603.0 14478.0 23044.0 21183.0 28059.0 14012.0 10994.0 16350.0 43227.0 21223.0 29952.0 19654.0 34057.0 24969.0 10033.0 77286.0 23891.0 37985.0 103943.0 100281.0 111192.0 116299.0 109696.0 140291.0 105360.0 125751.0 83415.0 118346.0 124579.0 147762.0 113524.0 104601.0 96253.0 84812.0 99121.0 123616.0 105579.0 118043.0 81110.0 135757.0 84063.0 98202.0 101422.0 110569.0 71706.0 76753.0 117265.0 120616.0 93948.0 68098.0 48024.0 53766.0 42445.0 85658.0 89008.0 117747.0 79523.0 72946.0 95505.0 76845.0 60191.0 117252.0 79986.0 159158.0 74576.0 91272.0 79081.0 61814.0 71817.0 123786.0 48200.0 96620.0 54436.0 26143.0 67499.0 41833.0 111927.0 33326.0 57514.0 49565.0 53680.0 73593.0
220 8408.0 3910.0 3212.0 11793.0 5924.0 4097.0 4149.0 3051.0 5185.0 3170.0 4042.0 4113.0 3614.0 2779.0 3416.0 3577.0 3673.0 3357.0 4108.0 3592.0 6197.0 3632.0 3761.0 3830.0 3664.0 3018.0 3921.0 3188.0 5737.0 4119.0 5599.0 3078.0 3074.0 7210.0 3369.0 7990.0 4705.0 8530.0 8114.0 4492.0 5281.0 6872.0 7617.0 10665.0 6290.0 5888.0 8897.0 4028.0 4178.0 3974.0 4693.0 3936.0 3561.0 4532.0 6006.0 4109.0 5012.0 4645.0 5905.0 5258.0 3615.0 13820.0 4426.0 5864.0 45907.0 24571.0 55119.0 59610.0 77605.0 64913.0 46462.0 73665.0 16506.0 64003.0 52921.0 39819.0 52387.0 68322.0 25473.0 23429.0 35860.0 76945.0 43408.0 43409.0 17661.0 85623.0 17749.0 26548.0 34499.0 46219.0 11365.0 18873.0 55755.0 66643.0 25110.0 13599.0 7518.0 7487.0 5907.0 18308.0 17629.0 52804.0 15680.0 14198.0 23601.0 11180.0 8756.0 36050.0 16906.0 32222.0 14463.0 20752.0 20932.0 11163.0 12446.0 46682.0 7172.0 23488.0 8046.0 4399.0 12297.0 6106.0 39076.0 5042.0 8369.0 7095.0 7860.0 14773.0
225 4030.0 2828.0 2345.0 8417.0 3421.0 3071.0 2930.0 2305.0 3164.0 2454.0 2874.0 2964.0 2624.0 2101.0 2485.0 2566.0 2773.0 2430.0 2829.0 2624.0 4068.0 2730.0 2793.0 2808.0 2789.0 2296.0 2846.0 2448.0 3623.0 3055.0 4192.0 2317.0 2321.0 3723.0 2582.0 3909.0 3198.0 3726.0 5042.0 3242.0 3686.0 3832.0 4704.0 4002.0 4206.0 3680.0 4364.0 3113.0 2928.0 2892.0 3130.0 2934.0 2702.0 3465.0 3708.0 2975.0 3302.0 3307.0 4120.0 4031.0 2828.0 5061.0 3088.0 3711.0 5511.0 4496.0 6662.0 7138.0 12716.0 8137.0 5361.0 10700.0 3927.0 7640.0 6486.0 6190.0 5912.0 10417.0 4045.0 3644.0 4708.0 11626.0 5002.0 5759.0 3462.0 12437.0 3802.0 4419.0 4613.0 5839.0 3727.0 3250.0 7621.0 8931.0 4268.0 3405.0 3670.0 3360.0 3990.0 4469.0 4596.0 7658.0 4321.0 4146.0 4900.0 6944.0 3840.0 5974.0 3948.0 7683.0 3840.0 4943.0 4246.0 3774.0 4184.0 7152.0 4410.0 5044.0 3538.0 2985.0 3799.0 3440.0 6200.0 3098.0 4625.0 3843.0 3584.0 3943.0
230 3287.0 2453.0 2021.0 7239.0 2877.0 2747.0 2630.0 2119.0 2490.0 2237.0 2544.0 2461.0 2237.0 1898.0 2147.0 2207.0 2436.0 1993.0 2433.0 2379.0 3336.0 2262.0 2377.0 2591.0 2236.0 2106.0 2510.0 2177.0 2997.0 2495.0 3377.0 2091.0 2071.0 3039.0 2133.0 3024.0 2657.0 3009.0 4058.0 2721.0 2957.0 3079.0 3764.0 3185.0 3398.0 2879.0 3327.0 2493.0 2463.0 2321.0 2653.0 2512.0 2263.0 2893.0 2823.0 2463.0 2657.0 2897.0 3267.0 3304.0 2350.0 3966.0 2641.0 2978.0 3363.0 3306.0 3574.0 3822.0 3758.0 4774.0 3406.0 4338.0 3021.0 3947.0 4007.0 4761.0 3572.0 3524.0 3054.0 2700.0 3215.0 4086.0 3374.0 3899.0 2589.0 4778.0 2854.0 3283.0 3250.0 3594.0 3004.0 2461.0 3924.0 4006.0 3092.0 2609.0 2843.0 2768.0 3131.0 3559.0 3693.0 4154.0 3304.0 3327.0 3513.0 5726.0 3075.0 4193.0 3270.0 5922.0 2976.0 3673.0 3194.0 2841.0 3249.0 4297.0 3432.0 3969.0 2789.0 2344.0 3078.0 2650.0 4039.0 2487.0 3721.0 3035.0 2792.0 3182.0
235 2959.0 2299.0 1969.0 6853.0 2674.0 2615.0 2495.0 2024.0 2440.0 2194.0 2415.0 2425.0 2101.0 1919.0 2241.0 2135.0 2347.0 2007.0 2390.0 2262.0 3172.0 2176.0 2358.0 2547.0 2233.0 2085.0 2412.0 2162.0 2785.0 2440.0 3243.0 1948.0 2056.0 2657.0 2113.0 2645.0 2423.0 2607.0 3576.0 2407.0 2625.0 2705.0 3463.0 2812.0 3070.0 2584.0 2991.0 2467.0 2231.0 2163.0 2386.0 2419.0 2207.0 2754.0 2546.0 2232.0 2398.0 2717.0 3016.0 3182.0 2357.0 3485.0 2452.0 2813.0 2609.0 2628.0 2816.0 3195.0 2987.0 3836.0 2563.0 3427.0 2463.0 3076.0 3087.0 3844.0 2858.0 2778.0 2328.0 2170.0 2567.0 3290.0 2740.0 3027.0 2191.0 3815.0 2355.0 2635.0 2666.0 2878.0 2534.0 2013.0 3163.0 3249.0 2568.0 2353.0 2360.0 2124.0 2665.0 2835.0 2897.0 3351.0 2720.0 2709.0 2923.0 4895.0 2523.0 3405.0 2609.0 4804.0 2397.0 3088.0 2487.0 2445.0 2714.0 3623.0 2932.0 3335.0 2396.0 2169.0 2519.0 2356.0 3235.0 2170.0 3261.0 2591.0 2311.0 2644.0
240 2947.0 2179.0 1880.0 6875.0 2623.0 2760.0 2438.0 1925.0 2321.0 2095.0 2364.0 2286.0 2017.0 1863.0 2100.0 2174.0 2360.0 1954.0 2289.0 2094.0 3053.0 2140.0 2205.0 2438.0 2109.0 2057.0 2382.0 2032.0 2724.0 2384.0 3176.0 2019.0 1899.0 2522.0 1975.0 2533.0 2378.0 2526.0 3524.0 2446.0 2444.0 2655.0 3273.0 2583.0 3073.0 2548.0 2894.0 2360.0 2185.0 2163.0 2448.0 2301.0 2046.0 2811.0 2535.0 2245.0 2367.0 2638.0 2925.0 3072.0 2180.0 3447.0 2411.0 2723.0 2390.0 2474.0 2467.0 2698.0 2381.0 3280.0 2370.0 2966.0 2377.0 2690.0 2799.0 3547.0 2559.0 2344.0 2213.0 1976.0 2250.0 2694.0 2411.0 2821.0 1928.0 3312.0 2191.0 2453.0 2416.0 2647.0 2409.0 1982.0 2877.0 2708.0 2417.0 2112.0 2294.0 2167.0 2613.0 2576.0 2676.0 2818.0 2493.0 2629.0 2698.0 4668.0 2403.0 2911.0 2353.0 4168.0 2182.0 2703.0 2316.0 2323.0 2563.0 3142.0 2704.0 3020.0 2162.0 1969.0 2255.0 2229.0 3085.0 2164.0 3091.0 2473.0 2277.0 2401.0
245 2849.0 2202.0 1854.0 6423.0 2532.0 2525.0 2337.0 1872.0 2351.0 2042.0 2261.0 2246.0 1989.0 1711.0 2074.0 2060.0 2208.0 1815.0 2153.0 2159.0 3075.0 2010.0 2141.0 2278.0 2123.0 1940.0 2245.0 1952.0 2667.0 2356.0 2983.0 1827.0 1824.0 2542.0 1955.0 2526.0 2244.0 2415.0 3390.0 2299.0 2489.0 2481.0 3242.0 2613.0 2853.0 2544.0 2810.0 2222.0 2121.0 2125.0 2343.0 2055.0 2146.0 2601.0 2469.0 2192.0 2291.0 2644.0 2926.0 2999.0 2106.0 3295.0 2379.0 2593.0 2285.0 2388.0 2334.0 2650.0 2353.0 3231.0 2440.0 2735.0 2256.0 2494.0 2696.0 3213.0 2501.0 2151.0 2241.0 1883.0 2194.0 2578.0 2377.0 2758.0 1813.0 3025.0 2064.0 2417.0 2326.0 2598.0 2322.0 1912.0 2633.0 2612.0 2401.0 2211.0 2232.0 2090.0 2551.0 2511.0 2644.0 2704.0 2405.0 2534.0 2608.0 4287.0 2191.0 2883.0 2245.0 4159.0 2038.0 2720.0 2273.0 2196.0 2470.0 2999.0 2745.0 2991.0 2138.0 1882.0 2233.0 2230.0 2836.0 2033.0 3025.0 2360.0 2197.0 2374.0
250 2721.0 2090.0 1725.0 6056.0 2511.0 2386.0 2238.0 1698.0 2272.0 1955.0 2127.0 2103.0 1910.0 1566.0 1864.0 1874.0 2073.0 1708.0 2130.0 2048.0 2801.0 1999.0 2078.0 2184.0 1908.0 1867.0 2164.0 1790.0 2532.0 2288.0 2961.0 1707.0 1743.0 2425.0 1819.0 2349.0 2140.0 2345.0 3189.0 2243.0 2414.0 2358.0 3090.0 2552.0 2847.0 2489.0 2700.0 2198.0 1998.0 1961.0 2253.0 2088.0 1980.0 2534.0 2326.0 2053.0 2243.0 2444.0 2787.0 2806.0 2002.0 3185.0 2265.0 2504.0 2231.0 2328.0 2205.0 2610.0 2265.0 3154.0 2363.0 2797.0 2162.0 2494.0 2564.0 3214.0 2370.0 2089.0 2146.0 1860.0 2127.0 2530.0 2317.0 2581.0 1831.0 3040.0 2019.0 2255.0 2246.0 2489.0 2255.0 1790.0 2663.0 2682.0 2250.0 2044.0 2099.0 1964.0 2313.0 2450.0 2520.0 2651.0 2341.0 2396.0 2488.0 3942.0 2178.0 2758.0 2286.0 4002.0 2048.0 2649.0 2201.0 2087.0 2442.0 2985.0 2508.0 2839.0 2031.0 1865.0 2156.0 2182.0 2826.0 1952.0 2812.0 2301.0 2021.0 2303.0
255 2635.0 1949.0 1578.0 5886.0 2348.0 2017.0 2069.0 1435.0 2127.0 1535.0 2004.0 1976.0 1726.0 1219.0 1672.0 1717.0 1933.0 1658.0 1998.0 1787.0 2771.0 1845.0 1888.0 1971.0 1879.0 1565.0 1958.0 1645.0 2401.0 2069.0 2670.0 1537.0 1253.0 2383.0 1623.0 2313.0 2002.0 2333.0 3096.0 2061.0 2270.0 2332.0 2952.0 2447.0 2674.0 2331.0 2507.0 1844.0 1958.0 1936.0 2098.0 1843.0 1848.0 2285.0 2243.0 1942.0 2005.0 2292.0 2545.0 2637.0 1712.0 3042.0 2073.0 2472.0 2213.0 2188.0 2254.0 2455.0 2232.0 3004.0 2205.0 2612.0 2043.0 2342.0 2569.0 3039.0 2289.0 2160.0 2104.0 1924.0 2040.0 2419.0 2160.0 2535.0 1800.0 2904.0 1955.0 2264.0 2264.0 2354.0 2056.0 1719.0 2541.0 2570.0 2194.0 1982.0 1941.0 1855.0 2167.0 2369.0 2476.0 2621.0 2179.0 2255.0 2373.0 3802.0 2070.0 2686.0 2179.0 3628.0 1974.0 2435.0 2120.0 2025.0 2353.0 2910.0 2289.0 2690.0 1949.0 1643.0 2093.0 2012.0 2610.0 1741.0 2572.0 2039.0 1974.0 2220.0
260 2403.0 1571.0 1294.0 4942.0 2260.0 1362.0 1779.0 1009.0 1944.0 964.0 1550.0 1688.0 1545.0 626.0 1256.0 1266.0 1669.0 1386.0 1761.0 1459.0 2554.0 1439.0 1631.0 1294.0 1537.0 1099.0 1359.0 1162.0 2285.0 1873.0 2367.0 1137.0 522.0 2135.0 998.0 2092.0 1662.0 2093.0 2918.0 1826.0 1887.0 2169.0 2749.0 2299.0 2313.0 2016.0 2402.0 1268.0 1661.0 1521.0 1802.0 1143.0 1172.0 1484.0 1981.0 1472.0 1753.0 1776.0 2179.0 2279.0 994.0 2842.0 1689.0 2027.0 2015.0 1926.0 2074.0 2399.0 2198.0 2771.0 2080.0 2432.0 1801.0 2311.0 2479.0 2629.0 2176.0 1989.0 1906.0 1675.0 1892.0 2358.0 2017.0 2304.0 1511.0 2779.0 1569.0 2059.0 1949.0 2278.0 1633.0 1477.0 2449.0 2413.0 2073.0 1486.0 1717.0 1602.0 1551.0 2168.0 2248.0 2467.0 2078.0 1946.0 2171.0 2978.0 1708.0 2467.0 2049.0 3407.0 1836.0 2287.0 1929.0 1735.0 2121.0 2774.0 1752.0 2466.0 1664.0 1142.0 1804.0 1661.0 2427.0 1280.0 2092.0 1628.0 1636.0 2073.0
265 2093.0 826.0 622.0 3033.0 1765.0 489.0 989.0 319.0 1305.0 261.0 750.0 896.0 883.0 123.0 413.0 473.0 743.0 675.0 1033.0 623.0 1725.0 659.0 821.0 395.0 779.0 295.0 466.0 440.0 1654.0 1134.0 1473.0 413.0 104.0 1752.0 289.0 1646.0 831.0 1748.0 2308.0 946.0 1152.0 1645.0 1942.0 1947.0 1439.0 1439.0 1974.0 510.0 989.0 775.0 1129.0 382.0 352.0 556.0 1386.0 857.0 996.0 782.0 1322.0 1237.0 291.0 2251.0 1006.0 1324.0 1724.0 1438.0 1914.0 2254.0 1978.0 2562.0 1836.0 2268.0 985.0 2148.0 2151.0 2123.0 1969.0 1847.0 1433.0 1273.0 1655.0 2128.0 1809.0 1970.0 931.0 2598.0 919.0 1486.0 1594.0 1909.0 782.0 990.0 1997.0 2155.0 1404.0 749.0 1013.0 1027.0 584.0 1806.0 1884.0 2380.0 1504.0 1440.0 1909.0 1652.0 1196.0 2236.0 1675.0 2663.0 1426.0 1805.0 1653.0 1067.0 1515.0 2496.0 778.0 2045.0 1054.0 433.0 1234.0 981.0 2269.0 562.0 1068.0 987.0 975.0 1506.0
270 1378.0 215.0 156.0 990.0 936.0 112.0 270.0 83.0 521.0 85.0 188.0 261.0 243.0 66.0 110.0 128.0 171.0 193.0 284.0 147.0 696.0 171.0 215.0 101.0 184.0 75.0 131.0 116.0 684.0 336.0 430.0 104.0 72.0 855.0 88.0 835.0 240.0 870.0 960.0 285.0 338.0 716.0 770.0 1209.0 553.0 520.0 1078.0 147.0 325.0 186.0 426.0 98.0 95.0 129.0 474.0 293.0 315.0 244.0 363.0 316.0 99.0 1471.0 306.0 542.0 1115.0 550.0 1509.0 1832.0 1812.0 1894.0 1175.0 1948.0 324.0 1583.0 1516.0 849.0 1295.0 1477.0 625.0 562.0 994.0 1770.0 1120.0 1121.0 252.0 2161.0 270.0 652.0 735.0 1355.0 198.0 310.0 1557.0 1655.0 582.0 244.0 284.0 298.0 113.0 894.0 815.0 1987.0 663.0 559.0 1045.0 365.0 336.0 1375.0 828.0 1136.0 666.0 901.0 895.0 386.0 592.0 1948.0 183.0 1219.0 315.0 99.0 453.0 258.0 1592.0 108.0 262.0 232.0 257.0 679.0
275 447.0 69.0 73.0 331.0 228.0 83.0 81.0 53.0 155.0 63.0 94.0 95.0 68.0 58.0 64.0 75.0 82.0 69.0 76.0 84.0 208.0 55.0 80.0 59.0 67.0 62.0 71.0 57.0 157.0 94.0 136.0 53.0 44.0 175.0 64.0 228.0 104.0 246.0 222.0 90.0 96.0 174.0 166.0 409.0 147.0 145.0 339.0 83.0 99.0 88.0 107.0 78.0 77.0 73.0 100.0 111.0 94.0 97.0 97.0 117.0 63.0 573.0 103.0 123.0 436.0 125.0 590.0 735.0 1116.0 705.0 318.0 1015.0 80.0 664.0 550.0 167.0 386.0 831.0 130.0 125.0 344.0 964.0 361.0 357.0 65.0 1238.0 73.0 157.0 178.0 499.0 95.0 84.0 590.0 729.0 156.0 72.0 92.0 64.0 79.0 261.0 217.0 1025.0 144.0 192.0 294.0 147.0 105.0 417.0 243.0 277.0 158.0 254.0 305.0 118.0 168.0 873.0 75.0 340.0 92.0 65.0 110.0 83.0 601.0 66.0 107.0 103.0 78.0 162.0
280 122.0 68.0 59.0 203.0 93.0 64.0 65.0 53.0 70.0 57.0 82.0 67.0 63.0 62.0 55.0 48.0 74.0 60.0 78.0 60.0 97.0 61.0 64.0 51.0 65.0 52.0 77.0 56.0 94.0 86.0 108.0 56.0 59.0 72.0 45.0 93.0 53.0 114.0 146.0 58.0 89.0 108.0 106.0 110.0 122.0 74.0 111.0 64.0 74.0 68.0 65.0 67.0 81.0 79.0 69.0 76.0 59.0 68.0 89.0 93.0 52.0 163.0 66.0 102.0 104.0 66.0 136.0 187.0 324.0 194.0 109.0 266.0 66.0 160.0 145.0 130.0 104.0 204.0 72.0 64.0 87.0 261.0 90.0 106.0 51.0 290.0 66.0 88.0 91.0 101.0 58.0 58.0 156.0 175.0 87.0 80.0 77.0 53.0 54.0 105.0 85.0 281.0 79.0 84.0 97.0 132.0 75.0 135.0 74.0 137.0 74.0 89.0 102.0 79.0 89.0 216.0 66.0 138.0 68.0 44.0 56.0 63.0 154.0 63.0 91.0 56.0 56.0 84.0
285 120.0 57.0 45.0 194.0 100.0 70.0 73.0 42.0 62.0 50.0 61.0 65.0 46.0 56.0 64.0 47.0 51.0 54.0 58.0 48.0 86.0 53.0 58.0 53.0 53.0 74.0 55.0 58.0 75.0 67.0 80.0 49.0 36.0 80.0 53.0 85.0 49.0 88.0 127.0 77.0 70.0 70.0 90.0 88.0 70.0 85.0 100.0 71.0 59.0 55.0 76.0 54.0 46.0 59.0 63.0 70.0 54.0 68.0 108.0 81.0 57.0 104.0 61.0 72.0 71.0 79.0 82.0 113.0 100.0 131.0 71.0 104.0 51.0 81.0 93.0 86.0 88.0 87.0 76.0 60.0 58.0 88.0 75.0 89.0 49.0 114.0 66.0 75.0 64.0 85.0 68.0 59.0 94.0 96.0 84.0 56.0 63.0 62.0 58.0 74.0 96.0 106.0 73.0 81.0 73.0 131.0 58.0 102.0 60.0 103.0 63.0 85.0 76.0 64.0 85.0 95.0 60.0 122.0 62.0 57.0 56.0 68.0 102.0 55.0 71.0 59.0 49.0 79.0
290 84.0 57.0 52.0 179.0 78.0 78.0 70.0 38.0 69.0 37.0 59.0 59.0 51.0 54.0 61.0 48.0 68.0 63.0 66.0 50.0 89.0 61.0 70.0 63.0 53.0 50.0 69.0 55.0 81.0 71.0 88.0 40.0 52.0 69.0 49.0 74.0 57.0 60.0 94.0 56.0 62.0 77.0 95.0 76.0 94.0 79.0 72.0 57.0 65.0 52.0 67.0 69.0 58.0 75.0 65.0 60.0 69.0 76.0 78.0 85.0 44.0 95.0 52.0 64.0 82.0 44.0 65.0 89.0 72.0 94.0 54.0 67.0 61.0 76.0 68.0 98.0 72.0 79.0 66.0 45.0 63.0 93.0 63.0 80.0 48.0 90.0 49.0 60.0 65.0 71.0 62.0 44.0 70.0 83.0 71.0 59.0 46.0 67.0 74.0 62.0 67.0 79.0 56.0 53.0 63.0 123.0 69.0 75.0 65.0 98.0 59.0 74.0 62.0 77.0 82.0 88.0 54.0 84.0 57.0 40.0 68.0 59.0 82.0 53.0 72.0 70.0 42.0 56.0
295 89.0 62.0 34.0 166.0 82.0 65.0 57.0 62.0 53.0 50.0 63.0 52.0 46.0 44.0 44.0 41.0 60.0 56.0 53.0 53.0 100.0 57.0 54.0 69.0 56.0 55.0 47.0 40.0 71.0 90.0 93.0 43.0 33.0 67.0 33.0 68.0 45.0 67.0 69.0 64.0 61.0 80.0 70.0 77.0 79.0 72.0 75.0 55.0 40.0 63.0 62.0 56.0 50.0 61.0 66.0 55.0 46.0 67.0 81.0 88.0 57.0 93.0 67.0 72.0 74.0 64.0 58.0 72.0 74.0 93.0 76.0 76.0 52.0 66.0 63.0 81.0 78.0 83.0 53.0 58.0 56.0 83.0 69.0 73.0 45.0 86.0 42.0 73.0 65.0 85.0 55.0 43.0 83.0 70.0 60.0 47.0 64.0 53.0 51.0 70.0 58.0 83.0 52.0 61.0 77.0 91.0 61.0 78.0 62.0 81.0 52.0 72.0 59.0 55.0 73.0 103.0 58.0 83.0 56.0 51.0 52.0 60.0 85.0 37.0 62.0 44.0 50.0 64.0
300 91.0 54.0 34.0 190.0 82.0 56.0 63.0 37.0 52.0 39.0 52.0 44.0 45.0 34.0 46.0 37.0 56.0 37.0 54.0 46.0 78.0 52.0 51.0 49.0 53.0 46.0 47.0 50.0 69.0 53.0 58.0 36.0 45.0 75.0 41.0 60.0 40.0 70.0 95.0 51.0 54.0 76.0 80.0 63.0 81.0 57.0 64.0 48.0 54.0 52.0 66.0 52.0 54.0 53.0 56.0 64.0 56.0 62.0 66.0 91.0 42.0 88.0 69.0 50.0 58.0 52.0 63.0 77.0 48.0 88.0 66.0 72.0 57.0 75.0 93.0 82.0 52.0 54.0 59.0 42.0 63.0 79.0 55.0 64.0 37.0 91.0 31.0 58.0 68.0 68.0 56.0 35.0 62.0 73.0 51.0 45.0 57.0 49.0 30.0 63.0 57.0 82.0 59.0 48.0 64.0 86.0 56.0 75.0 66.0 84.0 57.0 63.0 56.0 47.0 68.0 79.0 61.0 84.0 45.0 43.0 65.0 47.0 83.0 50.0 60.0 46.0 55.0 63.0
305 72.0 50.0 44.0 176.0 81.0 39.0 61.0 29.0 54.0 40.0 50.0 49.0 41.0 24.0 37.0 45.0 44.0 42.0 51.0 38.0 89.0 37.0 43.0 31.0 57.0 37.0 46.0 34.0 82.0 56.0 75.0 35.0 25.0 64.0 27.0 77.0 44.0 59.0 86.0 53.0 63.0 58.0 85.0 59.0 57.0 52.0 49.0 46.0 37.0 42.0 52.0 32.0 43.0 62.0 63.0 58.0 64.0 52.0 73.0 66.0 39.0 89.0 50.0 54.0 65.0 37.0 45.0 72.0 63.0 89.0 64.0 75.0 42.0 74.0 71.0 80.0 61.0 76.0 55.0 48.0 53.0 50.0 64.0 64.0 38.0 81.0 42.0 52.0 62.0 64.0 40.0 41.0 54.0 63.0 49.0 46.0 45.0 42.0 40.0 61.0 50.0 88.0 54.0 63.0 59.0 71.0 45.0 59.0 62.0 86.0 47.0 56.0 68.0 39.0 62.0 91.0 48.0 78.0 44.0 26.0 42.0 47.0 86.0 44.0 57.0 52.0 47.0 49.0
310 71.0 42.0 34.0 125.0 58.0 32.0 47.0 27.0 51.0 28.0 38.0 42.0 38.0 12.0 23.0 31.0 40.0 25.0 53.0 30.0 48.0 34.0 39.0 28.0 41.0 28.0 30.0 31.0 53.0 38.0 49.0 21.0 8.0 45.0 24.0 49.0 37.0 64.0 79.0 46.0 50.0 58.0 62.0 65.0 65.0 60.0 69.0 26.0 45.0 41.0 50.0 28.0 18.0 49.0 42.0 46.0 43.0 34.0 55.0 62.0 30.0 85.0 35.0 49.0 43.0 24.0 53.0 67.0 66.0 65.0 60.0 62.0 38.0 70.0 68.0 48.0 52.0 54.0 42.0 26.0 54.0 54.0 47.0 56.0 33.0 81.0 29.0 53.0 36.0 60.0 29.0 30.0 72.0 59.0 38.0 46.0 40.0 35.0 22.0 53.0 54.0 59.0 48.0 46.0 60.0 60.0 47.0 71.0 48.0 76.0 60.0 47.0 48.0 37.0 40.0 70.0 33.0 83.0 33.0 20.0 38.0 28.0 79.0 16.0 46.0 29.0 39.0 59.0
315 77.0 16.0 16.0 90.0 43.0 7.0 28.0 11.0 49.0 7.0 28.0 29.0 28.0 5.0 18.0 13.0 27.0 17.0 32.0 14.0 52.0 21.0 21.0 11.0 21.0 11.0 16.0 10.0 53.0 22.0 51.0 13.0 2.0 48.0 4.0 56.0 15.0 43.0 62.0 25.0 28.0 44.0 54.0 63.0 52.0 31.0 55.0 10.0 40.0 17.0 27.0 12.0 13.0 15.0 35.0 22.0 27.0 23.0 45.0 41.0 12.0 73.0 32.0 53.0 54.0 22.0 42.0 61.0 56.0 65.0 49.0 68.0 9.0 48.0 57.0 47.0 51.0 54.0 29.0 28.0 47.0 56.0 60.0 45.0 12.0 68.0 16.0 31.0 36.0 46.0 9.0 25.0 59.0 52.0 24.0 11.0 16.0 18.0 6.0 39.0 36.0 76.0 34.0 39.0 63.0 33.0 28.0 52.0 46.0 60.0 36.0 36.0 32.0 33.0 43.0 68.0 15.0 71.0 24.0 8.0 19.0 19.0 55.0 8.0 25.0 20.0 16.0 39.0
320 60.0 7.0 6.0 47.0 31.0 4.0 16.0 2.0 13.0 4.0 4.0 16.0 17.0 5.0 3.0 4.0 7.0 8.0 10.0 8.0 28.0 8.0 14.0 4.0 5.0 4.0 4.0 5.0 22.0 19.0 22.0 1.0 1.0 43.0 2.0 35.0 11.0 33.0 36.0 12.0 14.0 21.0 36.0 42.0 23.0 19.0 40.0 3.0 14.0 8.0 19.0 3.0 2.0 5.0 21.0 14.0 13.0 10.0 25.0 11.0 5.0 48.0 17.0 25.0 28.0 16.0 40.0 45.0 52.0 61.0 28.0 58.0 4.0 41.0 36.0 17.0 39.0 56.0 13.0 6.0 25.0 44.0 31.0 25.0 6.0 61.0 4.0 24.0 16.0 41.0 3.0 7.0 43.0 50.0 12.0 7.0 6.0 8.0 1.0 27.0 23.0 47.0 20.0 16.0 40.0 8.0 9.0 39.0 18.0 32.0 16.0 24.0 34.0 8.0 18.0 43.0 5.0 38.0 5.0 2.0 11.0 7.0 33.0 1.0 9.0 5.0 2.0 20.0
325 27.0 1.0 2.0 24.0 22.0 3.0 1.0 1.0 6.0 0.0 3.0 4.0 8.0 1.0 4.0 0.0 2.0 1.0 6.0 6.0 8.0 3.0 3.0 2.0 5.0 1.0 0.0 2.0 12.0 7.0 10.0 3.0 3.0 16.0 3.0 11.0 4.0 17.0 14.0 4.0 1.0 14.0 9.0 26.0 12.0 6.0 26.0 8.0 4.0 5.0 8.0 1.0 1.0 3.0 4.0 3.0 5.0 3.0 10.0 4.0 0.0 27.0 7.0 12.0 18.0 3.0 21.0 40.0 38.0 30.0 10.0 32.0 3.0 26.0 21.0 7.0 15.0 34.0 2.0 8.0 24.0 30.0 17.0 20.0 1.0 44.0 2.0 4.0 12.0 18.0 4.0 4.0 19.0 26.0 6.0 2.0 1.0 2.0 1.0 8.0 9.0 33.0 2.0 10.0 14.0 3.0 3.0 25.0 8.0 9.0 7.0 2.0 8.0 2.0 7.0 41.0 0.0 17.0 5.0 3.0 3.0 5.0 25.0 1.0 2.0 4.0 2.0 11.0
330 12.0 2.0 4.0 7.0 5.0 4.0 1.0 1.0 1.0 4.0 0.0 2.0 4.0 0.0 2.0 1.0 2.0 2.0 4.0 2.0 7.0 3.0 3.0 1.0 1.0 2.0 3.0 4.0 5.0 1.0 3.0 0.0 3.0 3.0 0.0 7.0 1.0 5.0 4.0 4.0 2.0 0.0 8.0 7.0 3.0 4.0 11.0 0.0 3.0 3.0 2.0 1.0 4.0 5.0 2.0 5.0 6.0 1.0 2.0 2.0 2.0 13.0 2.0 5.0 3.0 2.0 8.0 10.0 18.0 10.0 3.0 29.0 2.0 9.0 8.0 5.0 7.0 15.0 4.0 1.0 2.0 13.0 3.0 3.0 1.0 25.0 3.0 2.0 2.0 5.0 2.0 1.0 5.0 13.0 2.0 0.0 4.0 3.0 1.0 7.0 4.0 17.0 0.0 0.0 2.0 5.0 4.0 2.0 4.0 0.0 3.0 3.0 4.0 3.0 3.0 20.0 3.0 10.0 4.0 1.0 2.0 1.0 14.0 1.0 2.0 4.0 4.0 0.0
335 3.0 2.0 4.0 5.0 3.0 4.0 0.0 2.0 1.0 2.0 2.0 0.0 5.0 1.0 0.0 3.0 4.0 0.0 4.0 1.0 6.0 2.0 1.0 2.0 2.0 3.0 2.0 1.0 6.0 3.0 1.0 0.0 4.0 3.0 1.0 2.0 4.0 1.0 4.0 2.0 0.0 2.0 3.0 1.0 4.0 1.0 4.0 1.0 1.0 0.0 3.0 3.0 2.0 1.0 1.0 2.0 3.0 4.0 4.0 3.0 0.0 8.0 1.0 2.0 6.0 3.0 5.0 5.0 8.0 2.0 2.0 8.0 2.0 3.0 7.0 4.0 4.0 1.0 0.0 0.0 1.0 6.0 2.0 2.0 1.0 5.0 0.0 2.0 2.0 4.0 1.0 0.0 2.0 7.0 1.0 3.0 0.0 2.0 2.0 3.0 1.0 2.0 1.0 4.0 4.0 8.0 1.0 7.0 5.0 1.0 1.0 4.0 1.0 2.0 2.0 3.0 1.0 8.0 3.0 0.0 2.0 2.0 6.0 2.0 4.0 1.0 0.0 2.0
340 6.0 2.0 1.0 3.0 2.0 4.0 1.0 1.0 2.0 2.0 1.0 3.0 1.0 2.0 1.0 3.0 1.0 0.0 1.0 2.0 3.0 0.0 2.0 1.0 3.0 4.0 4.0 0.0 2.0 1.0 3.0 0.0 1.0 3.0 0.0 1.0 0.0 2.0 3.0 2.0 4.0 4.0 2.0 2.0 3.0 4.0 2.0 1.0 4.0 5.0 4.0 2.0 3.0 4.0 1.0 1.0 2.0 3.0 2.0 1.0 3.0 4.0 1.0 4.0 0.0 2.0 2.0 1.0 4.0 1.0 2.0 4.0 1.0 1.0 3.0 4.0 3.0 1.0 1.0 0.0 1.0 2.0 1.0 0.0 0.0 3.0 3.0 2.0 2.0 4.0 4.0 0.0 2.0 1.0 1.0 0.0 1.0 4.0 2.0 2.0 5.0 2.0 1.0 3.0 1.0 1.0 0.0 0.0 2.0 0.0 3.0 2.0 3.0 1.0 2.0 1.0 2.0 1.0 3.0 1.0 2.0 0.0 1.0 2.0 4.0 4.0 5.0 1.0
345 5.0 1.0 2.0 10.0 3.0 0.0 6.0 2.0 0.0 0.0 2.0 3.0 3.0 2.0 2.0 2.0 3.0 1.0 3.0 3.0 3.0 1.0 3.0 1.0 0.0 0.0 0.0 1.0 1.0 2.0 3.0 2.0 0.0 3.0 0.0 1.0 1.0 4.0 0.0 3.0 1.0 5.0 3.0 5.0 4.0 0.0 2.0 2.0 1.0 2.0 1.0 0.0 1.0 0.0 4.0 1.0 1.0 2.0 4.0 3.0 2.0 4.0 3.0 2.0 1.0 3.0 1.0 2.0 2.0 3.0 2.0 3.0 5.0 2.0 1.0 0.0 3.0 3.0 0.0 2.0 4.0 2.0 1.0 0.0 1.0 3.0 2.0 3.0 1.0 1.0 2.0 1.0 2.0 0.0 3.0 2.0 2.0 1.0 2.0 2.0 4.0 3.0 0.0 2.0 4.0 3.0 3.0 1.0 0.0 1.0 1.0 6.0 0.0 2.0 2.0 3.0 1.0 1.0 2.0 1.0 1.0 1.0 3.0 0.0 1.0 2.0 3.0 2.0
350 1.0 1.0 0.0 11.0 2.0 0.0 1.0 0.0 0.0 1.0 1.0 0.0 2.0 0.0 1.0 3.0 3.0 1.0 2.0 2.0 4.0 1.0 0.0 2.0 2.0 2.0 1.0 0.0 2.0 1.0 0.0 3.0 0.0 3.0 0.0 3.0 3.0 2.0 3.0 1.0 0.0 3.0 0.0 4.0 5.0 2.0 0.0 1.0 1.0 0.0 1.0 3.0 0.0 0.0 2.0 3.0 0.0 1.0 2.0 2.0 3.0 4.0 1.0 1.0 3.0 1.0 2.0 1.0 5.0 3.0 0.0 5.0 2.0 4.0 2.0 2.0 2.0 1.0 1.0 4.0 0.0 2.0 2.0 6.0 1.0 4.0 0.0 4.0 1.0 4.0 4.0 1.0 5.0 2.0 1.0 1.0 0.0 0.0 0.0 5.0 3.0 3.0 1.0 3.0 1.0 1.0 1.0 3.0 2.0 2.0 0.0 4.0 1.0 0.0 2.0 2.0 0.0 5.0 0.0 3.0 0.0 2.0 2.0 1.0 3.0 2.0 1.0 0.0
355 4.0 2.0 1.0 7.0 2.0 1.0 6.0 1.0 3.0 1.0 1.0 3.0 1.0 2.0 0.0 0.0 4.0 1.0 1.0 1.0 3.0 3.0 0.0 0.0 2.0 1.0 2.0 1.0 2.0 4.0 2.0 0.0 0.0 5.0 1.0 1.0 1.0 2.0 3.0 3.0 0.0 1.0 3.0 4.0 4.0 1.0 3.0 3.0 1.0 3.0 2.0 0.0 0.0 1.0 1.0 3.0 3.0 1.0 0.0 2.0 3.0 0.0 2.0 2.0 1.0 0.0 2.0 0.0 1.0 1.0 3.0 1.0 1.0 2.0 3.0 4.0 0.0 4.0 0.0 1.0 2.0 2.0 1.0 2.0 0.0 4.0 2.0 2.0 1.0 3.0 0.0 0.0 1.0 3.0 2.0 1.0 1.0 1.0 1.0 3.0 0.0 1.0 2.0 4.0 2.0 0.0 0.0 2.0 0.0 1.0 4.0 3.0 1.0 1.0 0.0 1.0 2.0 4.0 1.0 0.0 2.0 0.0 3.0 0.0 3.0 0.0 2.0 1.0
360 3.0 1.0 0.0 3.0 2.0 0.0 0.0 0.0 1.0 0.0 1.0 2.0 2.0 1.0 4.0 0.0 0.0 2.0 1.0 1.0 3.0 1.0 1.0 2.0 1.0 0.0 1.0 0.0 3.0 0.0 5.0 0.0 0.0 2.0 0.0 1.0 0.0 1.0 0.0 1.0 1.0 1.0 2.0 2.0 1.0 4.0 1.0 0.0 0.0 2.0 3.0 0.0 0.0 4.0 2.0 2.0 0.0 4.0 4.0 0.0 0.0 4.0 0.0 1.0 0.0 2.0 3.0 0.0 1.0 4.0 2.0 5.0 0.0 3.0 1.0 0.0 2.0 3.0 2.0 0.0 2.0 4.0 2.0 1.0 0.0 5.0 1.0 2.0 5.0 0.0 1.0 3.0 2.0 2.0 0.0 1.0 2.0 3.0 1.0 3.0 1.0 2.0 2.0 1.0 2.0 2.0 0.0 0.0 3.0 4.0 2.0 1.0 1.0 0.0 1.0 4.0 1.0 1.0 2.0 2.0 1.0 1.0 0.0 1.0 0.0 1.0 1.0 1.0
365 1.0 1.0 2.0 3.0 4.0 2.0 1.0 0.0 1.0 1.0 3.0 1.0 1.0 0.0 0.0 0.0 1.0 1.0 2.0 0.0 1.0 0.0 3.0 1.0 2.0 0.0 1.0 0.0 1.0 1.0 2.0 0.0 1.0 2.0 0.0 1.0 1.0 1.0 2.0 3.0 0.0 2.0 2.0 0.0 3.0 1.0 2.0 1.0 0.0 1.0 0.0 0.0 1.0 1.0 1.0 3.0 0.0 1.0 4.0 0.0 0.0 1.0 0.0 1.0 1.0 0.0 5.0 2.0 3.0 3.0 1.0 1.0 0.0 3.0 2.0 2.0 3.0 2.0 0.0 0.0 0.0 2.0 2.0 3.0 0.0 4.0 0.0 1.0 0.0 2.0 0.0 0.0 2.0 1.0 2.0 0.0 0.0 1.0 0.0 1.0 2.0 1.0 2.0 1.0 0.0 1.0 1.0 1.0 2.0 0.0 0.0 2.0 0.0 1.0 0.0 2.0 0.0 3.0 1.0 0.0 1.0 0.0 1.0 0.0 2.0 0.0 0.0 1.0
370 1.0 1.0 0.0 2.0 1.0 0.0 1.0 0.0 0.0 1.0 1.0 1.0 2.0 1.0 0.0 1.0 1.0 2.0 0.0 1.0 2.0 0.0 2.0 0.0 1.0 0.0 0.0 0.0 0.0 0.0 1.0 0.0 0.0 0.0 1.0 2.0 2.0 2.0 1.0 0.0 1.0 1.0 3.0 2.0 2.0 0.0 0.0 0.0 1.0 0.0 0.0 0.0 0.0 0.0 2.0 1.0 1.0 0.0 1.0 0.0 0.0 1.0 1.0 0.0 2.0 1.0 0.0 0.0 3.0 0.0 0.0 1.0 0.0 4.0 1.0 0.0 1.0 1.0 0.0 1.0 0.0 3.0 2.0 0.0 0.0 2.0 2.0 1.0 0.0 0.0 0.0 0.0 5.0 1.0 1.0 1.0 0.0 0.0 1.0 3.0 2.0 1.0 0.0 2.0 2.0 1.0 1.0 0.0 0.0 2.0 1.0 1.0 1.0 1.0 0.0 2.0 1.0 1.0 0.0 0.0 1.0 1.0 2.0 0.0 0.0 0.0 0.0 0.0
375 5.0 0.0 0.0 2.0 2.0 0.0 0.0 0.0 0.0 0.0 0.0 0.0 0.0 0.0 1.0 0.0 1.0 0.0 0.0 0.0 0.0 0.0 0.0 0.0 0.0 1.0 0.0 0.0 1.0 0.0 1.0 1.0 0.0 0.0 0.0 1.0 0.0 1.0 0.0 0.0 2.0 1.0 1.0 0.0 0.0 1.0 0.0 0.0 2.0 0.0 0.0 0.0 0.0 0.0 1.0 0.0 0.0 1.0 0.0 0.0 0.0 0.0 0.0 0.0 1.0 0.0 0.0 3.0 0.0 1.0 0.0 0.0 0.0 1.0 1.0 0.0 0.0 1.0 0.0 1.0 0.0 0.0 0.0 0.0 0.0 1.0 1.0 1.0 1.0 0.0 0.0 0.0 2.0 5.0 1.0 0.0 1.0 0.0 0.0 0.0 0.0 3.0 0.0 1.0 1.0 0.0 0.0 1.0 1.0 0.0 0.0 1.0 2.0 0.0 0.0 0.0 0.0 1.0 0.0 0.0 1.0 0.0 2.0 0.0 0.0 0.0 0.0 0.0
380 0.0 0.0 2.0 0.0 2.0 1.0 0.0 0.0 1.0 0.0 0.0 0.0 0.0 0.0 0.0 0.0 0.0 0.0 0.0 0.0 0.0 0.0 0.0 0.0 0.0 0.0 0.0 0.0 1.0 1.0 0.0 0.0 0.0 0.0 1.0 0.0 0.0 0.0 0.0 0.0 0.0 0.0 0.0 1.0 0.0 0.0 1.0 0.0 0.0 0.0 0.0 0.0 1.0 0.0 0.0 0.0 0.0 0.0 0.0 1.0 1.0 1.0 0.0 0.0 0.0 0.0 0.0 1.0 0.0 0.0 0.0 1.0 1.0 0.0 1.0 0.0 0.0 0.0 0.0 0.0 0.0 1.0 0.0 0.0 0.0 1.0 1.0 0.0 0.0 0.0 0.0 0.0 1.0 2.0 1.0 0.0 0.0 0.0 0.0 0.0 0.0 0.0 0.0 0.0 0.0 0.0 0.0 1.0 0.0 0.0 0.0 0.0 0.0 0.0 0.0 1.0 0.0 0.0 0.0 0.0 0.0 0.0 0.0 2.0 0.0 0.0 0.0 0.0
385 0.0 0.0 0.0 2.0 1.0 0.0 0.0 0.0 0.0 0.0 0.0 0.0 0.0 0.0 0.0 0.0 0.0 0.0 0.0 1.0 0.0 0.0 1.0 0.0 0.0 0.0 1.0 0.0 0.0 0.0 0.0 0.0 0.0 0.0 0.0 0.0 0.0 1.0 0.0 0.0 0.0 1.0 0.0 0.0 0.0 2.0 0.0 0.0 0.0 0.0 0.0 0.0 0.0 1.0 0.0 0.0 0.0 0.0 0.0 0.0 0.0 0.0 0.0 1.0 0.0 0.0 0.0 0.0 0.0 0.0 0.0 1.0 1.0 1.0 0.0 0.0 0.0 0.0 0.0 0.0 0.0 0.0 2.0 0.0 0.0 1.0 0.0 1.0 0.0 0.0 0.0 0.0 0.0 0.0 0.0 0.0 0.0 0.0 1.0 0.0 0.0 1.0 0.0 0.0 0.0 0.0 0.0 0.0 0.0 1.0 0.0 0.0 1.0 0.0 0.0 0.0 1.0 1.0 0.0 0.0 0.0 0.0 1.0 0.0 0.0 0.0 0.0 1.0
390 1.0 0.0 0.0 0.0 0.0 1.0 0.0 0.0 1.0 0.0 0.0 1.0 0.0 0.0 0.0 0.0 2.0 0.0 0.0 0.0 1.0 1.0 0.0 0.0 0.0 0.0 0.0 0.0 0.0 0.0 0.0 0.0 0.0 0.0 0.0 0.0 1.0 0.0 1.0 1.0 0.0 0.0 1.0 0.0 0.0 0.0 0.0 0.0 0.0 1.0 0.0 1.0 0.0 0.0 0.0 0.0 0.0 1.0 2.0 0.0 1.0 0.0 0.0 0.0 0.0 0.0 0.0 0.0 1.0 0.0 0.0 0.0 0.0 0.0 0.0 0.0 0.0 0.0 0.0 0.0 0.0 0.0 1.0 1.0 0.0 1.0 0.0 0.0 0.0 0.0 0.0 0.0 1.0 0.0 0.0 0.0 0.0 0.0 1.0 0.0 1.0 0.0 0.0 1.0 0.0 0.0 0.0 0.0 2.0 0.0 0.0 0.0 0.0 0.0 0.0 0.0 1.0 1.0 0.0 0.0 0.0 1.0 0.0 0.0 1.0 0.0 0.0 0.0
395 0.0 0.0 0.0 2.0 0.0 1.0 1.0 1.0 1.0 1.0 1.0 1.0 1.0 1.0 0.0 1.0 0.0 0.0 0.0 0.0 1.0 1.0 0.0 0.0 0.0 0.0 0.0 1.0 1.0 0.0 0.0 0.0 0.0 0.0 0.0 1.0 0.0 1.0 0.0 0.0 0.0 0.0 1.0 1.0 0.0 0.0 1.0 0.0 1.0 0.0 1.0 1.0 2.0 0.0 0.0 0.0 0.0 0.0 0.0 0.0 0.0 2.0 1.0 1.0 0.0 0.0 1.0 1.0 0.0 0.0 0.0 0.0 0.0 0.0 0.0 2.0 0.0 1.0 0.0 0.0 0.0 0.0 0.0 0.0 1.0 2.0 0.0 0.0 0.0 0.0 0.0 0.0 0.0 0.0 0.0 0.0 0.0 0.0 0.0 2.0 1.0 0.0 0.0 0.0 1.0 0.0 0.0 0.0 0.0 0.0 1.0 0.0 1.0 0.0 0.0 0.0 0.0 0.0 0.0 0.0 1.0 0.0 0.0 0.0 1.0 0.0 0.0 0.0
400 0.0 0.0 0.0 0.0 0.0 2.0 0.0 0.0 0.0 0.0 0.0 0.0 0.0 0.0 0.0 0.0 2.0 0.0 0.0 0.0 0.0 0.0 0.0 1.0 0.0 1.0 0.0 0.0 1.0 0.0 0.0 0.0 0.0 0.0 0.0 0.0 0.0 0.0 0.0 0.0 0.0 1.0 0.0 0.0 0.0 0.0 0.0 0.0 0.0 0.0 0.0 0.0 0.0 0.0 0.0 0.0 0.0 0.0 0.0 0.0 0.0 0.0 0.0 0.0 0.0 0.0 0.0 0.0 0.0 1.0 0.0 0.0 0.0 1.0 0.0 1.0 0.0 0.0 0.0 0.0 0.0 0.0 0.0 0.0 1.0 0.0 0.0 0.0 0.0 0.0 0.0 0.0 1.0 0.0 0.0 1.0 0.0 1.0 0.0 0.0 0.0 1.0 0.0 0.0 0.0 0.0 1.0 0.0 2.0 0.0 0.0 0.0 0.0 0.0 0.0 1.0 0.0 0.0 0.0 0.0 0.0 0.0 0.0 0.0 0.0 0.0 0.0 0.0
405 0.0 0.0 0.0 0.0 0.0 1.0 0.0 0.0 0.0 0.0 0.0 0.0 0.0 0.0 0.0 0.0 0.0 1.0 1.0 0.0 1.0 0.0 0.0 0.0 0.0 0.0 0.0 0.0 0.0 0.0 0.0 0.0 0.0 0.0 0.0 0.0 0.0 0.0 0.0 0.0 0.0 0.0 0.0 0.0 0.0 0.0 0.0 0.0 0.0 0.0 2.0 0.0 0.0 1.0 0.0 0.0 0.0 0.0 0.0 2.0 1.0 1.0 0.0 0.0 0.0 0.0 0.0 0.0 0.0 1.0 0.0 1.0 0.0 0.0 0.0 0.0 0.0 0.0 0.0 0.0 0.0 0.0 0.0 1.0 3.0 2.0 0.0 0.0 0.0 1.0 0.0 0.0 0.0 0.0 0.0 0.0 0.0 0.0 0.0 0.0 0.0 2.0 0.0 0.0 0.0 0.0 0.0 0.0 1.0 1.0 0.0 0.0 0.0 0.0 0.0 1.0 0.0 0.0 1.0 0.0 0.0 0.0 0.0 2.0 0.0 0.0 0.0 0.0
410 0.0 0.0 0.0 0.0 0.0 0.0 0.0 0.0 0.0 0.0 0.0 0.0 2.0 0.0 0.0 0.0 0.0 0.0 0.0 0.0 0.0 0.0 0.0 0.0 0.0 1.0 1.0 0.0 0.0 0.0 0.0 0.0 0.0 0.0 0.0 0.0 0.0 1.0 0.0 0.0 0.0 0.0 2.0 0.0 0.0 1.0 0.0 0.0 0.0 0.0 1.0 0.0 0.0 0.0 0.0 0.0 0.0 0.0 0.0 1.0 0.0 0.0 0.0 0.0 0.0 0.0 0.0 2.0 1.0 0.0 0.0 0.0 0.0 0.0 0.0 0.0 1.0 0.0 1.0 0.0 0.0 1.0 0.0 0.0 0.0 0.0 0.0 0.0 0.0 0.0 0.0 0.0 0.0 1.0 0.0 1.0 0.0 0.0 1.0 1.0 0.0 0.0 0.0 0.0 3.0 0.0 0.0 0.0 1.0 0.0 0.0 0.0 0.0 0.0 0.0 0.0 0.0 0.0 0.0 0.0 0.0 0.0 1.0 0.0 0.0 0.0 0.0 0.0
415 0.0 2.0 0.0 0.0 0.0 0.0 0.0 0.0 0.0 0.0 0.0 0.0 0.0 0.0 0.0 0.0 0.0 0.0 1.0 0.0 0.0 0.0 1.0 0.0 0.0 1.0 1.0 0.0 0.0 0.0 1.0 0.0 0.0 0.0 0.0 1.0 0.0 0.0 0.0 0.0 0.0 0.0 0.0 0.0 0.0 0.0 0.0 0.0 0.0 0.0 2.0 0.0 1.0 1.0 0.0 0.0 0.0 0.0 0.0 0.0 0.0 0.0 0.0 0.0 0.0 0.0 0.0 0.0 0.0 0.0 1.0 0.0 0.0 0.0 0.0 0.0 0.0 1.0 0.0 0.0 0.0 0.0 0.0 0.0 0.0 0.0 0.0 1.0 0.0 1.0 0.0 0.0 0.0 0.0 0.0 1.0 0.0 0.0 0.0 0.0 0.0 0.0 0.0 0.0 0.0 1.0 1.0 0.0 0.0 0.0 0.0 0.0 0.0 0.0 0.0 0.0 0.0 1.0 1.0 0.0 0.0 0.0 0.0 0.0 0.0 0.0 1.0 0.0
420 0.0 0.0 0.0 0.0 0.0 1.0 0.0 0.0 0.0 0.0 0.0 0.0 0.0 0.0 0.0 0.0 0.0 0.0 0.0 0.0 0.0 0.0 0.0 0.0 0.0 1.0 0.0 0.0 0.0 0.0 0.0 0.0 0.0 0.0 0.0 1.0 0.0 0.0 0.0 1.0 0.0 0.0 0.0 0.0 0.0 0.0 0.0 0.0 0.0 0.0 1.0 0.0 0.0 0.0 0.0 0.0 0.0 0.0 0.0 1.0 0.0 0.0 0.0 0.0 1.0 0.0 0.0 0.0 0.0 1.0 0.0 0.0 1.0 0.0 1.0 0.0 0.0 0.0 0.0 0.0 0.0 1.0 0.0 1.0 0.0 0.0 0.0 0.0 0.0 0.0 0.0 0.0 0.0 0.0 0.0 0.0 0.0 1.0 0.0 0.0 0.0 0.0 0.0 0.0 0.0 0.0 1.0 0.0 1.0 0.0 0.0 0.0 1.0 0.0 0.0 0.0 0.0 0.0 1.0 1.0 0.0 0.0 0.0 0.0 0.0 1.0 1.0 0.0
425 0.0 0.0 0.0 0.0 0.0 1.0 0.0 0.0 1.0 0.0 0.0 0.0 0.0 0.0 0.0 0.0 0.0 0.0 0.0 0.0 0.0 0.0 1.0 0.0 0.0 0.0 0.0 0.0 0.0 0.0 0.0 0.0 0.0 0.0 0.0 0.0 0.0 0.0 0.0 0.0 0.0 0.0 0.0 0.0 0.0 0.0 0.0 0.0 0.0 0.0 0.0 0.0 0.0 0.0 0.0 0.0 0.0 0.0 0.0 0.0 0.0 1.0 0.0 0.0 0.0 0.0 0.0 0.0 0.0 0.0 0.0 0.0 0.0 0.0 0.0 0.0 0.0 0.0 0.0 0.0 1.0 1.0 2.0 0.0 1.0 0.0 0.0 0.0 0.0 0.0 0.0 0.0 0.0 0.0 0.0 0.0 0.0 0.0 0.0 1.0 1.0 0.0 0.0 0.0 0.0 0.0 0.0 0.0 0.0 0.0 0.0 0.0 0.0 0.0 0.0 0.0 0.0 0.0 0.0 0.0 0.0 0.0 0.0 0.0 0.0 0.0 0.0 0.0
430 0.0 0.0 1.0 0.0 0.0 0.0 0.0 0.0 0.0 1.0 0.0 0.0 0.0 0.0 0.0 0.0 0.0 1.0 0.0 0.0 2.0 0.0 0.0 0.0 1.0 1.0 0.0 0.0 0.0 0.0 1.0 0.0 0.0 0.0 0.0 0.0 0.0 0.0 0.0 0.0 1.0 1.0 0.0 0.0 0.0 0.0 0.0 0.0 0.0 0.0 1.0 1.0 0.0 0.0 0.0 1.0 0.0 0.0 0.0 1.0 1.0 0.0 0.0 0.0 0.0 0.0 0.0 0.0 0.0 0.0 0.0 0.0 0.0 0.0 0.0 0.0 0.0 0.0 0.0 0.0 0.0 1.0 1.0 0.0 0.0 0.0 0.0 0.0 0.0 0.0 0.0 0.0 0.0 0.0 0.0 0.0 0.0 0.0 0.0 0.0 0.0 0.0 0.0 0.0 0.0 0.0 0.0 0.0 0.0 0.0 0.0 0.0 0.0 0.0 0.0 0.0 0.0 0.0 0.0 0.0 0.0 0.0 0.0 0.0 0.0 0.0 0.0 0.0
435 0.0 0.0 0.0 0.0 1.0 0.0 1.0 0.0 1.0 0.0 0.0 0.0 0.0 0.0 0.0 0.0 0.0 1.0 0.0 0.0 0.0 0.0 0.0 0.0 0.0 0.0 0.0 0.0 0.0 0.0 0.0 0.0 0.0 0.0 0.0 0.0 0.0 0.0 0.0 0.0 0.0 0.0 0.0 1.0 0.0 0.0 1.0 0.0 0.0 0.0 0.0 0.0 0.0 0.0 0.0 1.0 0.0 0.0 0.0 0.0 0.0 0.0 0.0 0.0 0.0 0.0 0.0 0.0 0.0 1.0 1.0 0.0 0.0 1.0 1.0 0.0 0.0 0.0 0.0 1.0 0.0 0.0 0.0 0.0 0.0 0.0 0.0 0.0 0.0 0.0 0.0 0.0 0.0 0.0 0.0 0.0 0.0 0.0 0.0 0.0 0.0 0.0 0.0 0.0 0.0 0.0 0.0 1.0 1.0 0.0 0.0 0.0 0.0 0.0 0.0 0.0 0.0 0.0 0.0 0.0 0.0 0.0 0.0 1.0 1.0 0.0 0.0 0.0
440 0.0 0.0 0.0 0.0 0.0 1.0 1.0 0.0 0.0 0.0 0.0 0.0 0.0 0.0 0.0 0.0 1.0 1.0 0.0 0.0 0.0 1.0 0.0 0.0 0.0 1.0 0.0 0.0 0.0 0.0 0.0 0.0 0.0 0.0 0.0 0.0 0.0 1.0 0.0 0.0 0.0 0.0 0.0 0.0 0.0 0.0 0.0 0.0 0.0 1.0 0.0 0.0 0.0 0.0 0.0 0.0 1.0 0.0 0.0 0.0 0.0 0.0 0.0 0.0 0.0 0.0 0.0 0.0 0.0 0.0 1.0 0.0 0.0 0.0 0.0 1.0 0.0 0.0 0.0 0.0 0.0 0.0 1.0 0.0 0.0 0.0 1.0 0.0 1.0 0.0 0.0 0.0 0.0 0.0 0.0 0.0 0.0 0.0 0.0 0.0 0.0 0.0 0.0 0.0 0.0 0.0 0.0 0.0 0.0 0.0 1.0 0.0 0.0 0.0 0.0 0.0 0.0 0.0 0.0 0.0 0.0 0.0 0.0 0.0 0.0 0.0 0.0 0.0
445 0.0 0.0 0.0 1.0 0.0 0.0 0.0 0.0 0.0 0.0 0.0 0.0 0.0 0.0 0.0 0.0 0.0 1.0 0.0 0.0 0.0 0.0 0.0 0.0 0.0 0.0 0.0 0.0 0.0 0.0 0.0 0.0 0.0 0.0 0.0 0.0 0.0 0.0 0.0 0.0 0.0 0.0 0.0 0.0 0.0 0.0 0.0 0.0 0.0 0.0 0.0 0.0 0.0 0.0 0.0 0.0 0.0 0.0 1.0 0.0 0.0 0.0 0.0 1.0 0.0 0.0 0.0 0.0 1.0 0.0 0.0 0.0 0.0 0.0 0.0 0.0 0.0 0.0 0.0 0.0 0.0 0.0 1.0 0.0 0.0 0.0 0.0 0.0 0.0 0.0 0.0 0.0 0.0 0.0 0.0 0.0 0.0 0.0 1.0 1.0 1.0 0.0 0.0 0.0 0.0 0.0 1.0 2.0 1.0 1.0 1.0 1.0 1.0 0.0 0.0 0.0 0.0 0.0 0.0 0.0 0.0 0.0 0.0 0.0 0.0 0.0 0.0 0.0
450 0.0 1.0 1.0 0.0 0.0 0.0 0.0 0.0 0.0 1.0 1.0 0.0 0.0 0.0 1.0 0.0 0.0 0.0 0.0 0.0 0.0 0.0 0.0 0.0 0.0 1.0 0.0 0.0 0.0 1.0 0.0 1.0 0.0 1.0 0.0 0.0 1.0 0.0 0.0 0.0 0.0 0.0 0.0 0.0 0.0 0.0 0.0 0.0 0.0 0.0 0.0 0.0 0.0 0.0 0.0 0.0 0.0 0.0 0.0 0.0 1.0 1.0 1.0 1.0 0.0 0.0 0.0 0.0 0.0 0.0 0.0 0.0 0.0 0.0 0.0 0.0 1.0 0.0 0.0 0.0 0.0 0.0 1.0 0.0 0.0 0.0 0.0 0.0 0.0 0.0 0.0 0.0 0.0 0.0 0.0 0.0 0.0 0.0 0.0 0.0 0.0 1.0 0.0 0.0 0.0 2.0 1.0 0.0 0.0 0.0 0.0 0.0 0.0 0.0 0.0 0.0 0.0 0.0 0.0 0.0 0.0 0.0 0.0 0.0 0.0 1.0 0.0 0.0
455 0.0 0.0 0.0 0.0 0.0 0.0 0.0 0.0 0.0 0.0 0.0 0.0 0.0 0.0 0.0 0.0 0.0 1.0 1.0 1.0 0.0 1.0 1.0 0.0 1.0 1.0 0.0 0.0 0.0 1.0 1.0 1.0 2.0 2.0 0.0 0.0 0.0 1.0 1.0 1.0 0.0 0.0 0.0 1.0 0.0 0.0 0.0 0.0 0.0 0.0 0.0 0.0 0.0 1.0 0.0 0.0 0.0 3.0 1.0 0.0 0.0 0.0 0.0 1.0 0.0 0.0 0.0 1.0 1.0 0.0 1.0 2.0 0.0 0.0 1.0 0.0 0.0 0.0 0.0 0.0 0.0 0.0 0.0 0.0 1.0 0.0 0.0 0.0 0.0 0.0 1.0 0.0 0.0 0.0 0.0 0.0 0.0 0.0 0.0 0.0 0.0 0.0 1.0 0.0 0.0 0.0 0.0 0.0 0.0 0.0 0.0 0.0 1.0 0.0 0.0 0.0 1.0 0.0 0.0 0.0 0.0 0.0 0.0 0.0 0.0 0.0 0.0 0.0
460 0.0 0.0 0.0 0.0 0.0 0.0 0.0 0.0 0.0 0.0 1.0 0.0 0.0 0.0 0.0 0.0 0.0 0.0 0.0 0.0 0.0 0.0 0.0 0.0 0.0 0.0 0.0 0.0 0.0 0.0 0.0 0.0 0.0 0.0 0.0 0.0 0.0 1.0 0.0 0.0 0.0 0.0 0.0 0.0 0.0 0.0 0.0 0.0 0.0 0.0 0.0 1.0 0.0 0.0 0.0 0.0 0.0 0.0 0.0 0.0 0.0 0.0 0.0 0.0 0.0 1.0 0.0 0.0 0.0 0.0 0.0 0.0 0.0 1.0 1.0 0.0 0.0 0.0 0.0 0.0 0.0 0.0 1.0 0.0 0.0 0.0 0.0 0.0 0.0 0.0 0.0 0.0 0.0 0.0 0.0 0.0 0.0 0.0 0.0 0.0 0.0 0.0 0.0 0.0 0.0 1.0 1.0 0.0 0.0 0.0 0.0 1.0 0.0 0.0 0.0 0.0 0.0 0.0 0.0 1.0 0.0 0.0 0.0 0.0 1.0 0.0 0.0 0.0
465 0.0 0.0 1.0 0.0 0.0 0.0 0.0 0.0 0.0 0.0 0.0 0.0 0.0 0.0 0.0 0.0 0.0 0.0 0.0 0.0 0.0 0.0 0.0 0.0 0.0 0.0 0.0 0.0 0.0 0.0 0.0 0.0 1.0 0.0 0.0 0.0 1.0 0.0 0.0 0.0 0.0 1.0 0.0 0.0 0.0 0.0 0.0 0.0 0.0 1.0 0.0 0.0 0.0 0.0 0.0 0.0 0.0 0.0 0.0 0.0 0.0 0.0 0.0 0.0 1.0 1.0 0.0 0.0 0.0 0.0 1.0 0.0 0.0 0.0 0.0 1.0 0.0 0.0 0.0 0.0 0.0 1.0 0.0 1.0 0.0 3.0 0.0 0.0 0.0 0.0 0.0 0.0 0.0 0.0 0.0 1.0 1.0 2.0 0.0 0.0 1.0 1.0 0.0 1.0 1.0 0.0 0.0 0.0 0.0 0.0 0.0 0.0 0.0 1.0 1.0 0.0 1.0 0.0 0.0 0.0 1.0 0.0 1.0 0.0 0.0 0.0 0.0 0.0
470 0.0 0.0 0.0 1.0 1.0 0.0 0.0 0.0 0.0 0.0 0.0 0.0 0.0 0.0 0.0 0.0 0.0 0.0 0.0 0.0 0.0 0.0 0.0 0.0 0.0 0.0 0.0 0.0 0.0 0.0 1.0 0.0 0.0 0.0 1.0 0.0 0.0 0.0 1.0 0.0 0.0 0.0 0.0 0.0 0.0 0.0 0.0 0.0 0.0 0.0 0.0 0.0 0.0 0.0 1.0 0.0 0.0 0.0 0.0 0.0 0.0 0.0 0.0 0.0 0.0 0.0 0.0 0.0 0.0 0.0 0.0 0.0 0.0 0.0 0.0 0.0 0.0 0.0 0.0 0.0 0.0 0.0 0.0 0.0 0.0 0.0 0.0 0.0 0.0 0.0 0.0 0.0 0.0 0.0 0.0 0.0 0.0 0.0 0.0 0.0 0.0 0.0 0.0 0.0 0.0 0.0 0.0 0.0 0.0 0.0 0.0 0.0 0.0 0.0 0.0 1.0 0.0 0.0 0.0 0.0 0.0 0.0 0.0 1.0 0.0 0.0 0.0 0.0
475 0.0 0.0 0.0 0.0 0.0 0.0 0.0 0.0 0.0 0.0 0.0 0.0 0.0 0.0 0.0 0.0 0.0 0.0 0.0 0.0 0.0 0.0 0.0 1.0 0.0 0.0 0.0 0.0 1.0 1.0 0.0 0.0 2.0 0.0 1.0 0.0 0.0 0.0 0.0 0.0 0.0 0.0 1.0 2.0 0.0 1.0 0.0 0.0 0.0 0.0 0.0 0.0 0.0 0.0 0.0 0.0 0.0 0.0 0.0 0.0 0.0 0.0 0.0 0.0 0.0 1.0 0.0 0.0 0.0 0.0 0.0 0.0 0.0 0.0 0.0 0.0 0.0 0.0 0.0 0.0 1.0 0.0 0.0 0.0 0.0 0.0 0.0 0.0 0.0 0.0 0.0 0.0 0.0 0.0 0.0 0.0 0.0 0.0 0.0 0.0 0.0 0.0 0.0 0.0 0.0 0.0 1.0 0.0 0.0 1.0 0.0 0.0 0.0 0.0 0.0 0.0 0.0 0.0 0.0 0.0 0.0 0.0 0.0 0.0 0.0 0.0 0.0 0.0
480 0.0 1.0 0.0 0.0 0.0 0.0 0.0 0.0 0.0 0.0 0.0 0.0 0.0 0.0 0.0 0.0 0.0 0.0 0.0 0.0 0.0 1.0 0.0 0.0 0.0 0.0 0.0 0.0 0.0 0.0 0.0 0.0 0.0 0.0 0.0 0.0 1.0 0.0 0.0 0.0 0.0 1.0 0.0 0.0 0.0 0.0 0.0 0.0 0.0 1.0 0.0 0.0 0.0 0.0 0.0 0.0 0.0 0.0 0.0 0.0 0.0 0.0 1.0 0.0 1.0 0.0 0.0 1.0 0.0 1.0 1.0 0.0 0.0 1.0 0.0 0.0 0.0 0.0 0.0 0.0 0.0 1.0 0.0 0.0 1.0 0.0 0.0 0.0 1.0 0.0 0.0 0.0 1.0 0.0 0.0 0.0 0.0 0.0 1.0 0.0 0.0 0.0 0.0 0.0 0.0 0.0 0.0 0.0 0.0 0.0 0.0 0.0 0.0 1.0 0.0 0.0 0.0 0.0 0.0 0.0 0.0 0.0 0.0 0.0 0.0 0.0 0.0 0.0
485 0.0 0.0 0.0 0.0 0.0 1.0 1.0 0.0 0.0 0.0 0.0 0.0 0.0 1.0 0.0 0.0 0.0 0.0 0.0 0.0 0.0 0.0 1.0 0.0 0.0 0.0 0.0 1.0 0.0 0.0 0.0 0.0 0.0 0.0 0.0 0.0 0.0 0.0 0.0 0.0 0.0 0.0 0.0 0.0 0.0 0.0 0.0 0.0 0.0 0.0 1.0 0.0 0.0 0.0 0.0 0.0 0.0 0.0 0.0 0.0 0.0 0.0 0.0 0.0 2.0 0.0 0.0 0.0 0.0 0.0 0.0 0.0 0.0 0.0 0.0 0.0 0.0 0.0 0.0 0.0 0.0 0.0 0.0 0.0 0.0 0.0 0.0 0.0 0.0 0.0 0.0 0.0 0.0 0.0 0.0 0.0 0.0 0.0 0.0 1.0 0.0 1.0 0.0 0.0 1.0 0.0 0.0 0.0 0.0 0.0 0.0 0.0 0.0 0.0 1.0 0.0 0.0 0.0 0.0 0.0 0.0 0.0 0.0 0.0 0.0 0.0 0.0 0.0
490 0.0 0.0 1.0 0.0 0.0 0.0 0.0 0.0 0.0 0.0 0.0 0.0 0.0 0.0 0.0 0.0 0.0 0.0 0.0 0.0 0.0 0.0 0.0 0.0 0.0 0.0 0.0 0.0 1.0 0.0 0.0 0.0 0.0 0.0 0.0 1.0 0.0 1.0 0.0 0.0 0.0 0.0 1.0 0.0 0.0 0.0 0.0 0.0 0.0 0.0 0.0 0.0 0.0 0.0 0.0 0.0 0.0 0.0 0.0 0.0 0.0 0.0 0.0 0.0 0.0 0.0 1.0 0.0 1.0 0.0 0.0 0.0 0.0 0.0 0.0 0.0 0.0 0.0 0.0 0.0 0.0 0.0 0.0 0.0 1.0 0.0 0.0 2.0 0.0 0.0 0.0 0.0 0.0 0.0 0.0 1.0 1.0 0.0 0.0 0.0 0.0 0.0 0.0 0.0 0.0 0.0 0.0 0.0 0.0 0.0 0.0 0.0 0.0 0.0 1.0 0.0 0.0 0.0 0.0 0.0 0.0 0.0 0.0 0.0 0.0 0.0 0.0 0.0
495 0.0 0.0 1.0 0.0 1.0 0.0 0.0 0.0 0.0 0.0 0.0 0.0 0.0 0.0 0.0 0.0 1.0 0.0 0.0 0.0 0.0 1.0 0.0 0.0 0.0 0.0 1.0 1.0 0.0 0.0 0.0 0.0 0.0 0.0 0.0 1.0 0.0 0.0 0.0 0.0 1.0 0.0 0.0 0.0 0.0 0.0 0.0 0.0 0.0 0.0 0.0 0.0 0.0 1.0 0.0 0.0 0.0 0.0 0.0 0.0 0.0 0.0 0.0 0.0 0.0 0.0 0.0 0.0 1.0 0.0 0.0 0.0 0.0 0.0 0.0 1.0 0.0 0.0 0.0 0.0 0.0 0.0 0.0 0.0 0.0 0.0 0.0 0.0 0.0 0.0 0.0 0.0 1.0 0.0 0.0 0.0 0.0 0.0 0.0 0.0 0.0 0.0 0.0 0.0 0.0 0.0 1.0 0.0 0.0 0.0 0.0 0.0 0.0 0.0 0.0 0.0 0.0 0.0 0.0 0.0 0.0 1.0 0.0 0.0 1.0 0.0 0.0 0.0
