100 2 0 0 1 0 1 0 3 2 0 1 0 0 1 1 1 4 3 1 0 0 0 0 0 0 1 0 0 0 0 0 2 0 3 2 1 0 0 0 2 3 2 1 0 0 0 0 0 1 0 1 0 1 0 0 1 0 0 0 0 0 0 1 0 0 0 0 0 0 2 1 0 0 1 0 1 1 0 1 0 0 0 0 1 0 2 0 0 2 0 0 0 0 1 0 1 0 0
105 6 1 0 7 0 3 3 2 8 3 2 4 4 6 6 5 7 1 2 1 5 3 1 1 5 6 1 4 5 5 1 9 4 3 0 1 0 1 0 1 1 2 2 0 0 2 0 1 0 0 0 0 2 2 0 0 0 0 1 1 0 1 0 1 0 0 0 1 0 1 1 2 0 0 1 1 1 1 1 0 0 1 0 0 1 2 1 0 1 0 1 0 1 0 0 0 0 0
110 17 5 0 5 2 8 6 4 17 4 4 13 7 15 5 4 10 2 3 2 10 5 5 4 6 8 8 7 15 11 2 11 12 8 6 2 1 0 8 6 1 6 0 5 4 0 1 5 5 0 3 2 1 1 0 5 1 2 3 1 0 0 3 3 1 0 0 1 3 5 6 3 0 5 1 1 1 2 4 1 2 1 4 0 1 5 0 3 0 0 3 4 3 2 0 2 2 5
115 42 14 6 22 6 33 15 26 56 17 22 23 20 50 32 24 53 15 26 14 16 16 21 13 25 27 13 21 26 40 8 65 26 26 6 3 2 7 8 8 6 11 2 4 14 7 2 2 4 3 6 6 6 11 1 7 5 4 8 12 1 2 9 7 2 0 4 0 7 5 10 12 4 9 3 13 0 6 7 10 7 3 7 3 9 14 4 10 8 2 3 4 11 2 10 4 3 9
120 186 70 14 115 42 158 73 116 193 108 118 122 154 187 168 133 194 62 125 76 122 63 68 103 89 110 84 123 136 143 72 215 134 133 9 12 15 31 12 27 18 36 6 18 26 13 19 11 23 4 18 17 10 18 5 27 9 12 9 38 12 4 22 19 9 12 11 10 12 18 26 43 15 24 20 20 13 15 20 17 17 19 15 8 16 33 8 20 8 4 7 15 37 5 6 15 14 19
125 447 191 92 290 136 328 239 280 558 276 278 271 343 510 381 237 449 228 319 189 291 201 191 271 241 276 235 323 363 407 181 580 320 273 76 54 101 151 108 158 73 138 24 106 147 85 62 92 60 42 109 116 75 88 23 149 30 63 49 139 35 27 156 133 72 27 93 44 39 130 100 171 93 101 110 112 47 109 106 155 92 111 107 39 107 181 46 138 67 29 58 99 159 43 64 65 66 102
130 3405 1084 344 1969 730 2577 1465 1966 4277 1880 1746 1833 1976 3450 2278 1763 3524 1207 2468 1177 2099 1056 963 1590 1214 1936 1318 2225 2678 2985 1007 4266 2433 1752 235 198 263 360 278 409 185 366 158 279 388 273 233 233 193 164 235 284 232 275 128 380 143 195 181 315 171 125 365 323 195 124 319 219 273 414 369 552 347 354 392 514 249 397 253 584 286 394 285 224 340 497 296 438 267 201 250 293 537 249 321 301 269 337
135 11528 5488 2778 7389 5157 8006 7318 7745 12321 7629 7534 7442 9038 9297 9005 7702 9932 7032 7870 6202 7638 6474 6117 8074 6533 7141 6891 8706 9764 10315 6502 11688 8710 7478 857 671 1257 1614 1060 1795 607 1735 441 974 1771 890 715 795 616 463 1094 1352 710 985 307 1711 384 734 492 1657 502 384 1604 1327 735 380 2138 1214 1013 2721 2309 3750 1878 2084 2199 2469 1139 2049 1813 3348 2067 2555 2017 907 1971 3291 1271 2337 1563 903 1236 2168 3182 911 1481 1599 1305 1885
140 49204 24948 17383 26144 20813 28721 26749 25491 47597 28248 25990 25059 29051 36952 31206 26740 37201 24271 34466 23291 29364 23774 22472 29446 22118 29552 23588 34785 33436 39116 23590 44719 37365 26878 4958 5451 6112 7117 5580 9001 4567 7608 4001 6189 7965 7247 5368 4973 5214 4475 6094 6557 5309 6980 3024 8009 3619 5873 4388 7385 4746 3676 7710 7370 5844 3515 9141 7018 8328 10045 9513 11252 8619 9330 8855 15043 7379 9585 8096 16264 8493 10292 8168 6466 8930 11270 9329 10076 8219 6420 7298 9068 10576 6665 9887 8436 7645 8741
145 17550398 17555763 17569493 17564043 17568774 17548990 17567447 17545205 17555714 17550225 17560370 17546110 17558974 17546262 17559853 17562592 17556430 17550404 17564263 17563589 17562503 17562301 17550393 17561451 17542667 17557622 17545776 17559267 17537560 17552693 17545617 17549292 17560147 17556651 1076666 1088957 1093605 1136284 1077733 1138399 1049889 1135918 1042609 1058574 1139294 1095573 1053834 1029871 1085841 1062938 1110550 1073653 1049182 1077517 993995 1073946 1003439 1065833 1018907 1105115 1040161 1032412 1089221 1088552 1069562 1010982 8586362 8532054 8525222 8532640 8521421 8520008 8516460 8520382 8499499 8504233 8510409 8478447 8522965 8542055 8536742 8519573 8510536 8480201 8511528 8508505 8486086 8495623 8508749 8490468 8455605 8541238 8472293 8473677 8478446 8496834 8480074 8493456
150 17980525 17984133 17990295 17986050 17985813 17967786 17984964 17964400 17977013 17967978 17980496 17965145 17980137 17965544 17980261 17983964 17978445 17969297 17981859 17981223 17979442 17978183 17967938 17979414 17961745 17975300 17964625 17977811 17958310 17974269 17964009 17971443 17977909 17976878 17118270 17118401 17109690 17092023 17107043 17083706 17102281 17087745 17099736 17077259 17104779 17082352 17102325 17101534 17104742 17086410 17107401 17098533 17099914 17094855 17074033 17091215 17073430 17097943 17076369 17097971 17075848 17099328 17075251 17095562 17108876 17102212 17716497 17705043 17699198 17677284 17692734 17669088 17689798 17675295 17687373 17670017 17692643 17672917 17691902 17690234 17693221 17674245 17690967 17690273 17688488 17683237 17673953 17682523 17672779 17685111 17669766 17685502 17659602 17683256 17667230 17685896 17684917 17686972
155 18576306 18580484 18592037 18582944 18583884 18566980 18582324 18564289 18573846 18567811 18577671 18564241 18576876 18564698 18576661 18579124 18574561 18568738 18579291 18578534 18577486 18577122 18568258 18577602 18561826 18574466 18565018 18576419 18558660 18573321 18565551 18570599 18577089 18576034 18219620 18220298 18209536 18188671 18206627 18181509 18202744 18184952 18202130 18183857 18201108 18182896 18202587 18203085 18201720 18190408 18203127 18195853 18198803 18195024 18187655 18191219 18184590 18196918 18183447 18197239 18183239 18199900 18178418 18195312 18206174 18202708 18283582 18277643 18274569 18255680 18270108 18249474 18266215 18253806 18263463 18251303 18266124 18252329 18266573 18265059 18266768 18252552 18265431 18262376 18262622 18259194 18253525 18259006 18252733 18260246 18251215 18261382 18242518 18259924 18250151 18262289 18261899 18263326
160 18903549 18906870 18916128 18908622 18909600 18897342 18908703 18895269 18903487 18898378 18905096 18894538 18903858 18893676 18903631 18904316 18900672 18898900 18906016 18905084 18904713 18904890 18898519 18904641 18891409 18902308 18894844 18904002 18888364 18901444 18896627 18898046 18904488 18903280 18917794 18918366 18911912 18898108 18909374 18893791 18908393 18894946 18908923 18892822 18907489 18897354 18908479 18908154 18908640 18899465 18908714 18903588 18905944 18904646 18897803 18899884 18894939 18905643 18893465 18904742 18894750 18906673 18887555 18902916 18911238 18909708 18926697 18921444 18917607 18904409 18914488 18900615 18911360 18903794 18911524 18901942 18912092 18903266 18912440 18912169 18914740 18903313 18913735 18911007 18911531 18910054 18903717 18910225 18903283 18910318 18902711 18911557 18897162 18911468 18902041 18914485 18914102 18915681
165 17971729 18016401 18563950 18510612 18459188 18195317 18439499 18173269 18333630 18103677 18347421 18157690 18376145 18118934 18325524 18336885 18288975 18180853 18279542 18310603 18277765 18283959 18149406 18269453 18185916 18221580 18168052 18246452 18127971 18247669 18157326 18242803 18257295 18315556 18895839 18895193 18886373 18867050 18885827 18860785 18883082 18865462 18881230 18869990 18878638 18870466 18886754 18884976 18879437 18873448 18878918 18872962 18873711 18869809 18863671 18864726 18857761 18867951 18858195 18864078 18856855 18868004 18851442 18862053 18869272 18868094 18941360 18938897 18936441 18925958 18933883 18921314 18929424 18923356 18929891 18921536 18930768 18923025 18930738 18930062 18932293 18921467 18931434 18928856 18928488 18927686 18921606 18926302 18920988 18925962 18920162 18925969 18915156 18926360 18919770 18927899 18927275 18927727
170 10566663 10660530 10876742 10634825 10478822 10600106 10596777 10763649 10397723 10404142 10600737 10797859 10822079 10527997 10675363 10750728 10568221 10830826 10367361 10645813 10399783 10550303 10604881 10436736 11028454 10155055 10754310 10203180 10391844 10314749 10471611 10230372 10170749 10562018 18834709 18831697 18814880 18776468 18818762 18760706 18807982 18770374 18798245 18777107 18791375 18780828 18802533 18797741 18787453 18781502 18785193 18781312 18780203 18771726 18767730 18768218 18757396 18767686 18757566 18760724 18752304 18766804 18743918 18761298 18767280 18766244 18799133 18799045 18786236 18713577 18772959 18702126 18759089 18687434 18751937 18690415 18755082 18729467 18754566 18745107 18752336 18700525 18750980 18737030 18724445 18726216 18689505 18712901 18680077 18706697 18686933 18700942 18677516 18707047 18683007 18711045 18713550 18713734
175 8218432 8281635 7928048 7435434 7279032 7621586 7425813 7786703 7239435 7364760 7373010 7755056 7604431 7467128 7476070 7532030 7357545 7724441 7152924 7386616 7171003 7325388 7535259 7196835 7999998 6930780 7672487 6940991 7297938 7073820 7342733 6999145 6908662 7284959 11256686 11248374 11123219 11094859 11480350 11107784 11421908 11294353 11432301 11576128 11224308 11662228 11721322 11733482 11449232 11702969 11291485 11437177 11397240 11306880 11693801 11310291 11497745 11192426 11461099 10878949 11199936 11283918 11032453 11103590 11155373 11208862 10203395 10350932 10373518 10149146 10312718 10470620 10362853 10212707 10482126 10520928 10594882 11083228 10583893 10591187 10770447 10742737 10693018 10673029 10302210 10552367 10576347 10237295 10321740 10177527 10632016 9984593 10397061 10201918 10343972 10296547 10372105 10255448
180 184406 126137 142524 172674 150881 195609 202019 221383 202886 151361 186366 195271 226752 166041 188812 190299 184368 180704 144257 159018 154485 178340 149397 164175 212400 126117 178441 147453 177868 164627 155123 181660 144431 168005 8816659 8831634 8738908 8907014 9049522 8955978 8981053 9119645 9001552 9325171 8832727 9417906 9224793 9250252 9012633 9429342 8862158 9003776 8947069 8900209 9452919 8906379 9276443 8773054 9226847 8455481 8973899 8851142 8792031 8693938 8700924 8718449 7139602 7259293 7300946 7229500 7226763 7632297 7315039 7316566 7389486 7621120 7491370 8209799 7470590 7524679 7652757 7863627 7569983 7550960 7176970 7442902 7674050 7108995 7422505 7061415 7777103 6876223 7521333 7080030 7432905 7169799 7250641 7103049
185 174813 111139 114351 125840 118864 131624 134156 128484 173438 128309 140547 129627 155994 127895 151757 133880 139334 133794 118715 118367 124958 135056 119843 139171 132706 116036 127790 135580 155641 144841 128827 157831 126744 132733 134060 161445 133403 136476 156387 170728 143181 161796 157639 168385 155859 243377 159889 174542 151566 160637 134742 163271 138250 158406 187035 174239 160743 145155 154876 135652 151426 141227 146641 158604 151654 138518 136808 134558 179759 143881 155935 166704 157713 145250 155283 259664 154012 227234 144861 280973 147020 176751 142059 149555 146003 174798 188601 154051 143016 121901 163670 127503 164769 139733 181409 151998 148527 141420
190 175790 111589 114789 126035 119056 132175 134971 128536 173978 129259 139977 130490 156699 128684 151740 134303 140663 134161 117678 119480 125018 135802 120344 138873 132577 116564 128294 136337 156795 145570 128818 158112 127845 132490 117605 136258 121111 125599 114597 157336 116877 133793 129939 129579 142320 183203 125499 110538 122768 107571 118707 130366 117905 140794 117192 142817 125103 129539 122420 129411 134061 106049 132488 133564 128304 120878 126673 116319 158529 131498 142864 134254 133283 133750 136389 240238 127986 151996 121831 245006 119514 143975 117738 122154 134045 150775 164266 140300 125469 111633 126481 120562 140465 123715 163425 134780 127082 125787
195 178335 111088 113958 126179 118614 130727 134911 128771 175622 128837 140111 130796 156661 128931 151909 134000 139808 134070 118180 119259 124757 135823 120610 138816 132722 116442 128165 135778 156680 144826 129059 158566 126789 132246 117594 137575 121728 125123 114521 157066 117611 134391 129612 129826 142102 183593 125909 111050 122502 107342 118467 130844 118638 141125 118153 143592 126075 128993 123063 128954 133356 107012 132985 134001 128456 122086 126965 116675 158580 132041 141704 134457 133571 133602 136878 240118 127400 152260 122797 245277 119538 145126 118567 123195 133895 150858 164940 140780 123013 112849 124730 120951 141222 123814 163097 134946 126207 125547
200 176436 110358 112018 125377 117896 130455 134067 127925 174311 126921 139003 129808 154695 128057 151400 133473 139228 133056 117440 117977 124404 133053 119192 138319 132073 115351 126728 135446 155845 144699 127170 158016 126305 131409 117060 136907 121659 124482 114403 156314 116629 134155 129732 129245 141703 183332 125568 110331 121626 107143 118580 130572 118694 140200 117060 144059 124872 129620 122990 128752 133314 105537 132948 134000 128208 121508 125950 116177 158513 131051 142029 133812 134012 132980 136646 238706 127160 152032 122167 244777 119785 144186 117577 122455 132628 149649 163867 140332 123413 111872 125013 120354 140911 122971 162239 134364 125962 125808
205 168130 102298 100463 123582 110134 129000 129317 126220 169625 124381 136378 127000 153369 126534 147969 130437 137837 124740 114242 115126 120143 122994 111864 130909 129668 110336 123401 129224 151032 140697 116219 155688 121895 128745 116413 135632 120856 125097 114512 156037 116162 133558 128045 129268 141466 181872 124994 109867 121307 106821 118723 129941 118516 139807 116798 143015 124729 128371 121924 127980 132081 105701 132431 132456 127770 119483 124837 115078 155727 130435 140758 133018 131303 132428 135110 234956 125548 150767 121851 243937 118088 142664 117501 121141 132086 149415 160825 139034 122011 109485 124231 118440 139698 120387 156841 132526 124349 124652
210 123004 58590 43443 115556 62395 118065 95244 116668 153608 95182 110434 114921 135153 116467 120519 109505 125967 77112 86403 86794 92367 72899 68212 84787 112258 78602 97644 86564 118415 106348 63911 142220 89266 106062 115932 133183 119349 123211 113230 153837 114944 133747 124150 127923 139861 178863 124287 109322 119887 104643 116894 128881 117166 138454 113277 142589 120508 125565 120874 126433 124857 102829 130742 131373 124445 112670 111164 107866 135494 125977 135712 131577 125821 123663 131716 202521 117367 147700 117524 232139 114085 136303 112864 112596 124212 146427 138716 134514 111666 88542 116539 104314 137248 100073 140893 117790 113815 117043
215 26114 9035 5859 55150 9198 55627 24643 58977 62490 24653 32864 50452 55034 63454 39012 40471 61603 14478 23044 21183 28059 14012 10994 16350 43227 21223 29952 19654 34057 24969 10033 77286 23891 37985 103943 100281 111192 116299 109696 140291 105360 125751 83415 118346 124579 147762 113524 104601 96253 84812 99121 123616 105579 118043 81110 135757 84063 98202 101422 110569 71706 76753 117265 120616 93948 68098 48024 53766 42445 85658 89008 117747 79523 72946 95505 76845 60191 117252 79986 159158 74576 91272 79081 61814 71817 123786 48200 96620 54436 26143 67499 41833 111927 33326 57514 49565 53680 73593
220 5599 3078 3074 7210 3369 7990 4705 8530 8114 4492 5281 6872 7617 10665 6290 5888 8897 4028 4178 3974 4693 3936 3561 4532 6006 4109 5012 4645 5905 5258 3615 13820 4426 5864 45907 24571 55119 59610 77605 64913 46462 73665 16506 64003 52921 39819 52387 68322 25473 23429 35860 76945 43408 43409 17661 85623 17749 26548 34499 46219 11365 18873 55755 66643 25110 13599 7518 7487 5907 18308 17629 52804 15680 14198 23601 11180 8756 36050 16906 32222 14463 20752 20932 11163 12446 46682 7172 23488 8046 4399 12297 6106 39076 5042 8369 7095 7860 14773
225 4192 2317 2321 3723 2582 3909 3198 3726 5042 3242 3686 3832 4704 4002 4206 3680 4364 3113 2928 2892 3130 2934 2702 3465 3708 2975 3302 3307 4120 4031 2828 5061 3088 3711 5511 4496 6662 7138 12716 8137 5361 10700 3927 7640 6486 6190 5912 10417 4045 3644 4708 11626 5002 5759 3462 12437 3802 4419 4613 5839 3727 3250 7621 8931 4268 3405 3670 3360 3990 4469 4596 7658 4321 4146 4900 6944 3840 5974 3948 7683 3840 4943 4246 3774 4184 7152 4410 5044 3538 2985 3799 3440 6200 3098 4625 3843 3584 3943
230 3377 2091 2071 3039 2133 3024 2657 3009 4058 2721 2957 3079 3764 3185 3398 2879 3327 2493 2463 2321 2653 2512 2263 2893 2823 2463 2657 2897 3267 3304 2350 3966 2641 2978 3363 3306 3574 3822 3758 4774 3406 4338 3021 3947 4007 4761 3572 3524 3054 2700 3215 4086 3374 3899 2589 4778 2854 3283 3250 3594 3004 2461 3924 4006 3092 2609 2843 2768 3131 3559 3693 4154 3304 3327 3513 5726 3075 4193 3270 5922 2976 3673 3194 2841 3249 4297 3432 3969 2789 2344 3078 2650 4039 2487 3721 3035 2792 3182
235 3243 1948 2056 2657 2113 2645 2423 2607 3576 2407 2625 2705 3463 2812 3070 2584 2991 2467 2231 2163 2386 2419 2207 2754 2546 2232 2398 2717 3016 3182 2357 3485 2452 2813 2609 2628 2816 3195 2987 3836 2563 3427 2463 3076 3087 3844 2858 2778 2328 2170 2567 3290 2740 3027 2191 3815 2355 2635 2666 2878 2534 2013 3163 3249 2568 2353 2360 2124 2665 2835 2897 3351 2720 2709 2923 4895 2523 3405 2609 4804 2397 3088 2487 2445 2714 3623 2932 3335 2396 2169 2519 2356 3235 2170 3261 2591 2311 2644
240 3176 2019 1899 2522 1975 2533 2378 2526 3524 2446 2444 2655 3273 2583 3073 2548 2894 2360 2185 2163 2448 2301 2046 2811 2535 2245 2367 2638 2925 3072 2180 3447 2411 2723 2390 2474 2467 2698 2381 3280 2370 2966 2377 2690 2799 3547 2559 2344 2213 1976 2250 2694 2411 2821 1928 3312 2191 2453 2416 2647 2409 1982 2877 2708 2417 2112 2294 2167 2613 2576 2676 2818 2493 2629 2698 4668 2403 2911 2353 4168 2182 2703 2316 2323 2563 3142 2704 3020 2162 1969 2255 2229 3085 2164 3091 2473 2277 2401
245 2983 1827 1824 2542 1955 2526 2244 2415 3390 2299 2489 2481 3242 2613 2853 2544 2810 2222 2121 2125 2343 2055 2146 2601 2469 2192 2291 2644 2926 2999 2106 3295 2379 2593 2285 2388 2334 2650 2353 3231 2440 2735 2256 2494 2696 3213 2501 2151 2241 1883 2194 2578 2377 2758 1813 3025 2064 2417 2326 2598 2322 1912 2633 2612 2401 2211 2232 2090 2551 2511 2644 2704 2405 2534 2608 4287 2191 2883 2245 4159 2038 2720 2273 2196 2470 2999 2745 2991 2138 1882 2233 2230 2836 2033 3025 2360 2197 2374
250 2961 1707 1743 2425 1819 2349 2140 2345 3189 2243 2414 2358 3090 2552 2847 2489 2700 2198 1998 1961 2253 2088 1980 2534 2326 2053 2243 2444 2787 2806 2002 3185 2265 2504 2231 2328 2205 2610 2265 3154 2363 2797 2162 2494 2564 3214 2370 2089 2146 1860 2127 2530 2317 2581 1831 3040 2019 2255 2246 2489 2255 1790 2663 2682 2250 2044 2099 1964 2313 2450 2520 2651 2341 2396 2488 3942 2178 2758 2286 4002 2048 2649 2201 2087 2442 2985 2508 2839 2031 1865 2156 2182 2826 1952 2812 2301 2021 2303
255 2670 1537 1253 2383 1623 2313 2002 2333 3096 2061 2270 2332 2952 2447 2674 2331 2507 1844 1958 1936 2098 1843 1848 2285 2243 1942 2005 2292 2545 2637 1712 3042 2073 2472 2213 2188 2254 2455 2232 3004 2205 2612 2043 2342 2569 3039 2289 2160 2104 1924 2040 2419 2160 2535 1800 2904 1955 2264 2264 2354 2056 1719 2541 2570 2194 1982 1941 1855 2167 2369 2476 2621 2179 2255 2373 3802 2070 2686 2179 3628 1974 2435 2120 2025 2353 2910 2289 2690 1949 1643 2093 2012 2610 1741 2572 2039 1974 2220
260 2367 1137 522 2135 998 2092 1662 2093 2918 1826 1887 2169 2749 2299 2313 2016 2402 1268 1661 1521 1802 1143 1172 1484 1981 1472 1753 1776 2179 2279 994 2842 1689 2027 2015 1926 2074 2399 2198 2771 2080 2432 1801 2311 2479 2629 2176 1989 1906 1675 1892 2358 2017 2304 1511 2779 1569 2059 1949 2278 1633 1477 2449 2413 2073 1486 1717 1602 1551 2168 2248 2467 2078 1946 2171 2978 1708 2467 2049 3407 1836 2287 1929 1735 2121 2774 1752 2466 1664 1142 1804 1661 2427 1280 2092 1628 1636 2073
265 1473 413 104 1752 289 1646 831 1748 2308 946 1152 1645 1942 1947 1439 1439 1974 510 989 775 1129 382 352 556 1386 857 996 782 1322 1237 291 2251 1006 1324 1724 1438 1914 2254 1978 2562 1836 2268 985 2148 2151 2123 1969 1847 1433 1273 1655 2128 1809 1970 931 2598 919 1486 1594 1909 782 990 1997 2155 1404 749 1013 1027 584 1806 1884 2380 1504 1440 1909 1652 1196 2236 1675 2663 1426 1805 1653 1067 1515 2496 778 2045 1054 433 1234 981 2269 562 1068 987 975 1506
270 430 104 72 855 88 835 240 870 960 285 338 716 770 1209 553 520 1078 147 325 186 426 98 95 129 474 293 315 244 363 316 99 1471 306 542 1115 550 1509 1832 1812 1894 1175 1948 324 1583 1516 849 1295 1477 625 562 994 1770 1120 1121 252 2161 270 652 735 1355 198 310 1557 1655 582 244 284 298 113 894 815 1987 663 559 1045 365 336 1375 828 1136 666 901 895 386 592 1948 183 1219 315 99 453 258 1592 108 262 232 257 679
275 136 53 44 175 64 228 104 246 222 90 96 174 166 409 147 145 339 83 99 88 107 78 77 73 100 111 94 97 97 117 63 573 103 123 436 125 590 735 1116 705 318 1015 80 664 550 167 386 831 130 125 344 964 361 357 65 1238 73 157 178 499 95 84 590 729 156 72 92 64 79 261 217 1025 144 192 294 147 105 417 243 277 158 254 305 118 168 873 75 340 92 65 110 83 601 66 107 103 78 162
280 108 56 59 72 45 93 53 114 146 58 89 108 106 110 122 74 111 64 74 68 65 67 81 79 69 76 59 68 89 93 52 163 66 102 104 66 136 187 324 194 109 266 66 160 145 130 104 204 72 64 87 261 90 106 51 290 66 88 91 101 58 58 156 175 87 80 77 53 54 105 85 281 79 84 97 132 75 135 74 137 74 89 102 79 89 216 66 138 68 44 56 63 154 63 91 56 56 84
285 80 49 36 80 53 85 49 88 127 77 70 70 90 88 70 85 100 71 59 55 76 54 46 59 63 70 54 68 108 81 57 104 61 72 71 79 82 113 100 131 71 104 51 81 93 86 88 87 76 60 58 88 75 89 49 114 66 75 64 85 68 59 94 96 84 56 63 62 58 74 96 106 73 81 73 131 58 102 60 103 63 85 76 64 85 95 60 122 62 57 56 68 102 55 71 59 49 79
290 88 40 52 69 49 74 57 60 94 56 62 77 95 76 94 79 72 57 65 52 67 69 58 75 65 60 69 76 78 85 44 95 52 64 82 44 65 89 72 94 54 67 61 76 68 98 72 79 66 45 63 93 63 80 48 90 49 60 65 71 62 44 70 83 71 59 46 67 74 62 67 79 56 53 63 123 69 75 65 98 59 74 62 77 82 88 54 84 57 40 68 59 82 53 72 70 42 56
295 93 43 33 67 33 68 45 67 69 64 61 80 70 77 79 72 75 55 40 63 62 56 50 61 66 55 46 67 81 88 57 93 67 72 74 64 58 72 74 93 76 76 52 66 63 81 78 83 53 58 56 83 69 73 45 86 42 73 65 85 55 43 83 70 60 47 64 53 51 70 58 83 52 61 77 91 61 78 62 81 52 72 59 55 73 103 58 83 56 51 52 60 85 37 62 44 50 64
300 58 36 45 75 41 60 40 70 95 51 54 76 80 63 81 57 64 48 54 52 66 52 54 53 56 64 56 62 66 91 42 88 69 50 58 52 63 77 48 88 66 72 57 75 93 82 52 54 59 42 63 79 55 64 37 91 31 58 68 68 56 35 62 73 51 45 57 49 30 63 57 82 59 48 64 86 56 75 66 84 57 63 56 47 68 79 61 84 45 43 65 47 83 50 60 46 55 63
305 75 35 25 64 27 77 44 59 86 53 63 58 85 59 57 52 49 46 37 42 52 32 43 62 63 58 64 52 73 66 39 89 50 54 65 37 45 72 63 89 64 75 42 74 71 80 61 76 55 48 53 50 64 64 38 81 42 52 62 64 40 41 54 63 49 46 45 42 40 61 50 88 54 63 59 71 45 59 62 86 47 56 68 39 62 91 48 78 44 26 42 47 86 44 57 52 47 49
310 49 21 8 45 24 49 37 64 79 46 50 58 62 65 65 60 69 26 45 41 50 28 18 49 42 46 43 34 55 62 30 85 35 49 43 24 53 67 66 65 60 62 38 70 68 48 52 54 42 26 54 54 47 56 33 81 29 53 36 60 29 30 72 59 38 46 40 35 22 53 54 59 48 46 60 60 47 71 48 76 60 47 48 37 40 70 33 83 33 20 38 28 79 16 46 29 39 59
315 51 13 2 48 4 56 15 43 62 25 28 44 54 63 52 31 55 10 40 17 27 12 13 15 35 22 27 23 45 41 12 73 32 53 54 22 42 61 56 65 49 68 9 48 57 47 51 54 29 28 47 56 60 45 12 68 16 31 36 46 9 25 59 52 24 11 16 18 6 39 36 76 34 39 63 33 28 52 46 60 36 36 32 33 43 68 15 71 24 8 19 19 55 8 25 20 16 39
320 22 1 1 43 2 35 11 33 36 12 14 21 36 42 23 19 40 3 14 8 19 3 2 5 21 14 13 10 25 11 5 48 17 25 28 16 40 45 52 61 28 58 4 41 36 17 39 56 13 6 25 44 31 25 6 61 4 24 16 41 3 7 43 50 12 7 6 8 1 27 23 47 20 16 40 8 9 39 18 32 16 24 34 8 18 43 5 38 5 2 11 7 33 1 9 5 2 20
325 10 3 3 16 3 11 4 17 14 4 1 14 9 26 12 6 26 8 4 5 8 1 1 3 4 3 5 3 10 4 0 27 7 12 18 3 21 40 38 30 10 32 3 26 21 7 15 34 2 8 24 30 17 20 1 44 2 4 12 18 4 4 19 26 6 2 1 2 1 8 9 33 2 10 14 3 3 25 8 9 7 2 8 2 7 41 0 17 5 3 3 5 25 1 2 4 2 11
330 3 0 3 3 0 7 1 5 4 4 2 0 8 7 3 4 11 0 3 3 2 1 4 5 2 5 6 1 2 2 2 13 2 5 3 2 8 10 18 10 3 29 2 9 8 5 7 15 4 1 2 13 3 3 1 25 3 2 2 5 2 1 5 13 2 0 4 3 1 7 4 17 0 0 2 5 4 2 4 0 3 3 4 3 3 20 3 10 4 1 2 1 14 1 2 4 4 0
335 1 0 4 3 1 2 4 1 4 2 0 2 3 1 4 1 4 1 1 0 3 3 2 1 1 2 3 4 4 3 0 8 1 2 6 3 5 5 8 2 2 8 2 3 7 4 4 1 0 0 1 6 2 2 1 5 0 2 2 4 1 0 2 7 1 3 0 2 2 3 1 2 1 4 4 8 1 7 5 1 1 4 1 2 2 3 1 8 3 0 2 2 6 2 4 1 0 2
340 3 0 1 3 0 1 0 2 3 2 4 4 2 2 3 4 2 1 4 5 4 2 3 4 1 1 2 3 2 1 3 4 1 4 0 2 2 1 4 1 2 4 1 1 3 4 3 1 1 0 1 2 1 0 0 3 3 2 2 4 4 0 2 1 1 0 1 4 2 2 5 2 1 3 1 1 0 0 2 0 3 2 3 1 2 1 2 1 3 1 2 0 1 2 4 4 5 1
345 3 2 0 3 0 1 1 4 0 3 1 5 3 5 4 0 2 2 1 2 1 0 1 0 4 1 1 2 4 3 2 4 3 2 1 3 1 2 2 3 2 3 5 2 1 0 3 3 0 2 4 2 1 0 1 3 2 3 1 1 2 1 2 0 3 2 2 1 2 2 4 3 0 2 4 3 3 1 0 1 1 6 0 2 2 3 1 1 2 1 1 1 3 0 1 2 3 2
350 0 3 0 3 0 3 3 2 3 1 0 3 0 4 5 2 0 1 1 0 1 3 0 0 2 3 0 1 2 2 3 4 1 1 3 1 2 1 5 3 0 5 2 4 2 2 2 1 1 4 0 2 2 6 1 4 0 4 1 4 4 1 5 2 1 1 0 0 0 5 3 3 1 3 1 1 1 3 2 2 0 4 1 0 2 2 0 5 0 3 0 2 2 1 3 2 1 0
355 2 0 0 5 1 1 1 2 3 3 0 1 3 4 4 1 3 3 1 3 2 0 0 1 1 3 3 1 0 2 3 0 2 2 1 0 2 0 1 1 3 1 1 2 3 4 0 4 0 1 2 2 1 2 0 4 2 2 1 3 0 0 1 3 2 1 1 1 1 3 0 1 2 4 2 0 0 2 0 1 4 3 1 1 0 1 2 4 1 0 2 0 3 0 3 0 2 1
360 5 0 0 2 0 1 0 1 0 1 1 1 2 2 1 4 1 0 0 2 3 0 0 4 2 2 0 4 4 0 0 4 0 1 0 2 3 0 1 4 2 5 0 3 1 0 2 3 2 0 2 4 2 1 0 5 1 2 5 0 1 3 2 2 0 1 2 3 1 3 1 2 2 1 2 2 0 0 3 4 2 1 1 0 1 4 1 1 2 2 1 1 0 1 0 1 1 1
365 2 0 1 2 0 1 1 1 2 3 0 2 2 0 3 1 2 1 0 1 0 0 1 1 1 3 0 1 4 0 0 1 0 1 1 0 5 2 3 3 1 1 0 3 2 2 3 2 0 0 0 2 2 3 0 4 0 1 0 2 0 0 2 1 2 0 0 1 0 1 2 1 2 1 0 1 1 1 2 0 0 2 0 1 0 2 0 3 1 0 1 0 1 0 2 0 0 1
370 1 0 0 0 1 2 2 2 1 0 1 1 3 2 2 0 0 0 1 0 0 0 0 0 2 1 1 0 1 0 0 1 1 0 2 1 0 0 3 0 0 1 0 4 1 0 1 1 0 1 0 3 2 0 0 2 2 1 0 0 0 0 5 1 1 1 0 0 1 3 2 1 0 2 2 1 1 0 0 2 1 1 1 1 0 2 1 1 0 0 1 1 2 0 0 0 0 0
375 1 1 0 0 0 1 0 1 0 0 2 1 1 0 0 1 0 0 2 0 0 0 0 0 1 0 0 1 0 0 0 0 0 0 1 0 0 3 0 1 0 0 0 1 1 0 0 1 0 1 0 0 0 0 0 1 1 1 1 0 0 0 2 5 1 0 1 0 0 0 0 3 0 1 1 0 0 1 1 0 0 1 2 0 0 0 0 1 0 0 1 0 2 0 0 0 0 0
380 0 0 0 0 1 0 0 0 0 0 0 0 0 1 0 0 1 0 0 0 0 0 1 0 0 0 0 0 0 1 1 1 0 0 0 0 0 1 0 0 0 1 1 0 1 0 0 0 0 0 0 1 0 0 0 1 1 0 0 0 0 0 1 2 1 0 0 0 0 0 0 0 0 0 0 0 0 1 0 0 0 0 0 0 0 1 0 0 0 0 0 0 0 2 0 0 0 0
385 0 0 0 0 0 0 0 1 0 0 0 1 0 0 0 2 0 0 0 0 0 0 0 1 0 0 0 0 0 0 0 0 0 1 0 0 0 0 0 0 0 1 1 1 0 0 0 0 0 0 0 0 2 0 0 1 0 1 0 0 0 0 0 0 0 0 0 0 1 0 0 1 0 0 0 0 0 0 0 1 0 0 1 0 0 0 1 1 0 0 0 0 1 0 0 0 0 1
390 0 0 0 0 0 0 1 0 1 1 0 0 1 0 0 0 0 0 0 1 0 1 0 0 0 0 0 1 2 0 1 0 0 0 0 0 0 0 1 0 0 0 0 0 0 0 0 0 0 0 0 0 1 1 0 1 0 0 0 0 0 0 1 0 0 0 0 0 1 0 1 0 0 1 0 0 0 0 2 0 0 0 0 0 0 0 1 1 0 0 0 1 0 0 1 0 0 0
395 0 0 0 0 0 1 0 1 0 0 0 0 1 1 0 0 1 0 1 0 1 1 2 0 0 0 0 0 0 0 0 2 1 1 0 0 1 1 0 0 0 0 0 0 0 2 0 1 0 0 0 0 0 0 1 2 0 0 0 0 0 0 0 0 0 0 0 0 0 2 1 0 0 0 1 0 0 0 0 0 1 0 1 0 0 0 0 0 0 0 1 0 0 0 1 0 0 0
400 0 0 0 0 0 0 0 0 0 0 0 1 0 0 0 0 0 0 0 0 0 0 0 0 0 0 0 0 0 0 0 0 0 0 0 0 0 0 0 1 0 0 0 1 0 1 0 0 0 0 0 0 0 0 1 0 0 0 0 0 0 0 1 0 0 1 0 1 0 0 0 1 0 0 0 0 1 0 2 0 0 0 0 0 0 1 0 0 0 0 0 0 0 0 0 0 0 0
405 0 0 0 0 0 0 0 0 0 0 0 0 0 0 0 0 0 0 0 0 2 0 0 1 0 0 0 0 0 2 1 1 0 0 0 0 0 0 0 1 0 1 0 0 0 0 0 0 0 0 0 0 0 1 3 2 0 0 0 1 0 0 0 0 0 0 0 0 0 0 0 2 0 0 0 0 0 0 1 1 0 0 0 0 0 1 0 0 1 0 0 0 0 2 0 0 0 0
410 0 0 0 0 0 0 0 1 0 0 0 0 2 0 0 1 0 0 0 0 1 0 0 0 0 0 0 0 0 1 0 0 0 0 0 0 0 2 1 0 0 0 0 0 0 0 1 0 1 0 0 1 0 0 0 0 0 0 0 0 0 0 0 1 0 1 0 0 1 1 0 0 0 0 3 0 0 0 1 0 0 0 0 0 0 0 0 0 0 0 0 0 1 0 0 0 0 0
415 1 0 0 0 0 1 0 0 0 0 0 0 0 0 0 0 0 0 0 0 2 0 1 1 0 0 0 0 0 0 0 0 0 0 0 0 0 0 0 0 1 0 0 0 0 0 0 1 0 0 0 0 0 0 0 0 0 1 0 1 0 0 0 0 0 1 0 0 0 0 0 0 0 0 0 1 1 0 0 0 0 0 0 0 0 0 0 1 1 0 0 0 0 0 0 0 1 0
420 0 0 0 0 0 1 0 0 0 1 0 0 0 0 0 0 0 0 0 0 1 0 0 0 0 0 0 0 0 1 0 0 0 0 1 0 0 0 0 1 0 0 1 0 1 0 0 0 0 0 0 1 0 1 0 0 0 0 0 0 0 0 0 0 0 0 0 1 0 0 0 0 0 0 0 0 1 0 1 0 0 0 1 0 0 0 0 0 1 1 0 0 0 0 0 1 1 0
425 0 0 0 0 0 0 0 0 0 0 0 0 0 0 0 0 0 0 0 0 0 0 0 0 0 0 0 0 0 0 0 1 0 0 0 0 0 0 0 0 0 0 0 0 0 0 0 0 0 0 1 1 2 0 1 0 0 0 0 0 0 0 0 0 0 0 0 0 0 1 1 0 0 0 0 0 0 0 0 0 0 0 0 0 0 0 0 0 0 0 0 0 0 0 0 0 0 0
430 1 0 0 0 0 0 0 0 0 0 1 1 0 0 0 0 0 0 0 0 1 1 0 0 0 1 0 0 0 1 1 0 0 0 0 0 0 0 0 0 0 0 0 0 0 0 0 0 0 0 0 1 1 0 0 0 0 0 0 0 0 0 0 0 0 0 0 0 0 0 0 0 0 0 0 0 0 0 0 0 0 0 0 0 0 0 0 0 0 0 0 0 0 0 0 0 0 0
435 0 0 0 0 0 0 0 0 0 0 0 0 0 1 0 0 1 0 0 0 0 0 0 0 0 1 0 0 0 0 0 0 0 0 0 0 0 0 0 1 1 0 0 1 1 0 0 0 0 1 0 0 0 0 0 0 0 0 0 0 0 0 0 0 0 0 0 0 0 0 0 0 0 0 0 0 0 1 1 0 0 0 0 0 0 0 0 0 0 0 0 0 0 1 1 0 0 0
440 0 0 0 0 0 0 0 1 0 0 0 0 0 0 0 0 0 0 0 1 0 0 0 0 0 0 1 0 0 0 0 0 0 0 0 0 0 0 0 0 1 0 0 0 0 1 0 0 0 0 0 0 1 0 0 0 1 0 1 0 0 0 0 0 0 0 0 0 0 0 0 0 0 0 0 0 0 0 0 0 1 0 0 0 0 0 0 0 0 0 0 0 0 0 0 0 0 0
445 0 0 0 0 0 0 0 0 0 0 0 0 0 0 0 0 0 0 0 0 0 0 0 0 0 0 0 0 1 0 0 0 0 1 0 0 0 0 1 0 0 0 0 0 0 0 0 0 0 0 0 0 1 0 0 0 0 0 0 0 0 0 0 0 0 0 0 0 1 1 1 0 0 0 0 0 1 2 1 1 1 1 1 0 0 0 0 0 0 0 0 0 0 0 0 0 0 0
450 0 1 0 1 0 0 1 0 0 0 0 0 0 0 0 0 0 0 0 0 0 0 0 0 0 0 0 0 0 0 1 1 1 1 0 0 0 0 0 0 0 0 0 0 0 0 1 0 0 0 0 0 1 0 0 0 0 0 0 0 0 0 0 0 0 0 0 0 0 0 0 1 0 0 0 2 1 0 0 0 0 0 0 0 0 0 0 0 0 0 0 0 0 0 0 1 0 0
455 1 1 2 2 0 0 0 1 1 1 0 0 0 1 0 0 0 0 0 0 0 0 0 1 0 0 0 3 1 0 0 0 0 1 0 0 0 1 1 0 1 2 0 0 1 0 0 0 0 0 0 0 0 0 1 0 0 0 0 0 1 0 0 0 0 0 0 0 0 0 0 0 1 0 0 0 0 0 0 0 0 0 1 0 0 0 1 0 0 0 0 0 0 0 0 0 0 0
460 0 0 0 0 0 0 0 1 0 0 0 0 0 0 0 0 0 0 0 0 0 1 0 0 0 0 0 0 0 0 0 0 0 0 0 1 0 0 0 0 0 0 0 1 1 0 0 0 0 0 0 0 1 0 0 0 0 0 0 0 0 0 0 0 0 0 0 0 0 0 0 0 0 0 0 1 1 0 0 0 0 1 0 0 0 0 0 0 0 1 0 0 0 0 1 0 0 0
465 0 0 1 0 0 0 1 0 0 0 0 1 0 0 0 0 0 0 0 1 0 0 0 0 0 0 0 0 0 0 0 0 0 0 1 1 0 0 0 0 1 0 0 0 0 1 0 0 0 0 0 1 0 1 0 3 0 0 0 0 0 0 0 0 0 1 1 2 0 0 1 1 0 1 1 0 0 0 0 0 0 0 0 1 1 0 1 0 0 0 1 0 1 0 0 0 0 0
470 1 0 0 0 1 0 0 0 1 0 0 0 0 0 0 0 0 0 0 0 0 0 0 0 1 0 0 0 0 0 0 0 0 0 0 0 0 0 0 0 0 0 0 0 0 0 0 0 0 0 0 0 0 0 0 0 0 0 0 0 0 0 0 0 0 0 0 0 0 0 0 0 0 0 0 0 0 0 0 0 0 0 0 0 0 1 0 0 0 0 0 0 0 1 0 0 0 0
475 0 0 2 0 1 0 0 0 0 0 0 0 1 2 0 1 0 0 0 0 0 0 0 0 0 0 0 0 0 0 0 0 0 0 0 1 0 0 0 0 0 0 0 0 0 0 0 0 0 0 1 0 0 0 0 0 0 0 0 0 0 0 0 0 0 0 0 0 0 0 0 0 0 0 0 0 1 0 0 1 0 0 0 0 0 0 0 0 0 0 0 0 0 0 0 0 0 0
480 0 0 0 0 0 0 1 0 0 0 0 1 0 0 0 0 0 0 0 1 0 0 0 0 0 0 0 0 0 0 0 0 1 0 1 0 0 1 0 1 1 0 0 1 0 0 0 0 0 0 0 1 0 0 1 0 0 0 1 0 0 0 1 0 0 0 0 0 1 0 0 0 0 0 0 0 0 0 0 0 0 0 0 1 0 0 0 0 0 0 0 0 0 0 0 0 0 0
485 0 0 0 0 0 0 0 0 0 0 0 0 0 0 0 0 0 0 0 0 1 0 0 0 0 0 0 0 0 0 0 0 0 0 2 0 0 0 0 0 0 0 0 0 0 0 0 0 0 0 0 0 0 0 0 0 0 0 0 0 0 0 0 0 0 0 0 0 0 1 0 1 0 0 1 0 0 0 0 0 0 0 0 0 1 0 0 0 0 0 0 0 0 0 0 0 0 0
490 0 0 0 0 0 1 0 1 0 0 0 0 1 0 0 0 0 0 0 0 0 0 0 0 0 0 0 0 0 0 0 0 0 0 0 0 1 0 1 0 0 0 0 0 0 0 0 0 0 0 0 0 0 0 1 0 0 2 0 0 0 0 0 0 0 1 1 0 0 0 0 0 0 0 0 0 0 0 0 0 0 0 0 0 1 0 0 0 0 0 0 0 0 0 0 0 0 0
495 0 0 0 0 0 1 0 0 0 0 1 0 0 0 0 0 0 0 0 0 0 0 0 1 0 0 0 0 0 0 0 0 0 0 0 0 0 0 1 0 0 0 0 0 0 1 0 0 0 0 0 0 0 0 0 0 0 0 0 0 0 0 1 0 0 0 0 0 0 0 0 0 0 0 0 0 1 0 0 0 0 0 0 0 0 0 0 0 0 0 0 1 0 0 1 0 0 0
